Time of calculation: 20211220-095320; value of objective: -8430057.002401102;  acc=2500;  ec=0.25;  e_tax=0.15;  cfix=7000;  cvar=17750;  eta=0.01;  mu=0.4;  i=
segment_id,dir,type_ID,POI_ID,traffic_flow,traffic_flow_0,traffic_flow_1,energy_demand,energy_demand_0,energy_demand_1,dist_along_segment,pois_type,pYi_dir,pYi_dir_0,pYi_dir_1,pE_charged,pE_charged_0,pE_charged_1,pE_input,pE_input_0,pE_input_1,pE_output,pE_output_0,pE_output_1,pXi
0.0,2.0,0.0,0.0,26540.636112053,13243.0239038645,13297.6122081885,60657.5700465436,0.0,60657.5700465436,0.0,link,0.0,0.0,0.0,0.0,0.0,0.0,0.0,0.0,0.0,24.263028018617447,0.0,24.263028018617447,0
0.0,2.0,7.0,1.0,26594.7769799282,13269.4415749127,13325.3354050155,28456.34425905232,635.49550854442,27820.8487505079,239.715824101164,ra,1.0,1.0,0.0,49.99999999999999,0.25419820341776805,49.74580179658223,38.61746229637907,0.0,38.61746229637907,0.0,0.0,0.0,1
0.0,1.0,6.0,2.0,25114.4899764858,0.0,25114.4899764858,15564.5840298711,0.0,15564.5840298711,15074.9810236044,ra,0.0,0.0,-0.0,0.0,0.0,0.0,32.39162868443063,0.0,32.39162868443063,38.61746229637907,0.0,38.61746229637907,0
0.0,0.0,5.0,3.0,25141.6151508612,25141.6151508612,0.0,61114.2514175474,61114.2514175474,0.0,15258.386608098,ra,0.0,-0.0,0.0,0.0,0.0,0.0,0.0,0.0,0.0,24.445700567018964,24.445700567018964,0.0,0
0.0,2.0,2.0,4.0,45891.0713847726,24132.5354848012,21758.5358999714,73638.515983494,46323.0128169921,27315.5031665019,24427.462160298,ra,1.0,0.0,1.0,35.22037346657507,0.0,35.22037346657507,81.1315014514239,24.445700567018964,56.68580088440494,75.36653437824643,42.974905693815806,32.39162868443063,1
0.0,0.0,0.0,5.0,21104.2634691175,21104.2634691175,0.0,40859.7699453428,40859.7699453428,0.0,33429.3595873882,ra,0.0,-0.0,0.0,0.0,0.0,0.0,42.974905693815806,42.974905693815806,0.0,59.318813671952924,59.318813671952924,0.0,0
0.0,1.0,1.0,6.0,14423.8235603641,0.0,14423.8235603641,70917.9365170326,0.0,70917.9365170326,33802.1690359586,ra,0.0,0.0,0.0,0.0,0.0,0.0,28.3186262775919,0.0,28.3186262775919,56.68580088440494,0.0,56.68580088440494,0
0.0,0.0,3.0,7.0,13268.990914294,13268.990914294,0.0,43795.1979929416,43795.1979929416,0.0,46647.5352997916,ra,0.0,-0.0,0.0,0.0,0.0,0.0,59.318813671952924,59.318813671952924,0.0,76.83689257975072,76.83689257975072,0.0,0
0.0,1.0,4.0,8.0,13561.1425356073,0.0,13561.1425356073,3390.58285704174,0.0,3390.58285704174,46771.544645065,ra,0.0,0.0,-0.0,0.0,0.0,0.0,26.962393134775205,0.0,26.962393134775205,28.3186262775919,0.0,28.3186262775919,0
0.0,1.0,8.0,9.0,12294.3580875554,0.0,12294.3580875554,14272.1885319231,0.0,14272.1885319231,55124.5569541094,ra,0.0,0.0,-0.0,0.0,0.0,0.0,21.253517722005963,0.0,21.253517722005963,26.962393134775205,0.0,26.962393134775205,0
0.0,1.0,9.0,10.0,8886.15477288434,0.0,8886.15477288434,27047.5291294031,0.0,27047.5291294031,64455.5697412472,ra,0.0,0.0,-0.0,0.0,0.0,0.0,10.43450635962356,0.0,10.43450635962356,21.253517722005963,0.0,21.253517722005963,0
0.0,0.0,10.0,11.0,8766.58015528797,8766.58015528797,0.0,43004.2931513167,43004.2931513167,0.0,64479.8050962007,ra,2.0,2.0,0.0,94.03860955089856,94.03860955089856,0.0,76.83689257975072,76.83689257975072,0.0,0.0,0.0,0.0,1
0.0,1.0,11.0,12.0,5594.60627343411,0.0,5594.60627343411,26086.2651756118,0.0,26086.2651756118,68504.6013106114,ra,0.0,0.0,-0.0,0.0,0.0,0.0,2.893788391133967e-07,0.0,2.893788391133967e-07,10.43450635962356,0.0,10.43450635962356,0
0.0,0.0,12.0,13.0,4553.08388931748,4553.08388931748,0.0,16089.3958499465,16089.3958499465,0.0,79329.1374904099,ra,0.0,-0.0,0.0,0.0,0.0,0.0,0.0,0.0,0.0,6.435758050599764,6.435758050599764,0.0,0
0.0,2.0,13.0,14.0,7895.539602766939,4645.32330643337,3250.21629633357,26378.19060066929,20773.2358162279,5604.95478444139,104473.71241617,ra,1.0,0.0,1.0,49.819331012973365,14.745052087712086,35.07427892526128,39.26805564084217,6.435758050599764,32.832297590242405,5.787576782267934e-07,2.893788391133967e-07,2.893788391133967e-07,1
0.0,1.0,14.0,15.0,9099.18315895303,0.0,9099.18315895303,21051.509335061,0.0,21051.509335061,126194.353864499,ra,0.0,0.0,-0.0,0.0,0.0,0.0,24.411694434975686,0.0,24.411694434975686,32.832297590242405,0.0,32.832297590242405,0
0.0,2.0,15.0,16.0,19815.36822147166,9562.72950758806,10252.6387138836,63216.182923695196,41539.1007178494,21677.0822058458,133409.21035476,ra,0.0,0.0,-0.0,0.0,0.0,0.0,15.740862131395051,2.893788391133967e-07,15.740861842016212,41.02733472211545,16.61564028713976,24.411694434975686,0
0.0,1.0,16.0,17.0,10262.4933483887,0.0,10262.4933483887,39352.1538815934,0.0,39352.1538815934,135061.705646886,ra,0.0,0.0,-0.0,0.0,0.0,0.0,2.927121831586277e-07,0.0,2.927121831586277e-07,15.740861842016212,0.0,15.740861842016212,0
0.0,0.0,17.0,18.0,9337.28228712366,9337.28228712366,0.0,3755.83362001816,3755.83362001816,0.0,135400.125089297,ra,0.0,-0.0,0.0,0.0,0.0,0.0,16.61564028713976,16.61564028713976,0.0,18.11797344576818,18.11797344576818,0.0,0
0.0,0.0,18.0,19.0,10716.8663243198,10716.8663243198,0.0,29722.6525482398,29722.6525482398,0.0,150383.983031074,ra,0.0,-0.0,0.0,0.0,0.0,0.0,18.11797344576818,18.11797344576818,0.0,30.007034175685263,30.007034175685263,0.0,0
0.0,1.0,19.0,20.0,16313.2106970416,0.0,16313.2106970416,29955.5905739685,0.0,29955.5905739685,165563.400922083,ra,1.0,0.0,1.0,49.999999996666666,0.0,49.999999996666666,38.017764059791446,0.0,38.017764059791446,2.927121831586277e-07,0.0,2.927121831586277e-07,1
0.0,0.0,20.0,21.0,15912.8996761482,15912.8996761482,0.0,38414.7758994518,38414.7758994518,0.0,165570.707353275,ra,0.0,-0.0,0.0,0.0,0.0,0.0,30.007034175685263,30.007034175685263,0.0,45.37294453546598,45.37294453546598,0.0,0
0.0,2.0,21.0,22.0,38420.413170467305,19234.6634945469,19185.7496759204,73748.9776309411,27248.6286224276,46500.3490085135,173065.413799776,ra,2.0,2.0,0.0,99.99999876270581,48.82793732227794,51.17206144042787,115.9626304322799,45.37294453546598,70.58968589681392,45.462222433119045,7.4444583733276,38.017764059791446,1
0.0,1.0,22.0,23.0,21229.4573799075,0.0,21229.4573799075,60192.24943524,0.0,60192.24943524,176940.22069629,ra,0.0,0.0,-0.0,0.0,0.0,0.0,46.51278611967055,0.0,46.51278611967055,70.58968589681392,0.0,70.58968589681392,0
0.0,1.0,23.0,24.0,26278.9329143679,0.0,26278.9329143679,638.143813778497,0.0,638.143813778497,182868.692917964,ra,0.0,0.0,-0.0,0.0,0.0,0.0,46.25752833302903,0.0,46.25752833302903,46.51278611967055,0.0,46.51278611967055,0
0.0,0.0,24.0,25.0,28249.0185087145,28249.0185087145,0.0,74447.880017493,74447.880017493,0.0,188487.641131617,ra,0.0,-0.0,0.0,0.0,0.0,0.0,7.4444583733276,7.4444583733276,0.0,37.22361113873144,37.22361113873144,0.0,0
0.0,2.0,0.0,26.0,50605.7308716768,25638.9023938735,24966.8284778033,29755.4203585491,29755.4203585491,0.0,194059.964946131,link,0.0,0.0,0.0,0.0,0.0,0.0,83.48113947176047,37.22361113873144,46.25752833302903,95.38330761518012,49.125779282151086,46.25752833302903,0
1.0,2.0,0.0,27.0,41635.2696746832,21021.6267553003,20613.6429193829,795.523730019109,0.0,795.523730019109,0.0,link,0.0,0.0,0.0,0.0,0.0,0.0,57.68580011282383,57.68579914278352,9.700403072874066e-07,58.004009604831474,57.68579914278352,0.318210462047951,0
1.0,0.0,26.0,28.0,20821.0305816615,20821.0305816615,0.0,26087.181633621,26087.181633621,0.0,6216.47578134488,ra,0.0,-0.0,0.0,0.0,0.0,0.0,57.68579914278352,57.68579914278352,0.0,68.12067150248842,68.12067150248842,0.0,0
1.0,2.0,25.0,29.0,39859.9435983602,20128.7100274165,19731.2335709437,19439.182376750672,8227.15979420447,11212.0225825462,8218.21591932416,ra,1.0,0.0,1.0,43.52944671152063,19.144355758735458,24.38509095278517,88.02095439229542,68.12067150248842,19.900282889807,52.26718063147506,52.26717966143475,9.700403072874066e-07,1
1.0,1.0,27.0,30.0,15080.1720482802,0.0,15080.1720482802,3332.35606478557,0.0,3332.35606478557,14028.2328867426,ra,0.0,0.0,-0.0,0.0,0.0,0.0,18.56734046389277,0.0,18.56734046389277,19.900282889807,0.0,19.900282889807,0
1.0,0.0,28.0,31.0,15021.9786197919,15021.9786197919,0.0,28536.8531280977,28536.8531280977,0.0,16747.0640478161,ra,0.0,-0.0,0.0,0.0,0.0,0.0,52.26717966143475,52.26717966143475,0.0,63.68192091267383,63.68192091267383,0.0,0
1.0,2.0,29.0,32.0,29629.2702066633,14994.1517039878,14635.1185026755,494.222241173728,494.222241173728,0.0,16911.7407621753,ra,0.0,-0.0,0.0,0.0,0.0,0.0,82.24926137656661,63.68192091267383,18.56734046389277,82.4469502730361,63.87960980914333,18.56734046389277,0
1.0,1.0,32.0,33.0,11591.4382904028,0.0,11591.4382904028,9333.62015084538,0.0,9333.62015084538,22379.5420754944,ra,0.0,0.0,-0.0,0.0,0.0,0.0,14.833892403554618,0.0,14.833892403554618,18.56734046389277,0.0,18.56734046389277,0
1.0,0.0,31.0,34.0,12155.2376344337,12155.2376344337,0.0,15349.9906071111,15349.9906071111,0.0,22507.4968336771,ra,0.0,-0.0,0.0,0.0,0.0,0.0,63.87960980914333,63.87960980914333,0.0,70.01960576260876,70.01960576260876,0.0,0
1.0,1.0,33.0,35.0,11308.2144668397,0.0,11308.2144668397,2721.62194213134,0.0,2721.62194213134,23570.4687905334,ra,0.0,0.0,-0.0,0.0,0.0,0.0,13.745243626702083,0.0,13.745243626702083,14.833892403554618,0.0,14.833892403554618,0
1.0,2.0,36.0,36.0,23126.816645439998,11846.3351177034,11280.4815277366,26906.4332634277,12385.1998760562,14521.2333873715,27721.2649615329,ra,0.0,-0.0,0.0,0.0,0.0,0.0,77.95635603436224,70.01960576260876,7.936750271753481,88.71892933973332,74.97368571303124,13.745243626702083,0
1.0,1.0,35.0,37.0,11337.2619320883,0.0,11337.2619320883,19841.8756793837,0.0,19841.8756793837,29194.6309655969,ra,0.0,0.0,-0.0,0.0,0.0,0.0,0.0,0.0,0.0,7.936750271753481,0.0,7.936750271753481,0
1.0,0.0,34.0,38.0,11885.5265358471,11885.5265358471,0.0,4170.09621995463,4170.09621995463,0.0,29478.4736802298,ra,0.0,-0.0,0.0,0.0,0.0,0.0,74.97368571303124,74.97368571303124,0.0,76.64172420101309,76.64172420101309,0.0,0
1.0,0.0,38.0,39.0,11947.1636186313,11947.1636186313,0.0,7352.58765796217,7352.58765796217,0.0,32563.1836153915,ra,0.0,-0.0,0.0,0.0,0.0,0.0,76.64172420101309,76.64172420101309,0.0,79.58275926419796,79.58275926419796,0.0,0
1.0,0.0,39.0,40.0,11960.1701828351,11960.1701828351,0.0,1956.83597729699,1956.83597729699,0.0,33381.7233696118,ra,0.0,-0.0,0.0,0.0,0.0,0.0,79.58275926419796,79.58275926419796,0.0,80.36549365511675,80.36549365511675,0.0,0
1.0,2.0,40.0,41.0,23460.935326572,11970.3853891252,11490.5499374468,35373.36563433738,1726.60343297688,33646.7622013605,34103.2604930604,ra,2.0,0.0,2.0,94.51483990885173,81.05613502830752,13.458704880544202,80.36549365511675,80.36549365511675,0.0,0.0,0.0,0.0,1
1.0,2.0,0.0,42.0,23472.9532848191,11974.8809399587,11498.0723448604,828.627407616686,828.627407616686,0.0,34449.3464575004,link,0.0,0.0,0.0,0.0,0.0,0.0,0.0,0.0,0.0,0.33145096304667443,0.33145096304667443,0.0,0
2.0,2.0,0.0,43.0,68929.1689525749,33758.8137930879,35170.355159487,40746.089818559,0.0,40746.089818559,0.0,link,0.0,0.0,0.0,0.0,0.0,0.0,99.11493421853842,30.45701620717424,68.65791801136417,115.413370145962,30.45701620717424,84.95635393878777,0
2.0,1.0,30.0,44.0,34398.2821383792,0.0,34398.2821383792,3.55988506767655,0.0,3.55988506767655,2598.41164546074,ra,0.0,0.0,-0.0,0.0,0.0,0.0,68.65649434671593,0.0,68.65649434671593,68.65791801136417,0.0,68.65791801136417,0
2.0,1.0,41.0,45.0,29624.9675092291,0.0,29624.9675092291,82561.3859430212,0.0,82561.3859430212,8569.0534366321,ra,0.0,0.0,-0.0,0.0,0.0,0.0,35.63193996950745,0.0,35.63193996950745,68.65649434671593,0.0,68.65649434671593,0
2.0,0.0,42.0,46.0,27489.4442716519,27489.4442716519,0.0,66162.031604804,66162.031604804,0.0,10626.1428841809,ra,1.0,1.0,0.0,7.610401601837655,7.610401601837655,0.0,30.45701620717424,30.45701620717424,0.0,49.311426219413775,49.311426219413775,0.0,1
2.0,0.0,43.0,47.0,24285.974119979,24285.974119979,0.0,46432.767384281,46432.767384281,0.0,19826.0309188716,ra,0.0,-0.0,0.0,0.0,0.0,0.0,49.311426219413775,49.311426219413775,0.0,67.88453317062617,67.88453317062617,0.0,0
2.0,1.0,44.0,48.0,24186.0911430872,0.0,24186.0911430872,89079.8499237686,0.0,89079.8499237686,19924.5544753991,ra,0.0,0.0,-0.0,0.0,0.0,0.0,0.0,0.0,0.0,35.63193996950745,0.0,35.63193996950745,0
2.0,0.0,45.0,49.0,24395.8043620461,24395.8043620461,0.0,22158.9923415834,22158.9923415834,0.0,24376.283905319,ra,0.0,-0.0,0.0,0.0,0.0,0.0,67.88453317062617,67.88453317062617,0.0,76.74813010725953,76.74813010725953,0.0,0
2.0,0.0,46.0,50.0,18382.7449604955,18382.7449604955,0.0,63871.9166171924,63871.9166171924,0.0,38424.0480859037,ra,2.0,2.0,0.0,100.0,100.0,0.0,76.74813010725953,76.74813010725953,0.0,2.2968964647576477,2.2968964647576477,0.0,1
2.0,1.0,47.0,51.0,18491.6133654888,0.0,18491.6133654888,59037.0560011841,0.0,59037.0560011841,38987.6806255175,ra,1.0,0.0,1.0,46.24150919671612,0.0,46.24150919671612,22.626686796242485,0.0,22.626686796242485,0.0,0.0,0.0,1
2.0,2.0,48.0,52.0,37060.499514109295,18323.8494067353,18736.650107374,121716.6178437865,83259.8366329336,38456.7812108529,60686.5331745626,ra,0.0,0.0,-0.0,0.0,0.0,0.0,9.540870776658968,2.2968964647576477,7.2439743119013205,58.227517914173575,35.600831117931094,22.626686796242485,0
2.0,2.0,49.0,53.0,37058.9029265594,18323.1127403572,18735.7901862022,18113.417243932698,3.48146417939821,18109.9357797533,60687.5223097686,ra,0.0,0.0,-0.0,0.0,0.0,0.0,35.600831117931094,35.600831117931094,0.0,42.846198594261914,35.602224282360595,7.2439743119013205,0
2.0,0.0,50.0,54.0,13085.2370869384,13085.2370869384,0.0,35994.4407409927,35994.4407409927,0.0,72690.0783180644,ra,1.0,1.0,0.0,50.0,50.0,0.0,35.602224282360595,35.602224282360595,0.0,5.787576742567343e-07,5.787576742567343e-07,0.0,1
2.0,2.0,0.0,55.0,23931.6001633626,12393.9415716933,11537.6585916693,5343.07750058974,5343.07750058974,0.0,74788.4585560346,link,0.0,0.0,0.0,0.0,0.0,0.0,5.787576742567343e-07,5.787576742567343e-07,0.0,2.137231000235896,2.137231000235896,0.0,0
3.0,2.0,0.0,56.0,27844.0,14880.0,12964.0,5532.77592,0.0,5532.77592,0.0,link,0.0,0.0,0.0,0.0,0.0,0.0,0.0,0.0,0.0,2.213110368,0.0,2.213110368,0
3.0,0.0,51.0,57.0,14880.0,14880.0,0.0,866.3136,866.3136,0.0,291.139117483826,ra,0.0,-0.0,0.0,0.0,0.0,0.0,0.0,0.0,0.0,0.34652544,0.34652544,0.0,0
3.0,1.0,52.0,58.0,12964.0,0.0,12964.0,1015.7294,0.0,1015.7294,391.789662717657,ra,1.0,0.0,1.0,33.24006608043018,0.0,33.24006608043018,32.83377432043018,0.0,32.83377432043018,0.0,0.0,0.0,1
3.0,2.0,1.0,59.0,27844.0,14880.0,12964.0,6650.0208,6650.0208,0.0,2525.71464164925,link,0.0,0.0,0.0,0.0,0.0,0.0,33.18029976043018,0.34652544,32.83377432043018,35.840308080430184,3.0065337600000004,32.83377432043018,0
4.0,2.0,1.0,60.0,59761.3086274698,30037.3419745759,29723.9666528939,50829.6084600017,0.0,50829.6084600017,0.0,link,0.0,0.0,0.0,0.0,0.0,0.0,75.55800824223803,44.66328763978771,30.894720602450327,95.88985162623872,44.66328763978771,51.22656398645101,0
4.0,0.0,53.0,61.0,29524.4907904278,29524.4907904278,0.0,17707.597633633,17707.597633633,0.0,2968.02033395423,ra,0.0,-0.0,0.0,0.0,0.0,0.0,44.66328763978771,44.66328763978771,0.0,51.74632669324092,51.74632669324092,0.0,0
4.0,1.0,54.0,62.0,29216.1627876462,0.0,29216.1627876462,18822.6156177956,0.0,18822.6156177956,3095.56953512974,ra,0.0,0.0,-0.0,0.0,0.0,0.0,23.365674355332086,0.0,23.365674355332086,30.894720602450327,0.0,30.894720602450327,0
4.0,1.0,57.0,63.0,24041.5281035447,0.0,24041.5281035447,22413.6751787421,0.0,22413.6751787421,16237.2713752631,ra,0.0,0.0,-0.0,0.0,0.0,0.0,14.400204283835244,0.0,14.400204283835244,23.365674355332086,0.0,23.365674355332086,0
4.0,1.0,59.0,64.0,19741.1962074672,0.0,19741.1962074672,36000.5107095881,0.0,36000.5107095881,27421.918402147,ra,0.0,0.0,-0.0,0.0,0.0,0.0,0.0,0.0,0.0,14.400204283835244,0.0,14.400204283835244,0
4.0,0.0,58.0,65.0,20188.7740020659,20188.7740020659,0.0,120560.520741499,120560.520741499,0.0,27456.2755376563,ra,0.0,-0.0,0.0,0.0,0.0,0.0,51.74632669324092,51.74632669324092,0.0,99.97053498984053,99.97053498984053,0.0,0
4.0,0.0,61.0,66.0,19286.3795027776,19286.3795027776,0.0,45441.1289244508,45441.1289244508,0.0,39015.4670187568,ra,2.0,2.0,0.0,100.0,100.0,0.0,99.97053498984053,99.97053498984053,0.0,18.14698655962085,18.14698655962085,0.0,1
4.0,0.0,63.0,67.0,16518.9379021764,16518.9379021764,0.0,23385.4454675469,23385.4454675469,0.0,45463.2697509544,ra,0.0,-0.0,0.0,0.0,0.0,0.0,18.14698655962085,18.14698655962085,0.0,27.50116474663961,27.50116474663961,0.0,0
4.0,0.0,65.0,68.0,16228.0496170924,16228.0496170924,0.0,10569.3550505184,10569.3550505184,0.0,48702.0526758811,ra,0.0,-0.0,0.0,0.0,0.0,0.0,27.50116474663961,27.50116474663961,0.0,31.72890676684697,31.72890676684697,0.0,0
4.0,1.0,66.0,69.0,15802.2977140373,0.0,15802.2977140373,39122.0341426643,0.0,39122.0341426643,48702.5157234626,ra,1.0,0.0,1.0,49.424170398966886,0.0,49.424170398966886,33.77535674190116,0.0,33.77535674190116,0.0,0.0,0.0,1
4.0,2.0,69.0,70.0,24242.04672144007,16011.0814154375,8230.96530600257,44437.0068670179,29799.8672497866,14637.1396172313,57952.4364496481,ra,0.0,0.0,-0.0,0.0,0.0,0.0,59.64940766185561,31.72890676684697,27.920500895008644,77.42421040866277,43.64885366676161,33.77535674190116,0
4.0,2.0,68.0,71.0,24222.43641462717,16010.6884723873,8211.74794223987,27306.495193443596,73.9702918817957,27232.5249015618,57975.5602403068,ra,1.0,0.0,1.0,42.03924942523677,27.501164746639606,14.538084678597162,75.21442927974269,43.64885366676161,31.565575612981082,44.097777931883364,16.17727703687472,27.920500895008644,1
4.0,0.0,71.0,72.0,11073.069476657,11073.069476657,0.0,33279.593586609,33279.593586609,0.0,69989.226327393,ra,0.0,-0.0,0.0,0.0,0.0,0.0,16.17727703687472,16.17727703687472,0.0,29.48911447151832,29.48911447151832,0.0,0
4.0,2.0,75.0,73.0,21337.9057816767,10925.6060783794,10412.2997032973,61216.8350929752,18648.1077570154,42568.7273359598,78476.4553474238,ra,0.0,-0.0,0.0,0.0,0.0,0.0,44.02719915011548,29.48911447151832,14.538084678597162,68.51393318730557,36.94835757432448,31.565575612981082,0
4.0,0.0,83.0,74.0,10876.9999980846,10876.9999980846,0.0,39533.2148793308,39533.2148793308,0.0,96645.2667353262,ra,1.0,1.0,0.0,29.48911447151832,29.48911447151832,0.0,36.94835757432448,36.94835757432448,0.0,23.272529054538484,23.272529054538484,0.0,1
4.0,1.0,86.0,75.0,10239.998724531,0.0,10239.998724531,36345.2116964929,0.0,36345.2116964929,99246.7072366671,ra,0.0,0.0,-0.0,0.0,0.0,0.0,0.0,0.0,0.0,14.538084678597162,0.0,14.538084678597162,0
4.0,0.0,89.0,76.0,6878.00128124901,6878.00128124901,0.0,26286.1169203949,26286.1169203949,0.0,111094.712718466,ra,0.0,-0.0,0.0,0.0,0.0,0.0,23.272529054538484,23.272529054538484,0.0,33.78697582269645,33.78697582269645,0.0,0
4.0,1.0,91.0,77.0,7728.04230551103,0.0,7728.04230551103,37.9826999939869,0.0,37.9826999939869,115106.777258397,ra,1.0,0.0,1.0,0.015193079997594762,0.0,0.015193079997594762,0.0,0.0,0.0,0.0,0.0,0.0,1
4.0,2.0,87.0,78.0,15349.44862342799,7293.1561007636,8056.29252266439,42025.7933217471,18572.7083656691,23453.084956078,124531.184689634,ra,3.0,3.0,0.0,135.80120667188314,41.21605916896409,94.58514750291904,118.99088934318429,33.78697582269645,85.20391352048784,0.0,0.0,0.0,1
4.0,1.0,81.0,79.0,14238.2637348706,0.0,14238.2637348706,76867.1864265725,0.0,76867.1864265725,140362.585588507,ra,0.0,0.0,-0.0,0.0,0.0,0.0,54.45703894985884,0.0,54.45703894985884,85.20391352048784,0.0,85.20391352048784,0
4.0,0.0,82.0,80.0,14417.6543875466,14417.6543875466,0.0,41346.2144335057,41346.2144335057,0.0,140910.113849637,ra,0.0,-0.0,0.0,0.0,0.0,0.0,0.0,0.0,0.0,16.538485773402282,16.538485773402282,0.0,0
4.0,1.0,88.0,81.0,14501.5105253433,0.0,14501.5105253433,48412.0261937441,0.0,48412.0261937441,152869.110813305,ra,0.0,0.0,-0.0,0.0,0.0,0.0,35.0922284723612,0.0,35.0922284723612,54.45703894985884,0.0,54.45703894985884,0
4.0,2.0,95.0,82.0,29499.9997821141,14928.9998128104,14570.9999693037,127094.9718739537,57641.2723543603,69453.6995195934,160563.715389321,ra,1.0,1.0,0.0,50.0,21.92840179412857,28.071598205871435,51.92083264379757,16.538485773402282,35.38234687039528,52.75882139337904,17.666592921017834,35.0922284723612,1
4.0,2.0,99.0,83.0,29501.2496709625,14929.6109247903,14571.6387461722,37561.94061501,19285.0689537004,18276.8716613096,167022.616706975,ra,0.0,0.0,-0.0,0.0,0.0,0.0,45.73819112688928,17.666592921017834,28.07159820587144,60.76296737289328,25.380620502497997,35.38234687039528,0
4.0,2.0,2.0,84.0,37135.979248738106,18661.9898553614,18473.9893933767,51602.3314462275,51602.3314462275,0.0,182066.45484822,link,0.0,0.0,0.0,0.0,0.0,0.0,53.45221870836943,25.380620502497997,28.071598205871435,74.09315128686043,46.021553080989,28.07159820587144,0
5.0,2.0,1.0,85.0,68793.7826224039,33913.4453688065,34880.3372535974,76876.4418514988,0.0,76876.4418514988,0.0,link,0.0,0.0,0.0,0.0,0.0,0.0,69.82177199771897,38.6541922622758,31.167579735443162,100.57234873831848,38.6541922622758,61.91815647604269,0
5.0,1.0,55.0,86.0,36003.5240013336,0.0,36003.5240013336,77918.9493386079,0.0,77918.9493386079,10624.4240384357,ra,0.0,0.0,-0.0,0.0,0.0,0.0,0.0,0.0,0.0,31.167579735443162,0.0,31.167579735443162,0
5.0,0.0,56.0,87.0,32653.8009159093,32653.8009159093,0.0,83562.8354220787,83562.8354220787,0.0,12028.5386871855,ra,1.0,1.0,0.0,16.903875936937652,16.903875936937652,0.0,38.6541922622758,38.6541922622758,0.0,55.175450494169624,55.175450494169624,0.0,1
5.0,0.0,60.0,88.0,22401.2012920446,22401.2012920446,0.0,48119.0812404023,48119.0812404023,0.0,20923.6739875284,ra,0.0,-0.0,0.0,0.0,0.0,0.0,55.175450494169624,55.175450494169624,0.0,74.42308299033054,74.42308299033054,0.0,0
5.0,1.0,62.0,89.0,21130.6204282264,0.0,21130.6204282264,42151.5445832777,0.0,42151.5445832777,23654.3930083756,ra,1.0,0.0,1.0,26.250881352249763,0.0,26.250881352249763,9.39026351893868,0.0,9.39026351893868,0.0,0.0,0.0,1
5.0,0.0,64.0,90.0,18512.6007291472,18512.6007291472,0.0,28054.9447055714,28054.9447055714,0.0,27817.9533374315,ra,0.0,-0.0,0.0,0.0,0.0,0.0,74.42308299033054,74.42308299033054,0.0,85.64506087255911,85.64506087255911,0.0,0
5.0,1.0,67.0,91.0,18904.5964821672,0.0,18904.5964821672,23475.6587973467,0.0,23475.6587973467,29511.2591332548,ra,0.0,0.0,-0.0,0.0,0.0,0.0,0.0,0.0,0.0,9.39026351893868,0.0,9.39026351893868,0
5.0,2.0,70.0,92.0,33127.6679782642,16315.8916479239,16811.7763303403,66757.5650953589,41242.3209351489,25515.24416021,39273.393575652,ra,4.0,0.0,4.0,164.7553415175857,102.14198924661868,62.61335227096701,138.05231547944211,85.64506087255911,52.40725460688301,0.0,0.0,0.0,1
5.0,1.0,76.0,93.0,15728.3542233459,0.0,15728.3542233459,36313.3579729706,0.0,36313.3579729706,47330.3638647794,ra,0.0,0.0,-0.0,0.0,0.0,0.0,37.881911417694766,0.0,37.881911417694766,52.40725460688301,0.0,52.40725460688301,0
5.0,1.0,79.0,94.0,16446.3696921172,0.0,16446.3696921172,23071.3224968471,0.0,23071.3224968471,54724.0345686887,ra,0.0,0.0,-0.0,0.0,0.0,0.0,28.65338241895592,0.0,28.65338241895592,37.881911417694766,0.0,37.881911417694766,0
5.0,0.0,80.0,95.0,16181.0369578104,16181.0369578104,0.0,48054.2387950906,48054.2387950906,0.0,54808.4650706048,ra,0.0,-0.0,0.0,0.0,0.0,0.0,0.0,0.0,0.0,19.221695518036242,19.221695518036242,0.0,0
5.0,1.0,93.0,96.0,15425.0541977474,0.0,15425.0541977474,71633.4560473898,0.0,71633.4560473898,67696.5829264334,ra,0.0,0.0,-0.0,0.0,0.0,0.0,0.0,0.0,0.0,28.65338241895592,0.0,28.65338241895592,0
5.0,0.0,94.0,97.0,16743.9409701348,16743.9409701348,0.0,43770.4753223488,43770.4753223488,0.0,67916.7177403682,ra,0.0,-0.0,0.0,0.0,0.0,0.0,19.221695518036242,19.221695518036242,0.0,36.72988564697576,36.72988564697576,0.0,0
5.0,1.0,101.0,98.0,23926.8657512302,0.0,23926.8657512302,77300.6416447773,0.0,77300.6416447773,86150.6446371155,ra,1.0,0.0,1.0,42.97670682195317,0.0,42.97670682195317,12.056450160708904,0.0,12.056450160708904,0.0,0.0,0.0,1
5.0,0.0,102.0,99.0,23976.5917239922,23976.5917239922,0.0,77264.20880385,77264.20880385,0.0,86198.2118888899,ra,1.0,1.0,0.0,50.0,50.0,0.0,36.72988564697576,36.72988564697576,0.0,17.635569168515772,17.635569168515772,0.0,1
5.0,2.0,4.0,100.0,48295.9987384735,24204.9992554563,24090.9994830172,76993.1805753457,76993.1805753457,0.0,102115.051061861,link,0.0,0.0,0.0,0.0,0.0,0.0,29.692019329224678,17.635569168515772,12.056450160708904,60.48929155936297,48.43284139865406,12.056450160708904,0
6.0,2.0,0.0,101.0,17593.52882743976,9370.08985369332,8223.43897374644,12953.2423996405,0.0,12953.2423996405,0.0,link,0.0,0.0,0.0,0.0,0.0,0.0,0.0,0.0,0.0,5.1812969598562,0.0,5.1812969598562,0
6.0,0.0,74.0,102.0,9440.70012643683,9440.70012643683,0.0,2312.55832321132,2312.55832321132,0.0,1229.56192943354,ra,0.0,-0.0,0.0,0.0,0.0,0.0,0.0,0.0,0.0,0.925023329284528,0.925023329284528,0.0,0
6.0,1.0,73.0,103.0,8534.074407472,0.0,8534.074407472,24039.8744350828,0.0,24039.8744350828,3961.10953120221,ra,1.0,0.0,1.0,19.48055756719385,0.0,19.48055756719385,9.864607793160728,0.0,9.864607793160728,0.0,0.0,0.0,1
6.0,0.0,72.0,104.0,9685.7540713875,9685.7540713875,0.0,6056.44894270489,6056.44894270489,0.0,4398.31801694572,ra,0.0,-0.0,0.0,0.0,0.0,0.0,0.925023329284528,0.925023329284528,0.0,3.3476029063664843,3.3476029063664843,0.0,0
6.0,1.0,78.0,105.0,13533.1360897293,0.0,13533.1360897293,28618.48831192,0.0,28618.48831192,19100.037855584,ra,1.0,0.0,1.0,50.0,0.0,50.0,48.41721246839273,0.0,48.41721246839273,9.864607793160728,0.0,9.864607793160728,1
6.0,0.0,77.0,106.0,14150.2103751211,14150.2103751211,0.0,36073.4762370388,36073.4762370388,0.0,19123.3135023805,ra,0.0,-0.0,0.0,0.0,0.0,0.0,3.3476029063664843,3.3476029063664843,0.0,17.776993401182004,17.776993401182004,0.0,0
6.0,0.0,84.0,107.0,14015.5507215474,14015.5507215474,0.0,20523.6910565088,20523.6910565088,0.0,26419.7471579885,ra,0.0,-0.0,0.0,0.0,0.0,0.0,17.776993401182004,17.776993401182004,0.0,25.986469823785527,25.986469823785527,0.0,0
6.0,1.0,85.0,108.0,13577.8216299661,0.0,13577.8216299661,29374.4573384153,0.0,29374.4573384153,26439.3379118163,ra,0.0,0.0,-0.0,0.0,0.0,0.0,36.667429533026606,0.0,36.667429533026606,48.41721246839273,0.0,48.41721246839273,0
6.0,0.0,90.0,109.0,14458.3667880935,14458.3667880935,0.0,14488.6025679174,14488.6025679174,0.0,31550.905729363,ra,1.0,1.0,0.0,31.781910850952485,31.781910850952485,0.0,25.986469823785527,25.986469823785527,0.0,0.0,0.0,0.0,1
6.0,1.0,92.0,110.0,14091.1965122171,0.0,14091.1965122171,16065.7534271718,0.0,16065.7534271718,32304.5420789757,ra,0.0,0.0,-0.0,0.0,0.0,0.0,30.241128162157885,0.0,30.241128162157885,36.667429533026606,0.0,36.667429533026606,0
6.0,2.0,98.0,111.0,30972.8842403762,15986.2762154003,14986.6080249759,53330.90054941049,33425.7512662432,19905.1492831673,42213.9465999939,ra,0.0,-0.0,0.0,0.0,0.0,0.0,22.279068448890968,0.0,22.279068448890968,43.611428668655165,13.37030050649728,30.241128162157885,0
6.0,1.0,104.0,112.0,17237.3205627434,0.0,17237.3205627434,34298.2284088288,0.0,34298.2284088288,51171.1374208719,ra,0.0,0.0,-0.0,0.0,0.0,0.0,8.559777085359444,0.0,8.559777085359444,22.279068448890968,0.0,22.279068448890968,0
6.0,0.0,105.0,113.0,20384.4498952667,20384.4498952667,0.0,47000.4083530959,47000.4083530959,0.0,55341.5561750109,ra,0.0,-0.0,0.0,0.0,0.0,0.0,13.37030050649728,13.37030050649728,0.0,32.17046384773565,32.17046384773565,0.0,0
6.0,1.0,106.0,114.0,19799.8525288606,0.0,19799.8525288606,6627.56512262276,0.0,6627.56512262276,57703.6588402105,ra,0.0,0.0,-0.0,0.0,0.0,0.0,5.90875103631034,0.0,5.90875103631034,8.559777085359444,0.0,8.559777085359444,0
6.0,0.0,108.0,115.0,22330.7026330019,22330.7026330019,0.0,16822.4294753507,16822.4294753507,0.0,59273.6377198263,ra,0.0,-0.0,0.0,0.0,0.0,0.0,32.17046384773565,32.17046384773565,0.0,38.899435637875925,38.899435637875925,0.0,0
6.0,2.0,3.0,116.0,43852.3829830634,22912.2538280909,20940.1291549725,7254.95365633483,7254.95365633483,0.0,60876.2242421798,link,0.0,0.0,0.0,0.0,0.0,0.0,44.80818667418627,38.899435637875925,5.90875103631034,47.7101681367202,41.80141710040986,5.90875103631034,0
7.0,2.0,0.0,117.0,11819.72883309257,5668.99952865367,6150.7293044389,20183.9878116345,0.0,20183.9878116345,0.0,link,0.0,0.0,0.0,0.0,0.0,0.0,0.0,0.0,0.0,8.073595124653801,0.0,8.073595124653801,0
7.0,2.0,96.0,118.0,16750.43996107374,8281.7922636936,8468.64769738014,34855.99460973138,8787.48726450068,26068.5073452307,6667.95544755655,ra,1.0,1.0,0.0,49.99999999999999,0.0,49.99999999999999,39.572597061907715,0.0,39.572597061907715,3.5149949058002727,3.5149949058002727,0.0,1
7.0,2.0,97.0,119.0,16803.00194301874,8309.64474409952,8493.35719891922,179.5115985862136,88.7645506722473,90.7470479139663,6721.47492677825,ra,0.0,0.0,-0.0,0.0,0.0,0.0,43.051293148542406,3.5149949058002727,39.536298242742134,43.12309778797689,3.5505007260691714,39.572597061907715,0
7.0,0.0,100.0,120.0,13554.3161042731,13554.3161042731,0.0,22068.9577674959,22068.9577674959,0.0,18033.1308843645,ra,0.0,-0.0,0.0,0.0,0.0,0.0,3.5505007260691714,3.5505007260691714,0.0,12.378083833067532,12.378083833067532,0.0,0
7.0,1.0,103.0,121.0,15944.2118325408,0.0,15944.2118325408,9291.39730848557,0.0,9291.39730848557,19154.1734195509,ra,0.0,0.0,-0.0,0.0,0.0,0.0,35.8197393193479,0.0,35.8197393193479,39.536298242742134,0.0,39.536298242742134,0
7.0,2.0,2.0,122.0,31479.2646876848,14962.6751347339,16516.5895529509,21458.7834029422,21458.7834029422,0.0,25294.5418793567,link,0.0,0.0,0.0,0.0,0.0,0.0,48.19782315241544,12.378083833067532,35.8197393193479,56.781336513592315,20.961597194244412,35.8197393193479,0
8.0,2.0,2.0,123.0,14782.3695846428,7482.84754160049,7299.52204304231,11430.7034650488,0.0,11430.7034650488,0.0,link,0.0,0.0,0.0,0.0,0.0,0.0,22.082977549735382,18.808036013802095,3.274941535933288,26.655258935754905,18.808036013802095,7.847222921952809,0
8.0,1.0,107.0,124.0,6958.35099573627,0.0,6958.35099573627,8187.35383983322,0.0,8187.35383983322,2119.20843181615,ra,0.0,0.0,-0.0,0.0,0.0,0.0,0.0,0.0,0.0,3.274941535933288,0.0,3.274941535933288,0
8.0,2.0,111.0,125.0,9208.20636712835,4168.18387658208,5040.02249054627,13642.41603114191,10610.9556704707,3031.46036067121,9055.82449812222,ra,1.0,1.0,0.0,24.26500242625886,23.052418281990377,1.212584144268484,18.808036013802095,18.808036013802095,0.0,0.0,0.0,0.0,1
8.0,2.0,0.0,126.0,9708.89067456805,5120.67365793185,4588.2170166362,11152.0763011101,11152.0763011101,0.0,21173.6853058851,link,0.0,0.0,0.0,0.0,0.0,0.0,0.0,0.0,0.0,4.46083052044404,4.46083052044404,0.0,0
9.0,2.0,2.0,127.0,31818.42313617,16104.8835451968,15713.5395909732,24002.8723755815,0.0,24002.8723755815,0.0,link,0.0,0.0,0.0,0.0,0.0,0.0,56.22864932225562,28.980398965326497,27.24825035692912,65.82979827248822,28.980398965326497,36.84939930716172,0
9.0,0.0,109.0,128.0,17929.3338177348,17929.3338177348,0.0,22233.1620305147,22233.1620305147,0.0,6516.74421097716,ra,0.0,-0.0,0.0,0.0,0.0,0.0,28.980398965326497,28.980398965326497,0.0,37.87366377753237,37.87366377753237,0.0,0
9.0,1.0,110.0,129.0,16715.7243720159,0.0,16715.7243720159,41226.6104824692,0.0,41226.6104824692,6527.40648559258,ra,0.0,0.0,-0.0,0.0,0.0,0.0,10.757606163941434,0.0,10.757606163941434,27.24825035692912,0.0,27.24825035692912,0
9.0,2.0,116.0,130.0,36693.0558776816,18116.8086480647,18576.2472296169,63152.2314406059,31926.6763387178,31225.5551018881,15445.3717833973,ra,1.0,0.0,1.0,49.99999999999999,7.449017982037807,42.550982017962184,78.69202991868076,37.87366377753237,40.81836614114838,53.95292249492312,43.19531633098169,10.757606163941434,1
9.0,0.0,122.0,131.0,18771.2912047982,18771.2912047982,0.0,23153.4482354074,23153.4482354074,0.0,21672.6218089021,ra,1.0,1.0,0.0,39.686025089657534,39.686025089657534,0.0,43.19531633098169,43.19531633098169,0.0,12.77067053548712,12.77067053548712,0.0,1
9.0,1.0,123.0,132.0,18688.6310780343,0.0,18688.6310780343,21124.15986731,0.0,21124.15986731,26271.1343633983,ra,0.0,0.0,-0.0,0.0,0.0,0.0,32.36870219422438,0.0,32.36870219422438,40.81836614114838,0.0,40.81836614114838,0
9.0,2.0,7.0,133.0,31601.8542643027,15291.9117888883,16309.9424754144,39693.1511032681,39693.1511032681,0.0,33157.1268468838,link,0.0,0.0,0.0,0.0,0.0,0.0,45.139371927710805,12.77067053548712,32.368701392223684,61.016633171018746,28.647930976794363,32.36870219422438,0
10.0,2.0,3.0,134.0,31606.6695639389,16070.5474552074,15536.1221087315,876.281378643092,0.0,876.281378643092,0.0,link,0.0,0.0,0.0,0.0,0.0,0.0,20.928462502573367,20.928462502573367,0.0,21.278975054030603,20.928462502573367,0.35051255145723687,0
10.0,2.0,112.0,135.0,20482.292071415,10386.9656808517,10095.3263905633,77199.5674356368,39212.351587896,37987.2158477408,14793.4065314786,ra,2.0,2.0,0.0,100.0,32.11279160476617,67.88720839523383,73.62078399966603,20.928462502573367,52.69232149709267,4.500611532965603,4.500611532965603,0.0,1
10.0,2.0,4.0,136.0,20473.6189956967,10382.5344994114,10091.0844962853,901.5928066001,901.5928066001,0.0,15227.5355211014,link,0.0,0.0,0.0,0.0,0.0,0.0,57.19293303005827,4.500611532965603,52.69232149709267,57.55357015269831,4.861248655605643,52.69232149709267,0
11.0,2.0,3.0,137.0,48420.0541429227,24599.8231829302,23820.2309599925,25396.4262763502,0.0,25396.4262763502,0.0,link,0.0,0.0,0.0,0.0,0.0,0.0,25.473286623523467,25.473286623523467,0.0,35.63185713406355,25.473286623523467,10.15857051054008,0
11.0,2.0,113.0,138.0,48814.9931722971,24295.4347117739,24519.5584605232,67768.1645842998,34032.6255473008,33735.539036999,6967.48714814497,ra,2.0,0.0,2.0,76.00629174793217,25.473286623523467,50.533005124408696,62.51207613313257,25.473286623523467,37.038789509609096,13.613050218920321,13.613050218920321,0.0,1
11.0,0.0,117.0,139.0,22023.285967337,22023.285967337,0.0,32076.4664664123,32076.4664664123,0.0,13790.4538038903,ra,0.0,-0.0,0.0,0.0,0.0,0.0,13.613050218920321,13.613050218920321,0.0,26.443636805485244,26.443636805485244,0.0,0
11.0,1.0,118.0,140.0,22284.9266194441,0.0,22284.9266194441,33701.8886644055,0.0,33701.8886644055,14053.3882390507,ra,0.0,0.0,-0.0,0.0,0.0,0.0,23.558034043846895,0.0,23.558034043846895,37.038789509609096,0.0,37.038789509609096,0
11.0,2.0,5.0,141.0,42919.8251598076,21285.3584845686,21634.466675239,26141.2234576225,26141.2234576225,0.0,19878.6900646546,link,0.0,0.0,0.0,0.0,0.0,0.0,50.00167084933214,26.443636805485244,23.558034043846895,60.45816023238114,36.900126188534244,23.558034043846895,0
12.0,2.0,4.0,142.0,53131.6723320628,26537.1834811746,26594.4888508882,31246.4886001598,0.0,31246.4886001598,0.0,link,0.0,0.0,0.0,0.0,0.0,0.0,22.697033569524944,22.697033569524944,0.0,35.19562900958887,22.697033569524944,12.498595440063923,0
12.0,0.0,120.0,143.0,22288.895823896,22288.895823896,0.0,67285.1539459114,67285.1539459114,0.0,13722.6357161214,ra,0.0,-0.0,0.0,0.0,0.0,0.0,22.697033569524944,22.697033569524944,0.0,49.611095883314945,49.611095883314945,0.0,0
12.0,1.0,119.0,144.0,22492.6689728353,0.0,22492.6689728353,67871.846063942,0.0,67871.846063942,13775.3691799331,ra,1.0,0.0,1.0,50.0,0.0,50.0,22.8512615744232,0.0,22.8512615744232,0.0,0.0,0.0,1
12.0,2.0,5.0,145.0,44751.0771921405,22273.0392762582,22478.0379158823,31196.8175846597,31196.8175846597,0.0,20725.0958331826,link,0.0,0.0,0.0,0.0,0.0,0.0,72.46235745773815,49.611095883314945,22.8512615744232,84.94108449160203,62.08982291717883,22.8512615744232,0
13.0,2.0,4.0,146.0,25987.610544625597,13119.3784455626,12868.232099063,24107.6698093879,0.0,24107.6698093879,0.0,link,0.0,0.0,0.0,0.0,0.0,0.0,37.18772600814415,12.58883709944821,24.598888908695944,46.83079393189932,12.58883709944821,34.24195683245111,0
13.0,1.0,115.0,147.0,10655.0818315375,0.0,10655.0818315375,174.572023941899,0.0,174.572023941899,12655.9421841123,ra,0.0,0.0,-0.0,0.0,0.0,0.0,24.529060099119185,0.0,24.529060099119185,24.598888908695944,0.0,24.598888908695944,0
13.0,0.0,114.0,148.0,11183.6183451154,11183.6183451154,0.0,31110.6271871052,31110.6271871052,0.0,12725.5782136216,ra,0.0,-0.0,0.0,0.0,0.0,0.0,12.58883709944821,12.58883709944821,0.0,25.033088337867856,25.033088337867856,0.0,0
13.0,2.0,121.0,149.0,13974.00634747334,7033.00411775856,6941.00222971478,106391.78724612939,44439.8688246501,61951.9184214793,36309.8952864744,ra,1.0,1.0,0.0,50.0,25.03308833786786,24.96691166213214,49.74829273052746,25.033088337867856,24.715204392659604,42.305007628979226,17.77594752986004,24.529060099119185,1
13.0,1.0,129.0,150.0,7362.49465739319,0.0,7362.49465739319,13229.9521865053,0.0,13229.9521865053,54986.8926639146,ra,0.0,0.0,-0.0,0.0,0.0,0.0,19.423223518057483,0.0,19.423223518057483,24.715204392659604,0.0,24.715204392659604,0
13.0,0.0,128.0,151.0,7963.31449008736,7963.31449008736,0.0,27912.16958586,27912.16958586,0.0,55258.2918559062,ra,0.0,-0.0,0.0,0.0,0.0,0.0,17.77594752986004,17.77594752986004,0.0,28.94081536420404,28.94081536420404,0.0,0
13.0,1.0,127.0,152.0,11309.7143794641,0.0,11309.7143794641,17886.2152026232,0.0,17886.2152026232,66083.6762164012,ra,0.0,0.0,-0.0,0.0,0.0,0.0,12.268737437008202,0.0,12.268737437008202,19.423223518057483,0.0,19.423223518057483,0
13.0,0.0,126.0,153.0,11768.8795544372,11768.8795544372,0.0,18226.4007565125,18226.4007565125,0.0,66152.7749055271,ra,0.0,-0.0,0.0,0.0,0.0,0.0,28.94081536420404,28.94081536420404,0.0,36.23137566680904,36.23137566680904,0.0,0
13.0,1.0,131.0,154.0,13063.1309770766,0.0,13063.1309770766,30671.8435925205,0.0,30671.8435925205,77946.0497397112,ra,0.0,0.0,-0.0,0.0,0.0,0.0,0.0,0.0,0.0,12.268737437008202,0.0,12.268737437008202,0
13.0,0.0,132.0,155.0,13332.5048339698,13332.5048339698,0.0,31866.5990943388,31866.5990943388,0.0,78200.6092463489,ra,0.0,-0.0,0.0,0.0,0.0,0.0,36.23137566680904,36.23137566680904,0.0,48.97801530454456,48.97801530454456,0.0,0
13.0,2.0,141.0,156.0,20915.585370117602,10623.7234191176,10291.861951,34934.66004003699,17686.9496121317,17247.7104279053,85720.8848871018,ra,2.0,0.0,2.0,83.63608843095952,48.978015304544556,34.65807312641496,76.7370042597974,48.97801530454456,27.758988955252843,7.074779844852683,7.074779844852683,0.0,1
13.0,1.0,144.0,157.0,10312.6666929756,0.0,10312.6666929756,26517.4055540081,0.0,26517.4055540081,92148.0377185692,ra,0.0,0.0,-0.0,0.0,0.0,0.0,17.152026733649603,0.0,17.152026733649603,27.758988955252843,0.0,27.758988955252843,0
13.0,0.0,146.0,158.0,10682.0887260768,10682.0887260768,0.0,17722.2697365695,17722.2697365695,0.0,94057.5406178836,ra,0.0,-0.0,0.0,0.0,0.0,0.0,7.074779844852683,7.074779844852683,0.0,14.16368773948048,14.16368773948048,0.0,0
13.0,0.0,153.0,159.0,10865.4133062023,10865.4133062023,0.0,26782.2661808343,26782.2661808343,0.0,106351.198252807,ra,0.0,-0.0,0.0,0.0,0.0,0.0,14.16368773948048,14.16368773948048,0.0,24.8765942118142,24.8765942118142,0.0,0
13.0,1.0,165.0,160.0,10841.3914265234,0.0,10841.3914265234,42880.066834124,0.0,42880.066834124,121193.591490271,ra,0.0,0.0,-0.0,0.0,0.0,0.0,5.551115123125783e-17,0.0,5.551115123125783e-17,17.152026733649603,0.0,17.152026733649603,0
13.0,2.0,166.0,161.0,21769.3135715549,10924.7717317326,10844.5418398223,61748.019858066196,31757.2041283557,29990.8157297105,121274.128299309,ra,1.0,0.0,1.0,49.84650826719146,12.702881651342283,37.14362661584918,50.02389453577918,24.8765942118142,25.14730032396498,24.8765942118142,24.8765942118142,5.551115123125783e-17,1
13.0,2.0,8.0,162.0,20326.8379673694,10049.6549230906,10277.1830442788,23999.4133765245,23999.4133765245,0.0,132616.969219855,link,0.0,0.0,0.0,0.0,0.0,0.0,50.02389453577918,24.8765942118142,25.14730032396498,59.62365988638898,34.476359562424,25.14730032396498,0
14.0,2.0,5.0,163.0,94497.8226477467,47019.266876753,47478.5557709937,18726.8504151593,0.0,18726.8504151593,0.0,link,0.0,0.0,0.0,0.0,0.0,0.0,87.93605969978998,74.00372667664834,13.932333023141638,95.4267998658537,74.00372667664834,21.42307318920536,0
14.0,0.0,125.0,164.0,46935.1899031602,46935.1899031602,0.0,43495.7749008434,43495.7749008434,0.0,4629.48262057162,ra,1.0,1.0,0.0,49.17280431653929,49.17280431653929,0.0,74.00372667664834,74.00372667664834,0.0,42.22923232044641,42.22923232044641,0.0,1
14.0,1.0,124.0,165.0,47664.7520038718,0.0,47664.7520038718,44086.4914897388,0.0,44086.4914897388,4633.73189838993,ra,3.0,0.0,3.0,131.866696101305,0.0,131.866696101305,128.16443252855112,0.0,128.16443252855112,13.932333023141638,0.0,13.932333023141638,1
14.0,2.0,6.0,166.0,94641.6911720278,46900.6207445268,47741.070427501,18458.3884100412,18458.3884100412,0.0,6596.60038925666,link,0.0,0.0,0.0,0.0,0.0,0.0,170.39366484899753,42.22923232044641,128.16443252855112,177.777020213014,49.61258768446289,128.16443252855112,0
15.0,2.0,6.0,167.0,75207.4913410466,44538.3019109056,30669.189430141,37697.0030363307,0.0,37697.0030363307,0.0,link,0.0,0.0,0.0,0.0,0.0,0.0,119.24562408396437,67.12111014796757,52.1245139359968,134.32442529849664,67.12111014796757,67.20331515052908,0
15.0,1.0,135.0,168.0,16721.3274524539,0.0,16721.3274524539,130311.284839992,0.0,130311.284839992,25738.7432238461,ra,0.0,0.0,-0.0,0.0,0.0,0.0,0.0,0.0,0.0,52.1245139359968,0.0,52.1245139359968,0
15.0,0.0,136.0,169.0,16271.068415411,16271.068415411,0.0,157829.465818351,157829.465818351,0.0,25740.9022185623,ra,3.0,3.0,0.0,130.25289647530798,130.25289647530798,0.0,67.12111014796757,67.12111014796757,0.0,0.0,0.0,0.0,1
15.0,2.0,0.0,170.0,10998.09198493645,5379.56194516866,5618.53003976779,36500.2514099417,36500.2514099417,0.0,48631.178555929,link,0.0,0.0,0.0,0.0,0.0,0.0,0.0,0.0,0.0,14.600100563976682,14.600100563976682,0.0,0
16.0,2.0,6.0,171.0,79740.5667298025,40135.9531021025,39604.6136277,56017.9116263197,0.0,56017.9116263197,0.0,link,0.0,0.0,0.0,0.0,0.0,0.0,164.48298269933392,54.21025375416753,110.27272894516638,186.8901473498618,54.21025375416753,132.67989359569427,0
16.0,1.0,137.0,172.0,29014.9759926702,0.0,29014.9759926702,83893.2413221206,0.0,83893.2413221206,12316.8385533337,ra,0.0,0.0,-0.0,0.0,0.0,0.0,76.71543241631814,0.0,76.71543241631814,110.27272894516638,0.0,110.27272894516638,0
16.0,0.0,138.0,173.0,29278.0080852545,29278.0080852545,0.0,91715.7564521452,91715.7564521452,0.0,12575.9466885105,ra,2.0,2.0,0.0,71.00106734243434,71.00106734243434,0.0,54.21025375416753,54.21025375416753,0.0,19.89548899259126,19.89548899259126,0.0,1
16.0,1.0,142.0,174.0,27688.6509021466,0.0,27688.6509021466,63006.5586717228,0.0,63006.5586717228,16134.1141427644,ra,1.0,0.0,1.0,48.94258832191785,0.0,48.94258832191785,100.45539726954686,0.0,100.45539726954686,76.71543241631814,0.0,76.71543241631814,1
16.0,1.0,143.0,175.0,27113.7325928473,0.0,27113.7325928473,72589.6670074587,0.0,72589.6670074587,21914.8582594722,ra,0.0,0.0,-0.0,0.0,0.0,0.0,71.41953046656337,0.0,71.41953046656337,100.45539726954686,0.0,100.45539726954686,0
16.0,0.0,145.0,176.0,28145.026567285,28145.026567285,0.0,72859.904959997,72859.904959997,0.0,25449.0803158335,ra,0.0,-0.0,0.0,0.0,0.0,0.0,19.89548899259126,19.89548899259126,0.0,49.03945097659007,49.03945097659007,0.0,0
16.0,1.0,148.0,177.0,25731.8558288299,0.0,25731.8558288299,94621.5376393873,0.0,94621.5376393873,32933.7519739179,ra,0.0,0.0,-0.0,0.0,0.0,0.0,33.570915410808446,0.0,33.570915410808446,71.41953046656337,0.0,71.41953046656337,0
16.0,0.0,152.0,178.0,26253.796275777,26253.796275777,0.0,70599.7566192532,70599.7566192532,0.0,38451.5895162813,ra,0.0,-0.0,0.0,0.0,0.0,0.0,49.03945097659007,49.03945097659007,0.0,77.27935362429136,77.27935362429136,0.0,0
16.0,1.0,154.0,179.0,24880.2140787093,0.0,24880.2140787093,24577.3763939493,0.0,24577.3763939493,44683.895016081,ra,0.0,0.0,-0.0,0.0,0.0,0.0,23.739964853228724,0.0,23.739964853228724,33.570915410808446,0.0,33.570915410808446,0
16.0,0.0,159.0,180.0,25418.7221777421,25418.7221777421,0.0,56801.6159392716,56801.6159392716,0.0,49497.4689014342,ra,2.0,2.0,0.0,100.0,100.0,0.0,77.27935362429136,77.27935362429136,0.0,0.0,0.0,0.0,1
16.0,1.0,160.0,181.0,25469.3693020146,0.0,25469.3693020146,59349.9121330718,0.0,59349.9121330718,49565.5184208006,ra,0.0,0.0,-0.0,0.0,0.0,0.0,0.0,0.0,0.0,23.739964853228724,0.0,23.739964853228724,0
16.0,1.0,171.0,182.0,26935.5497477119,0.0,26935.5497477119,58941.5213126196,0.0,58941.5213126196,67595.9687520987,ra,1.0,0.0,1.0,50.0,0.0,50.0,26.423391474952155,0.0,26.423391474952155,0.0,0.0,0.0,1
16.0,0.0,174.0,183.0,27462.4751098044,27462.4751098044,0.0,101142.052749134,101142.052749134,0.0,68666.0746432526,ra,0.0,-0.0,0.0,0.0,0.0,0.0,0.0,0.0,0.0,40.45682109965361,40.45682109965361,0.0,0
16.0,1.0,178.0,184.0,27163.1527528195,0.0,27163.1527528195,31537.4824078932,0.0,31537.4824078932,81021.8926734055,ra,0.0,0.0,-0.0,0.0,0.0,0.0,13.808398511794872,0.0,13.808398511794872,26.423391474952155,0.0,26.423391474952155,0
16.0,0.0,187.0,185.0,29187.9984476255,29187.9984476255,0.0,133078.562065394,133078.562065394,0.0,92123.379066016,ra,0.0,-0.0,0.0,0.0,0.0,0.0,40.45682109965361,40.45682109965361,0.0,93.68824592581123,93.68824592581123,0.0,0
16.0,1.0,188.0,186.0,28376.9986665812,0.0,28376.9986665812,21554.1549370675,0.0,21554.1549370675,92203.5095301381,ra,0.0,0.0,-0.0,0.0,0.0,0.0,5.186736536967871,0.0,5.186736536967871,13.808398511794872,0.0,13.808398511794872,0
16.0,2.0,194.0,187.0,71124.20344709541,35553.8279012094,35570.375545886,175104.794376022,85992.7754667718,89112.0189092502,106046.116569043,ra,3.0,0.0,3.0,150.0,72.19674804606817,77.80325195393182,141.03342685301087,93.68824592581123,47.34518092719963,61.07534460341966,55.88860806645179,5.186736536967871,1
16.0,2.0,12.0,188.0,71147.99996754559,35564.9999847632,35582.9999827824,55989.7431175008,55989.7431175008,0.0,113917.810760995,link,0.0,0.0,0.0,0.0,0.0,0.0,103.23378899365142,55.88860806645179,47.34518092719963,125.62968624065175,78.28450531345212,47.34518092719963,0
18.0,2.0,7.0,191.0,26949.9999999978,13587.9999999988,13361.999999999,25247.0177737235,0.0,25247.0177737235,0.0,link,0.0,0.0,0.0,0.0,0.0,0.0,52.246396633186606,23.285332462086203,28.961064171100404,62.34520441083198,23.285333130242176,39.0598712805898,0
18.0,0.0,139.0,192.0,13587.9186189986,13587.9186189986,0.0,33475.6574390956,33475.6574390956,0.0,12318.1380453438,ra,0.0,-0.0,0.0,0.0,0.0,0.0,23.285333130242176,23.285333130242176,0.0,36.67559610588042,36.67559610588042,0.0,0
18.0,1.0,140.0,193.0,13361.9322654755,0.0,13361.9322654755,72402.660427751,0.0,72402.660427751,12346.3056788137,ra,0.0,0.0,-0.0,0.0,0.0,0.0,0.0,0.0,0.0,28.961064171100404,0.0,28.961064171100404,0
18.0,2.0,147.0,194.0,21133.145613699402,10354.0731302489,10779.0724834505,61981.2795290299,35469.2818691713,26511.9976598586,27186.3293839123,ra,2.0,2.0,0.0,98.60375869749507,50.863308853548936,47.740449843946124,73.81124688588311,36.67559610588042,37.135650780002685,0.0,0.0,0.0,1
18.0,1.0,151.0,195.0,10817.8434695675,0.0,10817.8434695675,12404.6496275872,0.0,12404.6496275872,33051.8075491023,ra,0.0,0.0,-0.0,0.0,0.0,0.0,32.173790928967804,0.0,32.173790928967804,37.135650780002685,0.0,37.135650780002685,0
18.0,1.0,155.0,196.0,12387.6872636234,0.0,12387.6872636234,41592.2753993848,0.0,41592.2753993848,43226.7291306564,ra,0.0,0.0,-0.0,0.0,0.0,0.0,15.536880769213882,0.0,15.536880769213882,32.173790928967804,0.0,32.173790928967804,0
18.0,0.0,156.0,197.0,11585.3862732974,11585.3862732974,0.0,35084.2185836153,35084.2185836153,0.0,43271.6778334303,ra,0.0,-0.0,0.0,0.0,0.0,0.0,0.0,0.0,0.0,14.033687433446122,14.033687433446122,0.0,0
18.0,1.0,158.0,198.0,11682.0168018291,0.0,11682.0168018291,14605.2394731254,0.0,14605.2394731254,49245.074030708,ra,0.0,0.0,-0.0,0.0,0.0,0.0,9.694784979963721,0.0,9.694784979963721,15.536880769213882,0.0,15.536880769213882,0
18.0,0.0,157.0,199.0,10952.7903248772,10952.7903248772,0.0,20251.5452871353,20251.5452871353,0.0,52243.2225994162,ra,0.0,-0.0,0.0,0.0,0.0,0.0,14.033687433446122,14.033687433446122,0.0,22.13430554830024,22.13430554830024,0.0,0
18.0,1.0,161.0,200.0,8533.4929596628,0.0,8533.4929596628,24236.9624499093,0.0,24236.9624499093,69644.2700043588,ra,0.0,0.0,-0.0,0.0,0.0,0.0,0.0,0.0,0.0,9.694784979963721,0.0,9.694784979963721,0
18.0,0.0,162.0,201.0,8972.23316325207,8972.23316325207,0.0,35053.1448326828,35053.1448326828,0.0,69682.0105996121,ra,0.0,-0.0,0.0,0.0,0.0,0.0,22.13430554830024,22.13430554830024,0.0,36.15556348137336,36.15556348137336,0.0,0
18.0,2.0,167.0,202.0,17024.72901544851,8263.2955761644,8761.43343928411,24914.051197294502,12262.7328130128,12651.3183842817,76811.9776614867,ra,2.0,0.0,2.0,65.91936141466498,41.06065660657848,24.858704808086493,55.95374093574718,36.15556348137336,19.798177454373814,0.0,0.0,0.0,1
18.0,0.0,175.0,203.0,7912.19781312535,7912.19781312535,0.0,24398.9554548074,24398.9554548074,0.0,91803.7907317536,ra,0.0,-0.0,0.0,0.0,0.0,0.0,0.0,0.0,0.0,9.759582181922962,9.759582181922962,0.0,0
18.0,1.0,176.0,204.0,8875.83878859374,0.0,8875.83878859374,35715.6984760086,0.0,35715.6984760086,91872.4611970398,ra,0.0,0.0,-0.0,0.0,0.0,0.0,5.5118980639703725,0.0,5.5118980639703725,19.798177454373814,0.0,19.798177454373814,0
18.0,2.0,190.0,205.0,47292.9371799686,22515.082655355,24777.8545246136,95089.04874416921,62094.805880694,32994.2428634752,121334.732705969,ra,1.0,1.0,0.0,50.0,9.759582181922962,40.240417818077034,42.31420091858028,9.759582181922962,32.554618736657325,30.349820416247972,24.8379223522776,5.5118980639703725,1
18.0,2.0,11.0,206.0,53098.002767233804,24816.3642256391,28281.6385415947,22501.5672879359,22501.5672879359,0.0,126075.531741563,link,0.0,0.0,0.0,0.0,0.0,0.0,57.39254108893493,24.8379223522776,32.554618736657325,66.3931680041093,33.83854926745197,32.554618736657325,0
19.0,2.0,7.0,207.0,19888.0,9830.0,10058.0,4268.91694,0.0,4268.91694,0.0,link,0.0,0.0,0.0,0.0,0.0,0.0,39.666475646760944,26.713905412917615,12.952570233843332,41.37404242276095,26.713905412917615,14.660137009843332,0
19.0,1.0,130.0,208.0,10058.0,0.0,10058.0,17404.16204,0.0,17404.16204,7445.46706764246,ra,0.0,0.0,-0.0,0.0,0.0,0.0,5.990905417843333,0.0,5.990905417843333,12.952570233843332,0.0,12.952570233843332,0
19.0,0.0,134.0,209.0,9830.0,9830.0,0.0,31635.2992,31635.2992,0.0,16091.2031866585,ra,1.0,1.0,0.0,39.36802509291762,39.36802509291762,0.0,26.713905412917615,26.713905412917615,0.0,0.0,0.0,0.0,1
19.0,1.0,133.0,210.0,10058.0,0.0,10058.0,14977.26722,0.0,14977.26722,16097.3995823694,ra,0.0,0.0,-0.0,0.0,0.0,0.0,0.0,0.0,0.0,5.990905417843333,0.0,5.990905417843333,0
19.0,2.0,0.0,211.0,19888.0,9830.0,10058.0,4184.3361,4184.3361,0.0,18219.577121931,link,0.0,0.0,0.0,0.0,0.0,0.0,0.0,0.0,0.0,1.6737344400000005,1.6737344400000005,0.0,0
20.0,2.0,0.0,212.0,19481.0003447438,9701.00019990513,9780.00014483867,31718.9360412727,0.0,31718.9360412727,0.0,link,0.0,0.0,0.0,0.0,0.0,0.0,0.0,0.0,0.0,12.687574416509081,0.0,12.687574416509081,0
20.0,1.0,149.0,213.0,9780.00074312627,0.0,9780.00074312627,41311.2760660871,0.0,41311.2760660871,1524.74512441346,ra,1.0,0.0,1.0,30.416095665310973,0.0,30.416095665310973,13.891585238876132,0.0,13.891585238876132,0.0,0.0,0.0,1
20.0,0.0,150.0,214.0,9701.00332077514,9701.00332077514,0.0,5083.71262198212,5083.71262198212,0.0,2620.22338885237,ra,0.0,-0.0,0.0,0.0,0.0,0.0,0.0,0.0,0.0,2.033485048792848,2.033485048792848,0.0,0
20.0,0.0,163.0,215.0,10133.9989103389,10133.9989103389,0.0,38952.505983054,38952.505983054,0.0,22308.8999344534,ra,0.0,-0.0,0.0,0.0,0.0,0.0,2.033485048792848,2.033485048792848,0.0,17.61448744201445,17.61448744201445,0.0,0
20.0,1.0,164.0,216.0,10094.128472639,0.0,10094.128472639,2982.31331156508,0.0,2982.31331156508,22364.4498639692,ra,1.0,0.0,1.0,10.719349022919289,0.0,10.719349022919289,23.41800893716939,0.0,23.41800893716939,13.891585238876132,0.0,13.891585238876132,1
20.0,2.0,8.0,217.0,21962.979690817003,10983.9900500203,10978.9896407967,31884.879589547,31884.879589547,0.0,37253.2284842051,link,0.0,0.0,0.0,0.0,0.0,0.0,41.03249637918384,17.61448744201445,23.418008937169393,53.78644821500264,30.368439277833254,23.41800893716939,0
21.0,2.0,8.0,218.0,21649.000000000102,11074.0,10575.0000000001,7431.68671999561,0.0,7431.68671999561,0.0,link,0.0,0.0,0.0,0.0,0.0,0.0,53.48850588152155,46.37575053050199,7.112755351019562,56.4611805695198,46.37575053050199,10.085430039017806,0
21.0,0.0,168.0,219.0,11074.0000000038,11074.0000000038,0.0,5284.5128000004,5284.5128000004,0.0,2386.04494997369,ra,1.0,1.0,0.0,25.780524377157537,25.780524377157537,0.0,46.37575053050199,46.37575053050199,0.0,22.709031273344618,22.709031273344618,0.0,1
21.0,0.0,169.0,220.0,11074.000000012,11074.000000012,0.0,1386.57554000089,1386.57554000089,0.0,3012.12908443473,ra,0.0,-0.0,0.0,0.0,0.0,0.0,22.709031273344618,22.709031273344618,0.0,23.263661489344972,23.263661489344972,0.0,0
21.0,1.0,170.0,221.0,10575.0000000169,0.0,10575.0000000169,17781.8883775489,0.0,17781.8883775489,3039.09831202883,ra,0.0,0.0,-0.0,0.0,0.0,0.0,0.0,0.0,0.0,7.112755351019562,0.0,7.112755351019562,0
21.0,1.0,172.0,222.0,10575.0000113916,0.0,10575.0000113916,8256.88444286018,0.0,8256.88444286018,6552.72944512765,ra,1.0,0.0,1.0,45.34413044019648,0.0,45.34413044019648,42.041376663052404,0.0,42.041376663052404,0.0,0.0,0.0,1
21.0,0.0,173.0,223.0,11074.0000108703,11074.0000108703,0.0,8128.86970117104,8128.86970117104,0.0,6682.42135103473,ra,0.0,-0.0,0.0,0.0,0.0,0.0,23.263661489344972,23.263661489344972,0.0,26.515209369813387,26.515209369813387,0.0,0
21.0,1.0,177.0,224.0,11462.2327375431,0.0,11462.2327375431,24369.6785444533,0.0,24369.6785444533,17934.8030239513,ra,0.0,0.0,-0.0,0.0,0.0,0.0,32.29350524527108,0.0,32.29350524527108,42.041376663052404,0.0,42.041376663052404,0
21.0,1.0,179.0,225.0,11511.932296797,0.0,11511.932296797,7431.26400122676,0.0,7431.26400122676,21523.4301002063,ra,0.0,0.0,-0.0,0.0,0.0,0.0,29.320999644780372,0.0,29.320999644780372,32.29350524527108,0.0,32.29350524527108,0
21.0,0.0,180.0,226.0,11776.9561689664,11776.9561689664,0.0,33780.0918498022,33780.0918498022,0.0,21602.960316319,ra,0.0,-0.0,0.0,0.0,0.0,0.0,26.515209369813387,26.515209369813387,0.0,40.02724610973427,40.02724610973427,0.0,0
21.0,2.0,183.0,227.0,23288.9999999286,11776.9999999694,11511.9999999592,24431.43923242101,18003.8484824192,6427.59075000181,29246.6421925882,ra,2.0,2.0,0.0,63.11013297334115,47.22878550270195,15.881347470639195,82.6585569251531,40.02724610973427,42.63131081541884,29.320999644780372,0.0,29.320999644780372,1
21.0,2.0,10.0,228.0,23288.9999999998,11776.9999999999,11511.9999999999,7602.76011999671,7602.76011999671,0.0,32474.4736101551,link,0.0,0.0,0.0,0.0,0.0,0.0,42.63131081541884,0.0,42.63131081541884,45.67241486341753,3.041104047998685,42.63131081541884,0
22.0,2.0,8.0,229.0,18089.34980232114,9293.63667702267,8795.71312529847,50832.0723555467,0.0,50832.0723555467,0.0,link,0.0,0.0,0.0,0.0,0.0,0.0,28.692751877249677,14.50737495355353,14.185376923696147,49.02558081946837,14.50737495355353,34.51820586591484,0
22.0,2.0,9.0,230.0,22551.7599214391,11229.4921808602,11322.2677405789,51972.8061182546,51972.8061182546,0.0,25496.1440920557,link,0.0,0.0,0.0,0.0,0.0,0.0,28.692751877249677,14.50737495355353,14.185376923696147,49.48187432455152,35.29649740085537,14.185376923696147,0
24.0,2.0,9.0,233.0,25786.108144857702,12922.6073175015,12863.5008273562,6204.50134751721,0.0,6204.50134751721,0.0,link,0.0,0.0,0.0,0.0,0.0,0.0,50.298647871781185,33.39497579868113,16.90367207310005,52.78044841078807,33.39497579868113,19.385472612106934,0
24.0,0.0,184.0,234.0,12911.6129537198,12911.6129537198,0.0,18090.429727144,18090.429727144,0.0,7001.12487688288,ra,1.0,1.0,0.0,40.63114768953872,40.63114768953872,0.0,33.39497579868113,33.39497579868113,0.0,0.0,0.0,0.0,1
24.0,1.0,186.0,235.0,12846.4691022428,0.0,12846.4691022428,33996.7215934133,0.0,33996.7215934133,7412.43177077668,ra,0.0,0.0,-0.0,0.0,0.0,0.0,3.3049834357347287,0.0,3.3049834357347287,16.90367207310005,0.0,16.90367207310005,0
24.0,1.0,189.0,236.0,12797.6950404071,0.0,12797.6950404071,8262.45858933682,0.0,8262.45858933682,10447.761196687,ra,0.0,0.0,-0.0,0.0,0.0,0.0,0.0,0.0,0.0,3.3049834357347287,0.0,3.3049834357347287,0
24.0,0.0,197.0,237.0,9570.73893282761,9570.73893282761,0.0,55115.4602453017,55115.4602453017,0.0,30840.5691895132,ra,0.0,-0.0,0.0,0.0,0.0,0.0,0.0,0.0,0.0,22.046184098120683,22.046184098120683,0.0,0
24.0,1.0,198.0,238.0,9946.42620888775,0.0,9946.42620888775,44626.7145095153,0.0,44626.7145095153,30857.3340619152,ra,1.0,0.0,1.0,39.63410748618702,0.0,39.63410748618702,21.783421682380894,0.0,21.783421682380894,0.0,0.0,0.0,1
24.0,2.0,210.0,239.0,15887.70615160749,7870.70573058493,8017.00042102256,90039.7330100835,43367.7917068959,46671.9413031876,55766.1486133563,ra,0.0,-0.0,0.0,0.0,0.0,0.0,25.160829259226535,22.046184098120683,3.1146451611058517,61.176722463259935,39.393300780879045,21.783421682380894,0
24.0,1.0,213.0,240.0,8321.88022874515,0.0,8321.88022874515,7786.61290276462,0.0,7786.61290276462,60869.9211900911,ra,0.0,0.0,-0.0,0.0,0.0,0.0,6.661338147750939e-16,0.0,6.661338147750939e-16,3.1146451611058517,0.0,3.1146451611058517,0
24.0,0.0,214.0,241.0,8366.57069978269,8366.57069978269,0.0,9134.05861319777,9134.05861319777,0.0,61482.2045354548,ra,0.0,-0.0,0.0,0.0,0.0,0.0,39.393300780879045,39.393300780879045,0.0,43.046924226158154,43.046924226158154,0.0,0
24.0,2.0,226.0,242.0,28294.0206982518,14163.5504368669,14130.4702613849,52155.546104176596,33092.1003001113,19063.4458040653,76000.7341358558,ra,1.0,0.0,1.0,49.99999999999999,24.661769014321678,25.338230985678315,60.75977689021035,43.046924226158154,17.712852664052193,31.621995331880992,31.621995331880992,6.661338147750939e-16,1
24.0,2.0,15.0,243.0,28738.6713502246,14383.3123439625,14355.3590062621,6217.55359002561,6217.55359002561,0.0,78175.474803374,link,0.0,0.0,0.0,0.0,0.0,0.0,49.334846998927006,31.621995331880992,17.712851667046017,51.821869431943426,34.109016767891234,17.712852664052193,0
25.0,2.0,9.0,244.0,18444.994544675952,9036.99752648209,9407.99701819386,18226.3650365836,0.0,18226.3650365836,0.0,link,0.0,0.0,0.0,0.0,0.0,0.0,19.927966509340838,17.160064907279658,2.7679016020611806,27.218512523974283,17.160064907279658,10.058447616694624,0
25.0,0.0,181.0,245.0,9638.76325800112,9638.76325800112,0.0,44040.98297035,44040.98297035,0.0,25610.5675707886,ra,1.0,1.0,0.0,34.77645809541965,34.77645809541965,0.0,17.160064907279658,17.160064907279658,0.0,0.0,0.0,0.0,1
25.0,1.0,182.0,246.0,9527.61677341169,0.0,9527.61677341169,45025.019800587,0.0,45025.019800587,25630.3354942948,ra,1.0,0.0,1.0,48.57441449002276,0.0,48.57441449002276,33.332308171849135,0.0,33.332308171849135,2.7679016020611806,0.0,2.7679016020611806,1
25.0,2.0,10.0,247.0,19006.7279100321,9665.34291491844,9341.38499511366,18711.1790913528,18711.1790913528,0.0,35248.1726115327,link,0.0,0.0,0.0,0.0,0.0,0.0,33.33230817184913,0.0,33.33230817184913,40.81677980839026,7.48447163654112,33.332308171849135,0
26.0,2.0,10.0,248.0,39799.090315948604,19727.656489473,20071.4338264756,12745.358204922,0.0,12745.358204922,0.0,link,0.0,0.0,0.0,0.0,0.0,0.0,73.92037866700755,6.790239323124089,67.13013934388347,79.01852194897636,6.790239323124089,72.22828262585227,0
26.0,0.0,185.0,249.0,19971.0637528884,19971.0637528884,0.0,15800.7935872806,15800.7935872806,0.0,3979.73029800346,ra,0.0,-0.0,0.0,0.0,0.0,0.0,6.790239323124089,6.790239323124089,0.0,13.11055675803633,13.11055675803633,0.0,0
26.0,1.0,191.0,250.0,29655.4467390276,0.0,29655.4467390276,95904.7756863211,0.0,95904.7756863211,21983.5670709269,ra,0.0,0.0,-0.0,0.0,0.0,0.0,28.768229069355023,0.0,28.768229069355023,67.13013934388347,0.0,67.13013934388347,0
26.0,2.0,11.0,251.0,61239.0276416527,31319.7944712375,29919.2331704152,94740.9379804083,94740.9379804083,0.0,24120.7762535988,link,0.0,0.0,0.0,0.0,0.0,0.0,41.878785827391354,13.11055675803633,28.768229069355023,79.77516101955467,51.00693195019966,28.768229069355023,0
27.0,2.0,11.0,252.0,68446.95855219441,33632.3321209786,34814.6264312158,15604.4145583224,0.0,15604.4145583224,0.0,link,0.0,0.0,0.0,0.0,0.0,0.0,66.82767968019634,37.26940328142237,29.558276398773973,73.0694455035253,37.26940328142237,35.80004222210293,0
27.0,0.0,199.0,253.0,29715.9548515929,29715.9548515929,0.0,99181.0191956301,99181.0191956301,0.0,15398.2814879574,ra,1.0,1.0,0.0,50.00000000000001,50.00000000000001,0.0,37.26940328142237,37.26940328142237,0.0,26.941810959674406,26.941810959674406,0.0,1
27.0,1.0,200.0,254.0,27462.2259431798,0.0,27462.2259431798,73895.6909969349,0.0,73895.6909969349,15788.2300471589,ra,0.0,0.0,-0.0,0.0,0.0,0.0,1.78676431902988e-15,0.0,1.78676431902988e-15,29.558276398773973,0.0,29.558276398773973,0
27.0,2.0,209.0,255.0,39803.000772140804,18775.2599855575,21027.7407865833,147146.58632751892,81555.23447022,65591.3518572989,32030.5850885025,ra,2.0,2.0,0.0,100.0,55.59494500753631,44.40505499246368,45.11032520921853,26.941810959674406,18.168514249544124,3.968959740226106,3.9689597402261043,1.78676431902988e-15,1
27.0,0.0,211.0,256.0,16952.9432638946,16952.9432638946,0.0,22760.4501055564,22760.4501055564,0.0,38562.6549711216,ra,0.0,-0.0,0.0,0.0,0.0,0.0,3.9689597402261043,3.9689597402261043,0.0,13.073139782448665,13.073139782448665,0.0,0
27.0,0.0,217.0,257.0,14923.34787731,14923.34787731,0.0,43893.2158975543,43893.2158975543,0.0,51994.455333056,ra,0.0,-0.0,0.0,0.0,0.0,0.0,13.073139782448665,13.073139782448665,0.0,30.630426141470387,30.630426141470387,0.0,0
27.0,1.0,216.0,258.0,16064.7865328213,0.0,16064.7865328213,22960.6587850728,0.0,22960.6587850728,52217.7859827402,ra,0.0,0.0,-0.0,0.0,0.0,0.0,8.984250735515001,0.0,8.984250735515001,18.168514249544124,0.0,18.168514249544124,0
27.0,1.0,220.0,259.0,15273.5497081432,0.0,15273.5497081432,22460.6268387875,0.0,22460.6268387875,72827.5521510141,ra,0.0,0.0,-0.0,0.0,0.0,0.0,0.0,0.0,0.0,8.984250735515001,0.0,8.984250735515001,0
27.0,0.0,222.0,260.0,13969.7949387614,13969.7949387614,0.0,63036.7155561026,63036.7155561026,0.0,72993.5375681565,ra,0.0,-0.0,0.0,0.0,0.0,0.0,30.630426141470387,30.630426141470387,0.0,55.845112363911426,55.845112363911426,0.0,0
27.0,2.0,223.0,261.0,28115.7326932638,13396.479626617,14719.2530666468,86413.1671617678,19998.6352809813,66414.5318807865,80453.8359529617,ra,2.0,2.0,0.0,100.0,44.17954316779731,55.82045683220268,85.0997564437995,55.845112363911426,29.254644079888084,19.665023308506633,19.665023308506633,0.0,1
27.0,1.0,224.0,262.0,15546.2889831198,0.0,15546.2889831198,73136.6101997202,0.0,73136.6101997202,88033.8072308468,ra,0.0,0.0,-0.0,0.0,0.0,0.0,0.0,0.0,0.0,29.254644079888084,0.0,29.254644079888084,0
27.0,0.0,225.0,263.0,14240.8796108091,14240.8796108091,0.0,20993.7231683195,20993.7231683195,0.0,88042.5953486906,ra,0.0,-0.0,0.0,0.0,0.0,0.0,19.665023308506633,19.665023308506633,0.0,28.062512575834432,28.062512575834432,0.0,0
27.0,0.0,228.0,264.0,16210.1141141057,16210.1141141057,0.0,33843.4145817759,33843.4145817759,0.0,99290.1862589441,ra,0.0,-0.0,0.0,0.0,0.0,0.0,28.062512575834432,28.062512575834432,0.0,41.59987840854479,41.59987840854479,0.0,0
27.0,2.0,230.0,265.0,34177.789667498,16266.7915147338,17910.9981527642,106511.5480033828,25899.7969382603,80611.7510651225,107271.26953268,ra,3.0,0.0,3.0,150.0,51.95979718384891,98.04020281615108,107.39538079864687,41.59987840854479,65.79550239010209,0.0,0.0,0.0,1
27.0,0.0,231.0,266.0,18725.9999778317,18725.9999778317,0.0,62859.5735281175,62859.5735281175,0.0,124467.354651869,ra,0.0,-0.0,0.0,0.0,0.0,0.0,0.0,0.0,0.0,25.143829411247005,25.143829411247005,0.0,0
27.0,1.0,229.0,267.0,21167.9999889026,0.0,21167.9999889026,101642.528773758,0.0,101642.528773758,125208.618296011,ra,0.0,0.0,-0.0,0.0,0.0,0.0,25.13849088059888,0.0,25.13849088059888,65.79550239010209,0.0,65.79550239010209,0
27.0,2.0,15.0,268.0,39893.9999998457,18725.9999999336,21167.9999999121,16580.5621766321,16580.5621766321,0.0,128894.513137464,link,0.0,0.0,0.0,0.0,0.0,0.0,50.282320291845885,25.143829411247005,25.13849088059888,56.914545162498726,31.776054281899846,25.13849088059888,0
28.0,2.0,11.0,269.0,61992.2787513973,31725.312247826,30266.9665035713,8215.23262979123,0.0,8215.23262979123,0.0,link,0.0,0.0,0.0,0.0,0.0,0.0,57.01841241075168,41.178888907494,15.839523503257677,60.30450546266817,41.178888907494,19.12561655517417,0
28.0,0.0,192.0,270.0,30439.2241679383,30439.2241679383,0.0,21455.6670568085,21455.6670568085,0.0,3445.55910715547,ra,0.0,-0.0,0.0,0.0,0.0,0.0,41.178888907494,41.178888907494,0.0,49.761155730217396,49.761155730217396,0.0,0
28.0,1.0,193.0,271.0,26291.6779728645,0.0,26291.6779728645,39598.8087581442,0.0,39598.8087581442,7393.84594775699,ra,1.0,0.0,1.0,38.5115188596872,0.0,38.5115188596872,38.5115188596872,0.0,38.5115188596872,15.839523503257677,0.0,15.839523503257677,1
28.0,0.0,195.0,272.0,18498.9087746208,18498.9087746208,0.0,79345.3149314,79345.3149314,0.0,21968.3457181098,ra,1.0,1.0,0.0,14.86984963728395,14.86984963728395,0.0,49.761155730217396,49.761155730217396,0.0,66.62943206549345,66.62943206549345,0.0,1
28.0,1.0,196.0,273.0,17419.1863324911,0.0,17419.1863324911,53858.9068737316,0.0,53858.9068737316,22264.116411145,ra,0.0,0.0,-0.0,0.0,0.0,0.0,16.967956110194564,0.0,16.967956110194564,38.5115188596872,0.0,38.5115188596872,0
28.0,1.0,203.0,274.0,9355.61733758555,0.0,9355.61733758555,42419.8902754864,0.0,42419.8902754864,35869.2262752123,ra,0.0,0.0,-0.0,0.0,0.0,0.0,0.0,0.0,0.0,16.967956110194564,0.0,16.967956110194564,0
28.0,0.0,202.0,275.0,10322.6895163413,10322.6895163413,0.0,44652.0581963835,44652.0581963835,0.0,35908.1959799376,ra,2.0,2.0,0.0,84.49025534404684,84.49025534404684,0.0,66.62943206549345,66.62943206549345,0.0,0.0,0.0,0.0,1
28.0,2.0,0.0,276.0,16044.98321671642,8425.39921826346,7619.58399845296,9007.1853967425,9007.1853967425,0.0,40879.2796779836,link,0.0,0.0,0.0,0.0,0.0,0.0,0.0,0.0,0.0,3.6028741586970003,3.6028741586970003,0.0,0
30.0,2.0,12.0,279.0,31173.0077127878,15334.6891591729,15838.3185536149,27460.4467656701,0.0,27460.4467656701,0.0,link,0.0,0.0,0.0,0.0,0.0,0.0,65.89078454588423,37.19913220026239,28.691652345621844,76.87496325215227,37.19913220026239,39.67583105188989,0
30.0,0.0,201.0,280.0,15342.1685357064,15342.1685357064,0.0,5774.00459913302,5774.00459913302,0.0,1882.30501330568,ra,0.0,-0.0,0.0,0.0,0.0,0.0,37.19913220026239,37.19913220026239,0.0,39.508734039915595,39.508734039915595,0.0,0
30.0,1.0,204.0,281.0,15008.3801891543,0.0,15008.3801891543,48539.0941140661,0.0,48539.0941140661,15325.3757236118,ra,0.0,0.0,-0.0,0.0,0.0,0.0,9.2760146999954,0.0,9.2760146999954,28.691652345621844,0.0,28.691652345621844,0
30.0,0.0,205.0,282.0,14615.1043928834,14615.1043928834,0.0,42470.7835812159,42470.7835812159,0.0,15632.2115214018,ra,2.0,2.0,0.0,55.10656181994333,55.10656181994333,0.0,39.508734039915595,39.508734039915595,0.0,1.3904856524586258,1.3904856524586258,0.0,1
30.0,2.0,13.0,283.0,18934.3901725728,9143.1385769236,9791.2515956492,25362.3331074238,25362.3331074238,0.0,27311.5905726122,link,0.0,0.0,0.0,0.0,0.0,0.0,10.666500352454026,1.3904856524586258,9.2760146999954,20.811433595423548,11.535418895428148,9.2760146999954,0
31.0,2.0,12.0,284.0,61211.2617744492,30941.9007084376,30269.3610660116,11697.5766277116,0.0,11697.5766277116,0.0,link,0.0,0.0,0.0,0.0,0.0,0.0,103.49948390651639,70.79726889774051,32.70221500877589,108.17851455760103,70.79726889774051,37.381245659860525,0
31.0,1.0,208.0,285.0,29780.0349085717,0.0,29780.0349085717,72754.3270050161,0.0,72754.3270050161,10173.7794302971,ra,0.0,0.0,-0.0,0.0,0.0,0.0,3.6004842067694476,0.0,3.6004842067694476,32.70221500877589,0.0,32.70221500877589,0
31.0,0.0,207.0,286.0,30402.9541425937,30402.9541425937,0.0,62397.0411602338,62397.0411602338,0.0,10175.4293545811,ra,0.0,-0.0,0.0,0.0,0.0,0.0,70.79726889774051,70.79726889774051,0.0,95.75608536183404,95.75608536183404,0.0,0
31.0,2.0,212.0,287.0,62402.9342497772,31525.7279110326,30877.2063387446,136331.4092642348,75248.3837478545,61083.0255163803,22337.1483709023,ra,2.0,0.0,2.0,100.0,43.61026558553627,56.38973441446373,131.3130937765151,95.75608536183404,35.55700841468106,85.84565748220902,82.24517327543957,3.6004842067694476,1
31.0,2.0,14.0,288.0,62766.261417807,31611.057809806,31155.203608001,11902.9605248606,11902.9605248606,0.0,24222.213413882,link,0.0,0.0,0.0,0.0,0.0,0.0,117.80218169012062,82.24517327543957,35.55700841468106,122.56336590006487,87.00635748538382,35.55700841468106,0
32.0,2.0,13.0,289.0,24034.0,12223.0,11811.0,23190.0367499885,0.0,23190.0367499885,0.0,link,0.0,0.0,0.0,0.0,0.0,0.0,11.535418895428148,11.535418895428148,0.0,20.811433595423548,11.535418895428148,9.2760146999954,0
32.0,2.0,206.0,290.0,24034.0000000012,12223.0000000006,11811.0000000006,82091.99852463797,5549.73092000006,76542.2676046379,2270.21285318104,ra,1.0,1.0,0.0,50.0,1.3904856524586262,48.60951434754137,29.52802620111436,11.535418895428148,17.992607305686214,12.364825610969547,12.364825610969547,0.0,1
32.0,1.0,221.0,291.0,17574.9999998822,0.0,17574.9999998822,5362.66644000006,0.0,5362.66644000006,28816.082062451,ra,2.0,0.0,2.0,100.00000000000001,0.0,100.00000000000001,115.84754072968617,0.0,115.84754072968617,17.992607305686214,0.0,17.992607305686214,1
32.0,2.0,16.0,292.0,35472.0,17897.0,17575.0,102128.704967993,102128.704967993,0.0,35413.5690178666,link,0.0,0.0,0.0,0.0,0.0,0.0,128.21236634065576,12.364825610969547,115.8475407296862,169.06384832785292,53.21630759816676,115.84754072968617,0
33.0,2.0,14.0,293.0,25491.3919282071,13297.3329457903,12194.0589824168,49298.1104224123,0.0,49298.1104224123,0.0,link,0.0,0.0,0.0,0.0,0.0,0.0,66.64588950876202,66.64588950876202,0.0,86.36513367772694,66.64588950876202,19.71924416896492,0
33.0,2.0,215.0,294.0,25513.5709485368,13302.6381126901,12210.9328358467,18270.234913790802,9529.17913715675,8741.05577663405,3582.74329905444,ra,2.0,2.0,0.0,73.95398347427835,70.45756116362473,3.4964223106536205,66.64588950876202,66.64588950876202,0.0,0.0,0.0,0.0,1
33.0,2.0,0.0,295.0,27433.9391849649,13761.9854531938,13671.9537317711,50762.0194878173,50762.0194878173,0.0,22213.6117866395,link,0.0,0.0,0.0,0.0,0.0,0.0,0.0,0.0,0.0,20.30480779512692,20.30480779512692,0.0,0
34.0,2.0,14.0,296.0,40290.9817282687,40289.5340857765,1.44764249220084,47009.7465792213,0.0,47009.7465792213,0.0,link,0.0,0.0,0.0,0.0,0.0,0.0,62.64653282882816,42.98656759571116,19.659965233117003,81.45043146051668,42.98656759571116,38.463863864805525,0
34.0,2.0,219.0,297.0,40084.6794214896,20069.2583308031,20015.4210906865,122570.63369373631,94769.8337207351,27800.7999730012,14615.9886216738,ra,0.0,-0.0,0.0,0.0,0.0,0.0,51.526212839627675,42.98656759571116,8.539645243916521,100.55446631712222,80.89450108400521,19.659965233117003,0
34.0,1.0,227.0,298.0,19833.8652373147,0.0,19833.8652373147,21349.1131097913,0.0,21349.1131097913,19958.1076890932,ra,0.0,0.0,-0.0,0.0,0.0,0.0,1.359449346611895e-16,0.0,1.359449346611895e-16,8.539645243916521,0.0,8.539645243916521,0
34.0,0.0,235.0,299.0,19233.9789959859,19233.9789959859,0.0,47763.747289987,47763.747289987,0.0,26934.1491638682,ra,2.0,2.0,0.0,100.0,100.0,0.0,80.89450108400521,80.89450108400521,0.0,0.0,0.0,0.0,1
34.0,1.0,236.0,300.0,19715.5870318337,0.0,19715.5870318337,22822.0437484395,0.0,22822.0437484395,27007.4041804783,ra,1.0,0.0,1.0,31.69693482255332,0.0,31.69693482255332,22.568117323177518,0.0,22.568117323177518,1.359449346611895e-16,0.0,1.359449346611895e-16,1
34.0,2.0,20.0,301.0,42848.933143860995,20473.5804606555,22375.3526832055,44942.6925531694,44942.6925531694,0.0,38220.8594846279,link,0.0,0.0,0.0,0.0,0.0,0.0,22.568117323177518,0.0,22.568117323177518,40.54519434444528,17.97707702126776,22.568117323177518,0
35.0,2.0,0.0,302.0,13637.0,6766.0,6871.0,48240.5351899999,0.0,48240.5351899999,0.0,link,0.0,0.0,0.0,0.0,0.0,0.0,29.905872286884698,0.0,29.905872286884698,49.20208636288466,0.0,49.20208636288466,0
35.0,0.0,218.0,303.0,6766.0,6766.0,0.0,15563.62682,15563.62682,0.0,11501.3526660994,ra,1.0,1.0,0.0,6.225450728,6.225450728,0.0,0.0,0.0,0.0,0.0,0.0,0.0,1
35.0,2.0,16.0,304.0,13637.0,6766.0,6871.0,31939.71492,31939.71492,0.0,35104.4629542217,link,0.0,0.0,0.0,0.0,0.0,0.0,29.905872286884698,0.0,29.905872286884698,42.6817582548847,12.775885968,29.905872286884698,0
36.0,2.0,15.0,305.0,63592.0,31158.0,32434.0,25270.30242,0.0,25270.30242,0.0,link,0.0,0.0,0.0,0.0,0.0,0.0,50.98636003057877,42.06410475036248,8.922255280216289,61.094480998578774,42.06410475036248,19.030376248216292,0
36.0,0.0,237.0,306.0,31158.0,31158.0,0.0,37254.99744,37254.99744,0.0,5978.40628225615,ra,2.0,2.0,0.0,56.96610372636248,56.96610372636248,0.0,42.06410475036248,42.06410475036248,0.0,0.0,0.0,0.0,1
36.0,1.0,238.0,307.0,32434.0,0.0,32434.0,44659.9963,0.0,44659.9963,6884.76410576914,ra,2.0,0.0,2.0,73.19097266050728,0.0,73.19097266050728,64.24922942072355,0.0,64.24922942072355,8.922255280216289,0.0,8.922255280216289,1
36.0,2.0,17.0,308.0,63592.0,31158.0,32434.0,29924.1432,29924.1432,0.0,10780.4149902554,link,0.0,0.0,0.0,0.0,0.0,0.0,64.24922942072355,0.0,64.24922942072355,76.21888670072354,11.96965728,64.24922942072355,0
37.0,2.0,16.0,309.0,61280.6441162145,31014.1744637331,30266.4696524814,61506.4401406688,0.0,61506.4401406688,0.0,link,0.0,0.0,0.0,0.0,0.0,0.0,167.2031540789767,53.962097021611044,113.24105705736567,191.80573013524423,53.962097021611044,137.8436331136332,0
37.0,0.0,232.0,310.0,31188.9181978021,31188.9181978021,0.0,9525.29339943545,9525.29339943545,0.0,1531.60155183027,ra,0.0,-0.0,0.0,0.0,0.0,0.0,53.962097021611044,53.962097021611044,0.0,57.772214381385226,57.772214381385226,0.0,0
37.0,2.0,18.0,311.0,64809.525076994905,32882.2900340846,31927.2350429103,53540.460073465,53540.460073465,0.0,9891.28354449013,link,0.0,0.0,0.0,0.0,0.0,0.0,171.0132714387509,57.772214381385226,113.24105705736567,192.4294554681369,79.18839841077123,113.24105705736567,0
38.0,2.0,17.0,312.0,73980.9084088181,36437.7364219997,37543.1719868184,171637.919263567,0.0,171637.919263567,0.0,link,0.0,0.0,0.0,0.0,0.0,0.0,25.236803291441515,25.236803291441515,0.0,93.89197099686832,25.236803291441515,68.6551677054268,0
38.0,1.0,233.0,313.0,38288.3848812199,0.0,38288.3848812199,71264.0127216205,0.0,71264.0127216205,5385.57294187173,ra,3.0,0.0,3.0,110.03955569976796,0.0,110.03955569976796,81.53395061111976,0.0,81.53395061111976,0.0,0.0,0.0,1
38.0,0.0,234.0,314.0,38355.5663129252,38355.5663129252,0.0,52380.024504807,52380.024504807,0.0,7097.78606046679,ra,1.0,1.0,0.0,42.98371713398949,42.98371713398949,0.0,25.236803291441515,25.236803291441515,0.0,3.2050959593748254,3.2050959593748254,0.0,1
38.0,1.0,239.0,315.0,41712.9401712972,0.0,41712.9401712972,40622.2291022271,0.0,40622.2291022271,14257.7141698898,ra,0.0,0.0,-0.0,0.0,0.0,0.0,65.28505897022892,0.0,65.28505897022892,81.53395061111976,0.0,81.53395061111976,0
38.0,0.0,240.0,316.0,40728.8663078391,40728.8663078391,0.0,56977.7970121151,56977.7970121151,0.0,14300.5054996462,ra,0.0,-0.0,0.0,0.0,0.0,0.0,3.2050959593748254,3.2050959593748254,0.0,25.99621476422087,25.99621476422087,0.0,0
38.0,2.0,22.0,317.0,105896.4428578996,51540.438437961,54356.0044199386,164600.439599617,164600.439599617,0.0,31585.4341675124,link,0.0,0.0,0.0,0.0,0.0,0.0,91.28127373444978,25.99621476422087,65.28505897022892,157.1214495742966,91.8363906040677,65.28505897022892,0
39.0,2.0,17.0,318.0,25562.2788538132,12328.3002896388,13233.9785641744,39766.6592704558,0.0,39766.6592704558,0.0,link,0.0,0.0,0.0,0.0,0.0,0.0,36.824129867440746,21.9347929244424,14.88933694299834,52.73079357562307,21.9347929244424,30.796000651180663,0
39.0,2.0,24.0,319.0,21529.4529436522,10591.5844792127,10937.8684644395,37947.3758159135,37947.3758159135,0.0,17071.729881247,link,0.0,0.0,0.0,0.0,0.0,0.0,36.824129867440746,21.9347929244424,14.88933694299834,52.00308019380614,37.1137432508078,14.88933694299834,0
40.0,2.0,18.0,320.0,25932.8384078479,12821.1458632264,13111.6925446215,33495.9188990446,0.0,33495.9188990446,0.0,link,0.0,0.0,0.0,0.0,0.0,0.0,86.51809427951538,55.58132842513032,30.936765854385058,99.91646183913322,55.58132842513032,44.3351334140029,0
40.0,2.0,26.0,321.0,22387.8945153677,11334.7070106569,11053.1875047108,33432.5339456627,33432.5339456627,0.0,13785.5992106443,link,0.0,0.0,0.0,0.0,0.0,0.0,86.51809427951538,55.58132842513032,30.936765854385058,99.89110785778045,68.9543420033954,30.936765854385058,0
41.0,2.0,18.0,322.0,65100.0643805413,32409.6776559215,32690.3867246198,170953.765242591,0.0,170953.765242591,0.0,link,0.0,0.0,0.0,0.0,0.0,0.0,142.0780642264697,82.58035833289212,59.49770589357759,210.4595703235061,82.58035833289212,127.879211990614,0
41.0,0.0,241.0,323.0,32828.8089278736,32828.8089278736,0.0,10359.5962090881,10359.5962090881,0.0,1588.99980042748,ra,0.0,-0.0,0.0,0.0,0.0,0.0,82.58035833289212,82.58035833289212,0.0,86.72419681652735,86.72419681652735,0.0,0
41.0,0.0,242.0,324.0,32828.8089278736,32828.8089278736,0.0,0.0,0.0,0.0,1588.99980042748,ra,2.0,2.0,0.0,86.72419681652735,86.72419681652735,0.0,86.72419681652735,86.72419681652735,0.0,0.0,0.0,0.0,1
41.0,2.0,25.0,325.0,107717.843361102,52411.8634929897,55305.9798681123,160387.907504592,160387.907504592,0.0,19664.6825171201,link,0.0,0.0,0.0,0.0,0.0,0.0,59.49770589357759,0.0,59.49770589357759,123.6528688954144,64.15516300183681,59.49770589357759,0
42.0,2.0,0.0,326.0,64323.0,34358.0,29965.0,5842.87535,0.0,5842.87535,0.0,link,0.0,0.0,0.0,0.0,0.0,0.0,47.587841105286834,0.0,47.587841105286834,49.924991245286826,0.0,49.924991245286826,0
42.0,2.0,21.0,327.0,64323.0,34358.0,29965.0,6699.46642,6699.46642,0.0,974.993087217836,link,0.0,0.0,0.0,0.0,0.0,0.0,47.587841105286834,0.0,47.587841105286834,50.26762767328683,2.6797865680000004,47.587841105286834,0
43.0,2.0,20.0,328.0,150198.49863614672,75767.4489434685,74431.0496926782,5130.77431917987,0.0,5130.77431917987,0.0,link,0.0,0.0,0.0,0.0,0.0,0.0,82.68303861453012,82.68303861453012,-1.7763568394002505e-15,84.73534910946374,82.6830393817918,2.0523097276719464,0
43.0,2.0,243.0,329.0,143910.6207571261,71622.8655725805,72287.7551845456,293911.014155205,147233.481063914,146677.533091291,10005.6920912667,ra,5.0,0.0,5.0,249.99999999999994,81.2002446302319,168.79975536976806,192.81178151504344,82.6830393817918,110.12874213325165,60.37618717712551,60.37618717712551,-1.7763568394002505e-15,1
43.0,2.0,22.0,330.0,143835.3128743358,71573.2272359724,72262.0856383634,5082.7022288147,5082.7022288147,0.0,10360.6755425037,link,0.0,0.0,0.0,0.0,0.0,0.0,170.50492931037715,60.37618717712551,110.12874213325165,172.53801020190303,62.409268068651386,110.12874213325165,0
44.0,2.0,20.0,331.0,153959.0,74263.0,79696.0,69973.088,0.0,69973.088,0.0,link,0.0,0.0,0.0,0.0,0.0,0.0,93.98271484642945,14.630097414185919,79.35261743224353,121.97195004642947,14.63009741418592,107.34185263224354,0
44.0,2.0,21.0,332.0,153959.0,74263.0,79696.0,65202.914,65202.914,0.0,4390.04714603225,link,0.0,0.0,0.0,0.0,0.0,0.0,93.98271484642946,14.63009741418592,79.35261743224353,120.06388044642947,40.711263014185924,79.35261743224353,0
45.0,2.0,20.0,333.0,62196.7600253059,32348.664026557,29848.0959987489,35568.6331504501,0.0,35568.6331504501,0.0,link,0.0,0.0,0.0,0.0,0.0,0.0,21.71743928946972,21.71743928946972,0.0,35.944892549649765,21.71743928946972,14.227453260180042,0
45.0,2.0,249.0,334.0,59803.760630072604,31496.7732925594,28306.9873375132,120388.03113917299,62891.5126741653,57496.5184650077,9849.37897275001,ra,2.0,0.0,2.0,93.78750150087862,46.87404691429153,46.91345458658709,45.63228648755372,21.71743928946972,23.914847198084,-6.403943354819909e-07,-6.403943354819909e-07,0.0,1
45.0,2.0,27.0,335.0,59265.8366310976,31619.7156039958,27646.1210271018,40175.3552202939,40175.3552202939,0.0,16227.5537304541,link,0.0,0.0,0.0,0.0,0.0,0.0,23.914845867953943,-6.403943354819909e-07,23.91484650834828,39.98498864580723,16.070141447723227,23.914847198084,0
46.0,2.0,21.0,336.0,122056.3633115633,58092.1447118619,63964.2185997014,125585.212894561,0.0,125585.212894561,0.0,link,0.0,0.0,0.0,0.0,0.0,0.0,89.29016861558068,27.987422409030323,61.30274620655037,139.52425377340512,27.987422409030323,111.53683136437479,0
46.0,2.0,23.0,337.0,131872.7061463396,62497.919354533,69374.7867918066,113560.887875182,113560.887875182,0.0,9404.55520736285,link,0.0,0.0,0.0,0.0,0.0,0.0,89.29016861558068,27.987422409030323,61.30274620655037,134.7145237656535,73.41177755910314,61.30274620655037,0
47.0,2.0,22.0,338.0,38579.2955378498,18952.692150841,19626.6033870088,35264.3833285467,0.0,35264.3833285467,0.0,link,0.0,0.0,0.0,0.0,0.0,0.0,76.1638441627168,34.55072753168699,41.613116631029804,90.26959839452877,34.55072843208029,55.71886996244849,0
47.0,2.0,248.0,339.0,35162.6248298969,17399.4597199651,17763.1651099318,148712.7599086786,73267.708596875,75445.0513118036,19815.1127809066,ra,2.0,0.0,2.0,78.90825414314688,63.857814821663254,15.05043932148362,61.036263859872264,34.55072843208029,26.485535427791977,41.61311663102981,3.552713678800501e-15,41.613116631029804,1
47.0,2.0,28.0,340.0,35062.119983040204,16961.1414488018,18100.9785342384,33513.0307108643,33513.0307108643,0.0,29618.3313222541,link,0.0,0.0,0.0,0.0,0.0,0.0,26.48553542779198,3.552713678800501e-15,26.485535427791977,39.8907477121377,13.405212284345726,26.485535427791977,0
48.0,2.0,24.0,341.0,16009.99993438885,7856.99996682075,8152.9999675681,17621.4274880079,0.0,17621.4274880079,0.0,link,0.0,0.0,0.0,0.0,0.0,0.0,22.240371748973686,22.240371748973686,0.0,29.288942744176847,22.240371748973686,7.0485709952031605,0
48.0,1.0,245.0,342.0,8152.99812236847,0.0,8152.99812236847,23278.983850966,0.0,23278.983850966,2543.44255785523,ra,1.0,0.0,1.0,10.970500663943637,0.0,10.970500663943637,1.658907123557236,0.0,1.658907123557236,0.0,0.0,0.0,1
48.0,0.0,244.0,343.0,7856.99618755383,7856.99618755383,0.0,4674.91452637685,4674.91452637685,0.0,2975.04995056242,ra,0.0,-0.0,0.0,0.0,0.0,0.0,22.240371748973686,22.240371748973686,0.0,24.110337559524424,24.110337559524424,0.0,0
48.0,0.0,246.0,344.0,5883.74136844686,5883.74136844686,0.0,20247.1902969036,20247.1902969036,0.0,17336.8862422761,ra,1.0,1.0,0.0,32.20921367828586,32.20921367828586,0.0,24.110337559524424,24.110337559524424,0.0,0.0,0.0,0.0,1
48.0,1.0,247.0,345.0,5988.23778260399,0.0,5988.23778260399,4147.26780889309,0.0,4147.26780889309,18620.0569912817,ra,0.0,0.0,-0.0,0.0,0.0,0.0,0.0,0.0,0.0,1.658907123557236,0.0,1.658907123557236,0
48.0,2.0,0.0,346.0,10228.9496360124,5180.36917753558,5048.58045847682,19145.8378925061,19145.8378925061,0.0,34790.8303429051,link,0.0,0.0,0.0,0.0,0.0,0.0,0.0,0.0,0.0,7.6583351570024405,7.6583351570024405,0.0,0
50.0,2.0,23.0,349.0,167288.29083468,89420.7692084569,77867.5216262231,41550.5817573207,0.0,41550.5817573207,0.0,link,0.0,0.0,0.0,0.0,0.0,0.0,121.49190655693944,72.31150083625047,49.18040572068897,138.11213925986772,72.31150083625047,65.80063842361726,0
50.0,2.0,25.0,350.0,167733.1420677742,89424.5683491475,78308.5737186267,47581.8014679367,47581.8014679367,0.0,2660.51340881896,link,0.0,0.0,0.0,0.0,0.0,0.0,121.49190655693944,72.31150083625047,49.18040572068897,140.5246271441141,91.34422142342515,49.18040572068897,0
51.0,2.0,23.0,351.0,68004.42841151671,33685.4721908872,34318.9562206295,52129.9727835405,0.0,52129.9727835405,0.0,link,0.0,0.0,0.0,0.0,0.0,0.0,58.569652599679934,40.48841998481879,18.081232614861143,79.42164245266409,40.48842072438674,38.933221728277346,0
51.0,0.0,250.0,352.0,33100.9959033154,33100.9959033154,0.0,15663.2590937338,15663.2590937338,0.0,2344.99727996629,ra,1.0,1.0,0.0,26.645020788809354,26.645020788809354,0.0,40.48842072438674,40.48842072438674,0.0,20.108703573070912,20.108703573070912,0.0,1
51.0,2.0,27.0,353.0,64426.2356563276,31754.4889250316,32671.746731296,35255.8800869775,35255.8800869775,0.0,7784.58868214326,link,0.0,0.0,0.0,0.0,0.0,0.0,38.18993587613548,20.108703573070912,18.08123230306457,52.29228822272305,34.21105560786191,18.081232614861143,0
53.0,2.0,24.0,356.0,26623.0,13216.0,13407.0,26024.19363,0.0,26024.19363,0.0,link,0.0,0.0,0.0,0.0,0.0,0.0,36.8230992377494,27.132691121894172,9.690408115855229,47.2327766897494,27.132691121894172,20.10008556785523,0
53.0,2.0,28.0,357.0,26623.0,13216.0,13407.0,25653.44544,25653.44544,0.0,9705.48649135397,link,0.0,0.0,0.0,0.0,0.0,0.0,36.8230992377494,27.132691121894172,9.690408115855229,47.084477413749404,37.39406929789418,9.690408115855229,0
54.0,2.0,25.0,358.0,63790.743083652196,33602.5555376766,30188.1875459756,18293.3815866498,0.0,18293.3815866498,0.0,link,0.0,0.0,0.0,0.0,0.0,0.0,53.57241153389485,53.57241153389486,-3.552713678800501e-15,60.88976416855478,53.57241153389486,7.317352634659917,0
54.0,2.0,251.0,359.0,33762.4415586177,17029.2127372484,16733.2288213693,143708.3600468043,74285.6194355129,69422.7406112914,14118.0595783865,ra,2.0,2.0,0.0,100.0,23.21232264312832,76.78767735687168,102.59099264624996,53.57241153389486,49.01858111235511,60.074336664971696,60.074336664971696,-3.552713678800501e-15,1
54.0,2.0,26.0,360.0,32484.7744574449,16371.3543459377,16113.4201115072,18591.4298505205,18591.4298505205,0.0,19751.6727385701,link,0.0,0.0,0.0,0.0,0.0,0.0,109.0929177773268,60.074336664971696,49.01858111235511,116.52948971753501,67.5109086051799,49.01858111235511,0
55.0,2.0,26.0,361.0,35611.1999360093,17306.4999689679,18304.6999670414,73039.0805412178,0.0,73039.0805412178,0.0,link,0.0,0.0,0.0,0.0,0.0,0.0,92.012437636025,80.77935410306003,11.233083532964972,121.22806985251212,80.77935410306003,40.44871574945209,0
55.0,2.0,252.0,362.0,34335.6700861098,16687.9002306099,17647.7698554999,76134.3235747623,37000.2975059509,39134.0260688114,10714.2329169781,ra,2.0,2.0,0.0,99.99999999999997,95.57947310544039,4.420526894559592,80.77935410306003,80.77935410306003,0.0,11.233083532964972,0.0,11.233083532964972,1
55.0,2.0,0.0,363.0,9015.00027880696,4116.00014201232,4899.00013679464,67645.4786360998,67645.4786360998,0.0,47911.3668726574,link,0.0,0.0,0.0,0.0,0.0,0.0,0.0,0.0,0.0,27.058191454439925,27.058191454439925,0.0,0
56.0,2.0,27.0,364.0,67553.5172847849,34432.267085203,33121.2501995819,47340.4741943391,0.0,47340.4741943391,0.0,link,0.0,0.0,0.0,0.0,0.0,0.0,27.221307921907933,27.221307921907933,0.0,46.15749759964358,27.221307921907933,18.93618967773564,0
56.0,1.0,254.0,365.0,28345.0537807391,0.0,28345.0537807391,28589.2240380979,0.0,28589.2240380979,14670.9425066938,ra,1.0,0.0,1.0,50.00000000000001,0.0,50.00000000000001,38.564310384760844,0.0,38.564310384760844,0.0,0.0,0.0,1
56.0,0.0,253.0,366.0,28758.648000424,28758.648000424,0.0,92704.4471237499,92704.4471237499,0.0,14715.488271793,ra,0.0,-0.0,0.0,0.0,0.0,0.0,27.221307921907933,27.221307921907933,0.0,64.30308696498344,64.30308696498344,0.0,0
56.0,2.0,255.0,367.0,47006.1040822862,24072.8864014428,22933.2176808434,119446.7612876768,29374.1347670111,90072.6265206657,20490.1826432686,ra,1.0,0.0,1.0,50.00000000035715,27.221308115483478,22.77869188487367,89.61703862635166,64.30308696498344,25.313951661368225,87.39574314106525,48.8314327563044,38.564310384760844,1
56.0,2.0,29.0,368.0,45237.3265637856,23422.054813021,21815.2717507646,50206.3138071986,50206.3138071986,0.0,31051.5111500156,link,0.0,0.0,0.0,0.0,0.0,0.0,74.14538441767263,48.8314327563044,25.313951661368225,94.22790994055207,68.91395827918384,25.313951661368225,0
57.0,2.0,28.0,369.0,21608.0,10785.0,10823.0,13286.09834,0.0,13286.09834,0.0,link,0.0,0.0,0.0,0.0,0.0,0.0,19.9377773745927,19.9377773745927,0.0,25.2522167105927,19.9377773745927,5.314439336000001,0
57.0,2.0,0.0,370.0,21608.0,10785.0,10823.0,13239.4503,13239.4503,0.0,6137.90628624439,link,0.0,0.0,0.0,0.0,0.0,0.0,19.9377773745927,19.9377773745927,0.0,25.2335574945927,25.2335574945927,0.0,0
59.0,2.0,29.0,373.0,41763.642422810604,21836.3114479028,19927.3309749078,1283.84597521334,0.0,1283.84597521334,0.0,link,0.0,0.0,0.0,0.0,0.0,0.0,84.11354246853105,53.961946892751726,30.15159557577932,84.62708085861638,53.961946892751726,30.66513396586466,0
59.0,1.0,256.0,374.0,19216.4932546755,0.0,19216.4932546755,45601.2363147721,0.0,45601.2363147721,7511.21430842872,ra,0.0,0.0,-0.0,0.0,0.0,0.0,11.911101049870481,0.0,11.911101049870481,30.15159557577932,0.0,30.15159557577932,0
59.0,0.0,257.0,375.0,20475.1773120066,20475.1773120066,0.0,35822.2262049974,35822.2262049974,0.0,8275.34026605958,ra,0.0,-0.0,0.0,0.0,0.0,0.0,53.961946892751726,53.961946892751726,0.0,68.29083737475068,68.29083737475068,0.0,0
59.0,0.0,259.0,376.0,11226.9471972143,11226.9471972143,0.0,49806.4401420284,49806.4401420284,0.0,25939.71611319,ra,2.0,2.0,0.0,88.21341343156205,88.21341343156205,0.0,68.29083737475068,68.29083737475068,0.0,0.0,0.0,0.0,1
59.0,1.0,260.0,377.0,8142.41876965786,0.0,8142.41876965786,29777.7526246762,0.0,29777.7526246762,26235.4919576393,ra,0.0,0.0,-0.0,0.0,0.0,0.0,0.0,0.0,0.0,11.911101049870481,0.0,11.911101049870481,0
59.0,2.0,0.0,378.0,19030.16772086208,11064.8956674036,7965.27205345848,2435.90780092023,2435.90780092023,0.0,27032.7504548799,link,0.0,0.0,0.0,0.0,0.0,0.0,0.0,0.0,0.0,0.974363120368092,0.974363120368092,0.0,0
60.0,2.0,29.0,379.0,15204.99963875321,7325.99983936264,7878.99979939057,11795.2375990215,0.0,11795.2375990215,0.0,link,0.0,0.0,0.0,0.0,0.0,0.0,25.021288730537144,25.021288730537144,0.0,29.739383770145743,25.021288730537144,4.718095039608601,0
60.0,2.0,258.0,380.0,13825.298552554461,6712.48148642337,7112.81706613109,32434.0617440321,15635.4696324923,16798.5921115398,10738.6315701673,ra,1.0,1.0,0.0,37.994913428149985,31.275476583534065,6.71943684461592,25.021288730537144,25.021288730537144,0.0,0.0,0.0,0.0,1
60.0,2.0,0.0,381.0,9900.0011340695,4967.00050429217,4933.00062977733,11762.8859764568,11762.8859764568,0.0,22135.2935483001,link,0.0,0.0,0.0,0.0,0.0,0.0,0.0,0.0,0.0,4.70515439058272,4.70515439058272,0.0,0
