Time of calculation: 20211213-152221; value of objective: 3388052.5320153246;  acc=3000;  ec=0.25;  e_tax=0.15;  cfix=150000;  cvar=10000;  eta=0.011;  mu=0.4;  i=segment_id,dir,type_ID,POI_ID,traffic_flow,traffic_flow_0,traffic_flow_1,energy_demand,energy_demand_0,energy_demand_1,dist_along_segment,pois_type,pYi_dir,pYi_dir_0,pYi_dir_1,pE_charged,pE_charged_0,pE_charged_1,pE_input,pE_input_0,pE_input_1,pE_output,pE_output_0,pE_output_1,pXi
0.0,2.0,0.0,0.0,26540.636112053,13243.0239038645,13297.6122081885,60657.5700465436,0.0,60657.5700465436,0.0,link,0.0,0.0,0.0,0.0,0.0,0.0,0.0,0.0,0.0,18.68253157433543,0.0,18.68253157433543,0
0.0,2.0,7.0,1.0,26594.7769799282,13269.4415749127,13325.3354050155,28456.34425905232,635.49550854442,27820.8487505079,239.715824101164,ra,1.0,1.0,0.0,21.971620888270998,0.19573261663168137,21.775888271639317,13.207066856482886,0.0,13.207066856482886,0.0,0.0,0.0,1
0.0,1.0,6.0,2.0,25114.4899764858,0.0,25114.4899764858,15564.5840298711,0.0,15564.5840298711,15074.9810236044,ra,0.0,0.0,-0.0,0.0,0.0,0.0,8.413174975282587,0.0,8.413174975282587,13.207066856482886,0.0,13.207066856482886,0
0.0,0.0,5.0,3.0,25141.6151508612,25141.6151508612,0.0,61114.2514175474,61114.2514175474,0.0,15258.386608098,ra,0.0,-0.0,0.0,0.0,0.0,0.0,0.0,0.0,0.0,18.823189436604597,18.823189436604597,0.0,0
0.0,2.0,2.0,4.0,45891.0713847726,24132.5354848012,21758.5358999714,73638.515983494,46323.0128169921,27315.5031665019,24427.462160298,ra,0.0,0.0,-0.0,0.0,0.0,0.0,18.823189436604597,18.823189436604597,0.0,41.50385235952075,33.09067738423816,8.413174975282587,0
0.0,0.0,0.0,5.0,21104.2634691175,21104.2634691175,0.0,40859.7699453428,40859.7699453428,0.0,33429.3595873882,ra,0.0,-0.0,0.0,0.0,0.0,0.0,33.09067738423816,33.09067738423816,0.0,45.67548652740375,45.67548652740375,0.0,0
0.0,1.0,1.0,6.0,14423.8235603641,0.0,14423.8235603641,70917.9365170326,0.0,70917.9365170326,33802.1690359586,ra,3.0,0.0,3.0,58.53479894919904,0.0,58.53479894919904,36.692074501953,0.0,36.692074501953,0.0,0.0,0.0,1
0.0,0.0,3.0,7.0,13268.990914294,13268.990914294,0.0,43795.1979929416,43795.1979929416,0.0,46647.5352997916,ra,0.0,-0.0,0.0,0.0,0.0,0.0,45.67548652740375,45.67548652740375,0.0,59.16440750922976,59.16440750922976,0.0,0
0.0,1.0,4.0,8.0,13561.1425356073,0.0,13561.1425356073,3390.58285704174,0.0,3390.58285704174,46771.544645065,ra,0.0,0.0,-0.0,0.0,0.0,0.0,35.64777498198415,0.0,35.64777498198415,36.692074501953,0.0,36.692074501953,0
0.0,1.0,8.0,9.0,12294.3580875554,0.0,12294.3580875554,14272.1885319231,0.0,14272.1885319231,55124.5569541094,ra,0.0,0.0,-0.0,0.0,0.0,0.0,31.25194091415183,0.0,31.25194091415183,35.64777498198415,0.0,35.64777498198415,0
0.0,1.0,9.0,10.0,8886.15477288434,0.0,8886.15477288434,27047.5291294031,0.0,27047.5291294031,64455.5697412472,ra,0.0,0.0,-0.0,0.0,0.0,0.0,22.921301942295678,0.0,22.921301942295678,31.25194091415183,0.0,31.25194091415183,0
0.0,0.0,10.0,11.0,8766.58015528797,8766.58015528797,0.0,43004.2931513167,43004.2931513167,0.0,64479.8050962007,ra,0.0,-0.0,0.0,0.0,0.0,0.0,59.16440750922976,59.16440750922976,0.0,72.4097297998353,72.4097297998353,0.0,0
0.0,1.0,11.0,12.0,5594.60627343411,0.0,5594.60627343411,26086.2651756118,0.0,26086.2651756118,68504.6013106114,ra,0.0,0.0,-0.0,0.0,0.0,0.0,14.886732268207243,0.0,14.886732268207243,22.921301942295678,0.0,22.921301942295678,0
0.0,0.0,12.0,13.0,4553.08388931748,4553.08388931748,0.0,16089.3958499465,16089.3958499465,0.0,79329.1374904099,ra,0.0,-0.0,0.0,0.0,0.0,0.0,72.4097297998353,72.4097297998353,0.0,77.36526372161883,77.36526372161883,0.0,0
0.0,2.0,13.0,14.0,7895.539602766939,4645.32330643337,3250.21629633357,26378.19060066929,20773.2358162279,5604.95478444139,104473.71241617,ra,3.0,3.0,0.0,150.0,83.76342035301703,66.23657964698296,156.76224956320107,77.36526372161883,79.39698584158225,14.886732268207243,0.0,14.886732268207243,1
0.0,1.0,14.0,15.0,9099.18315895303,0.0,9099.18315895303,21051.509335061,0.0,21051.509335061,126194.353864499,ra,0.0,0.0,-0.0,0.0,0.0,0.0,72.91312096638346,0.0,72.91312096638346,79.39698584158225,0.0,79.39698584158225,0
0.0,2.0,15.0,16.0,19815.36822147166,9562.72950758806,10252.6387138836,63216.182923695196,41539.1007178494,21677.0822058458,133409.21035476,ra,0.0,0.0,-0.0,0.0,0.0,0.0,66.23657964698296,0.0,66.23657964698296,85.70716398748107,12.794043021097615,72.91312096638346,0
0.0,1.0,16.0,17.0,10262.4933483887,0.0,10262.4933483887,39352.1538815934,0.0,39352.1538815934,135061.705646886,ra,0.0,0.0,-0.0,0.0,0.0,0.0,54.1161162514522,0.0,54.1161162514522,66.23657964698296,0.0,66.23657964698296,0
0.0,0.0,17.0,18.0,9337.28228712366,9337.28228712366,0.0,3755.83362001816,3755.83362001816,0.0,135400.125089297,ra,0.0,-0.0,0.0,0.0,0.0,0.0,12.794043021097615,12.794043021097615,0.0,13.950839776063209,13.950839776063209,0.0,0
0.0,0.0,18.0,19.0,10716.8663243198,10716.8663243198,0.0,29722.6525482398,29722.6525482398,0.0,150383.983031074,ra,0.0,-0.0,0.0,0.0,0.0,0.0,13.950839776063209,13.950839776063209,0.0,23.105416760921067,23.105416760921067,0.0,0
0.0,1.0,19.0,20.0,16313.2106970416,0.0,16313.2106970416,29955.5905739685,0.0,29955.5905739685,165563.400922083,ra,0.0,0.0,-0.0,0.0,0.0,0.0,44.889794354669895,0.0,44.889794354669895,54.1161162514522,0.0,54.1161162514522,0
0.0,0.0,20.0,21.0,15912.8996761482,15912.8996761482,0.0,38414.7758994518,38414.7758994518,0.0,165570.707353275,ra,0.0,-0.0,0.0,0.0,0.0,0.0,23.105416760921067,23.105416760921067,0.0,34.93716773795222,34.93716773795222,0.0,0
0.0,2.0,21.0,22.0,38420.413170467305,19234.6634945469,19185.7496759204,73748.9776309411,27248.6286224276,46500.3490085135,173065.413799776,ra,2.0,2.0,0.0,95.10658151441741,43.32974535365992,51.77683616075749,117.28169075875745,34.93716773795222,82.34452302080523,44.889794354669895,0.0,44.889794354669895,1
0.0,1.0,22.0,23.0,21229.4573799075,0.0,21229.4573799075,60192.24943524,0.0,60192.24943524,176940.22069629,ra,0.0,0.0,-0.0,0.0,0.0,0.0,63.805310194751314,0.0,63.805310194751314,82.34452302080523,0.0,82.34452302080523,0
0.0,1.0,23.0,24.0,26278.9329143679,0.0,26278.9329143679,638.143813778497,0.0,638.143813778497,182868.692917964,ra,0.0,0.0,-0.0,0.0,0.0,0.0,63.60876190010754,0.0,63.60876190010754,63.805310194751314,0.0,63.805310194751314,0
0.0,0.0,24.0,25.0,28249.0185087145,28249.0185087145,0.0,74447.880017493,74447.880017493,0.0,188487.641131617,ra,0.0,-0.0,0.0,0.0,0.0,0.0,0.0,0.0,0.0,22.929947045387845,22.929947045387845,0.0,0
0.0,2.0,0.0,26.0,50605.7308716768,25638.9023938735,24966.8284778033,29755.4203585491,29755.4203585491,0.0,194059.964946131,link,0.0,0.0,0.0,0.0,0.0,0.0,86.53870894549539,22.929947045387845,63.60876190010754,95.70337841592851,32.09461651582097,63.60876190010754,0
1.0,2.0,0.0,27.0,41635.2696746832,21021.6267553003,20613.6429193829,795.523730019109,0.0,795.523730019109,0.0,link,0.0,0.0,0.0,0.0,0.0,0.0,78.86419613856954,58.49407979244538,20.370116346124156,79.10921744741543,58.49407979244538,20.61513765497004,0
1.0,0.0,26.0,28.0,20821.0305816615,20821.0305816615,0.0,26087.181633621,26087.181633621,0.0,6216.47578134488,ra,0.0,-0.0,0.0,0.0,0.0,0.0,58.49407979244538,58.49407979244538,0.0,66.52893173560065,66.52893173560065,0.0,0
1.0,2.0,25.0,29.0,39859.9435983602,20128.7100274165,19731.2335709437,19439.182376750672,8227.15979420447,11212.0225825462,8218.21591932416,ra,0.0,-0.0,0.0,0.0,0.0,0.0,83.44574512630058,66.52893173560065,16.916813390699925,89.43301329833977,69.06289695221562,20.370116346124156,0
1.0,1.0,27.0,30.0,15080.1720482802,0.0,15080.1720482802,3332.35606478557,0.0,3332.35606478557,14028.2328867426,ra,0.0,0.0,-0.0,0.0,0.0,0.0,15.89044772274597,0.0,15.89044772274597,16.916813390699925,0.0,16.916813390699925,0
1.0,0.0,28.0,31.0,15021.9786197919,15021.9786197919,0.0,28536.8531280977,28536.8531280977,0.0,16747.0640478161,ra,0.0,-0.0,0.0,0.0,0.0,0.0,69.06289695221562,69.06289695221562,0.0,77.85224771566973,77.85224771566973,0.0,0
1.0,2.0,29.0,32.0,29629.2702066633,14994.1517039878,14635.1185026755,494.222241173728,494.222241173728,0.0,16911.7407621753,ra,0.0,-0.0,0.0,0.0,0.0,0.0,93.74269543841571,77.85224771566973,15.89044772274597,93.89491588869721,78.00446816595124,15.89044772274597,0
1.0,1.0,32.0,33.0,11591.4382904028,0.0,11591.4382904028,9333.62015084538,0.0,9333.62015084538,22379.5420754944,ra,0.0,0.0,-0.0,0.0,0.0,0.0,13.015692716285592,0.0,13.015692716285592,15.89044772274597,0.0,15.89044772274597,0
1.0,0.0,31.0,34.0,12155.2376344337,12155.2376344337,0.0,15349.9906071111,15349.9906071111,0.0,22507.4968336771,ra,0.0,-0.0,0.0,0.0,0.0,0.0,78.00446816595124,78.00446816595124,0.0,82.73226527294145,82.73226527294145,0.0,0
1.0,1.0,33.0,35.0,11308.2144668397,0.0,11308.2144668397,2721.62194213134,0.0,2721.62194213134,23570.4687905334,ra,0.0,0.0,-0.0,0.0,0.0,0.0,12.177433158109139,0.0,12.177433158109139,13.015692716285592,0.0,13.015692716285592,0
1.0,2.0,36.0,36.0,23126.816645439998,11846.3351177034,11280.4815277366,26906.4332634277,12385.1998760562,14521.2333873715,27721.2649615329,ra,0.0,0.0,-0.0,0.0,0.0,0.0,90.43715854774017,82.73226527294145,7.704893274798716,98.7243399928759,86.54690683476676,12.177433158109139,0
1.0,1.0,35.0,37.0,11337.2619320883,0.0,11337.2619320883,19841.8756793837,0.0,19841.8756793837,29194.6309655969,ra,0.0,0.0,-0.0,0.0,0.0,0.0,1.5935955655485365,0.0,1.5935955655485365,7.704893274798716,0.0,7.704893274798716,0
1.0,0.0,34.0,38.0,11885.5265358471,11885.5265358471,0.0,4170.09621995463,4170.09621995463,0.0,29478.4736802298,ra,0.0,-0.0,0.0,0.0,0.0,0.0,86.54690683476676,86.54690683476676,0.0,87.83129647051277,87.83129647051277,0.0,0
1.0,0.0,38.0,39.0,11947.1636186313,11947.1636186313,0.0,7352.58765796217,7352.58765796217,0.0,32563.1836153915,ra,0.0,-0.0,0.0,0.0,0.0,0.0,87.83129647051277,87.83129647051277,0.0,90.09589346916513,90.09589346916513,0.0,0
1.0,0.0,39.0,40.0,11960.1701828351,11960.1701828351,0.0,1956.83597729699,1956.83597729699,0.0,33381.7233696118,ra,0.0,-0.0,0.0,0.0,0.0,0.0,90.09589346916513,90.09589346916513,0.0,90.6985989501726,90.6985989501726,0.0,0
1.0,2.0,40.0,41.0,23460.935326572,11970.3853891252,11490.5499374468,35373.36563433738,1726.60343297688,33646.7622013605,34103.2604930604,ra,2.0,2.0,0.0,99.99999999999999,91.23039280752948,8.769607192470499,90.6985989501726,90.6985989501726,0.0,1.5935955655485365,0.0,1.5935955655485365,1
1.0,2.0,0.0,42.0,23472.9532848191,11974.8809399587,11498.0723448604,828.627407616686,828.627407616686,0.0,34449.3464575004,link,0.0,0.0,0.0,0.0,0.0,0.0,0.0,0.0,0.0,0.25521724154593933,0.25521724154593933,0.0,0
2.0,2.0,0.0,43.0,68929.1689525749,33758.8137930879,35170.355159487,40746.089818559,0.0,40746.089818559,0.0,link,0.0,0.0,0.0,0.0,0.0,0.0,120.1018264884413,31.62926731539779,88.47255917304352,132.65162215255748,31.62926731539779,101.0223548371597,0
2.0,1.0,30.0,44.0,34398.2821383792,0.0,34398.2821383792,3.55988506767655,0.0,3.55988506767655,2598.41164546074,ra,0.0,0.0,-0.0,0.0,0.0,0.0,88.47146272844267,0.0,88.47146272844267,88.47255917304352,0.0,88.47255917304352,0
2.0,1.0,41.0,45.0,29624.9675092291,0.0,29624.9675092291,82561.3859430212,0.0,82561.3859430212,8569.0534366321,ra,0.0,0.0,-0.0,0.0,0.0,0.0,63.04255585799215,0.0,63.04255585799215,88.47146272844267,0.0,88.47146272844267,0
2.0,0.0,42.0,46.0,27489.4442716519,27489.4442716519,0.0,66162.031604804,66162.031604804,0.0,10626.1428841809,ra,0.0,-0.0,0.0,0.0,0.0,0.0,31.62926731539779,31.62926731539779,0.0,52.00717304967743,52.00717304967743,0.0,0
2.0,0.0,43.0,47.0,24285.974119979,24285.974119979,0.0,46432.767384281,46432.767384281,0.0,19826.0309188716,ra,0.0,-0.0,0.0,0.0,0.0,0.0,52.00717304967743,52.00717304967743,0.0,66.30846540403599,66.30846540403599,0.0,0
2.0,1.0,44.0,48.0,24186.0911430872,0.0,24186.0911430872,89079.8499237686,0.0,89079.8499237686,19924.5544753991,ra,0.0,0.0,-0.0,0.0,0.0,0.0,35.60596208147142,0.0,35.60596208147142,63.04255585799215,0.0,63.04255585799215,0
2.0,0.0,45.0,49.0,24395.8043620461,24395.8043620461,0.0,22158.9923415834,22158.9923415834,0.0,24376.283905319,ra,0.0,-0.0,0.0,0.0,0.0,0.0,66.30846540403599,66.30846540403599,0.0,73.13343504524369,73.13343504524369,0.0,0
2.0,0.0,46.0,50.0,18382.7449604955,18382.7449604955,0.0,63871.9166171924,63871.9166171924,0.0,38424.0480859037,ra,0.0,-0.0,0.0,0.0,0.0,0.0,73.13343504524369,73.13343504524369,0.0,92.80598536333896,92.80598536333896,0.0,0
2.0,1.0,47.0,51.0,18491.6133654888,0.0,18491.6133654888,59037.0560011841,0.0,59037.0560011841,38987.6806255175,ra,0.0,0.0,-0.0,0.0,0.0,0.0,17.422548833106713,0.0,17.422548833106713,35.60596208147142,0.0,35.60596208147142,0
2.0,2.0,48.0,52.0,37060.499514109295,18323.8494067353,18736.650107374,121716.6178437865,83259.8366329336,38456.7812108529,60686.5331745626,ra,2.0,0.0,2.0,79.53737508547552,79.53737508547552,0.0,98.38384558350297,92.80598536333896,5.577860220164017,56.3351887939137,38.91263996080699,17.422548833106713,1
2.0,2.0,49.0,53.0,37058.9029265594,18323.1127403572,18735.7901862022,18113.417243932698,3.48146417939821,18109.9357797533,60687.5223097686,ra,0.0,-0.0,0.0,0.0,0.0,0.0,38.91263996080699,38.91263996080699,0.0,44.49157247193827,38.91371225177425,5.577860220164017,0
2.0,0.0,50.0,54.0,13085.2370869384,13085.2370869384,0.0,35994.4407409927,35994.4407409927,0.0,72690.0783180644,ra,1.0,1.0,0.0,50.0,50.0,0.0,38.91371225177425,38.91371225177425,0.0,0.0,0.0,0.0,1
2.0,2.0,0.0,55.0,23931.6001633626,12393.9415716933,11537.6585916693,5343.07750058974,5343.07750058974,0.0,74788.4585560346,link,0.0,0.0,0.0,0.0,0.0,0.0,0.0,0.0,0.0,1.6456678701816403,1.6456678701816403,0.0,0
3.0,2.0,0.0,56.0,27844.0,14880.0,12964.0,5532.77592,0.0,5532.77592,0.0,link,0.0,0.0,0.0,0.0,0.0,0.0,0.0,0.0,0.0,1.70409498336,0.0,1.70409498336,0
3.0,0.0,51.0,57.0,14880.0,14880.0,0.0,866.3136,866.3136,0.0,291.139117483826,ra,0.0,0.0,0.0,0.0,0.0,0.0,0.0,0.0,0.0,0.2668245888,0.2668245888,0.0,0
3.0,1.0,52.0,58.0,12964.0,0.0,12964.0,1015.7294,0.0,1015.7294,391.789662717657,ra,1.0,0.0,1.0,40.95661522720853,0.0,40.95661522720853,40.64377057200853,0.0,40.64377057200853,0.0,0.0,0.0,1
3.0,2.0,1.0,59.0,27844.0,14880.0,12964.0,6650.0208,6650.0208,0.0,2525.71464164925,link,0.0,0.0,0.0,0.0,0.0,0.0,40.910595160808526,0.2668245888,40.64377057200853,42.958801567208525,2.3150309952000003,40.64377057200853,0
4.0,2.0,1.0,60.0,59761.3086274698,30037.3419745759,29723.9666528939,50829.6084600017,0.0,50829.6084600017,0.0,link,0.0,0.0,0.0,0.0,0.0,0.0,102.7339039522304,53.999525900614785,48.73437805161563,118.38942335791094,53.999525900614785,64.38989745729616,0
4.0,0.0,53.0,61.0,29524.4907904278,29524.4907904278,0.0,17707.597633633,17707.597633633,0.0,2968.02033395423,ra,0.0,0.0,0.0,0.0,0.0,0.0,53.999525900614785,53.999525900614785,0.0,59.453465971773745,59.453465971773745,0.0,0
4.0,1.0,54.0,62.0,29216.1627876462,0.0,29216.1627876462,18822.6156177956,0.0,18822.6156177956,3095.56953512974,ra,0.0,0.0,0.0,0.0,0.0,0.0,42.93701244133458,0.0,42.93701244133458,48.73437805161563,0.0,48.73437805161563,0
4.0,1.0,57.0,63.0,24041.5281035447,0.0,24041.5281035447,22413.6751787421,0.0,22413.6751787421,16237.2713752631,ra,0.0,0.0,0.0,0.0,0.0,0.0,36.03360048628201,0.0,36.03360048628201,42.93701244133458,0.0,42.93701244133458,0
4.0,1.0,59.0,64.0,19741.1962074672,0.0,19741.1962074672,36000.5107095881,0.0,36000.5107095881,27421.918402147,ra,0.0,0.0,0.0,0.0,0.0,0.0,24.945443187728877,0.0,24.945443187728877,36.03360048628201,0.0,36.03360048628201,0
4.0,0.0,58.0,65.0,20188.7740020659,20188.7740020659,0.0,120560.520741499,120560.520741499,0.0,27456.2755376563,ra,0.0,0.0,0.0,0.0,0.0,0.0,59.453465971773745,59.453465971773745,0.0,96.58610636015544,96.58610636015544,0.0,0
4.0,0.0,61.0,66.0,19286.3795027776,19286.3795027776,0.0,45441.1289244508,45441.1289244508,0.0,39015.4670187568,ra,0.0,0.0,0.0,0.0,0.0,0.0,96.58610636015544,96.58610636015544,0.0,110.5819740688863,110.5819740688863,0.0,0
4.0,0.0,63.0,67.0,16518.9379021764,16518.9379021764,0.0,23385.4454675469,23385.4454675469,0.0,45463.2697509544,ra,0.0,0.0,0.0,0.0,0.0,0.0,110.5819740688863,110.5819740688863,0.0,117.78469127289074,117.78469127289074,0.0,0
4.0,0.0,65.0,68.0,16228.0496170924,16228.0496170924,0.0,10569.3550505184,10569.3550505184,0.0,48702.0526758811,ra,0.0,0.0,0.0,0.0,0.0,0.0,117.78469127289074,117.78469127289074,0.0,121.04005262845041,121.04005262845041,0.0,0
4.0,1.0,66.0,69.0,15802.2977140373,0.0,15802.2977140373,39122.0341426643,0.0,39122.0341426643,48702.5157234626,ra,0.0,0.0,0.0,0.0,0.0,0.0,12.895856671788275,0.0,12.895856671788275,24.945443187728877,0.0,24.945443187728877,0
4.0,2.0,69.0,70.0,24242.04672144007,16011.0814154375,8230.96530600257,44437.0068670179,29799.8672497866,14637.1396172313,57952.4364496481,ra,5.0,0.0,5.0,166.33888330234413,130.2184117413847,36.12047156095944,165.5481418590909,121.04005262845041,44.50808923064047,12.895856671788275,0.0,12.895856671788275,1
4.0,2.0,68.0,71.0,24222.43641462717,16010.6884723873,8211.74794223987,27306.495193443596,73.9702918817957,27232.5249015618,57975.5602403068,ra,0.0,0.0,0.0,0.0,0.0,0.0,36.12047156095944,0.0,36.12047156095944,44.530872080540064,0.02278284989959308,44.50808923064047,0
4.0,0.0,71.0,72.0,11073.069476657,11073.069476657,0.0,33279.593586609,33279.593586609,0.0,69989.226327393,ra,0.0,0.0,0.0,0.0,0.0,0.0,0.02278284989959308,0.02278284989959308,0.0,10.272897674575166,10.272897674575166,0.0,0
4.0,2.0,75.0,73.0,21337.9057816767,10925.6060783794,10412.2997032973,61216.8350929752,18648.1077570154,42568.7273359598,78476.4553474238,ra,1.0,0.0,1.0,50.0,15.993732013836317,34.006267986163685,67.28846920222267,10.272897674575166,57.0155715276475,36.14325441085903,0.02278284989959308,36.12047156095944,1
4.0,0.0,83.0,74.0,10876.9999980846,10876.9999980846,0.0,39533.2148793308,39533.2148793308,0.0,96645.2667353262,ra,0.0,0.0,0.0,0.0,0.0,0.0,0.02278284989959308,0.02278284989959308,0.0,12.19901303273348,12.19901303273348,0.0,0
4.0,1.0,86.0,75.0,10239.998724531,0.0,10239.998724531,36345.2116964929,0.0,36345.2116964929,99246.7072366671,ra,0.0,0.0,0.0,0.0,0.0,0.0,45.82124632512769,0.0,45.82124632512769,57.0155715276475,0.0,57.0155715276475,0
4.0,0.0,89.0,76.0,6878.00128124901,6878.00128124901,0.0,26286.1169203949,26286.1169203949,0.0,111094.712718466,ra,0.0,0.0,0.0,0.0,0.0,0.0,12.19901303273348,12.19901303273348,0.0,20.29513704421511,20.29513704421511,0.0,0
4.0,1.0,91.0,77.0,7728.04230551103,0.0,7728.04230551103,37.9826999939869,0.0,37.9826999939869,115106.777258397,ra,0.0,0.0,0.0,0.0,0.0,0.0,45.80954765352954,0.0,45.80954765352954,45.82124632512769,0.0,45.82124632512769,0
4.0,2.0,87.0,78.0,15349.44862342799,7293.1561007636,8056.29252266439,42025.7933217471,18572.7083656691,23453.084956078,124531.184689634,ra,2.0,0.0,2.0,40.5840693585714,17.919407209359566,22.664662149211836,81.54579668048446,20.29513704421511,61.25065963626935,53.90567166501117,8.09612401148163,45.80954765352954,1
4.0,1.0,81.0,79.0,14238.2637348706,0.0,14238.2637348706,76867.1864265725,0.0,76867.1864265725,140362.585588507,ra,0.0,0.0,0.0,0.0,0.0,0.0,37.575566216885015,0.0,37.575566216885015,61.25065963626935,0.0,61.25065963626935,0
4.0,0.0,82.0,80.0,14417.6543875466,14417.6543875466,0.0,41346.2144335057,41346.2144335057,0.0,140910.113849637,ra,0.0,0.0,0.0,0.0,0.0,0.0,8.09612401148163,8.09612401148163,0.0,20.83075805700139,20.83075805700139,0.0,0
4.0,1.0,88.0,81.0,14501.5105253433,0.0,14501.5105253433,48412.0261937441,0.0,48412.0261937441,152869.110813305,ra,0.0,0.0,0.0,0.0,0.0,0.0,22.664662149211836,0.0,22.664662149211836,37.575566216885015,0.0,37.575566216885015,0
4.0,2.0,95.0,82.0,29499.9997821141,14928.9998128104,14570.9999693037,127094.9718739537,57641.2723543603,69453.6995195934,160563.715389321,ra,1.0,1.0,0.0,29.01386546666464,8.09612401148163,20.917741455183013,43.021422209361475,20.83075805700139,22.190664152360082,53.15280807987457,30.488145930662732,22.664662149211836,1
4.0,2.0,99.0,83.0,29501.2496709625,14929.6109247903,14571.6387461722,37561.94061501,19285.0689537004,18276.8716613096,167022.616706975,ra,1.0,0.0,1.0,48.49192501372997,36.427947168402454,12.063977845327512,59.11351145666697,30.488145930662732,28.625365526004234,22.190664152360085,2.380096075119287e-15,22.190664152360082,1
4.0,2.0,2.0,84.0,37135.979248738106,18661.9898553614,18473.9893933767,51602.3314462275,51602.3314462275,0.0,182066.45484822,link,0.0,0.0,0.0,0.0,0.0,0.0,28.625365526004238,2.380096075119287e-15,28.625365526004234,44.518883611442305,15.893518085438075,28.625365526004234,0
5.0,2.0,1.0,85.0,68793.7826224039,33913.4453688065,34880.3372535974,76876.4418514988,0.0,76876.4418514988,0.0,link,0.0,0.0,0.0,0.0,0.0,0.0,99.88139654787093,47.810486309002705,52.07091023886824,123.55934063813257,47.810486309002705,75.74885432912987,0
5.0,1.0,55.0,86.0,36003.5240013336,0.0,36003.5240013336,77918.9493386079,0.0,77918.9493386079,10624.4240384357,ra,0.0,0.0,0.0,0.0,0.0,0.0,28.071873842577,0.0,28.071873842577,52.07091023886824,0.0,52.07091023886824,0
5.0,0.0,56.0,87.0,32653.8009159093,32653.8009159093,0.0,83562.8354220787,83562.8354220787,0.0,12028.5386871855,ra,0.0,0.0,0.0,0.0,0.0,0.0,47.810486309002705,47.810486309002705,0.0,73.54783961900294,73.54783961900294,0.0,0
5.0,0.0,60.0,88.0,22401.2012920446,22401.2012920446,0.0,48119.0812404023,48119.0812404023,0.0,20923.6739875284,ra,0.0,0.0,0.0,0.0,0.0,0.0,73.54783961900294,73.54783961900294,0.0,88.36851664104687,88.36851664104687,0.0,0
5.0,1.0,62.0,89.0,21130.6204282264,0.0,21130.6204282264,42151.5445832777,0.0,42151.5445832777,23654.3930083756,ra,0.0,0.0,0.0,0.0,0.0,0.0,15.089198110927466,0.0,15.089198110927466,28.071873842577,0.0,28.071873842577,0
5.0,0.0,64.0,90.0,18512.6007291472,18512.6007291472,0.0,28054.9447055714,28054.9447055714,0.0,27817.9533374315,ra,0.0,0.0,0.0,0.0,0.0,0.0,88.36851664104687,88.36851664104687,0.0,97.00943961036288,97.00943961036288,0.0,0
5.0,1.0,67.0,91.0,18904.5964821672,0.0,18904.5964821672,23475.6587973467,0.0,23475.6587973467,29511.2591332548,ra,0.0,0.0,0.0,0.0,0.0,0.0,7.8586952013446805,0.0,7.8586952013446805,15.089198110927466,0.0,15.089198110927466,0
5.0,2.0,70.0,92.0,33127.6679782642,16315.8916479239,16811.7763303403,66757.5650953589,41242.3209351489,25515.24416021,39273.393575652,ra,5.0,0.0,5.0,161.73392150440256,109.71207445838874,52.02184704601381,149.0312866563767,97.00943961036288,52.02184704601381,7.8586952013446805,0.0,7.8586952013446805,1
5.0,1.0,76.0,93.0,15728.3542233459,0.0,15728.3542233459,36313.3579729706,0.0,36313.3579729706,47330.3638647794,ra,0.0,0.0,0.0,0.0,0.0,0.0,40.83733279033886,0.0,40.83733279033886,52.02184704601381,0.0,52.02184704601381,0
5.0,1.0,79.0,94.0,16446.3696921172,0.0,16446.3696921172,23071.3224968471,0.0,23071.3224968471,54724.0345686887,ra,0.0,0.0,0.0,0.0,0.0,0.0,33.731365461309956,0.0,33.731365461309956,40.83733279033886,0.0,40.83733279033886,0
5.0,0.0,80.0,95.0,16181.0369578104,16181.0369578104,0.0,48054.2387950906,48054.2387950906,0.0,54808.4650706048,ra,0.0,0.0,0.0,0.0,0.0,0.0,0.0,0.0,0.0,14.800705548887906,14.800705548887906,0.0,0
5.0,1.0,93.0,96.0,15425.0541977474,0.0,15425.0541977474,71633.4560473898,0.0,71633.4560473898,67696.5829264334,ra,0.0,0.0,0.0,0.0,0.0,0.0,11.668260998713892,0.0,11.668260998713892,33.731365461309956,0.0,33.731365461309956,0
5.0,0.0,94.0,97.0,16743.9409701348,16743.9409701348,0.0,43770.4753223488,43770.4753223488,0.0,67916.7177403682,ra,0.0,0.0,0.0,0.0,0.0,0.0,14.800705548887906,14.800705548887906,0.0,28.282011948171338,28.282011948171338,0.0,0
5.0,1.0,101.0,98.0,23926.8657512302,0.0,23926.8657512302,77300.6416447773,0.0,77300.6416447773,86150.6446371155,ra,1.0,0.0,1.0,49.99999999999999,0.0,49.99999999999999,37.859663372122476,0.0,37.859663372122476,11.668260998713892,0.0,11.668260998713892,1
5.0,0.0,102.0,99.0,23976.5917239922,23976.5917239922,0.0,77264.20880385,77264.20880385,0.0,86198.2118888899,ra,0.0,0.0,0.0,0.0,0.0,0.0,28.282011948171338,28.282011948171338,0.0,52.07938825975714,52.07938825975714,0.0,0
5.0,2.0,4.0,100.0,48295.9987384735,24204.9992554563,24090.9994830172,76993.1805753457,76993.1805753457,0.0,102115.051061861,link,0.0,0.0,0.0,0.0,0.0,0.0,89.93905163187961,52.07938825975714,37.859663372122476,113.6529512490861,75.79328787696362,37.859663372122476,0
6.0,2.0,0.0,101.0,17593.52882743976,9370.08985369332,8223.43897374644,12953.2423996405,0.0,12953.2423996405,0.0,link,0.0,0.0,0.0,0.0,0.0,0.0,0.0,0.0,0.0,3.989598659089274,0.0,3.989598659089274,0
6.0,0.0,74.0,102.0,9440.70012643683,9440.70012643683,0.0,2312.55832321132,2312.55832321132,0.0,1229.56192943354,ra,0.0,0.0,0.0,0.0,0.0,0.0,0.0,0.0,0.0,0.7122679635490866,0.7122679635490866,0.0,0
6.0,1.0,73.0,103.0,8534.074407472,0.0,8534.074407472,24039.8744350828,0.0,24039.8744350828,3961.10953120221,ra,3.0,0.0,3.0,90.50943659237021,0.0,90.50943659237021,83.1051552663647,0.0,83.1051552663647,0.0,0.0,0.0,1
6.0,0.0,72.0,104.0,9685.7540713875,9685.7540713875,0.0,6056.44894270489,6056.44894270489,0.0,4398.31801694572,ra,0.0,0.0,0.0,0.0,0.0,0.0,0.7122679635490866,0.7122679635490866,0.0,2.577654237902193,2.577654237902193,0.0,0
6.0,1.0,78.0,105.0,13533.1360897293,0.0,13533.1360897293,28618.48831192,0.0,28618.48831192,19100.037855584,ra,0.0,0.0,0.0,0.0,0.0,0.0,74.29066086629334,0.0,74.29066086629334,83.1051552663647,0.0,83.1051552663647,0
6.0,0.0,77.0,106.0,14150.2103751211,14150.2103751211,0.0,36073.4762370388,36073.4762370388,0.0,19123.3135023805,ra,0.0,0.0,0.0,0.0,0.0,0.0,2.577654237902193,2.577654237902193,0.0,13.688284918910144,13.688284918910144,0.0,0
6.0,0.0,84.0,107.0,14015.5507215474,14015.5507215474,0.0,20523.6910565088,20523.6910565088,0.0,26419.7471579885,ra,0.0,0.0,0.0,0.0,0.0,0.0,13.688284918910144,13.688284918910144,0.0,20.009581764314852,20.009581764314852,0.0,0
6.0,1.0,85.0,108.0,13577.8216299661,0.0,13577.8216299661,29374.4573384153,0.0,29374.4573384153,26439.3379118163,ra,0.0,0.0,0.0,0.0,0.0,0.0,65.24332800606142,0.0,65.24332800606142,74.29066086629334,0.0,74.29066086629334,0
6.0,0.0,90.0,109.0,14458.3667880935,14458.3667880935,0.0,14488.6025679174,14488.6025679174,0.0,31550.905729363,ra,0.0,0.0,0.0,0.0,0.0,0.0,20.009581764314852,20.009581764314852,0.0,24.47207135523341,24.47207135523341,0.0,0
6.0,1.0,92.0,110.0,14091.1965122171,0.0,14091.1965122171,16065.7534271718,0.0,16065.7534271718,32304.5420789757,ra,0.0,0.0,0.0,0.0,0.0,0.0,60.2950759504925,0.0,60.2950759504925,65.24332800606142,0.0,65.24332800606142,0
6.0,2.0,98.0,111.0,30972.8842403762,15986.2762154003,14986.6080249759,53330.90054941049,33425.7512662432,19905.1492831673,42213.9465999939,ra,0.0,0.0,0.0,0.0,0.0,0.0,78.63636132651038,24.47207135523341,54.16428997127697,95.06227869572882,34.76720274523632,60.2950759504925,0
6.0,1.0,104.0,112.0,17237.3205627434,0.0,17237.3205627434,34298.2284088288,0.0,34298.2284088288,51171.1374208719,ra,0.0,0.0,0.0,0.0,0.0,0.0,43.60043562135772,0.0,43.60043562135772,54.16428997127697,0.0,54.16428997127697,0
6.0,0.0,105.0,113.0,20384.4498952667,20384.4498952667,0.0,47000.4083530959,47000.4083530959,0.0,55341.5561750109,ra,0.0,0.0,0.0,0.0,0.0,0.0,34.76720274523632,34.76720274523632,0.0,49.24332851798985,49.24332851798985,0.0,0
6.0,1.0,106.0,114.0,19799.8525288606,0.0,19799.8525288606,6627.56512262276,0.0,6627.56512262276,57703.6588402105,ra,0.0,0.0,0.0,0.0,0.0,0.0,41.55914556358991,0.0,41.55914556358991,43.60043562135772,0.0,43.60043562135772,0
6.0,0.0,108.0,115.0,22330.7026330019,22330.7026330019,0.0,16822.4294753507,16822.4294753507,0.0,59273.6377198263,ra,0.0,0.0,0.0,0.0,0.0,0.0,49.24332851798985,49.24332851798985,0.0,54.42463679639787,54.42463679639787,0.0,0
6.0,2.0,3.0,116.0,43852.3829830634,22912.2538280909,20940.1291549725,7254.95365633483,7254.95365633483,0.0,60876.2242421798,link,0.0,0.0,0.0,0.0,0.0,0.0,95.98378235998777,54.42463679639787,41.55914556358991,98.2183080861389,56.659162522548996,41.55914556358991,0
7.0,2.0,0.0,117.0,11819.72883309257,5668.99952865367,6150.7293044389,20183.9878116345,0.0,20183.9878116345,0.0,link,0.0,0.0,0.0,0.0,0.0,0.0,0.0,0.0,0.0,6.216668245983427,0.0,6.216668245983427,0
7.0,2.0,96.0,118.0,16750.43996107374,8281.7922636936,8468.64769738014,34855.99460973138,8787.48726450068,26068.5073452307,6667.95544755655,ra,2.0,0.0,2.0,23.84879513726577,2.7065460774662093,21.14224905979956,13.113148797468504,0.0,13.113148797468504,4.440892098500626e-16,4.440892098500626e-16,0.0,1
7.0,2.0,97.0,119.0,16803.00194301874,8309.64474409952,8493.35719891922,179.5115985862136,88.7645506722473,90.7470479139663,6721.47492677825,ra,0.0,0.0,0.0,0.0,0.0,0.0,13.085198706711003,4.440892098500626e-16,13.085198706711003,13.140488279075557,0.027339481607052796,13.113148797468504,0
7.0,0.0,100.0,120.0,13554.3161042731,13554.3161042731,0.0,22068.9577674959,22068.9577674959,0.0,18033.1308843645,ra,0.0,0.0,0.0,0.0,0.0,0.0,0.027339481607052796,0.027339481607052796,0.0,6.824578473995791,6.824578473995791,0.0,0
7.0,1.0,103.0,121.0,15944.2118325408,0.0,15944.2118325408,9291.39730848557,0.0,9291.39730848557,19154.1734195509,ra,1.0,0.0,1.0,16.63938015953707,0.0,16.63938015953707,26.862828495234517,0.0,26.862828495234517,13.085198706711003,0.0,13.085198706711003,1
7.0,2.0,2.0,122.0,31479.2646876848,14962.6751347339,16516.5895529509,21458.7834029422,21458.7834029422,0.0,25294.5418793567,link,0.0,0.0,0.0,0.0,0.0,0.0,33.68740696923031,6.824578473995791,26.862828495234517,40.29671225733651,13.433883762101988,26.862828495234517,0
8.0,2.0,2.0,123.0,14782.3695846428,7482.84754160049,7299.52204304231,11430.7034650488,0.0,11430.7034650488,0.0,link,0.0,0.0,0.0,0.0,0.0,0.0,16.196935653558675,13.675230670890041,2.5217049826686324,19.717592320793706,13.675230670890041,6.042361649903663,0
8.0,1.0,107.0,124.0,6958.35099573627,0.0,6958.35099573627,8187.35383983322,0.0,8187.35383983322,2119.20843181615,ra,0.0,0.0,0.0,0.0,0.0,0.0,0.0,0.0,0.0,2.5217049826686324,0.0,2.5217049826686324,0
8.0,2.0,111.0,125.0,9208.20636712835,4168.18387658208,5040.02249054627,13642.41603114191,10610.9556704707,3031.46036067121,9055.82449812222,ra,1.0,0.0,1.0,17.877094808481747,16.943405017395015,0.9336897910867328,13.675230670890041,13.675230670890041,0.0,0.0,0.0,0.0,1
8.0,2.0,0.0,126.0,9708.89067456805,5120.67365793185,4588.2170166362,11152.0763011101,11152.0763011101,0.0,21173.6853058851,link,0.0,0.0,0.0,0.0,0.0,0.0,0.0,0.0,0.0,3.4348395007419112,3.4348395007419112,0.0,0
9.0,2.0,2.0,127.0,31818.42313617,16104.8835451968,15713.5395909732,24002.8723755815,0.0,24002.8723755815,0.0,link,0.0,0.0,0.0,0.0,0.0,0.0,53.261974467927956,13.430598982460992,39.831375485466964,60.65485915960706,13.430598982460992,47.224260177146064,0
9.0,0.0,109.0,128.0,17929.3338177348,17929.3338177348,0.0,22233.1620305147,22233.1620305147,0.0,6516.74421097716,ra,0.0,0.0,0.0,0.0,0.0,0.0,13.430598982460992,13.430598982460992,0.0,20.278412887859524,20.278412887859524,0.0,0
9.0,1.0,110.0,129.0,16715.7243720159,0.0,16715.7243720159,41226.6104824692,0.0,41226.6104824692,6527.40648559258,ra,0.0,0.0,0.0,0.0,0.0,0.0,27.133579456866443,0.0,27.133579456866443,39.831375485466964,0.0,39.831375485466964,0
9.0,2.0,116.0,130.0,36693.0558776816,18116.8086480647,18576.2472296169,63152.2314406059,31926.6763387178,31225.5551018881,15445.3717833973,ra,1.0,0.0,1.0,38.76020403120216,20.188414863320247,18.57178916788191,56.36631054122634,20.278412887859524,36.08789765336682,37.056993793730804,9.92341433686436,27.133579456866443,1
9.0,0.0,122.0,131.0,18771.2912047982,18771.2912047982,0.0,23153.4482354074,23153.4482354074,0.0,21672.6218089021,ra,0.0,0.0,0.0,0.0,0.0,0.0,9.92341433686436,9.92341433686436,0.0,17.05467639336984,17.05467639336984,0.0,0
9.0,1.0,123.0,132.0,18688.6310780343,0.0,18688.6310780343,21124.15986731,0.0,21124.15986731,26271.1343633983,ra,0.0,0.0,0.0,0.0,0.0,0.0,29.581656414235333,0.0,29.581656414235333,36.08789765336682,0.0,36.08789765336682,0
9.0,2.0,7.0,133.0,31601.8542643027,15291.9117888883,16309.9424754144,39693.1511032681,39693.1511032681,0.0,33157.1268468838,link,0.0,0.0,0.0,0.0,0.0,0.0,46.63633280760517,17.05467639336984,29.581656414235333,58.86182334741175,29.280166933176417,29.581656414235333,0
10.0,2.0,3.0,134.0,31606.6695639389,16070.5474552074,15536.1221087315,876.281378643092,0.0,876.281378643092,0.0,link,0.0,0.0,0.0,0.0,0.0,0.0,70.01982667286984,45.1982024398592,24.821624233010645,70.28972133749193,45.1982024398592,25.091518897632717,0
10.0,2.0,112.0,135.0,20482.292071415,10386.9656808517,10095.3263905633,77199.5674356368,39212.351587896,37987.2158477408,14793.4065314786,ra,1.0,1.0,0.0,49.99999999999999,39.43593224541278,10.564067754587214,68.8838319463529,45.1982024398592,23.68562950649369,42.66129871652903,17.83967448351839,24.821624233010645,1
10.0,2.0,4.0,136.0,20473.6189956967,10382.5344994114,10091.0844962853,901.5928066001,901.5928066001,0.0,15227.5355211014,link,0.0,0.0,0.0,0.0,0.0,0.0,41.52530399001208,17.83967448351839,23.68562950649369,41.80299457444491,18.11736506795122,23.68562950649369,0
11.0,2.0,3.0,137.0,48420.0541429227,24599.8231829302,23820.2309599925,25396.4262763502,0.0,25396.4262763502,0.0,link,0.0,0.0,0.0,0.0,0.0,0.0,92.23385516765613,47.5246439387523,44.70921122890383,100.055954460772,47.5246439387523,52.531310522019695,0
11.0,2.0,113.0,138.0,48814.9931722971,24295.4347117739,24519.5584605232,67768.1645842998,34032.6255473008,33735.539036999,6967.48714814497,ra,1.0,0.0,1.0,50.0,6.787917536506978,43.212082463493026,125.05539160775345,47.5246439387523,77.53074766900116,95.92798629971782,51.21877507081398,44.70921122890383,1
11.0,0.0,117.0,139.0,22023.285967337,22023.285967337,0.0,32076.4664664123,32076.4664664123,0.0,13790.4538038903,ra,0.0,0.0,0.0,0.0,0.0,0.0,51.21877507081398,51.21877507081398,0.0,61.09832674246897,61.09832674246897,0.0,0
11.0,1.0,118.0,140.0,22284.9266194441,0.0,22284.9266194441,33701.8886644055,0.0,33701.8886644055,14053.3882390507,ra,0.0,0.0,0.0,0.0,0.0,0.0,67.15056596036426,0.0,67.15056596036426,77.53074766900116,0.0,77.53074766900116,0
11.0,2.0,5.0,141.0,42919.8251598076,21285.3584845686,21634.466675239,26141.2234576225,26141.2234576225,0.0,19878.6900646546,link,0.0,0.0,0.0,0.0,0.0,0.0,128.24889270283325,61.09832674246897,67.15056596036426,136.30038952778096,69.1498235674167,67.15056596036426,0
12.0,2.0,4.0,142.0,53131.6723320628,26537.1834811746,26594.4888508882,31246.4886001598,0.0,31246.4886001598,0.0,link,0.0,0.0,0.0,0.0,0.0,0.0,92.0044192390628,51.24150635709084,40.762912881971964,101.62833772791203,51.24150635709084,50.386831370821184,0
12.0,0.0,120.0,143.0,22288.895823896,22288.895823896,0.0,67285.1539459114,67285.1539459114,0.0,13722.6357161214,ra,0.0,0.0,0.0,0.0,0.0,0.0,51.24150635709084,51.24150635709084,0.0,71.96533377243155,71.96533377243155,0.0,0
12.0,1.0,119.0,144.0,22492.6689728353,0.0,22492.6689728353,67871.846063942,0.0,67871.846063942,13775.3691799331,ra,1.0,0.0,1.0,49.57655044479205,0.0,49.57655044479205,69.43493473906987,0.0,69.43493473906987,40.762912881971964,0.0,40.762912881971964,1
12.0,2.0,5.0,145.0,44751.0771921405,22273.0392762582,22478.0379158823,31196.8175846597,31196.8175846597,0.0,20725.0958331826,link,0.0,0.0,0.0,0.0,0.0,0.0,141.40026851150142,71.96533377243155,69.43493473906987,151.0088883275766,81.57395358850674,69.43493473906987,0
13.0,2.0,4.0,146.0,25987.610544625597,13119.3784455626,12868.232099063,24107.6698093879,0.0,24107.6698093879,0.0,link,0.0,0.0,0.0,0.0,0.0,0.0,39.0433837480687,38.989615564694596,0.0537681833741049,46.46854604936017,38.989615564694596,7.478930484665579,0
13.0,1.0,115.0,147.0,10655.0818315375,0.0,10655.0818315375,174.572023941899,0.0,174.572023941899,12655.9421841123,ra,0.0,0.0,0.0,0.0,0.0,0.0,0.0,0.0,0.0,0.0537681833741049,0.0,0.0537681833741049,0
13.0,0.0,114.0,148.0,11183.6183451154,11183.6183451154,0.0,31110.6271871052,31110.6271871052,0.0,12725.5782136216,ra,0.0,0.0,0.0,0.0,0.0,0.0,38.989615564694596,38.989615564694596,0.0,48.571688738323,48.571688738323,0.0,0
13.0,2.0,121.0,149.0,13974.00634747334,7033.00411775856,6941.00222971478,106391.78724612939,44439.8688246501,61951.9184214793,36309.8952864744,ra,3.0,3.0,0.0,119.27623077344396,48.571688738323,70.70454203512097,100.19503989962833,48.571688738323,51.62335116130533,13.687479597992231,13.687479597992231,0.0,1
13.0,1.0,129.0,150.0,7362.49465739319,0.0,7362.49465739319,13229.9521865053,0.0,13229.9521865053,54986.8926639146,ra,0.0,0.0,0.0,0.0,0.0,0.0,47.54852588786169,0.0,47.54852588786169,51.62335116130533,0.0,51.62335116130533,0
13.0,0.0,128.0,151.0,7963.31449008736,7963.31449008736,0.0,27912.16958586,27912.16958586,0.0,55258.2918559062,ra,0.0,0.0,0.0,0.0,0.0,0.0,13.687479597992231,13.687479597992231,0.0,22.28442783043711,22.28442783043711,0.0,0
13.0,1.0,127.0,152.0,11309.7143794641,0.0,11309.7143794641,17886.2152026232,0.0,17886.2152026232,66083.6762164012,ra,0.0,0.0,0.0,0.0,0.0,0.0,42.039571605453744,0.0,42.039571605453744,47.54852588786169,0.0,47.54852588786169,0
13.0,0.0,126.0,153.0,11768.8795544372,11768.8795544372,0.0,18226.4007565125,18226.4007565125,0.0,66152.7749055271,ra,0.0,0.0,0.0,0.0,0.0,0.0,22.28442783043711,22.28442783043711,0.0,27.898159263442963,27.898159263442963,0.0,0
13.0,1.0,131.0,154.0,13063.1309770766,0.0,13063.1309770766,30671.8435925205,0.0,30671.8435925205,77946.0497397112,ra,0.0,0.0,0.0,0.0,0.0,0.0,32.592643778957424,0.0,32.592643778957424,42.039571605453744,0.0,42.039571605453744,0
13.0,0.0,132.0,155.0,13332.5048339698,13332.5048339698,0.0,31866.5990943388,31866.5990943388,0.0,78200.6092463489,ra,0.0,0.0,0.0,0.0,0.0,0.0,27.898159263442963,27.898159263442963,0.0,37.71307178449931,37.71307178449931,0.0,0
13.0,2.0,141.0,156.0,20915.585370117602,10623.7234191176,10291.861951,34934.66004003699,17686.9496121317,17247.7104279053,85720.8848871018,ra,0.0,0.0,0.0,0.0,0.0,0.0,64.99342075166192,37.71307178449931,27.280348967162595,75.7532960439933,43.16065226503588,32.592643778957424,0
13.0,1.0,144.0,157.0,10312.6666929756,0.0,10312.6666929756,26517.4055540081,0.0,26517.4055540081,92148.0377185692,ra,0.0,0.0,0.0,0.0,0.0,0.0,19.1129880565281,0.0,19.1129880565281,27.280348967162595,0.0,27.280348967162595,0
13.0,0.0,146.0,158.0,10682.0887260768,10682.0887260768,0.0,17722.2697365695,17722.2697365695,0.0,94057.5406178836,ra,0.0,0.0,0.0,0.0,0.0,0.0,43.16065226503588,43.16065226503588,0.0,48.619111343899284,48.619111343899284,0.0,0
13.0,0.0,153.0,159.0,10865.4133062023,10865.4133062023,0.0,26782.2661808343,26782.2661808343,0.0,106351.198252807,ra,0.0,0.0,0.0,0.0,0.0,0.0,48.619111343899284,48.619111343899284,0.0,56.868049327596246,56.868049327596246,0.0,0
13.0,1.0,165.0,160.0,10841.3914265234,0.0,10841.3914265234,42880.066834124,0.0,42880.066834124,121193.591490271,ra,0.0,0.0,0.0,0.0,0.0,0.0,5.905927471617906,0.0,5.905927471617906,19.1129880565281,0.0,19.1129880565281,0
13.0,2.0,166.0,161.0,21769.3135715549,10924.7717317326,10844.5418398223,61748.019858066196,31757.2041283557,29990.8157297105,121274.128299309,ra,1.0,1.0,0.0,42.5026461981763,13.687479597992231,28.815166600184067,82.35197215464738,56.868049327596246,25.48392282705114,58.86771607275548,52.96178860113757,5.905927471617906,1
13.0,2.0,8.0,162.0,20326.8379673694,10049.6549230906,10277.1830442788,23999.4133765245,23999.4133765245,0.0,132616.969219855,link,0.0,0.0,0.0,0.0,0.0,0.0,78.4457114281887,52.96178860113757,25.48392282705114,85.83753074815826,60.35360792110711,25.48392282705114,0
14.0,2.0,5.0,163.0,94497.8226477467,47019.266876753,47478.5557709937,18726.8504151593,0.0,18726.8504151593,0.0,link,0.0,0.0,0.0,0.0,0.0,0.0,236.6205106231316,128.26332850374496,108.35718211938664,242.38838055100067,128.26332850374496,114.1250520472557,0
14.0,0.0,125.0,164.0,46935.1899031602,46935.1899031602,0.0,43495.7749008434,43495.7749008434,0.0,4629.48262057162,ra,1.0,1.0,0.0,46.22243909030799,46.22243909030799,0.0,128.26332850374496,128.26332850374496,0.0,95.43758808289677,95.43758808289677,0.0,1
14.0,1.0,124.0,165.0,47664.7520038718,0.0,47664.7520038718,44086.4914897388,0.0,44086.4914897388,4633.73189838993,ra,0.0,0.0,0.0,0.0,0.0,0.0,94.7785427405471,0.0,94.7785427405471,108.35718211938664,0.0,108.35718211938664,0
14.0,2.0,6.0,166.0,94641.6911720278,46900.6207445268,47741.070427501,18458.3884100412,18458.3884100412,0.0,6596.60038925666,link,0.0,0.0,0.0,0.0,0.0,0.0,190.21613082344385,95.43758808289677,94.7785427405471,195.90131445373655,101.12277171318945,94.7785427405471,0
15.0,2.0,6.0,167.0,75207.4913410466,44538.3019109056,30669.189430141,37697.0030363307,0.0,37697.0030363307,0.0,link,0.0,0.0,0.0,0.0,0.0,0.0,150.54682614713028,110.41095041641273,40.13587573071754,162.15750308232012,110.41095041641273,51.746552665907394,0
15.0,1.0,135.0,168.0,16721.3274524539,0.0,16721.3274524539,130311.284839992,0.0,130311.284839992,25738.7432238461,ra,0.0,0.0,0.0,0.0,0.0,0.0,0.0,0.0,0.0,40.13587573071754,0.0,40.13587573071754,0
15.0,0.0,136.0,169.0,16271.068415411,16271.068415411,0.0,157829.465818351,157829.465818351,0.0,25740.9022185623,ra,4.0,4.0,0.0,159.02242588846485,159.02242588846485,0.0,110.41095041641273,110.41095041641273,0.0,0.0,0.0,0.0,1
15.0,2.0,0.0,170.0,10998.09198493645,5379.56194516866,5618.53003976779,36500.2514099417,36500.2514099417,0.0,48631.178555929,link,0.0,0.0,0.0,0.0,0.0,0.0,0.0,0.0,0.0,11.242077434262045,11.242077434262045,0.0,0
16.0,2.0,6.0,171.0,79740.5667298025,40135.9531021025,39604.6136277,56017.9116263197,0.0,56017.9116263197,0.0,link,0.0,0.0,0.0,0.0,0.0,0.0,188.14604653706428,76.53969727005388,111.6063492670104,205.39956331797077,76.53969727005388,128.85986604791688,0
16.0,1.0,137.0,172.0,29014.9759926702,0.0,29014.9759926702,83893.2413221206,0.0,83893.2413221206,12316.8385533337,ra,0.0,0.0,0.0,0.0,0.0,0.0,85.76723093979724,0.0,85.76723093979724,111.6063492670104,0.0,111.6063492670104,0
16.0,0.0,138.0,173.0,29278.0080852545,29278.0080852545,0.0,91715.7564521452,91715.7564521452,0.0,12575.9466885105,ra,1.0,1.0,0.0,42.67290671651385,42.67290671651385,0.0,76.53969727005388,76.53969727005388,0.0,62.11524354080074,62.11524354080074,0.0,1
16.0,1.0,142.0,174.0,27688.6509021466,0.0,27688.6509021466,63006.5586717228,0.0,63006.5586717228,16134.1141427644,ra,1.0,0.0,1.0,45.49565789517919,0.0,45.49565789517919,111.85686876408582,0.0,111.85686876408582,85.76723093979724,0.0,85.76723093979724,1
16.0,1.0,143.0,175.0,27113.7325928473,0.0,27113.7325928473,72589.6670074587,0.0,72589.6670074587,21914.8582594722,ra,0.0,0.0,0.0,0.0,0.0,0.0,89.49925132578853,0.0,89.49925132578853,111.85686876408582,0.0,111.85686876408582,0
16.0,0.0,145.0,176.0,28145.026567285,28145.026567285,0.0,72859.904959997,72859.904959997,0.0,25449.0803158335,ra,0.0,0.0,0.0,0.0,0.0,0.0,62.11524354080074,62.11524354080074,0.0,84.55609426847982,84.55609426847982,0.0,0
16.0,1.0,148.0,177.0,25731.8558288299,0.0,25731.8558288299,94621.5376393873,0.0,94621.5376393873,32933.7519739179,ra,0.0,0.0,0.0,0.0,0.0,0.0,60.35581773285725,0.0,60.35581773285725,89.49925132578853,0.0,89.49925132578853,0
16.0,0.0,152.0,178.0,26253.796275777,26253.796275777,0.0,70599.7566192532,70599.7566192532,0.0,38451.5895162813,ra,1.0,1.0,0.0,18.33120378158035,18.33120378158035,0.0,84.55609426847982,84.55609426847982,0.0,87.96961552562945,87.96961552562945,0.0,1
16.0,1.0,154.0,179.0,24880.2140787093,0.0,24880.2140787093,24577.3763939493,0.0,24577.3763939493,44683.895016081,ra,0.0,0.0,0.0,0.0,0.0,0.0,52.78598580352086,0.0,52.78598580352086,60.35581773285725,0.0,60.35581773285725,0
16.0,0.0,159.0,180.0,25418.7221777421,25418.7221777421,0.0,56801.6159392716,56801.6159392716,0.0,49497.4689014342,ra,2.0,2.0,0.0,87.96961552562945,87.96961552562945,0.0,87.96961552562945,87.96961552562945,0.0,17.494897709295657,17.494897709295657,0.0,1
16.0,1.0,160.0,181.0,25469.3693020146,0.0,25469.3693020146,59349.9121330718,0.0,59349.9121330718,49565.5184208006,ra,0.0,0.0,0.0,0.0,0.0,0.0,34.50621286653474,0.0,34.50621286653474,52.78598580352086,0.0,52.78598580352086,0
16.0,1.0,171.0,182.0,26935.5497477119,0.0,26935.5497477119,58941.5213126196,0.0,58941.5213126196,67595.9687520987,ra,0.0,0.0,0.0,0.0,0.0,0.0,16.352224302247897,0.0,16.352224302247897,34.50621286653474,0.0,34.50621286653474,0
16.0,0.0,174.0,183.0,27462.4751098044,27462.4751098044,0.0,101142.052749134,101142.052749134,0.0,68666.0746432526,ra,0.0,0.0,0.0,0.0,0.0,0.0,17.494897709295657,17.494897709295657,0.0,48.64664995602894,48.64664995602894,0.0,0
16.0,1.0,178.0,184.0,27163.1527528195,0.0,27163.1527528195,31537.4824078932,0.0,31537.4824078932,81021.8926734055,ra,0.0,0.0,0.0,0.0,0.0,0.0,6.638679720616791,0.0,6.638679720616791,16.352224302247897,0.0,16.352224302247897,0
16.0,0.0,187.0,185.0,29187.9984476255,29187.9984476255,0.0,133078.562065394,133078.562065394,0.0,92123.379066016,ra,0.0,0.0,0.0,0.0,0.0,0.0,48.64664995602894,48.64664995602894,0.0,89.6348470721703,89.6348470721703,0.0,0
16.0,1.0,188.0,186.0,28376.9986665812,0.0,28376.9986665812,21554.1549370675,0.0,21554.1549370675,92203.5095301381,ra,0.0,0.0,0.0,0.0,0.0,0.0,-6.135949021557514e-16,0.0,-6.135949021557514e-16,6.638679720616791,0.0,6.638679720616791,0
16.0,2.0,194.0,187.0,71124.20344709541,35553.8279012094,35570.375545886,175104.794376022,85992.7754667718,89112.0189092502,106046.116569043,ra,4.0,0.0,4.0,199.99999999999997,55.183758364041104,144.81624163595887,207.00458688408008,89.6348470721703,117.36973981190977,60.9368635518949,60.9368635518949,-6.135949021557514e-16,1
16.0,2.0,12.0,188.0,71147.99996754559,35564.9999847632,35582.9999827824,55989.7431175008,55989.7431175008,0.0,113917.810760995,link,0.0,0.0,0.0,0.0,0.0,0.0,178.30660336380467,60.9368635518949,117.36973981190977,195.55144424399492,78.18170443208516,117.36973981190977,0
18.0,2.0,7.0,191.0,26949.9999999978,13587.9999999988,13361.999999999,25247.0177737235,0.0,25247.0177737235,0.0,link,0.0,0.0,0.0,0.0,0.0,0.0,51.88475570553541,22.119751859216034,29.765003846319377,59.66083717984225,22.119751859216034,37.541085320626216,0
18.0,0.0,139.0,192.0,13587.9186189986,13587.9186189986,0.0,33475.6574390956,33475.6574390956,0.0,12318.1380453438,ra,0.0,0.0,0.0,0.0,0.0,0.0,22.119751859216034,22.119751859216034,0.0,32.43025435045749,32.43025435045749,0.0,0
18.0,1.0,140.0,193.0,13361.9322654755,0.0,13361.9322654755,72402.660427751,0.0,72402.660427751,12346.3056788137,ra,0.0,0.0,0.0,0.0,0.0,0.0,7.464984434572066,0.0,7.464984434572066,29.765003846319377,0.0,29.765003846319377,0
18.0,2.0,147.0,194.0,21133.145613699402,10354.0731302489,10779.0724834505,61981.2795290299,35469.2818691713,26511.9976598586,27186.3293839123,ra,2.0,0.0,2.0,100.0,43.354793166162246,56.64520683383775,88.37475033963085,32.43025435045749,55.94449598917336,7.464984434572066,0.0,7.464984434572066,1
18.0,1.0,151.0,195.0,10817.8434695675,0.0,10817.8434695675,12404.6496275872,0.0,12404.6496275872,33051.8075491023,ra,0.0,0.0,0.0,0.0,0.0,0.0,52.123863903876504,0.0,52.123863903876504,55.94449598917336,0.0,55.94449598917336,0
18.0,1.0,155.0,196.0,12387.6872636234,0.0,12387.6872636234,41592.2753993848,0.0,41592.2753993848,43226.7291306564,ra,0.0,0.0,0.0,0.0,0.0,0.0,39.31344308086599,0.0,39.31344308086599,52.123863903876504,0.0,52.123863903876504,0
18.0,0.0,156.0,197.0,11585.3862732974,11585.3862732974,0.0,35084.2185836153,35084.2185836153,0.0,43271.6778334303,ra,0.0,0.0,0.0,0.0,0.0,0.0,0.0,0.0,0.0,10.805939323753515,10.805939323753515,0.0,0
18.0,1.0,158.0,198.0,11682.0168018291,0.0,11682.0168018291,14605.2394731254,0.0,14605.2394731254,49245.074030708,ra,0.0,0.0,0.0,0.0,0.0,0.0,34.815029323143364,0.0,34.815029323143364,39.31344308086599,0.0,39.31344308086599,0
18.0,0.0,157.0,199.0,10952.7903248772,10952.7903248772,0.0,20251.5452871353,20251.5452871353,0.0,52243.2225994162,ra,0.0,0.0,0.0,0.0,0.0,0.0,10.805939323753515,10.805939323753515,0.0,17.04341527219119,17.04341527219119,0.0,0
18.0,1.0,161.0,200.0,8533.4929596628,0.0,8533.4929596628,24236.9624499093,0.0,24236.9624499093,69644.2700043588,ra,0.0,0.0,0.0,0.0,0.0,0.0,27.350044888571293,0.0,27.350044888571293,34.815029323143364,0.0,34.815029323143364,0
18.0,0.0,162.0,201.0,8972.23316325207,8972.23316325207,0.0,35053.1448326828,35053.1448326828,0.0,69682.0105996121,ra,0.0,0.0,0.0,0.0,0.0,0.0,17.04341527219119,17.04341527219119,0.0,27.839783880657492,27.839783880657492,0.0,0
18.0,2.0,167.0,202.0,17024.72901544851,8263.2955761644,8761.43343928411,24914.051197294502,12262.7328130128,12651.3183842817,76811.9776614867,ra,0.0,0.0,0.0,0.0,0.0,0.0,51.293222706870026,27.839783880657492,23.45343882621253,58.96675047563673,31.616705587065436,27.350044888571293,0
18.0,0.0,175.0,203.0,7912.19781312535,7912.19781312535,0.0,24398.9554548074,24398.9554548074,0.0,91803.7907317536,ra,0.0,0.0,0.0,0.0,0.0,0.0,31.616705587065436,31.616705587065436,0.0,39.13158386714612,39.13158386714612,0.0,0
18.0,1.0,176.0,204.0,8875.83878859374,0.0,8875.83878859374,35715.6984760086,0.0,35715.6984760086,91872.4611970398,ra,0.0,0.0,0.0,0.0,0.0,0.0,12.453003695601884,0.0,12.453003695601884,23.45343882621253,0.0,23.45343882621253,0
18.0,2.0,190.0,205.0,47292.9371799686,22515.082655355,24777.8545246136,95089.04874416921,62094.805880694,32994.2428634752,121334.732705969,ra,2.0,2.0,0.0,80.25816163485709,36.16861548344494,44.08954615141215,85.5119069122098,39.13158386714612,46.380323045063676,34.541172290556815,22.08816859495493,12.453003695601884,1
18.0,2.0,11.0,206.0,53098.002767233804,24816.3642256391,28281.6385415947,22501.5672879359,22501.5672879359,0.0,126075.531741563,link,0.0,0.0,0.0,0.0,0.0,0.0,68.46849164001861,22.08816859495493,46.380323045063676,75.39897436470287,29.018651319639186,46.380323045063676,0
19.0,2.0,7.0,207.0,19888.0,9830.0,10058.0,4268.91694,0.0,4268.91694,0.0,link,0.0,0.0,0.0,0.0,0.0,0.0,36.381630822031255,26.40815060995126,9.973480212079998,37.69645723955126,26.40815060995126,11.2883066296,0
19.0,1.0,130.0,208.0,10058.0,0.0,10058.0,17404.16204,0.0,17404.16204,7445.46706764246,ra,0.0,0.0,0.0,0.0,0.0,0.0,4.6129983037599995,0.0,4.6129983037599995,9.973480212079998,0.0,9.973480212079998,0
19.0,0.0,134.0,209.0,9830.0,9830.0,0.0,31635.2992,31635.2992,0.0,16091.2031866585,ra,2.0,2.0,0.0,36.15182276355126,36.15182276355126,0.0,26.40815060995126,26.40815060995126,0.0,0.0,0.0,0.0,1
19.0,1.0,133.0,210.0,10058.0,0.0,10058.0,14977.26722,0.0,14977.26722,16097.3995823694,ra,0.0,0.0,0.0,0.0,0.0,0.0,0.0,0.0,0.0,4.6129983037599995,0.0,4.6129983037599995,0
19.0,2.0,0.0,211.0,19888.0,9830.0,10058.0,4184.3361,4184.3361,0.0,18219.577121931,link,0.0,0.0,0.0,0.0,0.0,0.0,0.0,0.0,0.0,1.2887755188000003,1.2887755188000003,0.0,0
20.0,2.0,0.0,212.0,19481.0003447438,9701.00019990513,9780.00014483867,31718.9360412727,0.0,31718.9360412727,0.0,link,0.0,0.0,0.0,0.0,0.0,0.0,0.0,0.0,0.0,9.769432300711992,0.0,9.769432300711992,0
20.0,1.0,149.0,213.0,9780.00074312627,0.0,9780.00074312627,41311.2760660871,0.0,41311.2760660871,1524.74512441346,ra,1.0,0.0,1.0,48.650327812093366,0.0,48.650327812093366,35.926454783738535,0.0,35.926454783738535,0.0,0.0,0.0,1
20.0,0.0,150.0,214.0,9701.00332077514,9701.00332077514,0.0,5083.71262198212,5083.71262198212,0.0,2620.22338885237,ra,0.0,0.0,0.0,0.0,0.0,0.0,0.0,0.0,0.0,1.5657834875704932,1.5657834875704932,0.0,0
20.0,0.0,163.0,215.0,10133.9989103389,10133.9989103389,0.0,38952.505983054,38952.505983054,0.0,22308.8999344534,ra,0.0,0.0,0.0,0.0,0.0,0.0,1.5657834875704932,1.5657834875704932,0.0,13.563155330351126,13.563155330351126,0.0,0
20.0,1.0,164.0,216.0,10094.128472639,0.0,10094.128472639,2982.31331156508,0.0,2982.31331156508,22364.4498639692,ra,1.0,0.0,1.0,6.246134770209125,0.0,6.246134770209125,41.25403705398561,0.0,41.25403705398561,35.926454783738535,0.0,35.926454783738535,1
20.0,2.0,8.0,217.0,21962.979690817003,10983.9900500203,10978.9896407967,31884.879589547,31884.879589547,0.0,37253.2284842051,link,0.0,0.0,0.0,0.0,0.0,0.0,54.817192384336735,13.563155330351126,41.25403705398561,64.63773529791722,23.383698243931605,41.25403705398561,0
21.0,2.0,8.0,218.0,21649.000000000102,11074.0,10575.0000000001,7431.68671999561,0.0,7431.68671999561,0.0,link,0.0,0.0,0.0,0.0,0.0,0.0,60.58840085905416,42.7737685262987,17.81463233275546,62.87736036881281,42.7737685262987,20.103591842514106,0
21.0,0.0,168.0,219.0,11074.0000000038,11074.0000000038,0.0,5284.5128000004,5284.5128000004,0.0,2386.04494997369,ra,0.0,0.0,0.0,0.0,0.0,0.0,42.7737685262987,42.7737685262987,0.0,44.40139846869883,44.40139846869883,0.0,0
21.0,0.0,169.0,220.0,11074.000000012,11074.000000012,0.0,1386.57554000089,1386.57554000089,0.0,3012.12908443473,ra,0.0,0.0,0.0,0.0,0.0,0.0,44.40139846869883,44.40139846869883,0.0,44.828463735019106,44.828463735019106,0.0,0
21.0,1.0,170.0,221.0,10575.0000000169,0.0,10575.0000000169,17781.8883775489,0.0,17781.8883775489,3039.09831202883,ra,0.0,0.0,0.0,0.0,0.0,0.0,12.337810712470397,0.0,12.337810712470397,17.81463233275546,0.0,17.81463233275546,0
21.0,1.0,172.0,222.0,10575.0000113916,0.0,10575.0000113916,8256.88444286018,0.0,8256.88444286018,6552.72944512765,ra,0.0,0.0,0.0,0.0,0.0,0.0,9.794690304069459,0.0,9.794690304069459,12.337810712470397,0.0,12.337810712470397,0
21.0,0.0,173.0,223.0,11074.0000108703,11074.0000108703,0.0,8128.86970117104,8128.86970117104,0.0,6682.42135103473,ra,1.0,1.0,0.0,37.779864558449745,37.779864558449745,0.0,44.828463735019106,44.828463735019106,0.0,9.552291044530035,9.552291044530035,0.0,1
21.0,1.0,177.0,224.0,11462.2327375431,0.0,11462.2327375431,24369.6785444533,0.0,24369.6785444533,17934.8030239513,ra,0.0,0.0,0.0,0.0,0.0,0.0,2.2888293123778403,0.0,2.2888293123778403,9.794690304069459,0.0,9.794690304069459,0
21.0,1.0,179.0,225.0,11511.932296797,0.0,11511.932296797,7431.26400122676,0.0,7431.26400122676,21523.4301002063,ra,0.0,0.0,0.0,0.0,0.0,0.0,-2.3869795029440866e-15,0.0,-2.3869795029440866e-15,2.2888293123778403,0.0,2.2888293123778403,0
21.0,0.0,180.0,226.0,11776.9561689664,11776.9561689664,0.0,33780.0918498022,33780.0918498022,0.0,21602.960316319,ra,0.0,0.0,0.0,0.0,0.0,0.0,9.552291044530035,9.552291044530035,0.0,19.956559334269112,19.956559334269112,0.0,0
21.0,2.0,183.0,227.0,23288.9999999286,11776.9999999694,11511.9999999592,24431.43923242101,18003.8484824192,6427.59075000181,29246.6421925882,ra,2.0,0.0,2.0,62.367286984617635,15.416868793224136,46.950418191393496,64.92727957466205,19.956559334269112,44.970720240392936,10.084875873630088,10.08487587363009,-2.3869795029440866e-15,1
21.0,2.0,10.0,228.0,23288.9999999998,11776.9999999999,11511.9999999999,7602.76011999671,7602.76011999671,0.0,32474.4736101551,link,0.0,0.0,0.0,0.0,0.0,0.0,55.055596114023025,10.08487587363009,44.970720240392936,57.39724623098201,12.426525990589077,44.970720240392936,0
22.0,2.0,8.0,229.0,18089.34980232114,9293.63667702267,8795.71312529847,50832.0723555467,0.0,50832.0723555467,0.0,link,0.0,0.0,0.0,0.0,0.0,0.0,47.118797125092534,28.552122505409145,18.56667461968339,62.77507541060091,28.552122505409145,34.22295290519177,0
22.0,2.0,9.0,230.0,22551.7599214391,11229.4921808602,11322.2677405789,51972.8061182546,51972.8061182546,0.0,25496.1440920557,link,0.0,0.0,0.0,0.0,0.0,0.0,47.118797125092534,28.552122505409145,18.56667461968339,63.12642140951495,44.55974678983156,18.56667461968339,0
24.0,2.0,9.0,233.0,25786.108144857702,12922.6073175015,12863.5008273562,6204.50134751721,0.0,6204.50134751721,0.0,link,0.0,0.0,0.0,0.0,0.0,0.0,60.590969271365935,33.83011370614818,26.760855565217753,62.50195568640123,33.83011370614818,28.671841980253053,0
24.0,0.0,184.0,234.0,12911.6129537198,12911.6129537198,0.0,18090.429727144,18090.429727144,0.0,7001.12487688288,ra,1.0,1.0,0.0,9.990104745137295,9.990104745137295,0.0,33.83011370614818,33.83011370614818,0.0,29.411861316971244,29.411861316971244,0.0,1
24.0,1.0,186.0,235.0,12846.4691022428,0.0,12846.4691022428,33996.7215934133,0.0,33996.7215934133,7412.43177077668,ra,0.0,0.0,0.0,0.0,0.0,0.0,16.289865314446455,0.0,16.289865314446455,26.760855565217753,0.0,26.760855565217753,0
24.0,1.0,189.0,236.0,12797.6950404071,0.0,12797.6950404071,8262.45858933682,0.0,8262.45858933682,10447.761196687,ra,0.0,0.0,0.0,0.0,0.0,0.0,13.745028068930715,0.0,13.745028068930715,16.289865314446455,0.0,16.289865314446455,0
24.0,0.0,197.0,237.0,9570.73893282761,9570.73893282761,0.0,55115.4602453017,55115.4602453017,0.0,30840.5691895132,ra,0.0,0.0,0.0,0.0,0.0,0.0,29.411861316971244,29.411861316971244,0.0,46.38742307252417,46.38742307252417,0.0,0
24.0,1.0,198.0,238.0,9946.42620888775,0.0,9946.42620888775,44626.7145095153,0.0,44626.7145095153,30857.3340619152,ra,0.0,0.0,0.0,0.0,0.0,0.0,0.0,0.0,0.0,13.745028068930715,0.0,13.745028068930715,0
24.0,2.0,210.0,239.0,15887.70615160749,7870.70573058493,8017.00042102256,90039.7330100835,43367.7917068959,46671.9413031876,55766.1486133563,ra,2.0,0.0,2.0,100.00000000000003,33.349106322206396,66.65089367779363,98.66335882893601,46.38742307252417,52.27593575641184,26.395596596041717,26.395596596041717,0.0,1
24.0,1.0,213.0,240.0,8321.88022874515,0.0,8321.88022874515,7786.61290276462,0.0,7786.61290276462,60869.9211900911,ra,0.0,0.0,0.0,0.0,0.0,0.0,49.87765898236033,0.0,49.87765898236033,52.27593575641184,0.0,52.27593575641184,0
24.0,0.0,214.0,241.0,8366.57069978269,8366.57069978269,0.0,9134.05861319777,9134.05861319777,0.0,61482.2045354548,ra,0.0,0.0,0.0,0.0,0.0,0.0,26.395596596041717,26.395596596041717,0.0,29.20888664890663,29.20888664890663,0.0,0
24.0,2.0,226.0,242.0,28294.0206982518,14163.5504368669,14130.4702613849,52155.546104176596,33092.1003001113,19063.4458040653,76000.7341358558,ra,1.0,1.0,0.0,50.0,22.425691785787986,27.57430821421201,100.78931253782685,29.20888664890663,71.58042588892022,66.85322073791326,16.975561755552924,49.87765898236033,1
24.0,2.0,15.0,243.0,28738.6713502246,14383.3123439625,14355.3590062621,6217.55359002561,6217.55359002561,0.0,78175.474803374,link,0.0,0.0,0.0,0.0,0.0,0.0,88.55598764447313,16.975561755552924,71.58042588892022,90.47099415020102,18.890568261280812,71.58042588892022,0
25.0,2.0,9.0,244.0,18444.994544675952,9036.99752648209,9407.99701819386,18226.3650365836,0.0,18226.3650365836,0.0,link,0.0,0.0,0.0,0.0,0.0,0.0,31.915285985925085,29.181903430722937,2.733382555202149,37.52900641719283,29.181903430722937,8.3471029864699,0
25.0,0.0,181.0,245.0,9638.76325800112,9638.76325800112,0.0,44040.98297035,44040.98297035,0.0,25610.5675707886,ra,1.0,1.0,0.0,17.584742429819535,17.584742429819535,0.0,29.181903430722937,29.181903430722937,0.0,25.161783755771207,25.161783755771207,0.0,1
25.0,1.0,182.0,246.0,9527.61677341169,0.0,9527.61677341169,45025.019800587,0.0,45025.019800587,25630.3354942948,ra,1.0,0.0,1.0,44.38073282935262,0.0,44.38073282935262,33.24640928597397,0.0,33.24640928597397,2.733382555202149,0.0,2.733382555202149,1
25.0,2.0,10.0,247.0,19006.7279100321,9665.34291491844,9341.38499511366,18711.1790913528,18711.1790913528,0.0,35248.1726115327,link,0.0,0.0,0.0,0.0,0.0,0.0,58.40819304174518,25.161783755771207,33.24640928597397,64.17123620188184,30.924826915907868,33.24640928597397,0
26.0,2.0,10.0,248.0,39799.090315948604,19727.656489473,20071.4338264756,12745.358204922,0.0,12745.358204922,0.0,link,0.0,0.0,0.0,0.0,0.0,0.0,98.32929598301344,33.69454484512973,64.63475113788371,102.2548663101294,33.69454484512973,68.56032146499967,0
26.0,0.0,185.0,249.0,19971.0637528884,19971.0637528884,0.0,15800.7935872806,15800.7935872806,0.0,3979.73029800346,ra,0.0,0.0,0.0,0.0,0.0,0.0,33.69454484512973,33.69454484512973,0.0,38.56118927001215,38.56118927001215,0.0,0
26.0,1.0,191.0,250.0,29655.4467390276,0.0,29655.4467390276,95904.7756863211,0.0,95904.7756863211,21983.5670709269,ra,0.0,0.0,0.0,0.0,0.0,0.0,35.09608022649681,0.0,35.09608022649681,64.63475113788371,0.0,64.63475113788371,0
26.0,2.0,11.0,251.0,61239.0276416527,31319.7944712375,29919.2331704152,94740.9379804083,94740.9379804083,0.0,24120.7762535988,link,0.0,0.0,0.0,0.0,0.0,0.0,73.65726949650896,38.56118927001215,35.09608022649681,102.83747839447473,67.74139816797792,35.09608022649681,0
27.0,2.0,11.0,252.0,68446.95855219441,33632.3321209786,34814.6264312158,15604.4145583224,0.0,15604.4145583224,0.0,link,0.0,0.0,0.0,0.0,0.0,0.0,77.77553496203683,47.94377922917846,29.831755732858376,82.58169464600013,47.94377922917846,34.63791541682168,0
27.0,0.0,199.0,253.0,29715.9548515929,29715.9548515929,0.0,99181.0191956301,99181.0191956301,0.0,15398.2814879574,ra,0.0,0.0,0.0,0.0,0.0,0.0,47.94377922917846,47.94377922917846,0.0,78.49153314143254,78.49153314143254,0.0,0
27.0,1.0,200.0,254.0,27462.2259431798,0.0,27462.2259431798,73895.6909969349,0.0,73895.6909969349,15788.2300471589,ra,0.0,0.0,0.0,0.0,0.0,0.0,7.071882905802423,0.0,7.071882905802423,29.831755732858376,0.0,29.831755732858376,0
27.0,2.0,209.0,255.0,39803.000772140804,18775.2599855575,21027.7407865833,147146.58632751892,81555.23447022,65591.3518572989,32030.5850885025,ra,3.0,0.0,3.0,142.87395975642687,47.94377922917846,94.9301805272484,160.2914602024353,78.49153314143254,81.79992706100276,62.73864903488426,55.666766129081836,7.071882905802423,1
27.0,0.0,211.0,256.0,16952.9432638946,16952.9432638946,0.0,22760.4501055564,22760.4501055564,0.0,38562.6549711216,ra,0.0,0.0,0.0,0.0,0.0,0.0,55.666766129081836,55.666766129081836,0.0,62.676984761593204,62.676984761593204,0.0,0
27.0,0.0,217.0,257.0,14923.34787731,14923.34787731,0.0,43893.2158975543,43893.2158975543,0.0,51994.455333056,ra,0.0,0.0,0.0,0.0,0.0,0.0,62.676984761593204,62.676984761593204,0.0,76.19609525803993,76.19609525803993,0.0,0
27.0,1.0,216.0,258.0,16064.7865328213,0.0,16064.7865328213,22960.6587850728,0.0,22960.6587850728,52217.7859827402,ra,0.0,0.0,0.0,0.0,0.0,0.0,74.72804415520034,0.0,74.72804415520034,81.79992706100276,0.0,81.79992706100276,0
27.0,1.0,220.0,259.0,15273.5497081432,0.0,15273.5497081432,22460.6268387875,0.0,22460.6268387875,72827.5521510141,ra,0.0,0.0,0.0,0.0,0.0,0.0,67.81017108885379,0.0,67.81017108885379,74.72804415520034,0.0,74.72804415520034,0
27.0,0.0,222.0,260.0,13969.7949387614,13969.7949387614,0.0,63036.7155561026,63036.7155561026,0.0,72993.5375681565,ra,0.0,0.0,0.0,0.0,0.0,0.0,76.19609525803993,76.19609525803993,0.0,95.61140364931953,95.61140364931953,0.0,0
27.0,2.0,223.0,261.0,28115.7326932638,13396.479626617,14719.2530666468,86413.1671617678,19998.6352809813,66414.5318807865,80453.8359529617,ra,0.0,0.0,0.0,0.0,0.0,0.0,142.96589891889107,95.61140364931953,47.35449526957156,169.58115440471556,101.77098331586177,67.81017108885379,0
27.0,1.0,224.0,262.0,15546.2889831198,0.0,15546.2889831198,73136.6101997202,0.0,73136.6101997202,88033.8072308468,ra,0.0,0.0,0.0,9.914216843597108e-07,0.0,9.914216843597108e-07,24.828420319479417,0.0,24.828420319479417,47.35449526957156,0.0,47.35449526957156,0
27.0,0.0,225.0,263.0,14240.8796108091,14240.8796108091,0.0,20993.7231683195,20993.7231683195,0.0,88042.5953486906,ra,0.0,0.0,0.0,0.0,0.0,0.0,101.77098331586177,101.77098331586177,0.0,108.23705005170417,108.23705005170417,0.0,0
27.0,0.0,228.0,264.0,16210.1141141057,16210.1141141057,0.0,33843.4145817759,33843.4145817759,0.0,99290.1862589441,ra,0.0,0.0,0.0,0.0,0.0,0.0,108.23705005170417,108.23705005170417,0.0,118.66082174289116,118.66082174289116,0.0,0
27.0,2.0,230.0,265.0,34177.789667498,16266.7915147338,17910.9981527642,106511.5480033828,25899.7969382603,80611.7510651225,107271.26953268,ra,4.0,4.0,0.0,164.8555240159583,70.22293136846605,94.63259264749226,213.29341538180512,118.66082174289116,94.63259363891395,81.24344815088871,56.41502783140929,24.828420319479417,1
27.0,0.0,231.0,266.0,18725.9999778317,18725.9999778317,0.0,62859.5735281175,62859.5735281175,0.0,124467.354651869,ra,0.0,0.0,0.0,0.0,0.0,0.0,56.41502783140929,56.41502783140929,0.0,75.77577647806947,75.77577647806947,0.0,0
27.0,1.0,229.0,267.0,21167.9999889026,0.0,21167.9999889026,101642.528773758,0.0,101642.528773758,125208.618296011,ra,0.0,0.0,0.0,0.0,0.0,0.0,63.32669477659648,0.0,63.32669477659648,94.63259363891395,0.0,94.63259363891395,0
27.0,2.0,15.0,268.0,39893.9999998457,18725.9999999336,21167.9999999121,16580.5621766321,16580.5621766321,0.0,128894.513137464,link,0.0,0.0,0.0,0.0,0.0,0.0,139.10247026324427,75.77577647806947,63.326693785174804,144.20928440506864,80.88258962847216,63.32669477659648,0
28.0,2.0,11.0,269.0,61992.2787513973,31725.312247826,30266.9665035713,8215.23262979123,0.0,8215.23262979123,0.0,link,0.0,0.0,0.0,0.0,0.0,0.0,88.20867929261064,46.358376673143084,41.850302619467556,90.73897094258635,46.358376673143084,44.38059426944326,0
28.0,0.0,192.0,270.0,30439.2241679383,30439.2241679383,0.0,21455.6670568085,21455.6670568085,0.0,3445.55910715547,ra,1.0,1.0,0.0,28.666177254474434,28.666177254474434,0.0,46.358376673143084,46.358376673143084,0.0,24.30054487216567,24.30054487216567,0.0,1
28.0,1.0,193.0,271.0,26291.6779728645,0.0,26291.6779728645,39598.8087581442,0.0,39598.8087581442,7393.84594775699,ra,0.0,0.0,0.0,0.0,0.0,0.0,29.653869521959145,0.0,29.653869521959145,41.850302619467556,0.0,41.850302619467556,0
28.0,0.0,195.0,272.0,18498.9087746208,18498.9087746208,0.0,79345.3149314,79345.3149314,0.0,21968.3457181098,ra,0.0,0.0,0.0,0.0,0.0,0.0,24.30054487216567,24.30054487216567,0.0,48.738901871036866,48.738901871036866,0.0,0
28.0,1.0,196.0,273.0,17419.1863324911,0.0,17419.1863324911,53858.9068737316,0.0,53858.9068737316,22264.116411145,ra,0.0,0.0,0.0,0.0,0.0,0.0,13.065326204849812,0.0,13.065326204849812,29.653869521959145,0.0,29.653869521959145,0
28.0,1.0,203.0,274.0,9355.61733758555,0.0,9355.61733758555,42419.8902754864,0.0,42419.8902754864,35869.2262752123,ra,0.0,0.0,0.0,0.0,0.0,0.0,0.0,0.0,0.0,13.065326204849812,0.0,13.065326204849812,0
28.0,0.0,202.0,275.0,10322.6895163413,10322.6895163413,0.0,44652.0581963835,44652.0581963835,0.0,35908.1959799376,ra,2.0,2.0,0.0,62.491735795522985,62.491735795522985,0.0,48.738901871036866,48.738901871036866,0.0,0.0,0.0,0.0,1
28.0,2.0,0.0,276.0,16044.98321671642,8425.39921826346,7619.58399845296,9007.1853967425,9007.1853967425,0.0,40879.2796779836,link,0.0,0.0,0.0,0.0,0.0,0.0,0.0,0.0,0.0,2.7742131021966903,2.7742131021966903,0.0,0
30.0,2.0,12.0,279.0,31173.0077127878,15334.6891591729,15838.3185536149,27460.4467656701,0.0,27460.4467656701,0.0,link,0.0,0.0,0.0,0.0,0.0,0.0,146.6991835734791,49.89918420782181,96.79999936565729,155.15700117730552,49.89918420782182,105.25781696948368,0
30.0,0.0,201.0,280.0,15342.1685357064,15342.1685357064,0.0,5774.00459913302,5774.00459913302,0.0,1882.30501330568,ra,0.0,0.0,0.0,0.0,0.0,0.0,49.89918420782182,49.89918420782182,0.0,51.67757762435479,51.67757762435479,0.0,0
30.0,1.0,204.0,281.0,15008.3801891543,0.0,15008.3801891543,48539.0941140661,0.0,48539.0941140661,15325.3757236118,ra,0.0,0.0,0.0,0.0,0.0,0.0,81.84995837852492,0.0,81.84995837852492,96.79999936565729,0.0,96.79999936565729,0
30.0,0.0,205.0,282.0,14615.1043928834,14615.1043928834,0.0,42470.7835812159,42470.7835812159,0.0,15632.2115214018,ra,0.0,0.0,0.0,0.0,0.0,0.0,51.67757762435479,51.67757762435479,0.0,64.75857896736929,64.75857896736929,0.0,0
30.0,2.0,13.0,283.0,18934.3901725728,9143.1385769236,9791.2515956492,25362.3331074238,25362.3331074238,0.0,27311.5905726122,link,0.0,0.0,0.0,0.0,0.0,0.0,146.6085373458942,64.75857896736929,81.84995837852492,154.42013594298075,72.57017756445583,81.84995837852492,0
31.0,2.0,12.0,284.0,61211.2617744492,30941.9007084376,30269.3610660116,11697.5766277116,0.0,11697.5766277116,0.0,link,0.0,0.0,0.0,0.0,0.0,0.0,179.65262189459605,99.71303643888422,79.93958545571182,183.2554754959312,99.71303643888422,83.54243905704699,0
31.0,1.0,208.0,285.0,29780.0349085717,0.0,29780.0349085717,72754.3270050161,0.0,72754.3270050161,10173.7794302971,ra,0.0,0.0,0.0,0.0,0.0,0.0,57.53125273816687,0.0,57.53125273816687,79.93958545571182,0.0,79.93958545571182,0
31.0,0.0,207.0,286.0,30402.9541425937,30402.9541425937,0.0,62397.0411602338,62397.0411602338,0.0,10175.4293545811,ra,0.0,0.0,0.0,0.0,0.0,0.0,99.71303643888422,99.71303643888422,0.0,118.93132511623622,118.93132511623622,0.0,0
31.0,2.0,212.0,287.0,62402.9342497772,31525.7279110326,30877.2063387446,136331.4092642348,75248.3837478545,61083.0255163803,22337.1483709023,ra,1.0,1.0,0.0,50.0,43.05901642915521,6.940983570844792,164.58998956620275,118.93132511623622,45.65866444996653,156.58006361958707,99.0488108814202,57.53125273816687,1
31.0,2.0,14.0,288.0,62766.261417807,31611.057809806,31155.203608001,11902.9605248606,11902.9605248606,0.0,24222.213413882,link,0.0,0.0,0.0,0.0,0.0,0.0,144.70747533138672,99.0488108814202,45.65866444996653,148.3735871730438,102.71492272307727,45.65866444996653,0
32.0,2.0,13.0,289.0,24034.0,12223.0,11811.0,23190.0367499885,0.0,23190.0367499885,0.0,link,0.0,0.0,0.0,0.0,0.0,0.0,147.2776046239843,72.57017756445583,74.70742705952846,154.42013594298075,72.57017756445583,81.84995837852492,0
32.0,2.0,206.0,290.0,24034.0000000012,12223.0000000006,11811.0000000006,82091.99852463797,5549.73092000006,76542.2676046379,2270.21285318104,ra,4.0,0.0,4.0,89.23935896140092,60.697222014546576,28.54213694685435,152.24472314861015,72.57017756445583,79.67454558415433,88.28969973279771,13.582272673269252,74.70742705952846,1
32.0,1.0,221.0,291.0,17574.9999998822,0.0,17574.9999998822,5362.66644000006,0.0,5362.66644000006,28816.082062451,ra,0.0,0.0,0.0,0.0,0.0,0.0,78.0228443206343,0.0,78.0228443206343,79.67454558415433,0.0,79.67454558415433,0
32.0,2.0,16.0,292.0,35472.0,17897.0,17575.0,102128.704967993,102128.704967993,0.0,35413.5690178666,link,0.0,0.0,0.0,0.0,0.0,0.0,91.60511699390355,13.582272673269252,78.0228443206343,123.0607581240454,45.0379138034111,78.0228443206343,0
33.0,2.0,14.0,293.0,25491.3919282071,13297.3329457903,12194.0589824168,49298.1104224123,0.0,49298.1104224123,0.0,link,0.0,0.0,0.0,0.0,0.0,0.0,44.34092118797481,41.64867600877152,2.692245179203288,59.52474324873293,41.64868005942665,17.876063189306276,0
33.0,2.0,215.0,294.0,25513.5709485368,13302.6381126901,12210.9328358467,18270.234913790802,9529.17913715675,8741.05577663405,3582.74329905444,ra,2.0,0.0,2.0,44.58367026896631,44.58367026896631,0.0,41.64868005942665,41.64868005942665,0.0,2.6922434778334647,-1.7013698234144628e-06,2.692245179203288,1
33.0,2.0,0.0,295.0,27433.9391849649,13761.9854531938,13671.9537317711,50762.0194878173,50762.0194878173,0.0,22213.6117866395,link,0.0,0.0,0.0,0.0,0.0,0.0,-1.7013698234144628e-06,-1.7013698234144628e-06,0.0,15.634702002247732,15.634702002247732,0.0,0
34.0,2.0,14.0,296.0,40290.9817282687,40289.5340857765,1.44764249220084,47009.7465792213,0.0,47009.7465792213,0.0,link,0.0,0.0,0.0,0.0,0.0,0.0,126.85228112639038,87.30746426321801,39.544816863172365,141.33128307279054,87.30746426321801,54.02381880957253,0
34.0,2.0,219.0,297.0,40084.6794214896,20069.2583308031,20015.4210906865,122570.63369373631,94769.8337207351,27800.7999730012,14615.9886216738,ra,0.0,0.0,0.0,0.0,3.820306209469804e-06,-3.820306209469804e-06,118.28963091439978,87.30746426321801,30.98216665118177,156.04138609207058,116.49656922889822,39.544816863172365,0
34.0,1.0,227.0,298.0,19833.8652373147,0.0,19833.8652373147,21349.1131097913,0.0,21349.1131097913,19958.1076890932,ra,0.0,0.0,0.0,0.0,0.0,0.0,24.406639813366056,0.0,24.406639813366056,30.98216665118177,0.0,30.98216665118177,0
34.0,0.0,235.0,299.0,19233.9789959859,19233.9789959859,0.0,47763.747289987,47763.747289987,0.0,26934.1491638682,ra,4.0,4.0,0.0,131.2078033942142,131.2078033942142,0.0,116.49656922889822,116.49656922889822,0.0,0.0,0.0,0.0,1
34.0,1.0,236.0,300.0,19715.5870318337,0.0,19715.5870318337,22822.0437484395,0.0,22822.0437484395,27007.4041804783,ra,0.0,0.0,0.0,0.0,0.0,0.0,17.377450177379824,0.0,17.377450177379824,24.406639813366056,0.0,24.406639813366056,0
34.0,2.0,20.0,301.0,42848.933143860995,20473.5804606555,22375.3526832055,44942.6925531694,44942.6925531694,0.0,38220.8594846279,link,0.0,0.0,0.0,0.0,0.0,0.0,17.377450177379824,0.0,17.377450177379824,31.219799483756,13.842349306376176,17.377450177379824,0
35.0,2.0,0.0,302.0,13637.0,6766.0,6871.0,48240.5351899999,0.0,48240.5351899999,0.0,link,0.0,0.0,0.0,0.0,0.0,0.0,34.13920956925446,0.0,34.13920956925446,48.99729440777446,0.0,48.99729440777446,0
35.0,0.0,218.0,303.0,6766.0,6766.0,0.0,15563.62682,15563.62682,0.0,11501.3526660994,ra,0.0,0.0,0.0,0.0,0.0,0.0,0.0,0.0,0.0,4.793597060560001,4.793597060560001,0.0,0
35.0,2.0,16.0,304.0,13637.0,6766.0,6871.0,31939.71492,31939.71492,0.0,35104.4629542217,link,0.0,0.0,0.0,0.0,0.0,0.0,38.932806629814465,4.793597060560001,34.13920956925446,48.77023882517446,14.631029255920001,34.13920956925446,0
36.0,2.0,15.0,305.0,63592.0,31158.0,32434.0,25270.30242,0.0,25270.30242,0.0,link,0.0,0.0,0.0,0.0,0.0,0.0,143.9787784608556,58.31403491093678,85.66474354991882,151.7620316062156,58.31403491093678,93.44799669527883,0
36.0,0.0,237.0,306.0,31158.0,31158.0,0.0,37254.99744,37254.99744,0.0,5978.40628225615,ra,3.0,3.0,0.0,69.78857412245678,69.78857412245678,0.0,58.31403491093678,58.31403491093678,0.0,0.0,0.0,0.0,1
36.0,1.0,238.0,307.0,32434.0,0.0,32434.0,44659.9963,0.0,44659.9963,6884.76410576914,ra,0.0,0.0,0.0,0.0,0.0,0.0,71.90946468951886,0.0,71.90946468951886,85.66474354991882,0.0,85.66474354991882,0
36.0,2.0,17.0,308.0,63592.0,31158.0,32434.0,29924.1432,29924.1432,0.0,10780.4149902554,link,0.0,0.0,0.0,0.0,0.0,0.0,71.90946468951886,0.0,71.90946468951886,81.12610079511886,9.216636105600001,71.90946468951886,0
37.0,2.0,16.0,309.0,61280.6441162145,31014.1744637331,30266.4696524814,61506.4401406688,0.0,61506.4401406688,0.0,link,0.0,0.0,0.0,0.0,0.0,0.0,130.89291826913995,48.67189550095412,82.22102276818582,149.8369018324659,48.67189550095412,101.1650063315118,0
37.0,0.0,232.0,310.0,31188.9181978021,31188.9181978021,0.0,9525.29339943545,9525.29339943545,0.0,1531.60155183027,ra,0.0,0.0,0.0,0.0,0.0,0.0,48.67189550095412,48.67189550095412,0.0,51.60568586798024,51.60568586798024,0.0,0
37.0,2.0,18.0,311.0,64809.525076994905,32882.2900340846,31927.2350429103,53540.460073465,53540.460073465,0.0,9891.28354449013,link,0.0,0.0,0.0,0.0,0.0,0.0,133.82670863616607,51.60568586798024,82.22102276818582,150.3171703387933,68.09614757060746,82.22102276818582,0
38.0,2.0,17.0,312.0,73980.9084088181,36437.7364219997,37543.1719868184,171637.919263567,0.0,171637.919263567,0.0,link,0.0,0.0,0.0,0.0,0.0,0.0,50.39850707834569,19.432338534409965,30.966168543935723,103.26298621152432,19.432338534409965,83.83064767711436,0
38.0,1.0,233.0,313.0,38288.3848812199,0.0,38288.3848812199,71264.0127216205,0.0,71264.0127216205,5385.57294187173,ra,2.0,0.0,2.0,64.21062487856267,0.0,64.21062487856267,73.22747750423926,0.0,73.22747750423926,30.966168543935723,0.0,30.966168543935723,1
38.0,0.0,234.0,314.0,38355.5663129252,38355.5663129252,0.0,52380.024504807,52380.024504807,0.0,7097.78606046679,ra,0.0,0.0,0.0,0.0,0.0,0.0,19.432338534409965,19.432338534409965,0.0,35.56538608189052,35.56538608189052,0.0,0
38.0,1.0,239.0,315.0,41712.9401712972,0.0,41712.9401712972,40622.2291022271,0.0,40622.2291022271,14257.7141698898,ra,0.0,0.0,0.0,0.0,0.0,0.0,60.71583094075333,0.0,60.71583094075333,73.22747750423926,0.0,73.22747750423926,0
38.0,0.0,240.0,316.0,40728.8663078391,40728.8663078391,0.0,56977.7970121151,56977.7970121151,0.0,14300.5054996462,ra,1.0,1.0,0.0,46.63447033051292,46.63447033051292,0.0,35.56538608189052,35.56538608189052,0.0,6.480077231109057,6.480077231109057,0.0,1
38.0,2.0,22.0,317.0,105896.4428578996,51540.438437961,54356.0044199386,164600.439599617,164600.439599617,0.0,31585.4341675124,link,0.0,0.0,0.0,0.0,0.0,0.0,67.19590817186238,6.480077231109057,60.71583094075333,117.89284356854444,57.1770126277911,60.71583094075333,0
39.0,2.0,17.0,318.0,25562.2788538132,12328.3002896388,13233.9785641744,39766.6592704558,0.0,39766.6592704558,0.0,link,0.0,0.0,0.0,0.0,0.0,0.0,36.883190506303386,25.418401060194665,11.464789446108721,49.13132156160377,25.418401060194665,23.71292050140911,0
39.0,2.0,24.0,319.0,21529.4529436522,10591.5844792127,10937.8684644395,37947.3758159135,37947.3758159135,0.0,17071.729881247,link,0.0,0.0,0.0,0.0,0.0,0.0,36.883190506303386,25.418401060194665,11.464789446108721,48.57098225760474,37.10619281149602,11.464789446108721,0
40.0,2.0,18.0,320.0,25932.8384078479,12821.1458632264,13111.6925446215,33495.9188990446,0.0,33495.9188990446,0.0,link,0.0,0.0,0.0,0.0,0.0,0.0,55.530318254458926,44.14565952393048,11.384658730528441,65.84706127536467,44.14565952393048,21.701401751434176,0
40.0,2.0,26.0,321.0,22387.8945153677,11334.7070106569,11053.1875047108,33432.5339456627,33432.5339456627,0.0,13785.5992106443,link,0.0,0.0,0.0,0.0,0.0,0.0,55.530318254458926,44.14565952393048,11.384658730528441,65.82753870972303,54.44287997919459,11.384658730528441,0
41.0,2.0,18.0,322.0,65100.0643805413,32409.6776559215,32690.3867246198,170953.765242591,0.0,170953.765242591,0.0,link,0.0,0.0,0.0,0.0,0.0,0.0,111.06675622952748,63.57569147708543,47.49106475244206,163.72051592424552,63.57569147708543,100.14482444716009,0
41.0,0.0,241.0,323.0,32828.8089278736,32828.8089278736,0.0,10359.5962090881,10359.5962090881,0.0,1588.99980042748,ra,2.0,2.0,0.0,66.76644710948456,66.76644710948456,0.0,63.57569147708543,63.57569147708543,0.0,0.0,0.0,0.0,1
41.0,0.0,242.0,324.0,32828.8089278736,32828.8089278736,0.0,0.0,0.0,0.0,1588.99980042748,ra,0.0,0.0,0.0,0.0,0.0,0.0,0.0,0.0,0.0,0.0,0.0,0.0,0
41.0,2.0,25.0,325.0,107717.843361102,52411.8634929897,55305.9798681123,160387.907504592,160387.907504592,0.0,19664.6825171201,link,0.0,0.0,0.0,0.0,0.0,0.0,47.49106475244206,0.0,47.49106475244206,96.8905402638564,49.399475511414344,47.49106475244206,0
42.0,2.0,0.0,326.0,64323.0,34358.0,29965.0,5842.87535,0.0,5842.87535,0.0,link,0.0,0.0,0.0,0.0,0.0,0.0,36.642637651070864,0.0,36.642637651070864,38.44224325887087,0.0,38.44224325887087,0
42.0,2.0,21.0,327.0,64323.0,34358.0,29965.0,6699.46642,6699.46642,0.0,974.993087217836,link,0.0,0.0,0.0,0.0,0.0,0.0,36.642637651070864,0.0,36.642637651070864,38.70607330843087,2.06343565736,36.642637651070864,0
43.0,2.0,20.0,328.0,150198.49863614672,75767.4489434685,74431.0496926782,5130.77431917987,0.0,5130.77431917987,0.0,link,0.0,0.0,0.0,0.0,0.0,0.0,63.66593918642888,63.665939186428886,-7.105427357601002e-15,65.24621767673628,63.665939186428886,1.580278490307393,0
43.0,2.0,243.0,329.0,143910.6207571261,71622.8655725805,72287.7551845456,293911.014155205,147233.481063914,146677.533091291,10005.6920912667,ra,6.0,6.0,0.0,179.27600846296926,53.9614639086123,125.31454455435696,143.8038035486682,63.665939186428886,80.13786436223933,55.0523879922614,55.05238799226141,-7.105427357601002e-15,1
43.0,2.0,22.0,330.0,143835.3128743358,71573.2272359724,72262.0856383634,5082.7022288147,5082.7022288147,0.0,10360.6755425037,link,0.0,0.0,0.0,0.0,0.0,0.0,135.19025235450073,55.05238799226141,80.13786436223933,136.75572464097567,56.61786027873634,80.13786436223933,0
44.0,2.0,20.0,331.0,153959.0,74263.0,79696.0,69973.088,0.0,69973.088,0.0,link,0.0,0.0,0.0,0.0,0.0,0.0,72.3666898958479,11.265174473020375,61.101515422827525,93.91840153575068,11.265175008923155,82.65322652682752,0
44.0,2.0,21.0,332.0,153959.0,74263.0,79696.0,65202.914,65202.914,0.0,4390.04714603225,link,0.0,0.0,0.0,0.0,0.0,0.0,72.36669043175068,11.265175008923155,61.101515422827525,92.44918794375067,31.347672520923155,61.101515422827525,0
45.0,2.0,20.0,333.0,62196.7600253059,32348.664026557,29848.0959987489,35568.6331504501,0.0,35568.6331504501,0.0,link,0.0,0.0,0.0,0.0,0.0,0.0,16.72242700876273,16.72242825289168,-1.244128953514314e-06,27.677566019101363,16.72242825289168,10.95513776620968,0
45.0,2.0,249.0,334.0,59803.760630072604,31496.7732925594,28306.9873375132,120388.03113917299,62891.5126741653,57496.5184650077,9849.37897275001,ra,2.0,0.0,2.0,67.61621817865547,31.97772548918804,35.638492689467434,34.65199201100779,16.72242825289168,17.929563758116107,4.115287423217601,4.1152886673465545,-1.244128953514314e-06,1
45.0,2.0,27.0,335.0,59265.8366310976,31619.7156039958,27646.1210271018,40175.3552202939,40175.3552202939,0.0,16227.5537304541,link,0.0,0.0,0.0,0.0,0.0,0.0,22.04485242546266,4.1152886673465545,17.929563758116107,34.41886183331319,16.48929807519708,17.929563758116107,0
46.0,2.0,21.0,336.0,122056.3633115633,58092.1447118619,63964.2185997014,125585.212894561,0.0,125585.212894561,0.0,link,0.0,0.0,0.0,0.0,0.0,0.0,68.75342983399713,21.550315254953343,47.203114579043785,107.43367540552192,21.550315254953343,85.88336015056858,0
46.0,2.0,23.0,337.0,131872.7061463396,62497.919354533,69374.7867918066,113560.887875182,113560.887875182,0.0,9404.55520736285,link,0.0,0.0,0.0,0.0,0.0,0.0,68.75342983399713,21.550315254953343,47.203114579043785,103.73018329955318,56.5270687205094,47.203114579043785,0
47.0,2.0,22.0,338.0,38579.2955378498,18952.692150841,19626.6033870088,35264.3833285467,0.0,35264.3833285467,0.0,link,0.0,0.0,0.0,0.0,0.0,0.0,69.23311081394209,26.517859241334623,42.715251572607464,80.09454087913447,26.517859241334623,53.576681637799844,0
47.0,2.0,248.0,339.0,35162.6248298969,17399.4597199651,17763.1651099318,148712.7599086786,73267.708596875,75445.0513118036,19815.1127809066,ra,1.0,1.0,0.0,50.0,49.084313489172125,0.9156865108278759,46.911721520734446,26.517859241334623,20.393862279399823,42.71525157260747,3.552713678800501e-15,42.715251572607464,1
47.0,2.0,28.0,340.0,35062.119983040204,16961.1414488018,18100.9785342384,33513.0307108643,33513.0307108643,0.0,29618.3313222541,link,0.0,0.0,0.0,0.0,0.0,0.0,20.393862279399826,3.552713678800501e-15,20.393862279399823,30.715875738346032,10.32201345894621,20.393862279399823,0
48.0,2.0,24.0,341.0,16009.99993438885,7856.99996682075,8152.9999675681,17621.4274880079,0.0,17621.4274880079,0.0,link,0.0,0.0,0.0,0.0,0.0,0.0,25.653696755083747,25.653696755083747,0.0,31.081096421390182,25.653696755083747,5.427399666306434,0
48.0,1.0,245.0,342.0,8152.99812236847,0.0,8152.99812236847,23278.983850966,0.0,23278.983850966,2543.44255785523,ra,1.0,0.0,1.0,8.4472855112366,0.0,8.4472855112366,1.2773584851390716,0.0,1.2773584851390716,0.0,0.0,0.0,1
48.0,0.0,244.0,343.0,7856.99618755383,7856.99618755383,0.0,4674.91452637685,4674.91452637685,0.0,2975.04995056242,ra,0.0,0.0,0.0,0.0,0.0,0.0,25.653696755083747,25.653696755083747,0.0,27.093570429207816,27.093570429207816,0.0,0
48.0,0.0,246.0,344.0,5883.74136844686,5883.74136844686,0.0,20247.1902969036,20247.1902969036,0.0,17336.8862422761,ra,1.0,1.0,0.0,33.329705040654126,33.329705040654126,0.0,27.093570429207816,27.093570429207816,0.0,0.0,0.0,0.0,1
48.0,1.0,247.0,345.0,5988.23778260399,0.0,5988.23778260399,4147.26780889309,0.0,4147.26780889309,18620.0569912817,ra,0.0,0.0,0.0,0.0,0.0,0.0,0.0,0.0,0.0,1.2773584851390716,0.0,1.2773584851390716,0
48.0,2.0,0.0,346.0,10228.9496360124,5180.36917753558,5048.58045847682,19145.8378925061,19145.8378925061,0.0,34790.8303429051,link,0.0,0.0,0.0,0.0,0.0,0.0,0.0,0.0,0.0,5.896918070891879,5.896918070891879,0.0,0
50.0,2.0,23.0,349.0,167288.29083468,89420.7692084569,77867.5216262231,41550.5817573207,0.0,41550.5817573207,0.0,link,0.0,0.0,0.0,0.0,0.0,0.0,95.81002360420601,57.94111119927549,37.86891240493051,108.60760278546078,57.94111119927549,50.66649158618529,0
50.0,2.0,25.0,350.0,167733.1420677742,89424.5683491475,78308.5737186267,47581.8014679367,47581.8014679367,0.0,2660.51340881896,link,0.0,0.0,0.0,0.0,0.0,0.0,95.81002360420601,57.94111119927549,37.86891240493051,110.46521845633049,72.59630605139998,37.86891240493051,0
51.0,2.0,23.0,351.0,68004.42841151671,33685.4721908872,34318.9562206295,52129.9727835405,0.0,52129.9727835405,0.0,link,0.0,0.0,0.0,0.0,0.0,0.0,45.95046437259205,32.02791525914897,13.922549113443079,62.00649598992253,32.02791525914897,29.978580730773558,0
51.0,0.0,250.0,352.0,33100.9959033154,33100.9959033154,0.0,15663.2590937338,15663.2590937338,0.0,2344.99727996629,ra,1.0,1.0,0.0,22.457251393541068,22.457251393541068,0.0,32.02791525914897,32.02791525914897,0.0,14.394947666477915,14.394947666477915,0.0,1
51.0,2.0,27.0,353.0,64426.2356563276,31754.4889250316,32671.746731296,35255.8800869775,35255.8800869775,0.0,7784.58868214326,link,0.0,0.0,0.0,0.0,0.0,0.0,28.317496779920994,14.394947666477915,13.922549113443079,39.17630784671006,25.253758733266984,13.922549113443079,0
53.0,2.0,24.0,356.0,26623.0,13216.0,13407.0,26024.19363,0.0,26024.19363,0.0,link,0.0,0.0,0.0,0.0,0.0,0.0,28.353786413067045,20.89217216385852,7.461614249208527,36.36923805110705,20.89217216385852,15.477065887248527,0
53.0,2.0,28.0,357.0,26623.0,13216.0,13407.0,25653.44544,25653.44544,0.0,9705.48649135397,link,0.0,0.0,0.0,0.0,0.0,0.0,28.353786413067045,20.89217216385852,7.461614249208527,36.25504760858705,28.79343335937852,7.461614249208527,0
54.0,2.0,25.0,358.0,63790.743083652196,33602.5555376766,30188.1875459756,18293.3815866498,0.0,18293.3815866498,0.0,link,0.0,0.0,0.0,0.0,0.0,0.0,42.27016593412992,42.27016593412992,0.0,47.90452746281806,42.27016593412992,5.63436152868814,0
54.0,2.0,251.0,359.0,33762.4415586177,17029.2127372484,16733.2288213693,143708.3600468043,74285.6194355129,69422.7406112914,14118.0595783865,ra,2.0,2.0,0.0,97.22516581404594,42.81077177346311,54.41439404058282,75.30235586643498,42.27016593412992,33.03218993230506,22.339364946804782,22.339364946804782,0.0,1
54.0,2.0,26.0,360.0,32484.7744574449,16371.3543459377,16113.4201115072,18591.4298505205,18591.4298505205,0.0,19751.6727385701,link,0.0,0.0,0.0,0.0,0.0,0.0,55.37155487910984,22.339364946804782,33.03218993230506,61.09771527307016,28.0655253407651,33.03218993230506,0
55.0,2.0,26.0,361.0,35611.1999360093,17306.4999689679,18304.6999670414,73039.0805412178,0.0,73039.0805412178,0.0,link,0.0,0.0,0.0,0.0,0.0,0.0,47.648833000280504,47.648833000280504,0.0,70.14486980697559,47.648833000280504,22.496036806695088,0
55.0,2.0,252.0,362.0,34335.6700861098,16687.9002306099,17647.7698554999,76134.3235747623,37000.2975059509,39134.0260688114,10714.2329169781,ra,2.0,2.0,0.0,71.09820466130729,59.04492463211338,12.053280029193914,47.648833000280504,47.648833000280504,0.0,0.0,0.0,0.0,1
55.0,2.0,0.0,363.0,9015.00027880696,4116.00014201232,4899.00013679464,67645.4786360998,67645.4786360998,0.0,47911.3668726574,link,0.0,0.0,0.0,0.0,0.0,0.0,0.0,0.0,0.0,20.83480741991874,20.83480741991874,0.0,0
56.0,2.0,27.0,364.0,67553.5172847849,34432.267085203,33121.2501995819,47340.4741943391,0.0,47340.4741943391,0.0,link,0.0,0.0,0.0,0.0,0.0,0.0,24.471809988761322,24.471809988761322,0.0,39.05267604061777,24.471809988761322,14.580866051856443,0
56.0,1.0,254.0,365.0,28345.0537807391,0.0,28345.0537807391,28589.2240380979,0.0,28589.2240380979,14670.9425066938,ra,2.0,0.0,2.0,58.62532903232321,0.0,58.62532903232321,49.81984802858905,0.0,49.81984802858905,0.0,0.0,0.0,1
56.0,0.0,253.0,366.0,28758.648000424,28758.648000424,0.0,92704.4471237499,92704.4471237499,0.0,14715.488271793,ra,0.0,0.0,0.0,0.0,0.0,0.0,24.471809988761322,24.471809988761322,0.0,53.024779702876295,53.024779702876295,0.0,0
56.0,2.0,255.0,367.0,47006.1040822862,24072.8864014428,22933.2176808434,119446.7612876768,29374.1347670111,90072.6265206657,20490.1826432686,ra,0.0,0.0,0.0,0.0,0.0,0.0,75.10225876310031,53.024779702876295,22.077479060224007,111.89186123970475,62.07201321111571,49.81984802858905,0
56.0,2.0,29.0,368.0,45237.3265637856,23422.054813021,21815.2717507646,50206.3138071986,50206.3138071986,0.0,31051.5111500156,link,0.0,0.0,0.0,0.0,0.0,0.0,84.14949227133971,62.07201321111571,22.077479060224007,99.6130369239569,77.53555786373289,22.077479060224007,0
57.0,2.0,28.0,369.0,21608.0,10785.0,10823.0,13286.09834,0.0,13286.09834,0.0,link,0.0,0.0,0.0,0.0,0.0,0.0,15.352088578436378,15.352088578436378,0.0,19.444206867156378,15.352088578436378,4.092118288720001,0
57.0,2.0,0.0,370.0,21608.0,10785.0,10823.0,13239.4503,13239.4503,0.0,6137.90628624439,link,0.0,0.0,0.0,0.0,0.0,0.0,15.352088578436378,15.352088578436378,0.0,19.429839270836375,19.429839270836375,0.0,0
59.0,2.0,29.0,373.0,41763.642422810604,21836.3114479028,19927.3309749078,1283.84597521334,0.0,1283.84597521334,0.0,link,0.0,0.0,0.0,0.0,0.0,0.0,85.6797905841758,62.46306199082572,23.216728593350076,86.0752151445415,62.46306199082572,23.612153153715784,0
59.0,1.0,256.0,374.0,19216.4932546755,0.0,19216.4932546755,45601.2363147721,0.0,45601.2363147721,7511.21430842872,ra,0.0,0.0,0.0,0.0,0.0,0.0,9.17154780840027,0.0,9.17154780840027,23.216728593350076,0.0,23.216728593350076,0
59.0,0.0,257.0,375.0,20475.1773120066,20475.1773120066,0.0,35822.2262049974,35822.2262049974,0.0,8275.34026605958,ra,0.0,0.0,0.0,0.0,0.0,0.0,62.46306199082572,62.46306199082572,0.0,73.49630766196493,73.49630766196493,0.0,0
59.0,0.0,259.0,376.0,11226.9471972143,11226.9471972143,0.0,49806.4401420284,49806.4401420284,0.0,25939.71611319,ra,2.0,2.0,0.0,88.83669122570969,88.83669122570969,0.0,73.49630766196493,73.49630766196493,0.0,0.0,0.0,0.0,1
59.0,1.0,260.0,377.0,8142.41876965786,0.0,8142.41876965786,29777.7526246762,0.0,29777.7526246762,26235.4919576393,ra,0.0,0.0,0.0,0.0,0.0,0.0,0.0,0.0,0.0,9.17154780840027,0.0,9.17154780840027,0
59.0,2.0,0.0,378.0,19030.16772086208,11064.8956674036,7965.27205345848,2435.90780092023,2435.90780092023,0.0,27032.7504548799,link,0.0,0.0,0.0,0.0,0.0,0.0,0.0,0.0,0.0,0.7502596026834308,0.7502596026834308,0.0,0
60.0,2.0,29.0,379.0,15204.99963875321,7325.99983936264,7878.99979939057,11795.2375990215,0.0,11795.2375990215,0.0,link,0.0,0.0,0.0,0.0,0.0,0.0,30.58803588760607,25.41406951725181,5.173966370354259,34.220969068104694,25.41406951725181,8.806899550852883,0
60.0,2.0,258.0,380.0,13825.298552554461,6712.48148642337,7112.81706613109,32434.0617440321,15635.4696324923,16798.5921115398,10738.6315701673,ra,1.0,1.0,0.0,30.229794164059438,30.229794164059438,0.0,25.41406951725181,25.41406951725181,0.0,5.173966370354259,0.0,5.173966370354259,1
60.0,2.0,0.0,381.0,9900.0011340695,4967.00050429217,4933.00062977733,11762.8859764568,11762.8859764568,0.0,22135.2935483001,link,0.0,0.0,0.0,0.0,0.0,0.0,0.0,0.0,0.0,3.622968880748695,3.622968880748695,0.0,0
