Time of calculation: 20211215-101919; value of objective: 81019.22888663542;  acc=3000;  ec=0.25;  e_tax=0.15;  cfix=7000;  cvar=17750;  eta=0.011;  mu=0.6;  i=
segment_id,dir,type_ID,POI_ID,traffic_flow,traffic_flow_0,traffic_flow_1,energy_demand,energy_demand_0,energy_demand_1,dist_along_segment,pois_type,pYi_dir,pYi_dir_0,pYi_dir_1,pE_charged,pE_charged_0,pE_charged_1,pE_input,pE_input_0,pE_input_1,pE_output,pE_output_0,pE_output_1,pXi
0.0,2.0,0.0,0.0,26540.636112053,13243.0239038645,13297.6122081885,88.4784246287636,0.0,88.4784246287636,0.0,link,0.0,0.0,0.0,0.0,0.0,0.0,0.0,0.0,0.0,0.5839576025498397,0.0,0.5839576025498397,0
0.0,2.0,1.0,1.0,26594.7769799282,13269.4415749127,13325.3354050155,16.20007953841552,0.63549550854442,15.5645840298711,239.715824101164,ra,1.0,0.0,1.0,1.0503509745118544,0.004194270356393172,1.0461567041554614,0.943430449558312,0.0,0.943430449558312,0.0,0.0,0.0,1
0.0,2.0,0.0,2.0,45891.0713847726,24132.5354848012,21758.5358999714,209.06156783801498,107.437268428979,101.624299409036,24427.462160298,ra,0.0,0.0,0.0,0.0,0.0,0.0,0.27271007345867404,0.0,0.27271007345867404,1.6525164211895733,0.7090859716312613,0.943430449558312,0
0.0,1.0,2.0,3.0,5594.60627343411,0.0,5594.60627343411,41.3197080997991,0.0,41.3197080997991,68504.6013106114,ra,0.0,0.0,0.0,0.0,0.0,0.0,0.0,0.0,0.0,0.27271007345867404,0.0,0.27271007345867404,0
0.0,0.0,3.0,4.0,4553.08388931748,4553.08388931748,0.0,143.748966502766,143.748966502766,0.0,79329.1374904099,ra,0.0,0.0,0.0,0.0,0.0,0.0,0.7090859716312613,0.7090859716312613,0.0,1.6578291505495169,1.6578291505495169,0.0,0
0.0,2.0,4.0,5.0,7895.539602766939,4645.32330643337,3250.21629633357,46.859500991839695,20.7732358162279,26.0862651756118,104473.71241617,ra,1.0,1.0,0.0,3.631620692672124,1.7949325069366209,1.8366881857355033,3.3223479861259824,1.6578291505495169,1.6645188355764655,0.0,0.0,0.0,1
0.0,2.0,5.0,6.0,19815.36822147166,9562.72950758806,10252.6387138836,159.1805253023434,41.5391007178494,117.641424584494,133409.21035476,ra,0.0,0.0,0.0,0.0,0.0,0.0,0.8880854333188053,0.0,0.8880854333188053,1.9386769003142716,0.274158064737806,1.6645188355764655,0
0.0,2.0,6.0,7.0,38420.413170467305,19234.6634945469,19185.7496759204,205.83463281829108,99.1420241730311,106.69260864526,173065.413799776,ra,1.0,0.0,1.0,2.0564582798378925,0.9284954242798112,1.1279628555580814,1.5860351365559766,0.274158064737806,1.3118770718181707,0.8880854333188053,0.0,0.8880854333188053,1
0.0,1.0,7.0,8.0,21229.4573799075,0.0,21229.4573799075,0.638143813778497,0.0,0.638143813778497,176940.22069629,ra,0.0,0.0,0.0,0.0,0.0,0.0,1.3076653226472323,0.0,1.3076653226472323,1.3118770718181707,0.0,1.3118770718181707,0
0.0,2.0,0.0,9.0,50605.7308716768,25638.9023938735,24966.8284778033,104.203571034847,104.203571034847,0.0,194059.964946131,link,0.0,0.0,0.0,0.0,0.0,0.0,1.3076653226472323,0.0,1.3076653226472323,1.9954088914772226,0.6877435688299901,1.3076653226472323,0
1.0,2.0,0.0,10.0,41635.2696746832,21021.6267553003,20613.6429193829,0.795523730019109,0.0,0.795523730019109,0.0,link,0.0,0.0,0.0,0.0,0.0,0.0,1.6576806491526828,1.198809459006322,0.4588711901463608,1.6629311057708087,1.1988094590063219,0.4641216467644869,0
1.0,2.0,8.0,11.0,39859.9435983602,20128.7100274165,19731.2335709437,45.5265688673572,34.314546284811,11.2120225825462,8218.21591932416,ra,0.0,0.0,0.0,0.0,0.0,0.0,1.5836813001078778,1.1988094590063219,0.38487184110155587,1.8841566546324353,1.4252854644860744,0.4588711901463608,0
1.0,0.0,9.0,12.0,15021.9786197919,15021.9786197919,0.0,28.5368531280977,28.5368531280977,0.0,16747.0640478161,ra,0.0,0.0,0.0,0.0,0.0,0.0,1.4252854644860744,1.4252854644860744,0.0,1.613628695131519,1.613628695131519,0.0,0
1.0,2.0,10.0,13.0,29629.2702066633,14994.1517039878,14635.1185026755,3.8265783059592877,0.494222241173728,3.33235606478556,16911.7407621753,ra,0.0,0.0,0.0,0.0,0.0,0.0,1.9765069862054903,1.613628695131519,0.3628782910739712,2.0017624030248213,1.6168905619232656,0.38487184110155587,0
1.0,2.0,14.0,14.0,23126.816645439998,11846.3351177034,11280.4815277366,54.3117793733013,27.7351908582745,26.5765885150268,27721.2649615329,ra,0.0,0.0,0.0,0.0,0.0,0.0,1.80436336879806,1.6168905619232656,0.1874728068747943,2.162821112661849,1.7999428215878777,0.3628782910739712,0
1.0,1.0,13.0,15.0,11337.2619320883,0.0,11337.2619320883,28.4049707386052,0.0,28.4049707386052,29194.6309655969,ra,0.0,0.0,0.0,0.0,0.0,0.0,0.0,0.0,0.0,0.1874728068747943,0.0,0.1874728068747943,0
1.0,0.0,12.0,16.0,11885.5265358471,11885.5265358471,0.0,4.17009621995463,4.17009621995463,0.0,29478.4736802298,ra,0.0,0.0,0.0,0.0,0.0,0.0,1.7999428215878777,1.7999428215878777,0.0,1.827465456639578,1.827465456639578,0.0,0
1.0,0.0,15.0,17.0,11960.1701828351,11960.1701828351,0.0,9.30942360941574,9.30942360941574,0.0,33381.7233696118,ra,0.0,0.0,0.0,0.0,0.0,0.0,1.827465456639578,1.827465456639578,0.0,1.8889076524617219,1.8889076524617219,0.0,0
1.0,2.0,16.0,18.0,23460.935326572,11970.3853891252,11490.5499374468,35.37336563433738,1.72660343297688,33.6467622013605,34103.2604930604,ra,1.0,1.0,0.0,2.1223718656483483,1.9003032351193692,0.2220686305289793,1.8889076524617219,1.8889076524617219,0.0,0.0,0.0,0.0,1
1.0,2.0,0.0,19.0,23472.9532848191,11974.8809399587,11498.0723448604,0.828627407616686,0.828627407616686,0.0,34449.3464575004,link,0.0,0.0,0.0,0.0,0.0,0.0,0.0,0.0,0.0,0.005468940890270126,0.005468940890270126,0.0,0
2.0,2.0,0.0,20.0,68929.1689525749,33758.8137930879,35170.355159487,40.746089818559,0.0,40.746089818559,0.0,link,0.0,0.0,0.0,0.0,0.0,0.0,2.4669451819315213,0.6906299043374666,1.7763152775940547,2.7358693747340106,0.6906299043374666,2.045239470396544,0
2.0,1.0,11.0,21.0,34398.2821383792,0.0,34398.2821383792,0.003559885067677,0.0,0.003559885067677,2598.41164546074,ra,0.0,0.0,0.0,0.0,0.0,0.0,1.776291782352608,0.0,1.776291782352608,1.7763152775940547,0.0,1.7763152775940547,0
2.0,0.0,17.0,22.0,24285.974119979,24285.974119979,0.0,112.595069324557,112.595069324557,0.0,19826.0309188716,ra,0.0,0.0,0.0,0.0,0.0,0.0,0.6906299043374666,0.6906299043374666,0.0,1.433757361879543,1.433757361879543,0.0,0
2.0,1.0,18.0,23.0,24186.0911430872,0.0,24186.0911430872,82.5613859430212,0.0,82.5613859430212,19924.5544753991,ra,0.0,0.0,0.0,0.0,0.0,0.0,1.2313866351286684,0.0,1.2313866351286684,1.776291782352608,0.0,1.776291782352608,0
2.0,0.0,19.0,24.0,24395.8043620461,24395.8043620461,0.0,22.1589923415834,22.1589923415834,0.0,24376.283905319,ra,0.0,0.0,0.0,0.0,0.0,0.0,1.433757361879543,1.433757361879543,0.0,1.5800067113339933,1.5800067113339933,0.0,0
2.0,0.0,20.0,25.0,18382.7449604955,18382.7449604955,0.0,63.8719166171924,63.8719166171924,0.0,38424.0480859037,ra,0.0,0.0,0.0,0.0,0.0,0.0,1.5800067113339933,1.5800067113339933,0.0,2.001561361007463,2.001561361007463,0.0,0
2.0,1.0,21.0,26.0,18491.6133654888,0.0,18491.6133654888,89.0798499237686,0.0,89.0798499237686,38987.6806255175,ra,0.0,0.0,0.0,0.0,0.0,0.0,0.6434596256317957,0.0,0.6434596256317957,1.2313866351286684,0.0,1.2313866351286684,0
2.0,2.0,22.0,27.0,37060.499514109295,18323.8494067353,18736.650107374,180.7537193044178,83.2598366329336,97.4938826714842,60686.5331745626,ra,0.0,0.0,0.0,0.0,0.0,0.0,2.001561361007463,2.001561361007463,0.0,3.1945359084166203,2.5510762827848246,0.6434596256317957,0
2.0,2.0,23.0,28.0,37058.9029265594,18323.1127403572,18735.7901862022,18.113417243932698,0.003481464179398,18.1099357797533,60687.5223097686,ra,1.0,1.0,0.0,2.6706248365947802,2.5510992604484084,0.11952557614637177,2.5510762827848246,2.5510762827848246,0.0,0.0,0.0,0.0,1
2.0,2.0,0.0,29.0,23931.6001633626,12393.9415716933,11537.6585916693,41.3375190721766,41.3375190721766,0.0,74788.4585560346,link,0.0,0.0,0.0,0.0,0.0,0.0,0.0,0.0,0.0,0.27282762587636555,0.27282762587636555,0.0,0
3.0,2.0,0.0,30.0,27844.0,14880.0,12964.0,5.53277592,0.0,5.53277592,0.0,link,0.0,0.0,0.0,0.0,0.0,0.0,0.0,0.0,0.0,0.036516321071999994,0.0,0.036516321071999994,0
3.0,0.0,24.0,31.0,14880.0,14880.0,0.0,0.8663136,0.8663136,0.0,291.139117483826,ra,0.0,-0.0,0.0,0.0,0.0,0.0,0.0,0.0,0.0,0.0057176697599999994,0.0057176697599999994,0.0,0
3.0,1.0,25.0,32.0,12964.0,0.0,12964.0,1.0157294,0.0,1.0157294,391.789662717657,ra,1.0,0.0,1.0,1.3370570601476748,0.0,1.3370570601476748,1.3303532461076748,0.0,1.3303532461076748,0.0,0.0,0.0,1
3.0,2.0,1.0,33.0,27844.0,14880.0,12964.0,6.6500208,6.6500208,0.0,2525.71464164925,link,0.0,0.0,0.0,0.0,0.0,0.0,1.336070915867675,0.0057176697599999994,1.3303532461076748,1.3799610531476747,0.04960780704,1.3303532461076748,0
4.0,2.0,1.0,34.0,59761.3086274698,30037.3419745759,29723.9666528939,50.8296084600017,0.0,50.8296084600017,0.0,link,0.0,0.0,0.0,0.0,0.0,0.0,2.083810148530156,1.0395020588063764,1.0443080897237795,2.419285564366167,1.0395020588063764,1.3797835055597907,0
4.0,1.0,29.0,35.0,19741.1962074672,0.0,19741.1962074672,18.8226156177956,0.0,18.8226156177956,27421.918402147,ra,0.0,0.0,-0.0,0.0,0.0,0.0,0.9200788266463286,0.0,0.9200788266463286,1.0443080897237795,0.0,1.0443080897237795,0
4.0,0.0,28.0,36.0,20188.7740020659,20188.7740020659,0.0,138.268156341623,138.268156341623,0.0,27456.2755376563,ra,0.0,-0.0,0.0,0.0,0.0,0.0,1.0395020588063764,1.0395020588063764,0.0,1.952071890661088,1.952071890661088,0.0,0
4.0,2.0,31.0,37.0,24242.04672144007,16011.0814154375,8230.96530600257,206.7323654138314,109.196145793077,97.5362196207544,57952.4364496481,ra,1.0,0.0,1.0,0.3025578127498792,0.3025578127498792,0.0,2.2284116678104375,1.952071890661088,0.27633977714934954,3.290287466791846,2.3702086401455174,0.9200788266463286,1
4.0,2.0,30.0,38.0,24222.43641462717,16010.6884723873,8211.74794223987,41.943633496328694,0.073970291881796,41.8696632044469,57975.5602403068,ra,0.0,-0.0,0.0,0.0,0.0,0.0,2.3702086401455174,2.3702086401455174,0.0,2.6470366212212864,2.370696844071937,0.27633977714934954,0
4.0,2.0,35.0,39.0,21337.9057816767,10925.6060783794,10412.2997032973,94.4964291540121,51.9277018180524,42.5687273359597,78476.4553474238,ra,1.0,1.0,0.0,4.795159867180459,2.7134196760710827,2.081740191109376,4.171483434763979,2.370696844071937,1.800786590692042,0.0,0.0,0.0,1
4.0,0.0,40.0,40.0,10876.9999980846,10876.9999980846,0.0,39.5332148793308,39.5332148793308,0.0,96645.2667353262,ra,0.0,-0.0,0.0,0.0,0.0,0.0,0.0,0.0,0.0,0.26091921820358327,0.26091921820358327,0.0,0
4.0,1.0,41.0,41.0,10239.998724531,0.0,10239.998724531,36.3452116964929,0.0,36.3452116964929,99246.7072366671,ra,0.0,0.0,-0.0,0.0,0.0,0.0,1.5609081934951887,0.0,1.5609081934951887,1.800786590692042,0.0,1.800786590692042,0
4.0,2.0,42.0,42.0,15349.44862342799,7293.1561007636,8056.29252266439,44.89687709965849,44.8588943996645,0.037982699993987,124531.184689634,ra,1.0,0.0,1.0,0.34096679852937417,0.0,0.34096679852937417,2.162543524408186,0.26091921820358327,1.9016243062046028,2.1178961147365576,0.5569879212413689,1.5609081934951887,1
4.0,2.0,45.0,43.0,29499.9997821141,14928.9998128104,14570.9999693037,199.3079091565844,98.9874838060954,100.320425350489,160563.715389321,ra,0.0,0.0,0.0,0.0,0.0,0.0,1.7964974201327442,0.5569879212413689,1.2395094988913753,3.111929620566201,1.2103053143615985,1.9016243062046028,0
4.0,2.0,49.0,44.0,29501.2496709625,14929.6109247903,14571.6387461722,155.4279023418824,19.2850689537004,136.142833388182,167022.616706975,ra,0.0,0.0,0.0,0.0,0.0,0.0,1.5512721128909726,1.2103053143615985,0.34096679852937417,2.577096268347396,1.3375867694560208,1.2395094988913753,0
4.0,2.0,2.0,45.0,37135.979248738106,18661.9898553614,18473.9893933767,51.6023314462275,51.6023314462275,0.0,182066.45484822,link,0.0,0.0,0.0,0.0,0.0,0.0,1.6785535679853951,1.3375867694560208,0.34096679852937417,2.0191289555304963,1.6781621570011223,0.34096679852937417,0
5.0,2.0,1.0,46.0,68793.7826224039,33913.4453688065,34880.3372535974,76.8764418514988,0.0,76.8764418514988,0.0,link,0.0,0.0,0.0,0.0,0.0,0.0,2.482100301439785,1.024510412672708,1.4575898887670768,2.989484817659677,1.024510412672708,1.9649744049869688,0
5.0,1.0,26.0,47.0,36003.5240013336,0.0,36003.5240013336,77.9189493386079,0.0,77.9189493386079,10624.4240384357,ra,0.0,0.0,-0.0,0.0,0.0,0.0,0.9433248231322646,0.0,0.9433248231322646,1.4575898887670768,0.0,1.4575898887670768,0
5.0,0.0,27.0,48.0,32653.8009159093,32653.8009159093,0.0,83.5628354220787,83.5628354220787,0.0,12028.5386871855,ra,0.0,0.0,0.0,0.0,0.0,0.0,1.024510412672708,1.024510412672708,0.0,1.5760251264584273,1.5760251264584273,0.0,0
5.0,2.0,32.0,49.0,33127.6679782642,16315.8916479239,16811.7763303403,183.04409091686227,117.416729056751,65.6273618601113,39273.393575652,ra,1.0,0.0,1.0,4.644186546623376,2.350975538232984,2.2932110083903923,4.37942036970435,1.5760251264584273,2.8033952432459226,0.9433248231322646,0.0,0.9433248231322646,1
5.0,1.0,36.0,50.0,15728.3542233459,0.0,15728.3542233459,25.51524416021,0.0,25.51524416021,47330.3638647794,ra,0.0,0.0,-0.0,0.0,0.0,0.0,2.6349946317885364,0.0,2.6349946317885364,2.8033952432459226,0.0,2.8033952432459226,0
5.0,0.0,39.0,51.0,16181.0369578104,16181.0369578104,0.0,48.0542387950906,48.0542387950906,0.0,54808.4650706048,ra,0.0,-0.0,0.0,0.0,0.0,0.0,0.0,0.0,0.0,0.3171579760475979,0.3171579760475979,0.0,0
5.0,1.0,43.0,52.0,15425.0541977474,0.0,15425.0541977474,131.018327770218,0.0,131.018327770218,67696.5829264334,ra,1.0,0.0,1.0,0.2776622427759174,0.0,0.2776622427759174,2.0479359112810154,0.0,2.0479359112810154,2.6349946317885364,0.0,2.6349946317885364,1
5.0,0.0,44.0,53.0,16743.9409701348,16743.9409701348,0.0,43.7704753223488,43.7704753223488,0.0,67916.7177403682,ra,0.0,-0.0,0.0,0.0,0.0,0.0,0.3171579760475979,0.3171579760475979,0.0,0.6060431131751,0.6060431131751,0.0,0
5.0,1.0,50.0,54.0,23926.8657512302,0.0,23926.8657512302,77.3006416447773,0.0,77.3006416447773,86150.6446371155,ra,0.0,0.0,-0.0,0.0,0.0,0.0,1.537751676425485,0.0,1.537751676425485,2.0479359112810154,0.0,2.0479359112810154,0
5.0,0.0,51.0,55.0,23976.5917239922,23976.5917239922,0.0,77.26420880385,77.26420880385,0.0,86198.2118888899,ra,0.0,-0.0,0.0,0.0,0.0,0.0,0.6060431131751,0.6060431131751,0.0,1.1159868912805098,1.1159868912805098,0.0,0
5.0,2.0,4.0,56.0,48295.9987384735,24204.9992554563,24090.9994830172,76.9931805753457,76.9931805753457,0.0,102115.051061861,link,0.0,0.0,0.0,0.0,0.0,0.0,2.653738567705995,1.1159868912805098,1.537751676425485,3.161893559503276,1.6241418830777912,1.537751676425485,0
6.0,2.0,0.0,57.0,17593.52882743976,9370.08985369332,8223.43897374644,65.6117794331869,0.0,65.6117794331869,0.0,link,0.0,0.0,0.0,0.0,0.0,0.0,0.0,0.0,0.0,0.4330377442590335,0.0,0.4330377442590335,0
6.0,0.0,34.0,58.0,9440.70012643683,9440.70012643683,0.0,2.31255832321132,2.31255832321132,0.0,1229.56192943354,ra,0.0,-0.0,0.0,0.0,0.0,0.0,0.0,0.0,0.0,0.015262884933194712,0.015262884933194712,0.0,0
6.0,0.0,33.0,59.0,9685.7540713875,9685.7540713875,0.0,6.05644894270489,6.05644894270489,0.0,4398.31801694572,ra,0.0,-0.0,0.0,0.0,0.0,0.0,0.015262884933194712,0.015262884933194712,0.0,0.055235447955046986,0.055235447955046986,0.0,0
6.0,1.0,38.0,60.0,13533.1360897293,0.0,13533.1360897293,65.3453592866002,0.0,65.3453592866002,19100.037855584,ra,1.0,0.0,1.0,1.9682176013197612,0.0,1.9682176013197612,1.5369382300282002,0.0,1.5369382300282002,0.0,0.0,0.0,1
6.0,0.0,37.0,61.0,14150.2103751211,14150.2103751211,0.0,36.0734762370388,36.0734762370388,0.0,19123.3135023805,ra,0.0,-0.0,0.0,0.0,0.0,0.0,0.055235447955046986,0.055235447955046986,0.0,0.29332039111950303,0.29332039111950303,0.0,0
6.0,2.0,48.0,62.0,30972.8842403762,15986.2762154003,14986.6080249759,109.3639728709271,68.4381888689137,40.9257840020134,42213.9465999939,ra,0.0,-0.0,0.0,0.0,0.0,0.0,1.5601484467344147,0.29332039111950303,1.2668280556149116,2.2819506676825334,0.7450124376543334,1.5369382300282002,0
6.0,2.0,3.0,63.0,43852.3829830634,22912.2538280909,20940.1291549725,71.0780120979308,71.0780120979308,0.0,60876.2242421798,link,0.0,0.0,0.0,0.0,0.0,0.0,2.0118404932692453,0.7450124376543334,1.2668280556149116,2.480955373115588,1.2141273175006766,1.2668280556149116,0
7.0,2.0,0.0,64.0,11819.72883309257,5668.99952865367,6150.7293044389,46.2526547713833,0.0,46.2526547713833,0.0,link,0.0,0.0,0.0,0.0,0.0,0.0,0.0,0.0,0.0,0.30526752149112973,0.0,0.30526752149112973,0
7.0,2.0,46.0,65.0,16750.43996107374,8281.7922636936,8468.64769738014,8.878234312414646,8.78748726450068,0.090747047913966,6667.95544755655,ra,1.0,1.0,0.0,0.8953987473456696,0.057997415945704484,0.8374013313999651,0.8368024008837329,0.0,0.8368024008837329,0.0,0.0,0.0,1
7.0,2.0,47.0,66.0,16803.00194301874,8309.64474409952,8493.35719891922,9.380161859157816,0.088764550672247,9.29139730848557,6721.47492677825,ra,0.0,0.0,-0.0,0.0,0.0,0.0,0.7754791786477282,0.0,0.7754791786477282,0.8373882469181697,0.0005858460344368302,0.8368024008837329,0
7.0,2.0,2.0,67.0,31479.2646876848,14962.6751347339,16516.5895529509,43.5277394923661,43.5277394923661,0.0,25294.5418793567,link,0.0,0.0,0.0,0.0,0.0,0.0,0.776065024682165,0.0005858460344368302,0.7754791786477282,1.0633481053317813,0.28786892668405306,0.7754791786477282,0
8.0,2.0,2.0,68.0,14782.3695846428,7482.84754160049,7299.52204304231,11.4307034650488,0.0,11.4307034650488,0.0,link,0.0,0.0,0.0,0.0,0.0,0.0,0.65241426328612,0.65241426328612,0.0,0.7278569061554421,0.65241426328612,0.07544264286932208,0
8.0,2.0,52.0,69.0,9208.20636712835,4168.18387658208,5040.02249054627,21.8297731059757,10.6109556704707,11.218817435505,9055.82449812222,ra,1.0,1.0,0.0,0.7964907657855596,0.7224465707112265,0.074044195074333,0.65241426328612,0.65241426328612,0.0,0.0,0.0,0.0,1
8.0,2.0,0.0,70.0,9708.89067456805,5120.67365793185,4588.2170166362,11.1520763011101,11.1520763011101,0.0,21173.6853058851,link,0.0,0.0,0.0,0.0,0.0,0.0,0.0,0.0,0.0,0.07360370358732665,0.07360370358732665,0.0,0
9.0,2.0,2.0,71.0,31818.42313617,16104.8835451968,15713.5395909732,65.2296519423651,0.0,65.2296519423651,0.0,link,0.0,0.0,0.0,0.0,0.0,0.0,0.7031291889108847,0.7031291889108847,0.0,1.1336448917304942,0.7031291889108847,0.4305157028196096,0
9.0,2.0,55.0,72.0,36693.0558776816,18116.8086480647,18576.2472296169,106.50973043548069,54.1600178796028,52.3497125558779,15445.3717833973,ra,1.0,0.0,1.0,1.6420194986244563,1.0605853069162632,0.5814341917081932,0.9390552777502839,0.7031291889108847,0.23592608883939908,0.0,0.0,0.0,1
9.0,2.0,7.0,73.0,31601.8542643027,15291.9117888883,16309.9424754144,62.8465993564867,62.8465993564867,0.0,33157.1268468838,link,0.0,0.0,0.0,0.0,0.0,0.0,0.23592608883939908,0.0,0.23592608883939908,0.6507136445922113,0.4147875557528122,0.23592608883939908,0
10.0,2.0,3.0,74.0,31606.6695639389,16070.5474552074,15536.1221087315,0.876281378643092,0.0,0.876281378643092,0.0,link,0.0,0.0,0.0,0.0,0.0,0.0,1.9450304061270782,1.1530399203841961,0.7919904857428822,1.9508138632261227,1.1530399203841961,0.7977739428419267,0
10.0,2.0,53.0,75.0,20482.292071415,10386.9656808517,10095.3263905633,77.1995674356368,39.212351587896,37.9872158477408,14793.4065314786,ra,1.0,1.0,0.0,0.5593072890463278,0.49497323175741836,0.06433405728890942,1.7586488388208985,1.1530399203841961,0.6056089184367024,1.7088586948497733,0.916868209106891,0.7919904857428822,1
10.0,2.0,4.0,76.0,20473.6189956967,10382.5344994114,10091.0844962853,0.901592806600099,0.901592806600099,0.0,15227.5355211014,link,0.0,0.0,0.0,0.0,0.0,0.0,1.5224771275435933,0.916868209106891,0.6056089184367024,1.5284276400671541,0.9228187216304516,0.6056089184367024,0
11.0,2.0,3.0,77.0,48420.0541429227,24599.8231829302,23820.2309599925,25.3964262763502,0.0,25.3964262763502,0.0,link,0.0,0.0,0.0,0.0,0.0,0.0,2.5255983894478495,1.142624043607628,1.3829743458402215,2.6932148028717604,1.142624043607628,1.5505907592641324,0
11.0,2.0,54.0,78.0,48814.9931722971,24295.4347117739,24519.5584605232,67.7681645842998,34.0326255473008,33.735539036999,6967.48714814497,ra,1.0,0.0,1.0,0.3044233608231285,0.2696927366577745,0.03473062416535402,2.33767445596901,1.142624043607628,1.1950504123613819,2.48052098140226,1.097546635562039,1.3829743458402215,1
11.0,1.0,56.0,79.0,22284.9266194441,0.0,22284.9266194441,33.7018886644055,0.0,33.7018886644055,14053.3882390507,ra,0.0,0.0,-0.0,0.0,0.0,0.0,0.9726179471763055,0.0,0.9726179471763055,1.1950504123613819,0.0,1.1950504123613819,0
11.0,2.0,5.0,80.0,42919.8251598076,21285.3584845686,21634.466675239,58.2179052357709,58.2179052357709,0.0,19878.6900646546,link,0.0,0.0,0.0,0.0,0.0,0.0,2.0701645827383444,1.097546635562039,0.9726179471763055,2.4544027572944325,1.4817848101181268,0.9726179471763055,0
12.0,2.0,4.0,81.0,53131.6723320628,26537.1834811746,26594.4888508882,31.2464886001598,0.0,31.2464886001598,0.0,link,0.0,0.0,0.0,0.0,0.0,0.0,2.9388874103909184,1.4875469192717965,1.451340491119122,3.145114235151973,1.4875469192717965,1.6575673158801765,0
12.0,0.0,58.0,82.0,22288.895823896,22288.895823896,0.0,67.2851539459114,67.2851539459114,0.0,13722.6357161214,ra,1.0,1.0,0.0,0.15146502818294863,0.15146502818294863,0.0,1.4875469192717965,1.4875469192717965,0.0,1.7801639071318631,1.7801639071318631,0.0,1
12.0,1.0,57.0,83.0,22492.6689728353,0.0,22492.6689728353,67.871846063942,0.0,67.871846063942,13775.3691799331,ra,0.0,0.0,-0.0,0.0,0.0,0.0,1.0033863070971043,0.0,1.0033863070971043,1.451340491119122,0.0,1.451340491119122,0
12.0,2.0,5.0,84.0,44751.0771921405,22273.0392762582,22478.0379158823,31.1968175846597,31.1968175846597,0.0,20725.0958331826,link,0.0,0.0,0.0,0.0,0.0,0.0,2.7835502142289674,1.7801639071318631,1.0033863070971043,2.9894492102877215,1.9860629031906172,1.0033863070971043,0
13.0,2.0,4.0,85.0,25987.610544625597,13119.3784455626,12868.232099063,24.1076698093879,0.0,24.1076698093879,0.0,link,0.0,0.0,0.0,0.0,0.0,0.0,1.5528007010446128,1.1427658641205038,0.41003483692410886,1.7119113217865727,1.1427658641205038,0.5691454576660689,0
13.0,2.0,59.0,86.0,13974.00634747334,7033.00411775856,6941.00222971478,137.67700987541448,75.5505194323677,62.1264904430468,36309.8952864744,ra,1.0,1.0,0.0,1.8394173124684392,1.1427658641205038,0.6966514483479354,1.8394173124684392,1.1427658641205038,0.6966514483479354,0.9086682651777356,0.4986334282536267,0.41003483692410886,1
13.0,1.0,63.0,87.0,7362.49465739319,0.0,7362.49465739319,13.2299521865053,0.0,13.2299521865053,54986.8926639146,ra,0.0,0.0,0.0,0.0,0.0,0.0,0.6093337639170004,0.0,0.6093337639170004,0.6966514483479354,0.0,0.6966514483479354,0
13.0,0.0,62.0,88.0,7963.31449008736,7963.31449008736,0.0,27.91216958586,27.91216958586,0.0,55258.2918559062,ra,0.0,-0.0,0.0,0.0,0.0,0.0,0.4986334282536267,0.4986334282536267,0.0,0.6828537475203027,0.6828537475203027,0.0,0
13.0,2.0,70.0,89.0,20915.585370117602,10623.7234191176,10291.861951,133.585973882477,67.7800818733032,65.8058920091738,85720.8848871018,ra,0.0,-0.0,0.0,0.0,0.0,0.0,0.8578686241767561,0.6828537475203027,0.17501487665645343,1.7395360518011043,1.1302022878841038,0.6093337639170004,0
13.0,1.0,71.0,90.0,10312.6666929756,0.0,10312.6666929756,26.5174055540081,0.0,26.5174055540081,92148.0377185692,ra,0.0,0.0,-0.0,0.0,0.0,0.0,0.0,0.0,0.0,0.17501487665645343,0.0,0.17501487665645343,0
13.0,0.0,75.0,91.0,10865.4133062023,10865.4133062023,0.0,44.504535707302,44.504535707302,0.0,106351.198252807,ra,0.0,0.0,0.0,0.0,0.0,0.0,1.1302022878841038,1.1302022878841038,0.0,1.4239322235522969,1.4239322235522969,0.0,0
13.0,2.0,80.0,92.0,21769.3135715549,10924.7717317326,10844.5418398223,104.6281180270864,31.7572041283557,72.8709138987307,121274.128299309,ra,1.0,1.0,0.0,2.2982056239462,1.4493094515327685,0.8488961724134314,1.7918803642341057,1.4239322235522969,0.36794814068180887,0.184220319266676,0.184220319266676,0.0,1
13.0,2.0,8.0,93.0,20326.8379673694,10049.6549230906,10277.1830442788,23.9994133765245,23.9994133765245,0.0,132616.969219855,link,0.0,0.0,0.0,0.0,0.0,0.0,0.5521684599484848,0.184220319266676,0.36794814068180887,0.7105645882335465,0.3426164475517377,0.36794814068180887,0
14.0,2.0,5.0,94.0,94497.8226477467,47019.266876753,47478.5557709937,18.7268504151593,0.0,18.7268504151593,0.0,link,0.0,0.0,0.0,0.0,0.0,0.0,4.357663179073485,2.9865519254244353,1.3711112536490504,4.481260391813537,2.9865519254244353,1.4947084663891017,0
14.0,0.0,61.0,95.0,46935.1899031602,46935.1899031602,0.0,43.4957749008434,43.4957749008434,0.0,4629.48262057162,ra,1.0,1.0,0.0,0.6375686883505208,0.6375686883505208,0.0,2.9865519254244353,2.9865519254244353,0.0,2.6360553514194813,2.6360553514194813,0.0,1
14.0,1.0,60.0,96.0,47664.7520038718,0.0,47664.7520038718,44.0864914897388,0.0,44.0864914897388,4633.73189838993,ra,1.0,0.0,1.0,0.7860864063840456,0.0,0.7860864063840456,1.86622681620082,0.0,1.86622681620082,1.3711112536490504,0.0,1.3711112536490504,1
14.0,2.0,6.0,97.0,94641.6911720278,46900.6207445268,47741.070427501,18.4583884100412,18.4583884100412,0.0,6596.60038925666,link,0.0,0.0,0.0,0.0,0.0,0.0,4.502282167620301,2.6360553514194813,1.86622681620082,4.624107531126573,2.7578807149257534,1.86622681620082,0
15.0,2.0,6.0,98.0,75207.4913410466,44538.3019109056,30669.189430141,37.6970030363307,0.0,37.6970030363307,0.0,link,0.0,0.0,0.0,0.0,0.0,0.0,3.4897211699240707,2.6296666899801235,0.860054479943947,3.738521389963853,2.6296666899801235,1.1088546999837297,0
15.0,1.0,64.0,99.0,16721.3274524539,0.0,16721.3274524539,130.311284839992,0.0,130.311284839992,25738.7432238461,ra,0.0,0.0,-0.0,0.0,0.0,0.0,0.0,0.0,0.0,0.860054479943947,0.0,0.860054479943947,0
15.0,0.0,65.0,100.0,16271.068415411,16271.068415411,0.0,157.829465818351,157.829465818351,0.0,25740.9022185623,ra,1.0,1.0,0.0,3.6713411643812393,3.6713411643812393,0.0,2.6296666899801235,2.6296666899801235,0.0,0.0,0.0,0.0,1
15.0,2.0,0.0,101.0,10998.09198493645,5379.56194516866,5618.53003976779,36.5002514099417,36.5002514099417,0.0,48631.178555929,link,0.0,0.0,0.0,0.0,0.0,0.0,0.0,0.0,0.0,0.2409016593056152,0.2409016593056152,0.0,0
16.0,2.0,6.0,102.0,79740.5667298025,40135.9531021025,39604.6136277,56.0179116263197,0.0,56.0179116263197,0.0,link,0.0,0.0,0.0,0.0,0.0,0.0,3.886825386719346,1.8136927560907976,2.0731326306285482,4.256543603453055,1.8136927560907976,2.442850847362258,0
16.0,1.0,66.0,103.0,29014.9759926702,0.0,29014.9759926702,83.8932413221206,0.0,83.8932413221206,12316.8385533337,ra,0.0,0.0,0.0,0.0,0.0,0.0,1.5194372379025538,0.0,1.5194372379025538,2.0731326306285482,0.0,2.0731326306285482,0
16.0,0.0,67.0,104.0,29278.0080852545,29278.0080852545,0.0,91.7157564521452,91.7157564521452,0.0,12575.9466885105,ra,0.0,-0.0,0.0,0.0,0.0,0.0,1.8136927560907976,1.8136927560907976,0.0,2.419016748674956,2.419016748674956,0.0,0
16.0,0.0,72.0,105.0,28145.026567285,28145.026567285,0.0,72.859904959997,72.859904959997,0.0,25449.0803158335,ra,1.0,1.0,0.0,0.141305130631038,0.141305130631038,0.0,2.419016748674956,2.419016748674956,0.0,2.758586990779898,2.758586990779898,0.0,1
16.0,1.0,74.0,106.0,25731.8558288299,0.0,25731.8558288299,63.0065586717228,0.0,63.0065586717228,32933.7519739179,ra,0.0,0.0,0.0,0.0,0.0,0.0,1.1035939506691834,0.0,1.1035939506691834,1.5194372379025538,0.0,1.5194372379025538,0
16.0,0.0,76.0,107.0,25418.7221777421,25418.7221777421,0.0,127.401374095215,127.401374095215,0.0,49497.4689014342,ra,1.0,1.0,0.0,0.301874446938493,0.301874446938493,0.0,2.758586990779898,2.758586990779898,0.0,3.2975616128698233,3.2975616128698233,0.0,1
16.0,1.0,77.0,108.0,25469.3693020146,0.0,25469.3693020146,72.5896670074587,0.0,72.5896670074587,49565.5184208006,ra,1.0,0.0,1.0,1.2933441420984169,0.0,1.2933441420984169,1.9178462905183729,0.0,1.9178462905183729,1.1035939506691834,0.0,1.1035939506691834,1
16.0,1.0,82.0,109.0,26935.5497477119,0.0,26935.5497477119,94.6215376393873,0.0,94.6215376393873,67595.9687520987,ra,0.0,0.0,-0.0,0.0,0.0,0.0,1.2933441420984169,0.0,1.2933441420984169,1.9178462905183729,0.0,1.9178462905183729,0
16.0,0.0,83.0,110.0,27462.4751098044,27462.4751098044,0.0,101.142052749134,101.142052749134,0.0,68666.0746432526,ra,1.0,1.0,0.0,0.8729954063039979,0.8729954063039979,0.0,3.2975616128698233,3.2975616128698233,0.0,3.0921037547101102,3.0921037547101102,0.0,1
16.0,1.0,86.0,111.0,27163.1527528195,0.0,27163.1527528195,83.9275381490823,0.0,83.9275381490823,81021.8926734055,ra,0.0,0.0,-0.0,0.0,0.0,0.0,0.7394223903144738,0.0,0.7394223903144738,1.2933441420984169,0.0,1.2933441420984169,0
16.0,0.0,89.0,112.0,29187.9984476255,29187.9984476255,0.0,133.078562065394,133.078562065394,0.0,92123.379066016,ra,1.0,1.0,0.0,0.49751777221726834,0.49751777221726834,0.0,3.0921037547101102,3.0921037547101102,0.0,3.472904492124442,3.472904492124442,0.0,1
16.0,1.0,90.0,113.0,28376.9986665812,0.0,28376.9986665812,112.033695502193,0.0,112.033695502193,92203.5095301381,ra,0.0,0.0,-0.0,0.0,0.0,0.0,0.0,0.0,0.0,0.7394223903144738,0.0,0.7394223903144738,0
16.0,2.0,94.0,114.0,71124.20344709541,35553.8279012094,35570.375545886,175.104794376022,85.9927754667718,89.1120189092502,106046.116569043,ra,1.0,0.0,1.0,2.684229836252065,1.0861993653201383,1.598030470931927,4.482795638255317,3.472904492124442,1.0098911461308757,2.9542574448849974,2.9542574448849974,0.0,1
16.0,2.0,12.0,115.0,71147.99996754559,35564.9999847632,35582.9999827824,55.9897431175008,55.9897431175008,0.0,113917.810760995,link,0.0,0.0,0.0,0.0,0.0,0.0,3.9641485910158734,2.9542574448849974,1.0098911461308757,4.333680895591378,3.3237897494605027,1.0098911461308757,0
18.0,2.0,7.0,118.0,26949.9999999978,13587.9999999988,13361.999999999,25.2470177737235,0.0,25.2470177737235,0.0,link,0.0,0.0,0.0,0.0,0.0,0.0,0.35061063358771827,0.35061063358771827,0.0,0.5172409508942933,0.35061063358771827,0.16663031730657507,0
18.0,0.0,68.0,119.0,13587.9186189986,13587.9186189986,0.0,33.4756574390956,33.4756574390956,0.0,12318.1380453438,ra,0.0,-0.0,0.0,0.0,0.0,0.0,0.35061063358771827,0.35061063358771827,0.0,0.5715499726857491,0.5715499726857491,0.0,0
18.0,1.0,69.0,120.0,13361.9322654755,0.0,13361.9322654755,72.402660427751,0.0,72.402660427751,12346.3056788137,ra,1.0,0.0,1.0,1.5847987880612395,0.0,1.5847987880612395,1.106941229238083,0.0,1.106941229238083,0.0,0.0,0.0,1
18.0,2.0,73.0,121.0,21133.145613699402,10354.0731302489,10779.0724834505,61.9812795290299,35.4692818691713,26.5119976598586,27186.3293839123,ra,0.0,0.0,0.0,0.0,0.0,0.0,1.5035120173687653,0.5715499726857491,0.9319620446830161,1.9125884622603626,0.8056472330222797,1.106941229238083,0
18.0,2.0,81.0,122.0,17024.72901544851,8263.2955761644,8761.43343928411,208.14254037175698,102.651868441248,105.490671930509,76811.9776614867,ra,1.0,0.0,1.0,1.616000542802901,0.8056472330222797,0.8103533097806213,1.8517241527445576,0.8056472330222797,1.046076919722278,1.6094643763952527,0.6775023317122367,0.9319620446830161,1
18.0,0.0,84.0,123.0,7912.19781312535,7912.19781312535,0.0,24.3989554548074,24.3989554548074,0.0,91803.7907317536,ra,0.0,-0.0,0.0,0.0,0.0,0.0,0.6775023317122367,0.6775023317122367,0.0,0.8385354377139655,0.8385354377139655,0.0,0
18.0,1.0,85.0,124.0,8875.83878859374,0.0,8875.83878859374,35.7156984760086,0.0,35.7156984760086,91872.4611970398,ra,0.0,0.0,-0.0,0.0,0.0,0.0,0.8103533097806213,0.0,0.8103533097806213,1.046076919722278,0.0,1.046076919722278,0
18.0,2.0,92.0,125.0,47292.9371799686,22515.082655355,24777.8545246136,95.08904874416919,62.094805880694,32.9942428634752,121334.732705969,ra,1.0,0.0,1.0,0.2655319544492698,0.16103310600172882,0.10449884844754101,1.5356255930431915,0.8385354377139655,0.6970901553292259,1.8976813603054383,1.087328050524817,0.8103533097806213,1
18.0,2.0,11.0,126.0,53098.002767233804,24816.3642256391,28281.6385415947,22.5015672879359,22.5015672879359,0.0,126075.531741563,link,0.0,0.0,0.0,0.0,0.0,0.0,1.784418205854043,1.087328050524817,0.6970901553292259,1.93292854995442,1.235838394625194,0.6970901553292259,0
19.0,2.0,7.0,127.0,19888.0,9830.0,10058.0,36.65044678,0.0,36.65044678,0.0,link,0.0,0.0,0.0,0.0,0.0,0.0,0.23677409938027,0.23677409938027,0.0,0.47866704812827,0.23677409938027,0.241892948748,0
19.0,2.0,0.0,128.0,19888.0,9830.0,10058.0,35.8196353,35.8196353,0.0,18219.577121931,link,0.0,0.0,0.0,0.0,0.0,0.0,0.23677409938027,0.23677409938027,0.0,0.47318369236026997,0.47318369236026997,0.0,0
20.0,2.0,0.0,129.0,19481.0003447438,9701.00019990513,9780.00014483867,31.7189360412727,0.0,31.7189360412727,0.0,link,0.0,0.0,0.0,0.0,0.0,0.0,0.0,0.0,0.0,0.2093449778723998,0.0,0.2093449778723998,0
20.0,0.0,78.0,130.0,10133.9989103389,10133.9989103389,0.0,44.0362165795789,44.0362165795789,0.0,22308.8999344534,ra,1.0,1.0,0.0,0.2906390294252207,0.2906390294252207,0.0,0.0,0.0,0.0,0.0,0.0,0.0,1
20.0,1.0,79.0,131.0,10094.128472639,0.0,10094.128472639,44.2935865426873,0.0,44.2935865426873,22364.4498639692,ra,1.0,0.0,1.0,0.8497163974450539,0.0,0.8497163974450539,0.5573787262633179,0.0,0.5573787262633179,0.0,0.0,0.0,1
20.0,2.0,8.0,132.0,21962.979690817003,10983.9900500203,10978.9896407967,31.884879589547,31.884879589547,0.0,37253.2284842051,link,0.0,0.0,0.0,0.0,0.0,0.0,0.5573787262633179,0.0,0.5573787262633179,0.767818931554328,0.21044020529101018,0.5573787262633179,0
21.0,2.0,8.0,133.0,21649.000000000102,11074.0,10575.0000000001,7.43168671999561,0.0,7.43168671999561,0.0,link,0.0,0.0,0.0,0.0,0.0,0.0,0.4307307080592107,0.4307307080592107,0.0,0.47977984041118166,0.43073070805921065,0.04904913235197102,0
21.0,2.0,87.0,134.0,23288.9999999286,11776.9999999694,11511.9999999592,130.8517558540975,66.5842346210918,64.2675212330057,29246.6421925882,ra,1.0,1.0,0.0,2.3696543075181227,0.8701866565584166,1.499467650959706,1.5060327188810796,0.43073070805921065,1.075302010821869,0.0,0.0,0.0,1
21.0,2.0,10.0,135.0,23288.9999999998,11776.9999999999,11511.9999999999,7.6027601199967,7.6027601199967,0.0,32474.4736101551,link,0.0,0.0,0.0,0.0,0.0,0.0,1.075302010821869,0.0,1.075302010821869,1.1254802276138471,0.05017821679197822,1.075302010821869,0
22.0,2.0,8.0,136.0,18089.34980232114,9293.63667702267,8795.71312529847,50.8320723555467,0.0,50.8320723555467,0.0,link,0.0,0.0,0.0,0.0,0.0,0.0,0.6698654533593127,0.12570267054815126,0.5441627828111615,1.005357130905921,0.12570267054815126,0.8796544603577697,0
22.0,2.0,9.0,137.0,22551.7599214391,11229.4921808602,11322.2677405789,51.9728061182546,51.9728061182546,0.0,25496.1440920557,link,0.0,0.0,0.0,0.0,0.0,0.0,0.6698654533593127,0.12570267054815126,0.5441627828111615,1.012885973739793,0.46872319092863163,0.5441627828111615,0
24.0,2.0,9.0,140.0,25786.108144857702,12922.6073175015,12863.5008273562,6.20450134751721,0.0,6.20450134751721,0.0,link,0.0,0.0,0.0,0.0,0.0,0.0,1.4801444076006145,0.9066976757328026,0.5734467318678119,1.5210941164942282,0.9066976757328026,0.6143964407614255,0
24.0,0.0,88.0,141.0,12911.6129537198,12911.6129537198,0.0,18.090429727144,18.090429727144,0.0,7001.12487688288,ra,0.0,-0.0,0.0,0.0,0.0,0.0,0.9066976757328026,0.9066976757328026,0.0,1.026094511931953,1.026094511931953,0.0,0
24.0,1.0,91.0,142.0,12797.6950404071,0.0,12797.6950404071,42.2591539553047,0.0,42.2591539553047,10447.761196687,ra,0.0,0.0,-0.0,0.0,0.0,0.0,0.294536315762801,0.0,0.294536315762801,0.5734467318678119,0.0,0.5734467318678119,0
24.0,0.0,97.0,143.0,9570.73893282761,9570.73893282761,0.0,55.1154602453017,55.1154602453017,0.0,30840.5691895132,ra,1.0,1.0,0.0,0.07854044047658265,0.07854044047658265,0.0,1.026094511931953,1.026094511931953,0.0,1.3113161090743615,1.3113161090743615,0.0,1
24.0,1.0,98.0,144.0,9946.42620888775,0.0,9946.42620888775,44.6267145095153,0.0,44.6267145095153,30857.3340619152,ra,0.0,0.0,0.0,0.0,0.0,0.0,0.0,0.0,0.0,0.294536315762801,0.0,0.294536315762801,0
24.0,2.0,108.0,145.0,15887.70615160749,7870.70573058493,8017.00042102256,90.0397330100835,43.3677917068959,46.6719413031876,55766.1486133563,ra,1.0,0.0,1.0,0.7118265726549968,0.40379176005395867,0.3080348126010381,1.3113161090743615,1.3113161090743615,0.0,1.1937517742859158,1.1937517742859158,0.0,1
24.0,2.0,114.0,146.0,28294.0206982518,14163.5504368669,14130.4702613849,69.0763390413446,42.2261520476434,26.8501869937012,76000.7341358558,ra,1.0,0.0,1.0,1.4527767741157342,0.0,1.4527767741157342,2.469317314243222,1.1937517742859158,1.2755655399573063,1.4724443778003622,1.4724443778003622,0.0,1
24.0,2.0,15.0,147.0,28738.6713502246,14383.3123439625,14355.3590062621,6.21755359002561,6.21755359002561,0.0,78175.474803374,link,0.0,0.0,0.0,0.0,0.0,0.0,2.7480099177576687,1.4724443778003622,1.2755655399573063,2.7890457714518373,1.5134802314945313,1.2755655399573063,0
25.0,2.0,9.0,148.0,18444.994544675952,9036.99752648209,9407.99701819386,63.2514795730409,0.0,63.2514795730409,0.0,link,0.0,0.0,0.0,0.0,0.0,0.0,1.0155922082907924,0.465608914598763,0.5499832936920294,1.4330519734728624,0.465608914598763,0.9674430588740993,0
25.0,2.0,10.0,149.0,19006.7279100321,9665.34291491844,9341.38499511366,62.7521619682933,62.7521619682933,0.0,35248.1726115327,link,0.0,0.0,0.0,0.0,0.0,0.0,1.0155922082907924,0.465608914598763,0.5499832936920294,1.4297564772815279,0.8797731835894986,0.5499832936920294,0
26.0,2.0,10.0,150.0,39799.090315948604,19727.656489473,20071.4338264756,108.650132990625,0.0,108.650132990625,0.0,link,0.0,0.0,0.0,0.0,0.0,0.0,1.3448833621986125,0.6574550685325065,0.687428293666106,2.0619742399367373,0.6574550685325065,1.4045191714042309,0
26.0,2.0,11.0,151.0,61239.0276416527,31319.7944712375,29919.2331704152,110.54197599673,110.54197599673,0.0,24120.7762535988,link,0.0,0.0,0.0,0.0,0.0,0.0,1.3448833621986125,0.6574550685325065,0.687428293666106,2.0744604037770307,1.3870321101109246,0.687428293666106,0
27.0,2.0,11.0,152.0,68446.95855219441,33632.3321209786,34814.6264312158,89.5003172352572,0.0,89.5003172352572,0.0,link,0.0,0.0,0.0,0.0,0.0,0.0,0.9710232907700191,0.9710232907700191,0.0,1.5617253845227166,0.9710232907700191,0.5907020937526974,0
27.0,0.0,99.0,153.0,29715.9548515929,29715.9548515929,0.0,99.1810191956301,99.1810191956301,0.0,15398.2814879574,ra,1.0,1.0,0.0,0.04446575798263008,0.04446575798263008,0.0,0.9710232907700191,0.9710232907700191,0.0,1.5811522594785479,1.5811522594785479,0.0,1
27.0,1.0,100.0,154.0,27462.2259431798,0.0,27462.2259431798,88.5520005793836,0.0,88.5520005793836,15788.2300471589,ra,1.0,0.0,1.0,2.856599137457008,0.0,2.856599137457008,2.2721559336330763,0.0,2.2721559336330763,0.0,0.0,0.0,1
27.0,2.0,107.0,155.0,39803.000772140804,18775.2599855575,21027.7407865833,170.4303949820854,81.55523447022,88.8751605118654,32030.5850885025,ra,1.0,1.0,0.0,0.35185271356022046,0.35185271356022046,0.0,3.2667321337333126,1.5811522594785479,1.6855798742547645,4.039720027054855,1.7675640934217793,2.2721559336330763,1
27.0,0.0,111.0,156.0,14923.34787731,14923.34787731,0.0,66.6536740741596,66.6536740741596,0.0,51994.455333056,ra,0.0,-0.0,0.0,0.0,0.0,0.0,1.7675640934217793,1.7675640934217793,0.0,2.2074783423112327,2.2074783423112327,0.0,0
27.0,1.0,110.0,157.0,16064.7865328213,0.0,16064.7865328213,73.1366101997202,0.0,73.1366101997202,52217.7859827402,ra,0.0,0.0,-0.0,0.0,0.0,0.0,1.2028782469366113,0.0,1.2028782469366113,1.6855798742547645,0.0,1.6855798742547645,0
27.0,2.0,113.0,158.0,28115.7326932638,13396.479626617,14719.2530666468,163.647239563086,83.0354884979635,80.6117510651225,80453.8359529617,ra,1.0,0.0,1.0,0.5747048192271688,0.5747048192271688,0.0,2.8783190322180356,2.2074783423112327,0.6708406899068029,3.383685994107234,2.180807747170623,1.2028782469366113,1
27.0,0.0,115.0,159.0,16210.1141141057,16210.1141141057,0.0,54.8372961509289,54.8372961509289,0.0,99290.1862589441,ra,0.0,-0.0,0.0,0.0,0.0,0.0,2.180807747170623,2.180807747170623,0.0,2.5427339017667534,2.5427339017667534,0.0,0
27.0,2.0,116.0,160.0,34177.789667498,16266.7915147338,17910.9981527642,127.54232571201831,25.8997969382603,101.642528773758,107271.26953268,ra,1.0,0.0,1.0,2.734863387662456,1.1928592741946105,1.5420041134678457,4.084738015234599,2.5427339017667534,1.5420041134678457,2.191653977271464,1.520813287364661,0.6708406899068029,1
27.0,2.0,15.0,161.0,39893.9999998457,18725.9999999336,21167.9999999121,79.4401357047495,79.4401357047495,0.0,128894.513137464,link,0.0,0.0,0.0,0.0,0.0,0.0,3.0628174008325066,1.520813287364661,1.5420041134678457,3.5871222964838534,2.0451181830160077,1.5420041134678457,0
28.0,2.0,11.0,162.0,61992.2787513973,31725.312247826,30266.9665035713,47.8140448129225,0.0,47.8140448129225,0.0,link,0.0,0.0,0.0,0.0,0.0,0.0,1.084460196164653,1.084460196164653,0.0,1.4000328919299414,1.084460196164653,0.31557269576528846,0
28.0,0.0,93.0,163.0,30439.2241679383,30439.2241679383,0.0,21.4556670568085,21.4556670568085,0.0,3445.55910715547,ra,1.0,1.0,0.0,0.06912024340056516,0.06912024340056516,0.0,1.084460196164653,1.084460196164653,0.0,1.156947355339024,1.156947355339024,0.0,1
28.0,0.0,95.0,164.0,18498.9087746208,18498.9087746208,0.0,79.3453149314,79.3453149314,0.0,21968.3457181098,ra,1.0,1.0,0.0,1.680626433886264,1.680626433886264,0.0,1.156947355339024,1.156947355339024,0.0,0.0,0.0,0.0,1
28.0,1.0,96.0,165.0,17419.1863324911,0.0,17419.1863324911,96.2790528755102,0.0,96.2790528755102,22264.116411145,ra,1.0,0.0,1.0,0.6354417489783672,0.0,0.6354417489783672,0.0,0.0,0.0,0.0,0.0,0.0,1
28.0,2.0,0.0,166.0,16044.98321671642,8425.39921826346,7619.58399845296,53.6592436926014,53.6592436926014,0.0,40879.2796779836,link,0.0,0.0,0.0,0.0,0.0,0.0,0.0,0.0,0.0,0.3541510083711692,0.3541510083711692,0.0,0
30.0,2.0,12.0,169.0,31173.0077127878,15334.6891591729,15838.3185536149,27.4604467656701,0.0,27.4604467656701,0.0,link,0.0,0.0,0.0,0.0,0.0,0.0,2.247862530673072,1.2692701408297018,0.9785923898433705,2.429101479326495,1.2692701408297018,1.159831338496793,0
30.0,0.0,101.0,170.0,15342.1685357064,15342.1685357064,0.0,5.77400459913302,5.77400459913302,0.0,1882.30501330568,ra,0.0,-0.0,0.0,0.0,0.0,0.0,1.2692701408297018,1.2692701408297018,0.0,1.3073785711839798,1.3073785711839798,0.0,0
30.0,1.0,102.0,171.0,15008.3801891543,0.0,15008.3801891543,48.5390941140661,0.0,48.5390941140661,15325.3757236118,ra,0.0,0.0,-0.0,0.0,0.0,0.0,0.6582343686905342,0.0,0.6582343686905342,0.9785923898433705,0.0,0.9785923898433705,0
30.0,0.0,103.0,172.0,14615.1043928834,14615.1043928834,0.0,42.4707835812159,42.4707835812159,0.0,15632.2115214018,ra,0.0,-0.0,0.0,0.0,0.0,0.0,1.3073785711839798,1.3073785711839798,0.0,1.5876857428200046,1.5876857428200046,0.0,0
30.0,2.0,13.0,173.0,18934.3901725728,9143.1385769236,9791.2515956492,25.3623331074238,25.3623331074238,0.0,27311.5905726122,link,0.0,0.0,0.0,0.0,0.0,0.0,2.245920111510539,1.5876857428200046,0.6582343686905342,2.413311510019536,1.7550771413290018,0.6582343686905342,0
31.0,2.0,12.0,174.0,61211.2617744492,30941.9007084376,30269.3610660116,11.6975766277116,0.0,11.6975766277116,0.0,link,0.0,0.0,0.0,0.0,0.0,0.0,3.2420209232058275,2.761842364972721,0.4801785582331062,3.319224928948724,2.761842364972721,0.5573825639760027,0
31.0,1.0,106.0,175.0,29780.0349085717,0.0,29780.0349085717,72.7543270050161,0.0,72.7543270050161,10173.7794302971,ra,0.0,0.0,0.0,0.0,0.0,0.0,1.734723475976807e-18,0.0,1.734723475976807e-18,0.4801785582331062,0.0,0.4801785582331062,0
31.0,0.0,105.0,176.0,30402.9541425937,30402.9541425937,0.0,62.3970411602337,62.3970411602337,0.0,10175.4293545811,ra,0.0,0.0,0.0,0.0,0.0,0.0,2.761842364972721,2.761842364972721,0.0,3.1736628366302635,3.1736628366302635,0.0,0
31.0,2.0,109.0,177.0,62402.9342497772,31525.7279110326,30877.2063387446,136.33140926423482,75.2483837478545,61.0830255163803,22337.1483709023,ra,1.0,0.0,1.0,4.685299549647201,3.6703021693661033,1.0149973802810979,3.7855122485032515,3.1736628366302635,0.611849411872988,5.724587470723463e-17,5.551115123125783e-17,1.734723475976807e-18,1
31.0,2.0,14.0,178.0,62766.261417807,31611.057809806,31155.203608001,11.9029605248606,11.9029605248606,0.0,24222.213413882,link,0.0,0.0,0.0,0.0,0.0,0.0,0.611849411872988,5.551115123125783e-17,0.611849411872988,0.690408951337068,0.07855953946408001,0.611849411872988,0
32.0,2.0,13.0,179.0,24034.0,12223.0,11811.0,99.7324801046264,0.0,99.7324801046264,0.0,link,0.0,0.0,0.0,0.0,0.0,0.0,1.7550771413290018,1.7550771413290018,0.0,2.413311510019536,1.7550771413290018,0.6582343686905342,0
32.0,2.0,104.0,180.0,24034.0000000012,12223.0000000006,11811.0000000006,10.91239736000012,5.54973092000006,5.36266644000006,2270.21285318104,ra,1.0,1.0,0.0,2.6510408287363267,1.5006566652595184,1.1503841634768084,2.8700677063018096,1.7550771413290018,1.1149905649728078,0.2910487001414839,0.2910487001414839,0.0,1
32.0,2.0,16.0,181.0,35472.0,17897.0,17575.0,102.128704967993,102.128704967993,0.0,35413.5690178666,link,0.0,0.0,0.0,0.0,0.0,0.0,1.4060392651142917,0.2910487001414839,1.1149905649728078,2.0800887179030454,0.9650981529302376,1.1149905649728078,0
33.0,2.0,14.0,182.0,25491.3919282071,13297.3329457903,12194.0589824168,58.0392902664104,0.0,58.0392902664104,0.0,link,0.0,0.0,0.0,0.0,0.0,0.0,0.20934204483728402,0.20934204483728402,0.0,0.5924013605955927,0.20934204483728402,0.3830593157583086,0
33.0,2.0,0.0,183.0,27433.9391849649,13761.9854531938,13671.9537317711,60.2913322669648,60.2913322669648,0.0,22213.6117866395,link,0.0,0.0,0.0,0.0,0.0,0.0,0.20934204483728402,0.20934204483728402,0.0,0.6072648377992517,0.6072648377992517,0.0,0
34.0,2.0,14.0,184.0,40290.9817282687,40289.5340857765,1.44764249220084,96.1598489922868,0.0,96.1598489922868,0.0,link,0.0,0.0,0.0,0.0,0.0,0.0,0.2750824018612093,0.2750824018612093,8.546651882574295e-18,0.9097374052103022,0.2750824018612093,0.6346550033490929,0
34.0,2.0,112.0,185.0,40084.6794214896,20069.2583308031,20015.4210906865,117.59187746917459,94.7698337207351,22.8220437484395,14615.9886216738,ra,1.0,1.0,0.0,1.4235627289901904,0.9005633044180608,0.5229994245721297,0.6474563376936383,0.2750824018612093,0.372373935832429,8.546651882574295e-18,0.0,8.546651882574295e-18,1
34.0,0.0,120.0,186.0,19233.9789959859,19233.9789959859,0.0,47.763747289987,47.763747289987,0.0,26934.1491638682,ra,1.0,1.0,0.0,0.3152407321139142,0.3152407321139142,0.0,0.0,0.0,0.0,0.0,0.0,0.0,1
34.0,2.0,20.0,187.0,42848.933143860995,20473.5804606555,22375.3526832055,44.9426925531694,44.9426925531694,0.0,38220.8594846279,link,0.0,0.0,0.0,0.0,0.0,0.0,0.372373935832429,0.0,0.372373935832429,0.668995706683347,0.296621770850918,0.372373935832429,0
35.0,2.0,0.0,188.0,13637.0,6766.0,6871.0,48.2405351899999,0.0,48.2405351899999,0.0,link,0.0,0.0,0.0,0.0,0.0,0.0,0.5138219705863238,0.0,0.5138219705863238,0.8322095028403231,0.0,0.8322095028403231,0
35.0,2.0,16.0,189.0,13637.0,6766.0,6871.0,47.5033417399999,47.5033417399999,0.0,35104.4629542217,link,0.0,0.0,0.0,0.0,0.0,0.0,0.5138219705863238,0.0,0.5138219705863238,0.8273440260703231,0.3135220554839993,0.5138219705863238,0
36.0,2.0,15.0,190.0,63592.0,31158.0,32434.0,25.27030242,0.0,25.27030242,0.0,link,0.0,0.0,0.0,0.0,0.0,0.0,3.6947545814067038,2.3012836692320455,1.3934709121746585,3.861538577378704,2.3012836692320455,1.5602549081466583,0
36.0,0.0,121.0,191.0,31158.0,31158.0,0.0,37.25499744,37.25499744,0.0,5978.40628225615,ra,1.0,1.0,0.0,2.5471666523360463,2.5471666523360463,0.0,2.3012836692320455,2.3012836692320455,0.0,-8.702733627650704e-16,-8.702733627650704e-16,0.0,1
36.0,1.0,122.0,192.0,32434.0,0.0,32434.0,44.6599963,0.0,44.6599963,6884.76410576914,ra,0.0,0.0,0.0,0.0,0.0,0.0,1.0987149365946582,0.0,1.0987149365946582,1.3934709121746585,0.0,1.3934709121746585,0
36.0,2.0,17.0,193.0,63592.0,31158.0,32434.0,29.9241432,29.9241432,0.0,10780.4149902554,link,0.0,0.0,0.0,0.0,0.0,0.0,1.0987149365946574,-8.702733627650704e-16,1.0987149365946582,1.2962142817146574,0.19749934511999911,1.0987149365946582,0
37.0,2.0,16.0,194.0,61280.6441162145,31014.1744637331,30266.4696524814,61.5064401406688,0.0,61.5064401406688,0.0,link,0.0,0.0,0.0,0.0,0.0,0.0,2.030188200828799,1.042969189306159,0.9872190115226398,2.436130705757213,1.042969189306159,1.393161516451054,0
37.0,0.0,117.0,195.0,31188.9181978021,31188.9181978021,0.0,9.52529339943545,9.52529339943545,0.0,1531.60155183027,ra,0.0,-0.0,0.0,0.0,0.0,0.0,1.042969189306159,1.042969189306159,0.0,1.105836125742433,1.105836125742433,0.0,0
37.0,2.0,18.0,196.0,64809.525076994905,32882.2900340846,31927.2350429103,53.540460073465,53.540460073465,0.0,9891.28354449013,link,0.0,0.0,0.0,0.0,0.0,0.0,2.0930551372650728,1.105836125742433,0.9872190115226398,2.4464221737499416,1.4592031622273018,0.9872190115226398,0
38.0,2.0,17.0,197.0,73980.9084088181,36437.7364219997,37543.1719868184,171.637919263567,0.0,171.637919263567,0.0,link,0.0,0.0,0.0,0.0,0.0,0.0,0.45977511605550714,0.45977511605550714,0.0,1.5925853831950492,0.45977511605550714,1.1328102671395421,0
38.0,1.0,118.0,198.0,38288.3848812199,0.0,38288.3848812199,71.2640127216205,0.0,71.2640127216205,5385.57294187173,ra,1.0,0.0,1.0,2.172693608370969,0.0,2.172693608370969,1.7023511244082739,0.0,1.7023511244082739,0.0,0.0,0.0,1
38.0,0.0,119.0,199.0,38355.5663129252,38355.5663129252,0.0,52.380024504807,52.380024504807,0.0,7097.78606046679,ra,1.0,1.0,0.0,0.08272004039256532,0.08272004039256532,0.0,0.45977511605550714,0.45977511605550714,0.0,0.7227632373946686,0.7227632373946686,0.0,1
38.0,1.0,123.0,200.0,41712.9401712972,0.0,41712.9401712972,40.6222291022271,0.0,40.6222291022271,14257.7141698898,ra,0.0,0.0,-0.0,0.0,0.0,0.0,1.4342444123335751,0.0,1.4342444123335751,1.7023511244082739,0.0,1.7023511244082739,0
38.0,0.0,124.0,201.0,40728.8663078391,40728.8663078391,0.0,56.9777970121151,56.9777970121151,0.0,14300.5054996462,ra,0.0,-0.0,0.0,0.0,0.0,0.0,0.7227632373946686,0.7227632373946686,0.0,1.0988166976746283,1.0988166976746283,0.0,0
38.0,2.0,22.0,202.0,105896.4428578996,51540.438437961,54356.0044199386,164.600439599617,164.600439599617,0.0,31585.4341675124,link,0.0,0.0,0.0,0.0,0.0,0.0,2.5330611100082034,1.0988166976746283,1.4342444123335751,3.619424011365676,2.1851795990321006,1.4342444123335751,0
39.0,2.0,17.0,203.0,25562.2788538132,12328.3002896388,13233.9785641744,39.7666592704558,0.0,39.7666592704558,0.0,link,0.0,0.0,0.0,0.0,0.0,0.0,0.6895686557122147,0.3619240832532994,0.3276445724589153,0.9520286068972231,0.3619240832532996,0.5901045236439235,0
39.0,2.0,24.0,204.0,21529.4529436522,10591.5844792127,10937.8684644395,37.9473758159135,37.9473758159135,0.0,17071.729881247,link,0.0,0.0,0.0,0.0,0.0,0.0,0.6895686557122149,0.3619240832532996,0.3276445724589153,0.940021336097244,0.6123767636383287,0.3276445724589153,0
40.0,2.0,18.0,205.0,25932.8384078479,12821.1458632264,13111.6925446215,33.4959188990446,0.0,33.4959188990446,0.0,link,0.0,0.0,0.0,0.0,0.0,0.0,0.8788520964860249,0.6348951236889869,0.24395697279703793,1.0999251612197192,0.6348951236889869,0.46503003753073224,0
40.0,2.0,26.0,206.0,22387.8945153677,11334.7070106569,11053.1875047108,33.4325339456627,33.4325339456627,0.0,13785.5992106443,link,0.0,0.0,0.0,0.0,0.0,0.0,0.8788520964860249,0.6348951236889869,0.24395697279703793,1.0995068205273986,0.8555498477303607,0.24395697279703793,0
41.0,2.0,18.0,207.0,65100.0643805413,32409.6776559215,32690.3867246198,160.638966877445,0.0,160.638966877445,0.0,link,0.0,0.0,0.0,0.0,0.0,0.0,1.3623362459375443,1.3623362459375443,-1.945074586396172e-17,2.4225534273286815,1.3623362459375443,1.060217181391137,0
41.0,1.0,126.0,208.0,33015.8306660751,0.0,33015.8306660751,10.3148959677144,0.0,10.3148959677144,1570.62189366782,ra,1.0,0.0,1.0,1.1309705403258907,0.0,1.1309705403258907,1.0628922269389756,0.0,1.0628922269389756,-1.945074586396172e-17,0.0,-1.945074586396172e-17,1
41.0,0.0,125.0,209.0,32828.8089278736,32828.8089278736,0.0,10.3595962090881,10.3595962090881,0.0,1588.99980042748,ra,1.0,1.0,0.0,1.4307095809175259,1.4307095809175259,0.0,1.3623362459375443,1.3623362459375443,0.0,0.0,0.0,0.0,1
41.0,2.0,25.0,210.0,107717.843361102,52411.8634929897,55305.9798681123,160.387907504592,160.387907504592,0.0,19664.6825171201,link,0.0,0.0,0.0,0.0,0.0,0.0,1.0628922269389756,0.0,1.0628922269389756,2.1214524164692827,1.058560189530307,1.0628922269389756,0
42.0,2.0,0.0,211.0,64323.0,34358.0,29965.0,5.84287535,0.0,5.84287535,0.0,link,0.0,0.0,0.0,0.0,0.0,0.0,0.7851993782372326,0.0,0.7851993782372326,0.8237623555472326,0.0,0.8237623555472326,0
42.0,2.0,21.0,212.0,64323.0,34358.0,29965.0,6.69946642,6.69946642,0.0,974.993087217836,link,0.0,0.0,0.0,0.0,0.0,0.0,0.7851993782372326,0.0,0.7851993782372326,0.8294158566092327,0.044216478372,0.7851993782372326,0
43.0,2.0,20.0,213.0,150198.49863614672,75767.4489434685,74431.0496926782,5.13077431917987,0.0,5.13077431917987,0.0,link,0.0,0.0,0.0,0.0,0.0,0.0,1.3642684671611125,1.3642701371397468,-1.6699786343499223e-06,1.3981315776676995,1.3642701371397468,0.033861440527952785,0
43.0,2.0,127.0,214.0,143910.6207571261,71622.8655725805,72287.7551845456,293.911014155205,147.233481063914,146.677533091291,10005.6920912667,ra,1.0,0.0,1.0,3.440526165119409,0.5699778741978802,2.870548290921529,3.2667450396801208,1.3642701371397468,1.9024749025403742,1.7660315679850647,1.766033237963699,-1.6699786343499223e-06,1
43.0,2.0,22.0,215.0,143835.3128743358,71573.2272359724,72262.0856383634,5.0827022288147,5.0827022288147,0.0,10360.6755425037,link,0.0,0.0,0.0,0.0,0.0,0.0,3.6685081405040734,1.766033237963699,1.9024749025403742,3.70205397521425,1.7995790726738758,1.9024749025403742,0
44.0,2.0,20.0,216.0,153959.0,74263.0,79696.0,69.973088,0.0,69.973088,0.0,link,0.0,0.0,0.0,0.0,0.0,0.0,1.5507136317010295,0.24139544406901164,1.309318187632018,2.0125371757660857,0.24139660733406762,1.771140568432018,0
44.0,2.0,21.0,217.0,153959.0,74263.0,79696.0,65.202914,65.202914,0.0,4390.04714603225,link,0.0,0.0,0.0,0.0,0.0,0.0,1.5507147949660856,0.24139660733406762,1.309318187632018,1.9810540273660855,0.6717358397340676,1.309318187632018,0
45.0,2.0,20.0,218.0,62196.7600253059,32348.664026557,29848.0959987489,35.5686331504501,0.0,35.5686331504501,0.0,link,0.0,0.0,0.0,0.0,0.0,0.0,0.3583372415626719,0.3583372415626719,0.0,0.5930902203556425,0.3583372415626719,0.2347529787929706,0
45.0,2.0,129.0,219.0,59803.760630072604,31496.7732925594,28306.9873375132,120.388031139173,62.8915126741653,57.4965184650077,9849.37897275001,ra,1.0,0.0,1.0,1.3393423050497077,0.5714818809806677,0.7678604240690401,0.7467206437626613,0.3583372415626719,0.38838340219998946,0.20193934423149507,0.20193934423149507,0.0,1
45.0,2.0,27.0,220.0,59265.8366310976,31619.7156039958,27646.1210271018,40.1753552202939,40.1753552202939,0.0,16227.5537304541,link,0.0,0.0,0.0,0.0,0.0,0.0,0.5903227464314845,0.20193934423149507,0.38838340219998946,0.8554805975990026,0.4670971953990132,0.38838340219998946,0
46.0,2.0,21.0,221.0,122056.3633115633,58092.1447118619,63964.2185997014,125.585212894561,0.0,125.585212894561,0.0,link,0.0,0.0,0.0,0.0,0.0,0.0,1.473287782157081,0.46179246974900023,1.0114953124080808,2.3021501872611836,0.46179246974900023,1.8403577175121832,0
46.0,2.0,23.0,222.0,131872.7061463396,62497.919354533,69374.7867918066,113.560887875182,113.560887875182,0.0,9404.55520736285,link,0.0,0.0,0.0,0.0,0.0,0.0,1.473287782157081,0.46179246974900023,1.0114953124080808,2.2227896421332822,1.2112943297252015,1.0114953124080808,0
47.0,2.0,22.0,223.0,38579.2955378498,18952.692150841,19626.6033870088,35.2643833285467,0.0,35.2643833285467,0.0,link,0.0,0.0,0.0,0.0,0.0,0.0,0.880784286800435,0.880784286800435,0.0,1.113529216768843,0.880784286800435,0.2327449299684082,0
47.0,2.0,128.0,224.0,35162.6248298969,17399.4597199651,17763.1651099318,148.7127599086786,73.267708596875,75.4450513118036,19815.1127809066,ra,1.0,0.0,1.0,2.361363864344354,1.3643511635398102,0.9970127008045441,1.3798596489470751,0.880784286800435,0.4990753621466402,0.0,0.0,0.0,1
47.0,2.0,28.0,225.0,35062.119983040204,16961.1414488018,18100.9785342384,33.5130307108643,33.5130307108643,0.0,29618.3313222541,link,0.0,0.0,0.0,0.0,0.0,0.0,0.4990753621466402,0.0,0.4990753621466402,0.7202613648383446,0.22118600269170435,0.4990753621466402,0
48.0,2.0,24.0,226.0,16009.99993438885,7856.99996682075,8152.9999675681,45.0477587696344,0.0,45.0477587696344,0.0,link,0.0,0.0,0.0,0.0,0.0,0.0,0.3669661338580657,0.3669661338580657,0.0,0.6642813417376527,0.3669661338580657,0.297315207879587,0
48.0,2.0,0.0,227.0,10228.9496360124,5180.36917753558,5048.58045847682,44.0680781682956,44.0680781682956,0.0,34790.8303429051,link,0.0,0.0,0.0,0.0,0.0,0.0,0.3669661338580657,0.3669661338580657,0.0,0.6578154497688166,0.6578154497688166,0.0,0
50.0,2.0,23.0,230.0,167288.29083468,89420.7692084569,77867.5216262231,41.5505817573207,0.0,41.5505817573207,0.0,link,0.0,0.0,0.0,0.0,0.0,0.0,2.125777031691716,1.3143003373003483,0.8114766943913676,2.4000108712900325,1.3143003373003483,1.0857105339896842,0
50.0,2.0,25.0,231.0,167733.1420677742,89424.5683491475,78308.5737186267,47.5818014679367,47.5818014679367,0.0,2660.51340881896,link,0.0,0.0,0.0,0.0,0.0,0.0,2.125777031691716,1.3143003373003483,0.8114766943913676,2.439816921380098,1.6283402269887304,0.8114766943913676,0
51.0,2.0,23.0,232.0,68004.42841151671,33685.4721908872,34318.9562206295,52.1299727835405,0.0,52.1299727835405,0.0,link,0.0,0.0,0.0,0.0,0.0,0.0,1.0573579052999886,0.6863124698389064,0.3710454354610823,1.401415725671356,0.6863124698389064,0.7151032558324496,0
51.0,0.0,130.0,233.0,33100.9959033154,33100.9959033154,0.0,15.6632590937338,15.6632590937338,0.0,2344.99727996629,ra,1.0,1.0,0.0,0.47184422109512913,0.47184422109512913,0.0,0.6863124698389064,0.6863124698389064,0.0,0.31784575876242027,0.31784575876242027,0.0,1
51.0,2.0,27.0,234.0,64426.2356563276,31754.4889250316,32671.746731296,35.2558800869775,35.2558800869775,0.0,7784.58868214326,link,0.0,0.0,0.0,0.0,0.0,0.0,0.6888911942235025,0.31784575876242027,0.3710454354610823,0.921580002797554,0.5505345673364718,0.3710454354610823,0
53.0,2.0,24.0,237.0,26623.0,13216.0,13407.0,26.02419363,0.0,26.02419363,0.0,link,0.0,0.0,0.0,0.0,0.0,0.0,0.7066244109821571,0.546732677070546,0.1598917339116112,0.8783840889401571,0.546732677070546,0.33165141186961117,0
53.0,2.0,28.0,238.0,26623.0,13216.0,13407.0,25.65344544,25.65344544,0.0,9705.48649135397,link,0.0,0.0,0.0,0.0,0.0,0.0,0.7066244109821571,0.546732677070546,0.1598917339116112,0.8759371508861571,0.7160454169745459,0.1598917339116112,0
54.0,2.0,25.0,239.0,63790.743083652196,33602.5555376766,30188.1875459756,18.2933815866498,0.0,18.2933815866498,0.0,link,0.0,0.0,0.0,0.0,0.0,0.0,0.933267813660583,0.933267813660583,-5.551115123125783e-17,1.0540041321324716,0.933267813660583,0.12073631847188862,0
54.0,2.0,131.0,240.0,33762.4415586177,17029.2127372484,16733.2288213693,143.7083600468043,74.2856194355129,69.4227406112914,14118.0595783865,ra,1.0,1.0,0.0,1.9647388079688555,0.8081205959731259,1.1566182119957296,1.6316959376217892,0.933267813660583,0.6984281239612061,0.6154323059618421,0.6154323059618421,-5.551115123125783e-17,1
54.0,2.0,26.0,241.0,32484.7744574449,16371.3543459377,16113.4201115072,18.5914298505205,18.5914298505205,0.0,19751.6727385701,link,0.0,0.0,0.0,0.0,0.0,0.0,1.3138604299230483,0.6154323059618421,0.6984281239612061,1.4365638669364835,0.7381357429752773,0.6984281239612061,0
55.0,2.0,26.0,242.0,35611.1999360093,17306.4999689679,18304.6999670414,73.0390805412178,0.0,73.0390805412178,0.0,link,0.0,0.0,0.0,0.0,0.0,0.0,1.1333584255194311,1.1333584255194311,0.0,1.6154163570914686,1.1333584255194311,0.4820579315720374,0
55.0,2.0,132.0,243.0,34335.6700861098,16687.9002306099,17647.7698554999,76.1343235747623,37.0002975059509,39.1340260688114,10714.2329169781,ra,1.0,0.0,1.0,1.6358449611128623,1.377560389058707,0.2582845720541552,1.1333584255194311,1.1333584255194311,0.0,0.0,0.0,0.0,1
55.0,2.0,0.0,244.0,9015.00027880696,4116.00014201232,4899.00013679464,67.6454786360998,67.6454786360998,0.0,47911.3668726574,link,0.0,0.0,0.0,0.0,0.0,0.0,0.0,0.0,0.0,0.4464601589982586,0.4464601589982586,0.0,0
56.0,2.0,27.0,245.0,67553.5172847849,34432.267085203,33121.2501995819,47.3404741943391,0.0,47.3404741943391,0.0,link,0.0,0.0,0.0,0.0,0.0,0.0,0.5706500547570512,0.5706500547570512,0.0,0.8830971844396893,0.5706500547570512,0.31244712968263805,0
56.0,1.0,134.0,246.0,28345.0537807391,0.0,28345.0537807391,28.5892240380979,0.0,28.5892240380979,14670.9425066938,ra,1.0,0.0,1.0,1.200848572676721,0.0,1.200848572676721,1.012159694025275,0.0,1.012159694025275,0.0,0.0,0.0,1
56.0,0.0,133.0,247.0,28758.648000424,28758.648000424,0.0,92.7044471237499,92.7044471237499,0.0,14715.488271793,ra,0.0,-0.0,0.0,0.0,0.0,0.0,0.5706500547570512,0.5706500547570512,0.0,1.1824994057738007,1.1824994057738007,0.0,0
56.0,2.0,135.0,248.0,47006.1040822862,24072.8864014428,22933.2176808434,119.4467612876768,29.3741347670111,90.0726265206657,20490.1826432686,ra,0.0,-0.0,0.0,-6.542012340997517e-07,-6.542012340997517e-07,0.0,1.6001797647626823,1.1824994057738007,0.41768035898888156,2.388529043462583,1.3763693494373082,1.012159694025275,0
56.0,2.0,29.0,249.0,45237.3265637856,23422.054813021,21815.2717507646,50.2063138071986,50.2063138071986,0.0,31051.5111500156,link,0.0,0.0,0.0,0.0,0.0,0.0,1.7940497084261897,1.3763693494373082,0.41768035898888156,2.1254113795537,1.7077310205648188,0.41768035898888156,0
57.0,2.0,28.0,250.0,21608.0,10785.0,10823.0,13.28609834,0.0,13.28609834,0.0,link,0.0,0.0,0.0,0.0,0.0,0.0,0.3659525726519988,0.3659525726519988,0.0,0.45364082169599884,0.3659525726519988,0.087688249044,0
57.0,2.0,0.0,251.0,21608.0,10785.0,10823.0,13.2394503,13.2394503,0.0,6137.90628624439,link,0.0,0.0,0.0,0.0,0.0,0.0,0.3659525726519988,0.3659525726519988,0.0,0.4533329446319988,0.4533329446319988,0.0,0
59.0,2.0,29.0,254.0,41763.642422810604,21836.3114479028,19927.3309749078,1.28384597521334,0.0,1.28384597521334,0.0,link,0.0,0.0,0.0,0.0,0.0,0.0,1.8151685504077142,1.3176670142496285,0.49750153615808573,1.8236419338441223,1.3176670142496285,0.5059749195944938,0
59.0,0.0,137.0,255.0,11226.9471972143,11226.9471972143,0.0,85.6288530944835,85.6288530944835,0.0,25939.71611319,ra,1.0,1.0,0.0,1.8828174446732195,1.8828174446732195,0.0,1.3176670142496285,1.3176670142496285,0.0,0.0,0.0,0.0,1
59.0,1.0,138.0,256.0,8142.41876965786,0.0,8142.41876965786,75.379020630013,0.0,75.379020630013,26235.4919576393,ra,0.0,0.0,-0.0,0.0,0.0,0.0,0.0,0.0,0.0,0.49750153615808573,0.0,0.49750153615808573,0
59.0,2.0,0.0,257.0,19030.16772086208,11064.8956674036,7965.27205345848,2.43590780092023,2.43590780092023,0.0,27032.7504548799,link,0.0,0.0,0.0,0.0,0.0,0.0,0.0,0.0,0.0,0.016076991486073517,0.016076991486073517,0.0,0
60.0,2.0,29.0,258.0,15204.99963875321,7325.99983936264,7878.99979939057,11.7952375990215,0.0,11.7952375990215,0.0,link,0.0,0.0,0.0,0.0,0.0,0.0,0.556207135074344,0.556207135074344,0.0,0.634055703227886,0.556207135074344,0.07784856815354188,0
60.0,2.0,136.0,259.0,13825.298552554461,6712.48148642337,7112.81706613109,32.4340617440321,15.6354696324923,16.7985921115398,10738.6315701673,ra,1.0,1.0,0.0,0.7702719425849559,0.6594012346487932,0.11087070793616267,0.556207135074344,0.556207135074344,0.0,0.0,0.0,0.0,1
60.0,2.0,0.0,260.0,9900.0011340695,4967.00050429217,4933.00062977733,11.7628859764568,11.7628859764568,0.0,22135.2935483001,link,0.0,0.0,0.0,0.0,0.0,0.0,0.0,0.0,0.0,0.07763504744461487,0.07763504744461487,0.0,0
