Time of calculation: 20211220-152109; value of objective: -19513796.099507157;  acc=2500;  ec=0.25;  e_tax=0.15;  cfix=7000;  cvar=17750;  eta=0.01;  mu=0.4;  i=
segment_id,dir,type_ID,POI_ID,traffic_flow,traffic_flow_0,traffic_flow_1,energy_demand,energy_demand_0,energy_demand_1,dist_along_segment,pois_type,pYi_dir,pYi_dir_0,pYi_dir_1,pE_charged,pE_charged_0,pE_charged_1,pE_input,pE_input_0,pE_input_1,pE_output,pE_output_0,pE_output_1,pXi
0.0,2.0,0.0,0.0,26540.63611205301,13243.023903864512,13297.612208188497,110598.03078595448,0.0,110598.03078595448,0.0,link,0.0,0.0,0.0,0.0,0.0,0.0,0.0,0.0,0.0,44.2392123143818,0.0,44.2392123143818,0
0.0,2.0,1.0,1.0,26594.77697992819,13269.441574912722,13325.335405015468,20250.099423019397,794.369385680525,19455.73003733887,239.71582410116363,ra,5.0,0.0,5.0,79.57204352362518,0.31774775427221,79.25429576935298,71.47200375441743,0.0,71.47200375441743,0.0,0.0,0.0,1
0.0,2.0,0.0,2.0,45891.071384772644,24132.535484801192,21758.535899971448,261326.95979751844,134296.58553622375,127030.3742612947,24427.46216029796,ra,0.0,-0.0,0.0,0.0,0.0,0.0,20.65985404989955,0.0,20.65985404989955,125.19063796890694,53.71863421448951,71.47200375441743,0
0.0,1.0,2.0,3.0,5594.606273434111,0.0,5594.606273434111,51649.635124748864,0.0,51649.635124748864,68504.60131061138,ra,0.0,0.0,-0.0,0.0,0.0,0.0,0.0,0.0,0.0,20.65985404989955,0.0,20.65985404989955,0
0.0,0.0,3.0,4.0,4553.083889317481,4553.083889317481,0.0,179686.2081284576,179686.2081284576,0.0,79329.13749040988,ra,0.0,-0.0,0.0,0.0,0.0,0.0,53.71863421448951,53.71863421448951,0.0,125.59311746587257,125.59311746587257,0.0,0
0.0,2.0,4.0,5.0,7895.539602766943,4645.32330643337,3250.2162963335736,58574.3762397996,25966.54477028484,32607.831469514764,104473.7124161702,ra,5.0,5.0,0.0,246.41522075749745,135.9797353739865,110.43548538351095,222.9854702615776,125.59311746587257,97.39235279570504,0.0,0.0,0.0,1
0.0,2.0,5.0,6.0,19815.36822147169,9562.72950758806,10252.63871388363,198975.65662792965,51923.875897311686,147051.78073061796,133409.21035475997,ra,0.0,0.0,-0.0,0.0,0.0,0.0,38.57164050345785,0.0,38.57164050345785,118.16190315462971,20.769550358924675,97.39235279570504,0
0.0,2.0,6.0,7.0,38420.41317046725,19234.66349454688,19185.749675920368,257293.291022864,123927.53021628884,133365.76080657516,173065.41379977632,ra,2.0,2.0,0.0,100.00000000000001,20.769550358924675,79.23044964107534,85.22533618082778,20.769550358924675,64.4557858219031,88.1426525899734,49.571012086515545,38.57164050345785,1
0.0,1.0,7.0,8.0,21229.45737990749,0.0,21229.45737990749,797.6797672231207,0.0,797.6797672231207,176940.22069628988,ra,0.0,0.0,-0.0,0.0,0.0,0.0,64.13671391501386,0.0,64.13671391501386,64.4557858219031,0.0,64.4557858219031,0
0.0,2.0,0.0,9.0,50605.7308716768,25638.902393873523,24966.82847780328,130254.4637935589,130254.4637935589,0.0,194059.96494613093,link,0.0,0.0,0.0,0.0,0.0,0.0,113.70772600152941,49.571012086515545,64.13671391501386,165.80951151895295,101.6727976039391,64.13671391501386,0
1.0,2.0,0.0,10.0,41635.269674683135,21021.62675530025,20613.64291938288,994.4046625238864,0.0,994.4046625238864,0.0,link,0.0,0.0,0.0,0.0,0.0,0.0,92.87584575498471,92.87584575498471,0.0,93.27360761999427,92.87584575498471,0.39776186500955457,0
1.0,2.0,8.0,11.0,39859.943598360216,20128.71002741653,19731.23357094369,56908.21108419655,42893.182856013744,14015.028228182808,8218.215919324155,ra,3.0,0.0,3.0,147.60566369349894,96.01931364233675,51.586350051162185,138.85618451487377,92.87584575498471,45.98033875988906,14.013805255053438,14.013805255053438,0.0,1
1.0,0.0,9.0,12.0,15021.9786197919,15021.9786197919,0.0,35671.06641012208,35671.06641012208,0.0,16747.064047816148,ra,0.0,0.0,0.0,0.0,0.0,0.0,14.013805255053438,14.013805255053438,0.0,28.282231819102275,28.282231819102275,0.0,0
1.0,2.0,10.0,13.0,29629.27020666332,14994.151703987822,14635.1185026755,4783.222882449116,617.7778014671595,4165.445080981956,16911.740762175257,ra,0.0,0.0,0.0,0.0,0.0,0.0,72.59639254659855,28.282231819102275,44.31416072749627,74.5096816995782,28.52934293968914,45.98033875988906,0
1.0,2.0,14.0,14.0,23126.81664543996,11846.335117703364,11280.481527736596,67889.72421662654,34668.98857284308,33220.73564378345,27721.26496153286,ra,0.0,0.0,0.0,0.0,0.0,0.0,59.55520940967203,28.52934293968914,31.02586646998289,86.71109909632264,42.396938368826376,44.31416072749627,0
1.0,1.0,13.0,15.0,11337.261932088282,0.0,11337.261932088282,35506.213423256566,0.0,35506.213423256566,29194.630965596883,ra,0.0,0.0,-0.0,0.0,0.0,0.0,16.823381100680262,0.0,16.823381100680262,31.02586646998289,0.0,31.02586646998289,0
1.0,0.0,12.0,16.0,11885.52653584708,11885.52653584708,0.0,5212.620274943287,5212.620274943287,0.0,29478.47368022978,ra,0.0,0.0,0.0,0.0,0.0,0.0,42.396938368826376,42.396938368826376,0.0,44.4819864788037,44.4819864788037,0.0,0
1.0,0.0,15.0,17.0,11960.17018283512,11960.17018283512,0.0,11636.779511769677,11636.779511769677,0.0,33381.72336961185,ra,0.0,0.0,0.0,0.0,0.0,0.0,44.4819864788037,44.4819864788037,0.0,49.13669828351157,49.13669828351157,0.0,0
1.0,2.0,16.0,18.0,23460.93532657191,11970.385389125157,11490.549937446756,44216.70704292174,2158.254291221103,42058.45275170064,34103.26049306036,ra,1.0,0.0,1.0,50.00000000000001,50.00000000000001,0.0,49.13669828351157,49.13669828351157,0.0,16.823381100680262,0.0,16.823381100680262,1
1.0,2.0,0.0,19.0,23472.95328481904,11974.880939958675,11498.072344860364,1035.7842595208576,1035.7842595208576,0.0,34449.34645750041,link,0.0,0.0,0.0,0.0,0.0,0.0,0.0,0.0,0.0,0.4143137038083431,0.4143137038083431,0.0,0
2.0,2.0,0.0,20.0,68929.16895257494,33758.81379308793,35170.35515948701,50932.61227319879,0.0,50932.61227319879,0.0,link,0.0,0.0,0.0,0.0,0.0,0.0,160.3393537206191,62.88519921442435,97.45415450619474,180.71239862989862,62.88519921442435,117.82719941547427,0
2.0,1.0,11.0,21.0,34398.2821383792,0.0,34398.2821383792,4.449856334595692,0.0,4.449856334595692,2598.411645460739,ra,0.0,0.0,-0.0,0.0,0.0,0.0,97.4523745636609,0.0,97.4523745636609,97.45415450619474,0.0,97.45415450619474,0
2.0,0.0,17.0,22.0,24285.97411997901,24285.97411997901,0.0,140743.83665569607,140743.83665569607,0.0,19826.030918871555,ra,0.0,-0.0,0.0,0.0,0.0,0.0,62.88519921442435,62.88519921442435,0.0,119.18273387670278,119.18273387670278,0.0,0
2.0,1.0,18.0,23.0,24186.0911430872,0.0,24186.0911430872,103201.73242877657,0.0,103201.73242877657,19924.554475399083,ra,0.0,0.0,-0.0,0.0,0.0,0.0,56.171681592150264,0.0,56.171681592150264,97.4523745636609,0.0,97.4523745636609,0
2.0,0.0,19.0,24.0,24395.8043620461,24395.8043620461,0.0,27698.74042697931,27698.74042697931,0.0,24376.283905318956,ra,0.0,-0.0,0.0,0.0,0.0,0.0,119.18273387670278,119.18273387670278,0.0,130.26223004749448,130.26223004749448,0.0,0
2.0,0.0,20.0,25.0,18382.744960495544,18382.744960495544,0.0,79839.89577149054,79839.89577149054,0.0,38424.04808590371,ra,0.0,0.0,0.0,0.0,0.0,0.0,130.26223004749448,130.26223004749448,0.0,162.1981883560907,162.1981883560907,0.0,0
2.0,1.0,21.0,26.0,18491.613365488807,0.0,18491.613365488807,111349.8124047107,0.0,111349.8124047107,38987.68062551749,ra,0.0,0.0,-0.0,0.0,0.0,0.0,11.631756630265983,0.0,11.631756630265983,56.171681592150264,0.0,56.171681592150264,0
2.0,2.0,22.0,27.0,37060.49951410931,18323.84940673533,18736.65010737398,225942.1491305223,104074.79579116704,121867.35333935526,60686.533174562566,ra,4.0,4.0,0.0,200.0,162.8848152945239,37.115184705476125,162.1981883560907,162.1981883560907,0.0,52.57504800829964,40.943291378033656,11.631756630265983,1
2.0,2.0,23.0,28.0,37058.90292655935,18323.112740357166,18735.790186202183,22641.771554915853,4.351830224247759,22637.419724691605,60687.52230976862,ra,1.0,1.0,0.0,50.0,40.94503211012336,9.054967889876643,40.943291378033656,40.943291378033656,0.0,0.0,0.0,0.0,1
2.0,2.0,0.0,29.0,23931.60016336258,12393.941571693274,11537.658591669302,51671.89884022078,51671.89884022078,0.0,74788.45855603463,link,0.0,0.0,0.0,0.0,0.0,0.0,0.0,0.0,0.0,20.668759536088317,20.668759536088317,0.0,0
3.0,2.0,0.0,30.0,27844.0,14880.0,12964.0,6915.9699,0.0,6915.9699,0.0,link,0.0,0.0,0.0,0.0,0.0,0.0,0.0,0.0,0.0,2.7663879600000003,0.0,2.7663879600000003,0
3.0,0.0,24.0,31.0,14880.0,14880.0,0.0,1082.892,1082.892,0.0,291.13911748382634,ra,0.0,-0.0,0.0,0.0,0.0,0.0,0.0,0.0,0.0,0.4331568,0.4331568,0.0,0
3.0,1.0,25.0,32.0,12963.999999999998,0.0,12963.999999999998,1269.66175,0.0,1269.66175,391.7896627176565,ra,1.0,0.0,1.0,50.0,0.0,50.0,49.492135634013614,0.0,49.492135634013614,0.0,0.0,0.0,1
3.0,2.0,1.0,33.0,27844.0,14880.000000000002,12964.0,8312.526000000002,8312.526000000002,0.0,2525.7146416492456,link,0.0,0.0,0.0,0.0,0.0,0.0,49.925293115763935,0.4331568,49.492136315763936,53.25030283401362,3.758167200000001,49.492135634013614,0
4.0,2.0,1.0,34.0,59761.3086274698,30037.341974575906,29723.966652893894,63537.01057500214,0.0,63537.01057500214,0.0,link,0.0,0.0,0.0,0.0,0.0,0.0,55.82911047312681,55.829109549734646,9.23392164605484e-07,81.24391470312767,55.829109549734646,25.414805153393022,0
4.0,1.0,29.0,35.0,19741.19620746718,0.0,19741.19620746718,23528.269522244533,0.0,23528.269522244533,27421.918402146952,ra,3.0,0.0,3.0,118.57121781433264,0.0,118.57121781433264,109.15991092882699,0.0,109.15991092882699,9.23392164605484e-07,0.0,9.23392164605484e-07,1
4.0,0.0,28.0,36.0,20188.77400206591,20188.77400206591,0.0,172835.1954270283,172835.1954270283,0.0,27456.275537656256,ra,0.0,-0.0,0.0,0.0,0.0,0.0,55.829109549734646,55.829109549734646,0.0,124.96318772054597,124.96318772054597,0.0,0
4.0,2.0,31.0,37.0,24242.046721440067,16011.081415437498,8230.965306002568,258415.45676728955,136495.1822413465,121920.27452594302,57952.436449648114,ra,0.0,-0.0,0.0,0.0,0.0,0.0,185.35498883899575,124.96318772054597,60.39180111844978,288.72117154591155,179.56126061708457,109.15991092882699,0
4.0,2.0,30.0,38.0,24222.436414627213,16010.688472387346,8211.747942239866,52429.54187041083,92.46286485224462,52337.07900555859,57975.56024030675,ra,6.0,0.0,6.0,179.61723711302244,179.59824576302546,0.018991349996993475,219.03722148330792,179.56126061708457,39.47596086622333,60.39180111844978,0.0,60.39180111844978,1
4.0,2.0,35.0,39.0,21337.90578167672,10925.606078379402,10412.299703297318,118120.53644251513,64909.62727256544,53210.90916994969,78476.45534742385,ra,0.0,0.0,0.0,0.0,0.0,0.0,18.19159719824345,0.0,18.19159719824345,65.43981177524951,25.963850909026178,39.47596086622333,0
4.0,0.0,40.0,40.0,10876.999998084551,10876.999998084551,0.0,49416.51859916345,49416.51859916345,0.0,96645.26673532616,ra,0.0,0.0,0.0,0.0,0.0,0.0,25.963850909026178,25.963850909026178,0.0,45.730458348691556,45.730458348691556,0.0,0
4.0,1.0,41.0,41.0,10239.998724530997,0.0,10239.998724530997,45431.51462061613,0.0,45431.51462061613,99246.70723666706,ra,0.0,0.0,0.0,0.0,0.0,0.0,0.018991349996993475,0.0,0.018991349996993475,18.19159719824345,0.0,18.19159719824345,0
4.0,2.0,42.0,42.0,15349.448623427987,7293.1561007636,8056.292522664386,56121.09637457308,56073.617999580594,47.47837499248368,124531.18468963404,ra,5.0,0.0,5.0,203.10754838578123,45.730458348691556,157.37709003708966,203.10754838578123,45.730458348691556,157.37709003708966,22.448438549829234,22.42944719983224,0.018991349996993475,1
4.0,2.0,45.0,43.0,29499.999782114108,14928.999812810407,14570.9999693037,249134.88644573092,123734.35475761928,125400.53168811166,160563.71538932095,ra,0.0,0.0,0.0,0.0,0.0,0.0,129.6463245616772,22.42944719983224,107.21687736184496,229.30027913996963,71.92318910287996,157.37709003708966,0
4.0,2.0,49.0,44.0,29501.249670962527,14929.610924790286,14571.63874617224,194284.8779273531,24106.33619212549,170178.54173522763,167022.61670697512,ra,0.0,0.0,0.0,0.0,0.0,0.0,111.0686497706339,71.92318910287996,39.14546066775394,188.78260094157514,81.56572357973016,107.21687736184496,0
4.0,2.0,2.0,45.0,37135.97924873808,18661.98985536135,18473.98939337673,64502.91430778436,64502.91430778436,0.0,182066.4548482201,link,0.0,0.0,0.0,0.0,0.0,0.0,120.7111842474841,81.56572357973016,39.14546066775394,146.51234997059782,107.3668893028439,39.14546066775394,0
5.0,2.0,1.0,46.0,68793.7826224039,33913.44536880647,34880.33725359744,96095.5523143735,0.0,96095.5523143735,0.0,link,0.0,0.0,0.0,0.0,0.0,0.0,78.46864052528667,20.379293969465266,58.089346555821415,116.90686078300887,20.37929330143804,96.52756748157083,0
5.0,1.0,26.0,47.0,36003.524001333615,0.0,36003.524001333615,97398.68667325984,0.0,97398.68667325984,10624.424038435742,ra,0.0,0.0,-0.0,0.0,0.0,0.0,19.129873510889908,0.0,19.129873510889908,58.089346555821415,0.0,58.089346555821415,0
5.0,0.0,27.0,48.0,32653.80091590929,32653.80091590929,0.0,104453.54427759832,104453.54427759832,0.0,12028.538687185455,ra,0.0,-0.0,0.0,0.0,0.0,0.0,20.37929330143804,20.37929330143804,0.0,62.16071043682189,62.16071043682189,0.0,0
5.0,2.0,32.0,49.0,33127.66797826424,16315.8916479239,16811.776330340337,228805.1136460785,146770.91132093937,82034.20232513915,39273.39357565199,ra,4.0,4.0,0.0,200.0,80.35382752320164,119.64617247679837,168.1230754944545,62.16071043682189,105.96236505763262,59.6451206188723,40.51524710798239,19.129873510889908,1
5.0,1.0,36.0,50.0,15728.354223345885,0.0,15728.354223345885,31894.05520026249,0.0,31894.05520026249,47330.36386477938,ra,0.0,0.0,-0.0,0.0,0.0,0.0,93.20474297752763,0.0,93.20474297752763,105.96236505763262,0.0,105.96236505763262,0
5.0,0.0,39.0,51.0,16181.036957810447,16181.036957810447,0.0,60067.79849386324,60067.79849386324,0.0,54808.46507060479,ra,0.0,-0.0,0.0,0.0,0.0,0.0,40.51524710798239,40.51524710798239,0.0,64.54236583750036,64.54236583750036,0.0,0
5.0,1.0,43.0,52.0,15425.054197747386,0.0,15425.054197747386,163772.90971277267,0.0,163772.90971277267,67696.58292643339,ra,0.0,0.0,-0.0,0.0,0.0,0.0,27.69557909241854,0.0,27.69557909241854,93.20474297752763,0.0,93.20474297752763,0
5.0,0.0,44.0,53.0,16743.940970134765,16743.940970134765,0.0,54713.094152936006,54713.094152936006,0.0,67916.71774036821,ra,0.0,-0.0,0.0,0.0,0.0,0.0,64.54236583750036,64.54236583750036,0.0,86.42760349867476,86.42760349867476,0.0,0
5.0,1.0,50.0,54.0,23926.865751230227,0.0,23926.865751230227,96625.80205597164,0.0,96625.80205597164,86150.64463711552,ra,2.0,0.0,2.0,99.99999999999997,0.0,99.99999999999997,89.04525943461458,0.0,89.04525943461458,27.69557909241854,0.0,27.69557909241854,1
5.0,0.0,51.0,55.0,23976.591723992253,23976.591723992253,0.0,96580.26100481248,96580.26100481248,0.0,86198.21188888987,ra,0.0,-0.0,0.0,0.0,0.0,0.0,86.42760349867476,86.42760349867476,0.0,125.05970710555977,125.05970710555977,0.0,0
5.0,2.0,4.0,56.0,48295.998738473485,24204.99925545633,24090.99948301716,96241.47571918213,96241.47571918213,0.0,102115.05106186114,link,0.0,0.0,0.0,0.0,0.0,0.0,214.10496654017436,125.05970710555977,89.04525943461458,252.60155682784722,163.55629739323263,89.04525943461458,0
6.0,2.0,0.0,57.0,17593.52882743976,9370.089853693322,8223.438973746437,82014.72429148362,0.0,82014.72429148362,0.0,link,0.0,0.0,0.0,0.0,0.0,0.0,0.0,0.0,0.0,32.805889716593455,0.0,32.805889716593455,0
6.0,0.0,34.0,58.0,9440.700126436834,9440.700126436834,0.0,2890.697904014153,2890.697904014153,0.0,1229.5619294335402,ra,0.0,-0.0,0.0,0.0,0.0,0.0,0.0,0.0,0.0,1.1562791616056616,1.1562791616056616,0.0,0
6.0,0.0,33.0,59.0,9685.754071387502,9685.754071387502,0.0,7570.561178381116,7570.561178381116,0.0,4398.318016945725,ra,0.0,-0.0,0.0,0.0,0.0,0.0,1.1562791616056616,1.1562791616056616,0.0,4.18450274672681,4.18450274672681,0.0,0
6.0,1.0,38.0,60.0,13533.136089729269,0.0,13533.136089729269,81681.6991082502,0.0,81681.6991082502,19100.037855584003,ra,1.0,0.0,1.0,50.0,0.0,50.0,17.327320356699914,0.0,17.327320356699914,0.0,0.0,0.0,1
6.0,0.0,37.0,61.0,14150.210375121094,14150.210375121094,0.0,45091.845296298496,45091.845296298496,0.0,19123.313502380493,ra,0.0,-0.0,0.0,0.0,0.0,0.0,4.18450274672681,4.18450274672681,0.0,22.221240865246212,22.221240865246212,0.0,0
6.0,2.0,48.0,62.0,30972.88424037613,15986.27621540026,14986.608024975872,136704.9660886589,85547.73608614209,51157.23000251679,42213.94659999393,ra,3.0,0.0,3.0,128.31231630751958,56.44033529970305,71.87198100781653,90.95765155165374,22.221240865246212,68.73641068640752,17.327320356699914,3.042780574553862e-16,17.327320356699914,1
6.0,2.0,3.0,63.0,43852.38298306345,22912.25382809093,20940.12915497252,88847.51512241353,88847.51512241353,0.0,60876.22424217983,link,0.0,0.0,0.0,0.0,0.0,0.0,68.73641068640752,3.042780574553862e-16,68.73641068640752,104.27541673537294,35.53900604896542,68.73641068640752,0
7.0,2.0,0.0,64.0,11819.728833092571,5668.999528653672,6150.729304438899,57815.81846422917,0.0,57815.81846422917,0.0,link,0.0,0.0,0.0,0.0,0.0,0.0,0.0,0.0,0.0,23.126327385691667,0.0,23.126327385691667,0
7.0,2.0,46.0,65.0,16750.439961073742,8281.792263693602,8468.64769738014,11097.79289051831,10984.359080625853,113.43380989245792,6667.955447556553,ra,6.0,0.0,6.0,73.61807923800554,0.0,73.61807923800554,73.57270571404855,0.0,73.57270571404855,4.393743632250342,4.393743632250342,0.0,1
7.0,2.0,47.0,66.0,16803.00194301874,8309.644744099518,8493.35719891922,11725.202323947273,110.9556883403091,11614.246635606964,6721.474926778252,ra,0.0,0.0,0.0,0.0,0.0,0.0,73.3207506920561,4.393743632250342,68.92700705980576,78.01083162163502,4.438125907586465,73.57270571404855,0
7.0,2.0,2.0,67.0,31479.264687684805,14962.675134733858,16516.589552950947,54409.67436545758,54409.67436545758,0.0,25294.541879356693,link,0.0,0.0,0.0,0.0,0.0,0.0,73.36513296739223,4.438125907586465,68.92700705980576,95.12900271357526,26.201995653769497,68.92700705980576,0
8.0,2.0,2.0,68.0,14782.369584642798,7482.847541600488,7299.522043042311,14288.379331310964,0.0,14288.379331310964,0.0,link,0.0,0.0,0.0,0.0,0.0,0.0,35.051781349539574,35.051781349539574,0.0,40.767133082063964,35.051781349539574,5.715351732524386,0
8.0,2.0,52.0,69.0,9208.206367128356,4168.183876582084,5040.022490546272,27287.216382469647,13263.694588088356,14023.521794381291,9055.824498122218,ra,6.0,0.0,6.0,45.96666790252743,40.35725918477492,5.609408717752518,35.051781349539574,35.051781349539574,0.0,0.0,0.0,0.0,1
8.0,2.0,0.0,70.0,9708.89067456805,5120.673657931851,4588.2170166362,13940.095376387626,13940.095376387626,0.0,21173.685305885127,link,0.0,0.0,0.0,0.0,0.0,0.0,0.0,0.0,0.0,5.576038150555051,5.576038150555051,0.0,0
9.0,2.0,2.0,71.0,31818.423136170015,16104.883545196824,15713.539590973189,81537.06492795641,0.0,81537.06492795641,0.0,link,0.0,0.0,0.0,0.0,0.0,0.0,81.12452613909898,54.949669861160025,26.174856277938957,113.73935211028154,54.949669861160025,58.78968224912152,0
9.0,2.0,55.0,72.0,36693.05587768159,18116.80864806472,18576.24722961687,133137.16304435092,67700.02234950355,65437.14069484738,15445.371783397328,ra,2.0,2.0,0.0,99.90286734940076,82.02967880096146,17.8731885484393,72.82285840959932,54.949669861160025,17.8731885484393,26.17485627793896,3.552713678800501e-15,26.174856277938957,1
9.0,2.0,7.0,73.0,31601.85426430268,15291.911788888328,16309.942475414353,78558.2491956084,78558.2491956084,0.0,33157.12684688381,link,0.0,0.0,0.0,0.0,0.0,0.0,17.873188548439302,3.552713678800501e-15,17.8731885484393,49.29648822668267,31.42329967824337,17.8731885484393,0
10.0,2.0,3.0,74.0,31606.669563938915,16070.547455207432,15536.122108731484,1095.3517233038656,0.0,1095.3517233038656,0.0,link,0.0,0.0,0.0,0.0,0.0,0.0,71.08493593325252,62.177450618344935,8.907485314907582,71.52307724091037,62.177450618344935,9.34562662256544,0
10.0,2.0,53.0,75.0,20482.292071415013,10386.965680851748,10095.326390563265,96499.45929454594,49015.43948486998,47484.01980967596,14793.406531478646,ra,3.0,0.0,3.0,150.0,81.78362629648338,68.21637370351662,120.30770109456246,62.177450618344935,58.130250476217526,8.907485648921195,3.34013612632602e-07,8.907485314907582,1
10.0,2.0,4.0,76.0,20473.61899569675,10382.534499411437,10091.084496285315,1126.9910082501244,1126.9910082501244,0.0,15227.535521101405,link,0.0,0.0,0.0,0.0,0.0,0.0,58.13024895522221,3.34013612632602e-07,58.130248621208594,58.58104687951757,0.4507964033000498,58.130250476217526,0
11.0,2.0,3.0,77.0,48420.054142922716,24599.82318293021,23820.230959992503,31745.532845437767,0.0,31745.532845437767,0.0,link,0.0,0.0,0.0,0.0,0.0,0.0,122.98137932180053,24.82518229799584,98.1561970238047,135.67959322921328,24.82518229799584,110.85441093121743,0
11.0,2.0,54.0,78.0,48814.99317229718,24295.434711773956,24519.55846052323,84710.20573037476,42540.78193412597,42169.42379624878,6967.487148144968,ra,0.0,0.0,-0.0,0.0,0.0,0.0,106.113609803301,24.82518229799584,81.28842750530517,139.99769187975505,41.841494855950366,98.1561970238047,0
11.0,1.0,56.0,79.0,22284.926619444108,0.0,22284.926619444108,42127.36083050685,0.0,42127.36083050685,14053.388239050711,ra,0.0,0.0,-0.0,0.0,0.0,0.0,64.43748361237186,0.0,64.43748361237186,81.28842750530517,0.0,81.28842750530517,0
11.0,2.0,5.0,80.0,42919.8251598076,21285.35848456856,21634.466675239044,72772.38154471369,72772.38154471369,0.0,19878.69006465457,link,0.0,0.0,0.0,0.0,0.0,0.0,106.27897846832224,41.841494855950366,64.43748361237186,135.3879303851652,70.95044677279333,64.43748361237186,0
12.0,2.0,4.0,81.0,53131.67233206281,26537.18348117461,26594.4888508882,39058.110750199725,0.0,39058.110750199725,0.0,link,0.0,0.0,0.0,0.0,0.0,0.0,217.6423458337688,116.88306827552995,100.75927755823884,233.26559013384866,116.88306827552995,116.38252185831871,0
12.0,0.0,58.0,82.0,22288.895823895957,22288.895823895957,0.0,84106.44243238925,84106.44243238925,0.0,13722.635716121396,ra,2.0,2.0,0.0,100.0,100.0,0.0,116.88306827552995,116.88306827552995,0.0,50.52564476849236,50.52564476849236,0.0,1
12.0,1.0,57.0,83.0,22492.6689728353,0.0,22492.6689728353,84839.80757992748,0.0,84839.80757992748,13775.369179933106,ra,0.0,0.0,-0.0,0.0,0.0,0.0,66.82335496831398,0.0,66.82335496831398,100.75927755823884,0.0,100.75927755823884,0
12.0,2.0,5.0,84.0,44751.07719214048,22273.03927625819,22478.037915882287,38996.02198082465,38996.02198082465,0.0,20725.095833182608,link,0.0,0.0,0.0,0.0,0.0,0.0,117.34899973680635,50.52564476849236,66.82335496831398,132.9474085291362,66.12405356082222,66.82335496831398,0
13.0,2.0,4.0,85.0,25987.610544625633,13119.378445562592,12868.232099063043,30134.58726173486,0.0,30134.58726173486,0.0,link,0.0,0.0,0.0,0.0,0.0,0.0,82.60681499502287,55.49584461160754,27.11097038341533,94.66064947306228,55.49584418495301,39.16480528810928,0
13.0,2.0,59.0,86.0,13974.00634747334,7033.004117758563,6941.002229714777,172096.2623442682,94438.14929045973,77658.11305380848,36309.89528647439,ra,3.0,3.0,0.0,149.99999999999997,93.27110095507553,56.72889904492445,108.2724683917694,55.49584418495301,52.77662420681638,27.11097071742898,3.3401364873952843e-07,27.11097038341533,1
13.0,1.0,63.0,87.0,7362.494657393186,0.0,7362.494657393186,16537.440233131674,0.0,16537.440233131674,54986.89266391457,ra,0.0,0.0,-0.0,0.0,0.0,0.0,46.161648781590976,0.0,46.161648781590976,52.77662420681638,0.0,52.77662420681638,0
13.0,0.0,62.0,88.0,7963.314490087364,7963.314490087364,0.0,34890.21198232506,34890.21198232506,0.0,55258.29185590623,ra,0.0,-0.0,0.0,0.0,0.0,0.0,3.3401364873952843e-07,3.3401364873952843e-07,0.0,13.956084792930026,13.956084792930026,0.0,0
13.0,2.0,70.0,89.0,20915.585370117602,10623.723419117588,10291.861951000015,166982.46735309626,84725.10234162901,82257.36501146725,85720.88488710183,ra,0.0,-0.0,0.0,0.0,0.0,0.0,27.214787569934103,13.956084792930026,13.258702777004075,94.00777451117261,47.84612572958164,46.161648781590976,0
13.0,1.0,71.0,90.0,10312.666692975632,0.0,10312.666692975632,33146.75694251019,0.0,33146.75694251019,92148.0377185692,ra,0.0,0.0,-0.0,0.0,0.0,0.0,0.0,0.0,0.0,13.258702777004075,0.0,13.258702777004075,0
13.0,0.0,75.0,91.0,10865.41330620228,10865.41330620228,0.0,55630.66963412746,55630.66963412746,0.0,106351.19825280692,ra,0.0,-0.0,0.0,0.0,0.0,0.0,47.84612572958164,47.84612572958164,0.0,70.09839358323262,70.09839358323262,0.0,0
13.0,2.0,80.0,92.0,21769.313571554885,10924.77173173255,10844.541839822334,130785.14753385802,39696.505160444576,91088.64237341344,121274.1282993086,ra,6.0,6.0,0.0,142.60739498321055,85.97699564741046,56.6303993358001,90.29333596966734,70.09839358323262,20.194942386434715,0.0,0.0,0.0,1
13.0,2.0,8.0,93.0,20326.83796736937,10049.65492309056,10277.18304427881,29999.266720655654,29999.266720655654,0.0,132616.96921985535,link,0.0,0.0,0.0,0.0,0.0,0.0,20.194942386434715,0.0,20.194942386434715,32.19464907469698,11.999706688262265,20.194942386434715,0
14.0,2.0,5.0,94.0,94497.82264774677,47019.26687675304,47478.55577099372,23408.56301894909,0.0,23408.56301894909,0.0,link,0.0,0.0,0.0,0.0,0.0,0.0,195.94703908050553,105.56206302050745,90.3849760599981,205.31046492309713,105.56206365551941,99.74840126757773,0
14.0,0.0,61.0,95.0,46935.18990316021,46935.18990316021,0.0,54369.71862605424,54369.71862605424,0.0,4629.482620571615,ra,0.0,-0.0,0.0,0.0,0.0,0.0,105.56206365551941,105.56206365551941,0.0,127.30995174095305,127.30995174095305,0.0,0
14.0,1.0,60.0,96.0,47664.75200387175,0.0,47664.75200387175,55108.1143621735,0.0,55108.1143621735,4633.73189838993,ra,1.0,0.0,1.0,49.999999999999986,0.0,49.999999999999986,118.34173031512867,0.0,118.34173031512867,90.3849760599981,0.0,90.3849760599981,1
14.0,2.0,6.0,97.0,94641.69117202783,46900.62074452682,47741.07042750101,23072.985512551462,23072.985512551462,0.0,6596.600389256655,link,0.0,0.0,0.0,0.0,0.0,0.0,245.6516820560817,127.30995174095305,118.34173031512867,254.88087753112617,136.5391472159975,118.34173031512867,0
15.0,2.0,6.0,98.0,75207.49134104664,44538.30191090561,30669.189430141025,47121.25379541333,0.0,47121.25379541333,0.0,link,0.0,0.0,0.0,0.0,0.0,0.0,186.24091352475693,121.08527110476112,65.15564241999583,205.0894120194339,121.08526808127272,84.00414393816116,0
15.0,1.0,64.0,99.0,16721.32745245393,0.0,16721.32745245393,162889.10604998952,0.0,162889.10604998952,25738.743223846097,ra,0.0,0.0,-0.0,0.0,0.0,0.0,0.0,0.0,0.0,65.15564241999583,0.0,65.15564241999583,0
15.0,0.0,65.0,100.0,16271.068415411031,16271.068415411031,0.0,197286.8322729385,197286.8322729385,0.0,25740.902218562274,ra,4.0,4.0,0.0,200.0,200.0,0.0,121.08526808127272,121.08526808127272,0.0,0.0,0.0,0.0,1
15.0,2.0,0.0,101.0,10998.091984936455,5379.561945168664,5618.530039767791,45625.31426242709,45625.31426242709,0.0,48631.17855592899,link,0.0,0.0,0.0,0.0,0.0,0.0,0.0,0.0,0.0,18.250125704970838,18.250125704970838,0.0,0
16.0,2.0,6.0,102.0,79740.5667298025,40135.953102102525,39604.61362769997,70022.38953289964,0.0,70022.38953289964,0.0,link,0.0,0.0,0.0,0.0,0.0,0.0,199.15900559405566,104.14212557074218,95.01688002331346,227.1679605042205,104.1421246677472,123.02583583647332,0
16.0,1.0,66.0,103.0,29014.9759926702,0.0,29014.9759926702,104866.5516526507,0.0,104866.5516526507,12316.83855333374,ra,0.0,0.0,-0.0,0.0,0.0,0.0,53.07025867020691,0.0,53.07025867020691,95.01688002331346,0.0,95.01688002331346,0
16.0,0.0,67.0,104.0,29278.008085254503,29278.008085254503,0.0,114644.69556518148,114644.69556518148,0.0,12575.946688510528,ra,3.0,3.0,0.0,150.00000000000003,150.00000000000003,0.0,104.1421246677472,104.1421246677472,0.0,2.1004839619238912e-06,2.1004839619238912e-06,0.0,1
16.0,0.0,72.0,105.0,28145.02656728497,28145.02656728497,0.0,91074.88119999623,91074.88119999623,0.0,25449.08031583349,ra,0.0,-0.0,0.0,0.0,0.0,0.0,2.1004839619238912e-06,2.1004839619238912e-06,0.0,36.42995360157775,36.42995360157775,0.0,0
16.0,1.0,74.0,106.0,25731.855828829863,0.0,25731.855828829863,78758.19833965349,0.0,78758.19833965349,32933.75197391795,ra,0.0,0.0,-0.0,0.0,0.0,0.0,21.566979334345504,0.0,21.566979334345504,53.07025867020691,0.0,53.07025867020691,0
16.0,0.0,76.0,107.0,25418.722177742115,25418.722177742115,0.0,159251.717619019,159251.717619019,0.0,49497.46890143416,ra,0.0,-0.0,0.0,0.0,0.0,0.0,36.42995360157775,36.42995360157775,0.0,100.1306395276061,100.1306395276061,0.0,0
16.0,1.0,77.0,108.0,25469.36930201462,0.0,25469.36930201462,90737.08375932332,0.0,90737.08375932332,49565.51842080065,ra,5.0,0.0,5.0,250.00000000000006,0.0,250.00000000000006,235.27214616463004,0.0,235.27214616463004,21.566979334345504,0.0,21.566979334345504,1
16.0,1.0,82.0,109.0,26935.54974771189,0.0,26935.54974771189,118276.92204923416,0.0,118276.92204923416,67595.96875209869,ra,0.0,0.0,-0.0,0.0,0.0,0.0,187.9613773449364,0.0,187.9613773449364,235.27214616463004,0.0,235.27214616463004,0
16.0,0.0,83.0,110.0,27462.47510980443,27462.47510980443,0.0,126427.56593641748,126427.56593641748,0.0,68666.07464325256,ra,0.0,-0.0,0.0,0.0,0.0,0.0,100.1306395276061,100.1306395276061,0.0,150.70166473459614,150.70166473459614,0.0,0
16.0,1.0,86.0,111.0,27163.152752819547,0.0,27163.152752819547,104909.42268635287,0.0,104909.42268635287,81021.89267340553,ra,0.0,0.0,-0.0,0.0,0.0,0.0,145.99760827039523,0.0,145.99760827039523,187.9613773449364,0.0,187.9613773449364,0
16.0,0.0,89.0,112.0,29187.99844762554,29187.99844762554,0.0,166348.2025817419,166348.2025817419,0.0,92123.37906601596,ra,0.0,-0.0,0.0,0.0,0.0,0.0,150.70166473459614,150.70166473459614,0.0,217.2409457672929,217.2409457672929,0.0,0
16.0,1.0,90.0,113.0,28376.998666581203,0.0,28376.998666581203,140042.11937774133,0.0,140042.11937774133,92203.5095301381,ra,0.0,0.0,-0.0,0.0,0.0,0.0,89.98076103197039,0.0,89.98076103197039,145.99760827039523,0.0,145.99760827039523,0
16.0,2.0,94.0,114.0,71124.20344709541,35553.82790120941,35570.375545886,218880.99297002755,107490.96933346476,111390.0236365628,106046.11656904333,ra,4.0,0.0,4.0,200.0000000003334,143.12702609341505,56.87297390691834,319.53866992055754,217.2409457672929,102.29772415326462,207.09106843923416,117.11030740726378,89.98076103197039,1
16.0,2.0,12.0,115.0,71147.99996754559,35564.99998476318,35582.99998278241,69987.17889687601,69987.17889687601,0.0,113917.81076099534,link,0.0,0.0,0.0,0.0,0.0,0.0,219.40803117641474,117.11030740726378,102.29772376915098,247.40290311927882,145.1051789660142,102.29772415326462,0
18.0,2.0,7.0,118.0,26949.99999999783,13587.999999998794,13361.999999999038,31558.772217154325,0.0,31558.772217154325,0.0,link,0.0,0.0,0.0,0.0,0.0,0.0,26.561411635433227,26.561411635433227,0.0,39.18492052229496,26.561411635433227,12.623508886861732,0
18.0,0.0,68.0,119.0,13587.918618998609,13587.918618998609,0.0,41844.57179886948,41844.57179886948,0.0,12318.138045343778,ra,0.0,-0.0,0.0,0.0,0.0,0.0,26.561411635433227,26.561411635433227,0.0,43.29924035498102,43.29924035498102,0.0,0
18.0,1.0,69.0,120.0,13361.93226547554,0.0,13361.93226547554,90503.32553468876,0.0,90503.32553468876,12346.305678813724,ra,1.0,0.0,1.0,36.20133021387551,0.0,36.20133021387551,0.0,0.0,0.0,0.0,0.0,0.0,1
18.0,2.0,73.0,121.0,21133.145613699366,10354.073130248858,10779.072483450507,77476.59941128742,44336.60233646417,33139.997074823244,27186.329383912336,ra,6.0,6.0,0.0,144.89306532275458,61.03388128956669,83.85918403318789,113.90242555823961,43.29924035498102,70.60318520325859,0.0,0.0,0.0,1
18.0,2.0,81.0,122.0,17024.72901544851,8263.2955761644,8761.433439284106,260178.17546469593,128314.83555156016,131863.33991313577,76811.9776614867,ra,0.0,0.0,-0.0,0.0,0.0,0.0,17.85784923800428,0.0,17.85784923800428,121.92911942388267,51.32593422062408,70.60318520325859,0
18.0,0.0,84.0,123.0,7912.197813125354,7912.197813125354,0.0,30498.69431850924,30498.69431850924,0.0,91803.7907317536,ra,0.0,-0.0,0.0,0.0,0.0,0.0,51.32593422062408,51.32593422062408,0.0,63.525411948027774,63.525411948027774,0.0,0
18.0,1.0,85.0,124.0,8875.838788593739,0.0,8875.838788593739,44644.6230950107,0.0,44644.6230950107,91872.46119703975,ra,0.0,0.0,-0.0,0.0,0.0,0.0,0.0,0.0,0.0,17.85784923800428,0.0,17.85784923800428,0
18.0,2.0,92.0,125.0,47292.93717996864,22515.08265535503,24777.854524613613,118861.31093021153,77618.50735086747,41242.80357934407,121334.73270596893,ra,4.0,0.0,4.0,181.85533347919457,94.57281488837477,87.2825185908198,134.31080910710995,63.525411948027774,70.78539715908217,0.0,0.0,0.0,1
18.0,2.0,11.0,126.0,53098.00276723388,24816.36422563914,28281.638541594737,28126.95910991992,28126.95910991992,0.0,126075.53174156268,link,0.0,0.0,0.0,0.0,0.0,0.0,70.78539715908217,0.0,70.78539715908217,82.03618080305014,11.25078364396797,70.78539715908217,0
19.0,2.0,7.0,127.0,19888.0,9830.0,10058.0,45813.05847500001,0.0,45813.05847500001,0.0,link,0.0,0.0,0.0,0.0,0.0,0.0,17.93743177123259,17.93743177123259,0.0,36.2626551612326,17.93743177123259,18.32522339000001,0
19.0,2.0,0.0,128.0,19888.0,9830.0,10058.0,44774.54412500001,44774.54412500001,0.0,18219.57712193098,link,0.0,0.0,0.0,0.0,0.0,0.0,17.93743177123259,17.93743177123259,0.0,35.84724942123259,35.84724942123259,0.0,0
20.0,2.0,0.0,129.0,19481.000344743796,9701.000199905127,9780.000144838668,39648.670051590845,0.0,39648.670051590845,0.0,link,0.0,0.0,0.0,0.0,0.0,0.0,1.7763568394002505e-15,0.0,1.7763568394002505e-15,15.85946802063634,0.0,15.85946802063634,0
20.0,0.0,78.0,130.0,10133.998910338903,10133.998910338903,0.0,55045.27072447368,55045.27072447368,0.0,22308.899934453435,ra,1.0,1.0,0.0,22.018108289789478,22.018108289789478,0.0,0.0,0.0,0.0,0.0,0.0,0.0,1
20.0,1.0,79.0,131.0,10094.12847263898,0.0,10094.12847263898,55366.983178359165,0.0,55366.983178359165,22364.44986396924,ra,1.0,0.0,1.0,42.21200647362689,0.0,42.21200647362689,20.065214698251236,0.0,20.065214698251236,1.7763568394002505e-15,0.0,1.7763568394002505e-15,1
20.0,2.0,8.0,132.0,21962.97969081701,10983.990050020308,10978.989640796704,39856.0994869337,39856.0994869337,0.0,37253.22848420508,link,0.0,0.0,0.0,0.0,0.0,0.0,20.06521463089264,0.0,20.06521463089264,36.00765449302472,15.942439794773485,20.065214698251236,0
21.0,2.0,8.0,133.0,21649.000000000102,11074.000000000044,10575.00000000006,9289.608399994511,0.0,9289.608399994511,0.0,link,0.0,0.0,0.0,0.0,0.0,0.0,24.355753402316417,24.355753402316417,0.0,28.071596762314222,24.355753402316417,3.715843359997805,0
21.0,2.0,87.0,134.0,23288.999999928543,11776.999999969368,11511.999999959173,163564.6948176219,83230.29327636476,80334.40154125715,29246.642192588224,ra,6.0,0.0,6.0,176.69546490827207,57.647870712862314,119.04759419540974,111.26958698122331,24.355753402316417,86.91383357890689,0.0,0.0,0.0,1
21.0,2.0,10.0,135.0,23288.99999999982,11776.999999999924,11511.999999999898,9503.45014999588,9503.45014999588,0.0,32474.473610155062,link,0.0,0.0,0.0,0.0,0.0,0.0,86.91383357890689,0.0,86.91383357890689,90.71521363890524,3.801380059998353,86.91383357890689,0
22.0,2.0,8.0,136.0,18089.34980232114,9293.63667702267,8795.71312529847,63540.09044443341,0.0,63540.09044443341,0.0,link,0.0,0.0,0.0,0.0,0.0,0.0,26.587743572799134,9.522929586981142,17.06481398581799,52.0037797505725,9.522929586981142,42.480850163591356,0
22.0,2.0,9.0,137.0,22551.759921439094,11229.492180860212,11322.267740578884,64966.00764781821,64966.00764781821,0.0,25496.14409205573,link,0.0,0.0,0.0,0.0,0.0,0.0,26.587743572799134,9.522929586981142,17.06481398581799,52.57414663192642,35.509332646108426,17.06481398581799,0
24.0,2.0,9.0,140.0,25786.108144857673,12922.607317501452,12863.500827356223,7755.626684396506,0.0,7755.626684396506,0.0,link,0.0,0.0,0.0,0.0,0.0,0.0,64.32182037883662,64.32181786902635,2.5098102689469215e-06,67.42407105259522,64.32181786902635,3.102253183568872,0
24.0,0.0,88.0,141.0,12911.612953719838,12911.612953719838,0.0,22613.037158930038,22613.037158930038,0.0,7001.124876882881,ra,1.0,1.0,0.0,50.0,50.0,0.0,64.32181786902635,64.32181786902635,0.0,23.367031829330276,23.367031829330276,0.0,1
24.0,1.0,91.0,142.0,12797.695040407143,0.0,12797.695040407143,52823.942444130895,0.0,52823.942444130895,10447.761196686972,ra,1.0,0.0,1.0,50.0,0.0,50.0,28.870425532157906,0.0,28.870425532157906,2.5098102689469215e-06,0.0,2.5098102689469215e-06,1
24.0,0.0,97.0,143.0,9570.738932827611,9570.738932827611,0.0,68894.32530662708,68894.32530662708,0.0,30840.569189513222,ra,0.0,-0.0,0.0,0.0,0.0,0.0,23.367031829330276,23.367031829330276,0.0,50.92476195198111,50.92476195198111,0.0,0
24.0,1.0,98.0,144.0,9946.426208887748,0.0,9946.426208887748,55783.39313689416,0.0,55783.39313689416,30857.334061915197,ra,0.0,0.0,-0.0,0.0,0.0,0.0,6.557068277400237,0.0,6.557068277400237,28.870425532157906,0.0,28.870425532157906,0
24.0,2.0,108.0,145.0,15887.706151607494,7870.705730584929,8017.000421022563,112549.66626260435,54209.7396336199,58339.92662898446,55766.14861335632,ra,4.0,4.0,0.0,146.30635721687446,45.05092768277824,101.25542953409621,135.4012896444416,50.92476195198111,84.47652769246046,34.11479840005108,27.55773012265084,6.557068277400237,1
24.0,2.0,114.0,146.0,28294.020698251785,14163.55043686688,14130.470261384906,86345.4238016807,52782.69005955423,33562.73374212648,76000.7341358558,ra,0.0,0.0,-0.0,0.0,0.0,0.0,98.60916507733427,27.55773012265084,71.05143495468343,133.147333838933,48.67080614647254,84.47652769246046,0
24.0,2.0,15.0,147.0,28738.67135022459,14383.312343962509,14355.35900626208,7771.941987532011,7771.941987532011,0.0,78175.47480337396,link,0.0,0.0,0.0,0.0,0.0,0.0,119.72224110115597,48.67080614647254,71.05143495468343,122.83101789616877,51.779582941485344,71.05143495468343,0
25.0,2.0,9.0,148.0,18444.994544675952,9036.997526482091,9407.99701819386,79064.34946630115,0.0,79064.34946630115,0.0,link,0.0,0.0,0.0,0.0,0.0,0.0,53.288111203726274,15.990110155970559,37.29800104775572,84.91385099024674,15.990110155970559,68.92374083427619,0
25.0,2.0,10.0,149.0,19006.727910032103,9665.34291491844,9341.384995113662,78440.20246036658,78440.20246036658,0.0,35248.172611532704,link,0.0,0.0,0.0,0.0,0.0,0.0,53.28811158472517,15.990110155970559,37.29800142875461,84.66419218787291,47.366191140117195,37.29800104775572,0
26.0,2.0,10.0,150.0,39799.09031594862,19727.656489472974,20071.433826475644,135812.66623828077,0.0,135812.66623828077,0.0,link,0.0,0.0,0.0,0.0,0.0,0.0,83.68597115499212,30.52390969640565,53.162061458586464,138.01103765030444,30.52390969640565,107.48712795389879,0
26.0,2.0,11.0,151.0,61239.02764165262,31319.794471237463,29919.23317041516,138177.469995913,138177.469995913,0.0,24120.7762535988,link,0.0,0.0,0.0,0.0,0.0,0.0,83.68597115499212,30.52390969640565,53.162061458586464,138.9569591533573,85.79489769477084,53.162061458586464,0
27.0,2.0,11.0,152.0,68446.95855219441,33632.332120978645,34814.626431215765,111875.39654407148,0.0,111875.39654407148,0.0,link,0.0,0.0,0.0,0.0,0.0,0.0,122.12220053417913,41.116315178386316,81.00588535579281,166.87235915180773,41.116315178386316,125.75604397342141,0
27.0,0.0,99.0,153.0,29715.95485159294,29715.95485159294,0.0,123976.2739945376,123976.2739945376,0.0,15398.281487957354,ra,1.0,1.0,0.0,50.00000000000001,50.00000000000001,0.0,41.116315178386316,41.116315178386316,0.0,40.70682320383348,40.70682320383348,0.0,1
27.0,1.0,100.0,154.0,27462.225943179787,0.0,27462.225943179787,110690.00072422944,0.0,110690.00072422944,15788.230047158857,ra,1.0,0.0,1.0,50.0,0.0,50.0,86.72988506610103,0.0,86.72988506610103,81.00588535579281,0.0,81.00588535579281,1
27.0,2.0,107.0,155.0,39803.00077214074,18775.259985557448,21027.74078658329,213037.99372760678,101944.04308777496,111093.95063983182,32030.585088502547,ra,0.0,-0.0,0.0,0.0,0.0,0.0,82.99912801400178,40.70682320383348,42.292304810168304,168.21432550504448,81.48444043894347,86.72988506610103,0
27.0,0.0,111.0,156.0,14923.34787730996,14923.34787730996,0.0,83317.09259269956,83317.09259269956,0.0,51994.455333056,ra,0.0,-0.0,0.0,0.0,0.0,0.0,81.48444043894347,81.48444043894347,0.0,114.81127747602329,114.81127747602329,0.0,0
27.0,1.0,110.0,157.0,16064.78653282132,0.0,16064.78653282132,91420.7627496502,0.0,91420.7627496502,52217.78598274018,ra,0.0,0.0,-0.0,0.0,0.0,0.0,5.72399971030822,0.0,5.72399971030822,42.292304810168304,0.0,42.292304810168304,0
27.0,2.0,113.0,158.0,28115.732693263828,13396.479626617023,14719.253066646805,204559.04945385756,103794.3606224544,100764.68883140315,80453.83595296173,ra,4.0,0.0,4.0,189.37754861107175,103.97440840193967,85.40314020913209,165.63254186290234,114.81127747602329,50.82126438687905,58.0786130333736,52.35461332306538,5.72399971030822,1
27.0,0.0,115.0,159.0,16210.1141141057,16210.1141141057,0.0,68546.62018866111,68546.62018866111,0.0,99290.1862589441,ra,0.0,-0.0,0.0,0.0,0.0,0.0,52.35461332306538,52.35461332306538,0.0,79.77326139852983,79.77326139852983,0.0,0
27.0,2.0,116.0,160.0,34177.78966749807,16266.79151473384,17910.998152764234,159427.90714002296,32374.74617282533,127053.16096719762,107271.26953267986,ra,3.0,3.0,0.0,150.0,58.61822488212522,91.38177511787478,171.1550365164046,79.77326139852983,91.3817751178748,84.92619937241379,34.10493498553474,50.82126438687905,1
27.0,2.0,15.0,161.0,39893.99999984566,18725.9999999336,21167.99999991206,99300.16963093684,99300.16963093684,0.0,128894.5131374644,link,0.0,0.0,0.0,0.0,0.0,0.0,125.48671010340954,34.10493498553474,91.3817751178748,165.20677795578428,73.82500283790948,91.3817751178748,0
28.0,2.0,11.0,162.0,61992.2787513973,31725.31224782596,30266.96650357134,59767.556016153154,0.0,59767.556016153154,0.0,link,0.0,0.0,0.0,0.0,0.0,0.0,74.89168920104382,74.89168920104382,0.0,98.79871160750508,74.89168920104382,23.907022406461262,0
28.0,0.0,93.0,163.0,30439.224167938333,30439.224167938333,0.0,26819.58382101064,26819.58382101064,0.0,3445.559107155475,ra,0.0,-0.0,0.0,0.0,0.0,0.0,74.89168920104382,74.89168920104382,0.0,85.6195189221528,85.6195189221528,0.0,0
28.0,0.0,95.0,164.0,18498.90877462081,18498.90877462081,0.0,99181.64366425002,99181.64366425002,0.0,21968.34571810977,ra,3.0,3.0,0.0,125.29217638785283,125.29217638785283,0.0,85.6195189221528,85.6195189221528,0.0,0.0,0.0,0.0,1
28.0,1.0,96.0,165.0,17419.186332491074,0.0,17419.186332491074,120348.81609438776,0.0,120348.81609438776,22264.116411144965,ra,1.0,0.0,1.0,48.13952643775511,0.0,48.13952643775511,0.0,0.0,0.0,0.0,0.0,0.0,1
28.0,2.0,0.0,166.0,16044.983216716417,8425.399218263456,7619.583998452962,67074.05461575175,67074.05461575175,0.0,40879.27967798362,link,0.0,0.0,0.0,0.0,0.0,0.0,0.0,0.0,0.0,26.829621846300707,26.829621846300707,0.0,0
30.0,2.0,12.0,169.0,31173.00771278776,15334.689159172884,15838.318553614876,34325.5584570876,0.0,34325.5584570876,0.0,link,0.0,0.0,0.0,0.0,0.0,0.0,148.11432300830754,71.29720267896123,76.81712032934631,161.84454639114256,71.29720267896123,90.54734371218134,0
30.0,0.0,101.0,170.0,15342.168535706442,15342.168535706442,0.0,7217.50574891628,7217.50574891628,0.0,1882.30501330568,ra,0.0,-0.0,0.0,0.0,0.0,0.0,71.29720267896123,71.29720267896123,0.0,74.18420506205047,74.18420506205047,0.0,0
30.0,1.0,102.0,171.0,15008.380189154295,0.0,15008.380189154295,60673.867642582605,0.0,60673.867642582605,15325.375723611753,ra,0.0,0.0,-0.0,0.0,0.0,0.0,52.54757327231326,0.0,52.54757327231326,76.81712032934631,0.0,76.81712032934631,0
30.0,0.0,103.0,172.0,14615.10439288337,14615.10439288337,0.0,53088.47947651989,53088.47947651989,0.0,15632.211521401772,ra,0.0,-0.0,0.0,0.0,0.0,0.0,74.18420506205047,74.18420506205047,0.0,95.41959598344394,95.41959598344394,0.0,0
30.0,2.0,13.0,173.0,18934.390172572806,9143.138576923604,9791.251595649202,31702.916384279804,31702.916384279804,0.0,27311.590572612236,link,0.0,0.0,0.0,0.0,0.0,0.0,147.9671692557572,95.41959598344394,52.54757327231326,160.64833580946913,108.10076253715586,52.54757327231326,0
31.0,2.0,12.0,174.0,61211.26177444921,30941.90070843765,30269.36106601156,14621.970784639498,0.0,14621.970784639498,0.0,link,0.0,0.0,0.0,0.0,0.0,0.0,210.3671918716688,139.13678820780396,71.23040366386486,216.21598018552464,139.13678820780396,77.07919197772067,0
31.0,1.0,106.0,175.0,29780.03490857172,0.0,29780.03490857172,90942.90875627007,0.0,90942.90875627007,10173.779430297054,ra,0.0,0.0,-0.0,0.0,0.0,0.0,34.85324016087976,0.0,34.85324016087976,71.23040366386486,0.0,71.23040366386486,0
31.0,0.0,105.0,176.0,30402.95414259374,30402.95414259374,0.0,77996.3014502922,77996.3014502922,0.0,10175.429354581129,ra,0.0,-0.0,0.0,0.0,0.0,0.0,139.13678820780396,139.13678820780396,0.0,170.33530878792084,170.33530878792084,0.0,0
31.0,2.0,109.0,177.0,62402.93424977723,31525.727911032645,30877.20633874459,170414.26158029356,94060.47968481814,76353.78189547542,22337.14837090233,ra,5.0,0.0,5.0,250.00000000020833,207.95950066184812,42.04049933836021,216.68753492262692,170.33530878792084,46.35222613470609,34.85324016087974,-1.5383407779417046e-14,34.85324016087976,1
31.0,2.0,14.0,178.0,62766.261417807065,31611.05780980601,31155.20360800105,14878.700656075724,14878.700656075724,0.0,24222.213413881997,link,0.0,0.0,0.0,0.0,0.0,0.0,46.35222613470608,-1.5383407779417046e-14,46.35222613470609,52.30370639713637,5.951480262430276,46.35222613470609,0
32.0,2.0,13.0,179.0,24034.000000000007,12223.000000000004,11811.000000000004,124665.60013078306,0.0,124665.60013078306,0.0,link,0.0,0.0,0.0,0.0,0.0,0.0,110.78209575715589,108.10076253715586,2.6813332200000275,160.64833580946913,108.10076253715586,52.54757327231326,0
32.0,2.0,104.0,180.0,24034.000000001273,12223.000000000631,11811.000000000642,13640.496700000156,6937.163650000078,6703.333050000078,2270.21285318104,ra,4.0,4.0,0.0,183.1809377816996,98.7119556872766,84.46898209442301,192.56974473206571,108.10076253715586,84.46898219490987,14.845005529879328,12.163672309879301,2.6813332200000275,1
32.0,2.0,16.0,181.0,35472.0,17897.0,17575.0,127660.881209991,127660.881209991,0.0,35413.56901786664,link,0.0,0.0,0.0,0.0,0.0,0.0,96.63265450478917,12.163672309879301,84.46898219490987,147.69700698878557,63.228024793875704,84.46898219490987,0
33.0,2.0,14.0,182.0,25491.39192820705,13297.332945790267,12194.058982416784,72549.11283301303,0.0,72549.11283301303,0.0,link,0.0,0.0,0.0,0.0,0.0,0.0,15.859245446504021,15.859245446504021,0.0,44.878890722727036,15.859245589521818,29.019645133205216,0
33.0,2.0,0.0,183.0,27433.939184964896,13761.985453193762,13671.953731771133,75364.16533370593,75364.16533370593,0.0,22213.61178663945,link,0.0,0.0,0.0,0.0,0.0,0.0,15.859245589521818,15.859245589521818,0.0,46.0049119544887,46.0049119544887,0.0,0
34.0,2.0,14.0,184.0,40290.981728268656,40289.53408577645,1.4476424922008384,120199.81124035853,0.0,120199.81124035853,0.0,link,0.0,0.0,0.0,0.0,0.0,0.0,20.839573486584072,20.839575898576435,-2.411992361677472e-06,68.91949798272748,20.839575898576435,48.07992208415105,0
34.0,2.0,112.0,185.0,40084.67942148965,20069.25833080312,20015.421090686526,146989.84683646823,118462.29215091885,28527.55468554939,14615.98862167376,ra,1.0,1.0,0.0,40.2186997173419,0.0,40.2186997173419,49.64725033232692,20.839575898576435,28.80767443375048,68.22449034695164,68.224492758944,-2.411992361677472e-06,1
34.0,0.0,120.0,186.0,19233.978995985926,19233.978995985926,0.0,59704.68411248369,59704.68411248369,0.0,26934.149163868184,ra,2.0,2.0,0.0,92.10636640393747,92.10636640393747,0.0,68.224492758944,68.224492758944,0.0,0.0,0.0,0.0,1
34.0,2.0,20.0,187.0,42848.93314386101,20473.58046065553,22375.352683205478,56178.3656914618,56178.3656914618,0.0,38220.85948462789,link,0.0,0.0,0.0,0.0,0.0,0.0,28.807673366306208,0.0,28.807673366306208,51.2790207103352,22.471346276584722,28.80767443375048,0
35.0,2.0,0.0,188.0,13637.0,6766.0,6871.0,60300.66898749992,0.0,60300.66898749992,0.0,link,0.0,0.0,0.0,0.0,0.0,0.0,38.925906862600336,0.0,38.925906862600336,63.04617445760031,0.0,63.04617445760031,0
35.0,2.0,16.0,189.0,13637.0,6766.0,6871.0,59379.17717499992,59379.17717499992,0.0,35104.46295422166,link,0.0,0.0,0.0,0.0,0.0,0.0,38.925906862600336,0.0,38.925906862600336,62.677577732600305,23.75167086999997,38.925906862600336,0
36.0,2.0,15.0,190.0,63592.0,31158.0,32434.0,31587.878025000016,0.0,31587.878025000016,0.0,link,0.0,0.0,0.0,0.0,0.0,0.0,186.93848294076508,81.37250511188655,105.56597782887852,199.57363451693652,81.37250511188657,118.20112940504997,0
36.0,0.0,121.0,191.0,31158.0,31158.0,0.0,46568.74680000003,46568.74680000003,0.0,5978.406282256154,ra,2.0,2.0,0.0,100.00000000000001,100.00000000000001,0.0,81.37250511188657,81.37250511188657,0.0,3.83188655799376e-06,3.83188655799376e-06,0.0,1
36.0,1.0,122.0,192.0,32434.0,0.0,32434.0,55824.99537500001,0.0,55824.99537500001,6884.764105769136,ra,0.0,0.0,-0.0,0.0,0.0,0.0,83.23597917352375,0.0,83.23597917352375,105.56597782887852,0.0,105.56597782887852,0
36.0,2.0,17.0,193.0,63592.0,31158.0,32434.0,37405.17900000002,37405.17900000002,0.0,10780.414990255447,link,0.0,0.0,0.0,0.0,0.0,0.0,83.2359830054103,3.83188655799376e-06,83.23597917352375,98.1980546054103,14.962075431886568,83.23597917352375,0
37.0,2.0,16.0,194.0,61280.64411621449,31014.17446373309,30266.469652481403,76883.05017583598,0.0,76883.05017583598,0.0,link,0.0,0.0,0.0,0.0,0.0,0.0,143.91666428033963,69.12734573144556,74.78931854889407,174.66988485652564,69.12734573144556,105.54253912508007,0
37.0,0.0,117.0,195.0,31188.918197802075,31188.918197802075,0.0,11906.616749294317,11906.616749294317,0.0,1531.6015518302704,ra,0.0,-0.0,0.0,0.0,0.0,0.0,69.12734573144556,69.12734573144556,0.0,73.88999243116326,73.88999243116326,0.0,0
37.0,2.0,18.0,196.0,64809.52507699492,32882.29003408458,31927.235042910343,66925.57509183121,66925.57509183121,0.0,9891.283544490125,link,0.0,0.0,0.0,0.0,0.0,0.0,148.6793104787152,73.88999243116326,74.78931804755194,175.44954101678982,100.66022246789575,74.78931854889407,0
38.0,2.0,17.0,197.0,73980.90840881804,36437.73642199968,37543.17198681836,214547.39907945917,0.0,214547.39907945917,0.0,link,0.0,0.0,0.0,0.0,0.0,0.0,34.831450038480064,34.83145104918959,-1.01070952144526e-06,120.65040967026374,34.83145104918959,85.81895862107416,0
38.0,1.0,118.0,198.0,38288.38488121995,0.0,38288.38488121995,89080.01590202567,0.0,89080.01590202567,5385.572941871728,ra,3.0,0.0,3.0,150.00000000025,0.0,150.00000000025,114.36799241958961,0.0,114.36799241958961,-1.01070952144526e-06,0.0,-1.01070952144526e-06,1
38.0,0.0,119.0,199.0,38355.566312925184,38355.566312925184,0.0,65475.03063100875,65475.03063100875,0.0,7097.786060466791,ra,0.0,-0.0,0.0,0.0,0.0,0.0,34.83145104918959,34.83145104918959,0.0,61.021462156350744,61.021462156350744,0.0,0
38.0,1.0,123.0,200.0,41712.9401712972,0.0,41712.9401712972,50777.78637778386,0.0,50777.78637778386,14257.714169889843,ra,0.0,0.0,-0.0,0.0,0.0,0.0,94.05687546795623,0.0,94.05687546795623,114.36799241958961,0.0,114.36799241958961,0
38.0,0.0,124.0,201.0,40728.86630783911,40728.86630783911,0.0,71222.24626514391,71222.24626514391,0.0,14300.505499646226,ra,2.0,2.0,0.0,62.42502317274057,62.42502317274057,0.0,61.021462156350744,61.021462156350744,0.0,27.085337489667744,27.085337489667744,0.0,1
38.0,2.0,22.0,202.0,105896.44285789959,51540.438437961006,54356.004419938574,205750.5494995208,205750.5494995208,0.0,31585.43416751235,link,0.0,0.0,0.0,0.0,0.0,0.0,121.14221121409511,27.085337489667744,94.05687372442738,203.44243349378647,109.38555802583024,94.05687546795623,0
39.0,2.0,17.0,203.0,25562.278853813234,12328.30028963884,13233.978564174393,49708.324088069705,0.0,49708.324088069705,0.0,link,0.0,0.0,0.0,0.0,0.0,0.0,52.24005050470487,27.41849198509008,24.821558519614793,72.1233793103958,27.418491155553124,44.70488815484268,0
39.0,2.0,24.0,204.0,21529.452943652228,10591.584479212725,10937.868464439502,47434.21976989185,47434.21976989185,0.0,17071.72988124704,link,0.0,0.0,0.0,0.0,0.0,0.0,52.240049675167924,27.418491155553124,24.821558519614797,71.21373758312465,46.392179063509865,24.821558519614793,0
40.0,2.0,18.0,205.0,25932.838407847834,12821.14586322636,13111.692544621475,41869.89862380577,0.0,41869.89862380577,0.0,link,0.0,0.0,0.0,0.0,0.0,0.0,66.57970399227654,48.09811514401611,18.481588848260422,83.32766360946052,48.09811531167778,35.229548297782735,0
40.0,2.0,26.0,206.0,22387.89451536771,11334.707010656924,11053.187504710784,41790.66743207839,41790.66743207839,0.0,13785.599210644326,link,0.0,0.0,0.0,0.0,0.0,0.0,66.5797041599382,48.09811531167778,18.481588848260422,83.29597125207556,64.81438240381513,18.481588848260422,0
41.0,2.0,18.0,207.0,65100.064380541284,32409.67765592153,32690.38672461976,200798.70859680677,0.0,200798.70859680677,0.0,link,0.0,0.0,0.0,0.0,0.0,0.0,93.3218181319239,93.32181971867178,-1.586747866782187e-06,173.64130186323314,93.32181971867178,80.31948214456136,0
41.0,1.0,126.0,208.0,33015.8306660751,0.0,33015.8306660751,12893.619959642949,0.0,12893.619959642949,1570.6218936678245,ra,2.0,0.0,2.0,85.67958824288459,0.0,85.67958824288459,80.52213840446785,0.0,80.52213840446785,-1.586747866782187e-06,0.0,-1.586747866782187e-06,1
41.0,0.0,125.0,209.0,32828.808927873586,32828.808927873586,0.0,12949.495261360124,12949.495261360124,0.0,1588.999800427482,ra,2.0,2.0,0.0,98.50162027714362,98.50162027714362,0.0,93.32181971867178,93.32181971867178,0.0,-3.0246595786233673e-06,-3.0246595786233673e-06,0.0,1
41.0,2.0,25.0,210.0,107717.84336110209,52411.86349298975,55305.979868112336,200484.88438074008,200484.88438074008,0.0,19664.682517120145,link,0.0,0.0,0.0,0.0,0.0,0.0,80.52213537980828,-3.0246595786233673e-06,80.52213840446785,160.71608913210434,80.19395072763648,80.52213840446785,0
42.0,2.0,0.0,211.0,64323.0,34358.0,29965.000000000004,7303.594187500001,0.0,7303.594187500001,0.0,link,0.0,0.0,0.0,0.0,0.0,0.0,59.4848013816086,0.0,59.4848013816086,62.406239056608605,0.0,62.406239056608605,0
42.0,2.0,21.0,212.0,64323.0,34358.0,29965.0,8374.333025000004,8374.333025000004,0.0,974.9930872178356,link,0.0,0.0,0.0,0.0,0.0,0.0,59.4848013816086,0.0,59.4848013816086,62.8345345916086,3.349733210000002,59.4848013816086,0
43.0,2.0,20.0,213.0,150198.49863614666,75767.44894346851,74431.04969267815,6413.467898974838,0.0,6413.467898974838,0.0,link,0.0,0.0,0.0,0.0,0.0,0.0,105.37714401426712,105.37714401426712,0.0,107.94253117385705,105.37714401426712,2.5653871595899354,0
43.0,2.0,127.0,214.0,143910.62075712613,71622.8655725805,72287.75518454562,367388.76769400545,184041.851329892,183346.91636411345,10005.69209126666,ra,5.0,0.0,5.0,250.00000000000006,64.89148441500014,185.1085155849999,217.14689305362157,105.37714401426712,111.76974903935447,114.10240091410768,114.10240091410768,0.0,1
43.0,2.0,22.0,215.0,143835.3128743358,71573.22723597237,72262.08563836341,6353.377786018369,6353.377786018369,0.0,10360.675542503666,link,0.0,0.0,0.0,0.0,0.0,0.0,225.87214995346216,114.10240091410768,111.76974903935447,228.4135010678695,116.64375202851502,111.76974903935447,0
44.0,2.0,20.0,216.0,153959.0,74263.0,79696.0,87466.36000000006,0.0,87466.36000000006,0.0,link,0.0,0.0,0.0,0.0,0.0,0.0,117.47839212912558,18.28762105574162,99.19077107338396,152.46493640779119,18.287621334407188,134.177315073384,0
44.0,2.0,21.0,217.0,153959.0,74263.0,79696.0,81503.64250000002,81503.64250000002,0.0,4390.047146032249,link,0.0,0.0,0.0,0.0,0.0,0.0,117.47839312471179,18.287621334407188,99.1907717903046,150.07984984111636,50.88907876773241,99.19077107338396,0
45.0,2.0,20.0,218.0,62196.76002530598,32348.66402655705,29848.09599874893,44460.79143806264,0.0,44460.79143806264,0.0,link,0.0,0.0,0.0,0.0,0.0,0.0,29.76767157520576,27.14679911183724,2.62087246336852,47.551988150430816,27.14679911183724,20.40518903859358,0
45.0,2.0,129.0,219.0,59803.760630072626,31496.773292559403,28306.987337513223,150485.03892396623,78614.3908427066,71870.64808125961,9849.378972750012,ra,2.0,0.0,2.0,88.04692691664107,40.599172839688585,47.44775407695248,48.467165490081285,27.14679911183724,21.320366378244042,20.614255072599818,17.993382609231297,2.62087246336852,1
45.0,2.0,27.0,220.0,59265.836631097605,31619.71560399585,27646.121027101755,50219.19402536742,50219.19402536742,0.0,16227.553730454052,link,0.0,0.0,0.0,0.0,0.0,0.0,39.313748987475336,17.993382609231297,21.320366378244042,59.40142659762232,38.08106021937827,21.320366378244042,0
46.0,2.0,21.0,221.0,122056.36331156333,58092.14471186193,63964.2185997014,156981.51611820183,0.0,156981.51611820183,0.0,link,0.0,0.0,0.0,0.0,0.0,0.0,111.61271076947585,34.98427801128791,76.62843275818794,174.4053172167566,34.98427801128791,139.4210392054687,0
46.0,2.0,23.0,222.0,131872.70614633957,62497.919354533005,69374.78679180656,141951.10984397738,141951.10984397738,0.0,9404.55520736285,link,0.0,0.0,0.0,0.0,0.0,0.0,111.61270873343291,34.98427801128791,76.628430722145,168.3931547070668,91.76472194887887,76.62843275818794,0
47.0,2.0,22.0,223.0,38579.295537849815,18952.69215084102,19626.6033870088,44080.47916068343,0.0,44080.47916068343,0.0,link,0.0,0.0,0.0,0.0,0.0,0.0,62.714835097713404,50.274857026275086,12.439978071438315,80.34702719755583,50.27485746184415,30.07216973571169,0
47.0,2.0,128.0,224.0,35162.62482989687,17399.45971996509,17763.16510993178,185890.94988584827,91584.63574609371,94306.31413975456,19815.112780906624,ra,3.0,0.0,3.0,150.00000000017857,86.9087127938443,63.09128720633427,88.0835970837149,50.27485746184415,37.80873962187076,12.439978071438315,0.0,12.439978071438315,1
47.0,2.0,28.0,225.0,35062.11998304022,16961.141448801816,18100.9785342384,41891.2883885804,41891.2883885804,0.0,29618.33132225415,link,0.0,0.0,0.0,0.0,0.0,0.0,37.80873955656368,0.0,37.80873955656368,54.565254977302914,16.75651535543216,37.80873962187076,0
48.0,2.0,24.0,226.0,16009.999934388854,7856.999966820751,8152.999967568103,56309.69846204294,0.0,56309.69846204294,0.0,link,0.0,0.0,0.0,0.0,0.0,0.0,27.800464686217143,27.800464686217143,0.0,50.32434407103432,27.800464686217143,22.523879384817178,0
48.0,2.0,0.0,227.0,10228.9496360124,5180.369177535584,5048.580458476815,55085.097710369504,55085.097710369504,0.0,34790.83034290512,link,0.0,0.0,0.0,0.0,0.0,0.0,27.800464686217143,27.800464686217143,0.0,49.83450377036495,49.83450377036495,0.0,0
50.0,2.0,23.0,230.0,167288.29083468003,89420.76920845687,77867.52162622314,51938.22719665089,0.0,51938.22719665089,0.0,link,0.0,0.0,0.0,0.0,0.0,0.0,161.04371149744014,99.5682073712385,61.47550412620164,181.8190023761005,99.5682073712385,82.250795004862,0
50.0,2.0,25.0,231.0,167733.1420677742,89424.56834914754,78308.57371862668,59477.2518349209,59477.2518349209,0.0,2660.513408818963,link,0.0,0.0,0.0,0.0,0.0,0.0,161.04371149744014,99.5682073712385,61.47550412620164,184.83461223140853,123.35910810520687,61.47550412620164,0
51.0,2.0,23.0,232.0,68004.42841151668,33685.47219088722,34318.956220629465,65162.46597942557,0.0,65162.46597942557,0.0,link,0.0,0.0,0.0,0.0,0.0,0.0,80.10287016195025,51.993367938573286,28.109502223376957,106.1678570167892,51.993367938573286,54.17448907821591,0
51.0,0.0,130.0,233.0,33100.995903315394,33100.995903315394,0.0,19579.073867167284,19579.073867167284,0.0,2344.9972799662905,ra,3.0,3.0,0.0,53.939917244873655,53.939917244873655,0.0,51.993367938573286,51.993367938573286,0.0,5.885080240566552,5.885080240566552,0.0,1
51.0,2.0,27.0,234.0,64426.23565632764,31754.48892503164,32671.746731296,44069.85010872183,44069.85010872183,0.0,7784.588682143257,link,0.0,0.0,0.0,0.0,0.0,0.0,33.99458208536598,5.885080240566552,28.10950184479942,51.622522507432244,23.513020284055287,28.109502223376957,0
53.0,2.0,24.0,237.0,26623.0,13216.0,13407.000000000002,32530.24203750002,0.0,32530.24203750002,0.0,link,0.0,0.0,0.0,0.0,0.0,0.0,53.53215234713318,41.41914220231414,12.113010144819036,66.54424916213318,41.41914220231414,25.125106959819043,0
53.0,2.0,28.0,238.0,26623.0,13216.0,13407.0,32066.806799999995,32066.806799999995,0.0,9705.486491353968,link,0.0,0.0,0.0,0.0,0.0,0.0,53.53215234713318,41.41914220231414,12.113010144819036,66.35887506713317,54.24586492231414,12.113010144819036,0
54.0,2.0,25.0,239.0,63790.74308365228,33602.55553767664,30188.187545975637,22866.7269833123,0.0,22866.7269833123,0.0,link,0.0,0.0,0.0,0.0,0.0,0.0,70.7021068894457,70.70210709549877,-2.060530801866664e-07,79.8487978888237,70.70210709549877,9.14669079332492,0
54.0,2.0,131.0,240.0,33762.441558617626,17029.212737248363,16733.228821369263,179635.4500585054,92857.02429439114,86778.42576411425,14118.05957838652,ra,3.0,0.0,3.0,148.84452439653342,61.22193216656888,87.62259222996452,123.61332860771144,70.70210709549877,52.91122151221266,46.622984440633275,46.622984646686355,-2.060530801866664e-07,1
54.0,2.0,26.0,241.0,32484.774457444895,16371.354345937669,16113.420111507226,23239.28731315059,23239.28731315059,0.0,19751.672738570145,link,0.0,0.0,0.0,0.0,0.0,0.0,99.53420615889902,46.622984646686355,52.91122151221266,108.82992108415925,55.91869957194659,52.91122151221266,0
55.0,2.0,26.0,242.0,35611.19993600926,17306.49996896785,18304.699967041404,91298.85067652226,0.0,91298.85067652226,0.0,link,0.0,0.0,0.0,0.0,0.0,0.0,85.85981188589756,85.85981188589756,0.0,122.37935215650646,85.85981188589756,36.51954027060891,0
55.0,2.0,132.0,243.0,34335.6700861098,16687.900230609903,17647.769855499897,95167.90446845282,46250.37188243863,48917.53258601419,10714.232916978135,ra,5.0,0.0,5.0,123.9269736732787,104.35996063887302,19.56701303440568,85.85981188589756,85.85981188589756,0.0,0.0,0.0,0.0,1
55.0,2.0,0.0,244.0,9015.000278806967,4116.000142012323,4899.000136794644,84556.8482951247,84556.8482951247,0.0,47911.36687265736,link,0.0,0.0,0.0,0.0,0.0,0.0,0.0,0.0,0.0,33.822739318049884,33.822739318049884,0.0,0
56.0,2.0,27.0,245.0,67553.51728478492,34432.267085202984,33121.25019958193,59175.59274292386,0.0,59175.59274292386,0.0,link,0.0,0.0,0.0,0.0,0.0,0.0,35.83444937755964,35.83444937755964,4.979537290318581e-17,59.50468647472919,35.83444937755964,23.670237097169547,0
56.0,1.0,134.0,246.0,28345.05378073905,0.0,28345.05378073905,35736.53004762233,0.0,35736.53004762233,14670.942506693847,ra,1.0,0.0,1.0,14.294612019048934,0.0,14.294612019048934,0.0,0.0,0.0,4.979537290318581e-17,0.0,4.979537290318581e-17,1
56.0,0.0,133.0,247.0,28758.648000424007,28758.648000424007,0.0,115880.55890468738,115880.55890468738,0.0,14715.488271793003,ra,0.0,-0.0,0.0,0.0,0.0,0.0,35.83444937755964,35.83444937755964,0.0,82.18667382643305,82.18667382643305,0.0,0
56.0,2.0,135.0,248.0,47006.10408228616,24072.8864014428,22933.21768084336,149308.45160959612,36717.66845876394,112590.78315083218,20490.182643268578,ra,4.0,4.0,0.0,164.23383884699098,83.35745031536223,80.87638853162873,118.02674909772892,82.18667382643305,35.84007527129587,13.51629173290123,13.51629173290123,0.0,1
56.0,2.0,29.0,249.0,45237.32656378552,23422.054813020965,21815.27175076456,62757.89225899831,62757.89225899831,0.0,31051.51115001564,link,0.0,0.0,0.0,0.0,0.0,0.0,49.356367004197104,13.51629173290123,35.84007527129587,74.45952390779644,38.619448636500564,35.84007527129587,0
57.0,2.0,28.0,250.0,21608.0,10785.0,10823.000000000002,16607.622924999992,0.0,16607.622924999992,0.0,link,0.0,0.0,0.0,0.0,0.0,0.0,27.723679746363576,27.723679746363576,0.0,34.36672891636357,27.723679746363576,6.643049169999998,0
57.0,2.0,0.0,251.0,21608.0,10785.000000000002,10823.0,16549.312875,16549.312875,0.0,6137.906286244384,link,0.0,0.0,0.0,0.0,0.0,0.0,27.723679746363576,27.723679746363576,0.0,34.34340489636357,34.34340489636357,0.0,0
59.0,2.0,29.0,254.0,41763.642422810655,21836.31144790283,19927.330974907825,1604.807469016673,0.0,1604.807469016673,0.0,link,0.0,0.0,0.0,0.0,0.0,0.0,72.22292931775029,34.5334190027438,37.68951031500649,72.8648523489642,34.53341904635104,38.331433302613156,0
59.0,0.0,137.0,255.0,11226.947197214342,11226.947197214342,0.0,107036.06636810444,107036.06636810444,0.0,25939.716113189967,ra,2.0,2.0,0.0,77.34784509249191,77.34784509249191,0.0,34.53341904635104,34.53341904635104,0.0,0.0,0.0,0.0,1
59.0,1.0,138.0,256.0,8142.41876965786,0.0,8142.41876965786,94223.7757875162,0.0,94223.7757875162,26235.491957639333,ra,0.0,0.0,-0.0,0.0,0.0,0.0,0.0,0.0,0.0,37.68951031500649,0.0,37.68951031500649,0
59.0,2.0,0.0,257.0,19030.167720862108,11064.89566740363,7965.272053458477,3044.884751150288,3044.884751150288,0.0,27032.750454879864,link,0.0,0.0,0.0,0.0,0.0,0.0,0.0,0.0,0.0,1.2179539004601154,1.2179539004601154,0.0,0
60.0,2.0,29.0,258.0,15204.999638753205,7325.999839362642,7878.999799390564,14744.04699877686,0.0,14744.04699877686,0.0,link,0.0,0.0,0.0,0.0,0.0,0.0,29.273598576124595,20.874302520354696,8.399296055769899,35.171216957712616,20.874302102431972,14.296914855280644,0
60.0,2.0,136.0,259.0,13825.298552554461,6712.4814864233695,7112.817066131092,40542.57718004014,19544.3370406154,20998.240139424743,10738.631570167296,ra,1.0,0.0,1.0,28.692036188011265,28.692036188011265,0.0,20.874302102431972,20.874302102431972,0.0,8.399296055769899,0.0,8.399296055769899,1
60.0,2.0,0.0,260.0,9900.001134069504,4967.000504292169,4933.000629777334,14703.607470570978,14703.607470570978,0.0,22135.2935483001,link,0.0,0.0,0.0,0.0,0.0,0.0,0.0,0.0,0.0,5.881442988228392,5.881442988228392,0.0,0
