Time of calculation: 20220104-165308; value of objective: 1.2154462759293267e+20;  acc=2500;  cfix=7000;  cvar=17750;  eta=33.49;  mu=0.18;  i=
segment_id,dir,type_ID,POI_ID,traffic_flow,traffic_flow_0,traffic_flow_1,energy_demand,energy_demand_0,energy_demand_1,dist_along_segment,pois_type,pYi_dir,pYi_dir_0,pYi_dir_1,pE_charged,pE_charged_0,pE_charged_1,pE_input,pE_input_0,pE_input_1,pE_output,pE_output_0,pE_output_1,pXi
0.0,2.0,0.0,0.0,26540.63611205301,13243.023903864512,13297.612208188497,4423.921231438179,0.0,4423.921231438179,0.0,link,0.0,0.0,0.0,0.0,0.0,0.0,0.0,0.0,0.0,41402.50775431962,0.0,41402.50775431962,0
0.0,2.0,1.0,1.0,26594.77697992819,13269.441574912722,13325.335405015468,810.0039769207759,31.774775427221,778.2292014935549,239.71582410116363,ra,1000.0,0.0,1000.0,41000.0,0.0,41000.0,39938.09302295617,0.0,39938.09302295617,297.3731486601551,297.3731486601551,0.0,1
0.0,2.0,0.0,2.0,45891.071384772644,24132.535484801192,21758.535899971448,10453.078391900737,5371.86342144895,5081.214970451788,24427.46216029796,ra,1000.0,1000.0,0.0,41000.0,0.0,41000.0,45888.27208201131,297.3731486601551,45590.898933351156,90212.18366027588,50274.090637319714,39938.09302295617,1
0.0,1.0,2.0,3.0,5594.606273434111,0.0,5594.606273434111,2065.9854049899545,0.0,2065.9854049899545,68504.60131061138,ra,1000.0,0.0,1000.0,41000.0,0.0,41000.0,67255.79501184657,0.0,67255.79501184657,45590.898933351156,0.0,45590.898933351156,1
0.0,0.0,3.0,4.0,4553.083889317481,4553.083889317481,0.0,7187.448325138304,7187.448325138304,0.0,79329.13749040988,ra,1000.0,1000.0,0.0,41000.0,41000.0,0.0,50274.090637319714,50274.090637319714,0.0,76539.84186738174,76539.84186738174,0.0,1
0.0,2.0,4.0,5.0,7895.539602766943,4645.32330643337,3250.2162963335736,2342.9750495919843,1038.6617908113935,1304.3132587805906,104473.7124161702,ra,1000.0,1000.0,0.0,41000.0,41000.0,0.0,131588.85538706105,76539.84186738174,55049.01351967932,109050.76746161771,41794.97244977115,67255.79501184657,1
0.0,2.0,5.0,6.0,19815.36822147169,9562.72950758806,10252.63871388363,7959.026265117185,2076.9550358924675,5882.071229224718,133409.21035475997,ra,1000.0,0.0,1000.0,41000.0,0.0,41000.0,82794.97244977116,41794.97244977115,41000.0,116281.75225873769,61232.738739058375,55049.01351967932,1
0.0,2.0,6.0,7.0,38420.41317046725,19234.66349454688,19185.749675920368,10291.73164091456,4957.101208651553,5334.630432263007,173065.41379977632,ra,1000.0,1000.0,0.0,41000.0,32074.3647358304,8925.6352641696,61232.738739058375,61232.738739058375,0.0,116550.79613128256,75550.79613128256,41000.0,1
0.0,1.0,7.0,8.0,21229.45737990749,0.0,21229.45737990749,31.90719068892483,0.0,31.90719068892483,176940.22069628988,ra,958.0,0.0,958.0,39263.72087181426,0.0,39263.72087181426,38965.10847778496,0.0,38965.10847778496,0.0,0.0,0.0,1
0.0,2.0,0.0,9.0,50605.7308716768,25638.902393873523,24966.82847780328,5210.178551742356,5210.178551742356,0.0,194059.96494613093,link,0.0,0.0,0.0,0.0,0.0,0.0,114515.90460906753,75550.79613128256,38965.10847778496,163276.82204063213,124311.71356284717,38965.10847778496,0
1.0,2.0,0.0,10.0,41635.269674683135,21021.62675530025,20613.64291938288,39.776186500955454,0.0,39.776186500955454,0.0,link,0.0,0.0,0.0,0.0,0.0,0.0,80378.46258644533,80378.46258644533,0.0,80750.71918503483,80378.46258644533,372.25659858950513,0
1.0,2.0,8.0,11.0,39859.943598360216,20128.71002741653,19731.23357094369,2276.328443367862,1715.7273142405495,560.6011291273123,8218.215919324155,ra,1000.0,0.0,1000.0,41000.0,20008.823985533832,20991.176014466168,96123.09568535682,80378.46258644533,15744.633098911494,76426.7539327433,76426.7539327433,0.0,1
1.0,0.0,9.0,12.0,15021.9786197919,15021.9786197919,0.0,1426.8426564048834,1426.8426564048834,0.0,16747.064047816148,ra,332.0,332.0,0.0,13612.0,13612.0,0.0,76426.7539327433,76426.7539327433,0.0,76168.26116207353,76168.26116207353,0.0,1
1.0,2.0,10.0,13.0,29629.27020666332,14994.151703987822,14635.1185026755,191.32891529796464,24.711112058686385,166.61780323927826,16911.740762175257,ra,1000.0,1000.0,0.0,41000.0,26148.866239514933,14851.133760485067,105204.68857356149,76168.26116207353,29036.427411487966,65995.29389513822,50250.66079622674,15744.633098911494,1
1.0,2.0,14.0,14.0,23126.81664543996,11846.335117703364,11280.481527736596,2715.588968665061,1386.7595429137232,1328.829425751338,27721.26496153286,ra,1000.0,1000.0,0.0,41000.0,28563.77708245218,12436.222917547822,79287.0882077147,50250.66079622674,29036.427411487966,63701.68929367238,34665.261882184415,29036.427411487966,1
1.0,1.0,13.0,15.0,11337.261932088282,0.0,11337.261932088282,1420.2485369302626,0.0,1420.2485369302626,29194.630965596883,ra,0.0,0.0,0.0,0.0,0.0,0.0,15744.633098911494,0.0,15744.633098911494,29036.427411487966,0.0,29036.427411487966,0
1.0,0.0,12.0,16.0,11885.52653584708,11885.52653584708,0.0,208.50481099773148,208.50481099773148,0.0,29478.47368022978,ra,0.0,0.0,0.0,0.0,0.0,0.0,34665.261882184415,34665.261882184415,0.0,36616.61264150617,36616.61264150617,0.0,0
1.0,0.0,15.0,17.0,11960.17018283512,11960.17018283512,0.0,465.471180470787,465.471180470787,0.0,33381.72336961185,ra,1000.0,1000.0,0.0,40972.09379623993,40972.09379623993,0.0,36616.61264150617,36616.61264150617,0.0,0.7614523682217568,0.7614523682217568,0.0,1
1.0,2.0,16.0,18.0,23460.93532657191,11970.385389125157,11490.549937446756,1768.6682817168698,86.33017164884411,1682.3381100680258,34103.26049306036,ra,20.0,20.0,0.0,808.7065793570769,808.7065793570769,0.0,0.7614523682217568,0.7614523682217568,0.0,15744.633098911494,0.0,15744.633098911494,1
1.0,2.0,0.0,19.0,23472.95328481904,11974.880939958675,11498.072344860364,41.43137038083431,41.43137038083431,0.0,34449.34645750041,link,0.0,0.0,0.0,0.0,0.0,0.0,0.0,0.0,0.0,387.7471012084297,387.7471012084297,0.0,0
2.0,2.0,0.0,20.0,68929.16895257494,33758.81379308793,35170.35515948701,2037.3044909279515,0.0,2037.3044909279515,0.0,link,0.0,0.0,0.0,0.0,0.0,0.0,129236.75756506016,76821.92110226274,52414.836462797415,148303.4431073191,76821.92110226274,71481.52200505635,0
2.0,1.0,11.0,21.0,34398.2821383792,0.0,34398.2821383792,0.1779942533838276,0.0,0.1779942533838276,2598.411645460739,ra,1000.0,0.0,1000.0,41000.0,0.0,41000.0,93413.17065364974,0.0,93413.17065364974,52414.836462797415,0.0,52414.836462797415,1
2.0,0.0,17.0,22.0,24285.97411997901,24285.97411997901,0.0,5629.753466227842,5629.753466227842,0.0,19826.030918871555,ra,1000.0,1000.0,0.0,41000.0,41000.0,0.0,76821.92110226274,76821.92110226274,0.0,88509.54806180327,88509.54806180327,0.0,1
2.0,1.0,18.0,23.0,24186.0911430872,0.0,24186.0911430872,4128.069297151063,0.0,4128.069297151063,19924.554475399083,ra,0.0,0.0,0.0,0.0,0.0,0.0,54779.476212823654,0.0,54779.476212823654,93413.17065364974,0.0,93413.17065364974,0
2.0,0.0,19.0,24.0,24395.8043620461,24395.8043620461,0.0,1107.9496170791724,1107.9496170791724,0.0,24376.283905318956,ra,1000.0,1000.0,0.0,41000.0,41000.0,0.0,88509.54806180327,88509.54806180327,0.0,54149.68172464175,54149.68172464175,0.0,1
2.0,0.0,20.0,25.0,18382.744960495544,18382.744960495544,0.0,3193.5958308596214,3193.5958308596214,0.0,38424.04808590371,ra,1000.0,1000.0,0.0,41000.0,41000.0,0.0,54149.68172464175,54149.68172464175,0.0,43037.84411137208,43037.84411137208,0.0,1
2.0,1.0,21.0,26.0,18491.613365488807,0.0,18491.613365488807,4453.992496188428,0.0,4453.992496188428,38987.68062551749,ra,1000.0,0.0,1000.0,41000.0,0.0,41000.0,54095.538092349074,0.0,54095.538092349074,54779.476212823654,0.0,54779.476212823654,1
2.0,2.0,22.0,27.0,37060.49951410931,18323.84940673533,18736.65010737398,9037.685965220891,4162.991831646682,4874.69413357421,60686.533174562566,ra,1000.0,0.0,1000.0,41000.0,41000.0,0.0,51512.18980296244,43037.84411137208,8474.345691590366,95093.9089793954,40998.37088704632,54095.538092349074,1
2.0,2.0,23.0,28.0,37058.90292655935,18323.112740357166,18735.790186202183,905.6708621966342,0.1740732089699103,905.4967889876642,60687.52230976862,ra,1000.0,1000.0,0.0,41000.0,41000.0,0.0,40998.37088704632,40998.37088704632,0.0,8474.345691590366,0.0,8474.345691590366,1
2.0,2.0,0.0,29.0,23931.60016336258,12393.941571693274,11537.658591669302,2066.8759536088314,2066.8759536088314,0.0,74788.45855603463,link,0.0,0.0,0.0,0.0,0.0,0.0,0.0,0.0,0.0,19343.438370553235,19343.438370553235,0.0,0
3.0,2.0,0.0,30.0,27844.0,14880.0,12964.0,276.638796,0.0,276.638796,0.0,link,0.0,0.0,0.0,0.0,0.0,0.0,0.0,0.0,0.0,2589.001769548278,0.0,2589.001769548278,0
3.0,0.0,24.0,31.0,14880.0,14880.0,0.0,43.31568,43.31568,0.0,291.13911748382634,ra,10.0,10.0,0.0,405.3819413282399,405.3819413282399,0.0,0.0,0.0,0.0,0.0,0.0,0.0,1
3.0,1.0,25.0,32.0,12963.999999999998,0.0,12963.999999999998,50.78647,0.0,50.78647,391.7896627176565,ra,1000.0,0.0,1000.0,41000.00000000001,0.0,41000.00000000001,44848.05968604965,0.0,44848.05968604965,0.0,0.0,0.0,1
3.0,2.0,1.0,33.0,27844.0,14880.000000000002,12964.0,332.50104000000005,332.50104000000005,0.0,2525.7146416492456,link,0.0,0.0,0.0,0.0,0.0,0.0,51987.270923648764,0.0,51987.270923648764,47959.86393543137,3111.80424938172,44848.05968604965,0
4.0,2.0,1.0,34.0,59761.3086274698,30037.341974575906,29723.966652893894,2541.480423000085,0.0,2541.480423000085,0.0,link,0.0,0.0,0.0,0.0,0.0,0.0,77811.72512877261,35505.71664280359,42306.00848596902,101596.88255267756,35505.71664280359,66091.16590987396,0
4.0,1.0,29.0,35.0,19741.19620746718,0.0,19741.19620746718,941.1307808897812,0.0,941.1307808897812,27421.918402146952,ra,1000.0,0.0,1000.0,41000.0,0.0,41000.0,74498.17208582796,0.0,74498.17208582796,42306.00848596902,0.0,42306.00848596902,1
4.0,0.0,28.0,36.0,20188.77400206591,20188.77400206591,0.0,6913.407817081132,6913.407817081132,0.0,27456.275537656256,ra,1000.0,1000.0,0.0,41000.0,41000.0,0.0,35505.71664280359,35505.71664280359,0.0,59206.78290985004,59206.78290985004,0.0,1
4.0,2.0,31.0,37.0,24242.046721440067,16011.081415437498,8230.965306002568,10336.618270691582,5459.807289653861,4876.810981037721,57952.436449648114,ra,1000.0,0.0,1000.0,41000.0,32616.947532740094,8383.052467259906,96447.00395141622,59206.78290985004,37240.22104156618,152185.1454591083,77686.97337328034,74498.17208582796,1
4.0,2.0,30.0,38.0,24222.436414627213,16010.688472387346,8211.747942239866,2097.1816748164333,3.698514594089785,2093.4831602223435,57975.56024030675,ra,1000.0,1000.0,0.0,41000.0,21720.8599748436,19279.1400251564,114613.88506303568,77686.97337328034,36926.91168975533,93240.94802626508,56000.726984698886,37240.22104156618,1
4.0,2.0,35.0,39.0,21337.90578167672,10925.606078379402,10412.299703297318,4724.821457700606,2596.3850909026173,2128.436366797988,78476.45534742385,ra,1000.0,0.0,1000.0,41000.0,26624.44896337208,14375.551036627923,87383.6209460023,56000.726984698886,31382.893961303405,90602.18787031228,53675.276180556946,36926.91168975533,1
4.0,0.0,40.0,40.0,10876.999998084551,10876.999998084551,0.0,1976.660743966538,1976.660743966538,0.0,96645.26673532616,ra,1000.0,1000.0,0.0,41000.0,41000.0,0.0,53675.276180556946,53675.276180556946,0.0,31174.410206306467,31174.410206306467,0.0,1
4.0,1.0,41.0,41.0,10239.998724530997,0.0,10239.998724530997,1817.260584824645,0.0,1817.260584824645,99246.70723666706,ra,1000.0,0.0,1000.0,41000.0,0.0,41000.0,55375.55103662792,0.0,55375.55103662792,31382.893961303405,0.0,31382.893961303405,1
4.0,2.0,42.0,42.0,15349.448623427987,7293.1561007636,8056.292522664386,2244.8438549829234,2242.944719983224,1.8991349996993472,124531.18468963404,ra,1000.0,1000.0,0.0,41000.0,10756.313857051844,30243.686142948158,116775.87379828049,31174.410206306467,85601.46359197402,96784.87469383949,41409.32365721158,55375.55103662792,1
4.0,2.0,45.0,43.0,29499.999782114108,14928.999812810407,14570.9999693037,9965.395457829238,4949.374190304771,5016.021267524467,160563.71538932095,ra,1000.0,1000.0,0.0,41000.0,0.0,41000.0,121066.94522309233,41409.32365721158,79657.62156588076,173330.8939086132,87729.43031663916,85601.46359197402,1
4.0,2.0,49.0,44.0,29501.249670962527,14929.610924790286,14571.63874617224,7771.3951170941245,964.2534476850196,6807.141669409105,167022.61670697512,ra,1000.0,0.0,1000.0,41000.0,0.0,41000.0,144680.50716611653,87729.43031663916,56951.07684947737,167387.0518825199,87729.43031663916,79657.62156588076,1
4.0,2.0,2.0,45.0,37135.97924873808,18661.98985536135,18473.98939337673,2580.116572311374,2580.116572311374,0.0,182066.4548482201,link,0.0,0.0,0.0,0.0,0.0,0.0,144680.50716611653,87729.43031663916,56951.07684947737,136136.04672502048,79184.96987554312,56951.07684947737,0
5.0,2.0,1.0,46.0,68793.7826224039,33913.44536880647,34880.33725359744,3843.82209257494,0.0,3843.82209257494,0.0,link,0.0,0.0,0.0,0.0,0.0,0.0,81244.1312765857,49463.800557424285,31780.33071916142,117217.61852204525,49463.800557424285,67753.81796462096,0
5.0,1.0,26.0,47.0,36003.524001333615,0.0,36003.524001333615,3895.947466930393,0.0,3895.947466930393,10624.424038435742,ra,1000.0,0.0,1000.0,41000.0,0.0,41000.0,36319.01353662887,0.0,36319.01353662887,31780.33071916142,0.0,31780.33071916142,1
5.0,0.0,27.0,48.0,32653.80091590929,32653.80091590929,0.0,4178.141771103933,4178.141771103933,0.0,12028.538687185455,ra,1000.0,1000.0,0.0,41000.0,41000.0,0.0,49463.800557424285,49463.800557424285,0.0,47566.11229106723,47566.11229106723,0.0,1
5.0,2.0,32.0,49.0,33127.66797826424,16315.8916479239,16811.776330340337,9152.204545843142,5870.836452837575,3281.368093005566,39273.39357565199,ra,1000.0,0.0,1000.0,41000.0,0.0,41000.0,94175.52210555342,47566.11229106723,46609.409814486185,138828.99554120156,102509.9820045727,36319.01353662887,1
5.0,1.0,36.0,50.0,15728.354223345885,0.0,15728.354223345885,1275.7622080104995,0.0,1275.7622080104995,47330.36386477938,ra,1000.0,0.0,1000.0,41000.0,0.0,41000.0,75669.83133952058,0.0,75669.83133952058,46609.409814486185,0.0,46609.409814486185,1
5.0,0.0,39.0,51.0,16181.036957810447,16181.036957810447,0.0,2402.71193975453,2402.71193975453,0.0,54808.46507060479,ra,1000.0,1000.0,0.0,41000.0,41000.0,0.0,102509.9820045727,102509.9820045727,0.0,83996.43565346456,83996.43565346456,0.0,1
5.0,1.0,43.0,52.0,15425.054197747386,0.0,15425.054197747386,6550.9163885109065,0.0,6550.9163885109065,67696.58292643339,ra,1000.0,0.0,1000.0,41000.0,0.0,41000.0,55361.24278559427,0.0,55361.24278559427,75669.83133952058,0.0,75669.83133952058,1
5.0,0.0,44.0,53.0,16743.940970134765,16743.940970134765,0.0,2188.52376611744,2188.52376611744,0.0,67916.71774036821,ra,1000.0,1000.0,0.0,41000.0,41000.0,0.0,83996.43565346456,83996.43565346456,0.0,63478.349199591015,63478.349199591015,0.0,1
5.0,1.0,50.0,54.0,23926.865751230227,0.0,23926.865751230227,3865.032082238866,0.0,3865.032082238866,86150.64463711552,ra,1000.0,0.0,1000.0,41000.0,0.0,41000.0,60189.255902462784,0.0,60189.255902462784,55361.24278559427,0.0,55361.24278559427,1
5.0,0.0,51.0,55.0,23976.591723992253,23976.591723992253,0.0,3863.210440192499,3863.210440192499,0.0,86198.21188888987,ra,1000.0,1000.0,0.0,41000.0,41000.0,0.0,63478.349199591015,63478.349199591015,0.0,58633.28773466099,58633.28773466099,0.0,1
5.0,2.0,4.0,56.0,48295.998738473485,24204.99925545633,24090.99948301716,3849.659028767285,3849.659028767285,0.0,102115.05106186114,link,0.0,0.0,0.0,0.0,0.0,0.0,118822.54363712377,58633.28773466099,60189.255902462784,124184.90174542458,63995.645842961785,60189.255902462784,0
6.0,2.0,0.0,57.0,17593.52882743976,9370.089853693322,8223.438973746437,3280.588971659345,0.0,3280.588971659345,0.0,link,0.0,0.0,0.0,0.0,0.0,0.0,21115.934780831252,0.0,21115.934780831252,30702.31209648053,0.0,30702.31209648053,0
6.0,0.0,34.0,58.0,9440.700126436834,9440.700126436834,0.0,115.62791616056612,115.62791616056612,0.0,1229.5619294335402,ra,0.0,0.0,0.0,0.0,0.0,0.0,0.0,0.0,0.0,1082.136287019141,1082.136287019141,0.0,0
6.0,0.0,33.0,59.0,9685.754071387502,9685.754071387502,0.0,302.82244713524466,302.82244713524466,0.0,4398.318016945725,ra,0.0,0.0,0.0,0.0,0.0,0.0,1082.136287019141,1082.136287019141,0.0,3916.18510023075,3916.18510023075,0.0,0
6.0,1.0,38.0,60.0,13533.136089729269,0.0,13533.136089729269,3267.2679643300085,0.0,3267.2679643300085,19100.037855584003,ra,1000.0,0.0,1000.0,41000.0,0.0,41000.0,31538.291067984876,0.0,31538.291067984876,21115.934780831252,0.0,21115.934780831252,1
6.0,0.0,37.0,61.0,14150.210375121094,14150.210375121094,0.0,1803.67381185194,1803.67381185194,0.0,19123.313502380493,ra,508.0,508.0,0.0,20796.37239895135,20796.37239895135,0.0,3916.18510023075,3916.18510023075,0.0,0.0,0.0,0.0,1
6.0,2.0,48.0,62.0,30972.88424037613,15986.27621540026,14986.608024975872,5468.198643546355,3421.909443445684,2046.2892001006717,42213.94659999393,ra,1000.0,1000.0,0.0,41000.0,32024.899372085314,8975.100627914686,22985.469037943407,0.0,22985.469037943407,31538.291067984876,0.0,31538.291067984876,1
6.0,2.0,3.0,63.0,43852.38298306345,22912.25382809093,20940.12915497252,3553.9006048965416,3553.9006048965416,0.0,60876.22424217983,link,0.0,0.0,0.0,0.0,0.0,0.0,24734.95935186687,0.0,24734.95935186687,56245.644717987365,33260.175680043954,22985.469037943407,0
7.0,2.0,0.0,64.0,11819.728833092571,5668.999528653672,6150.729304438899,2312.6327385691666,0.0,2312.6327385691666,0.0,link,0.0,0.0,0.0,0.0,0.0,0.0,0.0,0.0,0.0,21643.422177382712,0.0,21643.422177382712,0
7.0,2.0,46.0,65.0,16750.439961073742,8281.792263693602,8468.64769738014,443.91171562073237,439.3743632250341,4.537352395698317,6667.955447556553,ra,1000.0,0.0,1000.0,41000.00000000001,3190.166686040311,37809.833313959694,37767.369228837204,0.0,37767.369228837204,921.8415367100552,921.8415367100552,0.0,1
7.0,2.0,47.0,66.0,16803.00194301874,8309.644744099518,8493.35719891922,469.008092957891,4.438227533612364,464.56986542427865,6721.474926778252,ra,1000.0,1000.0,0.0,41000.0,41.53639729613449,40958.463602703865,75299.86697083074,921.8415367100552,74378.02543412069,38689.21076554726,921.841536710055,37767.369228837204,1
7.0,2.0,2.0,67.0,31479.264687684805,14962.675134733858,16516.589552950947,2176.386974618303,2176.386974618303,0.0,25294.541879356693,link,0.0,0.0,0.0,0.0,0.0,0.0,75299.86697083074,921.841536710055,74378.02543412069,95668.19494934252,21290.169515221824,74378.02543412069,0
8.0,2.0,2.0,68.0,14782.369584642798,7482.847541600488,7299.522043042311,571.5351732524385,0.0,571.5351732524385,0.0,link,0.0,0.0,0.0,0.0,0.0,0.0,43101.08747429954,37851.36498187631,5249.722492423226,48285.96262075822,37687.36789383595,10598.594726922269,0
8.0,2.0,52.0,69.0,9208.206367128356,4168.183876582084,5040.022490546272,1091.488655298786,530.5477835235342,560.9408717752517,9055.824498122218,ra,1000.0,0.0,1000.0,41000.00000000001,41000.00000000001,0.0,37687.36789383595,37687.36789383595,0.0,5249.722492423226,0.0,5249.722492423226,1
8.0,2.0,0.0,70.0,9708.89067456805,5120.673657931851,4588.2170166362,557.603815055505,557.603815055505,0.0,21173.685305885127,link,0.0,0.0,0.0,0.0,0.0,0.0,0.0,0.0,0.0,5218.491711067067,5218.491711067067,0.0,0
9.0,2.0,2.0,71.0,31818.423136170015,16104.883545196824,15713.539590973189,3261.4825971182563,0.0,3261.4825971182563,0.0,link,0.0,0.0,0.0,0.0,0.0,0.0,114943.12757652847,42520.40031517829,72422.72726135018,141492.86298620992,40865.72952324445,100627.13346296547,0
9.0,2.0,55.0,72.0,36693.05587768159,18116.80864806472,18576.24722961687,5325.486521774037,2708.000893980142,2617.485627793895,15445.371783397328,ra,1000.0,0.0,1000.0,41000.0,41000.0,0.0,88791.98333216687,40865.72952324445,47926.25380892242,97632.04274515854,25209.315483808365,72422.72726135018,1
9.0,2.0,7.0,73.0,31601.85426430268,15291.911788888328,16309.942475414353,3142.329967824336,3142.329967824336,0.0,33157.12684688381,link,0.0,0.0,0.0,0.0,0.0,0.0,75326.23334480991,25209.315483808365,50116.91786100155,102543.9457201708,54617.69191124839,47926.25380892242,0
10.0,2.0,3.0,74.0,31606.669563938915,16070.547455207432,15536.122108731484,43.81406893215462,0.0,43.81406893215462,0.0,link,0.0,0.0,0.0,0.0,0.0,0.0,37674.48162791548,28875.664147302596,8798.81748061288,38084.52788186338,28875.664147302596,9208.863734560786,0
10.0,2.0,53.0,75.0,20482.292071415013,10386.965680851748,10095.326390563265,3859.9783717818373,1960.6175793947991,1899.3607923870384,14793.406531478646,ra,1000.0,1000.0,0.0,40999.99999999999,2040.8027369882548,38959.19726301174,58857.97814467086,28875.664147302596,29982.313997368263,53982.66846092448,45183.850980311596,8798.81748061288,1
10.0,2.0,4.0,76.0,20473.61899569675,10382.534499411437,10091.084496285315,45.07964033000498,45.07964033000498,0.0,15227.535521101405,link,0.0,0.0,0.0,0.0,0.0,0.0,75166.16497767986,45183.850980311596,29982.313997368263,75588.05543654732,45605.74143917906,29982.313997368263,0
11.0,2.0,3.0,77.0,48420.054142922716,24599.82318293021,23820.230959992503,1269.8213138175106,0.0,1269.8213138175106,0.0,link,0.0,0.0,0.0,0.0,0.0,0.0,65930.1736532545,25092.15755524707,40838.01609800743,61325.89919505887,25092.15755524707,36233.74163981179,0
11.0,2.0,54.0,78.0,48814.99317229718,24295.434711773956,24519.55846052323,3388.4082292149897,1701.6312773650386,1686.7769518499513,6967.487148144968,ra,1000.0,0.0,1000.0,41000.00000000002,8843.376854395769,32156.62314560425,82300.621554036,25092.15755524707,57208.463998788924,73011.99041565275,32173.974317645316,40838.01609800743,1
11.0,1.0,56.0,79.0,22284.926619444108,0.0,22284.926619444108,1685.094433220274,0.0,1685.094433220274,14053.388239050711,ra,1000.0,0.0,1000.0,41000.0,0.0,41000.0,82438.03507650847,0.0,82438.03507650847,57208.463998788924,0.0,57208.463998788924,1
11.0,2.0,5.0,80.0,42919.8251598076,21285.35848456856,21634.466675239044,2910.8952617885475,2910.8952617885475,0.0,19878.69006465457,link,0.0,0.0,0.0,0.0,0.0,0.0,114612.00939415379,32173.974317645316,82438.03507650847,141854.43920772284,59416.40413121437,82438.03507650847,0
12.0,2.0,4.0,81.0,53131.67233206281,26537.18348117461,26594.4888508882,1562.324430007989,0.0,1562.324430007989,0.0,link,0.0,0.0,0.0,0.0,0.0,0.0,123424.09709585665,62288.475361407865,61135.621734448774,129357.33502341121,62288.475361407865,67068.85966200335,0
12.0,0.0,58.0,82.0,22288.895823895957,22288.895823895957,0.0,3364.25769729557,3364.25769729557,0.0,13722.635716121396,ra,1000.0,1000.0,0.0,41000.00000000001,41000.00000000001,0.0,62288.475361407865,62288.475361407865,0.0,39123.76705809729,39123.76705809729,0.0,1
12.0,1.0,57.0,83.0,22492.6689728353,0.0,22492.6689728353,3393.592303197099,0.0,3393.592303197099,13775.369179933106,ra,1000.0,0.0,1000.0,41000.0,0.0,41000.0,78219.85055868395,0.0,78219.85055868395,61135.621734448774,0.0,61135.621734448774,1
12.0,2.0,5.0,84.0,44751.07719214048,22273.03927625819,22478.037915882287,1559.840879232986,1559.840879232986,0.0,20725.095833182608,link,0.0,0.0,0.0,0.0,0.0,0.0,121220.69281382582,39123.76705809729,82096.92575572853,131941.82602044975,53721.97546176582,78219.85055868395,0
13.0,2.0,4.0,85.0,25987.610544625633,13119.378445562592,12868.232099063043,1205.3834904693945,0.0,1205.3834904693945,0.0,link,0.0,0.0,0.0,0.0,0.0,0.0,46604.46942119552,41047.79530486385,5556.67411633167,55642.70686457193,38805.11324261335,16837.593621958575,0
13.0,2.0,59.0,86.0,13974.00634747334,7033.004117758563,6941.002229714777,6883.850493770728,3777.525971618388,3106.32452215234,36309.89528647439,ra,1000.0,1000.0,0.0,41000.0,11928.590635408866,29071.409364591134,44361.78735894502,38805.11324261335,5556.674116331669,67786.23312496189,62229.55900863022,5556.67411633167,1
13.0,1.0,63.0,87.0,7362.494657393186,0.0,7362.494657393186,661.497609325267,0.0,661.497609325267,54986.89266391457,ra,1000.0,0.0,1000.0,41000.0,0.0,41000.0,40365.863189381744,0.0,40365.863189381744,5556.674116331669,0.0,5556.674116331669,1
13.0,0.0,62.0,88.0,7963.314490087364,7963.314490087364,0.0,1395.6084792930023,1395.6084792930023,0.0,55258.29185590623,ra,1000.0,1000.0,0.0,41000.0,41000.0,0.0,62229.55900863022,62229.55900863022,0.0,33479.59900876465,33479.59900876465,0.0,1
13.0,2.0,70.0,89.0,20915.585370117602,10623.723419117588,10291.861951000015,6679.2986941238505,3389.0040936651603,3290.29460045869,85720.88488710183,ra,1000.0,1000.0,0.0,41000.0,16473.573842722653,24526.42615727735,67578.74340939567,33479.59900876465,34099.14440063102,86644.98139732005,46279.1182079383,40365.863189381744,1
13.0,1.0,71.0,90.0,10312.666692975632,0.0,10312.666692975632,1325.8702777004075,0.0,1325.8702777004075,92148.0377185692,ra,1000.0,0.0,1000.0,41000.0,0.0,41000.0,62690.615500158856,0.0,62690.615500158856,34099.14440063102,0.0,34099.14440063102,1
13.0,0.0,75.0,91.0,10865.41330620228,10865.41330620228,0.0,2225.2267853650983,2225.2267853650983,0.0,106351.19825280692,ra,1000.0,1000.0,0.0,41000.0,41000.0,0.0,46279.1182079383,46279.1182079383,0.0,26104.52725489087,26104.52725489087,0.0,1
13.0,2.0,80.0,92.0,21769.313571554885,10924.77173173255,10844.541839822334,5231.405901354321,1587.860206417783,3643.5456949365375,121274.1282993086,ra,1000.0,1000.0,0.0,41000.0,13043.333833248864,27956.666166751133,82652.66452116983,26104.52725489087,56548.137266278965,90612.24405834958,27921.62855819073,62690.615500158856,1
13.0,2.0,8.0,93.0,20326.83796736937,10049.65492309056,10277.18304427881,1199.9706688262263,1199.9706688262263,0.0,132616.96921985535,link,0.0,0.0,0.0,0.0,0.0,0.0,84469.7658244697,27921.62855819073,56548.137266278965,95700.02792045253,39151.89065417357,56548.137266278965,0
14.0,2.0,5.0,94.0,94497.82264774677,47019.26687675304,47478.55577099372,936.3425207579636,0.0,936.3425207579636,0.0,link,0.0,0.0,0.0,0.0,0.0,0.0,215747.78675226393,82175.60275650356,133572.18399576037,215747.78675226393,82175.60275650356,133572.18399576037,0
14.0,0.0,61.0,95.0,46935.18990316021,46935.18990316021,0.0,2174.788745042169,2174.788745042169,0.0,4629.482620571615,ra,1000.0,1000.0,0.0,40999.99999999999,40999.99999999999,0.0,82175.60275650356,82175.60275650356,0.0,61528.97325522368,61528.97325522368,0.0,1
14.0,1.0,60.0,96.0,47664.75200387175,0.0,47664.75200387175,2204.32457448694,0.0,2204.32457448694,4633.73189838993,ra,1000.0,0.0,1000.0,41000.0,0.0,41000.0,153942.39415238122,0.0,153942.39415238122,133572.18399576037,0.0,133572.18399576037,1
14.0,2.0,6.0,97.0,94641.69117202783,46900.62074452682,47741.07042750101,922.9194205020584,922.9194205020584,0.0,6596.600389256655,link,0.0,0.0,0.0,0.0,0.0,0.0,215471.3674076049,61528.97325522368,153942.39415238122,224108.76768327085,70166.37353088964,153942.39415238122,0
15.0,2.0,6.0,98.0,75207.49134104664,44538.30191090561,30669.189430141025,1884.850151816533,0.0,1884.850151816533,0.0,link,0.0,0.0,0.0,0.0,0.0,0.0,106771.25562884068,86793.52005431772,19977.73557452295,100964.87115686966,63347.23673610411,37617.63442076556,0
15.0,1.0,64.0,99.0,16721.32745245393,0.0,16721.32745245393,6515.564241999581,0.0,6515.564241999581,25738.743223846097,ra,1000.0,0.0,1000.0,41000.0,0.0,41000.0,0.0,0.0,0.0,19977.73557452295,0.0,19977.73557452295,1
15.0,0.0,65.0,100.0,16271.068415411031,16271.068415411031,0.0,7891.47329091754,7891.47329091754,0.0,25740.902218562274,ra,1000.0,1000.0,0.0,41000.0,41000.0,0.0,63347.23673610411,63347.23673610411,0.0,96201.803087414,96201.803087414,0.0,1
15.0,2.0,0.0,101.0,10998.091984936455,5379.561945168664,5618.530039767791,1825.012570497084,1825.012570497084,0.0,48631.17855592899,link,0.0,0.0,0.0,0.0,0.0,0.0,96201.803087414,96201.803087414,0.0,17079.892057022986,17079.892057022986,0.0,0
16.0,2.0,6.0,102.0,79740.5667298025,40135.953102102525,39604.61362769997,2800.895581315986,0.0,2800.895581315986,0.0,link,0.0,0.0,0.0,0.0,0.0,0.0,207619.35352084733,50440.20710737992,157179.14641346742,233832.32046980356,50440.20710737992,183392.11336242364,0
16.0,1.0,66.0,103.0,29014.9759926702,0.0,29014.9759926702,4194.662066106028,0.0,4194.662066106028,12316.83855333374,ra,1000.0,0.0,1000.0,41000.0,0.0,41000.0,158922.22486510462,0.0,158922.22486510462,157179.14641346742,0.0,157179.14641346742,1
16.0,0.0,67.0,104.0,29278.008085254503,29278.008085254503,0.0,4585.787822607259,4585.787822607259,0.0,12575.946688510528,ra,1000.0,1000.0,0.0,41000.0,41000.0,0.0,50440.20710737992,50440.20710737992,0.0,52357.5887587342,52357.5887587342,0.0,1
16.0,0.0,72.0,105.0,28145.02656728497,28145.02656728497,0.0,3642.99524799985,3642.99524799985,0.0,25449.08031583349,ra,1000.0,1000.0,0.0,41000.0,41000.0,0.0,52357.5887587342,52357.5887587342,0.0,45451.58164730786,45451.58164730786,0.0,1
16.0,1.0,74.0,106.0,25731.855828829863,0.0,25731.855828829863,3150.32793358614,0.0,3150.32793358614,32933.75197391795,ra,1000.0,0.0,1000.0,41000.0,0.0,41000.0,170438.99723165334,0.0,170438.99723165334,158922.22486510462,0.0,158922.22486510462,1
16.0,0.0,76.0,107.0,25418.722177742115,25418.722177742115,0.0,6370.068704760761,6370.068704760761,0.0,49497.46890143416,ra,1000.0,1000.0,0.0,41000.0,41000.0,0.0,45451.58164730786,45451.58164730786,0.0,64067.65642508312,64067.65642508312,0.0,1
16.0,1.0,77.0,108.0,25469.36930201462,0.0,25469.36930201462,3629.483350372933,0.0,3629.483350372933,49565.51842080065,ra,1000.0,0.0,1000.0,41000.0,0.0,41000.0,177471.45922710848,0.0,177471.45922710848,170438.99723165334,0.0,170438.99723165334,1
16.0,1.0,82.0,109.0,26935.54974771189,0.0,26935.54974771189,4731.076881969367,0.0,4731.076881969367,67595.96875209869,ra,1000.0,0.0,1000.0,41000.0,0.0,41000.0,174194.3491601328,0.0,174194.3491601328,177471.45922710848,0.0,177471.45922710848,1
16.0,0.0,83.0,110.0,27462.47510980443,27462.47510980443,0.0,5057.102637456699,5057.102637456699,0.0,68666.07464325256,ra,1000.0,1000.0,0.0,41000.0,41000.0,0.0,64067.65642508312,64067.65642508312,0.0,70395.96997501144,70395.96997501144,0.0,1
16.0,1.0,86.0,111.0,27163.152752819547,0.0,27163.152752819547,4196.376907454115,0.0,4196.376907454115,81021.89267340553,ra,1000.0,0.0,1000.0,41000.0,0.0,41000.0,175921.3787880009,0.0,175921.3787880009,174194.3491601328,0.0,174194.3491601328,1
16.0,0.0,89.0,112.0,29187.99844762554,29187.99844762554,0.0,6653.928103269676,6653.928103269676,0.0,92123.37906601596,ra,1000.0,1000.0,0.0,41000.0,41000.0,0.0,70395.96997501144,70395.96997501144,0.0,91668.62255629367,91668.62255629367,0.0,1
16.0,1.0,90.0,113.0,28376.998666581203,0.0,28376.998666581203,5601.684775109653,0.0,5601.684775109653,92203.5095301381,ra,1000.0,0.0,1000.0,41000.0,0.0,41000.0,164496.44054755778,0.0,164496.44054755778,175921.3787880009,0.0,175921.3787880009,1
16.0,2.0,94.0,114.0,71124.20344709541,35553.82790120941,35570.375545886,8755.239718801102,4299.63877333859,4455.600945462512,106046.11656904333,ra,1000.0,1000.0,0.0,41000.0,0.0,41000.0,255466.07185967537,91668.62255629367,163797.4493033817,296404.43861281656,131907.99806525878,164496.44054755778,1
16.0,2.0,12.0,115.0,71147.99996754559,35564.99998476318,35582.99998278241,2799.48715587504,2799.48715587504,0.0,113917.81076099534,link,0.0,0.0,0.0,0.0,0.0,0.0,295705.44736864045,131907.99806525878,163797.4493033817,321905.2331730443,158107.78386966255,163797.4493033817,0
18.0,2.0,7.0,118.0,26949.99999999783,13587.999999998794,13361.999999999038,1262.350888686173,0.0,1262.350888686173,0.0,link,0.0,0.0,0.0,0.0,0.0,0.0,92999.44690417839,39485.63040887701,53513.81649530138,104813.51178537222,39485.63040887701,65327.88137649521,0
18.0,0.0,68.0,119.0,13587.918618998609,13587.918618998609,0.0,1673.7828719547792,1673.7828719547792,0.0,12318.138045343778,ra,1000.0,1000.0,0.0,41000.0,41000.0,0.0,39485.63040887701,39485.63040887701,0.0,14150.19691216139,14150.19691216139,0.0,1
18.0,1.0,69.0,120.0,13361.93226547554,0.0,13361.93226547554,3620.13302138755,0.0,3620.13302138755,12346.305678813724,ra,1000.0,0.0,1000.0,41000.0,0.0,41000.0,60633.78616733349,0.0,60633.78616733349,53513.81649530138,0.0,53513.81649530138,1
18.0,2.0,73.0,121.0,21133.145613699366,10354.073130248858,10779.072483450507,3099.0639764514967,1773.464093458567,1325.5998829929297,27186.329383912336,ra,1000.0,0.0,1000.0,41000.0,852.4239617254334,40147.576038274565,102525.56078201294,14150.19691216139,88375.36386985154,90529.02029307967,29895.23412574617,60633.78616733349,1
18.0,2.0,81.0,122.0,17024.72901544851,8263.2955761644,8761.433439284106,10407.127018587838,5132.593422062407,5274.533596525431,76811.9776614867,ra,1000.0,0.0,1000.0,41000.00000000001,29507.56441208927,11492.435587910737,80399.8314137514,29895.23412574617,50504.59728800523,136797.84881633436,48422.48494648282,88375.36386985154,1
18.0,0.0,84.0,123.0,7912.197813125354,7912.197813125354,0.0,1219.9477727403696,1219.9477727403696,0.0,91803.7907317536,ra,1000.0,1000.0,0.0,41000.0,41000.0,0.0,48422.48494648282,48422.48494648282,0.0,18839.708373023823,18839.708373023823,0.0,1
18.0,1.0,85.0,124.0,8875.838788593739,0.0,8875.838788593739,1785.784923800428,0.0,1785.784923800428,91872.46119703975,ra,1000.0,0.0,1000.0,41000.0,0.0,41000.0,76039.93593902553,0.0,76039.93593902553,50504.59728800523,0.0,50504.59728800523,1
18.0,2.0,92.0,125.0,47292.93717996864,22515.08265535503,24777.854524613613,4754.452437208462,3104.7402940346988,1649.7121431737628,121334.73270596893,ra,1000.0,0.0,1000.0,41000.0,38200.420975100256,2799.579024899743,82239.92950080129,18839.708373023823,63400.221127777455,85735.80625832529,9695.870319299765,76039.93593902553,1
18.0,2.0,11.0,126.0,53098.00276723388,24816.36422563914,28281.638541594737,1125.0783643967968,1125.0783643967968,0.0,126075.53174156268,link,0.0,0.0,0.0,0.0,0.0,0.0,73096.09144707723,9695.870319299765,63400.221127777455,76202.96795828303,12802.74683050558,63400.221127777455,0
19.0,2.0,7.0,127.0,19888.0,9830.0,10058.0,1832.5223390000008,0.0,1832.5223390000008,0.0,link,0.0,0.0,0.0,0.0,0.0,0.0,47493.199349912626,47493.199349912626,0.0,40617.122580376104,23466.948248328514,17150.174332047594,0
19.0,2.0,0.0,128.0,19888.0,9830.0,10058.0,1790.9817650000002,1790.9817650000002,0.0,18219.57712193098,link,0.0,0.0,0.0,0.0,0.0,0.0,23466.948248328514,23466.948248328514,0.0,33548.65388620678,33548.65388620678,0.0,0
20.0,2.0,0.0,129.0,19481.000344743796,9701.000199905127,9780.000144838668,1585.946802063634,0.0,1585.946802063634,0.0,link,0.0,0.0,0.0,0.0,0.0,0.0,20726.697700538232,0.0,20726.697700538232,14842.528005190496,0.0,14842.528005190496,0
20.0,0.0,78.0,130.0,10133.998910338903,10133.998910338903,0.0,2201.810828978947,2201.810828978947,0.0,22308.899934453435,ra,503.0,503.0,0.0,20606.264250937,20606.264250937,0.0,0.0,0.0,0.0,0.0,0.0,0.0,1
20.0,1.0,79.0,131.0,10094.12847263898,0.0,10094.12847263898,2214.6793271343668,0.0,2214.6793271343668,22364.44986396924,ra,1000.0,0.0,1000.0,40999.99999999999,0.0,40999.99999999999,49908.85883454614,0.0,49908.85883454614,20726.697700538232,0.0,20726.697700538232,1
20.0,2.0,8.0,132.0,21962.97969081701,10983.990050020308,10978.989640796704,1594.243979477348,1594.243979477348,0.0,37253.22848420508,link,0.0,0.0,0.0,0.0,0.0,0.0,58972.39146100642,0.0,58972.39146100642,64829.038301921144,14920.179467375003,49908.85883454614,0
21.0,2.0,8.0,133.0,21649.000000000102,11074.000000000044,10575.00000000006,371.5843359997804,0.0,371.5843359997804,0.0,link,0.0,0.0,0.0,0.0,0.0,0.0,101959.67049843559,36635.92912474565,65323.74137368995,105437.24673629578,36635.92912474565,68801.31761155014,0
21.0,2.0,87.0,134.0,23288.999999928543,11776.999999969368,11511.999999959173,6542.587792704876,3329.21173105459,3213.376061650286,29246.642192588224,ra,1000.0,1000.0,0.0,41000.0,19271.235797063015,21728.76420293698,93615.1534764331,36635.92912474565,56979.224351687444,113845.79653033752,48522.05515664758,65323.74137368995,1
21.0,2.0,10.0,135.0,23288.99999999982,11776.999999999924,11511.999999999898,380.1380059998352,380.1380059998352,0.0,32474.473610155062,link,0.0,0.0,0.0,0.0,0.0,0.0,106757.68168239894,48522.05515664758,58235.62652575136,109058.90766619515,52079.68331450772,56979.224351687444,0
22.0,2.0,8.0,136.0,18089.34980232114,9293.63667702267,8795.71312529847,2541.603617777336,0.0,2541.603617777336,0.0,link,0.0,0.0,0.0,0.0,0.0,0.0,77378.39103865568,35940.81564825368,41437.57539040201,101124.31265005021,35900.42688286422,65223.88576718598,0
22.0,2.0,9.0,137.0,22551.759921439094,11229.492180860212,11322.267740578884,2598.6403059127283,2598.6403059127283,0.0,25496.14409205573,link,0.0,0.0,0.0,0.0,0.0,0.0,77338.00227326623,35900.42688286422,41437.57539040201,95388.69301319595,53951.11762279394,41437.57539040201,0
24.0,2.0,9.0,140.0,25786.108144857673,12922.607317501452,12863.500827356223,310.22506737586025,0.0,310.22506737586025,0.0,link,0.0,0.0,0.0,0.0,0.0,0.0,120460.57477428556,80782.45127724661,39678.12349703895,121071.72268634697,80782.45127724661,40289.271409100365,0
24.0,0.0,88.0,141.0,12911.612953719838,12911.612953719838,0.0,904.5214863572012,904.5214863572012,0.0,7001.124876882881,ra,1000.0,1000.0,0.0,41000.0,41000.0,0.0,80782.45127724661,80782.45127724661,0.0,48247.66932559739,48247.66932559739,0.0,1
24.0,1.0,91.0,142.0,12797.695040407143,0.0,12797.695040407143,2112.957697765236,0.0,2112.957697765236,10447.761196686972,ra,1000.0,0.0,1000.0,41000.0,0.0,41000.0,60903.41619786878,0.0,60903.41619786878,39678.12349703895,0.0,39678.12349703895,1
24.0,0.0,97.0,143.0,9570.738932827611,9570.738932827611,0.0,2755.7730122650837,2755.7730122650837,0.0,30840.569189513222,ra,1000.0,1000.0,0.0,41000.0,41000.0,0.0,48247.66932559739,48247.66932559739,0.0,33038.34405521011,33038.34405521011,0.0,1
24.0,1.0,98.0,144.0,9946.426208887748,0.0,9946.426208887748,2231.335725475766,0.0,2231.335725475766,30857.334061915197,ra,1000.0,0.0,1000.0,41000.0,0.0,41000.0,81020.83492133282,0.0,81020.83492133282,60903.41619786878,0.0,60903.41619786878,1
24.0,2.0,108.0,145.0,15887.706151607494,7870.705730584929,8017.000421022563,4501.986650504175,2168.389585344796,2333.5970651593784,55766.14861335632,ra,1000.0,1000.0,0.0,41000.0,0.0,41000.0,133219.5562682721,33038.34405521011,100181.21221306201,134352.6611442709,53331.82622293808,81020.83492133282,1
24.0,2.0,114.0,146.0,28294.020698251785,14163.55043686688,14130.470261384906,3453.816952067228,2111.307602382169,1342.5093496850593,76000.7341358558,ra,1000.0,1000.0,0.0,41000.0,0.0,41000.0,196641.82525616954,53331.82622293808,143309.99903323146,173272.3028546761,73091.09064161408,100181.21221306201,1
24.0,2.0,15.0,147.0,28738.67135022459,14383.312343962509,14355.35900626208,310.87767950128045,310.87767950128045,0.0,78175.47480337396,link,0.0,0.0,0.0,0.0,0.0,0.0,216401.08967484554,73091.09064161408,143309.99903323146,219310.52563964739,76000.52660641591,143309.99903323146,0
25.0,2.0,9.0,148.0,18444.994544675952,9036.997526482091,9407.99701819386,3162.573978652046,0.0,3162.573978652046,0.0,link,0.0,0.0,0.0,0.0,0.0,0.0,84782.37531412957,37137.5845102384,47644.79080389118,104062.8455178557,29438.42697592375,74624.41854193195,0
25.0,2.0,10.0,149.0,19006.727910032103,9665.34291491844,9341.384995113662,3137.608098414663,3137.608098414663,0.0,35248.172611532704,link,0.0,0.0,0.0,0.0,0.0,0.0,77674.6877354999,29438.42697592375,48236.26075957615,101243.05351818589,53598.2627142947,47644.79080389118,0
26.0,2.0,10.0,150.0,39799.09031594862,19727.656489472974,20071.433826475644,5432.50664953123,0.0,5432.50664953123,0.0,link,0.0,0.0,0.0,0.0,0.0,0.0,101074.60378671905,73727.31818964588,27347.28559707316,106698.76454084518,28509.841646018787,78188.92289482639,0
26.0,2.0,11.0,151.0,61239.02764165262,31319.794471237463,29919.23317041516,5527.098799836521,5527.098799836521,0.0,24120.7762535988,link,0.0,0.0,0.0,0.0,0.0,0.0,81553.72505272816,28509.841646018787,53043.88340670937,83832.05500526249,56484.76940818933,27347.28559707316,0
27.0,2.0,11.0,152.0,68446.95855219441,33632.332120978645,34814.626431215765,4475.01586176286,0.0,4475.01586176286,0.0,link,0.0,0.0,0.0,0.0,0.0,0.0,146538.8417785695,34485.2511741219,112053.5906044476,155953.85409480965,34485.2511741219,121468.60292068776,0
27.0,0.0,99.0,153.0,29715.95485159294,29715.95485159294,0.0,4959.050959781504,4959.050959781504,0.0,15398.281487957354,ra,1000.0,1000.0,0.0,41000.0,41000.0,0.0,34485.2511741219,34485.2511741219,0.0,39895.92059503132,39895.92059503132,0.0,1
27.0,1.0,100.0,154.0,27462.225943179787,0.0,27462.225943179787,4427.600028969178,0.0,4427.600028969178,15788.230047158857,ra,1000.0,0.0,1000.0,41000.0,0.0,41000.0,111616.65379153143,0.0,111616.65379153143,112053.5906044476,0.0,112053.5906044476,1
27.0,2.0,107.0,155.0,39803.00077214074,18775.259985557448,21027.74078658329,8521.51974910427,4077.7617235109983,4443.758025593273,32030.585088502547,ra,1000.0,0.0,1000.0,41000.0,13013.243055073068,27986.756944926932,145904.60329239463,39895.92059503132,106008.68269736331,174776.6317947858,63159.97800325438,111616.65379153143,1
27.0,0.0,111.0,156.0,14923.34787730996,14923.34787730996,0.0,3332.683703707982,3332.683703707982,0.0,51994.455333056,ra,1000.0,1000.0,0.0,41000.0,41000.0,0.0,63159.97800325438,63159.97800325438,0.0,53349.83326218442,53349.83326218442,0.0,1
27.0,1.0,110.0,157.0,16064.78653282132,0.0,16064.78653282132,3656.830509986008,0.0,3656.830509986008,52217.78598274018,ra,1000.0,0.0,1000.0,41000.0,0.0,41000.0,147463.39886833477,0.0,147463.39886833477,106008.68269736331,0.0,106008.68269736331,1
27.0,2.0,113.0,158.0,28115.732693263828,13396.479626617023,14719.253066646805,8182.361978154302,4151.774424898176,4030.5875532561263,80453.83595296173,ra,1000.0,1000.0,0.0,41000.00000000001,0.0,41000.00000000001,207064.48007296794,53349.83326218442,153714.64681078354,239668.77765865496,92205.37879032019,147463.39886833477,1
27.0,0.0,115.0,159.0,16210.1141141057,16210.1141141057,0.0,2741.8648075464444,2741.8648075464444,0.0,99290.1862589441,ra,1000.0,1000.0,0.0,41000.0,41000.0,0.0,92205.37879032019,92205.37879032019,0.0,76865.88968482209,76865.88968482209,0.0,1
27.0,2.0,116.0,160.0,34177.78966749807,16266.79151473384,17910.998152764234,6377.116285600918,1294.989846913013,5082.126438687905,107271.26953267986,ra,1000.0,1000.0,0.0,41000.0,11504.538706903077,29495.46129309692,216550.9201488961,76865.88968482209,139685.03046407402,231195.52351569006,77480.8767049065,153714.64681078354,1
27.0,2.0,15.0,161.0,39893.99999984566,18725.9999999336,21167.99999991206,3972.0067852374737,3972.0067852374737,0.0,128894.5131374644,link,0.0,0.0,0.0,0.0,0.0,0.0,223729.07157790428,77480.8767049065,146248.1948729978,253724.05979644426,114039.02933237025,139685.03046407402,0
28.0,2.0,11.0,162.0,61992.2787513973,31725.31224782596,30266.96650357134,2390.702240646126,0.0,2390.702240646126,0.0,link,0.0,0.0,0.0,0.0,0.0,0.0,70306.27322281859,66253.5470923289,4052.7261304896892,92680.33073388385,66253.5470923289,26426.783641554957,0
28.0,0.0,93.0,163.0,30439.224167938333,30439.224167938333,0.0,1072.7833528404256,1072.7833528404256,0.0,3445.559107155475,ra,1000.0,1000.0,0.0,41000.00000000001,41000.00000000001,0.0,66253.5470923289,66253.5470923289,0.0,5846.280849401055,5846.280849401055,0.0,1
28.0,0.0,95.0,164.0,18498.90877462081,18498.90877462081,0.0,3967.265746570001,3967.265746570001,0.0,21968.34571810977,ra,1000.0,1000.0,0.0,41000.0,41000.0,0.0,5846.280849401055,5846.280849401055,0.0,642.8050736311197,642.8050736311197,0.0,1
28.0,1.0,96.0,165.0,17419.186332491074,0.0,17419.186332491074,4813.95264377551,0.0,4813.95264377551,22264.116411144965,ra,1000.0,0.0,1000.0,41000.0,0.0,41000.0,0.0,0.0,0.0,4052.7261304896892,0.0,4052.7261304896892,1
28.0,2.0,0.0,166.0,16044.983216716417,8425.399218263456,7619.583998452962,2682.96218463007,2682.96218463007,0.0,40879.27967798362,link,0.0,0.0,0.0,0.0,0.0,0.0,642.8050736311197,642.8050736311197,0.0,25109.254175753304,25109.254175753304,0.0,0
30.0,2.0,12.0,169.0,31173.00771278776,15334.689159172884,15838.318553614876,1373.022338283504,0.0,1373.022338283504,0.0,link,0.0,0.0,0.0,0.0,0.0,0.0,229461.76033395223,82398.0220020077,147063.73833194454,242311.57501954428,82398.0220020077,159913.5530175366,0
30.0,0.0,101.0,170.0,15342.168535706442,15342.168535706442,0.0,288.7002299566512,288.7002299566512,0.0,1882.30501330568,ra,1000.0,1000.0,0.0,41000.00000000001,41000.00000000001,0.0,82398.0220020077,82398.0220020077,0.0,44099.904084471505,44099.904084471505,0.0,1
30.0,1.0,102.0,171.0,15008.380189154295,0.0,15008.380189154295,2426.954705703304,0.0,2426.954705703304,15325.375723611753,ra,1000.0,0.0,1000.0,41000.00000000001,0.0,41000.00000000001,165350.40195782523,0.0,165350.40195782523,147063.73833194454,0.0,147063.73833194454,1
30.0,0.0,103.0,172.0,14615.10439288337,14615.10439288337,0.0,2123.5391790607955,2123.5391790607955,0.0,15632.211521401772,ra,1000.0,1000.0,0.0,41000.0,41000.0,0.0,44099.904084471505,44099.904084471505,0.0,22973.641144451678,22973.641144451678,0.0,1
30.0,2.0,13.0,173.0,18934.390172572806,9143.138576923604,9791.251595649202,1268.116655371192,1268.116655371192,0.0,27311.590572612236,link,0.0,0.0,0.0,0.0,0.0,0.0,188324.04310227692,22973.641144451678,165350.40195782523,188324.04310227692,22973.641144451678,165350.40195782523,0
31.0,2.0,12.0,174.0,61211.26177444921,30941.90070843765,30269.36106601156,584.8788313855799,0.0,584.8788313855799,0.0,link,0.0,0.0,0.0,0.0,0.0,0.0,275800.8986053589,176550.25839460143,99250.6402107575,281274.6512073931,176550.25839460143,104724.39281279164,0
31.0,1.0,106.0,175.0,29780.03490857172,0.0,29780.03490857172,3637.7163502508033,0.0,3637.7163502508033,10173.779430297054,ra,1000.0,0.0,1000.0,40999.99999999999,0.0,40999.99999999999,106206.0513674991,0.0,106206.0513674991,99250.6402107575,0.0,99250.6402107575,1
31.0,0.0,105.0,176.0,30402.95414259374,30402.95414259374,0.0,3119.852058011688,3119.852058011688,0.0,10175.429354581129,ra,1000.0,1000.0,0.0,41000.0,41000.0,0.0,176550.25839460143,176550.25839460143,0.0,164748.2689980061,164748.2689980061,0.0,1
31.0,2.0,109.0,177.0,62402.93424977723,31525.727911032645,30877.20633874459,6816.570463211742,3762.4191873927257,3054.1512758190165,22337.14837090233,ra,1000.0,1000.0,0.0,41000.0,39486.06056571728,1513.9394342827195,243885.1283956028,164748.2689980061,79136.85939759671,266679.9151235848,160473.86375608572,106206.0513674991,1
31.0,2.0,14.0,178.0,62766.261417807065,31611.05780980601,31155.20360800105,595.148026243029,595.148026243029,0.0,24222.213413881997,link,0.0,0.0,0.0,0.0,0.0,0.0,239610.72315368243,160473.86375608572,79136.85939759671,245180.58289629917,166043.72349870246,79136.85939759671,0
32.0,2.0,13.0,179.0,24034.000000000007,12223.000000000004,11811.000000000004,4986.624005231322,0.0,4986.624005231322,0.0,link,0.0,0.0,0.0,0.0,0.0,0.0,141786.25266148287,22973.641144451678,118812.61151703118,188324.04310227692,22973.641144451678,165350.40195782523,0
32.0,2.0,104.0,180.0,24034.000000001273,12223.000000000631,11811.000000000642,545.6198680000062,277.4865460000031,268.13332200000315,2270.21285318104,ra,1000.0,0.0,1000.0,41000.0,14285.457100923664,26714.54289907634,165991.39465522536,22973.641144451678,143017.75351077368,130097.73123627638,11285.1197192452,118812.61151703118,1
32.0,2.0,16.0,181.0,35472.0,17897.0,17575.0,5106.43524839964,5106.43524839964,0.0,35413.56901786664,link,0.0,0.0,0.0,0.0,0.0,0.0,154302.8732300189,11285.1197192452,143017.75351077368,202092.8798572541,59075.12634648041,143017.75351077368,0
33.0,2.0,14.0,182.0,25491.39192820705,13297.332945790267,12194.058982416784,2901.9645133205213,0.0,2901.9645133205213,0.0,link,0.0,0.0,0.0,0.0,0.0,0.0,69924.51507168762,69924.51507168762,0.0,76736.20042689098,49577.351527934894,27158.848898956083,0
33.0,2.0,0.0,183.0,27433.939184964896,13761.985453193762,13671.953731771133,3014.5666133482373,3014.5666133482373,0.0,22213.61178663945,link,0.0,0.0,0.0,0.0,0.0,0.0,49577.351527934894,49577.351527934894,0.0,43054.98729038857,43054.98729038857,0.0,0
34.0,2.0,14.0,184.0,40290.981728268656,40289.53408577645,1.4476424922008384,4807.99244961434,0.0,4807.99244961434,0.0,link,0.0,0.0,0.0,0.0,0.0,0.0,191174.4943229881,140156.31911648012,51018.17520650796,236171.44030458602,140156.31911648012,96015.12118810588,0
34.0,2.0,112.0,185.0,40084.67942148965,20069.25833080312,20015.421090686526,5879.593873458729,4738.491686036754,1141.1021874219755,14615.98862167376,ra,1000.0,0.0,1000.0,40999.99999999999,5831.535470550912,35168.464529449084,215663.63395228505,140156.31911648012,75507.31483580491,229689.46244313006,178671.2872366221,51018.17520650796,1
34.0,0.0,120.0,186.0,19233.978995985926,19233.978995985926,0.0,2388.1873644993475,2388.1873644993475,0.0,26934.149163868184,ra,1000.0,1000.0,0.0,41000.0,41000.0,0.0,178671.2872366221,178671.2872366221,0.0,160021.808573845,160021.808573845,0.0,1
34.0,2.0,20.0,187.0,42848.93314386101,20473.58046065553,22375.352683205478,2247.134627658472,2247.134627658472,0.0,38220.85948462789,link,0.0,0.0,0.0,0.0,0.0,0.0,235529.12340964988,160021.808573845,75507.31483580488,256559.5631438548,181052.24830804986,75507.31483580491,0
35.0,2.0,0.0,188.0,13637.0,6766.0,6871.0,2412.026759499997,0.0,2412.026759499997,0.0,link,0.0,0.0,0.0,0.0,0.0,0.0,42450.33915337233,0.0,42450.33915337233,59003.530811338765,0.0,59003.530811338765,0
35.0,2.0,16.0,189.0,13637.0,6766.0,6871.0,2375.1670869999966,2375.1670869999966,0.0,35104.46295422166,link,0.0,0.0,0.0,0.0,0.0,0.0,62268.80297535449,0.0,62268.80297535449,64679.00657142971,22228.667418057372,42450.33915337233,0
36.0,2.0,15.0,190.0,63592.0,31158.0,32434.0,1263.5151210000006,0.0,1263.5151210000006,0.0,link,0.0,0.0,0.0,0.0,0.0,0.0,282301.0954598194,97303.70908412311,184997.3863756963,294126.0561356893,97303.70908412308,196822.34705156623,0
36.0,0.0,121.0,191.0,31158.0,31158.0,0.0,1862.7498720000008,1862.7498720000008,0.0,5978.406282256154,ra,1000.0,1000.0,0.0,41000.0,41000.0,0.0,97303.70908412308,97303.70908412308,0.0,73736.7762625742,73736.7762625742,0.0,1
36.0,1.0,122.0,192.0,32434.0,0.0,32434.0,2232.9998150000006,0.0,2232.9998150000006,6884.764105769136,ra,1000.0,0.0,1000.0,41000.0,0.0,41000.0,205099.23125057065,0.0,205099.23125057065,184997.3863756963,0.0,184997.3863756963,1
36.0,2.0,17.0,193.0,63592.0,31158.0,32434.0,1496.2071600000006,1496.2071600000006,0.0,10780.414990255447,link,0.0,0.0,0.0,0.0,0.0,0.0,282554.9722874956,73736.7762625742,208818.19602492143,292838.6819061132,87739.45065554259,205099.23125057065,0
37.0,2.0,16.0,194.0,61280.64411621449,31014.17446373309,30266.469652481403,3075.322007033439,0.0,3075.322007033439,0.0,link,0.0,0.0,0.0,0.0,0.0,0.0,223557.52624037693,63764.61660996479,159792.90963041215,251511.99594152003,63764.61660996479,187747.37933155525,0
37.0,0.0,117.0,195.0,31188.918197802075,31188.918197802075,0.0,476.2646699717726,476.2646699717726,0.0,1531.6015518302704,ra,1000.0,1000.0,0.0,41000.0,41000.0,0.0,63764.61660996479,63764.61660996479,0.0,27221.87311613555,27221.87311613555,0.0,1
37.0,2.0,18.0,196.0,64809.52507699492,32882.29003408458,31927.235042910343,2677.0230036732487,2677.0230036732487,0.0,9891.283544490125,link,0.0,0.0,0.0,0.0,0.0,0.0,190855.21876299108,27221.87311613555,163633.34564685554,212068.4534313763,52275.54380096418,159792.90963041215,0
38.0,2.0,17.0,197.0,73980.90840881804,36437.73642199968,37543.17198681836,8581.895963178365,0.0,8581.895963178365,0.0,link,0.0,0.0,0.0,0.0,0.0,0.0,257673.57746478159,87693.73474972768,169979.8427150539,337989.658058004,87693.73474972768,250295.92330827634,0
38.0,1.0,118.0,198.0,38288.38488121995,0.0,38288.38488121995,3563.200636081027,0.0,3563.200636081027,5385.572941871728,ra,1000.0,0.0,1000.0,40999.99999999999,0.0,40999.99999999999,177632.63008451118,0.0,177632.63008451118,169979.8427150539,0.0,169979.8427150539,1
38.0,0.0,119.0,199.0,38355.566312925184,38355.566312925184,0.0,2619.00122524035,2619.00122524035,0.0,7097.786060466791,ra,1000.0,1000.0,0.0,41000.0,41000.0,0.0,87693.73474972768,87693.73474972768,0.0,71204.39234598316,71204.39234598316,0.0,1
38.0,1.0,123.0,200.0,41712.9401712972,0.0,41712.9401712972,2031.1114551113544,0.0,2031.1114551113544,14257.714169889843,ra,1000.0,0.0,1000.0,41000.0,0.0,41000.0,199623.90380508843,0.0,199623.90380508843,177632.63008451118,0.0,177632.63008451118,1
38.0,0.0,124.0,201.0,40728.86630783911,40728.86630783911,0.0,2848.889850605756,2848.889850605756,0.0,14300.505499646226,ra,1000.0,1000.0,0.0,41000.0,41000.0,0.0,71204.39234598316,71204.39234598316,0.0,56866.5271264802,56866.5271264802,0.0,1
38.0,2.0,22.0,202.0,105896.44285789959,51540.438437961006,54356.004419938574,8230.021979980831,8230.021979980831,0.0,31585.43416751235,link,0.0,0.0,0.0,0.0,0.0,0.0,256490.4309315686,56866.5271264802,199623.90380508843,333513.40015238465,133889.4963472962,199623.90380508843,0
39.0,2.0,17.0,203.0,25562.278853813234,12328.30028963884,13233.978564174393,1988.332963522788,0.0,1988.332963522788,0.0,link,0.0,0.0,0.0,0.0,0.0,0.0,120451.47893030089,90291.64694299748,30159.83198730341,120106.31400347404,71338.11024964634,48768.20375382769,0
39.0,2.0,24.0,204.0,21529.452943652228,10591.584479212725,10937.868464439502,1897.3687907956744,1897.3687907956744,0.0,17071.72988124704,link,0.0,0.0,0.0,0.0,0.0,0.0,101497.94223694975,71338.11024964634,30159.831987303412,94755.3780272873,64595.54603998389,30159.83198730341,0
40.0,2.0,18.0,205.0,25932.838407847834,12821.14586322636,13111.692544621475,1674.795944952231,0.0,1674.795944952231,0.0,link,0.0,0.0,0.0,0.0,0.0,0.0,107297.93084308278,66181.0162578205,41116.91458526228,106523.87134392455,49732.90912756425,56790.9622163603,0
40.0,2.0,26.0,206.0,22387.89451536771,11334.707010656924,11053.187504710784,1671.626697283136,1671.626697283136,0.0,13785.599210644326,link,0.0,0.0,0.0,0.0,0.0,0.0,90849.82371282653,49732.90912756425,41116.91458526228,92529.8328824424,51412.918297180106,41116.91458526228,0
41.0,2.0,18.0,207.0,65100.064380541284,32409.67765592153,32690.38672461976,8031.948343872269,0.0,8031.948343872269,0.0,link,0.0,0.0,0.0,0.0,0.0,0.0,168861.50751140338,61641.44658084548,107220.06093055791,244030.7490490425,61641.44658084548,182389.302468197,0
41.0,1.0,126.0,208.0,33015.8306660751,0.0,33015.8306660751,515.7447983857179,0.0,515.7447983857179,1570.6218936678245,ra,1000.0,0.0,1000.0,41000.0,0.0,41000.0,143393.3185684492,0.0,143393.3185684492,107220.06093055791,0.0,107220.06093055791,1
41.0,0.0,125.0,209.0,32828.808927873586,32828.808927873586,0.0,517.979810454405,517.979810454405,0.0,1588.999800427482,ra,1000.0,1000.0,0.0,41000.0,41000.0,0.0,61641.44658084548,61641.44658084548,0.0,21439.161020870222,21439.161020870222,0.0,1
41.0,2.0,25.0,210.0,107717.84336110209,52411.86349298975,55305.979868112336,8019.395375229603,8019.395375229603,0.0,19664.682517120145,link,0.0,0.0,0.0,0.0,0.0,0.0,165340.77396459045,21439.161020870222,143901.61294372022,239884.24064880842,96490.9220803592,143393.3185684492,0
42.0,2.0,0.0,211.0,64323.0,34358.0,29965.000000000004,292.1437675,0.0,292.1437675,0.0,link,0.0,0.0,0.0,0.0,0.0,0.0,84898.58372348275,0.0,84898.58372348275,58404.62931613269,0.0,58404.62931613269,0
42.0,2.0,21.0,212.0,64323.0,34358.0,29965.0,334.9733210000001,334.9733210000001,0.0,974.9930872178356,link,0.0,0.0,0.0,0.0,0.0,0.0,133670.68473117505,0.0,133670.68473117505,88033.52550807779,3134.9417845950406,84898.58372348275,0
43.0,2.0,20.0,213.0,150198.49863614666,75767.44894346851,74431.04969267815,256.5387159589935,0.0,256.5387159589935,0.0,link,0.0,0.0,0.0,0.0,0.0,0.0,422715.17795859894,212724.54589519702,209990.6320634019,404449.1808688415,203267.87401348614,201181.30685535533,0
43.0,2.0,127.0,214.0,143910.62075712613,71622.8655725805,72287.75518454562,14695.550707760216,7361.674053195678,7333.876654564538,10005.69209126666,ra,1000.0,1000.0,0.0,41000.0,23693.343009925185,17306.656990074815,371346.62239147146,203267.87401348614,168078.74837798532,453101.24720412673,243110.61514072484,209990.6320634019,1
43.0,2.0,22.0,215.0,143835.3128743358,71573.22723597237,72262.08563836341,254.1351114407348,254.1351114407348,0.0,10360.675542503666,link,0.0,0.0,0.0,0.0,0.0,0.0,413246.8285258384,243110.61514072484,170136.21338511354,398917.41152972763,230838.66315174228,168078.74837798532,0
44.0,2.0,20.0,216.0,153959.0,74263.0,79696.0,3498.654400000002,0.0,3498.654400000002,0.0,link,0.0,0.0,0.0,0.0,0.0,0.0,355902.8612196642,220587.43343433182,135315.42778533243,360897.1144626733,202723.16068867818,158173.9537739951,0
44.0,2.0,21.0,217.0,153959.0,74263.0,79696.0,3260.145700000001,3260.145700000001,0.0,4390.047146032249,link,0.0,0.0,0.0,0.0,0.0,0.0,338038.5884740106,202723.16068867818,135315.42778533243,365215.69325458235,229900.26546924995,135315.42778533243,0
45.0,2.0,20.0,218.0,62196.76002530598,32348.66402655705,29848.09599874893,1778.4316575225057,0.0,1778.4316575225057,0.0,link,0.0,0.0,0.0,0.0,0.0,0.0,164274.7824552744,103641.38889685701,60633.39355841739,169368.54495242238,97315.37082763188,72053.17412479049,0
45.0,2.0,129.0,219.0,59803.760630072626,31496.773292559403,28306.987337513223,6019.401556958648,3144.575633708264,2874.8259232503847,9849.378972750012,ra,1000.0,1000.0,0.0,41000.0,34970.15892661481,6029.841073385195,139686.84508669682,97315.37082763188,42371.47425906494,144291.01726241715,83657.62370399976,60633.39355841739,1
45.0,2.0,27.0,220.0,59265.836631097605,31619.71560399585,27646.121027101755,2008.7677610146968,2008.7677610146968,0.0,16227.553730454052,link,0.0,0.0,0.0,0.0,0.0,0.0,131660.92970678344,83657.62370399976,48003.30600278368,134241.38732201362,91869.91306294869,42371.47425906494,0
46.0,2.0,21.0,221.0,122056.36331156333,58092.14471186193,63964.2185997014,6279.260644728073,0.0,6279.260644728073,0.0,link,0.0,0.0,0.0,0.0,0.0,0.0,283815.67490731017,152989.1213138644,130826.55359344577,341929.1478903913,152989.1213138644,188940.02657652687,0
46.0,2.0,23.0,222.0,131872.70614633957,62497.919354533005,69374.78679180656,5678.044393759095,5678.044393759095,0.0,9404.55520736285,link,0.0,0.0,0.0,0.0,0.0,0.0,285679.37556284526,152989.1213138644,132690.25424898084,336216.4514831382,205389.89788969242,130826.55359344577,0
47.0,2.0,22.0,223.0,38579.295537849815,18952.69215084102,19626.6033870088,1763.219166427337,0.0,1763.219166427337,0.0,link,0.0,0.0,0.0,0.0,0.0,0.0,158068.50885075904,84769.06615579098,73299.44269496806,172776.38660450885,82975.36275755441,89801.02384695446,0
47.0,2.0,128.0,224.0,35162.62482989687,17399.45971996509,17763.16510993178,7435.637995433931,3663.3854298437486,3772.2525655901823,19815.112780906624,ra,1000.0,1000.0,0.0,41000.0,37876.81230060389,3123.1876993961105,124094.3093999982,82975.36275755441,41118.946642443785,113318.65205489464,40019.20935992658,73299.44269496806,1
47.0,2.0,28.0,225.0,35062.11998304022,16961.141448801816,18100.9785342384,1675.651535543216,1675.651535543216,0.0,29618.33132225415,link,0.0,0.0,0.0,0.0,0.0,0.0,81138.15600237036,40019.20935992658,41118.946642443785,87352.30689436165,46233.360251917875,41118.946642443785,0
48.0,2.0,24.0,226.0,16009.999934388854,7856.999966820751,8152.999967568103,2252.387938481718,0.0,2252.387938481718,0.0,link,0.0,0.0,0.0,0.0,0.0,0.0,42480.21028887357,42480.21028887357,0.0,55891.37700864287,34811.77269154497,21079.6043170979,0
48.0,2.0,0.0,227.0,10228.9496360124,5180.369177535584,5048.580458476815,2203.4039084147803,2203.4039084147803,0.0,34790.83034290512,link,0.0,0.0,0.0,0.0,0.0,0.0,34811.77269154497,34811.77269154497,0.0,46639.01821132679,46639.01821132679,0.0,0
50.0,2.0,23.0,230.0,167288.29083468003,89420.76920845687,77867.52162622314,2077.529087866036,0.0,2077.529087866036,0.0,link,0.0,0.0,0.0,0.0,0.0,0.0,323283.3617037338,178905.65236907153,144377.70933466227,342726.50041943725,178905.65236907153,163820.84805036572,0
50.0,2.0,25.0,231.0,167733.1420677742,89424.56834914754,78308.57371862668,2379.090073396836,2379.090073396836,0.0,2660.513408818963,link,0.0,0.0,0.0,0.0,0.0,0.0,323283.3617037338,178905.65236907153,144377.70933466227,343378.9480102861,199001.23867562378,144377.70933466227,0
51.0,2.0,23.0,232.0,68004.42841151668,33685.47219088722,34318.956220629465,2606.4986391770226,0.0,2606.4986391770226,0.0,link,0.0,0.0,0.0,0.0,0.0,0.0,135833.12506237117,108920.8065109917,26912.318551379485,155048.50342179055,103742.5362328046,51305.967188985946,0
51.0,0.0,130.0,233.0,33100.995903315394,33100.995903315394,0.0,783.1629546866914,783.1629546866914,0.0,2344.9972799662905,ra,1000.0,1000.0,0.0,40999.99999999999,40999.99999999999,0.0,103742.5362328046,103742.5362328046,0.0,67638.25212596108,67638.25212596108,0.0,1
51.0,2.0,27.0,234.0,64426.23565632764,31754.48892503164,32671.746731296,1762.794004348873,1762.794004348873,0.0,7784.588682143257,link,0.0,0.0,0.0,0.0,0.0,0.0,94550.57067734057,67638.25212596108,26912.318551379485,104706.44770208815,77794.12915070866,26912.318551379485,0
53.0,2.0,24.0,237.0,26623.0,13216.0,13407.000000000002,1301.209681500001,0.0,1301.209681500001,0.0,link,0.0,0.0,0.0,0.0,0.0,0.0,77772.54177179115,49504.96869643884,28267.573075352302,85974.82931197286,49504.96869643884,36469.86061553403,0
53.0,2.0,28.0,238.0,26623.0,13216.0,13407.0,1282.6722719999998,1282.6722719999998,0.0,9705.486491353968,link,0.0,0.0,0.0,0.0,0.0,0.0,77772.54177179115,49504.96869643884,28267.573075352302,88186.46408719147,59918.89101183918,28267.573075352302,0
54.0,2.0,25.0,239.0,63790.74308365228,33602.55553767664,30188.187545975637,914.669079332492,0.0,914.669079332492,0.0,link,0.0,0.0,0.0,0.0,0.0,0.0,180808.57111549043,97986.21071062141,82822.36040486902,175176.51087444203,84403.13864142109,90773.37223302094,0
54.0,2.0,131.0,240.0,33762.441558617626,17029.212737248363,16733.228821369263,7185.418002340216,3714.280971775646,3471.13703056457,14118.05957838652,ra,1000.0,0.0,1000.0,41000.0,41000.0,-1.8189894035458565e-12,138163.9862925441,84403.13864142109,53760.84765112301,139293.8908044253,56471.53039955626,82822.36040486902,1
54.0,2.0,26.0,241.0,32484.774457444895,16371.354345937669,16113.420111507226,929.5714925260236,929.5714925260236,0.0,19751.672738570145,link,0.0,0.0,0.0,0.0,0.0,0.0,112393.94878414257,56471.53039955626,55922.418384586315,113382.88505226542,59622.03740114241,53760.84765112301,0
55.0,2.0,26.0,242.0,35611.19993600926,17306.49996896785,18304.699967041404,3651.9540270608895,0.0,3651.9540270608895,0.0,link,0.0,0.0,0.0,0.0,0.0,0.0,84798.13486975619,66485.79686679202,18312.338002964167,81816.12877497528,29325.95463665718,52490.17413831809,0
55.0,2.0,132.0,243.0,34335.6700861098,16687.900230609903,17647.769855499897,3806.716178738113,1850.014875297545,1956.701303440568,10714.232916978135,ra,1000.0,0.0,1000.0,41000.0,41000.0,0.0,29325.95463665718,29325.95463665718,0.0,20663.562827287973,2351.224824323806,18312.338002964167,1
55.0,2.0,0.0,244.0,9015.000278806967,4116.000142012323,4899.000136794644,3382.273931804988,3382.273931804988,0.0,47911.36687265736,link,0.0,0.0,0.0,0.0,0.0,0.0,2351.224824323806,2351.224824323806,0.0,31653.95931863485,31653.95931863485,0.0,0
56.0,2.0,27.0,245.0,67553.51728478492,34432.267085202984,33121.25019958193,2367.0237097169543,0.0,2367.0237097169543,0.0,link,0.0,0.0,0.0,0.0,0.0,0.0,138168.96683464834,127534.91991583961,10634.046918808745,160321.42217218503,127534.91991583961,32786.50225634543,0
56.0,1.0,134.0,246.0,28345.05378073905,0.0,28345.05378073905,1429.461201904893,0.0,1429.461201904893,14670.942506693847,ra,1000.0,0.0,1000.0,41000.0,0.0,41000.0,38256.03329691467,0.0,38256.03329691467,10634.046918808745,0.0,10634.046918808745,1
56.0,0.0,133.0,247.0,28758.648000424007,28758.648000424007,0.0,4635.222356187495,4635.222356187495,0.0,14715.488271793003,ra,1000.0,1000.0,0.0,40999.99999999999,40999.99999999999,0.0,127534.91991583961,127534.91991583961,0.0,125145.98862793334,125145.98862793334,0.0,1
56.0,2.0,135.0,248.0,47006.10408228616,24072.8864014428,22933.21768084336,5972.3380643838445,1468.7067383505575,4503.631326033287,20490.182643268578,ra,1000.0,0.0,1000.0,40999.99999999999,33899.40789037461,7100.592109625381,128354.11700120392,125145.98862793334,3208.1283732705774,106394.96987315101,68138.93657623634,38256.03329691467,1
56.0,2.0,29.0,249.0,45237.32656378552,23422.054813020965,21815.27175076456,2510.3156903599324,2510.3156903599324,0.0,31051.51115001564,link,0.0,0.0,0.0,0.0,0.0,0.0,71347.06494950692,68138.93657623634,3208.1283732705774,94840.55848129147,91632.4301080209,3208.1283732705774,0
57.0,2.0,28.0,250.0,21608.0,10785.0,10823.000000000002,664.3049169999997,0.0,664.3049169999997,0.0,link,0.0,0.0,0.0,0.0,0.0,0.0,42982.815449234666,42982.815449234666,0.0,43639.0772552823,37421.99335200858,6217.083903273715,0
57.0,2.0,0.0,251.0,21608.0,10785.000000000002,10823.0,661.972515,661.972515,0.0,6137.906286244384,link,0.0,0.0,0.0,0.0,0.0,0.0,37421.99335200858,37421.99335200858,0.0,32141.23880476919,32141.23880476919,0.0,0
59.0,2.0,29.0,254.0,41763.642422810655,21836.31144790283,19927.330974907825,64.19229876066692,0.0,64.19229876066692,0.0,link,0.0,0.0,0.0,0.0,0.0,0.0,68504.71431764729,68504.71431764729,0.0,59353.343503374956,58752.58186948345,600.7616338915036,0
59.0,0.0,137.0,255.0,11226.947197214342,11226.947197214342,0.0,4281.442654724177,4281.442654724177,0.0,25939.716113189967,ra,1000.0,1000.0,0.0,41000.0,41000.0,0.0,58752.58186948345,58752.58186948345,0.0,20594.740113663152,20594.740113663152,0.0,1
59.0,1.0,138.0,256.0,8142.41876965786,0.0,8142.41876965786,3768.951031500648,0.0,3768.951031500648,26235.491957639333,ra,861.0,0.0,861.0,35272.78541906314,0.0,35272.78541906314,0.0,0.0,0.0,0.0,0.0,0.0,1
59.0,2.0,0.0,257.0,19030.167720862108,11064.89566740363,7965.272053458477,121.79539004601152,121.79539004601152,0.0,27032.750454879864,link,0.0,0.0,0.0,0.0,0.0,0.0,20594.740113663152,20594.740113663152,0.0,1139.8563213525067,1139.8563213525067,0.0,0
60.0,2.0,29.0,258.0,15204.999638753205,7325.999839362642,7878.999799390564,589.7618799510744,0.0,589.7618799510744,0.0,link,0.0,0.0,0.0,0.0,0.0,0.0,26039.801032723983,26039.801032723983,0.0,31372.65614587351,25853.204164144052,5519.451981729457,0
60.0,2.0,136.0,259.0,13825.298552554461,6712.4814864233695,7112.817066131092,1621.7030872016057,781.773481624616,839.9296055769897,10738.631570167296,ra,1000.0,1000.0,0.0,41000.0,33139.283185953376,7860.716814046623,25853.204164144052,25853.204164144052,0.0,0.0,0.0,0.0,1
60.0,2.0,0.0,260.0,9900.001134069504,4967.000504292169,4933.000629777334,588.1442988228391,588.1442988228391,0.0,22135.2935483001,link,0.0,0.0,0.0,0.0,0.0,0.0,0.0,0.0,0.0,5504.313395009359,5504.313395009359,0.0,0
