Time of calculation: 20220102-201924; value of objective: 965957.3219769949;  acc=50;  cfix=7000;  cvar=17750;  eta=0.01;  mu=0.1859430513361825;  i=
segment_id,dir,type_ID,POI_ID,traffic_flow,traffic_flow_0,traffic_flow_1,energy_demand,energy_demand_0,energy_demand_1,dist_along_segment,pois_type,pYi_dir,pYi_dir_0,pYi_dir_1,pE_charged,pE_charged_0,pE_charged_1,pE_input,pE_input_0,pE_input_1,pE_output,pE_output_0,pE_output_1,pXi
0.0,2.0,0.0,0.0,26540.63611205301,13243.023903864512,13297.612208188497,4423.921231438179,0.0,4423.921231438179,0.0,link,0.0,0.0,0.0,0.0,0.0,0.0,0.0,0.0,0.0,25.763410851451457,0.0,25.763410851451457,0
0.0,2.0,1.0,1.0,26594.77697992819,13269.441574912722,13325.335405015468,810.0039769207759,31.774775427221,778.2292014935549,239.71582410116363,ra,1.0,0.0,1.0,49.99999793475551,0.0,49.99999793475551,45.46785606202207,0.0,45.46785606202207,0.1850454723801604,0.1850454723801604,0.0,1
0.0,2.0,0.0,2.0,45891.071384772644,24132.535484801192,21758.535899971448,10453.078391900737,5371.86342144895,5081.214970451788,24427.46216029796,ra,0.0,0.0,0.0,1.9788642546814117e-07,0.0,1.9788642546814117e-07,16.06163596155123,0.1850454723801604,15.87659048917107,76.93680491431869,31.468948852296617,45.46785606202207,0
0.0,1.0,2.0,3.0,5594.606273434111,0.0,5594.606273434111,2065.9854049899545,0.0,2065.9854049899545,68504.60131061138,ra,0.0,0.0,0.0,0.0,0.0,0.0,3.8449949843489946,0.0,3.8449949843489946,15.87659048917107,0.0,15.87659048917107,0
0.0,0.0,3.0,4.0,4553.083889317481,4553.083889317481,0.0,7187.448325138304,7187.448325138304,0.0,79329.13749040988,ra,0.0,0.0,0.0,0.0,0.0,0.0,31.468948852296617,31.468948852296617,0.0,73.32620048195923,73.32620048195923,0.0,0
0.0,2.0,4.0,5.0,7895.539602766943,4645.32330643337,3250.2162963335736,2342.9750495919843,1038.6617908113935,1304.3132587805906,104473.7124161702,ra,5.0,5.0,0.0,210.49165412750585,79.37501307432969,131.11664105317618,200.69196023530483,73.32620048195923,127.3657597533456,3.844994984348998,3.552713678800501e-15,3.8449949843489946,1
0.0,2.0,5.0,6.0,19815.36822147169,9562.72950758806,10252.63871388363,7959.026265117185,2076.9550358924675,5882.071229224718,133409.21035475997,ra,0.0,0.0,0.0,0.0,0.0,0.0,93.11057983307529,3.552713678800501e-15,93.11057983307529,139.46123865324756,12.09547889990195,127.3657597533456,0
0.0,2.0,6.0,7.0,38420.41317046725,19234.66349454688,19185.749675920368,10291.73164091456,4957.101208651553,5334.630432263007,173065.41379977632,ra,0.0,0.0,0.0,0.0,0.0,0.0,74.13898760378179,12.09547889990195,62.04350870387984,134.07452821727648,40.96394838420118,93.11057983307529,0
0.0,1.0,7.0,8.0,21229.45737990749,0.0,21229.45737990749,31.90719068892483,0.0,31.90719068892483,176940.22069628988,ra,0.0,0.0,0.0,0.0,0.0,0.0,61.85769209010457,0.0,61.85769209010457,62.04350870387984,0.0,62.04350870387984,0
0.0,2.0,0.0,9.0,50605.7308716768,25638.902393873523,24966.82847780328,5210.178551742356,5210.178551742356,0.0,194059.96494613093,link,0.0,0.0,0.0,0.0,0.0,0.0,102.82164047430575,40.96394838420118,61.857692090104564,133.16394622876896,71.3062541386644,61.85769209010457,0
1.0,2.0,0.0,10.0,41635.269674683135,21021.62675530025,20613.64291938288,39.776186500955454,0.0,39.776186500955454,0.0,link,0.0,0.0,0.0,0.0,0.0,0.0,98.65160815437349,68.60947446423938,30.042133690134104,98.88325112026665,68.60947446423938,30.273776656027266,0
1.0,2.0,8.0,11.0,39859.943598360216,20128.71002741653,19731.23357094369,2276.328443367862,1715.7273142405495,560.6011291273123,8218.215919324155,ra,0.0,0.0,0.0,0.0,0.0,0.0,95.38685807002372,68.60947446423938,26.777383605784333,108.64341980592648,78.60128611579238,30.042133690134104,0
1.0,0.0,9.0,12.0,15021.9786197919,15021.9786197919,0.0,1426.8426564048834,1426.8426564048834,0.0,16747.064047816148,ra,0.0,0.0,0.0,0.0,0.0,0.0,78.60128611579238,78.60128611579238,0.0,86.91073188894529,86.91073188894529,0.0,0
1.0,2.0,10.0,13.0,29629.27020666332,14994.151703987822,14635.1185026755,191.32891529796464,24.711112058686385,166.61780323927826,16911.740762175257,ra,0.0,0.0,0.0,0.0,0.0,0.0,112.71779014410752,86.91073188894529,25.807058255162232,113.83202459691707,87.05464099113273,26.777383605784333,0
1.0,2.0,14.0,14.0,23126.81664543996,11846.335117703364,11280.481527736596,2715.588968665061,1386.7595429137232,1328.829425751338,27721.26496153286,ra,0.0,0.0,0.0,0.0,0.0,0.0,105.12304915373885,87.05464099113273,18.068408162606115,120.93771461527622,95.13065636011399,25.807058255162232,0
1.0,1.0,13.0,15.0,11337.261932088282,0.0,11337.261932088282,1420.2485369302626,0.0,1420.2485369302626,29194.630965596883,ra,0.0,0.0,0.0,0.0,0.0,0.0,9.797364295893338,0.0,9.797364295893338,18.068408162606115,0.0,18.068408162606115,0
1.0,0.0,12.0,16.0,11885.52653584708,11885.52653584708,0.0,208.50481099773148,208.50481099773148,0.0,29478.47368022978,ra,0.0,0.0,0.0,0.0,0.0,0.0,95.13065636011399,95.13065636011399,0.0,96.34491738087192,96.34491738087192,0.0,0
1.0,0.0,15.0,17.0,11960.17018283512,11960.17018283512,0.0,465.471180470787,465.471180470787,0.0,33381.72336961185,ra,0.0,0.0,0.0,0.0,0.0,0.0,96.34491738087192,96.34491738087192,0.0,99.055663037182,99.055663037182,0.0,0
1.0,2.0,16.0,18.0,23460.93532657191,11970.385389125157,11490.549937446756,1768.6682817168698,86.33017164884411,1682.3381100680258,34103.26049306036,ra,2.0,2.0,0.0,99.55842056036295,99.55842056036295,0.0,99.055663037182,99.055663037182,0.0,9.797364295893338,0.0,9.797364295893338,1
1.0,2.0,0.0,19.0,23472.95328481904,11974.880939958675,11498.072344860364,41.43137038083431,41.43137038083431,0.0,34449.34645750041,link,0.0,0.0,0.0,0.0,0.0,0.0,0.0,0.0,0.0,0.24128219319878896,0.24128219319878896,0.0,0
2.0,2.0,0.0,20.0,68929.16895257494,33758.81379308793,35170.35515948701,2037.3044909279515,0.0,2037.3044909279515,0.0,link,0.0,0.0,0.0,0.0,0.0,0.0,139.71463367341846,61.346032770650325,78.36860090276814,151.57920130095295,61.346032770650325,90.23316853030263,0
2.0,1.0,11.0,21.0,34398.2821383792,0.0,34398.2821383792,0.1779942533838276,0.0,0.1779942533838276,2598.411645460739,ra,0.0,0.0,0.0,0.0,0.0,0.0,78.3675643248457,0.0,78.3675643248457,78.36860090276814,0.0,78.36860090276814,0
2.0,0.0,17.0,22.0,24285.97411997901,24285.97411997901,0.0,5629.753466227842,5629.753466227842,0.0,19826.030918871555,ra,0.0,0.0,0.0,0.0,0.0,0.0,61.346032770650325,61.346032770650325,0.0,94.13179995657717,94.13179995657717,0.0,0
2.0,1.0,18.0,23.0,24186.0911430872,0.0,24186.0911430872,4128.069297151063,0.0,4128.069297151063,19924.554475399083,ra,0.0,0.0,0.0,0.0,0.0,0.0,54.3270943974029,0.0,54.3270943974029,78.3675643248457,0.0,78.3675643248457,0
2.0,0.0,19.0,24.0,24395.8043620461,24395.8043620461,0.0,1107.9496170791724,1107.9496170791724,0.0,24376.283905318956,ra,0.0,0.0,0.0,0.0,0.0,0.0,94.13179995657717,94.13179995657717,0.0,100.58412125576075,100.58412125576075,0.0,0
2.0,0.0,20.0,25.0,18382.744960495544,18382.744960495544,0.0,3193.5958308596214,3193.5958308596214,0.0,38424.04808590371,ra,0.0,0.0,0.0,0.0,0.0,0.0,100.58412125576075,100.58412125576075,0.0,119.18253591541125,119.18253591541125,0.0,0
2.0,1.0,21.0,26.0,18491.613365488807,0.0,18491.613365488807,4453.992496188428,0.0,4453.992496188428,38987.68062551749,ra,0.0,0.0,0.0,0.0,0.0,0.0,28.38855873968731,0.0,28.38855873968731,54.3270943974029,0.0,54.3270943974029,0
2.0,2.0,22.0,27.0,37060.49951410931,18323.84940673533,18736.65010737398,9037.685965220891,4162.991831646682,4874.69413357421,60686.533174562566,ra,0.0,0.0,0.0,0.0,0.0,0.0,119.18253591541125,119.18253591541125,0.0,171.81494153188459,143.42638279219727,28.38855873968731,0
2.0,2.0,23.0,28.0,37058.90292655935,18323.112740357166,18735.790186202183,905.6708621966342,0.1740732089699103,905.4967889876642,60687.52230976862,ra,3.0,3.0,0.0,148.70070150138793,143.42739653529222,5.273304966095719,143.42638279219727,143.42638279219727,0.0,0.0,0.0,0.0,1
2.0,2.0,0.0,29.0,23931.60016336258,12393.941571693274,11537.658591669302,2066.8759536088314,2066.8759536088314,0.0,74788.45855603463,link,0.0,0.0,0.0,0.0,0.0,0.0,0.0,0.0,0.0,12.036781756735483,12.036781756735483,0.0,0
3.0,2.0,0.0,30.0,27844.0,14880.0,12964.0,276.638796,0.0,276.638796,0.0,link,0.0,0.0,0.0,0.0,0.0,0.0,0.0,0.0,0.0,1.611050148938092,0.0,1.611050148938092,0
3.0,0.0,24.0,31.0,14880.0,14880.0,0.0,43.31568,43.31568,0.0,291.13911748382634,ra,0.0,0.0,0.0,0.0,0.0,0.0,0.0,0.0,0.0,0.2522557707898452,0.2522557707898452,0.0,0
3.0,1.0,25.0,32.0,12963.999999999998,0.0,12963.999999999998,50.78647,0.0,50.78647,391.7896627176565,ra,1.0,0.0,1.0,50.00000000000001,0.0,50.00000000000001,49.704236892147485,0.0,49.704236892147485,0.0,0.0,0.0,1
3.0,2.0,1.0,33.0,27844.0,14880.000000000002,12964.0,332.50104000000005,332.50104000000005,0.0,2525.7146416492456,link,0.0,0.0,0.0,0.0,0.0,0.0,49.95649266293733,0.2522557707898452,49.704236892147485,51.89286549913949,2.1886286069920042,49.704236892147485,0
4.0,2.0,1.0,34.0,59761.3086274698,30037.341974575906,29723.966652893894,2541.480423000085,0.0,2541.480423000085,0.0,link,0.0,0.0,0.0,0.0,0.0,0.0,66.11985631569775,32.51297235084158,33.60688396485617,80.92057289341713,32.51297235084158,48.40760054257556,0
4.0,1.0,29.0,35.0,19741.19620746718,0.0,19741.19620746718,941.1307808897812,0.0,941.1307808897812,27421.918402146952,ra,0.0,0.0,-0.0,0.0,0.0,0.0,28.126059166293064,0.0,28.126059166293064,33.60688396485617,0.0,33.60688396485617,0
4.0,0.0,28.0,36.0,20188.77400206591,20188.77400206591,0.0,6913.407817081132,6913.407817081132,0.0,27456.275537656256,ra,0.0,-0.0,0.0,0.0,0.0,0.0,32.51297235084158,32.51297235084158,0.0,72.77430537579563,72.77430537579563,0.0,0
4.0,2.0,31.0,37.0,24242.046721440067,16011.081415437498,8230.965306002568,10336.618270691582,5459.807289653861,4876.810981037721,57952.436449648114,ra,4.0,0.0,4.0,199.99999959744883,79.52308023945189,120.47691935799695,192.97639736158388,72.77430537579563,120.20209198578824,53.17334282499292,25.047283658699858,28.126059166293064,1
4.0,2.0,30.0,38.0,24222.436414627213,16010.688472387346,8211.747942239866,2097.1816748164333,3.698514594089785,2093.4831602223435,57975.56024030675,ra,0.0,-0.0,0.0,0.0,0.0,0.0,133.05764257652177,25.047283658699858,108.0103589178219,145.27091453409366,25.068822548305413,120.20209198578824,0
4.0,2.0,35.0,39.0,21337.90578167672,10925.606078379402,10412.299703297318,4724.821457700606,2596.3850909026173,2128.436366797988,78476.45534742385,ra,0.0,-0.0,0.0,0.0,0.0,0.0,120.68389282506789,25.068822548305413,95.61507027676247,148.19964413398574,40.18928521616384,108.0103589178219,0
4.0,0.0,40.0,40.0,10876.999998084551,10876.999998084551,0.0,1976.660743966538,1976.660743966538,0.0,96645.26673532616,ra,0.0,-0.0,0.0,0.0,0.0,0.0,40.18928521616384,40.18928521616384,0.0,51.70068431134848,51.70068431134848,0.0,0
4.0,1.0,41.0,41.0,10239.998724530997,0.0,10239.998724530997,1817.260584824645,0.0,1817.260584824645,99246.70723666706,ra,0.0,0.0,-0.0,0.0,0.0,0.0,85.03196343067474,0.0,85.03196343067474,95.61507027676247,0.0,95.61507027676247,0
4.0,2.0,42.0,42.0,15349.448623427987,7293.1561007636,8056.292522664386,2244.8438549829234,2242.944719983224,1.8991349996993472,124531.18468963404,ra,0.0,0.0,-0.0,0.0,0.0,0.0,136.72158782646414,51.70068431134848,85.02090351511568,149.7947940405087,64.76283060983397,85.03196343067474,0
4.0,2.0,45.0,43.0,29499.999782114108,14928.999812810407,14570.9999693037,9965.395457829238,4949.374190304771,5016.021267524467,160563.71538932095,ra,0.0,0.0,-0.0,0.0,0.0,0.0,120.57213428079066,64.76283060983397,55.809303670956695,178.60720408554351,93.58630057042782,85.02090351511568,0
4.0,2.0,49.0,44.0,29501.249670962527,14929.610924790286,14571.63874617224,7771.3951170941245,964.2534476850196,6807.141669409105,167022.61670697512,ra,0.0,-0.0,0.0,0.0,0.0,0.0,109.75312907552156,93.58630057042782,16.16682850509373,155.01108798035733,99.20178430940064,55.809303670956695,0
4.0,2.0,2.0,45.0,37135.97924873808,18661.98985536135,18473.98939337673,2580.116572311374,2580.116572311374,0.0,182066.4548482201,link,0.0,0.0,0.0,0.0,0.0,0.0,115.36861281449437,99.20178430940064,16.16682850509373,130.3943331697112,114.22750466461747,16.16682850509373,0
5.0,2.0,1.0,46.0,68793.7826224039,33913.44536880647,34880.33725359744,3843.82209257494,0.0,3843.82209257494,0.0,link,0.0,0.0,0.0,0.0,0.0,0.0,55.076538974574085,22.920334939434063,32.15620403514002,77.46164997228962,22.920334939434063,54.541315032855564,0
5.0,1.0,26.0,47.0,36003.524001333615,0.0,36003.524001333615,3895.947466930393,0.0,3895.947466930393,10624.424038435742,ra,0.0,0.0,-0.0,0.0,0.0,0.0,9.467532606519466,0.0,9.467532606519466,32.15620403514002,0.0,32.15620403514002,0
5.0,0.0,27.0,48.0,32653.80091590929,32653.80091590929,0.0,4178.141771103933,4178.141771103933,0.0,12028.538687185455,ra,0.0,-0.0,0.0,0.0,0.0,0.0,22.920334939434063,22.920334939434063,0.0,47.25240990487548,47.25240990487548,0.0,0
5.0,2.0,32.0,49.0,33127.66797826424,16315.8916479239,16811.776330340337,9152.204545843142,5870.836452837575,3281.368093005566,39273.39357565199,ra,4.0,0.0,4.0,200.0,53.719038870637604,146.2809611293624,183.89133321392063,47.25240990487548,136.63892330904514,37.19065604893061,27.723123442411147,9.467532606519466,1
5.0,1.0,36.0,50.0,15728.354223345885,0.0,15728.354223345885,1275.7622080104995,0.0,1275.7622080104995,47330.36386477938,ra,0.0,0.0,-0.0,0.0,0.0,0.0,129.20931862256109,0.0,129.20931862256109,136.63892330904514,0.0,136.63892330904514,0
5.0,0.0,39.0,51.0,16181.036957810447,16181.036957810447,0.0,2402.71193975453,2402.71193975453,0.0,54808.46507060479,ra,0.0,-0.0,0.0,0.0,0.0,0.0,27.723123442411147,27.723123442411147,0.0,41.715699626110506,41.715699626110506,0.0,0
5.0,1.0,43.0,52.0,15425.054197747386,0.0,15425.054197747386,6550.9163885109065,0.0,6550.9163885109065,67696.58292643339,ra,0.0,0.0,-0.0,0.0,0.0,0.0,91.05901224474022,0.0,91.05901224474022,129.20931862256109,0.0,129.20931862256109,0
5.0,0.0,44.0,53.0,16743.940970134765,16743.940970134765,0.0,2188.52376611744,2188.52376611744,0.0,67916.71774036821,ra,0.0,-0.0,0.0,0.0,0.0,0.0,41.715699626110506,41.715699626110506,0.0,54.46091682029629,54.46091682029629,0.0,0
5.0,1.0,50.0,54.0,23926.865751230227,0.0,23926.865751230227,3865.032082238866,0.0,3865.032082238866,86150.64463711552,ra,0.0,0.0,0.0,0.0,0.0,0.0,68.55038148948843,0.0,68.55038148948843,91.05901224474022,0.0,91.05901224474022,0
5.0,0.0,51.0,55.0,23976.591723992253,23976.591723992253,0.0,3863.210440192499,3863.210440192499,0.0,86198.21188888987,ra,0.0,-0.0,0.0,0.0,0.0,0.0,54.46091682029629,54.46091682029629,0.0,76.95893895256192,76.95893895256192,0.0,0
5.0,2.0,4.0,56.0,48295.998738473485,24204.99925545633,24090.99948301716,3849.659028767285,3849.659028767285,0.0,102115.05106186114,link,0.0,0.0,0.0,0.0,0.0,0.0,145.50932044205035,76.95893895256192,68.55038148948843,167.9284237686004,99.37804227911198,68.55038148948843,0
6.0,2.0,0.0,57.0,17593.52882743976,9370.089853693322,8223.438973746437,3280.588971659345,0.0,3280.588971659345,0.0,link,0.0,0.0,0.0,0.0,0.0,0.0,0.0,0.0,0.0,19.1050330894169,0.0,19.1050330894169,0
6.0,0.0,34.0,58.0,9440.700126436834,9440.700126436834,0.0,115.62791616056612,115.62791616056612,0.0,1229.5619294335402,ra,0.0,0.0,0.0,0.0,0.0,0.0,0.0,0.0,0.0,0.6733776109692194,0.6733776109692194,0.0,0
6.0,0.0,33.0,59.0,9685.754071387502,9685.754071387502,0.0,302.82244713524466,302.82244713524466,0.0,4398.318016945725,ra,0.0,-0.0,0.0,0.0,0.0,0.0,0.6733776109692194,0.6733776109692194,0.0,2.4369124282586694,2.4369124282586694,0.0,0
6.0,1.0,38.0,60.0,13533.136089729269,0.0,13533.136089729269,3267.2679643300085,0.0,3267.2679643300085,19100.037855584003,ra,2.0,0.0,2.0,77.94535186213295,0.0,77.94535186213295,58.91789578343271,0.0,58.91789578343271,0.0,0.0,0.0,1
6.0,0.0,37.0,61.0,14150.210375121094,14150.210375121094,0.0,1803.67381185194,1803.67381185194,0.0,19123.313502380493,ra,0.0,-0.0,0.0,0.0,0.0,0.0,2.4369124282586694,2.4369124282586694,0.0,12.940894535019298,12.940894535019298,0.0,0
6.0,2.0,48.0,62.0,30972.88424037613,15986.27621540026,14986.608024975872,5468.198643546355,3421.909443445684,2046.2892001006717,42213.94659999393,ra,0.0,-0.0,0.0,0.0,0.0,0.0,59.94189880410131,12.940894535019298,47.00100426908201,91.78682571416647,32.86892993073376,58.91789578343271,0
6.0,2.0,3.0,63.0,43852.38298306345,22912.25382809093,20940.12915497252,3553.9006048965416,3553.9006048965416,0.0,60876.22424217983,link,0.0,0.0,0.0,0.0,0.0,0.0,79.86993419981577,32.86892993073376,47.00100426908201,100.56664117518068,53.56563690609867,47.00100426908201,0
7.0,2.0,0.0,64.0,11819.728833092571,5668.999528653672,6150.729304438899,2312.6327385691666,0.0,2312.6327385691666,0.0,link,0.0,0.0,0.0,0.0,0.0,0.0,0.0,0.0,0.0,13.467985589089116,0.0,13.467985589089116,0
7.0,2.0,46.0,65.0,16750.439961073742,8281.792263693602,8468.64769738014,443.91171562073237,439.3743632250341,4.537352395698317,6667.955447556553,ra,1.0,1.0,0.0,50.0,0.0,50.0,49.97357600467262,0.0,49.97357600467262,2.5587666789630994,2.5587666789630994,0.0,1
7.0,2.0,47.0,66.0,16803.00194301874,8309.644744099518,8493.35719891922,469.008092957891,4.438227533612364,464.56986542427865,6721.474926778252,ra,0.0,0.0,-0.0,0.0,0.0,0.0,49.826845979247466,2.5587666789630994,47.26807930028437,52.558189409519564,2.5846134048469387,49.97357600467262,0
7.0,2.0,2.0,67.0,31479.264687684805,14962.675134733858,16516.589552950947,2176.386974618303,2176.386974618303,0.0,25294.541879356693,link,0.0,0.0,0.0,0.0,0.0,0.0,49.85269270513131,2.5846134048469387,47.26807930028437,62.52722935835525,15.259150058070881,47.26807930028437,0
8.0,2.0,2.0,68.0,14782.369584642798,7482.847541600488,7299.522043042311,571.5351732524385,0.0,571.5351732524385,0.0,link,0.0,0.0,0.0,0.0,0.0,0.0,43.643541737062264,43.643541737062264,0.0,46.971967971218156,43.643541737062264,3.3284262341558892,0
8.0,2.0,52.0,69.0,9208.206367128356,4168.183876582084,5040.022490546272,1091.488655298786,530.5477835235342,560.9408717752517,9055.824498122218,ra,1.0,1.0,0.0,50.00000000000001,46.73327137015525,3.266728629844754,43.643541737062264,43.643541737062264,0.0,0.0,0.0,0.0,1
8.0,2.0,0.0,70.0,9708.89067456805,5120.673657931851,4588.2170166362,557.603815055505,557.603815055505,0.0,21173.685305885127,link,0.0,0.0,0.0,0.0,0.0,0.0,0.0,0.0,0.0,3.24729474781845,3.24729474781845,0.0,0
9.0,2.0,2.0,71.0,31818.423136170015,16104.883545196824,15713.539590973189,3261.4825971182563,0.0,3261.4825971182563,0.0,link,0.0,0.0,0.0,0.0,0.0,0.0,44.73039548445269,44.73039548445269,0.0,63.7241595545015,44.73039548445269,18.993764070048808,0
9.0,2.0,55.0,72.0,36693.05587768159,18116.80864806472,18576.24722961687,5325.486521774037,2708.000893980142,2617.485627793895,15445.371783397328,ra,2.0,0.0,2.0,86.15295199878929,60.50087058285933,25.65208141592997,55.139131890665844,44.73039548445269,10.40873640621315,0.0,0.0,0.0,1
9.0,2.0,7.0,73.0,31601.85426430268,15291.911788888328,16309.942475414353,3142.329967824336,3142.329967824336,0.0,33157.12684688381,link,0.0,0.0,0.0,0.0,0.0,0.0,10.40873640621315,0.0,10.40873640621315,28.70859613621294,18.29985972999979,10.40873640621315,0
10.0,2.0,3.0,74.0,31606.669563938915,16070.547455207432,15536.122108731484,43.81406893215462,0.0,43.81406893215462,0.0,link,0.0,0.0,0.0,0.0,0.0,0.0,61.53596609488537,53.5252834446892,8.010682650196163,61.79112431310842,53.5252834446892,8.265840868419218,0
10.0,2.0,53.0,75.0,20482.292071415013,10386.965680851748,10095.326390563265,3859.9783717818373,1960.6175793947991,1899.3607923870384,14793.406531478646,ra,2.0,2.0,0.0,100.0,55.13311113956123,44.86688886043876,95.34162445653931,53.5252834446892,41.816341011850106,17.820824122940927,9.810141472744764,8.010682650196163,1
10.0,2.0,4.0,76.0,20473.61899569675,10382.534499411437,10091.084496285315,45.07964033000498,45.07964033000498,0.0,15227.535521101405,link,0.0,0.0,0.0,0.0,0.0,0.0,51.626482484594874,9.810141472744764,41.816341011850106,51.88901095969614,10.072669947846029,41.816341011850106,0
11.0,2.0,3.0,77.0,48420.054142922716,24599.82318293021,23820.230959992503,1269.8213138175106,0.0,1269.8213138175106,0.0,link,0.0,0.0,0.0,0.0,0.0,0.0,103.02674431589543,35.863470659147445,67.16327365674799,110.42175125754821,35.863470659147445,74.55828059840076,0
11.0,2.0,54.0,78.0,48814.99317229718,24295.434711773956,24519.55846052323,3388.4082292149897,1701.6312773650386,1686.7769518499513,6967.487148144968,ra,0.0,0.0,-0.0,0.0,0.0,0.0,93.20352971694524,35.863470659147445,57.34005905779779,112.9364654485621,45.77319179181411,67.16327365674799,0
11.0,1.0,56.0,79.0,22284.926619444108,0.0,22284.926619444108,1685.094433220274,0.0,1685.094433220274,14053.388239050711,ra,0.0,0.0,-0.0,0.0,0.0,0.0,47.52664287442823,0.0,47.52664287442823,57.34005905779779,0.0,57.34005905779779,0
11.0,2.0,5.0,80.0,42919.8251598076,21285.35848456856,21634.466675239044,2910.8952617885475,2910.8952617885475,0.0,19878.69006465457,link,0.0,0.0,0.0,0.0,0.0,0.0,93.29983466624233,45.77319179181411,47.52664287442823,110.25189747469827,62.725254600270034,47.52664287442823,0
12.0,2.0,4.0,81.0,53131.67233206281,26537.18348117461,26594.4888508882,1562.324430007989,0.0,1562.324430007989,0.0,link,0.0,0.0,0.0,0.0,0.0,0.0,141.93620617784774,73.48531884674293,68.45088733110482,151.03465166722873,73.48531884674293,77.54933282048582,0
12.0,0.0,58.0,82.0,22288.895823895957,22288.895823895957,0.0,3364.25769729557,3364.25769729557,0.0,13722.635716121396,ra,0.0,-0.0,0.0,4.440892098500626e-16,4.440892098500626e-16,0.0,73.48531884674293,73.48531884674293,0.0,93.07761010401892,93.07761010401892,0.0,0
12.0,1.0,57.0,83.0,22492.6689728353,0.0,22492.6689728353,3393.592303197099,0.0,3393.592303197099,13775.369179933106,ra,0.0,0.0,-0.0,0.0,0.0,0.0,48.68776131785812,0.0,48.68776131785812,68.45088733110482,0.0,68.45088733110482,0
12.0,2.0,5.0,84.0,44751.07719214048,22273.03927625819,22478.037915882287,1559.840879232986,1559.840879232986,0.0,20725.095833182608,link,0.0,0.0,0.0,0.0,0.0,0.0,141.76537142187703,93.07761010401892,48.68776131785812,150.8493543225369,102.16159300467878,48.68776131785812,0
13.0,2.0,4.0,85.0,25987.610544625633,13119.378445562592,12868.232099063043,1205.3834904693945,0.0,1205.3834904693945,0.0,link,0.0,0.0,0.0,0.0,0.0,0.0,92.3758836394741,51.27181516959683,41.10406846987728,99.39562663983128,51.27181516959683,48.12381147023444,0
13.0,2.0,59.0,86.0,13974.00634747334,7033.004117758563,6941.002229714777,6883.850493770728,3777.525971618388,3106.32452215234,36309.89528647439,ra,0.0,-0.0,0.0,0.0,0.0,0.0,74.28570736476397,51.27181516959683,23.013892195167145,114.37490860339608,73.2708401335188,41.10406846987728,0
13.0,1.0,63.0,87.0,7362.494657393186,0.0,7362.494657393186,661.497609325267,0.0,661.497609325267,54986.89266391457,ra,0.0,0.0,-0.0,0.0,0.0,0.0,19.161555366656426,0.0,19.161555366656426,23.013892195167145,0.0,23.013892195167145,0
13.0,0.0,62.0,88.0,7963.314490087364,7963.314490087364,0.0,1395.6084792930023,1395.6084792930023,0.0,55258.29185590623,ra,0.0,-0.0,0.0,0.0,0.0,0.0,73.2708401335188,73.2708401335188,0.0,81.3983886947996,81.3983886947996,0.0,0
13.0,2.0,70.0,89.0,20915.585370117602,10623.723419117588,10291.861951000015,6679.2986941238505,3389.0040936651603,3290.29460045869,85720.88488710183,ra,3.0,3.0,0.0,135.6480924621782,88.18155608290121,47.46653637927699,128.8649250740766,81.3983886947996,47.46653637927699,32.114793821830176,12.953238455173754,19.161555366656426,1
13.0,1.0,71.0,90.0,10312.666692975632,0.0,10312.666692975632,1325.8702777004075,0.0,1325.8702777004075,92148.0377185692,ra,0.0,0.0,-0.0,0.0,0.0,0.0,39.74511935734262,0.0,39.74511935734262,47.46653637927699,0.0,47.46653637927699,0
13.0,0.0,75.0,91.0,10865.41330620228,10865.41330620228,0.0,2225.2267853650983,2225.2267853650983,0.0,106351.19825280692,ra,0.0,-0.0,0.0,0.0,0.0,0.0,12.953238455173754,12.953238455173754,0.0,25.912201535621346,25.912201535621346,0.0,0
13.0,2.0,80.0,92.0,21769.313571554885,10924.77173173255,10844.541839822334,5231.405901354321,1587.860206417783,3643.5456949365375,121274.1282993086,ra,1.0,1.0,0.0,23.083943250581633,23.083943250581633,0.0,44.43855143847915,25.912201535621346,18.52634990285781,51.820534798323095,12.07541544098048,39.74511935734262,1
13.0,2.0,8.0,93.0,20326.83796736937,10049.65492309056,10277.18304427881,1199.9706688262263,1199.9706688262263,0.0,132616.96921985535,link,0.0,0.0,0.0,0.0,0.0,0.0,30.601765343838288,12.07541544098048,18.52634990285781,37.58998591407904,19.063636011221227,18.52634990285781,0
14.0,2.0,5.0,94.0,94497.82264774677,47019.26687675304,47478.55577099372,936.3425207579636,0.0,936.3425207579636,0.0,link,0.0,0.0,0.0,0.0,0.0,0.0,220.04086798302893,147.08312570013015,72.95774228289878,225.49380798759785,147.08312570013015,78.41068228746771,0
14.0,0.0,61.0,95.0,46935.18990316021,46935.18990316021,0.0,2174.788745042169,2174.788745042169,0.0,4629.482620571615,ra,1.0,1.0,0.0,26.814073041166225,26.814073041166225,0.0,147.08312570013015,147.08312570013015,0.0,132.93428253266606,132.93428253266606,0.0,1
14.0,1.0,60.0,96.0,47664.75200387175,0.0,47664.75200387175,2204.32457448694,0.0,2204.32457448694,4633.73189838993,ra,0.0,0.0,-0.0,0.0,0.0,0.0,60.12050656114165,0.0,60.12050656114165,72.95774228289878,0.0,72.95774228289878,0
14.0,2.0,6.0,97.0,94641.69117202783,46900.62074452682,47741.07042750101,922.9194205020584,922.9194205020584,0.0,6596.600389256655,link,0.0,0.0,0.0,0.0,0.0,0.0,193.0547890938077,132.93428253266606,60.12050656114165,198.42955829853196,138.30905173739032,60.12050656114165,0
15.0,2.0,6.0,98.0,75207.49134104664,44538.30191090561,30669.189430141025,1884.850151816533,0.0,1884.850151816533,0.0,link,0.0,0.0,0.0,0.0,0.0,0.0,141.98717542097467,104.04274790658823,37.94442751438642,152.96389968247792,104.0427466989349,48.921152983542996,0
15.0,1.0,64.0,99.0,16721.32745245393,0.0,16721.32745245393,6515.564241999581,0.0,6515.564241999581,25738.743223846097,ra,0.0,0.0,-0.0,0.0,0.0,0.0,0.0,0.0,0.0,37.94442751438642,0.0,37.94442751438642,0
15.0,0.0,65.0,100.0,16271.068415411031,16271.068415411031,0.0,7891.47329091754,7891.47329091754,0.0,25740.902218562274,ra,3.0,3.0,0.0,150.0,150.0,0.0,104.0427466989349,104.0427466989349,0.0,0.0,0.0,0.0,1
15.0,2.0,0.0,101.0,10998.091984936455,5379.561945168664,5618.530039767791,1825.012570497084,1825.012570497084,0.0,48631.17855592899,link,0.0,0.0,0.0,0.0,0.0,0.0,0.0,0.0,0.0,10.628251770996059,10.628251770996059,0.0,0
16.0,2.0,6.0,102.0,79740.5667298025,40135.953102102525,39604.61362769997,2800.895581315986,0.0,2800.895581315986,0.0,link,0.0,0.0,0.0,0.0,0.0,0.0,136.4271153631786,87.90276387101555,48.52435149216302,152.73857748882767,87.90276387101555,64.83581361781211,0
16.0,1.0,66.0,103.0,29014.9759926702,0.0,29014.9759926702,4194.662066106028,0.0,4194.662066106028,12316.83855333374,ra,2.0,0.0,2.0,100.0,0.0,100.0,124.09606795399624,0.0,124.09606795399624,48.52435149216302,0.0,48.52435149216302,1
16.0,0.0,67.0,104.0,29278.008085254503,29278.008085254503,0.0,4585.787822607259,4585.787822607259,0.0,12575.946688510528,ra,1.0,1.0,0.0,1.0882839170181517e-06,1.0882839170181517e-06,0.0,87.90276387101555,87.90276387101555,0.0,114.60882954355542,114.60882954355542,0.0,1
16.0,0.0,72.0,105.0,28145.02656728497,28145.02656728497,0.0,3642.99524799985,3642.99524799985,0.0,25449.08031583349,ra,0.0,-0.0,0.0,0.0,0.0,0.0,114.60882954355542,114.60882954355542,0.0,135.82439338251504,135.82439338251504,0.0,0
16.0,1.0,74.0,106.0,25731.855828829863,0.0,25731.855828829863,3150.32793358614,0.0,3150.32793358614,32933.75197391795,ra,0.0,0.0,-0.0,0.0,0.0,0.0,105.74963079480696,0.0,105.74963079480696,124.09606795399624,0.0,124.09606795399624,0
16.0,0.0,76.0,107.0,25418.722177742115,25418.722177742115,0.0,6370.068704760761,6370.068704760761,0.0,49497.46890143416,ra,0.0,-0.0,0.0,0.0,0.0,0.0,135.82439338251504,135.82439338251504,0.0,172.92150443107056,172.92150443107056,0.0,0
16.0,1.0,77.0,108.0,25469.36930201462,0.0,25469.36930201462,3629.483350372933,0.0,3629.483350372933,49565.51842080065,ra,0.0,0.0,-0.0,0.0,0.0,0.0,84.6127556466566,0.0,84.6127556466566,105.74963079480696,0.0,105.74963079480696,0
16.0,1.0,82.0,109.0,26935.54974771189,0.0,26935.54974771189,4731.076881969367,0.0,4731.076881969367,67595.96875209869,ra,0.0,0.0,-0.0,0.0,0.0,0.0,57.0605748768476,0.0,57.0605748768476,84.6127556466566,0.0,84.6127556466566,0
16.0,0.0,83.0,110.0,27462.47510980443,27462.47510980443,0.0,5057.102637456699,5057.102637456699,0.0,68666.07464325256,ra,1.0,1.0,0.0,37.56472091159228,37.56472091159228,0.0,172.92150443107056,172.92150443107056,0.0,164.80762727340291,164.80762727340291,0.0,1
16.0,1.0,86.0,111.0,27163.152752819547,0.0,27163.152752819547,4196.376907454115,0.0,4196.376907454115,81021.89267340553,ra,0.0,0.0,-0.0,0.0,0.0,0.0,32.62230468659446,0.0,32.62230468659446,57.0605748768476,0.0,57.0605748768476,0
16.0,0.0,89.0,112.0,29187.99844762554,29187.99844762554,0.0,6653.928103269676,6653.928103269676,0.0,92123.37906601596,ra,0.0,-0.0,0.0,0.0,0.0,0.0,164.80762727340291,164.80762727340291,0.0,203.5578388012031,203.5578388012031,0.0,0
16.0,1.0,90.0,113.0,28376.998666581203,0.0,28376.998666581203,5601.684775109653,0.0,5601.684775109653,92203.5095301381,ra,0.0,0.0,-0.0,0.0,0.0,0.0,3.3861802251067274e-15,0.0,3.3861802251067274e-15,32.62230468659446,0.0,32.62230468659446,0
16.0,2.0,94.0,114.0,71124.20344709541,35553.82790120941,35570.375545886,8755.239718801102,4299.63877333859,4455.600945462512,106046.11656904333,ra,6.0,0.0,6.0,299.99999999999994,185.17377746517658,114.82622253482334,292.4361586174357,203.5578388012031,88.87831981623256,43.42369347123554,43.42369347123554,3.3861802251067274e-15,1
16.0,2.0,12.0,115.0,71147.99996754559,35564.99998476318,35582.99998278241,2799.48715587504,2799.48715587504,0.0,113917.81076099534,link,0.0,0.0,0.0,0.0,0.0,0.0,132.3020132874681,43.42369347123554,88.87831981623256,148.60527322293558,59.726953406703004,88.87831981623256,0
18.0,2.0,7.0,118.0,26949.99999999783,13587.999999998794,13361.999999999038,1262.350888686173,0.0,1262.350888686173,0.0,link,0.0,0.0,0.0,0.0,0.0,0.0,15.468461687228663,15.468461687228663,0.0,22.8199634166896,15.468461687228663,7.351501729460938,0
18.0,0.0,68.0,119.0,13587.918618998609,13587.918618998609,0.0,1673.7828719547792,1673.7828719547792,0.0,12318.138045343778,ra,0.0,-0.0,0.0,0.0,0.0,0.0,15.468461687228663,15.468461687228663,0.0,25.21600318951591,25.21600318951591,0.0,0
18.0,1.0,69.0,120.0,13361.93226547554,0.0,13361.93226547554,3620.13302138755,0.0,3620.13302138755,12346.305678813724,ra,1.0,0.0,1.0,49.99999999999998,0.0,49.99999999999998,28.91757798395666,0.0,28.91757798395666,0.0,0.0,0.0,1
18.0,2.0,73.0,121.0,21133.145613699366,10354.073130248858,10779.072483450507,3099.0639764514967,1773.464093458567,1325.5998829929297,27186.329383912336,ra,0.0,-0.0,0.0,0.0,0.0,0.0,46.41373883824177,25.21600318951591,21.19773564872586,64.4616321670967,35.544054183140034,28.91757798395666,0
18.0,2.0,81.0,122.0,17024.72901544851,8263.2955761644,8761.433439284106,10407.127018587838,5132.593422062407,5274.533596525431,76811.9776614867,ra,3.0,0.0,3.0,149.99999999999991,62.96943006947381,87.0305699305261,113.05527214080884,35.544054183140034,77.5112179576688,23.662836140305053,2.465100491579194,21.19773564872586,1
18.0,0.0,84.0,123.0,7912.197813125354,7912.197813125354,0.0,1219.9477727403696,1219.9477727403696,0.0,91803.7907317536,ra,0.0,-0.0,0.0,0.0,0.0,0.0,2.465100491579194,2.465100491579194,0.0,9.569660912562467,9.569660912562467,0.0,0
18.0,1.0,85.0,124.0,8875.838788593739,0.0,8875.838788593739,1785.784923800428,0.0,1785.784923800428,91872.46119703975,ra,0.0,0.0,-0.0,0.0,0.0,0.0,67.11141464353034,0.0,67.11141464353034,77.5112179576688,0.0,77.5112179576688,0
18.0,2.0,92.0,125.0,47292.93717996864,22515.08265535503,24777.854524613613,4754.452437208462,3104.7402940346988,1649.7121431737628,121334.73270596893,ra,0.0,0.0,-0.0,0.0,0.0,0.0,67.07371378184234,9.569660912562467,57.50405286927988,94.76202582569525,27.650611182164916,67.11141464353034,0
18.0,2.0,11.0,126.0,53098.00276723388,24816.36422563914,28281.638541594737,1125.0783643967968,1125.0783643967968,0.0,126075.53174156268,link,0.0,0.0,0.0,0.0,0.0,0.0,85.1546640514448,27.650611182164916,57.50405286927988,91.70673734245378,34.2026844731739,57.50405286927988,0
19.0,2.0,7.0,127.0,19888.0,9830.0,10058.0,1832.5223390000008,0.0,1832.5223390000008,0.0,link,0.0,0.0,0.0,0.0,0.0,0.0,10.44614947160597,10.44614947160597,0.0,21.118135577193026,10.44614947160597,10.671986105587056,0
19.0,2.0,0.0,128.0,19888.0,9830.0,10058.0,1790.9817650000002,1790.9817650000002,0.0,18219.57712193098,link,0.0,0.0,0.0,0.0,0.0,0.0,10.44614947160597,10.44614947160597,0.0,20.876217419301412,20.876217419301412,0.0,0
20.0,2.0,0.0,129.0,19481.000344743796,9701.000199905127,9780.000144838668,1585.946802063634,0.0,1585.946802063634,0.0,link,0.0,0.0,0.0,0.0,0.0,0.0,0.0,0.0,0.0,9.236014140520293,0.0,9.236014140520293,0
20.0,0.0,78.0,130.0,10133.998910338903,10133.998910338903,0.0,2201.810828978947,2201.810828978947,0.0,22308.899934453435,ra,1.0,1.0,0.0,12.822596523880318,12.822596523880318,0.0,0.0,0.0,0.0,0.0,0.0,0.0,1
20.0,1.0,79.0,131.0,10094.12847263898,0.0,10094.12847263898,2214.6793271343668,0.0,2214.6793271343668,22364.44986396924,ra,1.0,0.0,1.0,43.885756163286096,0.0,43.885756163286096,30.988217888032995,0.0,30.988217888032995,0.0,0.0,0.0,1
20.0,2.0,8.0,132.0,21962.97969081701,10983.990050020308,10978.989640796704,1594.243979477348,1594.243979477348,0.0,37253.22848420508,link,0.0,0.0,0.0,0.0,0.0,0.0,30.988217888032995,0.0,30.988217888032995,40.2725519645182,9.284334076485202,30.988217888032995,0
21.0,2.0,8.0,133.0,21649.000000000102,11074.000000000044,10575.00000000006,371.5843359997804,0.0,371.5843359997804,0.0,link,0.0,0.0,0.0,0.0,0.0,0.0,24.815903449453852,19.00324980719632,5.812653642257534,26.979884093208206,19.00324980719632,7.976634286011885,0
21.0,2.0,87.0,134.0,23288.999999928543,11776.999999969368,11511.999999959173,6542.587792704876,3329.21173105459,3213.376061650286,29246.642192588224,ra,2.0,2.0,0.0,100.0,32.56763317610647,67.43236682389353,73.53466228498773,19.00324980719632,54.53141247779141,11.6364657568252,5.823812114567664,5.812653642257534,1
21.0,2.0,10.0,135.0,23288.99999999982,11776.999999999924,11511.999999999898,380.1380059998352,380.1380059998352,0.0,32474.473610155062,link,0.0,0.0,0.0,0.0,0.0,0.0,60.35522459235908,5.823812114567664,54.53141247779141,62.56901889756226,8.037606419770842,54.53141247779141,0
22.0,2.0,8.0,136.0,18089.34980232114,9293.63667702267,8795.71312529847,2541.603617777336,0.0,2541.603617777336,0.0,link,0.0,0.0,0.0,0.0,0.0,0.0,30.623656447280666,6.615938622532297,24.00771782474837,45.42509046943341,6.615938622532297,38.80915184690111,0
22.0,2.0,9.0,137.0,22551.759921439094,11229.492180860212,11322.267740578884,2598.6403059127283,2598.6403059127283,0.0,25496.14409205573,link,0.0,0.0,0.0,0.0,0.0,0.0,30.623656447280666,6.615938622532297,24.00771782474837,45.75725271942909,21.749534894680725,24.00771782474837,0
24.0,2.0,9.0,140.0,25786.108144857673,12922.607317501452,12863.500827356223,310.22506737586025,0.0,310.22506737586025,0.0,link,0.0,0.0,0.0,0.0,0.0,0.0,85.03005835198505,59.73037274121052,25.299685610774524,86.83670350887118,59.73037274121052,27.10633076766065,0
24.0,0.0,88.0,141.0,12911.612953719838,12911.612953719838,0.0,904.5214863572012,904.5214863572012,0.0,7001.124876882881,ra,0.0,-0.0,0.0,0.0,0.0,0.0,59.73037274121052,59.73037274121052,0.0,64.99799787688914,64.99799787688914,0.0,0
24.0,1.0,91.0,142.0,12797.695040407143,0.0,12797.695040407143,2112.957697765236,0.0,2112.957697765236,10447.761196686972,ra,0.0,0.0,-0.0,0.0,0.0,0.0,12.9945394674817,0.0,12.9945394674817,25.299685610774524,0.0,25.299685610774524,0
24.0,0.0,97.0,143.0,9570.738932827611,9570.738932827611,0.0,2755.7730122650837,2755.7730122650837,0.0,30840.569189513222,ra,0.0,-0.0,0.0,0.0,0.0,0.0,64.99799787688914,64.99799787688914,0.0,81.04668152518421,81.04668152518421,0.0,0
24.0,1.0,98.0,144.0,9946.426208887748,0.0,9946.426208887748,2231.335725475766,0.0,2231.335725475766,30857.334061915197,ra,0.0,0.0,-0.0,0.0,0.0,0.0,0.0,0.0,0.0,12.9945394674817,0.0,12.9945394674817,0
24.0,2.0,108.0,145.0,15887.706151607494,7870.705730584929,8017.000421022563,4501.986650504175,2168.389585344796,2333.5970651593784,55766.14861335632,ra,3.0,0.0,3.0,132.03283036006172,75.51103023664446,56.52180012341727,123.97840696006608,81.04668152518421,42.93172543488186,18.16361386984575,18.16361386984575,0.0,1
24.0,2.0,114.0,146.0,28294.020698251785,14163.55043686688,14130.470261384906,3453.816952067228,2111.307602382169,1342.5093496850593,76000.7341358558,ra,0.0,0.0,-0.0,0.0,0.0,0.0,53.2770219933665,18.16361386984575,35.11340812352075,73.39087585438756,30.45915041950569,42.93172543488186,0
24.0,2.0,15.0,147.0,28738.67135022459,14383.312343962509,14355.35900626208,310.87767950128045,310.87767950128045,0.0,78175.47480337396,link,0.0,0.0,0.0,0.0,0.0,0.0,65.57255854302645,30.45915041950569,35.11340812352075,67.38300429070844,32.269596167187686,35.11340812352075,0
25.0,2.0,9.0,148.0,18444.994544675952,9036.997526482091,9407.99701819386,3162.573978652046,0.0,3162.573978652046,0.0,link,0.0,0.0,0.0,0.0,0.0,0.0,57.54852811412641,20.542028583115357,37.00649953101106,75.96628206984822,20.542028583115357,55.42425348673286,0
25.0,2.0,10.0,149.0,19006.727910032103,9665.34291491844,9341.384995113662,3137.608098414663,3137.608098414663,0.0,35248.172611532704,link,0.0,0.0,0.0,0.0,0.0,0.0,57.54852811412641,20.542028583115357,37.00649953101106,75.82088928453979,38.81438975352873,37.00649953101106,0
26.0,2.0,10.0,150.0,39799.09031594862,19727.656489472974,20071.433826475644,5432.50664953123,0.0,5432.50664953123,0.0,link,0.0,0.0,0.0,0.0,0.0,0.0,84.99077388337037,34.82983065600192,50.16094322736845,116.62784277386129,34.82983065600192,81.79801211785937,0
26.0,2.0,11.0,151.0,61239.02764165262,31319.794471237463,29919.23317041516,5527.098799836521,5527.098799836521,0.0,24120.7762535988,link,0.0,0.0,0.0,0.0,0.0,0.0,84.99077388337037,34.82983065600192,50.16094322736845,117.17871524743045,67.017772020062,50.16094322736845,0
27.0,2.0,11.0,152.0,68446.95855219441,33632.332120978645,34814.626431215765,4475.01586176286,0.0,4475.01586176286,0.0,link,0.0,0.0,0.0,0.0,0.0,0.0,102.84659677265962,51.51030860589677,51.336288166762856,128.9075653527621,51.51030860589677,77.39725674686534,0
27.0,0.0,99.0,153.0,29715.95485159294,29715.95485159294,0.0,4959.050959781504,4959.050959781504,0.0,15398.281487957354,ra,0.0,-0.0,0.0,0.0,0.0,0.0,51.51030860589677,51.51030860589677,0.0,80.39013277686223,80.39013277686223,0.0,0
27.0,1.0,100.0,154.0,27462.225943179787,0.0,27462.225943179787,4427.600028969178,0.0,4427.600028969178,15788.230047158857,ra,0.0,0.0,-0.0,0.0,0.0,0.0,25.55145325116738,0.0,25.55145325116738,51.336288166762856,0.0,51.336288166762856,0
27.0,2.0,107.0,155.0,39803.00077214074,18775.259985557448,21027.74078658329,8521.51974910427,4077.7617235109983,4443.758025593273,32030.585088502547,ra,1.0,1.0,0.0,50.0,4.903614526795175,45.096385473204826,125.15903791529993,80.39013277686223,44.7689051384377,124.7854672501548,99.23401399898741,25.55145325116738,1
27.0,0.0,111.0,156.0,14923.34787730996,14923.34787730996,0.0,3332.683703707982,3332.683703707982,0.0,51994.455333056,ra,0.0,-0.0,0.0,0.0,0.0,0.0,99.23401399898741,99.23401399898741,0.0,118.64242906894852,118.64242906894852,0.0,0
27.0,1.0,110.0,157.0,16064.78653282132,0.0,16064.78653282132,3656.830509986008,0.0,3656.830509986008,52217.78598274018,ra,0.0,0.0,-0.0,0.0,0.0,0.0,23.472769444750266,0.0,23.472769444750266,44.7689051384377,0.0,44.7689051384377,0
27.0,2.0,113.0,158.0,28115.732693263828,13396.479626617023,14719.253066646805,8182.361978154302,4151.774424898176,4030.5875532561263,80453.83595296173,ra,0.0,0.0,-0.0,0.0,0.0,0.0,118.64242906894852,118.64242906894852,0.0,166.29371903324864,142.82094958849837,23.472769444750266,0
27.0,0.0,115.0,159.0,16210.1141141057,16210.1141141057,0.0,2741.8648075464444,2741.8648075464444,0.0,99290.1862589441,ra,0.0,-0.0,0.0,0.0,0.0,0.0,142.82094958849837,142.82094958849837,0.0,158.78863658842954,158.78863658842954,0.0,0
27.0,2.0,116.0,160.0,34177.78966749807,16266.79151473384,17910.998152764234,6377.116285600918,1294.989846913013,5082.126438687905,107271.26953267986,ra,5.0,0.0,5.0,249.99999999999994,166.33021649663058,83.66978350336937,212.86184624042068,158.78863658842954,54.07320965199112,0.0,0.0,0.0,1
27.0,2.0,15.0,161.0,39893.99999984566,18725.9999999336,21167.99999991206,3972.0067852374737,3972.0067852374737,0.0,128894.5131374644,link,0.0,0.0,0.0,0.0,0.0,0.0,54.07320965199112,0.0,54.07320965199112,77.20482465128407,23.131614999292953,54.07320965199112,0
28.0,2.0,11.0,162.0,61992.2787513973,31725.31224782596,30266.96650357134,2390.702240646126,0.0,2390.702240646126,0.0,link,0.0,0.0,0.0,0.0,0.0,0.0,89.43468629577225,61.39986530943649,28.034820986335763,103.35732208131685,61.39986530943649,41.95745677188036,0
28.0,0.0,93.0,163.0,30439.224167938333,30439.224167938333,0.0,1072.7833528404256,1072.7833528404256,0.0,3445.559107155475,ra,0.0,-0.0,0.0,0.0,0.0,0.0,61.39986530943649,61.39986530943649,0.0,67.6473902602459,67.6473902602459,0.0,0
28.0,0.0,95.0,164.0,18498.90877462081,18498.90877462081,0.0,3967.265746570001,3967.265746570001,0.0,21968.34571810977,ra,2.0,2.0,0.0,90.75139506472237,90.75139506472237,0.0,67.6473902602459,67.6473902602459,0.0,0.0,0.0,0.0,1
28.0,1.0,96.0,165.0,17419.186332491074,0.0,17419.186332491074,4813.95264377551,0.0,4813.95264377551,22264.116411144965,ra,0.0,0.0,0.0,0.0,0.0,0.0,0.0,0.0,0.0,28.034820986335763,0.0,28.034820986335763,0
28.0,2.0,0.0,166.0,16044.983216716417,8425.399218263456,7619.583998452962,2682.96218463007,2682.96218463007,0.0,40879.27967798362,link,0.0,0.0,0.0,0.0,0.0,0.0,0.0,0.0,0.0,15.624658181145149,15.624658181145149,0.0,0
30.0,2.0,12.0,169.0,31173.00771278776,15334.689159172884,15838.318553614876,1373.022338283504,0.0,1373.022338283504,0.0,link,0.0,0.0,0.0,0.0,0.0,0.0,127.90861497837713,33.981080861525626,93.9275341168515,135.9046295452818,33.981080861525626,101.92354868375618,0
30.0,0.0,101.0,170.0,15342.168535706442,15342.168535706442,0.0,288.7002299566512,288.7002299566512,0.0,1882.30501330568,ra,0.0,-0.0,0.0,0.0,0.0,0.0,33.981080861525626,33.981080861525626,0.0,35.662372694758695,35.662372694758695,0.0,0
30.0,1.0,102.0,171.0,15008.380189154295,0.0,15008.380189154295,2426.954705703304,0.0,2426.954705703304,15325.375723611753,ra,0.0,0.0,-0.0,0.0,0.0,0.0,79.79377631923113,0.0,79.79377631923113,93.9275341168515,0.0,93.9275341168515,0
30.0,0.0,103.0,172.0,14615.10439288337,14615.10439288337,0.0,2123.5391790607955,2123.5391790607955,0.0,15632.211521401772,ra,0.0,-0.0,0.0,0.0,0.0,0.0,35.662372694758695,35.662372694758695,0.0,48.02914178199028,48.02914178199028,0.0,0
30.0,2.0,13.0,173.0,18934.390172572806,9143.138576923604,9791.251595649202,1268.116655371192,1268.116655371192,0.0,27311.590572612236,link,0.0,0.0,0.0,0.0,0.0,0.0,127.8229181012214,48.02914178199028,79.79377631923113,135.20799769254032,55.41422137330919,79.79377631923113,0
31.0,2.0,12.0,174.0,61211.26177444921,30941.90070843765,30269.36106601156,584.8788313855799,0.0,584.8788313855799,0.0,link,0.0,0.0,0.0,0.0,0.0,0.0,129.61425338808846,85.90574497811522,43.708508409973234,133.02038854352946,85.90574497811522,47.11464356541425,0
31.0,1.0,106.0,175.0,29780.03490857172,0.0,29780.03490857172,3637.7163502508033,0.0,3637.7163502508033,10173.779430297054,ra,0.0,0.0,-0.0,0.0,0.0,0.0,22.523687073973463,0.0,22.523687073973463,43.708508409973234,0.0,43.708508409973234,0
31.0,0.0,105.0,176.0,30402.95414259374,30402.95414259374,0.0,3119.852058011688,3119.852058011688,0.0,10175.429354581129,ra,0.0,-0.0,0.0,0.0,0.0,0.0,85.90574497811522,85.90574497811522,0.0,104.07470101537524,104.07470101537524,0.0,0
31.0,2.0,109.0,177.0,62402.93424977723,31525.727911032645,30877.20633874459,6816.570463211742,3762.4191873927257,3054.1512758190165,22337.14837090233,ra,3.0,0.0,3.0,148.24235852796215,125.98574921201569,22.256609315946452,131.06866035158816,104.07470101537524,26.99395933621292,22.523687073973463,0.0,22.523687073973463,1
31.0,2.0,14.0,178.0,62766.261417807065,31611.05780980601,31155.20360800105,595.148026243029,595.148026243029,0.0,24222.213413881997,link,0.0,0.0,0.0,0.0,0.0,0.0,26.99395933621292,0.0,26.99395933621292,30.459898785714586,3.465939449501665,26.99395933621292,0
32.0,2.0,13.0,179.0,24034.000000000007,12223.000000000004,11811.000000000004,4986.624005231322,0.0,4986.624005231322,0.0,link,0.0,0.0,0.0,0.0,0.0,0.0,106.16759749384155,55.41422137330919,50.75337612053237,135.20799769254032,55.41422137330919,79.79377631923113,0
32.0,2.0,104.0,180.0,24034.000000001273,12223.000000000631,11811.000000000642,545.6198680000062,277.4865460000031,268.13332200000315,2270.21285318104,ra,1.0,1.0,0.0,50.00000000000036,50.00000000000036,0.0,104.6060803292593,55.41422137330919,49.1918589559501,57.783584650109844,7.030208529577471,50.75337612053237,1
32.0,2.0,16.0,181.0,35472.0,17897.0,17575.0,5106.43524839964,5106.43524839964,0.0,35413.56901786664,link,0.0,0.0,0.0,0.0,0.0,0.0,56.222067485527575,7.030208529577471,49.1918589559501,85.96020756721359,36.76834861126349,49.1918589559501,0
33.0,2.0,14.0,182.0,25491.39192820705,13297.332945790267,12194.058982416784,2901.9645133205213,0.0,2901.9645133205213,0.0,link,0.0,0.0,0.0,0.0,0.0,0.0,9.235884739021945,9.235884739021945,0.0,26.135937909431505,9.235884739021945,16.90005317040956,0
33.0,2.0,0.0,183.0,27433.939184964896,13761.985453193762,13671.953731771133,3014.5666133482373,3014.5666133482373,0.0,22213.61178663945,link,0.0,0.0,0.0,0.0,0.0,0.0,9.235884739021945,9.235884739021945,0.0,26.791694197571196,26.791694197571196,0.0,0
34.0,2.0,14.0,184.0,40290.981728268656,40289.53408577645,1.4476424922008384,4807.99244961434,0.0,4807.99244961434,0.0,link,0.0,0.0,0.0,0.0,0.0,0.0,12.136259389738038,12.136259389738038,-2.3761149279892484e-16,40.13637023479971,12.136259389738038,28.000110845061677,0
34.0,2.0,112.0,185.0,40084.67942148965,20069.25833080312,20015.421090686526,5879.593873458729,4738.491686036754,1141.1021874219755,14615.98862167376,ra,1.0,1.0,0.0,35.2102787902723,12.136259389738038,23.074019400534258,28.564888210276585,12.136259389738038,16.42862882053855,27.595362063864044,27.595362063864044,-2.3761149279892484e-16,1
34.0,0.0,120.0,186.0,19233.978995985926,19233.978995985926,0.0,2388.1873644993475,2388.1873644993475,0.0,26934.149163868184,ra,1.0,1.0,0.0,41.50335206707655,41.50335206707655,0.0,27.595362063864044,27.595362063864044,0.0,0.0,0.0,0.0,1
34.0,2.0,20.0,187.0,42848.93314386101,20473.58046065553,22375.352683205478,2247.134627658472,2247.134627658472,0.0,38220.85948462789,link,0.0,0.0,0.0,0.0,0.0,0.0,16.42862882053855,0.0,16.42862882053855,29.515175714608766,13.086546894070219,16.42862882053855,0
35.0,2.0,0.0,188.0,13637.0,6766.0,6871.0,2412.026759499997,0.0,2412.026759499997,0.0,link,0.0,0.0,0.0,0.0,0.0,0.0,22.66912268102213,0.0,22.66912268102213,36.71594520310662,0.0,36.71594520310662,0
35.0,2.0,16.0,189.0,13637.0,6766.0,6871.0,2375.1670869999966,2375.1670869999966,0.0,35104.46295422166,link,0.0,0.0,0.0,0.0,0.0,0.0,22.66912268102213,0.0,22.66912268102213,36.50128702164556,13.832164340623427,22.66912268102213,0
36.0,2.0,15.0,190.0,63592.0,31158.0,32434.0,1263.5151210000006,0.0,1263.5151210000006,0.0,link,0.0,0.0,0.0,0.0,0.0,0.0,96.52893730771535,35.05090626035256,61.478031047362784,103.88721912973637,35.05090626035256,68.8363128693838,0
36.0,0.0,121.0,191.0,31158.0,31158.0,0.0,1862.7498720000008,1862.7498720000008,0.0,5978.406282256154,ra,1.0,1.0,0.0,45.89892722527902,45.89892722527902,0.0,35.05090626035256,35.05090626035256,0.0,-2.9717091177095417e-16,-2.9717091177095417e-16,0.0,1
36.0,1.0,122.0,192.0,32434.0,0.0,32434.0,2232.9998150000006,0.0,2232.9998150000006,6884.764105769136,ra,0.0,0.0,-0.0,0.0,0.0,0.0,48.473800489135215,0.0,48.473800489135215,61.478031047362784,0.0,61.478031047362784,0
36.0,2.0,17.0,193.0,63592.0,31158.0,32434.0,1496.2071600000006,1496.2071600000006,0.0,10780.414990255447,link,0.0,0.0,0.0,0.0,0.0,0.0,48.473800489135215,-2.9717091177095417e-16,48.473800489135215,57.18720151174609,8.713401022610872,48.473800489135215,0
37.0,2.0,16.0,194.0,61280.64411621449,31014.17446373309,30266.469652481403,3075.322007033439,0.0,3075.322007033439,0.0,link,0.0,0.0,0.0,0.0,0.0,0.0,83.75866499379717,40.2039122460566,43.55475274774057,101.6682931771985,40.2039122460566,61.46438093114191,0
37.0,0.0,117.0,195.0,31188.918197802075,31188.918197802075,0.0,476.2646699717726,476.2646699717726,0.0,1531.6015518302704,ra,0.0,-0.0,0.0,0.0,0.0,0.0,40.2039122460566,40.2039122460566,0.0,42.97751550990242,42.97751550990242,0.0,0
37.0,2.0,18.0,196.0,64809.52507699492,32882.29003408458,31927.235042910343,2677.0230036732487,2677.0230036732487,0.0,9891.283544490125,link,0.0,0.0,0.0,0.0,0.0,0.0,86.53226825764298,42.97751550990242,43.55475274774057,102.12233867126092,58.56758592352035,43.55475274774057,0
38.0,2.0,17.0,197.0,73980.90840881804,36437.73642199968,37543.17198681836,8581.895963178365,0.0,8581.895963178365,0.0,link,0.0,0.0,0.0,0.0,0.0,0.0,20.284649369216552,20.284649369216552,6.752007318764274e-16,70.26268921598381,20.284649369216552,49.97803984676725,0
38.0,1.0,118.0,198.0,38288.38488121995,0.0,38288.38488121995,3563.200636081027,0.0,3563.200636081027,5385.572941871728,ra,2.0,0.0,2.0,63.59231184947084,0.0,63.59231184947084,42.84144465926428,0.0,42.84144465926428,6.752007318764274e-16,0.0,6.752007318764274e-16,1
38.0,0.0,119.0,199.0,38355.566312925184,38355.566312925184,0.0,2619.00122524035,2619.00122524035,0.0,7097.786060466791,ra,0.0,-0.0,0.0,0.0,0.0,0.0,20.284649369216552,20.284649369216552,0.0,35.53682029983055,35.53682029983055,0.0,0
38.0,1.0,123.0,200.0,41712.9401712972,0.0,41712.9401712972,2031.1114551113544,0.0,2031.1114551113544,14257.714169889843,ra,0.0,0.0,-0.0,1.7763568394002505e-15,0.0,1.7763568394002505e-15,31.012943163519594,0.0,31.012943163519594,42.84144465926428,0.0,42.84144465926428,0
38.0,0.0,124.0,201.0,40728.86630783911,40728.86630783911,0.0,2848.889850605756,2848.889850605756,0.0,14300.505499646226,ra,1.0,1.0,0.0,49.999998278586126,49.999998278586126,0.0,35.53682029983055,35.53682029983055,0.0,2.1277858130613967,2.1277858130613967,0.0,1
38.0,2.0,22.0,202.0,105896.44285789959,51540.438437961006,54356.004419938574,8230.021979980831,8230.021979980831,0.0,31585.43416751235,link,0.0,0.0,0.0,0.0,0.0,0.0,33.14072897658099,2.1277858130613967,31.012943163519594,81.06957456269282,50.05663139917323,31.012943163519594,0
39.0,2.0,17.0,203.0,25562.278853813234,12328.30028963884,13233.978564174393,1988.332963522788,0.0,1988.332963522788,0.0,link,0.0,0.0,0.0,0.0,0.0,0.0,30.422826091866227,15.967595615118137,14.455230476748092,42.00220021920991,15.967595615118135,26.034604604091772,0
39.0,2.0,24.0,204.0,21529.452943652228,10591.584479212725,10937.868464439502,1897.3687907956744,1897.3687907956744,0.0,17071.72988124704,link,0.0,0.0,0.0,0.0,0.0,0.0,30.422826091866227,15.967595615118135,14.455230476748092,41.472455851684366,27.017225374936274,14.455230476748092,0
40.0,2.0,18.0,205.0,25932.838407847834,12821.14586322636,13111.692544621475,1674.795944952231,0.0,1674.795944952231,0.0,link,0.0,0.0,0.0,0.0,0.0,0.0,38.77375265012736,28.01070462608864,10.763048024038728,48.52719394458775,28.010704626088636,20.516489318499115,0
40.0,2.0,26.0,206.0,22387.89451536771,11334.707010656924,11053.187504710784,1671.626697283136,1671.626697283136,0.0,13785.599210644326,link,0.0,0.0,0.0,0.0,0.0,0.0,38.77375265012736,28.010704626088636,10.763048024038728,48.50873732533137,37.74568930129264,10.763048024038728,0
41.0,2.0,18.0,207.0,65100.064380541284,32409.67765592153,32690.38672461976,8031.948343872269,0.0,8031.948343872269,0.0,link,0.0,0.0,0.0,0.0,0.0,0.0,54.29395004415329,54.29395004415329,-1.2448477352935485e-15,101.06928222011635,54.29395004415329,46.77533217596306,0
41.0,1.0,126.0,208.0,33015.8306660751,0.0,33015.8306660751,515.7447983857179,0.0,515.7447983857179,1570.6218936678245,ra,1.0,0.0,1.0,47.90153991575153,0.0,47.90153991575153,44.89801782749983,0.0,44.89801782749983,-1.2448477352935485e-15,0.0,-1.2448477352935485e-15,1
41.0,0.0,125.0,209.0,32828.808927873586,32828.808927873586,0.0,517.979810454405,517.979810454405,0.0,1588.999800427482,ra,2.0,2.0,0.0,57.3104880816435,57.3104880816435,0.0,54.29395004415329,54.29395004415329,0.0,0.0,0.0,0.0,1
41.0,2.0,25.0,210.0,107717.84336110209,52411.86349298975,55305.979868112336,8019.395375229603,8019.395375229603,0.0,19664.682517120145,link,0.0,0.0,0.0,0.0,0.0,0.0,44.89801782749983,0.0,44.89801782749983,91.60024578853063,46.70222796103081,44.89801782749983,0
42.0,2.0,0.0,211.0,64323.0,34358.0,29965.000000000004,292.1437675,0.0,292.1437675,0.0,link,0.0,0.0,0.0,0.0,0.0,0.0,34.64192279285128,0.0,34.64192279285128,36.343268616168885,0.0,36.343268616168885,0
42.0,2.0,21.0,212.0,64323.0,34358.0,29965.0,334.9733210000001,334.9733210000001,0.0,974.9930872178356,link,0.0,0.0,0.0,0.0,0.0,0.0,34.64192279285128,0.0,34.64192279285128,36.592693351754875,1.9507705589035944,34.64192279285128,0
43.0,2.0,20.0,213.0,150198.49863614666,75767.44894346851,74431.04969267815,256.5387159589935,0.0,256.5387159589935,0.0,link,0.0,0.0,0.0,0.0,0.0,0.0,60.189732785433726,60.189732785433726,0.0,61.683726912541346,60.189732785433726,1.4939941271076218,0
43.0,2.0,127.0,214.0,143910.62075712613,71622.8655725805,72287.75518454562,14695.550707760216,7361.674053195678,7333.876654564538,10005.69209126666,ra,4.0,0.0,4.0,200.0,84.08951530315203,115.91048469684796,133.39021782605136,60.189732785433726,73.20048504061762,18.97210042611358,18.97210042611358,0.0,1
43.0,2.0,22.0,215.0,143835.3128743358,71573.22723597237,72262.08563836341,254.1351114407348,254.1351114407348,0.0,10360.675542503666,link,0.0,0.0,0.0,0.0,0.0,0.0,92.1725854667312,18.97210042611358,73.20048504061762,93.65258181958185,20.45209677896423,73.20048504061762,0
44.0,2.0,20.0,216.0,153959.0,74263.0,79696.0,3498.654400000002,0.0,3498.654400000002,0.0,link,0.0,0.0,0.0,0.0,0.0,0.0,68.4154161221419,10.650088201160617,57.76532792098129,88.79038801221228,10.650088201160617,78.14029981105166,0
44.0,2.0,21.0,217.0,153959.0,74263.0,79696.0,3260.145700000001,3260.145700000001,0.0,4390.047146032249,link,0.0,0.0,0.0,0.0,0.0,0.0,68.4154161221419,10.650088201160617,57.76532792098129,87.40139455860417,29.636066637622875,57.76532792098129,0
45.0,2.0,20.0,218.0,62196.76002530598,32348.66402655705,29848.09599874893,1778.4316575225057,0.0,1778.4316575225057,0.0,link,0.0,0.0,0.0,0.0,0.0,0.0,15.8093714203115,15.8093714203115,0.0,26.16635181552639,15.8093714203115,10.356980395214888,0
45.0,2.0,129.0,219.0,59803.760630072626,31496.773292559403,28306.987337513223,6019.401556958648,3144.575633708264,2874.8259232503847,9849.378972750012,ra,2.0,0.0,2.0,60.63926327785688,32.55288504506492,28.086378232791958,27.153742390233425,15.8093714203115,11.344370969921927,1.5694240986770729,1.5694240986770729,0.0,1
45.0,2.0,27.0,220.0,59265.836631097605,31619.71560399585,27646.121027101755,2008.7677610146968,2008.7677610146968,0.0,16227.553730454052,link,0.0,0.0,0.0,0.0,0.0,0.0,12.913795068599,1.5694240986770729,11.344370969921927,24.61217449823173,13.267803528309802,11.344370969921927,0
46.0,2.0,21.0,221.0,122056.36331156333,58092.14471186193,63964.2185997014,6279.260644728073,0.0,6279.260644728073,0.0,link,0.0,0.0,0.0,0.0,0.0,0.0,64.99944219991048,20.373652255404195,44.62578994450628,101.56771802811448,20.373652255404195,81.19406577271029,0
46.0,2.0,23.0,222.0,131872.70614633957,62497.919354533005,69374.78679180656,5678.044393759095,5678.044393759095,0.0,9404.55520736285,link,0.0,0.0,0.0,0.0,0.0,0.0,64.99944219991048,20.373652255404195,44.62578994450628,98.06643930411522,53.44064935960894,44.62578994450628,0
47.0,2.0,22.0,223.0,38579.295537849815,18952.69215084102,19626.6033870088,1763.219166427337,0.0,1763.219166427337,0.0,link,0.0,0.0,0.0,0.0,0.0,0.0,54.12105249406006,15.342370247590097,38.77868224646996,64.38944052117995,15.342370247590097,49.047070273589846,0
47.0,2.0,128.0,224.0,35162.62482989687,17399.45971996509,17763.16510993178,7435.637995433931,3663.3854298437486,3772.2525655901823,19815.112780906624,ra,1.0,0.0,1.0,41.88483424183005,36.67667956249692,5.2081546793331235,37.36089273051887,15.342370247590097,22.018522482928773,38.77868224646996,0.0,38.77868224646996,1
47.0,2.0,28.0,225.0,35062.11998304022,16961.141448801816,18100.9785342384,1675.651535543216,1675.651535543216,0.0,29618.33132225415,link,0.0,0.0,0.0,0.0,0.0,0.0,22.018522482928773,0.0,22.018522482928773,31.776946445651777,9.758423962723004,22.018522482928773,0
48.0,2.0,24.0,226.0,16009.999934388854,7856.999966820751,8152.999967568103,2252.387938481718,0.0,2252.387938481718,0.0,link,0.0,0.0,0.0,0.0,0.0,0.0,16.19004399270097,16.19004399270097,0.0,29.307184380187813,16.19004399270097,13.117140387486842,0
48.0,2.0,0.0,227.0,10228.9496360124,5180.369177535584,5048.580458476815,2203.4039084147803,2203.4039084147803,0.0,34790.83034290512,link,0.0,0.0,0.0,0.0,0.0,0.0,16.19004399270097,16.19004399270097,0.0,29.021918068752132,29.021918068752132,0.0,0
50.0,2.0,23.0,230.0,167288.29083468003,89420.76920845687,77867.52162622314,2077.529087866036,0.0,2077.529087866036,0.0,link,0.0,0.0,0.0,0.0,0.0,0.0,90.57872613002687,54.77748408318117,35.801242046845694,102.677548113151,54.77748408318117,47.90006402996984,0
50.0,2.0,25.0,231.0,167733.1420677742,89424.56834914754,78308.57371862668,2379.090073396836,2379.090073396836,0.0,2660.513408818963,link,0.0,0.0,0.0,0.0,0.0,0.0,90.57872613002687,54.77748408318117,35.801242046845694,104.4337366075996,68.63249456075391,35.801242046845694,0
51.0,2.0,23.0,232.0,68004.42841151668,33685.47219088722,34318.956220629465,2606.4986391770226,0.0,2606.4986391770226,0.0,link,0.0,0.0,0.0,0.0,0.0,0.0,43.44153535695257,30.27916762403147,13.162367732921105,58.62089588617161,30.27916762403147,28.341728262140137,0
51.0,0.0,130.0,233.0,33100.995903315394,33100.995903315394,0.0,783.1629546866914,783.1629546866914,0.0,2344.9972799662905,ra,1.0,1.0,0.0,32.789281472793775,32.789281472793775,0.0,30.27916762403147,30.27916762403147,0.0,2.050760522563365,2.050760522563365,0.0,1
51.0,2.0,27.0,234.0,64426.23565632764,31754.48892503164,32671.746731296,1762.794004348873,1762.794004348873,0.0,7784.588682143257,link,0.0,0.0,0.0,0.0,0.0,0.0,15.213128170109858,2.050760522563365,13.162367647546493,25.47904028343238,12.316672550511274,13.162367732921105,0
53.0,2.0,24.0,237.0,26623.0,13216.0,13407.000000000002,1301.209681500001,0.0,1301.209681500001,0.0,link,0.0,0.0,0.0,0.0,0.0,0.0,31.175302690308676,24.121098045093504,7.054204645215173,38.753104797212956,24.121098045093504,14.632006752119455,0
53.0,2.0,28.0,238.0,26623.0,13216.0,13407.0,1282.6722719999998,1282.6722719999998,0.0,9705.486491353968,link,0.0,0.0,0.0,0.0,0.0,0.0,31.175302690308676,24.121098045093504,7.054204645215173,38.64514923650446,31.590944591289286,7.054204645215173,0
54.0,2.0,25.0,239.0,63790.74308365228,33602.55553767664,30188.187545975637,914.669079332492,0.0,914.669079332492,0.0,link,0.0,0.0,0.0,0.0,0.0,0.0,39.96218390922374,39.96218390922374,0.0,45.28890517100829,39.96218390922374,5.32672126178455,0
54.0,2.0,131.0,240.0,33762.441558617626,17029.212737248363,16733.228821369263,7185.418002340216,3714.280971775646,3471.13703056457,14118.05957838652,ra,3.0,3.0,0.0,108.85283202559683,57.824418209588764,51.028413816008054,70.7758776247453,39.96218390922374,30.813693715521573,3.768473320185337,3.768473320185337,0.0,1
54.0,2.0,26.0,241.0,32484.774457444895,16371.354345937669,16113.420111507226,929.5714925260236,929.5714925260236,0.0,19751.672738570145,link,0.0,0.0,0.0,0.0,0.0,0.0,34.58216703570691,3.768473320185337,30.813693715521573,39.99567487747273,9.181981161951157,30.813693715521573,0
55.0,2.0,26.0,242.0,35611.19993600926,17306.49996896785,18304.699967041404,3651.9540270608895,0.0,3651.9540270608895,0.0,link,0.0,0.0,0.0,0.0,0.0,0.0,26.618665441318395,26.618665441318395,0.0,47.88640215895329,26.618665441318395,21.267736717634897,0
55.0,2.0,132.0,243.0,34335.6700861098,16687.900230609903,17647.769855499897,3806.716178738113,1850.014875297545,1956.701303440568,10714.232916978135,ra,1.0,0.0,1.0,48.787684231875446,37.3925221218752,11.39516211000024,26.618665441318395,26.618665441318395,0.0,0.0,0.0,0.0,1
55.0,2.0,0.0,244.0,9015.000278806967,4116.000142012323,4899.000136794644,3382.273931804988,3382.273931804988,0.0,47911.36687265736,link,0.0,0.0,0.0,0.0,0.0,0.0,0.0,0.0,0.0,19.697211672305905,19.697211672305905,0.0,0
56.0,2.0,27.0,245.0,67553.51728478492,34432.267085202984,33121.25019958193,2367.0237097169543,0.0,2367.0237097169543,0.0,link,0.0,0.0,0.0,0.0,0.0,0.0,14.862477545601337,14.862477545601337,0.0,28.64721762985002,14.862477545601337,13.784740084248684,0
56.0,1.0,134.0,246.0,28345.05378073905,0.0,28345.05378073905,1429.461201904893,0.0,1429.461201904893,14670.942506693847,ra,1.0,0.0,1.0,8.324695290497512,0.0,8.324695290497512,0.0,0.0,0.0,0.0,0.0,0.0,1
56.0,0.0,133.0,247.0,28758.648000424007,28758.648000424007,0.0,4635.222356187495,4635.222356187495,0.0,14715.488271793003,ra,0.0,-0.0,0.0,0.0,0.0,0.0,14.862477545601337,14.862477545601337,0.0,41.85643428689522,41.85643428689522,0.0,0
56.0,2.0,135.0,248.0,47006.10408228616,24072.8864014428,22933.21768084336,5972.3380643838445,1468.7067383505575,4503.631326033287,20490.182643268578,ra,1.0,1.0,0.0,44.718543521804875,0.0634419689023761,44.6551015529025,60.283920539707324,41.85643428689522,18.4274862528121,50.34624024915449,50.34624024915449,0.0,1
56.0,2.0,29.0,249.0,45237.32656378552,23422.054813020965,21815.27175076456,2510.3156903599324,2510.3156903599324,0.0,31051.51115001564,link,0.0,0.0,0.0,0.0,0.0,0.0,68.77372650196659,50.34624024915449,18.4274862528121,83.39295028877052,64.96546403595842,18.4274862528121,0
57.0,2.0,28.0,250.0,21608.0,10785.0,10823.000000000002,664.3049169999997,0.0,664.3049169999997,0.0,link,0.0,0.0,0.0,0.0,0.0,0.0,16.145327058353377,16.145327058353377,0.0,20.014012690838406,16.145327058353377,3.868685632485027,0
57.0,2.0,0.0,251.0,21608.0,10785.000000000002,10823.0,661.972515,661.972515,0.0,6137.906286244384,link,0.0,0.0,0.0,0.0,0.0,0.0,16.145327058353377,16.145327058353377,0.0,20.000429575802425,20.000429575802425,0.0,0
59.0,2.0,29.0,254.0,41763.642422810655,21836.31144790283,19927.330974907825,64.19229876066692,0.0,64.19229876066692,0.0,link,0.0,0.0,0.0,0.0,0.0,0.0,72.31238902398695,50.363301591436475,21.949087432550474,72.68622311368944,50.363301591436475,22.32292152225296,0
59.0,0.0,137.0,255.0,11226.947197214342,11226.947197214342,0.0,4281.442654724177,4281.442654724177,0.0,25939.716113189967,ra,2.0,2.0,0.0,75.29696572784084,75.29696572784084,0.0,50.363301591436475,50.363301591436475,0.0,0.0,0.0,0.0,1
59.0,1.0,138.0,256.0,8142.41876965786,0.0,8142.41876965786,3768.951031500648,0.0,3768.951031500648,26235.491957639333,ra,0.0,0.0,-0.0,0.0,0.0,0.0,0.0,0.0,0.0,21.949087432550474,0.0,21.949087432550474,0
59.0,2.0,0.0,257.0,19030.167720862108,11064.89566740363,7965.272053458477,121.79539004601152,121.79539004601152,0.0,27032.750454879864,link,0.0,0.0,0.0,0.0,0.0,0.0,0.0,0.0,0.0,0.7092948787761493,0.7092948787761493,0.0,0
60.0,2.0,29.0,258.0,15204.999638753205,7325.999839362642,7878.999799390564,589.7618799510744,0.0,589.7618799510744,0.0,link,0.0,0.0,0.0,0.0,0.0,0.0,21.93217008151022,21.93217008151022,0.0,25.36674244905764,21.93217008151022,3.4345723675474193,0
60.0,2.0,136.0,259.0,13825.298552554461,6712.4814864233695,7112.817066131092,1621.7030872016057,781.773481624616,839.9296055769897,10738.631570167296,ra,1.0,1.0,0.0,31.37641665121229,26.484952634855297,4.8914640163569905,21.93217008151022,21.93217008151022,0.0,0.0,0.0,0.0,1
60.0,2.0,0.0,260.0,9900.001134069504,4967.000504292169,4933.000629777334,588.1442988228391,588.1442988228391,0.0,22135.2935483001,link,0.0,0.0,0.0,0.0,0.0,0.0,0.0,0.0,0.0,3.4251521258631588,3.4251521258631588,0.0,0
