Time of calculation: 20220121-154549; value of objective: 37021000.0;  acc=2400;  cfix=40000;  cvar=127000;  eta=0.23070000000000002;  mu=0.18;  i=
segment_id,dir,type_ID,POI_ID,traffic_flow,traffic_flow_0,traffic_flow_1,energy_demand,energy_demand_0,energy_demand_1,dist_along_segment,pois_type,pYi_dir,pYi_dir_0,pYi_dir_1,pE_charged,pE_charged_0,pE_charged_1,pE_input,pE_input_0,pE_input_1,pE_output,pE_output_0,pE_output_1,pXi
0.0,2.0,0.0,0.0,26540.636112053,13243.0239038645,13297.6122081885,4423.92123143818,0.0,4423.92123143818,0.0,link,0.0,0.0,0.0,0.0,0.0,0.0,0.0,0.0,0.0,551.1232591701056,0.0,551.1232591701056,0
0.0,2.0,1.0,1.0,26594.7769799282,13269.4415749127,13325.3354050155,810.003976920776,31.774775427221,778.229201493555,239.715824101164,ra,3.0,3.0,0.0,835.23,3.9584379731723374,831.2715620268277,734.3213245631637,0.0,734.3213245631637,0.0,0.0,0.0,1
0.0,2.0,0.0,2.0,45891.0713847726,24132.5354848012,21758.5358999714,10453.07839190074,5371.86342144895,5081.21497045179,24427.462160298,ra,4.0,0.0,4.0,1113.64,480.632401411057,633.0075985889431,734.3213245631637,0.0,734.3213245631637,922.904924469374,188.58359990621034,734.3213245631637,1
0.0,1.0,2.0,3.0,5594.60627343411,0.0,5594.60627343411,2065.98540498995,0.0,2065.98540498995,68504.6013106114,ra,4.0,0.0,4.0,889.9444407669473,0.0,889.9444407669473,1366.8894355472728,0.0,1366.8894355472728,734.3213245631637,0.0,734.3213245631637,1
0.0,0.0,3.0,4.0,4553.08388931748,4553.08388931748,0.0,7187.4483251383,7187.4483251383,0.0,79329.1374904099,ra,4.0,4.0,0.0,1083.9815373552894,1083.9815373552894,0.0,188.58359990621034,188.58359990621034,0.0,0.0,0.0,0.0,1
0.0,2.0,4.0,5.0,7895.539602766939,4645.32330643337,3250.21629633357,2342.9750495919798,1038.66179081139,1304.31325878059,104473.71241617,ra,4.0,0.0,4.0,1113.6400000000003,129.39440857570133,984.2455914242989,2188.6462898192035,0.0,2188.6462898192035,1366.8894355472728,0.0,1366.8894355472728,1
0.0,2.0,5.0,6.0,19815.36822147166,9562.72950758806,10252.6387138836,7959.02626511719,2076.95503589247,5882.07122922472,133409.21035476,ra,0.0,0.0,0.0,0.0,0.0,0.0,1455.8696202248464,0.0,1455.8696202248464,2447.389194280616,258.74290446141214,2188.6462898192035,0
0.0,2.0,6.0,7.0,38420.413170467305,19234.6634945469,19185.7496759204,10291.73164091456,4957.10120865155,5334.63043226301,173065.413799776,ra,3.0,0.0,3.0,835.2299999999999,581.3863236717661,253.84367632823376,1303.8786110240308,258.74290446141214,1045.1357065626187,1750.7719553858851,294.90233516103876,1455.8696202248464,1
0.0,1.0,7.0,8.0,21229.4573799075,0.0,21229.4573799075,31.9071906889248,0.0,31.9071906889248,176940.22069629,ra,0.0,0.0,0.0,0.0,0.0,0.0,1041.1607725609738,0.0,1041.1607725609738,1045.1357065626187,0.0,1045.1357065626187,0
0.0,2.0,0.0,9.0,50605.7308716768,25638.9023938735,24966.8284778033,5210.17855174236,5210.17855174236,0.0,194059.964946131,link,0.0,0.0,0.0,0.0,0.0,0.0,1336.0631077220125,294.90233516103876,1041.1607725609738,1985.1367313409721,943.9759587799983,1041.1607725609738,0
1.0,2.0,0.0,10.0,41635.2696746832,21021.6267553003,20613.6429193829,39.7761865009555,0.0,39.7761865009555,0.0,link,0.0,0.0,0.0,0.0,0.0,0.0,1651.061737420315,1008.4093057529465,642.6524316673685,1656.016975182231,1008.4093057529465,647.6076694292846,0
1.0,2.0,8.0,11.0,39859.9435983602,20128.7100274165,19731.2335709437,2276.328443367862,1715.72731424055,560.601129127312,8218.21591932416,ra,4.0,0.0,4.0,1113.64,1113.64,0.0,1581.223169955893,1008.4093057529465,572.8138642029463,751.1636147737743,108.51118310640567,642.6524316673685,1
1.0,0.0,9.0,12.0,15021.9786197919,15021.9786197919,0.0,1426.84265640488,1426.84265640488,0.0,16747.0640478161,ra,0.0,0.0,0.0,0.0,0.0,0.0,108.51118310640567,108.51118310640567,0.0,286.2643875560128,286.2643875560128,0.0,0
1.0,2.0,10.0,13.0,29629.2702066633,14994.1517039878,14635.1185026755,191.32891529796441,24.7111120586864,166.617803239278,16911.7407621753,ra,0.0,0.0,0.0,0.0,0.0,0.0,838.3213390670163,286.2643875560128,552.0569515110035,862.1567126770062,289.34284847405985,572.8138642029463,0
1.0,2.0,14.0,14.0,23126.816645439998,11846.3351177034,11280.4815277366,2715.58896866506,1386.75954291372,1328.82942575134,27721.2649615329,ra,0.0,0.0,0.0,0.0,0.0,0.0,675.8568877838129,289.34284847405985,386.514039309753,1014.1595303221687,462.10257881116524,552.0569515110035,0
1.0,1.0,13.0,15.0,11337.2619320883,0.0,11337.2619320883,1420.24853693026,0.0,1420.24853693026,29194.6309655969,ra,0.0,0.0,0.0,0.0,0.0,0.0,209.58231707605503,0.0,209.58231707605503,386.514039309753,0.0,386.514039309753,0
1.0,0.0,12.0,16.0,11885.5265358471,11885.5265358471,0.0,208.504810997731,208.504810997731,0.0,29478.4736802298,ra,0.0,0.0,0.0,0.0,0.0,0.0,462.10257881116524,462.10257881116524,0.0,488.0776911556406,488.0776911556406,0.0,0
1.0,0.0,15.0,17.0,11960.1701828351,11960.1701828351,0.0,465.471180470787,465.471180470787,0.0,33381.7233696118,ra,0.0,0.0,0.0,0.0,0.0,0.0,488.0776911556406,488.0776911556406,0.0,546.0651598763303,546.0651598763303,0.0,0
1.0,2.0,16.0,18.0,23460.935326572,11970.3853891252,11490.5499374468,1768.668281716874,86.3301716488441,1682.33811006803,34103.2604930604,ra,2.0,0.0,2.0,556.8199999999999,556.8199999999999,0.0,546.0651598763303,546.0651598763303,0.0,209.58231707605503,0.0,209.58231707605503,1
1.0,2.0,0.0,19.0,23472.9532848191,11974.8809399587,11498.0723448604,41.4313703808343,41.4313703808343,0.0,34449.3464575004,link,0.0,0.0,0.0,0.0,0.0,0.0,0.0,0.0,0.0,5.161437259303576,5.161437259303576,0.0,0
2.0,2.0,0.0,20.0,68929.1689525749,33758.8137930879,35170.355159487,2037.30449092795,0.0,2037.30449092795,0.0,link,0.0,0.0,0.0,0.0,0.0,0.0,2112.9860632703976,954.4014660182911,1158.5845972521065,2366.78938214122,954.4014660182911,1412.3879161229286,0
2.0,1.0,11.0,21.0,34398.2821383792,0.0,34398.2821383792,0.177994253383828,0.0,0.177994253383828,2598.41164546074,ra,0.0,0.0,0.0,0.0,0.0,0.0,1158.5624230840085,0.0,1158.5624230840085,1158.5845972521065,0.0,1158.5845972521065,0
2.0,0.0,17.0,22.0,24285.974119979,24285.974119979,0.0,5629.75346622784,5629.75346622784,0.0,19826.0309188716,ra,0.0,0.0,0.0,0.0,0.0,0.0,954.4014660182911,954.4014660182911,0.0,1655.7448933340231,1655.7448933340231,0.0,0
2.0,1.0,18.0,23.0,24186.0911430872,0.0,24186.0911430872,4128.06929715106,0.0,4128.06929715106,19924.5544753991,ra,0.0,0.0,0.0,0.0,0.0,0.0,644.295806183524,0.0,644.295806183524,1158.5624230840085,0.0,1158.5624230840085,0
2.0,0.0,19.0,24.0,24395.8043620461,24395.8043620461,0.0,1107.94961707917,1107.94961707917,0.0,24376.283905319,ra,0.0,0.0,0.0,0.0,0.0,0.0,1655.7448933340231,1655.7448933340231,0.0,1793.771040730512,1793.771040730512,0.0,0
2.0,0.0,20.0,25.0,18382.7449604955,18382.7449604955,0.0,3193.59583085962,3193.59583085962,0.0,38424.0480859037,ra,0.0,0.0,0.0,0.0,0.0,0.0,1793.771040730512,1793.771040730512,0.0,2191.6228221473416,2191.6228221473416,0.0,0
2.0,1.0,21.0,26.0,18491.6133654888,0.0,18491.6133654888,4453.99249618843,0.0,4453.99249618843,38987.6806255175,ra,0.0,0.0,0.0,0.0,0.0,0.0,89.4263289933617,0.0,89.4263289933617,644.295806183524,0.0,644.295806183524,0
2.0,2.0,22.0,27.0,37060.499514109295,18323.8494067353,18736.650107374,9037.685965220891,4162.99183164668,4874.69413357421,60686.5331745626,ra,4.0,4.0,0.0,1113.64,482.9817042424486,630.6582957575515,2304.4278011258466,2191.6228221473416,112.8049789785052,2316.6846433011347,2227.258314307773,89.4263289933617,1
2.0,2.0,23.0,28.0,37058.9029265594,18323.1127403572,18735.7901862022,905.670862196634,0.17407320896991,905.496788987664,60687.5223097686,ra,8.0,0.0,8.0,2227.28,2227.28,0.0,2227.258314307773,2227.258314307773,0.0,112.8049789785052,0.0,112.8049789785052,1
2.0,2.0,0.0,29.0,23931.6001633626,12393.9415716933,11537.6585916693,2066.87595360883,2066.87595360883,0.0,74788.4585560346,link,0.0,0.0,0.0,0.0,0.0,0.0,0.0,0.0,0.0,257.48727254868083,257.48727254868083,0.0,0
3.0,2.0,0.0,30.0,27844.0,14880.0,12964.0,276.638796,0.0,276.638796,0.0,link,0.0,0.0,0.0,0.0,0.0,0.0,0.0,0.0,0.0,34.46310792808801,0.0,34.46310792808801,0
3.0,0.0,24.0,31.0,14880.0,14880.0,0.0,43.31568,43.31568,0.0,291.139117483826,ra,0.0,0.0,0.0,0.0,0.0,0.0,0.0,0.0,0.0,5.39618078304,5.39618078304,0.0,0
3.0,1.0,25.0,32.0,12964.0,0.0,12964.0,50.78647,0.0,50.78647,391.789662717657,ra,3.0,0.0,3.0,835.2300000000001,0.0,835.2300000000001,828.9031231403401,0.0,828.9031231403401,0.0,0.0,0.0,1
3.0,2.0,1.0,33.0,27844.0,14880.0,12964.0,332.50104,332.50104,0.0,2525.71464164925,link,0.0,0.0,0.0,0.0,0.0,0.0,834.2993039233801,5.39618078304,828.9031231403401,875.7216184845001,46.818495344160006,828.9031231403401,0
4.0,2.0,1.0,34.0,59761.3086274698,30037.3419745759,29723.9666528939,2541.48042300009,0.0,2541.48042300009,0.0,link,0.0,0.0,0.0,0.0,0.0,0.0,1883.159057326457,696.9482013405938,1186.2108559858634,2199.7716054629623,696.9482013405938,1502.8234041223686,0
4.0,1.0,29.0,35.0,19741.1962074672,0.0,19741.1962074672,941.130780889781,0.0,941.130780889781,27421.918402147,ra,3.0,0.0,3.0,835.23,0.0,835.23,1904.1966655641763,0.0,1904.1966655641763,1186.2108559858634,0.0,1186.2108559858634,1
4.0,0.0,28.0,36.0,20188.7740020659,20188.7740020659,0.0,6913.40781708113,6913.40781708113,0.0,27456.2755376563,ra,0.0,0.0,0.0,0.0,0.0,0.0,696.9482013405938,696.9482013405938,0.0,1558.2067203769268,1558.2067203769268,0.0,0
4.0,2.0,31.0,37.0,24242.04672144007,16011.0814154375,8230.96530600257,10336.618270691579,5459.80728965386,4876.81098103772,57952.4364496481,ra,0.0,0.0,0.0,0.0,0.0,0.0,2854.860027545386,1558.2067203769268,1296.6533071684592,4142.575258471602,2238.3785929074256,1904.1966655641763,0
4.0,2.0,30.0,38.0,24222.43641462717,16010.6884723873,8211.74794223987,2097.1816748164297,3.69851459408978,2093.48316022234,57975.5602403068,ra,11.0,11.0,0.0,3062.5099999999998,2238.839346458528,823.670653541472,4097.900608483178,2238.3785929074256,1859.5220155757522,1296.6533071684592,0.0,1296.6533071684592,1
4.0,2.0,35.0,39.0,21337.9057816767,10925.6060783794,10412.2997032973,4724.82145770061,2596.38509090262,2128.43636679799,78476.4553474238,ra,0.0,0.0,0.0,0.0,0.0,0.0,1594.3656698727923,0.0,1594.3656698727923,2182.974477430219,323.4524618544666,1859.5220155757522,0
4.0,0.0,40.0,40.0,10876.9999980846,10876.9999980846,0.0,1976.66074396654,1976.66074396654,0.0,96645.2667353262,ra,0.0,0.0,0.0,0.0,0.0,0.0,323.4524618544666,323.4524618544666,0.0,569.7009040163302,569.7009040163302,0.0,0
4.0,1.0,41.0,41.0,10239.998724531,0.0,10239.998724531,1817.26058482465,0.0,1817.26058482465,99246.7072366671,ra,0.0,0.0,0.0,0.0,0.0,0.0,1367.9749807365072,0.0,1367.9749807365072,1594.3656698727923,0.0,1594.3656698727923,0
4.0,2.0,42.0,42.0,15349.44862342799,7293.1561007636,8056.29252266439,2244.8438549829193,2242.94471998322,1.89913499969935,124531.184689634,ra,4.0,4.0,0.0,1113.64,445.94883985074034,667.6911601492598,2605.1304544621044,569.7009040163302,2035.4295504457743,1771.1486122281667,403.17363149165953,1367.9749807365072,1
4.0,2.0,45.0,43.0,29499.9997821141,14928.9998128104,14570.9999693037,9965.39545782924,4949.37419030477,5016.02126752447,160563.715389321,ra,0.0,0.0,0.0,0.0,0.0,0.0,1813.7172844717704,403.17363149165953,1410.543652980111,3055.1863198172214,1019.7567693714471,2035.4295504457743,0
4.0,2.0,49.0,44.0,29501.2496709625,14929.6109247903,14571.6387461722,7771.39511709413,964.25344768502,6807.14166940911,167022.616706975,ra,0.0,0.0,0.0,0.0,0.0,0.0,1582.28032745991,1019.7567693714471,562.5235580884629,2550.4251883572624,1139.8815353771515,1410.543652980111,0
4.0,2.0,2.0,45.0,37135.979248738106,18661.9898553614,18473.9893933767,2580.11657231137,2580.11657231137,0.0,182066.45484822,link,0.0,0.0,0.0,0.0,0.0,0.0,1702.4050934656143,1139.8815353771515,562.5235580884629,2023.8308558110202,1461.3072977225575,562.5235580884629,0
5.0,2.0,1.0,46.0,68793.7826224039,33913.4453688065,34880.3372535974,3843.82209257494,0.0,3843.82209257494,0.0,link,0.0,0.0,0.0,0.0,0.0,0.0,1711.0470633666246,1106.8466535005102,604.2004098661145,2189.9027320154255,1106.8466535005102,1083.0560785149153,0
5.0,1.0,26.0,47.0,36003.5240013336,0.0,36003.5240013336,3895.94746693039,0.0,3895.94746693039,10624.4240384357,ra,0.0,0.0,0.0,0.0,0.0,0.0,118.8510663308602,0.0,118.8510663308602,604.2004098661145,0.0,604.2004098661145,0
5.0,0.0,27.0,48.0,32653.8009159093,32653.8009159093,0.0,4178.14177110393,4178.14177110393,0.0,12028.5386871855,ra,0.0,0.0,0.0,0.0,0.0,0.0,1106.8466535005102,1106.8466535005102,0.0,1627.351199061096,1627.351199061096,0.0,0
5.0,2.0,32.0,49.0,33127.6679782642,16315.8916479239,16811.7763303403,9152.20454584315,5870.83645283758,3281.36809300557,39273.393575652,ra,16.0,0.0,16.0,4454.560000000001,1698.912693361593,2755.6473066384087,4093.063297739917,1627.351199061096,2465.712098678821,778.6666356519632,659.815569321103,118.8510663308602,1
5.0,1.0,36.0,50.0,15728.3542233459,0.0,15728.3542233459,1275.7622080105,0.0,1275.7622080105,47330.3638647794,ra,0.0,0.0,0.0,0.0,0.0,0.0,2306.780194329289,0.0,2306.780194329289,2465.712098678821,0.0,2465.712098678821,0
5.0,0.0,39.0,51.0,16181.0369578104,16181.0369578104,0.0,2402.71193975453,2402.71193975453,0.0,54808.4650706048,ra,0.0,0.0,0.0,0.0,0.0,0.0,659.815569321103,659.815569321103,0.0,959.1406173518428,959.1406173518428,0.0,0
5.0,1.0,43.0,52.0,15425.0541977474,0.0,15425.0541977474,6550.91638851091,0.0,6550.91638851091,67696.5829264334,ra,0.0,0.0,0.0,0.0,0.0,0.0,1490.6801324813764,0.0,1490.6801324813764,2306.780194329289,0.0,2306.780194329289,0
5.0,0.0,44.0,53.0,16743.9409701348,16743.9409701348,0.0,2188.52376611744,2188.52376611744,0.0,67916.7177403682,ra,0.0,0.0,0.0,0.0,0.0,0.0,959.1406173518428,959.1406173518428,0.0,1231.7825310872213,1231.7825310872213,0.0,0
5.0,1.0,50.0,54.0,23926.8657512302,0.0,23926.8657512302,3865.03208223887,0.0,3865.03208223887,86150.6446371155,ra,0.0,0.0,0.0,0.0,0.0,0.0,1009.1821657402227,0.0,1009.1821657402227,1490.6801324813764,0.0,1490.6801324813764,0
5.0,0.0,51.0,55.0,23976.5917239922,23976.5917239922,0.0,3863.2104401925,3863.2104401925,0.0,86198.2118888899,ra,0.0,0.0,0.0,0.0,0.0,0.0,1231.7825310872213,1231.7825310872213,0.0,1713.0535613055226,1713.0535613055226,0.0,0
5.0,2.0,4.0,56.0,48295.9987384735,24204.9992554563,24090.9994830172,3849.65902876729,3849.65902876729,0.0,102115.051061861,link,0.0,0.0,0.0,0.0,0.0,0.0,2722.235727045745,1713.0535613055226,1009.1821657402227,3201.8185495315165,2192.636383791294,1009.1821657402227,0
6.0,2.0,0.0,57.0,17593.52882743976,9370.08985369332,8223.43897374644,3280.58897165935,0.0,3280.58897165935,0.0,link,0.0,0.0,0.0,0.0,0.0,0.0,0.0,0.0,0.0,408.6892129113786,0.0,408.6892129113786,0
6.0,0.0,34.0,58.0,9440.70012643683,9440.70012643683,0.0,115.627916160566,115.627916160566,0.0,1229.56192943354,ra,0.0,0.0,0.0,0.0,0.0,0.0,0.0,0.0,0.0,14.40469453945099,14.40469453945099,0.0,0
6.0,0.0,33.0,59.0,9685.7540713875,9685.7540713875,0.0,302.822447135245,302.822447135245,0.0,4398.31801694572,ra,0.0,0.0,0.0,0.0,0.0,0.0,14.40469453945099,14.40469453945099,0.0,52.12970935866555,52.12970935866555,0.0,0
6.0,1.0,38.0,60.0,13533.1360897293,0.0,13533.1360897293,3267.26796433001,0.0,3267.26796433001,19100.037855584,ra,6.0,0.0,6.0,1670.4599999999998,0.0,1670.4599999999998,1263.430291539696,0.0,1263.430291539696,0.0,0.0,0.0,1
6.0,0.0,37.0,61.0,14150.2103751211,14150.2103751211,0.0,1803.67381185194,1803.67381185194,0.0,19123.3135023805,ra,0.0,0.0,0.0,0.0,0.0,0.0,52.12970935866555,52.12970935866555,0.0,276.82778549155654,276.82778549155654,0.0,0
6.0,2.0,48.0,62.0,30972.8842403762,15986.2762154003,14986.6080249759,5468.1986435463505,3421.90944344568,2046.28920010067,42213.9465999939,ra,0.0,0.0,0.0,0.0,0.0,0.0,1285.3354610611113,276.82778549155654,1008.5076755695547,1966.5527116768285,703.1224201371324,1263.430291539696,0
6.0,2.0,3.0,63.0,43852.3829830634,22912.2538280909,20940.1291549725,3553.90060489654,3553.90060489654,0.0,60876.2242421798,link,0.0,0.0,0.0,0.0,0.0,0.0,1711.6300957066871,703.1224201371324,1008.5076755695547,2154.3679252634884,1145.8602496939334,1008.5076755695547,0
7.0,2.0,0.0,64.0,11819.72883309257,5668.99952865367,6150.7293044389,2312.63273856917,0.0,2312.63273856917,0.0,link,0.0,0.0,0.0,0.0,0.0,0.0,0.0,0.0,0.0,288.1031613054701,0.0,288.1031613054701,0
7.0,2.0,46.0,65.0,16750.43996107374,8281.7922636936,8468.64769738014,443.9117156207323,439.374363225034,4.53735239569832,6667.95544755655,ra,4.0,4.0,0.0,1113.1695162358508,54.73637942184829,1058.4331368140024,1057.8678825272511,0.0,1057.8678825272511,0.0,0.0,0.0,1
7.0,2.0,47.0,66.0,16803.00194301874,8309.64474409952,8493.35719891922,469.00809295789134,4.43822753361236,464.569865424279,6721.47492677825,ra,0.0,0.0,0.0,0.0,0.0,0.0,999.9926978324254,0.0,999.9926978324254,1058.4207880369336,0.5529055096823606,1057.8678825272511,0
7.0,2.0,2.0,67.0,31479.2646876848,14962.6751347339,16516.5895529509,2176.3869746183,2176.3869746183,0.0,25294.5418793567,link,0.0,0.0,0.0,0.0,0.0,0.0,1000.5456033421077,0.5529055096823606,999.9926978324254,1271.6755398661064,271.68284203368097,999.9926978324254,0
8.0,2.0,2.0,68.0,14782.3695846428,7482.84754160049,7299.52204304231,571.535173252439,0.0,571.535173252439,0.0,link,0.0,0.0,0.0,0.0,0.0,0.0,560.6063101482226,490.72541822420527,69.88089192401735,631.807018961665,490.72541822420527,141.0816007374597,0
8.0,2.0,52.0,69.0,9208.20636712835,4168.18387658208,5040.02249054627,1091.488655298786,530.547783523534,560.940871775252,9055.82449812222,ra,2.0,2.0,0.0,556.8200000000002,556.8200000000002,0.0,490.72541822420527,490.72541822420527,0.0,69.88089192401735,0.0,69.88089192401735,1
8.0,2.0,0.0,70.0,9708.89067456805,5120.67365793185,4588.2170166362,557.603815055505,557.603815055505,0.0,21173.6853058851,link,0.0,0.0,0.0,0.0,0.0,0.0,0.0,0.0,0.0,69.4651680719847,69.4651680719847,0.0,0
9.0,2.0,2.0,71.0,31818.42313617,16104.8835451968,15713.5395909732,3261.48259711826,0.0,3261.48259711826,0.0,link,0.0,0.0,0.0,0.0,0.0,0.0,1238.6779772632146,732.908511297809,505.76946596540563,1644.9869562470133,732.908511297809,912.0784449492043,0
9.0,2.0,55.0,72.0,36693.0558776816,18116.8086480647,18576.2472296169,5325.486521774041,2708.00089398014,2617.4856277939,15445.3717833973,ra,4.0,0.0,4.0,1113.6400000000003,1070.2658466680668,43.37415333193341,955.9710060558396,732.908511297809,223.06249475803048,505.76946596540563,0.0,505.76946596540563,1
9.0,2.0,7.0,73.0,31601.8542643027,15291.9117888883,16309.9424754144,3142.32996782434,3142.32996782434,0.0,33157.1268468838,link,0.0,0.0,0.0,0.0,0.0,0.0,223.06249475803048,0.0,223.06249475803048,614.5276774896511,391.46518273162064,223.06249475803048,0
10.0,2.0,3.0,74.0,31606.6695639389,16070.5474552074,15536.1221087315,43.8140689321546,0.0,43.8140689321546,0.0,link,0.0,0.0,0.0,0.0,0.0,0.0,1417.333668309312,1085.9628377092579,331.3708306000542,1422.791937388742,1085.9628377092579,336.82909967948416,0
10.0,2.0,53.0,75.0,20482.292071415,10386.9656808517,10095.3263905633,3859.97837178184,1960.6175793948,1899.36079238704,14793.4065314786,ra,7.0,0.0,7.0,1948.87,1330.2126545151034,618.6573454848965,1799.372445000216,1085.9628377092579,713.409607290958,331.3708306000542,0.0,331.3708306000542,1
10.0,2.0,4.0,76.0,20473.6189956967,10382.5344994114,10091.0844962853,45.079640330005,45.079640330005,0.0,15227.5355211014,link,0.0,0.0,0.0,0.0,0.0,0.0,713.409607290958,0.0,713.409607290958,719.0255387239894,5.6159314330313626,713.409607290958,0
11.0,2.0,3.0,77.0,48420.0541429227,24599.8231829302,23820.2309599925,1269.82131381751,0.0,1269.82131381751,0.0,link,0.0,0.0,0.0,0.0,0.0,0.0,2150.693518978416,848.5520773528891,1302.1414416255268,2308.8853186111733,848.5520773528891,1460.3332412582843,0
11.0,2.0,54.0,78.0,48814.9931722971,24295.4347117739,24519.5584605232,3388.4082292149897,1701.63127736504,1686.77695184995,6967.48714814497,ra,0.0,0.0,0.0,0.0,0.0,0.0,1940.558219870853,848.5520773528891,1092.0061425179638,2362.679340249998,1060.5378986244712,1302.1414416255268,0
11.0,1.0,56.0,79.0,22284.9266194441,0.0,22284.9266194441,1685.09443322027,0.0,1685.09443322027,14053.3882390507,ra,0.0,0.0,0.0,0.0,0.0,0.0,882.0804482162489,0.0,882.0804482162489,1092.0061425179638,0.0,1092.0061425179638,0
11.0,2.0,5.0,80.0,42919.8251598076,21285.3584845686,21634.466675239,2910.89526178855,2910.89526178855,0.0,19878.6900646546,link,0.0,0.0,0.0,0.0,0.0,0.0,1942.61834684072,1060.5378986244712,882.0804482162489,2305.251856763814,1423.171408547565,882.0804482162489,0
12.0,2.0,4.0,81.0,53131.6723320628,26537.1834811746,26594.4888508882,1562.32443000799,0.0,1562.32443000799,0.0,link,0.0,0.0,0.0,0.0,0.0,0.0,2642.853442758207,1287.0312381455967,1355.8222046126102,2837.4846955997423,1287.0312381455967,1550.4534574541456,0
12.0,0.0,58.0,82.0,22288.895823896,22288.895823896,0.0,3364.25769729557,3364.25769729557,0.0,13722.6357161214,ra,0.0,0.0,0.0,0.0,0.0,0.0,1287.0312381455967,1287.0312381455967,0.0,1706.1437335592843,1706.1437335592843,0.0,0
12.0,1.0,57.0,83.0,22492.6689728353,0.0,22492.6689728353,3393.5923031971,0.0,3393.5923031971,13775.3691799331,ra,0.0,0.0,0.0,0.0,0.0,0.0,933.0552626649217,0.0,933.0552626649217,1355.8222046126102,0.0,1355.8222046126102,0
12.0,2.0,5.0,84.0,44751.0771921405,22273.0392762582,22478.0379158823,1559.84087923299,1559.84087923299,0.0,20725.0958331826,link,0.0,0.0,0.0,0.0,0.0,0.0,2639.198996224206,1706.1437335592843,933.0552626649217,2833.520853277293,1900.4655906123717,933.0552626649217,0
13.0,2.0,4.0,85.0,25987.610544625597,13119.3784455626,12868.232099063,1205.38349046939,0.0,1205.38349046939,0.0,link,0.0,0.0,0.0,0.0,0.0,0.0,1245.5057147854664,1057.8341688416176,187.6715459438488,1395.669979261162,1057.8341688416176,337.8358104195445,0
13.0,2.0,59.0,86.0,13974.00634747334,7033.00411775856,6941.00222971478,6883.850493770729,3777.52597161839,3106.32452215234,36309.8952864744,ra,5.0,0.0,5.0,1392.0500000000002,476.0055462340049,916.0444537659953,1774.5704722307673,1057.8341688416176,716.7363033891498,1240.0967990437373,1052.4252530998886,187.6715459438488,1
13.0,1.0,63.0,87.0,7362.49465739319,0.0,7362.49465739319,661.497609325267,0.0,661.497609325267,54986.8926639146,ra,0.0,0.0,0.0,0.0,0.0,0.0,634.3282542146268,0.0,634.3282542146268,716.7363033891498,0.0,716.7363033891498,0
13.0,0.0,62.0,88.0,7963.31449008736,7963.31449008736,0.0,1395.608479293,1395.608479293,0.0,55258.2918559062,ra,0.0,0.0,0.0,0.0,0.0,0.0,1052.4252530998886,1052.4252530998886,0.0,1226.2873662332518,1226.2873662332518,0.0,0
13.0,2.0,70.0,89.0,20915.585370117602,10623.7234191176,10291.861951,6679.2986941238505,3389.00409366516,3290.29460045869,85720.8848871018,ra,0.0,0.0,0.0,0.0,0.0,0.0,1450.7172997119358,1226.2873662332518,224.42993347868398,2282.810972428497,1648.4827182138702,634.3282542146268,0
13.0,1.0,71.0,90.0,10312.6666929756,0.0,10312.6666929756,1325.87027770041,0.0,1325.87027770041,92148.0377185692,ra,0.0,0.0,0.0,0.0,0.0,0.0,59.25566602332228,0.0,59.25566602332228,224.42993347868398,0.0,224.42993347868398,0
13.0,0.0,75.0,91.0,10865.4133062023,10865.4133062023,0.0,2225.2267853651,2225.2267853651,0.0,106351.198252807,ra,0.0,0.0,0.0,0.0,0.0,0.0,1648.4827182138702,1648.4827182138702,0.0,1925.6970206810836,1925.6970206810836,0.0,0
13.0,2.0,80.0,92.0,21769.3135715549,10924.7717317326,10844.5418398223,5231.40590135432,1587.86020641778,3643.54569493654,121274.128299309,ra,11.0,0.0,11.0,3062.510000000001,2123.509469476198,939.000530523803,2470.0475816444045,1925.6970206810836,544.3505609633208,59.25566602332228,0.0,59.25566602332228,1
13.0,2.0,8.0,93.0,20326.8379673694,10049.6549230906,10277.1830442788,1199.97066882623,1199.97066882623,0.0,132616.969219855,link,0.0,0.0,0.0,0.0,0.0,0.0,544.3505609633208,0.0,544.3505609633208,693.840506944355,149.48994598103408,544.3505609633208,0
14.0,2.0,5.0,94.0,94497.8226477467,47019.266876753,47478.5557709937,936.342520757964,0.0,936.342520757964,0.0,link,0.0,0.0,0.0,0.0,0.0,0.0,4187.880851533011,2906.514909181382,1281.3659423516297,4304.528530083997,2906.514909181382,1398.0136209026155,0
14.0,0.0,61.0,95.0,46935.1899031602,46935.1899031602,0.0,2174.78874504217,2174.78874504217,0.0,4629.48262057162,ra,0.0,0.0,0.0,0.0,0.0,0.0,2906.514909181382,2906.514909181382,0.0,3177.4457414612452,3177.4457414612452,0.0,0
14.0,1.0,60.0,96.0,47664.7520038718,0.0,47664.7520038718,2204.32457448694,0.0,2204.32457448694,4633.73189838993,ra,6.0,0.0,6.0,1670.46,0.0,1670.46,2677.215595511195,0.0,2677.215595511195,1281.3659423516297,0.0,1281.3659423516297,1
14.0,2.0,6.0,97.0,94641.6911720278,46900.6207445268,47741.070427501,922.919420502059,922.919420502059,0.0,6596.60038925666,link,0.0,0.0,0.0,0.0,0.0,0.0,5854.66133697244,3177.4457414612452,2677.215595511195,5969.636792539745,3292.4211970285505,2677.215595511195,0
15.0,2.0,6.0,98.0,75207.4913410466,44538.3019109056,30669.189430141,1884.85015181653,0.0,1884.85015181653,0.0,link,0.0,0.0,0.0,0.0,0.0,0.0,4453.531118863,3641.835156723177,811.6959621398237,4688.341981076001,3641.835156723177,1046.5068243528233,0
15.0,1.0,64.0,99.0,16721.3274524539,0.0,16721.3274524539,6515.56424199958,0.0,6515.56424199958,25738.7432238461,ra,0.0,0.0,0.0,0.0,0.0,0.0,0.0,0.0,0.0,811.6959621398237,0.0,811.6959621398237,0
15.0,0.0,65.0,100.0,16271.068415411,16271.068415411,0.0,7891.47329091754,7891.47329091754,0.0,25740.9022185623,ra,17.0,17.0,0.0,4624.939116359102,4624.939116359102,0.0,3641.835156723177,3641.835156723177,0.0,0.0,0.0,0.0,1
15.0,2.0,0.0,101.0,10998.09198493645,5379.56194516866,5618.53003976779,1825.01257049708,1825.01257049708,0.0,48631.178555929,link,0.0,0.0,0.0,0.0,0.0,0.0,0.0,0.0,0.0,227.35641600738523,227.35641600738523,0.0,0
16.0,2.0,6.0,102.0,79740.5667298025,40135.9531021025,39604.6136277,2800.89558131599,0.0,2800.89558131599,0.0,link,0.0,0.0,0.0,0.0,0.0,0.0,5688.85496473525,2028.8311018057173,3660.0238629295327,6037.784934464434,2028.8311018057173,4008.9538326587162,0
16.0,1.0,66.0,103.0,29014.9759926702,0.0,29014.9759926702,4194.66206610603,0.0,4194.66206610603,12316.8385533337,ra,0.0,0.0,0.0,0.0,0.0,0.0,3137.461252058176,0.0,3137.461252058176,3660.0238629295327,0.0,3660.0238629295327,0
16.0,0.0,67.0,104.0,29278.0080852545,29278.0080852545,0.0,4585.78782260726,4585.78782260726,0.0,12575.9466885105,ra,0.0,0.0,0.0,0.0,0.0,0.0,2028.8311018057173,2028.8311018057173,0.0,2600.1193771704848,2600.1193771704848,0.0,0
16.0,0.0,72.0,105.0,28145.026567285,28145.026567285,0.0,3642.99524799985,3642.99524799985,0.0,25449.0803158335,ra,0.0,0.0,0.0,0.0,0.0,0.0,2600.1193771704848,2600.1193771704848,0.0,3053.95643917581,3053.95643917581,0.0,0
16.0,1.0,74.0,106.0,25731.8558288299,0.0,25731.8558288299,3150.32793358614,0.0,3150.32793358614,32933.7519739179,ra,0.0,0.0,0.0,0.0,0.0,0.0,2744.9996987478817,0.0,2744.9996987478817,3137.461252058176,0.0,3137.461252058176,0
16.0,0.0,76.0,107.0,25418.7221777421,25418.7221777421,0.0,6370.06870476076,6370.06870476076,0.0,49497.4689014342,ra,0.0,0.0,0.0,0.0,0.0,0.0,3053.95643917581,3053.95643917581,0.0,3847.526858277496,3847.526858277496,0.0,0
16.0,1.0,77.0,108.0,25469.3693020146,0.0,25469.3693020146,3629.48335037293,0.0,3629.48335037293,49565.5184208006,ra,0.0,0.0,0.0,0.0,0.0,0.0,2292.8459219251226,0.0,2292.8459219251226,2744.9996987478817,0.0,2744.9996987478817,0
16.0,1.0,82.0,109.0,26935.5497477119,0.0,26935.5497477119,4731.07688196937,0.0,4731.07688196937,67595.9687520987,ra,0.0,0.0,0.0,0.0,0.0,0.0,1703.4578261231425,0.0,1703.4578261231425,2292.8459219251226,0.0,2292.8459219251226,0
16.0,0.0,83.0,110.0,27462.4751098044,27462.4751098044,0.0,5057.1026374567,5057.1026374567,0.0,68666.0746432526,ra,5.0,5.0,0.0,1392.0500000000002,1392.0500000000002,0.0,3847.526858277496,3847.526858277496,0.0,3085.4805906465767,3085.4805906465767,0.0,1
16.0,1.0,86.0,111.0,27163.1527528195,0.0,27163.1527528195,4196.37690745412,0.0,4196.37690745412,81021.8926734055,ra,0.0,0.0,0.0,0.0,0.0,0.0,1180.681583746323,0.0,1180.681583746323,1703.4578261231425,0.0,1703.4578261231425,0
16.0,0.0,89.0,112.0,29187.9984476255,29187.9984476255,0.0,6653.92810326968,6653.92810326968,0.0,92123.379066016,ra,0.0,0.0,0.0,0.0,0.0,0.0,3085.4805906465767,3085.4805906465767,0.0,3914.413645895707,3914.413645895707,0.0,0
16.0,1.0,90.0,113.0,28376.9986665812,0.0,28376.9986665812,5601.68477510965,0.0,5601.68477510965,92203.5095301381,ra,0.0,0.0,0.0,0.0,0.0,0.0,482.834897832713,0.0,482.834897832713,1180.681583746323,0.0,1180.681583746323,0
16.0,2.0,94.0,114.0,71124.20344709541,35553.8279012094,35570.375545886,8755.2397188011,4299.63877333859,4455.60094546251,106046.116569043,ra,5.0,0.0,5.0,1392.0500000000002,35.44086107976595,1356.6091389202343,5198.787828064826,3914.413645895707,1284.3741821691185,4897.44808175363,4414.6131839209165,482.834897832713,1
16.0,2.0,12.0,115.0,71147.99996754559,35564.9999847632,35582.9999827824,2799.48715587504,2799.48715587504,0.0,113917.810760995,link,0.0,0.0,0.0,0.0,0.0,0.0,5698.987366090035,4414.6131839209165,1284.3741821691185,6047.741876994635,4763.367694825517,1284.3741821691185,0
18.0,2.0,7.0,118.0,26949.9999999978,13587.9999999988,13361.999999999,1262.35088868617,0.0,1262.35088868617,0.0,link,0.0,0.0,0.0,0.0,0.0,0.0,329.7811915609139,329.7811915609139,0.0,487.0423405716596,329.7811915609139,157.26114901074573,0
18.0,0.0,68.0,119.0,13587.9186189986,13587.9186189986,0.0,1673.78287195478,1673.78287195478,0.0,12318.1380453438,ra,0.0,0.0,0.0,0.0,0.0,0.0,329.7811915609139,329.7811915609139,0.0,538.2977141832964,538.2977141832964,0.0,0
18.0,1.0,69.0,120.0,13361.9322654755,0.0,13361.9322654755,3620.13302138755,0.0,3620.13302138755,12346.3056788137,ra,5.0,0.0,5.0,1392.0500000000002,0.0,1392.0500000000002,941.0610684615822,0.0,941.0610684615822,0.0,0.0,0.0,1
18.0,2.0,73.0,121.0,21133.145613699402,10354.0731302489,10779.0724834505,3099.0639764515,1773.46409345857,1325.59988299293,27186.3293839123,ra,4.0,4.0,0.0,1113.64,0.0,1113.64,2427.858200421386,538.2977141832964,1889.5604862380892,1700.2933924797603,759.2323240181781,941.0610684615822,1
18.0,2.0,81.0,122.0,17024.72901544851,8263.2955761644,8761.43343928411,10407.12701858784,5132.59342206241,5274.53359652543,76811.9776614867,ra,0.0,0.0,0.0,0.0,0.0,0.0,1991.701963868322,759.2323240181781,1232.469639850144,3288.2010335899586,1398.6405473518691,1889.5604862380892,0
18.0,0.0,84.0,123.0,7912.19781312535,7912.19781312535,0.0,1219.94777274037,1219.94777274037,0.0,91803.7907317536,ra,0.0,0.0,0.0,0.0,0.0,0.0,1398.6405473518691,1398.6405473518691,0.0,1550.619200984319,1550.619200984319,0.0,0
18.0,1.0,85.0,124.0,8875.83878859374,0.0,8875.83878859374,1785.78492380043,0.0,1785.78492380043,91872.4611970398,ra,0.0,0.0,0.0,0.0,0.0,0.0,1010.000125612934,0.0,1010.000125612934,1232.469639850144,0.0,1232.469639850144,0
18.0,2.0,92.0,125.0,47292.9371799686,22515.082655355,24777.8545246136,4754.45243720846,3104.7402940347,1649.71214317376,121334.732705969,ra,6.0,6.0,0.0,1670.46,887.3856513955092,783.0743486044908,3138.175835829443,1550.619200984319,1587.5566348451239,2060.0160115519984,1050.0158859390647,1010.000125612934,1
18.0,2.0,11.0,126.0,53098.002767233804,24816.3642256391,28281.6385415947,1125.0783643968,1125.0783643968,0.0,126075.531741563,link,0.0,0.0,0.0,0.0,0.0,0.0,2637.572520784189,1050.0158859390647,1587.5566348451239,2777.732533264013,1190.1758984188893,1587.5566348451239,0
19.0,2.0,7.0,127.0,19888.0,9830.0,10058.0,1832.522339,0.0,1832.522339,0.0,link,0.0,0.0,0.0,0.0,0.0,0.0,224.17461337136405,224.17461337136405,0.0,452.4665813193061,224.17461337136405,228.29196794794203,0
19.0,2.0,0.0,128.0,19888.0,9830.0,10058.0,1790.981765,1790.981765,0.0,18219.577121931,link,0.0,0.0,0.0,0.0,0.0,0.0,224.17461337136405,224.17461337136405,0.0,447.29153969153407,447.29153969153407,0.0,0
20.0,2.0,0.0,129.0,19481.0003447438,9701.00019990513,9780.00014483867,1585.94680206363,0.0,1585.94680206363,0.0,link,0.0,0.0,0.0,0.0,0.0,0.0,0.0,0.0,0.0,197.5740807074829,0.0,197.5740807074829,0
20.0,0.0,78.0,130.0,10133.9989103389,10133.9989103389,0.0,2201.81082897895,2201.81082897895,0.0,22308.8999344534,ra,1.0,1.0,0.0,274.29718945253967,274.29718945253967,0.0,0.0,0.0,0.0,0.0,0.0,0.0,1
20.0,1.0,79.0,131.0,10094.128472639,0.0,10094.128472639,2214.67932713437,0.0,2214.67932713437,22364.4498639692,ra,3.0,0.0,3.0,835.23,0.0,835.23,559.3296787842545,0.0,559.3296787842545,0.0,0.0,0.0,1
20.0,2.0,8.0,132.0,21962.979690817003,10983.9900500203,10978.9896407967,1594.24397947735,1594.24397947735,0.0,37253.2284842051,link,0.0,0.0,0.0,0.0,0.0,0.0,559.3296787842545,0.0,559.3296787842545,757.9374052595838,198.6077264753293,559.3296787842545,0
21.0,2.0,8.0,133.0,21649.000000000102,11074.0,10575.0000000001,371.58433599978,0.0,371.58433599978,0.0,link,0.0,0.0,0.0,0.0,0.0,0.0,892.5687123724726,404.8364473441013,487.73226502837133,938.8599457826533,404.8364473441013,534.023498438552,0
21.0,2.0,87.0,134.0,23288.9999999286,11776.9999999694,11511.9999999592,6542.5877927048805,3329.21173105459,3213.37606165029,29246.6421925882,ra,6.0,0.0,6.0,1670.4600000000005,241.51909730954083,1428.9409026904596,1921.1936520546622,404.8364473441013,1516.3572047105608,1065.7961540942506,578.0638890658792,487.73226502837133,1
21.0,2.0,10.0,135.0,23288.9999999998,11776.9999999999,11511.9999999999,380.138005999835,380.138005999835,0.0,32474.4736101551,link,0.0,0.0,0.0,0.0,0.0,0.0,2094.42109377644,578.0638890658792,1516.3572047105608,2141.7779262878876,625.4207215773266,1516.3572047105608,0
22.0,2.0,8.0,136.0,18089.34980232114,9293.63667702267,8795.71312529847,2541.60361777734,0.0,2541.60361777734,0.0,link,0.0,0.0,0.0,0.0,0.0,0.0,809.5741080752748,249.90324368698947,559.6708643882854,1126.2020035707403,249.90324368698947,876.2987598837508,0
22.0,2.0,9.0,137.0,22551.7599214391,11229.4921808602,11322.2677405789,2598.64030591273,2598.64030591273,0.0,25496.1440920557,link,0.0,0.0,0.0,0.0,0.0,0.0,809.5741080752748,249.90324368698947,559.6708643882854,1133.307520105271,573.6366557169855,559.6708643882854,0
24.0,2.0,9.0,140.0,25786.108144857702,12922.6073175015,12863.5008273562,310.22506737586,0.0,310.22506737586,0.0,link,0.0,0.0,0.0,0.0,0.0,0.0,1976.2826049031992,1435.0792188226806,541.2033860805186,2014.9298233467491,1435.0792188226806,579.8506045240686,0
24.0,0.0,88.0,141.0,12911.6129537198,12911.6129537198,0.0,904.521486357201,904.521486357201,0.0,7001.12487688288,ra,0.0,0.0,0.0,0.0,0.0,0.0,1435.0792188226806,1435.0792188226806,0.0,1547.762696550088,1547.762696550088,0.0,0
24.0,1.0,91.0,142.0,12797.6950404071,0.0,12797.6950404071,2112.95769776524,0.0,2112.95769776524,10447.761196687,ra,0.0,0.0,0.0,0.0,0.0,0.0,277.97534200832047,0.0,277.97534200832047,541.2033860805186,0.0,541.2033860805186,0
24.0,0.0,97.0,143.0,9570.73893282761,9570.73893282761,0.0,2755.77301226508,2755.77301226508,0.0,30840.5691895132,ra,0.0,0.0,0.0,0.0,0.0,0.0,1547.762696550088,1547.762696550088,0.0,1891.071386872047,1891.071386872047,0.0,0
24.0,1.0,98.0,144.0,9946.42620888775,0.0,9946.42620888775,2231.33572547577,0.0,2231.33572547577,30857.3340619152,ra,0.0,0.0,0.0,0.0,0.0,0.0,0.0,0.0,0.0,277.97534200832047,0.0,277.97534200832047,0
24.0,2.0,108.0,145.0,15887.70615160749,7870.70573058493,8017.00042102256,4501.986650504179,2168.3895853448,2333.59706515938,55766.1486133563,ra,11.0,11.0,0.0,3062.51,1859.6816677602665,1202.8283322397338,2803.1848639283553,1891.071386872047,912.1134770563085,301.5233568748651,301.5233568748651,0.0,1
24.0,2.0,114.0,146.0,28294.0206982518,14163.5504368669,14130.4702613849,3453.81695206723,2111.30760238217,1342.50934968506,76000.7341358558,ra,0.0,0.0,0.0,0.0,0.0,0.0,1046.3897041661082,301.5233568748651,744.8663472912431,1476.6593124207398,564.5458353644311,912.1134770563085,0
24.0,2.0,15.0,147.0,28738.6713502246,14383.3123439625,14355.3590062621,310.87767950128,310.87767950128,0.0,78175.474803374,link,0.0,0.0,0.0,0.0,0.0,0.0,1309.4121826556743,564.5458353644311,744.8663472912431,1348.1407022125845,603.2743549213416,744.8663472912431,0
25.0,2.0,9.0,148.0,18444.994544675952,9036.99752648209,9407.99701819386,3162.57397865205,0.0,3162.57397865205,0.0,link,0.0,0.0,0.0,0.0,0.0,0.0,1392.3486522944004,472.53648521850164,919.8121670758987,1786.3357934069156,472.53648521850164,1313.799308188414,0
25.0,2.0,10.0,149.0,19006.7279100321,9665.34291491844,9341.38499511366,3137.60809841466,3137.60809841466,0.0,35248.1726115327,link,0.0,0.0,0.0,0.0,0.0,0.0,1392.3486522944004,472.53648521850164,919.8121670758987,1783.225593978702,863.413426902803,919.8121670758987,0
26.0,2.0,10.0,150.0,39799.090315948604,19727.656489473,20071.4338264756,5432.50664953123,0.0,5432.50664953123,0.0,link,0.0,0.0,0.0,0.0,0.0,0.0,2537.2165982789093,1111.918087322874,1425.2985109560352,3213.9874116642104,1111.918087322874,2102.0693243413366,0
26.0,2.0,11.0,151.0,61239.0276416527,31319.7944712375,29919.2331704152,5527.09879983652,5527.09879983652,0.0,24120.7762535988,link,0.0,0.0,0.0,0.0,0.0,0.0,2537.2165982789093,1111.918087322874,1425.2985109560352,3225.7715125649434,1800.4730016089081,1425.2985109560352,0
27.0,2.0,11.0,152.0,68446.95855219441,33632.3321209786,34814.6264312158,4475.01586176286,0.0,4475.01586176286,0.0,link,0.0,0.0,0.0,0.0,0.0,0.0,3214.612967239962,1374.1569063627446,1840.4560608772172,3772.101493266656,1374.1569063627446,2397.944586903911,0
27.0,0.0,99.0,153.0,29715.9548515929,29715.9548515929,0.0,4959.0509597815,4959.0509597815,0.0,15398.2814879574,ra,0.0,0.0,0.0,0.0,0.0,0.0,1374.1569063627446,1374.1569063627446,0.0,1991.9455568304043,1991.9455568304043,0.0,0
27.0,1.0,100.0,154.0,27462.2259431798,0.0,27462.2259431798,4427.60002896918,0.0,4427.60002896918,15788.2300471589,ra,0.0,0.0,0.0,0.0,0.0,0.0,1288.8745044682946,0.0,1288.8745044682946,1840.4560608772172,0.0,1840.4560608772172,0
27.0,2.0,107.0,155.0,39803.000772140804,18775.2599855575,21027.7407865833,8521.51974910427,4077.761723511,4443.75802559327,32030.5850885025,ra,6.0,0.0,6.0,1670.46,1198.8793391130412,471.58066088695887,3198.806234873299,1991.9455568304043,1206.8606780428952,2589.9401221772114,1301.0656177089168,1288.8745044682946,1
27.0,0.0,111.0,156.0,14923.34787731,14923.34787731,0.0,3332.68370370798,3332.68370370798,0.0,51994.455333056,ra,0.0,0.0,0.0,0.0,0.0,0.0,1301.0656177089168,1301.0656177089168,0.0,1716.2446881494488,1716.2446881494488,0.0,0
27.0,1.0,110.0,157.0,16064.7865328213,0.0,16064.7865328213,3656.83050998601,0.0,3656.83050998601,52217.7859827402,ra,0.0,0.0,0.0,0.0,0.0,0.0,751.3000467698581,0.0,751.3000467698581,1206.8606780428952,0.0,1206.8606780428952,0
27.0,2.0,113.0,158.0,28115.7326932638,13396.479626617,14719.2530666468,8182.361978154309,4151.77442489818,4030.58755325613,80453.8359529617,ra,9.0,0.0,9.0,2505.6899999999996,1960.9907861102793,544.6992138897203,2510.121412599485,1716.2446881494488,793.8767244500362,1023.773703113993,272.47365634413484,751.3000467698581,1
27.0,0.0,115.0,159.0,16210.1141141057,16210.1141141057,0.0,2741.86480754644,2741.86480754644,0.0,99290.1862589441,ra,0.0,0.0,0.0,0.0,0.0,0.0,272.47365634413484,272.47365634413484,0.0,614.0496903386552,614.0496903386552,0.0,0
27.0,2.0,116.0,160.0,34177.789667498,16266.7915147338,17910.9981527642,6377.1162856009105,1294.98984691301,5082.1264386879,107271.26953268,ra,5.0,0.0,5.0,1392.0500000000002,502.9032791432494,889.1467208567508,1663.9519881665808,614.0496903386552,1049.9022978279256,1066.350380794171,272.47365634413484,793.8767244500362,1
27.0,2.0,15.0,161.0,39893.9999998457,18725.9999999336,21167.9999999121,3972.00678523747,3972.00678523747,0.0,128894.513137464,link,0.0,0.0,0.0,0.0,0.0,0.0,1322.3759541720606,272.47365634413484,1049.9022978279256,1817.200615463374,767.2983176354484,1049.9022978279256,0
28.0,2.0,11.0,162.0,61992.2787513973,31725.312247826,30266.9665035713,2390.70224064613,0.0,2390.70224064613,0.0,link,0.0,0.0,0.0,0.0,0.0,0.0,2472.8741706447,1873.1615781884345,599.7125924562656,2770.7030743799137,1873.1615781884345,897.5414961914792,0
28.0,0.0,93.0,163.0,30439.2241679383,30439.2241679383,0.0,1072.78335284043,1072.78335284043,0.0,3445.55910715547,ra,0.0,0.0,0.0,0.0,0.0,0.0,1873.1615781884345,1873.1615781884345,0.0,2006.8067827185894,2006.8067827185894,0.0,0
28.0,0.0,95.0,164.0,18498.9087746208,18498.9087746208,0.0,3967.26574657,3967.26574657,0.0,21968.3457181098,ra,9.0,9.0,0.0,2501.0408148947868,2501.0408148947868,0.0,2006.8067827185894,2006.8067827185894,0.0,0.0,0.0,0.0,1
28.0,1.0,96.0,165.0,17419.1863324911,0.0,17419.1863324911,4813.95264377551,0.0,4813.95264377551,22264.116411145,ra,0.0,0.0,0.0,0.0,0.0,0.0,0.0,0.0,0.0,599.7125924562656,0.0,599.7125924562656,0
28.0,2.0,0.0,166.0,16044.98321671642,8425.39921826346,7619.58399845296,2682.96218463007,2682.96218463007,0.0,40879.2796779836,link,0.0,0.0,0.0,0.0,0.0,0.0,0.0,0.0,0.0,334.2380630368449,334.2380630368449,0.0,0
30.0,2.0,12.0,169.0,31173.0077127878,15334.6891591729,15838.3185536149,1373.0223382835,0.0,1373.0223382835,0.0,link,0.0,0.0,0.0,0.0,0.0,0.0,2797.2917510214133,1873.7229423706,923.5688086508131,2968.3401278800948,1873.7229423706,1094.617185509495,0
30.0,0.0,101.0,170.0,15342.1685357064,15342.1685357064,0.0,288.700229956651,288.700229956651,0.0,1882.30501330568,ra,0.0,0.0,0.0,0.0,0.0,0.0,1873.7229423706,1873.7229423706,0.0,1909.6886396181399,1909.6886396181399,0.0,0
30.0,1.0,102.0,171.0,15008.3801891543,0.0,15008.3801891543,2426.9547057033,0.0,2426.9547057033,15325.3757236118,ra,0.0,0.0,0.0,0.0,0.0,0.0,621.2236453237074,0.0,621.2236453237074,923.5688086508131,0.0,923.5688086508131,0
30.0,0.0,103.0,172.0,14615.1043928834,14615.1043928834,0.0,2123.5391790608,2123.5391790608,0.0,15632.2115214018,ra,0.0,0.0,0.0,0.0,0.0,0.0,1909.6886396181399,1909.6886396181399,0.0,2174.234903467176,2174.234903467176,0.0,0
30.0,2.0,13.0,173.0,18934.3901725728,9143.1385769236,9791.2515956492,1268.11665537119,1268.11665537119,0.0,27311.5905726122,link,0.0,0.0,0.0,0.0,0.0,0.0,2795.4585487908835,2174.234903467176,621.2236453237074,2953.4379854837157,2332.2143401600083,621.2236453237074,0
31.0,2.0,12.0,174.0,61211.2617744492,30941.9007084376,30269.3610660116,584.87883138558,0.0,584.87883138558,0.0,link,0.0,0.0,0.0,0.0,0.0,0.0,4639.102074593471,3705.9264327225583,933.1756418709133,4711.965109649825,3705.9264327225583,1006.0386769272661,0
31.0,1.0,106.0,175.0,29780.0349085717,0.0,29780.0349085717,3637.7163502508,0.0,3637.7163502508,10173.7794302971,ra,0.0,0.0,0.0,0.0,0.0,0.0,479.99621438936913,0.0,479.99621438936913,933.1756418709133,0.0,933.1756418709133,0
31.0,0.0,105.0,176.0,30402.9541425937,30402.9541425937,0.0,3119.85205801169,3119.85205801169,0.0,10175.4293545811,ra,0.0,0.0,0.0,0.0,0.0,0.0,3705.9264327225583,3705.9264327225583,0.0,4094.591362405539,4094.591362405539,0.0,0
31.0,2.0,109.0,177.0,62402.9342497772,31525.7279110326,30877.2063387446,6816.57046321175,3762.41918739273,3054.15127581902,22337.1483709023,ra,17.0,17.0,0.0,4732.97,4254.137886916954,478.83211308304664,4672.939632238973,4094.591362405539,578.348269833434,789.1643474049663,309.16813301559716,479.99621438936913,1
31.0,2.0,14.0,178.0,62766.261417807,31611.057809806,31155.203608001,595.148026243029,595.148026243029,0.0,24222.213413882,link,0.0,0.0,0.0,0.0,0.0,0.0,887.5164028490311,309.16813301559716,578.348269833434,961.6587536623351,383.3104838289012,578.348269833434,0
32.0,2.0,13.0,179.0,24034.0,12223.0,11811.0,4986.62400523132,0.0,4986.62400523132,0.0,link,0.0,0.0,0.0,0.0,0.0,0.0,2332.2143401600083,2332.2143401600083,0.0,2953.4379854837157,2332.2143401600083,621.2236453237074,0
32.0,2.0,104.0,180.0,24034.0000000012,12223.0000000006,11811.0000000006,545.6198680000059,277.486546000003,268.133322000003,2270.21285318104,ra,12.0,0.0,12.0,3234.9791960716357,2149.1792608560772,1085.7999352155582,3384.61076238745,2332.2143401600083,1052.3964222274417,217.6037982315193,217.6037982315193,0.0,1
32.0,2.0,16.0,181.0,35472.0,17897.0,17575.0,5106.43524839964,5106.43524839964,0.0,35413.5690178666,link,0.0,0.0,0.0,0.0,0.0,0.0,1270.000220458961,217.6037982315193,1052.3964222274417,1906.1497108340914,853.7532886066497,1052.3964222274417,0
33.0,2.0,14.0,182.0,25491.3919282071,13297.3329457903,12194.0589824168,2901.96451332052,0.0,2901.96451332052,0.0,link,0.0,0.0,0.0,0.0,0.0,0.0,198.2266127197426,198.2266127197426,0.0,559.7475478601864,198.2266127197426,361.5209351404437,0
33.0,2.0,0.0,183.0,27433.9391849649,13761.9854531938,13671.9537317711,3014.56661334824,3014.56661334824,0.0,22213.6117866395,link,0.0,0.0,0.0,0.0,0.0,0.0,198.2266127197426,198.2266127197426,0.0,573.7752922774396,573.7752922774396,0.0,0
34.0,2.0,14.0,184.0,40290.9817282687,40289.5340857765,1.44764249220084,4807.99244961434,0.0,4807.99244961434,0.0,link,0.0,0.0,0.0,0.0,0.0,0.0,567.2266198042237,567.2266198042237,0.0,1166.196703192279,567.2266198042237,598.9700833880553,0
34.0,2.0,112.0,185.0,40084.6794214896,20069.2583308031,20015.4210906865,5879.593873458731,4738.49168603675,1141.10218742198,14615.9886216738,ra,5.0,5.0,0.0,1392.0500000000004,898.2340425619101,493.8159574380903,918.8863489376586,567.2266198042237,351.65972913343495,259.30439450539996,259.30439450539996,0.0,1
34.0,0.0,120.0,186.0,19233.9789959859,19233.9789959859,0.0,2388.18736449935,2388.18736449935,0.0,26934.1491638682,ra,2.0,2.0,0.0,556.82,556.82,0.0,259.30439450539996,259.30439450539996,0.0,0.0,0.0,0.0,1
34.0,2.0,20.0,187.0,42848.933143860995,20473.5804606555,22375.3526832055,2247.13462765847,2247.13462765847,0.0,38220.8594846279,link,0.0,0.0,0.0,0.0,0.0,0.0,351.65972913343495,0.0,351.65972913343495,631.6032667778718,279.9435376444369,351.65972913343495,0
35.0,2.0,0.0,188.0,13637.0,6766.0,6871.0,2412.0267595,0.0,2412.0267595,0.0,link,0.0,0.0,0.0,0.0,0.0,0.0,482.34708442719517,0.0,482.34708442719517,782.8325540721863,0.0,782.8325540721863,0
35.0,2.0,16.0,189.0,13637.0,6766.0,6871.0,2375.167087,2375.167087,0.0,35104.4629542217,link,0.0,0.0,0.0,0.0,0.0,0.0,482.34708442719517,0.0,482.34708442719517,778.2406497914811,295.89356536428596,482.34708442719517,0
36.0,2.0,15.0,190.0,63592.0,31158.0,32434.0,1263.515121,0.0,1263.515121,0.0,link,0.0,0.0,0.0,0.0,0.0,0.0,2351.010119083797,1042.110166632678,1308.8999524511187,2508.416305827735,1042.110166632678,1466.3061391950569,0
36.0,0.0,121.0,191.0,31158.0,31158.0,0.0,1862.749872,1862.749872,0.0,5978.40628225615,ra,4.0,4.0,0.0,1113.64,1113.64,0.0,1042.110166632678,1042.110166632678,0.0,160.52782018669407,160.52782018669407,0.0,1
36.0,1.0,122.0,192.0,32434.0,0.0,32434.0,2232.999815,0.0,2232.999815,6884.76410576914,ra,0.0,0.0,0.0,0.0,0.0,0.0,1030.7173014980488,0.0,1030.7173014980488,1308.8999524511187,0.0,1308.8999524511187,0
36.0,2.0,17.0,193.0,63592.0,31158.0,32434.0,1496.20716,1496.20716,0.0,10780.4149902554,link,0.0,0.0,0.0,0.0,0.0,0.0,1191.2451216847428,160.52782018669407,1030.7173014980488,1377.6396172632228,346.92231576517406,1030.7173014980488,0
37.0,2.0,16.0,194.0,61280.6441162145,31014.1744637331,30266.4696524814,3075.32200703344,0.0,3075.32200703344,0.0,link,0.0,0.0,0.0,0.0,0.0,0.0,1859.2157120360278,928.6182621722693,930.5974498637585,2242.3331770282393,928.6182621722693,1313.7149148559702,0
37.0,0.0,117.0,195.0,31188.9181978021,31188.9181978021,0.0,476.264669971773,476.264669971773,0.0,1531.60155183027,ra,2.0,2.0,0.0,556.82,556.82,0.0,928.6182621722693,928.6182621722693,0.0,431.13036222801276,431.13036222801276,0.0,1
37.0,2.0,18.0,196.0,64809.525076994905,32882.2900340846,31927.2350429103,2677.02300367325,2677.02300367325,0.0,9891.28354449013,link,0.0,0.0,0.0,0.0,0.0,0.0,1361.7278120917713,431.13036222801276,930.5974498637585,1695.2259838433774,764.6285339796189,930.5974498637585,0
38.0,2.0,17.0,197.0,73980.9084088181,36437.7364219997,37543.1719868184,8581.89596317837,0.0,8581.89596317837,0.0,link,0.0,0.0,0.0,0.0,0.0,0.0,594.5911805581443,594.5911805581443,0.0,1663.7066158589791,594.5911805581443,1069.1154353008349,0
38.0,1.0,118.0,198.0,38288.3848812199,0.0,38288.3848812199,3563.20063608103,0.0,3563.20063608103,5385.57294187173,ra,4.0,0.0,4.0,1090.791078067737,0.0,1090.791078067737,646.8946692260345,0.0,646.8946692260345,0.0,0.0,0.0,1
38.0,0.0,119.0,199.0,38355.5663129252,38355.5663129252,0.0,2619.00122524035,2619.00122524035,0.0,7097.78606046679,ra,0.0,0.0,0.0,0.0,0.0,0.0,594.5911805581443,594.5911805581443,0.0,920.8611151961364,920.8611151961364,0.0,0
38.0,1.0,123.0,200.0,41712.9401712972,0.0,41712.9401712972,2031.11145511135,0.0,2031.11145511135,14257.7141698898,ra,0.0,0.0,0.0,0.0,0.0,0.0,393.8628663711726,0.0,393.8628663711726,646.8946692260345,0.0,646.8946692260345,0
38.0,0.0,124.0,201.0,40728.8663078391,40728.8663078391,0.0,2848.88985060576,2848.88985060576,0.0,14300.5054996462,ra,2.0,2.0,0.0,556.82,556.82,0.0,920.8611151961364,920.8611151961364,0.0,718.9501150049009,718.9501150049009,0.0,1
38.0,2.0,22.0,202.0,105896.4428578996,51540.438437961,54356.0044199386,8230.02197998083,8230.02197998083,0.0,31585.4341675124,link,0.0,0.0,0.0,0.0,0.0,0.0,1112.8129813760734,718.9501150049009,393.8628663711726,2138.0926595981255,1744.2297932269528,393.8628663711726,0
39.0,2.0,17.0,203.0,25562.2788538132,12328.3002896388,13233.9785641744,1988.33296352279,0.0,1988.33296352279,0.0,link,0.0,0.0,0.0,0.0,0.0,0.0,653.4700786181496,345.9509457788538,307.5191328392958,901.1726225478917,345.9509457788538,555.2216767690379,0
39.0,2.0,24.0,204.0,21529.4529436522,10591.5844792127,10937.8684644395,1897.36879079567,1897.36879079567,0.0,17071.729881247,link,0.0,0.0,0.0,0.0,0.0,0.0,653.4700786181496,345.9509457788538,307.5191328392958,889.8404878378926,582.3213549985968,307.5191328392958,0
40.0,2.0,18.0,205.0,25932.8384078479,12821.1458632264,13111.6925446215,1674.79594495223,0.0,1674.79594495223,0.0,link,0.0,0.0,0.0,0.0,0.0,0.0,735.9655713268522,504.27116714133996,231.69440418551227,944.6083005571111,504.27116714133996,440.3371334157712,0
40.0,2.0,26.0,206.0,22387.8945153677,11334.7070106569,11053.1875047108,1671.62669728314,1671.62669728314,0.0,13785.5992106443,link,0.0,0.0,0.0,0.0,0.0,0.0,735.9655713268522,504.27116714133996,231.69440418551227,944.2134820209913,712.519077835479,231.69440418551227,0
41.0,2.0,18.0,207.0,65100.0643805413,32409.6776559215,32690.3867246198,8031.94834387227,0.0,8031.94834387227,0.0,link,0.0,0.0,0.0,0.0,0.0,0.0,770.7011111732112,770.7011111732112,0.0,1771.3051719561308,770.7011111732112,1000.6040607829196,0
41.0,1.0,126.0,208.0,33015.8306660751,0.0,33015.8306660751,515.744798385718,0.0,515.744798385718,1570.62189366782,ra,4.0,0.0,4.0,1066.3833234261551,0.0,1066.3833234261551,1002.132867932859,0.0,1002.132867932859,0.0,0.0,0.0,1
41.0,0.0,125.0,209.0,32828.8089278736,32828.8089278736,0.0,517.979810454405,517.979810454405,0.0,1588.99980042748,ra,3.0,3.0,0.0,835.23,835.23,0.0,770.7011111732112,770.7011111732112,0.0,0.0,0.0,0.0,1
41.0,2.0,25.0,210.0,107717.843361102,52411.8634929897,55305.9798681123,8019.3953752296,8019.3953752296,0.0,19664.6825171201,link,0.0,0.0,0.0,0.0,0.0,0.0,1002.132867932859,0.0,1002.132867932859,2001.1731049882121,999.0402370553531,1002.132867932859,0
42.0,2.0,0.0,211.0,64323.0,34358.0,29965.0,292.1437675,0.0,292.1437675,0.0,link,0.0,0.0,0.0,0.0,0.0,0.0,735.7118826976266,0.0,735.7118826976266,772.1065689652416,0.0,772.1065689652416,0
42.0,2.0,21.0,212.0,64323.0,34358.0,29965.0,334.973321,334.973321,0.0,974.993087217836,link,0.0,0.0,0.0,0.0,0.0,0.0,735.7118826976266,0.0,735.7118826976266,777.4421890811647,41.730306383538,735.7118826976266,0
43.0,2.0,20.0,213.0,150198.49863614672,75767.4489434685,74431.0496926782,256.538715958994,0.0,256.538715958994,0.0,link,0.0,0.0,0.0,0.0,0.0,0.0,1290.0839745852647,1290.0839745852647,0.0,1322.0430547420042,1290.0839745852647,31.959080156739553,0
43.0,2.0,127.0,214.0,143910.6207571261,71622.8655725805,72287.7551845456,14695.55070776022,7361.67405319568,7333.87665456454,10005.6920912667,ra,19.0,19.0,0.0,5289.789999999999,2207.1866047842764,3082.603395215723,3459.0476839286466,1290.0839745852647,2168.963709343382,0.0,0.0,0.0,1
43.0,2.0,22.0,215.0,143835.3128743358,71573.2272359724,72262.0856383634,254.135111440735,254.135111440735,0.0,10360.6755425037,link,0.0,0.0,0.0,0.0,0.0,0.0,2168.963709343382,0.0,2168.963709343382,2200.623353256446,31.659643913063885,2168.963709343382,0
44.0,2.0,20.0,216.0,153959.0,74263.0,79696.0,3498.6544,0.0,3498.6544,0.0,link,0.0,0.0,0.0,0.0,0.0,0.0,1469.0258163986723,228.58110430838894,1240.4447120902832,1904.8811842418722,228.58110430838894,1676.3000799334832,0
44.0,2.0,21.0,217.0,153959.0,74263.0,79696.0,3260.1457,3260.1457,0.0,4390.04714603225,link,0.0,0.0,0.0,0.0,0.0,0.0,1469.0258163986723,228.58110430838894,1240.4447120902832,1875.1682474132722,634.7235353229889,1240.4447120902832,0
45.0,2.0,20.0,218.0,62196.7600253059,32348.664026557,29848.0959987489,1778.43165752251,0.0,1778.43165752251,0.0,link,0.0,0.0,0.0,0.0,0.0,0.0,342.23078411485494,342.23078411485494,0.0,563.7842431456943,342.23078411485494,221.5534590308393,0
45.0,2.0,129.0,219.0,59803.760630072604,31496.7732925594,28306.9873375132,6019.40155695864,3144.57563370826,2874.82592325038,9849.37897275001,ra,4.0,0.0,4.0,1113.64,521.0331513039218,592.6068486960783,576.6975689442475,342.23078411485494,234.46678482939248,212.9425761070407,212.9425761070407,0.0,1
45.0,2.0,27.0,220.0,59265.8366310976,31619.7156039958,27646.1210271018,2008.7677610147,2008.7677610147,0.0,16227.5537304541,link,0.0,0.0,0.0,0.0,0.0,0.0,447.4093609364332,212.9425761070407,234.46678482939248,697.6576310681226,463.19084623873005,234.46678482939248,0
46.0,2.0,21.0,221.0,122056.3633115633,58092.1447118619,63964.2185997014,6279.26064472807,0.0,6279.26064472807,0.0,link,0.0,0.0,0.0,0.0,0.0,0.0,1390.3335444709667,436.4442619942587,953.889282476708,2172.5912770699,436.4442619942587,1736.1470150756415,0
46.0,2.0,23.0,222.0,131872.7061463396,62497.919354533,69374.7867918066,5678.0443937591,5678.0443937591,0.0,9404.55520736285,link,0.0,0.0,0.0,0.0,0.0,0.0,1390.3335444709667,436.4442619942587,953.889282476708,2097.6929589566876,1143.8036764799797,953.889282476708,0
47.0,2.0,22.0,223.0,38579.2955378498,18952.692150841,19626.6033870088,1763.21916642734,0.0,1763.21916642734,0.0,link,0.0,0.0,0.0,0.0,0.0,0.0,1242.7809193920273,337.7510490663371,905.0298703256901,1462.4392367072126,337.7510490663371,1124.6881876408754,0
47.0,2.0,128.0,224.0,35162.6248298969,17399.4597199651,17763.1651099318,7435.63799543393,3663.38542984375,3772.25256559018,19815.1127809066,ra,3.0,0.0,3.0,835.23,794.1282791454119,41.10172085458821,813.9429601305219,337.7510490663371,476.19191106418486,905.0298703256901,0.0,905.0298703256901,1
47.0,2.0,28.0,225.0,35062.119983040204,16961.1414488018,18100.9785342384,1675.65153554322,1675.65153554322,0.0,29618.3313222541,link,0.0,0.0,0.0,0.0,0.0,0.0,476.19191106418486,0.0,476.19191106418486,684.9412280590881,208.74931699490324,476.19191106418486,0
48.0,2.0,24.0,226.0,16009.99993438885,7856.99996682075,8152.9999675681,2252.38793848172,0.0,2252.38793848172,0.0,link,0.0,0.0,0.0,0.0,0.0,0.0,346.7089301478791,346.7089301478791,0.0,627.3069147480549,346.7089301478791,280.5979846001758,0
48.0,2.0,0.0,227.0,10228.9496360124,5180.36917753558,5048.58045847682,2203.40390841478,2203.40390841478,0.0,34790.8303429051,link,0.0,0.0,0.0,0.0,0.0,0.0,346.7089301478791,346.7089301478791,0.0,621.2045822503756,621.2045822503756,0.0,0
50.0,2.0,23.0,230.0,167288.29083468,89420.7692084569,77867.5216262231,2077.52908786604,0.0,2077.52908786604,0.0,link,0.0,0.0,0.0,0.0,0.0,0.0,2011.1658538123452,1244.608577580199,766.5572762321463,2269.980272520521,1244.608577580199,1025.3716949403217,0
50.0,2.0,25.0,231.0,167733.1420677742,89424.5683491475,78308.5737186267,2379.09007339684,2379.09007339684,0.0,2660.51340881896,link,0.0,0.0,0.0,0.0,0.0,0.0,2011.1658538123452,1244.608577580199,766.5572762321463,2307.5481369759764,1540.9908607438304,766.5572762321463,0
51.0,2.0,23.0,232.0,68004.42841151671,33685.4721908872,34318.9562206295,2606.49863917702,0.0,2606.49863917702,0.0,link,0.0,0.0,0.0,0.0,0.0,0.0,999.0094051250121,647.1996519799009,351.80975314511124,1323.7217925964069,647.1996519799009,676.5221406165061,0
51.0,0.0,130.0,233.0,33100.9959033154,33100.9959033154,0.0,783.162954686691,783.162954686691,0.0,2344.99727996629,ra,3.0,3.0,0.0,744.7645265488593,744.7645265488593,0.0,647.1996519799009,647.1996519799009,0.0,0.0,0.0,0.0,1
51.0,2.0,27.0,234.0,64426.2356563276,31754.4889250316,32671.746731296,1762.79400434887,1762.79400434887,0.0,7784.58868214326,link,0.0,0.0,0.0,0.0,0.0,0.0,351.80975314511124,0.0,351.80975314511124,571.4151046188847,219.6053514737735,351.80975314511124,0
53.0,2.0,24.0,237.0,26623.0,13216.0,13407.0,1301.2096815,0.0,1301.2096815,0.0,link,0.0,0.0,0.0,0.0,0.0,0.0,671.5893140449207,521.1913451792127,150.39796886570798,833.6914137468277,521.1913451792127,312.50006856761496,0
53.0,2.0,28.0,238.0,26623.0,13216.0,13407.0,1282.672272,1282.672272,0.0,9705.48649135397,link,0.0,0.0,0.0,0.0,0.0,0.0,671.5893140449207,521.1913451792127,150.39796886570798,831.3820603461367,680.9840914804287,150.39796886570798,0
54.0,2.0,25.0,239.0,63790.743083652196,33602.5555376766,30188.1875459756,914.669079332492,0.0,914.669079332492,0.0,link,0.0,0.0,0.0,0.0,0.0,0.0,885.2885981992614,885.2885981992614,0.0,999.2362427643445,885.2885981992614,113.94764456508318,0
54.0,2.0,131.0,240.0,33762.4415586177,17029.2127372484,16733.2288213693,7185.4180023402205,3714.28097177565,3471.13703056457,14118.0595783865,ra,8.0,0.0,8.0,2192.608650038704,1149.749837701918,1042.858812336786,1495.7201015423743,885.2885981992614,610.4315033431128,198.25645539921027,198.25645539921027,0.0,1
54.0,2.0,26.0,241.0,32484.7744574449,16371.3543459377,16113.4201115072,929.571492526024,929.571492526024,0.0,19751.6727385701,link,0.0,0.0,0.0,0.0,0.0,0.0,808.6879587423231,198.25645539921027,610.4315033431128,924.4921161382301,314.06061279511727,610.4315033431128,0
55.0,2.0,26.0,242.0,35611.1999360093,17306.4999689679,18304.6999670414,3651.95402706089,0.0,3651.95402706089,0.0,link,0.0,0.0,0.0,0.0,0.0,0.0,639.4069118851627,639.4069118851627,0.0,1094.3600406683543,639.4069118851627,454.9531287831916,0
55.0,2.0,132.0,243.0,34335.6700861098,16687.9002306099,17647.7698554999,3806.71617873812,1850.01487529755,1956.70130344057,10714.2329169781,ra,4.0,4.0,0.0,1113.6400000000003,869.8780650199809,243.7619349800193,639.4069118851627,639.4069118851627,0.0,0.0,0.0,0.0,1
55.0,2.0,0.0,244.0,9015.00027880696,4116.00014201232,4899.00013679464,3382.27393180499,3382.27393180499,0.0,47911.3668726574,link,0.0,0.0,0.0,0.0,0.0,0.0,0.0,0.0,0.0,421.356921876402,421.356921876402,0.0,0
56.0,2.0,27.0,245.0,67553.5172847849,34432.267085203,33121.2501995819,2367.02370971695,0.0,2367.02370971695,0.0,link,0.0,0.0,0.0,0.0,0.0,0.0,391.3987394471181,391.3987394471181,0.0,686.2778191562363,391.3987394471181,294.8790797091183,0
56.0,1.0,134.0,246.0,28345.0537807391,0.0,28345.0537807391,1429.46120190489,0.0,1429.46120190489,14670.9425066938,ra,2.0,0.0,2.0,556.82,0.0,556.82,378.74058238909265,0.0,378.74058238909265,0.0,0.0,0.0,1
56.0,0.0,133.0,247.0,28758.648000424,28758.648000424,0.0,4635.2223561875,4635.2223561875,0.0,14715.488271793,ra,0.0,0.0,0.0,0.0,0.0,0.0,391.3987394471181,391.3987394471181,0.0,968.8454701362444,968.8454701362444,0.0,0
56.0,2.0,135.0,248.0,47006.1040822862,24072.8864014428,22933.2176808434,5972.33806438385,1468.70673835056,4503.63132603329,20490.1826432686,ra,4.0,4.0,0.0,1113.6400000000003,536.4475239662744,577.1924760337258,1363.7251452244877,968.8454701362444,394.8796750882433,994.1070766092988,615.3664942202062,378.74058238909265,1
56.0,2.0,29.0,249.0,45237.3265637856,23422.054813021,21815.2717507646,2510.31569035993,2510.31569035993,0.0,31051.5111500156,link,0.0,0.0,0.0,0.0,0.0,0.0,1010.2461693084495,615.3664942202062,394.8796750882433,1322.976277382109,928.0966022938657,394.8796750882433,0
57.0,2.0,28.0,250.0,21608.0,10785.0,10823.0,664.304917,0.0,664.304917,0.0,link,0.0,0.0,0.0,0.0,0.0,0.0,345.90130649546506,345.90130649546506,0.0,428.6590844454911,345.90130649546506,82.757777950026,0
57.0,2.0,0.0,251.0,21608.0,10785.0,10823.0,661.972515,661.972515,0.0,6137.90628624439,link,0.0,0.0,0.0,0.0,0.0,0.0,345.90130649546506,345.90130649546506,0.0,428.368518469135,428.368518469135,0.0,0
59.0,2.0,29.0,254.0,41763.642422810604,21836.3114479028,19927.3309749078,64.1922987606669,0.0,64.1922987606669,0.0,link,0.0,0.0,0.0,0.0,0.0,0.0,1202.3365110629597,732.8081294606716,469.52838160228805,1210.333459257966,732.8081294606716,477.52532979729443,0
59.0,0.0,137.0,255.0,11226.9471972143,11226.9471972143,0.0,4281.44265472418,4281.44265472418,0.0,25939.71611319,ra,5.0,5.0,0.0,1266.1816925009007,1266.1816925009007,0.0,732.8081294606716,732.8081294606716,0.0,0.0,0.0,0.0,1
59.0,1.0,138.0,256.0,8142.41876965786,0.0,8142.41876965786,3768.95103150065,0.0,3768.95103150065,26235.4919576393,ra,0.0,0.0,0.0,0.0,0.0,0.0,0.0,0.0,0.0,469.52838160228805,0.0,469.52838160228805,0
59.0,2.0,0.0,257.0,19030.16772086208,11064.8956674036,7965.27205345848,121.795390046012,121.795390046012,0.0,27032.7504548799,link,0.0,0.0,0.0,0.0,0.0,0.0,0.0,0.0,0.0,15.173026101152082,15.173026101152082,0.0,0
60.0,2.0,29.0,258.0,15204.99963875321,7325.99983936264,7878.99979939057,589.761879951074,0.0,589.761879951074,0.0,link,0.0,0.0,0.0,0.0,0.0,0.0,351.40548302279,351.40548302279,0.0,424.8768385033349,351.40548302279,73.4713554805449,0
60.0,2.0,136.0,259.0,13825.298552554461,6712.48148642337,7112.81706613109,1621.703087201606,781.773481624616,839.92960557699,10738.6315701673,ra,2.0,2.0,0.0,553.4340102201917,448.7972598166214,104.63675040357026,351.40548302279,351.40548302279,0.0,0.0,0.0,0.0,1
60.0,2.0,0.0,260.0,9900.0011340695,4967.00050429217,4933.00062977733,588.144298822839,588.144298822839,0.0,22135.2935483001,link,0.0,0.0,0.0,0.0,0.0,0.0,0.0,0.0,0.0,73.26984045875164,73.26984045875164,0.0,0
