Time of calculation: 20220121-151852; value of objective: 26019000.0;  acc=2400;  cfix=40000;  cvar=127000;  eta=0.23070000000000002;  mu=0.18;  i=
segment_id,dir,type_ID,POI_ID,traffic_flow,traffic_flow_0,traffic_flow_1,energy_demand,energy_demand_0,energy_demand_1,dist_along_segment,pois_type,pYi_dir,pYi_dir_0,pYi_dir_1,pE_charged,pE_charged_0,pE_charged_1,pE_input,pE_input_0,pE_input_1,pE_output,pE_output_0,pE_output_1,pXi
0.0,2.0,0.0,0.0,26540.636112053,13243.0239038645,13297.6122081885,4423.92123143818,0.0,4423.92123143818,0.0,link,0.0,0.0,0.0,0.0,0.0,0.0,0.0,0.0,0.0,457.43230511118765,0.0,457.43230511118765,0
0.0,2.0,1.0,1.0,26594.7769799282,13269.4415749127,13325.3354050155,810.003976920776,31.774775427221,778.229201493555,239.715824101164,ra,1.0,1.0,0.0,315.13,0.0,315.13,234.6613029051588,0.0,234.6613029051588,3.28550351773304,3.28550351773304,0.0,1
0.0,2.0,0.0,2.0,45891.0713847726,24132.5354848012,21758.5358999714,10453.07839190074,5371.86342144895,5081.21497045179,24427.462160298,ra,4.0,0.0,4.0,1260.5199999999998,0.0,1260.5199999999998,973.0704995940689,3.28550351773304,969.7849960763359,793.3960875162236,558.7347846110648,234.6613029051588,1
0.0,1.0,2.0,3.0,5594.60627343411,0.0,5594.60627343411,2065.98540498995,0.0,2065.98540498995,68504.6013106114,ra,4.0,0.0,4.0,1260.52,0.0,1260.52,2016.6826423565801,0.0,2016.6826423565801,969.7849960763359,0.0,969.7849960763359,1
0.0,0.0,3.0,4.0,4553.08388931748,4553.08388931748,0.0,7187.4483251383,7187.4483251383,0.0,79329.1374904099,ra,4.0,4.0,0.0,1260.52,1260.52,0.0,558.7347846110648,558.7347846110648,0.0,41.395072693800444,41.395072693800444,0.0,1
0.0,2.0,4.0,5.0,7895.539602766939,4645.32330643337,3250.21629633357,2342.9750495919798,1038.66179081139,1304.31325878059,104473.71241617,ra,0.0,0.0,-0.0,0.0,0.0,0.0,1923.212063213915,41.395072693800444,1881.8169905201144,2165.475074168213,148.79243181163253,2016.6826423565801,0
0.0,2.0,5.0,6.0,19815.36822147166,9562.72950758806,10252.6387138836,7959.02626511719,2076.95503589247,5882.07122922472,133409.21035476,ra,0.0,0.0,-0.0,0.0,0.0,0.0,1422.4047865684304,148.79243181163253,1273.612354756798,2245.366033034719,363.5490425146046,1881.8169905201144,0
0.0,2.0,6.0,7.0,38420.413170467305,19234.6634945469,19185.7496759204,10291.73164091456,4957.10120865155,5334.63043226301,173065.413799776,ra,3.0,0.0,3.0,945.39,764.6650142344397,180.72498576556032,1266.28698334488,363.5490425146046,902.7379408302754,1385.059359165219,111.44700440842095,1273.612354756798,1
0.0,1.0,7.0,8.0,21229.4573799075,0.0,21229.4573799075,31.9071906889248,0.0,31.9071906889248,176940.22069629,ra,0.0,0.0,-0.0,0.0,0.0,0.0,899.4387456089103,0.0,899.4387456089103,902.7379408302754,0.0,902.7379408302754,0
0.0,2.0,0.0,9.0,50605.7308716768,25638.9023938735,24966.8284778033,5210.17855174236,5210.17855174236,0.0,194059.964946131,link,0.0,0.0,0.0,0.0,0.0,0.0,1010.8857500173311,111.44700440842095,899.4387456089102,1549.6168576210675,650.1781120121574,899.4387456089103,0
1.0,2.0,0.0,10.0,41635.2696746832,21021.6267553003,20613.6429193829,39.7761865009555,0.0,39.7761865009555,0.0,link,0.0,0.0,0.0,0.0,0.0,0.0,1339.1286235510015,863.0165954417442,476.1120281092573,1343.2414708933918,863.0165954417442,480.2248754516476,0
1.0,2.0,8.0,11.0,39859.9435983602,20128.7100274165,19731.2335709437,2276.328443367862,1715.72731424055,560.601129127312,8218.21591932416,ra,3.0,0.0,3.0,945.3899999999979,888.1005098253394,57.28949017465855,1338.4521027301896,863.0165954417442,475.43550728844536,628.4338719290331,152.32184381977584,476.1120281092573,1
1.0,0.0,9.0,12.0,15021.9786197919,15021.9786197919,0.0,1426.84265640488,1426.84265640488,0.0,16747.0640478161,ra,0.0,-0.0,0.0,0.0,0.0,0.0,152.32184381977584,152.32184381977584,0.0,299.85700351294975,299.85700351294975,0.0,0
1.0,2.0,10.0,13.0,29629.2702066633,14994.1517039878,14635.1185026755,191.32891529796441,24.7111120586864,166.617803239278,16911.7407621753,ra,0.0,0.0,-0.0,0.0,0.0,0.0,758.0642732670826,299.85700351294975,458.2072697541329,777.8476333633726,302.4121260749272,475.43550728844536,0
1.0,2.0,14.0,14.0,23126.816645439998,11846.3351177034,11280.4815277366,2715.58896866506,1386.75954291372,1328.82942575134,27721.2649615329,ra,0.0,0.0,-0.0,0.0,0.0,0.0,623.2187787020222,302.4121260749272,320.806652627095,904.0099720088575,445.80270225472464,458.2072697541329,0
1.0,1.0,13.0,15.0,11337.2619320883,0.0,11337.2619320883,1420.24853693026,0.0,1420.24853693026,29194.6309655969,ra,0.0,0.0,-0.0,0.0,0.0,0.0,173.95332317312568,0.0,173.95332317312568,320.806652627095,0.0,320.806652627095,0
1.0,0.0,12.0,16.0,11885.5265358471,11885.5265358471,0.0,208.504810997731,208.504810997731,0.0,29478.4736802298,ra,0.0,-0.0,0.0,0.0,0.0,0.0,445.80270225472464,445.80270225472464,0.0,467.36204550063917,467.36204550063917,0.0,0
1.0,0.0,15.0,17.0,11960.1701828351,11960.1701828351,0.0,465.471180470787,465.471180470787,0.0,33381.7233696118,ra,0.0,-0.0,0.0,0.0,0.0,0.0,467.36204550063917,467.36204550063917,0.0,515.4916445388117,515.4916445388117,0.0,0
1.0,2.0,16.0,18.0,23460.935326572,11970.3853891252,11490.5499374468,1768.668281716874,86.3301716488441,1682.33811006803,34103.2604930604,ra,2.0,0.0,2.0,524.4181618414575,524.4181618414575,0.0,515.4916445388117,515.4916445388117,0.0,173.95332317312568,0.0,173.95332317312568,1
1.0,2.0,0.0,19.0,23472.9532848191,11974.8809399587,11498.0723448604,41.4313703808343,41.4313703808343,0.0,34449.3464575004,link,0.0,0.0,0.0,0.0,0.0,0.0,0.0,0.0,0.0,4.283992925221968,4.283992925221968,0.0,0
2.0,2.0,0.0,20.0,68929.1689525749,33758.8137930879,35170.355159487,2037.30449092795,0.0,2037.30449092795,0.0,link,0.0,0.0,0.0,0.0,0.0,0.0,1723.7429256937075,651.1736633848203,1072.5692623088873,1934.39968035649,651.1736633848203,1283.2260169716697,0
2.0,1.0,11.0,21.0,34398.2821383792,0.0,34398.2821383792,0.177994253383828,0.0,0.177994253383828,2598.41164546074,ra,0.0,0.0,-0.0,0.0,0.0,0.0,1072.550857749366,0.0,1072.550857749366,1072.5692623088873,0.0,1072.5692623088873,0
2.0,0.0,17.0,22.0,24285.974119979,24285.974119979,0.0,5629.75346622784,5629.75346622784,0.0,19826.0309188716,ra,0.0,-0.0,0.0,0.0,0.0,0.0,651.1736633848203,651.1736633848203,0.0,1233.2887080568782,1233.2887080568782,0.0,0
2.0,1.0,18.0,23.0,24186.0911430872,0.0,24186.0911430872,4128.06929715106,0.0,4128.06929715106,19924.5544753991,ra,0.0,0.0,-0.0,0.0,0.0,0.0,645.7095657219637,0.0,645.7095657219637,1072.550857749366,0.0,1072.550857749366,0
2.0,0.0,19.0,24.0,24395.8043620461,24395.8043620461,0.0,1107.94961707917,1107.94961707917,0.0,24376.283905319,ra,0.0,-0.0,0.0,0.0,0.0,0.0,1233.2887080568782,1233.2887080568782,0.0,1347.8504103959638,1347.8504103959638,0.0,0
2.0,0.0,20.0,25.0,18382.7449604955,18382.7449604955,0.0,3193.59583085962,3193.59583085962,0.0,38424.0480859037,ra,0.0,-0.0,0.0,0.0,0.0,0.0,1347.8504103959638,1347.8504103959638,0.0,1678.0673889719326,1678.0673889719326,0.0,0
2.0,1.0,21.0,26.0,18491.6133654888,0.0,18491.6133654888,4453.99249618843,0.0,4453.99249618843,38987.6806255175,ra,0.0,0.0,-0.0,0.0,0.0,0.0,185.1678996541291,0.0,185.1678996541291,645.7095657219637,0.0,645.7095657219637,0
2.0,2.0,22.0,27.0,37060.499514109295,18323.8494067353,18736.650107374,9037.685965220891,4162.99183164668,4874.69413357421,60686.5331745626,ra,4.0,4.0,0.0,1260.52,848.0176611108712,412.50233888912885,1771.6955215240919,1678.0673889719326,93.62813255215931,1445.6699005295807,1260.5020008754516,185.1678996541291,1
2.0,2.0,23.0,28.0,37058.9029265594,18323.1127403572,18735.7901862022,905.670862196634,0.17407320896991,905.496788987664,60687.5223097686,ra,4.0,0.0,4.0,1260.52,1260.52,0.0,1260.5020008754516,1260.5020008754516,0.0,93.62813255215931,0.0,93.62813255215931,1
2.0,2.0,0.0,29.0,23931.6001633626,12393.9415716933,11537.6585916693,2066.87595360883,2066.87595360883,0.0,74788.4585560346,link,0.0,0.0,0.0,0.0,0.0,0.0,0.0,0.0,0.0,213.71443621540507,213.71443621540507,0.0,0
3.0,2.0,0.0,30.0,27844.0,14880.0,12964.0,276.638796,0.0,276.638796,0.0,link,0.0,0.0,0.0,0.0,0.0,0.0,0.0,0.0,0.0,28.604379580313044,0.0,28.604379580313044,0
3.0,0.0,24.0,31.0,14880.0,14880.0,0.0,43.31568,43.31568,0.0,291.139117483826,ra,0.0,-0.0,0.0,0.0,0.0,0.0,0.0,0.0,0.0,4.4788300499232,4.4788300499232,0.0,0
3.0,1.0,25.0,32.0,12964.0,0.0,12964.0,50.78647,0.0,50.78647,391.789662717657,ra,3.0,0.0,3.0,945.3900000000001,0.0,945.3900000000001,940.1386922064823,0.0,940.1386922064823,0.0,0.0,0.0,1
3.0,2.0,1.0,33.0,27844.0,14880.0,12964.0,332.50104,332.50104,0.0,2525.71464164925,link,0.0,0.0,0.0,0.0,0.0,0.0,944.6175222564056,4.4788300499232,940.1386922064823,978.9980433421351,38.8593511356528,940.1386922064823,0
4.0,2.0,1.0,34.0,59761.3086274698,30037.3419745759,29723.9666528939,2541.48042300009,0.0,2541.48042300009,0.0,link,0.0,0.0,0.0,0.0,0.0,0.0,2380.0683133240163,1367.557761045839,1012.5105522781771,2642.8567282773156,1367.557761045839,1275.2989672314764,0
4.0,1.0,29.0,35.0,19741.1962074672,0.0,19741.1962074672,941.130780889781,0.0,941.130780889781,27421.918402147,ra,2.0,0.0,2.0,630.26,0.0,630.26,1545.4578742281767,0.0,1545.4578742281767,1012.5105522781771,0.0,1012.5105522781771,1
4.0,0.0,28.0,36.0,20188.7740020659,20188.7740020659,0.0,6913.40781708113,6913.40781708113,0.0,27456.2755376563,ra,0.0,-0.0,0.0,0.0,0.0,0.0,1367.557761045839,1367.557761045839,0.0,2082.402331845996,2082.402331845996,0.0,0
4.0,2.0,31.0,37.0,24242.04672144007,16011.0814154375,8230.96530600257,10336.618270691579,5459.80728965386,4876.81098103772,57952.4364496481,ra,0.0,0.0,-0.0,0.0,0.0,0.0,3123.5992186057274,2082.402331845996,1041.1968867597313,4192.402860274487,2646.9449860463096,1545.4578742281767,0
4.0,2.0,30.0,38.0,24222.43641462717,16010.6884723873,8211.74794223987,2097.1816748164297,3.69851459408978,2093.48316022234,57975.5602403068,ra,6.0,6.0,0.0,1873.7831105989922,1234.2291866731473,639.5539239258447,4111.230182270518,2646.9449860463096,1464.2851962242078,2454.295111580309,1413.0982248205773,1041.1968867597313,1
4.0,2.0,35.0,39.0,21337.9057816767,10925.6060783794,10412.2997032973,4724.82145770061,2596.38509090262,2128.43636679799,78476.4553474238,ra,0.0,-0.0,0.0,0.0,0.0,0.0,2657.3036541113283,1413.0982248205773,1244.205429290751,3145.848964383992,1681.5637681597846,1464.2851962242078,0
4.0,0.0,40.0,40.0,10876.9999980846,10876.9999980846,0.0,1976.66074396654,1976.66074396654,0.0,96645.2667353262,ra,0.0,-0.0,0.0,0.0,0.0,0.0,1681.5637681597846,1681.5637681597846,0.0,1885.9499751541314,1885.9499751541314,0.0,0
4.0,1.0,41.0,41.0,10239.998724531,0.0,10239.998724531,1817.26058482465,0.0,1817.26058482465,99246.7072366671,ra,0.0,0.0,-0.0,0.0,0.0,0.0,1056.3011573076342,0.0,1056.3011573076342,1244.205429290751,0.0,1244.205429290751,0
4.0,2.0,42.0,42.0,15349.44862342799,7293.1561007636,8056.29252266439,2244.8438549829193,2242.94471998322,1.89913499969935,124531.184689634,ra,5.0,5.0,0.0,1575.6499999999999,928.5302886566906,647.1197113433093,3589.1744737398813,1885.9499751541314,1703.2244985857496,2245.640744685712,1189.339587378078,1056.3011573076342,1
4.0,2.0,45.0,43.0,29499.9997821141,14928.9998128104,14570.9999693037,9965.39545782924,4949.37419030477,5016.02126752447,160563.715389321,ra,0.0,-0.0,0.0,0.0,0.0,0.0,2373.908791067327,1189.339587378078,1184.5692036892492,3404.328090404051,1701.1035918183018,1703.2244985857496,0
4.0,2.0,49.0,44.0,29501.2496709625,14929.6109247903,14571.6387461722,7771.39511709413,964.25344768502,6807.14166940911,167022.616706975,ra,0.0,0.0,0.0,0.0,0.0,0.0,2181.816116747483,1701.1035918183018,480.71252492918126,2985.3763512922856,1800.8071476030364,1184.5692036892492,0
4.0,2.0,2.0,45.0,37135.979248738106,18661.9898553614,18473.9893933767,2580.11657231137,2580.11657231137,0.0,182066.45484822,link,0.0,0.0,0.0,0.0,0.0,0.0,2281.5196725322176,1800.8071476030364,480.71252492918126,2548.3030552789046,2067.5905303497234,480.71252492918126,0
5.0,2.0,1.0,46.0,68793.7826224039,33913.4453688065,34880.3372535974,3843.82209257494,0.0,3843.82209257494,0.0,link,0.0,0.0,0.0,0.0,0.0,0.0,2473.709354923805,938.8107125085589,1534.8986424152465,2871.1595599023103,938.8107125085589,1932.3488473937512,0
5.0,1.0,26.0,47.0,36003.5240013336,0.0,36003.5240013336,3895.94746693039,0.0,3895.94746693039,10624.4240384357,ra,0.0,0.0,-0.0,0.0,0.0,0.0,1132.0586872809856,0.0,1132.0586872809856,1534.8986424152465,0.0,1534.8986424152465,0
5.0,0.0,27.0,48.0,32653.8009159093,32653.8009159093,0.0,4178.14177110393,4178.14177110393,0.0,12028.5386871855,ra,0.0,-0.0,0.0,0.0,0.0,0.0,938.8107125085589,938.8107125085589,0.0,1370.829485323845,1370.829485323845,0.0,0
5.0,2.0,32.0,49.0,33127.6679782642,16315.8916479239,16811.7763303403,9152.20454584315,5870.83645283758,3281.36809300557,39273.393575652,ra,9.0,0.0,9.0,2836.17,1370.829485323845,1465.3405146761554,3628.936079619914,1370.829485323845,2258.106594296069,1739.1016500869137,607.042962805928,1132.0586872809856,1
5.0,1.0,36.0,50.0,15728.3542233459,0.0,15728.3542233459,1275.7622080105,0.0,1275.7622080105,47330.3638647794,ra,0.0,0.0,0.0,1.1102230246251565e-16,0.0,1.1102230246251565e-16,2126.1931136859575,0.0,2126.1931136859575,2258.106594296069,0.0,2258.106594296069,0
5.0,0.0,39.0,51.0,16181.0369578104,16181.0369578104,0.0,2402.71193975453,2402.71193975453,0.0,54808.4650706048,ra,0.0,-0.0,0.0,0.0,0.0,0.0,607.042962805928,607.042962805928,0.0,855.4827526714421,855.4827526714421,0.0,0
5.0,1.0,43.0,52.0,15425.0541977474,0.0,15425.0541977474,6550.91638851091,0.0,6550.91638851091,67696.5829264334,ra,0.0,0.0,-0.0,0.0,0.0,0.0,1448.8300623521905,0.0,1448.8300623521905,2126.1931136859575,0.0,2126.1931136859575,0
5.0,0.0,44.0,53.0,16743.9409701348,16743.9409701348,0.0,2188.52376611744,2188.52376611744,0.0,67916.7177403682,ra,0.0,-0.0,0.0,0.0,0.0,0.0,855.4827526714421,855.4827526714421,0.0,1081.7755410718062,1081.7755410718062,0.0,0
5.0,1.0,50.0,54.0,23926.8657512302,0.0,23926.8657512302,3865.03208223887,0.0,3865.03208223887,86150.6446371155,ra,0.0,0.0,0.0,0.0,0.0,0.0,1049.1867499570328,0.0,1049.1867499570328,1448.8300623521905,0.0,1448.8300623521905,0
5.0,0.0,51.0,55.0,23976.5917239922,23976.5917239922,0.0,3863.2104401925,3863.2104401925,0.0,86198.2118888899,ra,0.0,-0.0,0.0,0.0,0.0,0.0,1081.7755410718062,1081.7755410718062,0.0,1481.2304961529962,1481.2304961529962,0.0,0
5.0,2.0,4.0,56.0,48295.9987384735,24204.9992554563,24090.9994830172,3849.65902876729,3849.65902876729,0.0,102115.051061861,link,0.0,0.0,0.0,0.0,0.0,0.0,2530.417246110029,1481.2304961529962,1049.1867499570328,2928.4709887732197,1879.2842388161866,1049.1867499570328,0
6.0,2.0,0.0,57.0,17593.52882743976,9370.08985369332,8223.43897374644,3280.58897165935,0.0,3280.58897165935,0.0,link,0.0,0.0,0.0,0.0,0.0,0.0,0.0,0.0,0.0,339.2120467164442,0.0,339.2120467164442,0
6.0,0.0,34.0,58.0,9440.70012643683,9440.70012643683,0.0,115.627916160566,115.627916160566,0.0,1229.56192943354,ra,0.0,-0.0,0.0,0.0,0.0,0.0,0.0,0.0,0.0,11.95589646774432,11.95589646774432,0.0,0
6.0,0.0,33.0,59.0,9685.7540713875,9685.7540713875,0.0,302.822447135245,302.822447135245,0.0,4398.31801694572,ra,0.0,-0.0,0.0,0.0,0.0,0.0,11.95589646774432,11.95589646774432,0.0,43.2676587676924,43.2676587676924,0.0,0
6.0,1.0,38.0,60.0,13533.1360897293,0.0,13533.1360897293,3267.26796433001,0.0,3267.26796433001,19100.037855584,ra,5.0,0.0,5.0,1512.4317269964015,0.0,1512.4317269964015,1174.597068974349,0.0,1174.597068974349,0.0,0.0,0.0,1
6.0,0.0,37.0,61.0,14150.2103751211,14150.2103751211,0.0,1803.67381185194,1803.67381185194,0.0,19123.3135023805,ra,0.0,-0.0,0.0,0.0,0.0,0.0,43.2676587676924,43.2676587676924,0.0,229.76706195799193,229.76706195799193,0.0,0
6.0,2.0,48.0,62.0,30972.8842403762,15986.2762154003,14986.6080249759,5468.1986435463505,3421.90944344568,2046.28920010067,42213.9465999939,ra,0.0,0.0,-0.0,1.021405182655144e-14,0.0,1.021405182655144e-14,1192.7783596771237,229.76706195799193,963.0112977191318,1758.1886776881688,583.5916087138199,1174.597068974349,0
6.0,2.0,3.0,63.0,43852.3829830634,22912.2538280909,20940.1291549725,3553.90060489654,3553.90060489654,0.0,60876.2242421798,link,0.0,0.0,0.0,0.0,0.0,0.0,1546.6029064329518,583.5916087138199,963.0112977191318,1914.0753049650966,951.0640072459648,963.0112977191318,0
7.0,2.0,0.0,64.0,11819.72883309257,5668.99952865367,6150.7293044389,2312.63273856917,0.0,2312.63273856917,0.0,link,0.0,0.0,0.0,0.0,0.0,0.0,0.0,0.0,0.0,239.1256238835402,0.0,239.1256238835402,0
7.0,2.0,46.0,65.0,16750.43996107374,8281.7922636936,8468.64769738014,443.9117156207323,439.374363225034,4.53735239569832,6667.95544755655,ra,4.0,4.0,0.0,1260.5199999999995,26.581154617719694,1233.9388453822799,1233.4696843242764,0.0,1233.4696843242764,18.85004030241439,18.85004030241439,0.0,1
7.0,2.0,47.0,66.0,16803.00194301874,8309.64474409952,8493.35719891922,469.00809295789134,4.43822753361236,464.569865424279,6721.47492677825,ra,0.0,0.0,-0.0,1.4155343563970746e-14,-5.551115123125783e-17,1.4210854715202004e-14,1204.2833213299855,18.85004030241439,1185.4332810275712,1252.778636199727,19.308951875450745,1233.4696843242764,0
7.0,2.0,2.0,67.0,31479.2646876848,14962.6751347339,16516.5895529509,2176.3869746183,2176.3869746183,0.0,25294.5418793567,link,0.0,0.0,0.0,0.0,0.0,0.0,1204.7422329030219,19.308951875450745,1185.4332810275712,1429.7800802179408,244.34679919036955,1185.4332810275712,0
8.0,2.0,2.0,68.0,14782.3695846428,7482.84754160049,7299.52204304231,571.535173252439,0.0,571.535173252439,0.0,link,0.0,0.0,0.0,0.0,0.0,0.0,633.4026374230247,575.4014971260902,58.001140296934395,692.4992257381818,575.4014971260902,117.09772861209154,0
8.0,2.0,52.0,69.0,9208.20636712835,4168.18387658208,5040.02249054627,1091.488655298786,530.547783523534,560.940871775252,9055.82449812222,ra,2.0,2.0,0.0,630.2599999999999,630.2599999999999,0.0,575.4014971260902,575.4014971260902,0.0,58.001140296934395,0.0,58.001140296934395,1
8.0,2.0,0.0,70.0,9708.89067456805,5120.67365793185,4588.2170166362,557.603815055505,557.603815055505,0.0,21173.6853058851,link,0.0,0.0,0.0,0.0,0.0,0.0,0.0,0.0,0.0,57.6560894997473,57.6560894997473,0.0,0
9.0,2.0,2.0,71.0,31818.42313617,16104.8835451968,15713.5395909732,3261.48259711826,0.0,3261.48259711826,0.0,link,0.0,0.0,0.0,0.0,0.0,0.0,1389.9943303503037,957.3592689880991,432.63506136220457,1727.2307829068563,957.3592689880991,769.8715139187574,0
9.0,2.0,55.0,72.0,36693.0558776816,18116.8086480647,18576.2472296169,5325.486521774041,2708.00089398014,2617.4856277939,15445.3717833973,ra,4.0,0.0,4.0,1260.52,1237.3658573454131,23.154142654586806,1142.5011396372643,957.3592689880991,185.1418706491653,432.63506136220457,0.0,432.63506136220457,1
9.0,2.0,7.0,73.0,31601.8542643027,15291.9117888883,16309.9424754144,3142.32996782434,3142.32996782434,0.0,33157.1268468838,link,0.0,0.0,0.0,0.0,0.0,0.0,185.1418706491653,0.0,185.1418706491653,510.0579723164104,324.91610166724513,185.1418706491653,0
10.0,2.0,3.0,74.0,31606.6695639389,16070.5474552074,15536.1221087315,43.8140689321546,0.0,43.8140689321546,0.0,link,0.0,0.0,0.0,0.0,0.0,0.0,1160.852170101271,1055.1139243030748,105.73824579819632,1165.382533437198,1055.1139243030748,110.26860913412318,0
10.0,2.0,53.0,75.0,20482.292071415,10386.9656808517,10095.3263905633,3859.97837178184,1960.6175793948,1899.36079238704,14793.4065314786,ra,6.0,0.0,6.0,1890.7800000000002,1251.7895593114235,638.9904406885767,1603.4491986908338,1055.1139243030748,548.3352743877591,111.78995873869934,6.051712940503016,105.73824579819632,1
10.0,2.0,4.0,76.0,20473.6189956967,10382.5344994114,10091.0844962853,45.079640330005,45.079640330005,0.0,15227.5355211014,link,0.0,0.0,0.0,0.0,0.0,0.0,554.3869873282621,6.051712940503016,548.3352743877591,559.0482104176782,10.712936029919048,548.3352743877591,0
11.0,2.0,3.0,77.0,48420.0541429227,24599.8231829302,23820.2309599925,1269.82131381751,0.0,1269.82131381751,0.0,link,0.0,0.0,0.0,0.0,0.0,0.0,2051.246353264889,612.8764706589798,1438.369882605909,2182.5455469600774,612.8764706589798,1569.669076301098,0
11.0,2.0,54.0,78.0,48814.9931722971,24295.4347117739,24519.5584605232,3388.4082292149897,1701.63127736504,1686.77695184995,6967.48714814497,ra,0.0,0.0,-0.0,2.842170943040401e-14,2.842170943040401e-14,0.0,1876.8340550056112,612.8764706589798,1263.9575843466314,2227.1945849203016,788.8247023143927,1438.369882605909,0
11.0,1.0,56.0,79.0,22284.9266194441,0.0,22284.9266194441,1685.09443322027,0.0,1685.09443322027,14053.3882390507,ra,0.0,0.0,-0.0,0.0,0.0,0.0,1089.7192580762085,0.0,1089.7192580762085,1263.9575843466314,0.0,1263.9575843466314,0
11.0,2.0,5.0,80.0,42919.8251598076,21285.3584845686,21634.466675239,2910.89526178855,2910.89526178855,0.0,19878.6900646546,link,0.0,0.0,0.0,0.0,0.0,0.0,1878.5439603906011,788.8247023143927,1089.7192580762085,2179.5297736267694,1089.810515550561,1089.7192580762085,0
12.0,2.0,4.0,81.0,53131.6723320628,26537.1834811746,26594.4888508882,1562.32443000799,0.0,1562.32443000799,0.0,link,0.0,0.0,0.0,0.0,0.0,0.0,2551.179335642112,1082.9137692151935,1468.2655664269187,2712.7232755005866,1082.9137692151935,1629.8095062853931,0
12.0,0.0,58.0,82.0,22288.895823896,22288.895823896,0.0,3364.25769729557,3364.25769729557,0.0,13722.6357161214,ra,0.0,-0.0,0.0,1.6910449648764227e-14,1.6910449648764227e-14,0.0,1082.9137692151935,1082.9137692151935,0.0,1430.7771404085543,1430.7771404085543,0.0,0
12.0,1.0,57.0,83.0,22492.6689728353,0.0,22492.6689728353,3393.5923031971,0.0,3393.5923031971,13775.3691799331,ra,0.0,0.0,-0.0,-7.247535904753022e-15,0.0,-7.247535904753022e-15,1117.3690046103377,0.0,1117.3690046103377,1468.2655664269187,0.0,1468.2655664269187,0
12.0,2.0,5.0,84.0,44751.0771921405,22273.0392762582,22478.0379158823,1559.84087923299,1559.84087923299,0.0,20725.0958331826,link,0.0,0.0,0.0,0.0,0.0,0.0,2548.1461450188917,1430.7771404085543,1117.3690046103377,2709.433286372954,1592.0642817626167,1117.3690046103377,0
13.0,2.0,4.0,85.0,25987.610544625597,13119.3784455626,12868.232099063,1205.38349046939,0.0,1205.38349046939,0.0,link,0.0,0.0,0.0,0.0,0.0,0.0,1083.9887087620784,1015.5900279472243,68.39868081485419,1208.6250482769058,1015.5900279472243,193.03502032968157,0
13.0,2.0,59.0,86.0,13974.00634747334,7033.00411775856,6941.00222971478,6883.850493770729,3777.52597161839,3106.32452215234,36309.8952864744,ra,4.0,0.0,4.0,1260.5199999999998,437.16525667406927,823.3547433259305,1586.1503041418327,1015.5900279472243,570.5602761946085,1037.418655396598,969.0199745817439,68.39868081485419,1
13.0,1.0,63.0,87.0,7362.49465739319,0.0,7362.49465739319,661.497609325267,0.0,661.497609325267,54986.8926639146,ra,0.0,0.0,-0.0,0.0,0.0,0.0,502.1615953797543,0.0,502.1615953797543,570.5602761946085,0.0,570.5602761946085,0
13.0,0.0,62.0,88.0,7963.31449008736,7963.31449008736,0.0,1395.608479293,1395.608479293,0.0,55258.2918559062,ra,0.0,-0.0,0.0,0.0,0.0,0.0,969.0199745817439,969.0199745817439,0.0,1113.3255284824356,1113.3255284824356,0.0,0
13.0,2.0,70.0,89.0,20915.585370117602,10623.7234191176,10291.861951,6679.2986941238505,3389.00409366516,3290.29460045869,85720.8848871018,ra,0.0,0.0,-0.0,0.0,0.0,0.0,1275.2715176513575,1113.3255284824356,161.94598916892184,1965.9092660061033,1463.747670626349,502.1615953797543,0
13.0,1.0,71.0,90.0,10312.6666929756,0.0,10312.6666929756,1325.87027770041,0.0,1325.87027770041,92148.0377185692,ra,0.0,0.0,-0.0,0.0,0.0,0.0,24.85134718097163,0.0,24.85134718097163,161.94598916892184,0.0,161.94598916892184,0
13.0,0.0,75.0,91.0,10865.4133062023,10865.4133062023,0.0,2225.2267853651,2225.2267853651,0.0,106351.198252807,ra,0.0,-0.0,0.0,0.0,0.0,0.0,1463.747670626349,1463.747670626349,0.0,1693.835541674136,1693.835541674136,0.0,0
13.0,2.0,80.0,92.0,21769.3135715549,10924.7717317326,10844.5418398223,5231.40590135432,1587.86020641778,3643.54569493654,121274.128299309,ra,8.0,0.0,8.0,2494.04339916044,1802.2789756300494,691.7644235303906,2033.7096348509406,1693.835541674136,339.87409317680454,80.59224572500293,55.740898544031296,24.85134718097163,1
13.0,2.0,8.0,93.0,20326.8379673694,10049.6549230906,10277.1830442788,1199.97066882623,1199.97066882623,0.0,132616.969219855,link,0.0,0.0,0.0,0.0,0.0,0.0,395.61499172083586,55.740898544031296,339.87409317680454,519.6916468850941,179.81755370828958,339.87409317680454,0
14.0,2.0,5.0,94.0,94497.8226477467,47019.266876753,47478.5557709937,936.342520757964,0.0,936.342520757964,0.0,link,0.0,0.0,0.0,0.0,0.0,0.0,4158.232739706111,2364.91842376503,1793.3143159410808,4255.05031290343,2364.91842376503,1890.1318891383992,0
14.0,0.0,61.0,95.0,46935.1899031602,46935.1899031602,0.0,2174.78874504217,2174.78874504217,0.0,4629.48262057162,ra,0.0,-0.0,0.0,5.684341886080802e-14,5.684341886080802e-14,0.0,2364.91842376503,2364.91842376503,0.0,2589.791014557317,2589.791014557317,0.0,0
14.0,1.0,60.0,96.0,47664.7520038718,0.0,47664.7520038718,2204.32457448694,0.0,2204.32457448694,4633.73189838993,ra,3.0,0.0,3.0,945.3899999999999,0.0,945.3899999999999,2510.77772806352,0.0,2510.77772806352,1793.3143159410808,0.0,1793.3143159410808,1
14.0,2.0,6.0,97.0,94641.6911720278,46900.6207445268,47741.070427501,922.919420502059,922.919420502059,0.0,6596.60038925666,link,0.0,0.0,0.0,0.0,0.0,0.0,5100.568742620837,2589.791014557317,2510.77772806352,5195.9983707417005,2685.2206426781804,2510.77772806352,0
15.0,2.0,6.0,98.0,75207.4913410466,44538.3019109056,30669.189430141,1884.85015181653,0.0,1884.85015181653,0.0,link,0.0,0.0,0.0,0.0,0.0,0.0,3954.4213620782352,3280.7137135021817,673.7076485760537,4149.314377715025,3280.7137135021817,868.6006642128434,0
15.0,1.0,64.0,99.0,16721.3274524539,0.0,16721.3274524539,6515.56424199958,0.0,6515.56424199958,25738.7432238461,ra,0.0,0.0,-0.0,0.0,0.0,0.0,0.0,0.0,0.0,673.7076485760537,0.0,673.7076485760537,0
15.0,0.0,65.0,100.0,16271.068415411,16271.068415411,0.0,7891.47329091754,7891.47329091754,0.0,25740.9022185623,ra,13.0,13.0,0.0,4096.69,4096.69,0.0,3280.7137135021817,3280.7137135021817,0.0,0.0,0.0,0.0,1
15.0,2.0,0.0,101.0,10998.09198493645,5379.56194516866,5618.53003976779,1825.01257049708,1825.01257049708,0.0,48631.178555929,link,0.0,0.0,0.0,0.0,0.0,0.0,0.0,0.0,0.0,188.70582528612974,188.70582528612974,0.0,0
16.0,2.0,6.0,102.0,79740.5667298025,40135.9531021025,39604.6136277,2800.89558131599,0.0,2800.89558131599,0.0,link,0.0,0.0,0.0,0.0,0.0,0.0,5271.27827499276,1661.6100075966526,3609.6682673961077,5560.8901498679825,1661.6100075966526,3899.28014227133,0
16.0,1.0,66.0,103.0,29014.9759926702,0.0,29014.9759926702,4194.66206610603,0.0,4194.66206610603,12316.8385533337,ra,0.0,0.0,-0.0,0.0,0.0,0.0,3175.9413003728814,0.0,3175.9413003728814,3609.6682673961077,0.0,3609.6682673961077,0
16.0,0.0,67.0,104.0,29278.0080852545,29278.0080852545,0.0,4585.78782260726,4585.78782260726,0.0,12575.9466885105,ra,0.0,-0.0,0.0,0.0,0.0,0.0,1661.6100075966526,1661.6100075966526,0.0,2135.7792761494097,2135.7792761494097,0.0,0
16.0,0.0,72.0,105.0,28145.026567285,28145.026567285,0.0,3642.99524799985,3642.99524799985,0.0,25449.0803158335,ra,0.0,-0.0,0.0,0.0,0.0,0.0,2135.7792761494097,2135.7792761494097,0.0,2512.46403761383,2512.46403761383,0.0,0
16.0,1.0,74.0,106.0,25731.8558288299,0.0,25731.8558288299,3150.32793358614,0.0,3150.32793358614,32933.7519739179,ra,0.0,0.0,-0.0,0.0,0.0,0.0,2850.1982111253374,0.0,2850.1982111253374,3175.9413003728814,0.0,3175.9413003728814,0
16.0,0.0,76.0,107.0,25418.7221777421,25418.7221777421,0.0,6370.06870476076,6370.06870476076,0.0,49497.4689014342,ra,0.0,-0.0,0.0,0.0,0.0,0.0,2512.46403761383,2512.46403761383,0.0,3171.127485468229,3171.127485468229,0.0,0
16.0,1.0,77.0,108.0,25469.3693020146,0.0,25469.3693020146,3629.48335037293,0.0,3629.48335037293,49565.5184208006,ra,0.0,0.0,-0.0,0.0,0.0,0.0,2474.9105763624475,0.0,2474.9105763624475,2850.1982111253374,0.0,2850.1982111253374,0
16.0,1.0,82.0,109.0,26935.5497477119,0.0,26935.5497477119,4731.07688196937,0.0,4731.07688196937,67595.9687520987,ra,0.0,0.0,-0.0,0.0,0.0,0.0,1985.7184568468047,0.0,1985.7184568468047,2474.9105763624475,0.0,2474.9105763624475,0
16.0,0.0,83.0,110.0,27462.4751098044,27462.4751098044,0.0,5057.1026374567,5057.1026374567,0.0,68666.0746432526,ra,3.0,3.0,0.0,945.3899999999994,945.3899999999994,0.0,3171.127485468229,3171.127485468229,0.0,2748.6405833345666,2748.6405833345666,0.0,1
16.0,1.0,86.0,111.0,27163.1527528195,0.0,27163.1527528195,4196.37690745412,0.0,4196.37690745412,81021.8926734055,ra,0.0,0.0,-0.0,0.0,0.0,0.0,1551.8141756740447,0.0,1551.8141756740447,1985.7184568468047,0.0,1985.7184568468047,0
16.0,0.0,89.0,112.0,29187.9984476255,29187.9984476255,0.0,6653.92810326968,6653.92810326968,0.0,92123.379066016,ra,0.0,-0.0,0.0,0.0,0.0,0.0,2748.6405833345666,2748.6405833345666,0.0,3436.6550191913448,3436.6550191913448,0.0,0
16.0,1.0,90.0,113.0,28376.9986665812,0.0,28376.9986665812,5601.68477510965,0.0,5601.68477510965,92203.5095301381,ra,0.0,0.0,-0.0,0.0,0.0,0.0,972.6014263657481,0.0,972.6014263657481,1551.8141756740447,0.0,1551.8141756740447,0
16.0,2.0,94.0,114.0,71124.20344709541,35553.8279012094,35570.375545886,8755.2397188011,4299.63877333859,4455.60094546251,106046.116569043,ra,5.0,0.0,5.0,1575.6500000000005,840.7590317521131,734.8909682478875,4683.439434500403,3436.6550191913448,1246.7844153090582,4013.078945062109,3040.477518696361,972.6014263657481,1
16.0,2.0,12.0,115.0,71147.99996754559,35564.9999847632,35582.9999827824,2799.48715587504,2799.48715587504,0.0,113917.810760995,link,0.0,0.0,0.0,0.0,0.0,0.0,4287.261934005419,3040.477518696361,1246.7844153090582,4576.728178056238,3329.94376274718,1246.7844153090582,0
18.0,2.0,7.0,118.0,26949.9999999978,13587.9999999988,13361.999999999,1262.35088868617,0.0,1262.35088868617,0.0,link,0.0,0.0,0.0,0.0,0.0,0.0,273.7183889955585,273.7183889955585,0.0,404.2451426744774,273.7183889955585,130.52675367891894,0
18.0,0.0,68.0,119.0,13587.9186189986,13587.9186189986,0.0,1673.78287195478,1673.78287195478,0.0,12318.1380453438,ra,0.0,0.0,0.0,2.842170943040401e-14,2.842170943040401e-14,0.0,273.7183889955585,273.7183889955585,0.0,446.787102772136,446.787102772136,0.0,0
18.0,1.0,69.0,120.0,13361.9322654755,0.0,13361.9322654755,3620.13302138755,0.0,3620.13302138755,12346.3056788137,ra,3.0,0.0,3.0,945.3899999999999,0.0,945.3899999999999,571.0691868231129,0.0,571.0691868231129,0.0,0.0,0.0,1
18.0,2.0,73.0,121.0,21133.145613699402,10354.0731302489,10779.0724834505,3099.0639764515,1773.46409345857,1325.59988299293,27186.3293839123,ra,5.0,5.0,0.0,1575.6499999999999,268.6427761915081,1307.0072238084917,2187.7968301582414,446.787102772136,1741.0097273861054,932.5892395666926,361.5200527435797,571.0691868231129,1
18.0,2.0,81.0,122.0,17024.72901544851,8263.2955761644,8761.43343928411,10407.12701858784,5132.59342206241,5274.53359652543,76811.9776614867,ra,0.0,-0.0,0.0,0.0,0.0,0.0,1557.1443776276906,361.5200527435797,1195.6243248841108,2633.2386054966487,892.2288781105433,1741.0097273861054,0
18.0,0.0,84.0,123.0,7912.19781312535,7912.19781312535,0.0,1219.94777274037,1219.94777274037,0.0,91803.7907317536,ra,0.0,-0.0,0.0,0.0,0.0,0.0,892.2288781105433,892.2288781105433,0.0,1018.3711606254767,1018.3711606254767,0.0,0
18.0,1.0,85.0,124.0,8875.83878859374,0.0,8875.83878859374,1785.78492380043,0.0,1785.78492380043,91872.4611970398,ra,0.0,0.0,-0.0,0.0,0.0,0.0,1010.9746280672266,0.0,1010.9746280672266,1195.6243248841108,0.0,1195.6243248841108,0
18.0,2.0,92.0,125.0,47292.9371799686,22515.082655355,24777.8545246136,4754.45243720846,3104.7402940347,1649.71214317376,121334.732705969,ra,4.0,4.0,0.0,1260.52,626.8205426466766,633.6994573533235,2492.4654393670176,1018.3711606254767,1474.0942787415408,1723.5545852167381,712.5799571495115,1010.9746280672266,1
18.0,2.0,11.0,126.0,53098.002767233804,24816.3642256391,28281.6385415947,1125.0783643968,1125.0783643968,0.0,126075.531741563,link,0.0,0.0,0.0,0.0,0.0,0.0,2186.6742358910524,712.5799571495115,1474.0942787415408,2303.0070462493068,828.9127675077659,1474.0942787415408,0
19.0,2.0,7.0,127.0,19888.0,9830.0,10058.0,1832.522339,0.0,1832.522339,0.0,link,0.0,0.0,0.0,0.0,0.0,0.0,186.06492909823214,186.06492909823214,0.0,375.54726249502403,186.06492909823214,189.4823333967919,0
19.0,2.0,0.0,128.0,19888.0,9830.0,10058.0,1790.981765,1790.981765,0.0,18219.577121931,link,0.0,0.0,0.0,0.0,0.0,0.0,186.06492909823214,186.06492909823214,0.0,371.25197794397326,371.25197794397326,0.0,0
20.0,2.0,0.0,129.0,19481.0003447438,9701.00019990513,9780.00014483867,1585.94680206363,0.0,1585.94680206363,0.0,link,0.0,0.0,0.0,0.0,0.0,0.0,0.0,0.0,0.0,163.98648698721078,0.0,163.98648698721078,0
20.0,0.0,78.0,130.0,10133.9989103389,10133.9989103389,0.0,2201.81082897895,2201.81082897895,0.0,22308.8999344534,ra,1.0,1.0,0.0,227.66666724560793,227.66666724560793,0.0,0.0,0.0,0.0,0.0,0.0,0.0,1
20.0,1.0,79.0,131.0,10094.128472639,0.0,10094.128472639,2214.67932713437,0.0,2214.67932713437,22364.4498639692,ra,2.0,0.0,2.0,630.26,0.0,630.26,401.26273339093115,0.0,401.26273339093115,0.0,0.0,0.0,1
20.0,2.0,8.0,132.0,21962.979690817003,10983.9900500203,10978.9896407967,1594.24397947735,1594.24397947735,0.0,37253.2284842051,link,0.0,0.0,0.0,0.0,0.0,0.0,401.26273339093115,0.0,401.26273339093115,566.1071463654545,164.8444129745233,401.26273339093115,0
21.0,2.0,8.0,133.0,21649.000000000102,11074.0,10575.0000000001,371.58433599978,0.0,371.58433599978,0.0,link,0.0,0.0,0.0,0.0,0.0,0.0,361.0376531750245,361.0376531750245,0.0,399.4593769054744,361.0376531750245,38.42172373044989,0
21.0,2.0,87.0,134.0,23288.9999999286,11776.9999999694,11511.9999999592,6542.5877927048805,3329.21173105459,3213.37606165029,29246.6421925882,ra,5.0,0.0,5.0,1575.6500000000008,178.0021669977387,1397.6478330022621,1426.4232368804223,361.0376531750245,1065.385583705398,527.2751135732804,527.2751135732804,0.0,1
21.0,2.0,10.0,135.0,23288.9999999998,11776.9999999999,11511.9999999999,380.138005999835,380.138005999835,0.0,32474.4736101551,link,0.0,0.0,0.0,0.0,0.0,0.0,1592.6606972786783,527.2751135732804,1065.385583705398,1631.9668682631795,566.5812845577817,1065.385583705398,0
22.0,2.0,8.0,136.0,18089.34980232114,9293.63667702267,8795.71312529847,2541.60361777734,0.0,2541.60361777734,0.0,link,0.0,0.0,0.0,0.0,0.0,0.0,652.6953111898,98.20283756076942,554.4924736290305,915.4964644510363,98.20283756076942,817.2936268902669,0
22.0,2.0,9.0,137.0,22551.7599214391,11229.4921808602,11322.2677405789,2598.64030591273,2598.64030591273,0.0,25496.1440920557,link,0.0,0.0,0.0,0.0,0.0,0.0,652.6953111898,98.20283756076942,554.4924736290305,921.3940431746967,366.9015695456662,554.4924736290305,0
24.0,2.0,9.0,140.0,25786.108144857702,12922.6073175015,12863.5008273562,310.22506737586,0.0,310.22506737586,0.0,link,0.0,0.0,0.0,0.0,0.0,0.0,1804.1687969049651,1223.5445564191618,580.6242404858033,1836.2459882131116,1223.5445564191618,612.7014317939497,0
24.0,0.0,88.0,141.0,12911.6129537198,12911.6129537198,0.0,904.521486357201,904.521486357201,0.0,7001.12487688288,ra,0.0,-0.0,0.0,0.0,0.0,0.0,1223.5445564191618,1223.5445564191618,0.0,1317.07184293291,1317.07184293291,0.0,0
24.0,1.0,91.0,142.0,12797.6950404071,0.0,12797.6950404071,2112.95769776524,0.0,2112.95769776524,10447.761196687,ra,0.0,0.0,-0.0,0.0,0.0,0.0,362.14496390587885,0.0,362.14496390587885,580.6242404858033,0.0,580.6242404858033,0
24.0,0.0,97.0,143.0,9570.73893282761,9570.73893282761,0.0,2755.77301226508,2755.77301226508,0.0,30840.5691895132,ra,0.0,-0.0,0.0,0.0,0.0,0.0,1317.07184293291,1317.07184293291,0.0,1602.0180559001365,1602.0180559001365,0.0,0
24.0,1.0,98.0,144.0,9946.42620888775,0.0,9946.42620888775,2231.33572547577,0.0,2231.33572547577,30857.3340619152,ra,0.0,0.0,-0.0,0.0,0.0,0.0,131.42543003897288,0.0,131.42543003897288,362.14496390587885,0.0,362.14496390587885,0
24.0,2.0,108.0,145.0,15887.70615160749,7870.70573058493,8017.00042102256,4501.986650504179,2168.3895853448,2333.59706515938,55766.1486133563,ra,8.0,8.0,0.0,2521.039999999999,1472.6728996848424,1048.367100315157,2540.517256452024,1602.0180559001365,938.4992005518875,484.9815055976271,353.55607555865424,131.42543003897288,1
24.0,2.0,114.0,146.0,28294.0206982518,14163.5504368669,14130.4702613849,3453.81695206723,2111.30760238217,1342.50934968506,76000.7341358558,ra,0.0,0.0,-0.0,0.0,0.0,0.0,1153.2401584055374,353.55607555865424,799.6840828468831,1510.3639332568814,571.864732704994,938.4992005518875,0
24.0,2.0,15.0,147.0,28738.6713502246,14383.3123439625,14355.3590062621,310.87767950128,310.87767950128,0.0,78175.474803374,link,0.0,0.0,0.0,0.0,0.0,0.0,1371.5488155518772,571.864732704994,799.6840828468831,1403.6934867841128,604.0094039372298,799.6840828468831,0
25.0,2.0,9.0,148.0,18444.994544675952,9036.99752648209,9407.99701819386,3162.57397865205,0.0,3162.57397865205,0.0,link,0.0,0.0,0.0,0.0,0.0,0.0,1311.4612485913112,420.01827350306104,891.4429750882503,1638.4705757146985,420.01827350306104,1218.4523022116375,0
25.0,2.0,10.0,149.0,19006.7279100321,9665.34291491844,9341.38499511366,3137.60809841466,3137.60809841466,0.0,35248.1726115327,link,0.0,0.0,0.0,0.0,0.0,0.0,1311.4612485913112,420.01827350306104,891.4429750882503,1635.8891101892814,744.4461351010312,891.4429750882503,0
26.0,2.0,10.0,150.0,39799.090315948604,19727.656489473,20071.4338264756,5432.50664953123,0.0,5432.50664953123,0.0,link,0.0,0.0,0.0,0.0,0.0,0.0,2046.3442571817127,963.3628008878037,1082.9814562939089,2608.0640322915133,963.3628008878037,1644.7012314037095,0
26.0,2.0,11.0,151.0,61239.0276416527,31319.7944712375,29919.2331704152,5527.09879983652,5527.09879983652,0.0,24120.7762535988,link,0.0,0.0,0.0,0.0,0.0,0.0,2046.3442571817127,963.3628008878037,1082.9814562939089,2617.8448360391208,1534.863379745212,1082.9814562939089,0
27.0,2.0,11.0,152.0,68446.95855219441,33632.3321209786,34814.6264312158,4475.01586176286,0.0,4475.01586176286,0.0,link,0.0,0.0,0.0,0.0,0.0,0.0,2877.681636173909,1097.4874906982245,1780.1941454756843,3340.397112776064,1097.4874906982245,2242.9096220778397,0
27.0,0.0,99.0,153.0,29715.9548515929,29715.9548515929,0.0,4959.0509597815,4959.0509597815,0.0,15398.2814879574,ra,0.0,-0.0,0.0,0.0,0.0,0.0,1097.4874906982245,1097.4874906982245,0.0,1610.2520705863822,1610.2520705863822,0.0,0
27.0,1.0,100.0,154.0,27462.2259431798,0.0,27462.2259431798,4427.60002896918,0.0,4427.60002896918,15788.2300471589,ra,0.0,0.0,0.0,0.0,0.0,0.0,1322.3814536562786,0.0,1322.3814536562786,1780.1941454756843,0.0,1780.1941454756843,0
27.0,2.0,107.0,155.0,39803.000772140804,18775.2599855575,21027.7407865833,8521.51974910427,4077.761723511,4443.75802559327,32030.5850885025,ra,0.0,0.0,-0.0,0.0,0.0,0.0,2473.150099773403,1610.2520705863822,862.8980291870209,3354.27302623565,2031.8915725793713,1322.3814536562786,0
27.0,0.0,111.0,156.0,14923.34787731,14923.34787731,0.0,3332.68370370798,3332.68370370798,0.0,51994.455333056,ra,0.0,-0.0,0.0,0.0,0.0,0.0,2031.8915725793713,2031.8915725793713,0.0,2376.490201045013,2376.490201045013,0.0,0
27.0,1.0,110.0,157.0,16064.7865328213,0.0,16064.7865328213,3656.83050998601,0.0,3656.83050998601,52217.7859827402,ra,0.0,0.0,-0.0,0.0,0.0,0.0,484.7827052304001,0.0,484.7827052304001,862.8980291870209,0.0,862.8980291870209,0
27.0,2.0,113.0,158.0,28115.7326932638,13396.479626617,14719.2530666468,8182.361978154309,4151.77442489818,4030.58755325613,80453.8359529617,ra,6.0,0.0,6.0,1872.3863307450272,867.621055917377,1004.7652748276502,3449.2764760491427,2376.490201045013,1072.7862750041302,2422.944246431158,1938.161541200758,484.7827052304001,1
27.0,0.0,115.0,159.0,16210.1141141057,16210.1141141057,0.0,2741.86480754644,2741.86480754644,0.0,99290.1862589441,ra,0.0,-0.0,0.0,0.0,0.0,0.0,1938.161541200758,1938.161541200758,0.0,2221.6696494162097,2221.6696494162097,0.0,0
27.0,2.0,116.0,160.0,34177.789667498,16266.7915147338,17910.9981527642,6377.1162856009105,1294.98984691301,5082.1264386879,107271.26953268,ra,6.0,0.0,6.0,1890.78,1556.246439564064,334.53356043593595,3103.498932448821,2221.6696494162097,881.8292830326112,1872.1110983297206,799.3248233255904,1072.7862750041302,1
27.0,2.0,15.0,161.0,39893.9999998457,18725.9999999336,21167.9999999121,3972.00678523747,3972.00678523747,0.0,128894.513137464,link,0.0,0.0,0.0,0.0,0.0,0.0,1681.1541063582017,799.3248233255904,881.8292830326112,2091.858575229992,1210.0292921973805,881.8292830326112,0
28.0,2.0,11.0,162.0,61992.2787513973,31725.312247826,30266.9665035713,2390.70224064613,0.0,2390.70224064613,0.0,link,0.0,0.0,0.0,0.0,0.0,0.0,2176.4226347496096,1678.661183010909,497.76145173870043,2423.6206248498365,1678.661183010909,744.9594418389277,0
28.0,0.0,93.0,163.0,30439.2241679383,30439.2241679383,0.0,1072.78335284043,1072.78335284043,0.0,3445.55910715547,ra,0.0,-0.0,0.0,2.842170943040401e-14,2.842170943040401e-14,0.0,1678.661183010909,1678.661183010909,0.0,1789.5867027709373,1789.5867027709373,0.0,0
28.0,0.0,95.0,164.0,18498.9087746208,18498.9087746208,0.0,3967.26574657,3967.26574657,0.0,21968.3457181098,ra,7.0,7.0,0.0,2199.800949477182,2199.800949477182,0.0,1789.5867027709373,1789.5867027709373,0.0,0.0,0.0,0.0,1
28.0,1.0,96.0,165.0,17419.1863324911,0.0,17419.1863324911,4813.95264377551,0.0,4813.95264377551,22264.116411145,ra,0.0,0.0,-0.0,0.0,0.0,0.0,0.0,0.0,0.0,497.76145173870043,0.0,497.76145173870043,0
28.0,2.0,0.0,166.0,16044.98321671642,8425.39921826346,7619.58399845296,2682.96218463007,2682.96218463007,0.0,40879.2796779836,link,0.0,0.0,0.0,0.0,0.0,0.0,0.0,0.0,0.0,277.41759232058126,277.41759232058126,0.0,0
30.0,2.0,12.0,169.0,31173.0077127878,15334.6891591729,15838.3185536149,1373.0223382835,0.0,1373.0223382835,0.0,link,0.0,0.0,0.0,0.0,0.0,0.0,2479.4998623470947,1328.9137029430283,1150.5861594040666,2621.470015139801,1328.9137029430283,1292.5563121967728,0
30.0,0.0,101.0,170.0,15342.1685357064,15342.1685357064,0.0,288.700229956651,288.700229956651,0.0,1882.30501330568,ra,0.0,-0.0,0.0,0.0,0.0,0.0,1328.9137029430283,1328.9137029430283,0.0,1358.7652316584863,1358.7652316584863,0.0,0
30.0,1.0,102.0,171.0,15008.3801891543,0.0,15008.3801891543,2426.9547057033,0.0,2426.9547057033,15325.3757236118,ra,0.0,0.0,-0.0,0.0,0.0,0.0,899.6396738425691,0.0,899.6396738425691,1150.5861594040666,0.0,1150.5861594040666,0
30.0,0.0,103.0,172.0,14615.1043928834,14615.1043928834,0.0,2123.5391790608,2123.5391790608,0.0,15632.2115214018,ra,0.0,-0.0,0.0,0.0,0.0,0.0,1358.7652316584863,1358.7652316584863,0.0,1578.3386306531863,1578.3386306531863,0.0,0
30.0,2.0,13.0,173.0,18934.3901725728,9143.1385769236,9791.2515956492,1268.11665537119,1268.11665537119,0.0,27311.5905726122,link,0.0,0.0,0.0,0.0,0.0,0.0,2477.9783044957553,1578.3386306531863,899.6396738425691,2609.101236950806,1709.461563108237,899.6396738425691,0
31.0,2.0,12.0,174.0,61211.2617744492,30941.9007084376,30269.3610660116,584.87883138558,0.0,584.87883138558,0.0,link,0.0,0.0,0.0,0.0,0.0,0.0,3519.874045838153,2813.576160813396,706.2978850247569,3580.350364934926,2813.576160813396,766.7742041215297,0
31.0,1.0,106.0,175.0,29780.0349085717,0.0,29780.0349085717,3637.7163502508,0.0,3637.7163502508,10173.7794302971,ra,0.0,0.0,-0.0,0.0,0.0,0.0,330.1589602150751,0.0,330.1589602150751,706.2978850247569,0.0,706.2978850247569,0
31.0,0.0,105.0,176.0,30402.9541425937,30402.9541425937,0.0,3119.85205801169,3119.85205801169,0.0,10175.4293545811,ra,0.0,-0.0,0.0,5.684341886080802e-14,5.684341886080802e-14,0.0,2813.576160813396,2813.576160813396,0.0,3136.1680524502704,3136.1680524502704,0.0,0
31.0,2.0,109.0,177.0,62402.9342497772,31525.7279110326,30877.2063387446,6816.57046321175,3762.41918739273,3054.15127581902,22337.1483709023,ra,12.0,12.0,0.0,3781.5600000000004,3315.8914484129705,465.6685515870299,3616.1971164120205,3136.1680524502704,480.0290639617501,539.4687299997943,209.3097697847192,330.1589602150751,1
31.0,2.0,14.0,178.0,62766.261417807,31611.057809806,31155.203608001,595.148026243029,595.148026243029,0.0,24222.213413882,link,0.0,0.0,0.0,0.0,0.0,0.0,689.3388337464694,209.3097697847192,480.0290639617501,750.8769849215116,270.84792095976155,480.0290639617501,0
32.0,2.0,13.0,179.0,24034.0,12223.0,11811.0,4986.62400523132,0.0,4986.62400523132,0.0,link,0.0,0.0,0.0,0.0,0.0,0.0,2093.485611332129,1709.461563108237,384.0240482238919,2609.101236950806,1709.461563108237,899.6396738425691,0
32.0,2.0,104.0,180.0,24034.0000000012,12223.0000000006,11811.0000000006,545.6198680000059,277.486546000003,268.133322000003,2270.21285318104,ra,7.0,0.0,7.0,2205.91,1688.720101994979,517.1898980050212,2582.9505935570132,1709.461563108237,873.4890304487765,433.457546047048,49.433497823156124,384.0240482238919,1
32.0,2.0,16.0,181.0,35472.0,17897.0,17575.0,5106.43524839964,5106.43524839964,0.0,35413.5690178666,link,0.0,0.0,0.0,0.0,0.0,0.0,922.9225282719326,49.433497823156124,873.4890304487765,1450.9266052832909,577.4375748345144,873.4890304487765,0
33.0,2.0,14.0,182.0,25491.3919282071,13297.3329457903,12194.0589824168,2901.96451332052,0.0,2901.96451332052,0.0,link,0.0,0.0,0.0,0.0,0.0,0.0,164.52808855738635,164.52808855738635,0.0,464.59046472395465,164.52808855738635,300.0623761665683,0
33.0,2.0,0.0,183.0,27433.9391849649,13761.9854531938,13671.9537317711,3014.56661334824,3014.56661334824,0.0,22213.6117866395,link,0.0,0.0,0.0,0.0,0.0,0.0,164.52808855738635,164.52808855738635,0.0,476.23349259027486,476.23349259027486,0.0,0
34.0,2.0,14.0,184.0,40290.9817282687,40289.5340857765,1.44764249220084,4807.99244961434,0.0,4807.99244961434,0.0,link,0.0,0.0,0.0,0.0,0.0,0.0,423.49831381927925,423.49831381927925,0.0,920.6434830313651,423.49831381927925,497.1451692120859,0
34.0,2.0,112.0,185.0,40084.6794214896,20069.2583308031,20015.4210906865,5879.593873458731,4738.49168603675,1141.10218742198,14615.9886216738,ra,4.0,4.0,0.0,1260.52,845.2650747081589,415.2549252918411,720.7635696182563,423.49831381927925,297.2652557989771,68.19204743948194,68.19204743948194,0.0,1
34.0,0.0,120.0,186.0,19233.9789959859,19233.9789959859,0.0,2388.18736449935,2388.18736449935,0.0,26934.1491638682,ra,1.0,1.0,0.0,315.13,315.13,0.0,68.19204743948194,68.19204743948194,0.0,0.0,0.0,0.0,1
34.0,2.0,20.0,187.0,42848.933143860995,20473.5804606555,22375.3526832055,2247.13462765847,2247.13462765847,0.0,38220.8594846279,link,0.0,0.0,0.0,0.0,0.0,0.0,297.2652557989771,0.0,297.2652557989771,529.6183920438597,232.35313624488262,297.2652557989771,0
35.0,2.0,0.0,188.0,13637.0,6766.0,6871.0,2412.0267595,0.0,2412.0267595,0.0,link,0.0,0.0,0.0,0.0,0.0,0.0,400.34808007457195,0.0,400.34808007457195,649.7510198799146,0.0,649.7510198799146,0
35.0,2.0,16.0,189.0,13637.0,6766.0,6871.0,2375.167087,2375.167087,0.0,35104.4629542217,link,0.0,0.0,0.0,0.0,0.0,0.0,400.34808007457195,0.0,400.34808007457195,645.9397393269293,245.59165925235735,400.34808007457195,0
36.0,2.0,15.0,190.0,63592.0,31158.0,32434.0,1263.515121,0.0,1263.515121,0.0,link,0.0,0.0,0.0,0.0,0.0,0.0,2502.9118298477492,1383.0421475501666,1119.8696822975826,2633.558964845218,1383.0421475501666,1250.516817295051,0
36.0,0.0,121.0,191.0,31158.0,31158.0,0.0,1862.749872,1862.749872,0.0,5978.40628225615,ra,5.0,5.0,0.0,1575.6499999999999,1575.6499999999999,0.0,1383.0421475501666,1383.0421475501666,0.0,0.0,0.0,0.0,1
36.0,1.0,122.0,192.0,32434.0,0.0,32434.0,2232.999815,0.0,2232.999815,6884.76410576914,ra,0.0,0.0,-0.0,0.0,0.0,0.0,888.9780820065344,0.0,888.9780820065344,1119.8696822975826,0.0,1119.8696822975826,0
36.0,2.0,17.0,193.0,63592.0,31158.0,32434.0,1496.20716,1496.20716,0.0,10780.4149902554,link,0.0,0.0,0.0,0.0,0.0,0.0,888.9780820065344,0.0,888.9780820065344,1043.6855133366728,154.7074313301384,888.9780820065344,0
37.0,2.0,16.0,194.0,61280.6441162145,31014.1744637331,30266.4696524814,3075.32200703344,0.0,3075.32200703344,0.0,link,0.0,0.0,0.0,0.0,0.0,0.0,1411.971386280898,639.5755028939786,772.3958833869195,1729.958882224434,639.5755028939786,1090.3833793304555,0
37.0,0.0,117.0,195.0,31188.9181978021,31188.9181978021,0.0,476.264669971773,476.264669971773,0.0,1531.60155183027,ra,0.0,-0.0,0.0,-6.394884621840902e-14,-6.394884621840902e-14,0.0,639.5755028939786,639.5755028939786,0.0,688.8211459402457,688.8211459402457,0.0,0
37.0,2.0,18.0,196.0,64809.525076994905,32882.2900340846,31927.2350429103,2677.02300367325,2677.02300367325,0.0,9891.28354449013,link,0.0,0.0,0.0,0.0,0.0,0.0,1461.2170293271652,688.8211459402457,772.3958833869195,1738.0205118809984,965.6246284940788,772.3958833869195,0
38.0,2.0,17.0,197.0,73980.9084088181,36437.7364219997,37543.1719868184,8581.89596317837,0.0,8581.89596317837,0.0,link,0.0,0.0,0.0,0.0,0.0,0.0,393.7553108714575,360.2725891083036,33.482721763153876,1281.1211221711503,360.2725891083036,920.8485330628467,0
38.0,1.0,118.0,198.0,38288.3848812199,0.0,38288.3848812199,3563.20063608103,0.0,3563.20063608103,5385.57294187173,ra,3.0,0.0,3.0,945.3900000000001,0.0,945.3900000000001,610.4387024245408,0.0,610.4387024245408,33.482721763153876,0.0,33.482721763153876,1
38.0,0.0,119.0,199.0,38355.5663129252,38355.5663129252,0.0,2619.00122524035,2619.00122524035,0.0,7097.78606046679,ra,1.0,1.0,0.0,315.13,315.13,0.0,360.2725891083036,360.2725891083036,0.0,315.9466348578372,315.9466348578372,0.0,1
38.0,1.0,123.0,200.0,41712.9401712972,0.0,41712.9401712972,2031.11145511135,0.0,2031.11145511135,14257.7141698898,ra,0.0,0.0,-0.0,-1.0658141036401503e-14,0.0,-1.0658141036401503e-14,400.4223060550053,0.0,400.4223060550053,610.4387024245408,0.0,610.4387024245408,0
38.0,0.0,124.0,201.0,40728.8663078391,40728.8663078391,0.0,2848.88985060576,2848.88985060576,0.0,14300.5054996462,ra,0.0,0.0,0.0,0.0,0.0,0.0,315.9466348578372,315.9466348578372,0.0,610.5211046991117,610.5211046991117,0.0,0
38.0,2.0,22.0,202.0,105896.4428578996,51540.438437961,54356.0044199386,8230.02197998083,8230.02197998083,0.0,31585.4341675124,link,0.0,0.0,0.0,0.0,0.0,0.0,1010.9434107541169,610.5211046991117,400.4223060550053,1861.92554367842,1461.5032376234146,400.4223060550053,0
39.0,2.0,17.0,203.0,25562.2788538132,12328.3002896388,13233.9785641744,1988.33296352279,0.0,1988.33296352279,0.0,link,0.0,0.0,0.0,0.0,0.0,0.0,542.3801652530641,287.1392849964486,255.2408802566155,747.97327671475,287.1392849964486,460.83399171830143,0
39.0,2.0,24.0,204.0,21529.4529436522,10591.5844792127,10937.8684644395,1897.36879079567,1897.36879079567,0.0,17071.729881247,link,0.0,0.0,0.0,0.0,0.0,0.0,542.3801652530641,287.1392849964486,255.2408802566155,738.5676049054508,483.32672464883535,255.2408802566155,0
40.0,2.0,18.0,205.0,25932.8384078479,12821.1458632264,13111.6925446215,1674.79594495223,0.0,1674.79594495223,0.0,link,0.0,0.0,0.0,0.0,0.0,0.0,689.6852694922823,497.3789140183071,192.3063554739752,862.8587347533971,497.3789140183071,365.4798207350901,0
40.0,2.0,26.0,206.0,22387.8945153677,11334.7070106569,11053.1875047108,1671.62669728314,1671.62669728314,0.0,13785.5992106443,link,0.0,0.0,0.0,0.0,0.0,0.0,689.6852694922823,497.3789140183071,192.3063554739752,862.5310353684176,670.2246798944425,192.3063554739752,0
41.0,2.0,18.0,207.0,65100.0643805413,32409.6776559215,32690.3867246198,8031.94834387227,0.0,8031.94834387227,0.0,link,0.0,0.0,0.0,0.0,0.0,0.0,891.8310222737654,891.8310222737654,0.0,1722.3323927235888,891.8310222737654,830.5013704498233,0
41.0,1.0,126.0,208.0,33015.8306660751,0.0,33015.8306660751,515.744798385718,0.0,515.744798385718,1570.62189366782,ra,3.0,0.0,3.0,884.7210335903346,0.0,884.7210335903346,831.3931555308991,0.0,831.3931555308991,0.0,0.0,0.0,1
41.0,0.0,125.0,209.0,32828.8089278736,32828.8089278736,0.0,517.979810454405,517.979810454405,0.0,1588.99980042748,ra,3.0,3.0,0.0,945.3900000000001,945.3900000000001,0.0,891.8310222737654,891.8310222737654,0.0,0.0,0.0,0.0,1
41.0,2.0,25.0,210.0,107717.843361102,52411.8634929897,55305.9798681123,8019.3953752296,8019.3953752296,0.0,19664.6825171201,link,0.0,0.0,0.0,0.0,0.0,0.0,831.3931555308991,0.0,831.3931555308991,1660.5965522868423,829.2033967559431,831.3931555308991,0
42.0,2.0,0.0,211.0,64323.0,34358.0,29965.0,292.1437675,0.0,292.1437675,0.0,link,0.0,0.0,0.0,0.0,0.0,0.0,610.64086263903,0.0,610.64086263903,640.8484522411505,0.0,640.8484522411505,0
42.0,2.0,21.0,212.0,64323.0,34358.0,29965.0,334.973321,334.973321,0.0,974.993087217836,link,0.0,0.0,0.0,0.0,0.0,0.0,610.64086263903,0.0,610.64086263903,645.2770169373666,34.636154298336535,610.64086263903,0
43.0,2.0,20.0,213.0,150198.49863614672,75767.4489434685,74431.0496926782,256.538715958994,0.0,256.538715958994,0.0,link,0.0,0.0,0.0,0.0,0.0,0.0,1088.8067166276576,1088.8067166276576,0.0,1115.3327531577513,1088.8067166276576,26.526036530093826,0
43.0,2.0,127.0,214.0,143910.6207571261,71622.8655725805,72287.7551845456,14695.55070776022,7361.67405319568,7333.87665456454,10005.6920912667,ra,13.0,13.0,0.0,4096.6900000000005,1748.15359256705,2348.53640743295,2679.0221847865637,1088.8067166276576,1590.215468158906,101.84830712578727,101.84830712578727,0.0,1
43.0,2.0,22.0,215.0,143835.3128743358,71573.2272359724,72262.0856383634,254.135111440735,254.135111440735,0.0,10360.6755425037,link,0.0,0.0,0.0,0.0,0.0,0.0,1692.0637752846933,101.84830712578727,1590.215468158906,1718.3412797325363,128.12581157363027,1590.215468158906,0
44.0,2.0,20.0,216.0,153959.0,74263.0,79696.0,3498.6544,0.0,3498.6544,0.0,link,0.0,0.0,0.0,0.0,0.0,0.0,1219.291427610898,189.72231657596285,1029.569111034935,1581.051382920754,189.72231657596285,1391.329066344791,0
44.0,2.0,21.0,217.0,153959.0,74263.0,79696.0,3260.1457,3260.1457,0.0,4390.04714603225,link,0.0,0.0,0.0,0.0,0.0,0.0,1219.291427610898,189.72231657596285,1029.569111034935,1556.389645353016,526.8205343180808,1029.569111034935,0
45.0,2.0,20.0,218.0,62196.7600253059,32348.664026557,29848.0959987489,1778.43165752251,0.0,1778.43165752251,0.0,link,0.0,0.0,0.0,0.0,0.0,0.0,307.4762491554436,284.05155081532956,23.424698340114045,491.3656201510402,284.05155081532956,207.31406933571066,0
45.0,2.0,129.0,219.0,59803.760630072604,31496.7732925594,28306.9873375132,6019.40155695864,3144.57563370826,2874.82592325038,9849.37897275001,ra,3.0,0.0,3.0,945.3900000000002,453.52631558225517,491.86368441774505,502.0836805638394,284.05155081532956,218.03212974850982,179.09823650895777,155.67353816884372,23.424698340114045,1
45.0,2.0,27.0,220.0,59265.8366310976,31619.7156039958,27646.1210271018,2008.7677610147,2008.7677610147,0.0,16227.5537304541,link,0.0,0.0,0.0,0.0,0.0,0.0,373.70566791735354,155.67353816884372,218.03212974850982,581.4117321266557,363.3796023781459,218.03212974850982,0
46.0,2.0,21.0,221.0,122056.3633115633,58092.1447118619,63964.2185997014,6279.26064472807,0.0,6279.26064472807,0.0,link,0.0,0.0,0.0,0.0,0.0,0.0,1153.9768419109023,362.24873745523473,791.7281044556677,1803.250759968017,362.24873745523473,1441.0020225127823,0
46.0,2.0,23.0,222.0,131872.7061463396,62497.919354533,69374.7867918066,5678.0443937591,5678.0443937591,0.0,9404.55520736285,link,0.0,0.0,0.0,0.0,0.0,0.0,1153.9768419109023,362.24873745523473,791.7281044556677,1741.0851559340508,949.3570514783833,791.7281044556677,0
47.0,2.0,22.0,223.0,38579.2955378498,18952.692150841,19626.6033870088,1763.21916642734,0.0,1763.21916642734,0.0,link,0.0,0.0,0.0,0.0,0.0,0.0,838.1130366837106,309.7103575192237,528.4026791644869,1020.4294400553144,309.71035751922375,710.7190825360907,0
47.0,2.0,128.0,224.0,35162.6248298969,17399.4597199651,17763.1651099318,7435.63799543393,3663.38542984375,3772.25256559018,19815.1127809066,ra,3.0,0.0,3.0,945.3899999999999,688.5034584848557,256.8865415151441,704.9496437024972,309.71035751922375,395.2392861832734,528.4026791644869,0.0,528.4026791644869,1
47.0,2.0,28.0,225.0,35062.119983040204,16961.1414488018,18100.9785342384,1675.65153554322,1675.65153554322,0.0,29618.3313222541,link,0.0,0.0,0.0,0.0,0.0,0.0,395.2392861832734,0.0,395.2392861832734,568.5012192890431,173.26193310576969,395.2392861832734,0
48.0,2.0,24.0,226.0,16009.99993438885,7856.99996682075,8152.9999675681,2252.38793848172,0.0,2252.38793848172,0.0,link,0.0,0.0,0.0,0.0,0.0,0.0,287.76841202273965,287.76841202273965,0.0,520.6647392408855,287.76841202273965,232.89632721814587,0
48.0,2.0,0.0,227.0,10228.9496360124,5180.36917753558,5048.58045847682,2203.40390841478,2203.40390841478,0.0,34790.8303429051,link,0.0,0.0,0.0,0.0,0.0,0.0,287.76841202273965,287.76841202273965,0.0,515.5998032678117,515.5998032678117,0.0,0
50.0,2.0,23.0,230.0,167288.29083468,89420.7692084569,77867.5216262231,2077.52908786604,0.0,2077.52908786604,0.0,link,0.0,0.0,0.0,0.0,0.0,0.0,1668.6593927717079,1032.4168534990265,636.2425392726814,1883.4753602994936,1032.4168534990265,851.0585068004671,0
50.0,2.0,25.0,231.0,167733.1420677742,89424.5683491475,78308.5737186267,2379.09007339684,2379.09007339684,0.0,2660.51340881896,link,0.0,0.0,0.0,0.0,0.0,0.0,1668.6593927717079,1032.4168534990265,636.2425392726814,1914.6566877975222,1278.4141485248408,636.2425392726814,0
51.0,2.0,23.0,232.0,68004.42841151671,33685.4721908872,34318.9562206295,2606.49863917702,0.0,2606.49863917702,0.0,link,0.0,0.0,0.0,0.0,0.0,0.0,828.5695403612215,537.1757111433176,291.3938292179039,1098.0808219624791,537.1757111433176,560.9051108191616,0
51.0,0.0,130.0,233.0,33100.9959033154,33100.9959033154,0.0,783.162954686691,783.162954686691,0.0,2344.99727996629,ra,2.0,2.0,0.0,566.0996718352998,566.0996718352998,0.0,537.1757111433176,537.1757111433176,0.0,52.05488520025344,52.05488520025344,0.0,1
51.0,2.0,27.0,234.0,64426.2356563276,31754.4889250316,32671.746731296,1762.79400434887,1762.79400434887,0.0,7784.58868214326,link,0.0,0.0,0.0,0.0,0.0,0.0,343.44871441815735,52.05488520025344,291.3938292179039,525.7211561413893,234.32732692348543,291.3938292179039,0
53.0,2.0,24.0,237.0,26623.0,13216.0,13407.0,1301.2096815,0.0,1301.2096815,0.0,link,0.0,0.0,0.0,0.0,0.0,0.0,557.4191306572841,432.5888164987465,124.83031415853762,691.9638734098669,432.5888164987465,259.3750569111204,0
53.0,2.0,28.0,238.0,26623.0,13216.0,13407.0,1282.672272,1282.672272,0.0,9705.48649135397,link,0.0,0.0,0.0,0.0,0.0,0.0,557.4191306572841,432.5888164987465,124.83031415853762,690.0471100872934,565.2167959287558,124.83031415853762,0
54.0,2.0,25.0,239.0,63790.743083652196,33602.5555376766,30188.1875459756,914.669079332492,0.0,914.669079332492,0.0,link,0.0,0.0,0.0,0.0,0.0,0.0,734.5583954662224,734.5583954662224,0.0,829.1349404552413,734.5583954662224,94.57654498901904,0
54.0,2.0,131.0,240.0,33762.4415586177,17029.2127372484,16733.2288213693,7185.4180023402205,3714.28097177565,3471.13703056457,14118.0595783865,ra,5.0,0.0,5.0,1575.4188589608348,672.0057989816252,903.4130599792097,1279.0567889806835,734.5583954662224,544.4983935144612,446.60828325314674,446.60828325314674,0.0,1
54.0,2.0,26.0,241.0,32484.7744574449,16371.3543459377,16113.4201115072,929.571492526024,929.571492526024,0.0,19751.6727385701,link,0.0,0.0,0.0,0.0,0.0,0.0,991.106676767608,446.60828325314674,544.4983935144612,1087.2241274062108,542.7257338917495,544.4983935144612,0
55.0,2.0,26.0,242.0,35611.1999360093,17306.4999689679,18304.6999670414,3651.95402706089,0.0,3651.95402706089,0.0,link,0.0,0.0,0.0,0.0,0.0,0.0,853.7567616878046,853.7567616878046,0.0,1231.3678585778534,853.7567616878046,377.611096890049,0
55.0,2.0,132.0,243.0,34335.6700861098,16687.9002306099,17647.7698554999,3806.71617873812,1850.01487529755,1956.70130344057,10714.2329169781,ra,4.0,4.0,0.0,1247.3702248231198,1045.0478187897038,202.322406033416,853.7567616878046,853.7567616878046,0.0,0.0,0.0,0.0,1
55.0,2.0,0.0,244.0,9015.00027880696,4116.00014201232,4899.00013679464,3382.27393180499,3382.27393180499,0.0,47911.3668726574,link,0.0,0.0,0.0,0.0,0.0,0.0,0.0,0.0,0.0,349.72624515741364,349.72624515741364,0.0,0
56.0,2.0,27.0,245.0,67553.5172847849,34432.267085203,33121.2501995819,2367.02370971695,0.0,2367.02370971695,0.0,link,0.0,0.0,0.0,0.0,0.0,0.0,333.0306064937858,333.0306064937858,0.0,577.780242652354,333.0306064937858,244.74963615856817,0
56.0,1.0,134.0,246.0,28345.0537807391,0.0,28345.0537807391,1429.46120190489,0.0,1429.46120190489,14670.9425066938,ra,1.0,0.0,1.0,315.13,0.0,315.13,167.3240833829469,0.0,167.3240833829469,0.0,0.0,0.0,1
56.0,0.0,133.0,247.0,28758.648000424,28758.648000424,0.0,4635.2223561875,4635.2223561875,0.0,14715.488271793,ra,0.0,-0.0,0.0,0.0,0.0,0.0,333.0306064937858,333.0306064937858,0.0,812.3113929657605,812.3113929657605,0.0,0
56.0,2.0,135.0,248.0,47006.1040822862,24072.8864014428,22933.2176808434,5972.33806438385,1468.70673835056,4503.63132603329,20490.1826432686,ra,5.0,5.0,0.0,1492.0338877461352,829.0994404693361,662.9344472767991,1176.8956154578095,812.3113929657605,364.584222492049,302.39993076106737,135.0758473781205,167.3240833829469,1
56.0,2.0,29.0,249.0,45237.3265637856,23422.054813021,21815.2717507646,2510.31569035993,2510.31569035993,0.0,31051.5111500156,link,0.0,0.0,0.0,0.0,0.0,0.0,499.6600698701695,135.0758473781205,364.584222492049,759.2260595713067,394.64183707925775,364.584222492049,0
57.0,2.0,28.0,250.0,21608.0,10785.0,10823.0,664.304917,0.0,664.304917,0.0,link,0.0,0.0,0.0,0.0,0.0,0.0,287.09808439123606,287.09808439123606,0.0,355.7870400897576,287.09808439123606,68.68895569852157,0
57.0,2.0,0.0,251.0,21608.0,10785.0,10823.0,661.972515,661.972515,0.0,6137.90628624439,link,0.0,0.0,0.0,0.0,0.0,0.0,287.09808439123606,287.09808439123606,0.0,355.54587032938207,355.54587032938207,0.0,0
59.0,2.0,29.0,254.0,41763.642422810604,21836.3114479028,19927.3309749078,64.1922987606669,0.0,64.1922987606669,0.0,link,0.0,0.0,0.0,0.0,0.0,0.0,753.0146392325756,363.3060825026766,389.70855672989904,759.6521062344309,363.3060825026766,396.3460237317543,0
59.0,0.0,137.0,255.0,11226.9471972143,11226.9471972143,0.0,4281.44265472418,4281.44265472418,0.0,25939.71611319,ra,3.0,3.0,0.0,806.0061398260666,806.0061398260666,0.0,363.3060825026766,363.3060825026766,0.0,0.0,0.0,0.0,1
59.0,1.0,138.0,256.0,8142.41876965786,0.0,8142.41876965786,3768.95103150065,0.0,3768.95103150065,26235.4919576393,ra,0.0,0.0,-0.0,0.0,0.0,0.0,0.0,0.0,0.0,389.70855672989904,0.0,389.70855672989904,0
59.0,2.0,0.0,257.0,19030.16772086208,11064.8956674036,7965.27205345848,121.795390046012,121.795390046012,0.0,27032.7504548799,link,0.0,0.0,0.0,0.0,0.0,0.0,0.0,0.0,0.0,12.593611663956228,12.593611663956228,0.0,0
60.0,2.0,29.0,258.0,15204.99963875321,7325.99983936264,7878.99979939057,589.761879951074,0.0,589.761879951074,0.0,link,0.0,0.0,0.0,0.0,0.0,0.0,271.4151495403672,197.74696520275302,73.66818433761418,332.3963745892195,197.74696520275302,134.64940938646646,0
60.0,2.0,136.0,259.0,13825.298552554461,6712.48148642337,7112.81706613109,1621.703087201606,781.773481624616,839.92960557699,10738.6315701673,ra,1.0,1.0,0.0,291.7624584389822,278.5821399416331,13.180318497349134,197.74696520275302,197.74696520275302,0.0,73.66818433761418,0.0,73.66818433761418,1
60.0,2.0,0.0,260.0,9900.0011340695,4967.00050429217,4933.00062977733,588.144298822839,588.144298822839,0.0,22135.2935483001,link,0.0,0.0,0.0,0.0,0.0,0.0,0.0,0.0,0.0,60.813967580763865,60.813967580763865,0.0,0
