Time of calculation: 20211222-203413; value of objective: 3864579979529.46;  acc=2500;  ec=0.25;  e_tax=0.15;  cfix=7000;  cvar=17750;  eta=0.02;  mu=0.18;  i=
segment_id,dir,type_ID,POI_ID,traffic_flow,traffic_flow_0,traffic_flow_1,energy_demand,energy_demand_0,energy_demand_1,dist_along_segment,pois_type,pYi_dir,pYi_dir_0,pYi_dir_1,pE_charged,pE_charged_0,pE_charged_1,pE_input,pE_input_0,pE_input_1,pE_output,pE_output_0,pE_output_1,pXi
0.0,2.0,0.0,0.0,26540.63611205301,13243.023903864512,13297.612208188497,4423.921231438179,0.0,4423.921231438179,0.0,link,0.0,0.0,0.0,0.0,0.0,0.0,0.0,0.0,0.0,49.76911385367952,0.0,49.76911385367952,0
0.0,2.0,1.0,1.0,26594.77697992819,13269.441574912722,13325.335405015468,810.0039769207759,31.774775427221,778.2292014935549,239.71582410116363,ra,5.0,0.0,5.0,66.27621315794134,0.35746622355623625,65.91874693438511,57.16366841758261,0.0,57.16366841758261,0.0,0.0,0.0,1
0.0,2.0,0.0,2.0,45891.071384772644,24132.535484801192,21758.535899971448,10453.078391900737,5371.86342144895,5081.214970451788,24427.46216029796,ra,2.0,2.0,0.0,83.67579917216486,60.433463491300685,23.242335680864176,23.242335680864176,0.0,23.242335680864176,57.16366841758261,0.0,57.16366841758261,1
0.0,1.0,2.0,3.0,5594.606273434111,0.0,5594.606273434111,2065.9854049899545,0.0,2065.9854049899545,68504.60131061138,ra,0.0,0.0,0.0,0.0,0.0,0.0,-1.2527281256780043e-07,0.0,-1.2527281256780043e-07,23.242335680864176,0.0,23.242335680864176,0
0.0,0.0,3.0,4.0,4553.083889317481,4553.083889317481,0.0,7187.448325138304,7187.448325138304,0.0,79329.13749040988,ra,0.0,0.0,0.0,0.0,0.0,0.0,0.0,0.0,0.0,80.85879365780592,80.85879365780592,0.0,0
0.0,2.0,4.0,5.0,7895.539602766943,4645.32330643337,3250.2162963335736,2342.9750495919843,1038.6617908113935,1304.3132587805906,104473.7124161702,ra,3.0,3.0,0.0,148.4547108515074,80.85879365780592,67.5959171937015,133.78118656495298,80.85879365780592,52.92239290714704,11.684945021355361,11.684945146628174,-1.2527281256780043e-07,1
0.0,2.0,5.0,6.0,19815.36822147169,9562.72950758806,10252.63871388363,7959.026265117185,2076.9550358924675,5882.071229224718,133409.21035475997,ra,1.0,0.0,1.0,50.0,11.684945146628174,38.31505485337183,36.74909157836896,11.684945146628174,25.064146431740788,76.2881370609373,23.365744153790256,52.92239290714704,1
0.0,2.0,6.0,7.0,38420.41317046725,19234.66349454688,19185.749675920368,10291.73164091456,4957.101208651553,5334.630432263007,173065.41379977632,ra,2.0,2.0,0.0,100.00000000000001,23.365744153790256,76.63425584620975,65.04955406878197,23.365744153790256,41.68380991499171,80.83153502907075,55.76738859732997,25.064146431740788,1
0.0,1.0,7.0,8.0,21229.45737990749,0.0,21229.45737990749,31.90719068892483,0.0,31.90719068892483,176940.22069628988,ra,0.0,0.0,0.0,0.0,0.0,0.0,41.32485401974131,0.0,41.32485401974131,41.68380991499171,0.0,41.68380991499171,0
0.0,2.0,0.0,9.0,50605.7308716768,25638.902393873523,24966.82847780328,5210.178551742356,5210.178551742356,0.0,194059.96494613093,link,0.0,0.0,0.0,0.0,0.0,0.0,97.09224261707128,55.76738859732997,41.32485401974131,155.70675132417279,114.38189730443148,41.32485401974131,0
1.0,2.0,0.0,10.0,41635.269674683135,21021.62675530025,20613.64291938288,39.776186500955454,0.0,39.776186500955454,0.0,link,0.0,0.0,0.0,0.0,0.0,0.0,133.8879523848189,125.70673939569475,8.181212989124145,134.33543448295464,125.70673939569475,8.628695087259894,0
1.0,2.0,8.0,11.0,39859.943598360216,20128.71002741653,19731.23357094369,2276.328443367862,1715.7273142405495,560.6011291273123,8218.215919324155,ra,3.0,0.0,3.0,150.0,103.21289936564571,46.787100634354275,174.3682903164909,125.70673939569475,48.66155092079615,49.97698530437937,41.79577231525522,8.181212989124145,1
1.0,0.0,9.0,12.0,15021.9786197919,15021.9786197919,0.0,1426.8426564048834,1426.8426564048834,0.0,16747.064047816148,ra,0.0,0.0,0.0,0.0,0.0,0.0,41.79577231525522,41.79577231525522,0.0,57.84775219981016,57.84775219981016,0.0,0
1.0,2.0,10.0,13.0,29629.27020666332,14994.151703987822,14635.1185026755,191.32891529796464,24.711112058686385,166.61780323927826,16911.740762175257,ra,0.0,0.0,0.0,0.0,0.0,0.0,104.63485283416443,57.84775219981016,46.787100634354275,106.78730313126653,58.12575221047038,48.66155092079615,0
1.0,2.0,14.0,14.0,23126.81664543996,11846.335117703364,11280.481527736596,2715.588968665061,1386.7595429137232,1328.829425751338,27721.26496153286,ra,0.0,0.0,0.0,0.0,0.0,0.0,89.9635218051221,58.12575221047038,31.83776959465172,120.51389770260404,73.72679706824977,46.787100634354275,0
1.0,1.0,13.0,15.0,11337.261932088282,0.0,11337.261932088282,1420.2485369302626,0.0,1420.2485369302626,29194.630965596883,ra,0.0,0.0,0.0,0.0,0.0,0.0,15.859973554186265,0.0,15.859973554186265,31.83776959465172,0.0,31.83776959465172,0
1.0,0.0,12.0,16.0,11885.52653584708,11885.52653584708,0.0,208.50481099773148,208.50481099773148,0.0,29478.47368022978,ra,0.0,0.0,0.0,0.0,0.0,0.0,73.72679706824977,73.72679706824977,0.0,76.07247619197425,76.07247619197425,0.0,0
1.0,0.0,15.0,17.0,11960.17018283512,11960.17018283512,0.0,465.471180470787,465.471180470787,0.0,33381.72336961185,ra,0.0,0.0,0.0,0.0,0.0,0.0,76.07247619197425,76.07247619197425,0.0,81.3090269722706,81.3090269722706,0.0,0
1.0,2.0,16.0,18.0,23460.93532657191,11970.385389125157,11490.549937446756,1768.6682817168698,86.33017164884411,1682.3381100680258,34103.26049306036,ra,2.0,0.0,2.0,85.34657158739911,82.28024140332009,3.0663301840790247,81.3090269722706,81.3090269722706,0.0,15.859973554186265,0.0,15.859973554186265,1
1.0,2.0,0.0,19.0,23472.95328481904,11974.880939958675,11498.072344860364,41.43137038083431,41.43137038083431,0.0,34449.34645750041,link,0.0,0.0,0.0,0.0,0.0,0.0,0.0,0.0,0.0,0.466102916784386,0.466102916784386,0.0,0
2.0,2.0,0.0,20.0,68929.16895257494,33758.81379308793,35170.35515948701,2037.3044909279515,0.0,2037.3044909279515,0.0,link,0.0,0.0,0.0,0.0,0.0,0.0,171.99906972003447,75.44887210961461,96.55019761041984,194.9187452429739,75.44887210961461,119.4698731333593,0
2.0,1.0,11.0,21.0,34398.2821383792,0.0,34398.2821383792,0.1779942533838276,0.0,0.1779942533838276,2598.411645460739,ra,0.0,0.0,0.0,0.0,0.0,0.0,96.54819517506928,0.0,96.54819517506928,96.55019761041984,0.0,96.55019761041984,0
2.0,0.0,17.0,22.0,24285.97411997901,24285.97411997901,0.0,5629.753466227842,5629.753466227842,0.0,19826.030918871555,ra,0.0,0.0,0.0,0.0,0.0,0.0,75.44887210961461,75.44887210961461,0.0,138.7835986046778,138.7835986046778,0.0,0
2.0,1.0,18.0,23.0,24186.0911430872,0.0,24186.0911430872,4128.069297151063,0.0,4128.069297151063,19924.554475399083,ra,0.0,0.0,0.0,0.0,0.0,0.0,50.10741558211982,0.0,50.10741558211982,96.54819517506928,0.0,96.54819517506928,0
2.0,0.0,19.0,24.0,24395.8043620461,24395.8043620461,0.0,1107.9496170791724,1107.9496170791724,0.0,24376.283905318956,ra,2.0,2.0,0.0,100.00000000000001,100.00000000000001,0.0,138.7835986046778,138.7835986046778,0.0,51.248031796818516,51.248031796818516,0.0,1
2.0,0.0,20.0,25.0,18382.744960495544,18382.744960495544,0.0,3193.5958308596214,3193.5958308596214,0.0,38424.04808590371,ra,0.0,0.0,0.0,0.0,0.0,0.0,51.248031796818516,51.248031796818516,0.0,87.17598489398927,87.17598489398927,0.0,0
2.0,1.0,21.0,26.0,18491.613365488807,0.0,18491.613365488807,4453.992496188428,0.0,4453.992496188428,38987.68062551749,ra,0.0,0.0,0.0,0.0,0.0,0.0,0.0,0.0,0.0,50.10741558211982,0.0,50.10741558211982,0
2.0,2.0,22.0,27.0,37060.49951410931,18323.84940673533,18736.65010737398,9037.685965220891,4162.991831646682,4874.69413357421,60686.533174562566,ra,3.0,3.0,0.0,149.03874920243643,94.19844019972656,54.840309002709866,87.17598489398927,87.17598489398927,0.0,39.811202800287866,39.811202800287866,0.0,1
2.0,2.0,23.0,28.0,37058.90292655935,18323.112740357166,18735.790186202183,905.6708621966342,0.1740732089699103,905.4967889876642,60687.52230976862,ra,1.0,1.0,0.0,50.0,39.813161123888776,10.186838876111223,39.811202800287866,39.811202800287866,0.0,0.0,0.0,0.0,1
2.0,2.0,0.0,29.0,23931.60016336258,12393.941571693274,11537.658591669302,2066.8759536088314,2066.8759536088314,0.0,74788.45855603463,link,0.0,0.0,0.0,0.0,0.0,0.0,0.0,0.0,0.0,23.252354478099353,23.252354478099353,0.0,0
3.0,2.0,0.0,30.0,27844.0,14880.0,12964.0,276.638796,0.0,276.638796,0.0,link,0.0,0.0,0.0,0.0,0.0,0.0,0.0,0.0,0.0,3.1121864550000002,0.0,3.1121864550000002,0
3.0,0.0,24.0,31.0,14880.0,14880.0,0.0,43.31568,43.31568,0.0,291.13911748382634,ra,0.0,0.0,0.0,0.0,0.0,0.0,0.0,0.0,0.0,0.4873014,0.4873014,0.0,0
3.0,1.0,25.0,32.0,12963.999999999998,0.0,12963.999999999998,50.78647,0.0,50.78647,391.7896627176565,ra,1.0,0.0,1.0,49.99999999999999,0.0,49.99999999999999,49.4286522125,0.0,49.4286522125,0.0,0.0,0.0,1
3.0,2.0,1.0,33.0,27844.0,14880.000000000002,12964.0,332.50104000000005,332.50104000000005,0.0,2525.7146416492456,link,0.0,0.0,0.0,0.0,0.0,0.0,49.9159536125,0.4873014,49.4286522125,53.6565903125,4.2279381,49.4286522125,0
4.0,2.0,1.0,34.0,59761.3086274698,30037.341974575906,29723.966652893894,2541.480423000085,0.0,2541.480423000085,0.0,link,0.0,0.0,0.0,0.0,0.0,0.0,32.19198402976596,32.19198402976596,0.0,60.78363878851692,32.19198402976596,28.591654758750956,0
4.0,1.0,29.0,35.0,19741.19620746718,0.0,19741.19620746718,941.1307808897812,0.0,941.1307808897812,27421.918402146952,ra,3.0,0.0,3.0,89.00353037418576,0.0,89.00353037418576,78.41580908917572,0.0,78.41580908917572,0.0,0.0,0.0,1
4.0,0.0,28.0,36.0,20188.77400206591,20188.77400206591,0.0,6913.407817081132,6913.407817081132,0.0,27456.275537656256,ra,1.0,1.0,0.0,32.19198402976596,32.19198402976596,0.0,32.19198402976596,32.19198402976596,0.0,77.77583794216272,77.77583794216272,0.0,1
4.0,2.0,31.0,37.0,24242.046721440067,16011.081415437498,8230.965306002568,10336.618270691582,5459.807289653861,4876.810981037721,57952.436449648114,ra,0.0,-0.0,0.0,0.0,0.0,0.0,101.32752349466409,77.77583794216272,23.551685552501365,217.61447903994437,139.19866995076865,78.41580908917572,0
4.0,2.0,30.0,38.0,24222.436414627213,16010.688472387346,8211.747942239866,2097.1816748164333,3.698514594089785,2093.4831602223435,57975.56024030675,ra,6.0,0.0,6.0,183.62936894570677,139.24027823995215,44.38909070575462,183.58776065652327,139.19866995076865,44.38909070575462,23.551685552501365,0.0,23.551685552501365,1
4.0,2.0,35.0,39.0,21337.90578167672,10925.606078379402,10412.299703297318,4724.821457700606,2596.3850909026173,2128.436366797988,78476.45534742385,ra,0.0,0.0,0.0,0.0,0.0,0.0,20.444181579277256,0.0,20.444181579277256,73.59842297840906,29.209332272654443,44.38909070575462,0
4.0,0.0,40.0,40.0,10876.999998084551,10876.999998084551,0.0,1976.660743966538,1976.660743966538,0.0,96645.26673532616,ra,0.0,0.0,0.0,0.0,0.0,0.0,29.209332272654443,29.209332272654443,0.0,51.446765642277995,51.446765642277995,0.0,0
4.0,1.0,41.0,41.0,10239.998724530997,0.0,10239.998724530997,1817.260584824645,0.0,1817.260584824645,99246.70723666706,ra,0.0,0.0,0.0,0.0,0.0,0.0,0.0,0.0,0.0,20.444181579277256,0.0,20.444181579277256,0
4.0,2.0,42.0,42.0,15349.448623427987,7293.1561007636,8056.292522664386,2244.8438549829234,2242.944719983224,1.8991349996993472,124531.18468963404,ra,5.0,0.0,5.0,209.71184205133858,76.67989374208926,133.03194830924932,184.4573486827807,51.446765642277995,133.0105830405027,1.0658141036401503e-14,1.0658141036401503e-14,0.0,1
4.0,2.0,45.0,43.0,29499.999782114108,14928.999812810407,14570.9999693037,9965.395457829238,4949.374190304771,5016.021267524467,160563.71538932095,ra,0.0,0.0,0.0,0.0,0.0,0.0,76.58034378085244,1.0658141036401503e-14,76.58034378085243,188.69104268143136,55.68045964092867,133.0105830405027,0
4.0,2.0,49.0,44.0,29501.249670962527,14929.610924790286,14571.63874617224,7771.3951170941245,964.2534476850196,6807.141669409105,167022.61670697512,ra,1.0,1.0,0.0,50.0,8.132362092219154,41.867637907780846,97.5480975487095,55.68045964092867,41.867637907780846,134.9762926160184,58.395948835165974,76.58034378085243,1
4.0,2.0,2.0,45.0,37135.97924873808,18661.98985536135,18473.98939337673,2580.116572311374,2580.116572311374,0.0,182066.4548482201,link,0.0,0.0,0.0,0.0,0.0,0.0,100.26358674294681,58.395948835165974,41.867637907780846,129.28989818144976,87.42226027366893,41.867637907780846,0
5.0,2.0,1.0,46.0,68793.7826224039,33913.44536880647,34880.33725359744,3843.82209257494,0.0,3843.82209257494,0.0,link,0.0,0.0,0.0,0.0,0.0,0.0,51.411454770282496,22.92670496411779,28.484749806164707,94.65445331175059,22.92670496411779,71.7277483476328,0
5.0,1.0,26.0,47.0,36003.524001333615,0.0,36003.524001333615,3895.947466930393,0.0,3895.947466930393,10624.424038435742,ra,1.0,0.0,1.0,50.0,0.0,50.0,34.65534080319779,0.0,34.65534080319779,28.484749806164707,0.0,28.484749806164707,1
5.0,0.0,27.0,48.0,32653.80091590929,32653.80091590929,0.0,4178.141771103933,4178.141771103933,0.0,12028.538687185455,ra,0.0,0.0,0.0,0.0,0.0,0.0,22.92670496411779,22.92670496411779,0.0,69.93079988903705,69.93079988903705,0.0,0
5.0,2.0,32.0,49.0,33127.66797826424,16315.8916479239,16811.776330340337,9152.204545843142,5870.836452837575,3281.368093005566,39273.39357565199,ra,6.0,6.0,0.0,269.7695053626276,135.97770998345976,133.79179537916787,201.4625450250901,69.93079988903705,131.53174513605305,34.65534080319779,0.0,34.65534080319779,1
5.0,1.0,36.0,50.0,15728.354223345885,0.0,15728.354223345885,1275.7622080104995,0.0,1275.7622080104995,47330.36386477938,ra,0.0,0.0,0.0,0.0,0.0,0.0,117.17942029593493,0.0,117.17942029593493,131.53174513605305,0.0,131.53174513605305,0
5.0,0.0,39.0,51.0,16181.036957810447,16181.036957810447,0.0,2402.71193975453,2402.71193975453,0.0,54808.46507060479,ra,0.0,0.0,0.0,0.0,0.0,0.0,0.0,0.0,0.0,27.030509322238462,27.030509322238462,0.0,0
5.0,1.0,43.0,52.0,15425.054197747386,0.0,15425.054197747386,6550.9163885109065,0.0,6550.9163885109065,67696.58292643339,ra,1.0,0.0,1.0,14.523620002977875,0.0,14.523620002977875,58.005230928165126,0.0,58.005230928165126,117.17942029593493,0.0,117.17942029593493,1
5.0,0.0,44.0,53.0,16743.940970134765,16743.940970134765,0.0,2188.52376611744,2188.52376611744,0.0,67916.71774036821,ra,0.0,0.0,0.0,0.0,0.0,0.0,27.030509322238462,27.030509322238462,0.0,51.65140169105966,51.65140169105966,0.0,0
5.0,1.0,50.0,54.0,23926.865751230227,0.0,23926.865751230227,3865.032082238866,0.0,3865.032082238866,86150.64463711552,ra,0.0,0.0,0.0,0.0,0.0,0.0,14.523620002977875,0.0,14.523620002977875,58.005230928165126,0.0,58.005230928165126,0
5.0,0.0,51.0,55.0,23976.591723992253,23976.591723992253,0.0,3863.210440192499,3863.210440192499,0.0,86198.21188888987,ra,1.0,1.0,0.0,24.620892368821202,24.620892368821202,0.0,51.65140169105966,51.65140169105966,0.0,70.49162677440408,70.49162677440408,0.0,1
5.0,2.0,4.0,56.0,48295.998738473485,24204.99925545633,24090.99948301716,3849.659028767285,3849.659028767285,0.0,102115.05106186114,link,0.0,0.0,0.0,0.0,0.0,0.0,85.01524677738196,70.49162677440408,14.523620002977875,128.32391085101392,113.80029084803604,14.523620002977875,0
6.0,2.0,0.0,57.0,17593.52882743976,9370.089853693322,8223.438973746437,3280.588971659345,0.0,3280.588971659345,0.0,link,0.0,0.0,0.0,0.0,0.0,0.0,0.0,0.0,0.0,36.90662593116764,0.0,36.90662593116764,0
6.0,0.0,34.0,58.0,9440.700126436834,9440.700126436834,0.0,115.62791616056612,115.62791616056612,0.0,1229.5619294335402,ra,0.0,0.0,0.0,0.0,0.0,0.0,0.0,0.0,0.0,1.3008140568063689,1.3008140568063689,0.0,0
6.0,0.0,33.0,59.0,9685.754071387502,9685.754071387502,0.0,302.82244713524466,302.82244713524466,0.0,4398.318016945725,ra,0.0,0.0,0.0,0.0,0.0,0.0,1.3008140568063689,1.3008140568063689,0.0,4.707566587077871,4.707566587077871,0.0,0
6.0,1.0,38.0,60.0,13533.136089729269,0.0,13533.136089729269,3267.2679643300085,0.0,3267.2679643300085,19100.037855584003,ra,1.0,0.0,1.0,50.0,0.0,50.0,13.243235401287407,0.0,13.243235401287407,0.0,0.0,0.0,1
6.0,0.0,37.0,61.0,14150.210375121094,14150.210375121094,0.0,1803.67381185194,1803.67381185194,0.0,19123.313502380493,ra,0.0,0.0,0.0,0.0,0.0,0.0,4.707566587077871,4.707566587077871,0.0,24.998896970412193,24.998896970412193,0.0,0
6.0,2.0,48.0,62.0,30972.88424037613,15986.27621540026,14986.608024975872,5468.198643546355,3421.909443445684,2046.2892001006717,42213.94659999393,ra,3.0,0.0,3.0,101.05785869222531,24.998896970412193,76.05896172181312,91.28034059238016,24.998896970412193,66.28144362196797,51.739716640051356,38.49648123876395,13.243235401287407,1
6.0,2.0,3.0,63.0,43852.38298306345,22912.25382809093,20940.12915497252,3553.9006048965416,3553.9006048965416,0.0,60876.22424217983,link,0.0,0.0,0.0,0.0,0.0,0.0,104.77792486073191,38.49648123876395,66.28144362196797,144.75930666581803,78.47786304385005,66.28144362196797,0
7.0,2.0,0.0,64.0,11819.728833092571,5668.999528653672,6150.729304438899,2312.6327385691666,0.0,2312.6327385691666,0.0,link,0.0,0.0,0.0,0.0,0.0,0.0,0.0,0.0,0.0,26.017118308903125,0.0,26.017118308903125,0
7.0,2.0,46.0,65.0,16750.439961073742,8281.792263693602,8468.64769738014,443.91171562073237,439.3743632250341,4.537352395698317,6667.955447556553,ra,6.0,0.0,6.0,74.02203550015909,4.9429615862816325,69.07907391387747,69.02802869942585,0.0,69.02802869942585,0.0,0.0,0.0,1
7.0,2.0,47.0,66.0,16803.00194301874,8309.644744099518,8493.35719891922,469.008092957891,4.438227533612364,464.56986542427865,6721.474926778252,ra,0.0,0.0,0.0,0.0,0.0,0.0,63.80161771340272,0.0,63.80161771340272,69.07795875917898,0.049930059753139105,69.02802869942585,0
7.0,2.0,2.0,67.0,31479.264687684805,14962.675134733858,16516.589552950947,2176.386974618303,2176.386974618303,0.0,25294.541879356693,link,0.0,0.0,0.0,0.0,0.0,0.0,63.85154777315586,0.049930059753139105,63.80161771340272,88.33590123761176,24.534283524209048,63.80161771340272,0
8.0,2.0,2.0,68.0,14782.369584642798,7482.847541600488,7299.522043042311,571.5351732524385,0.0,571.5351732524385,0.0,link,0.0,0.0,0.0,0.0,0.0,0.0,32.328407483319126,32.328407483319126,0.0,38.75817818240906,32.328407483319126,6.429770699089933,0
8.0,2.0,52.0,69.0,9208.206367128356,4168.183876582084,5040.022490546272,1091.488655298786,530.5477835235342,560.9408717752517,9055.824498122218,ra,6.0,0.0,6.0,44.60765485543046,38.29707004795888,6.310584807471581,32.328407483319126,32.328407483319126,0.0,0.0,0.0,0.0,1
8.0,2.0,0.0,70.0,9708.89067456805,5120.673657931851,4588.2170166362,557.603815055505,557.603815055505,0.0,21173.685305885127,link,0.0,0.0,0.0,0.0,0.0,0.0,0.0,0.0,0.0,6.273042919374432,6.273042919374432,0.0,0
9.0,2.0,2.0,71.0,31818.423136170015,16104.883545196824,15713.539590973189,3261.4825971182563,0.0,3261.4825971182563,0.0,link,0.0,0.0,0.0,0.0,0.0,0.0,75.97375723540823,46.52704392272691,29.44671331268132,112.66543645298862,46.52704392272691,66.1383925302617,0
9.0,2.0,55.0,72.0,36693.05587768159,18116.80864806472,18576.24722961687,5325.486521774037,2708.000893980142,2617.485627793895,15445.371783397328,ra,2.0,2.0,0.0,97.09939109699772,76.99205398000352,20.10733711699421,66.63438103972112,46.52704392272691,20.10733711699421,29.44671331268132,0.0,29.44671331268132,1
9.0,2.0,7.0,73.0,31601.85426430268,15291.911788888328,16309.942475414353,3142.329967824336,3142.329967824336,0.0,33157.12684688381,link,0.0,0.0,0.0,0.0,0.0,0.0,20.10733711699421,0.0,20.10733711699421,55.45854925501799,35.35121213802378,20.10733711699421,0
10.0,2.0,3.0,74.0,31606.669563938915,16070.547455207432,15536.122108731484,43.81406893215462,0.0,43.81406893215462,0.0,link,0.0,0.0,0.0,0.0,0.0,0.0,99.0215923619946,72.25981082102523,26.761781540969377,99.51450063748135,72.25981082102523,27.254689816456118,0
10.0,2.0,53.0,75.0,20482.292071415013,10386.965680851748,10095.326390563265,3859.9783717818373,1960.6175793947991,1899.3607923870384,14793.406531478646,ra,4.0,0.0,4.0,177.66122770002318,94.31675858921672,83.34446911080646,160.9982525584469,72.25981082102523,88.73844173742165,26.761781540969377,0.0,26.761781540969377,1
10.0,2.0,4.0,76.0,20473.61899569675,10382.534499411437,10091.084496285315,45.07964033000498,45.07964033000498,0.0,15227.535521101405,link,0.0,0.0,0.0,0.0,0.0,0.0,88.73844173742165,0.0,88.73844173742165,89.2455876911342,0.507145953712556,88.73844173742165,0
11.0,2.0,3.0,77.0,48420.054142922716,24599.82318293021,23820.230959992503,1269.8213138175106,0.0,1269.8213138175106,0.0,link,0.0,0.0,0.0,0.0,0.0,0.0,142.90417013924173,62.19047916850085,80.71369097074088,157.18965991968872,62.19047916850085,94.99918075118788,0
11.0,2.0,54.0,78.0,48814.99317229718,24295.434711773956,24519.55846052323,3388.4082292149897,1701.6312773650386,1686.7769518499513,6967.487148144968,ra,2.0,0.0,2.0,57.76373299040371,33.86582117413782,23.897911816265893,147.82584124719568,62.19047916850085,85.63536207869483,128.1817008354606,47.46800986471971,80.71369097074088,1
11.0,1.0,56.0,79.0,22284.926619444108,0.0,22284.926619444108,1685.094433220274,0.0,1685.094433220274,14053.388239050711,ra,0.0,0.0,0.0,0.0,0.0,0.0,66.67804970496675,0.0,66.67804970496675,85.63536207869483,0.0,85.63536207869483,0
11.0,2.0,5.0,80.0,42919.8251598076,21285.35848456856,21634.466675239044,2910.8952617885475,2910.8952617885475,0.0,19878.69006465457,link,0.0,0.0,0.0,0.0,0.0,0.0,114.14605956968646,47.46800986471971,66.67804970496675,146.89363126480762,80.21558155984087,66.67804970496675,0
12.0,2.0,4.0,81.0,53131.67233206281,26537.18348117461,26594.4888508882,1562.324430007989,0.0,1562.324430007989,0.0,link,0.0,0.0,0.0,0.0,0.0,0.0,60.72770591347865,60.72770591347865,0.0,78.30385575106853,60.72770591347865,17.576149837589874,0
12.0,0.0,58.0,82.0,22288.895823895957,22288.895823895957,0.0,3364.25769729557,3364.25769729557,0.0,13722.635716121396,ra,1.0,1.0,0.0,37.41418966624009,37.41418966624009,0.0,60.72770591347865,60.72770591347865,0.0,61.16141534181372,61.16141534181372,0.0,1
12.0,1.0,57.0,83.0,22492.6689728353,0.0,22492.6689728353,3393.592303197099,0.0,3393.592303197099,13775.369179933106,ra,2.0,0.0,2.0,99.84120989062522,0.0,99.84120989062522,61.66329647965785,0.0,61.66329647965785,0.0,0.0,0.0,1
12.0,2.0,5.0,84.0,44751.07719214048,22273.03927625819,22478.037915882287,1559.840879232986,1559.840879232986,0.0,20725.095833182608,link,0.0,0.0,0.0,0.0,0.0,0.0,122.82471182147157,61.16141534181372,61.66329647965785,140.37292171284267,78.70962523318482,61.66329647965785,0
13.0,2.0,4.0,85.0,25987.610544625633,13119.378445562592,12868.232099063043,1205.3834904693945,0.0,1205.3834904693945,0.0,link,0.0,0.0,0.0,0.0,0.0,0.0,51.34668500166862,16.400534127454794,34.94615087421382,64.9072492694493,16.400534127454794,48.506715141994505,0
13.0,2.0,59.0,86.0,13974.00634747334,7033.004117758563,6941.002229714777,6883.850493770728,3777.525971618388,3106.32452215234,36309.89528647439,ra,2.0,2.0,0.0,60.85819648752431,16.400534127454794,44.45766236006952,60.85819648752431,16.400534127454794,44.45766236006952,77.4433180549207,42.49716718070687,34.94615087421382,1
13.0,1.0,63.0,87.0,7362.494657393186,0.0,7362.494657393186,661.497609325267,0.0,661.497609325267,54986.89266391457,ra,1.0,0.0,1.0,14.916040624129584,0.0,14.916040624129584,51.93185487928985,0.0,51.93185487928985,44.45766236006952,0.0,44.45766236006952,1
13.0,0.0,62.0,88.0,7963.314490087364,7963.314490087364,0.0,1395.6084792930023,1395.6084792930023,0.0,55258.29185590623,ra,1.0,1.0,0.0,50.0,50.0,0.0,42.49716718070687,42.49716718070687,0.0,8.197762572753142,8.197762572753142,0.0,1
13.0,2.0,70.0,89.0,20915.585370117602,10623.723419117588,10291.861951000015,6679.2986941238505,3389.0040936651603,3290.29460045869,85720.88488710183,ra,1.0,1.0,0.0,8.197762572753142,8.197762572753142,0.0,23.113803196882728,8.197762572753142,14.916040624129584,90.0581509330229,38.12629605373305,51.93185487928985,1
13.0,1.0,71.0,90.0,10312.666692975632,0.0,10312.666692975632,1325.8702777004075,0.0,1325.8702777004075,92148.0377185692,ra,0.0,0.0,0.0,0.0,0.0,0.0,0.0,0.0,0.0,14.916040624129584,0.0,14.916040624129584,0
13.0,0.0,75.0,91.0,10865.41330620228,10865.41330620228,0.0,2225.2267853650983,2225.2267853650983,0.0,106351.19825280692,ra,0.0,-0.0,0.0,0.0,0.0,0.0,38.12629605373305,38.12629605373305,0.0,63.16009738909041,63.16009738909041,0.0,0
13.0,2.0,80.0,92.0,21769.313571554885,10924.77173173255,10844.541839822334,5231.405901354321,1587.860206417783,3643.5456949365375,121274.1282993086,ra,6.0,6.0,0.0,139.54540632458344,64.76632838344435,74.7790779411391,96.94928626219345,63.16009738909041,33.78918887310304,16.257196327846128,16.257196327846128,0.0,1
13.0,2.0,8.0,93.0,20326.83796736937,10049.65492309056,10277.18304427881,1199.9706688262263,1199.9706688262263,0.0,132616.96921985535,link,0.0,0.0,0.0,0.0,0.0,0.0,50.046385200949175,16.257196327846128,33.78918887310304,63.54605522524422,29.756866352141174,33.78918887310304,0
14.0,2.0,5.0,94.0,94497.82264774677,47019.26687675304,47478.55577099372,936.3425207579636,0.0,936.3425207579636,0.0,link,0.0,0.0,0.0,0.0,0.0,0.0,220.50272308631196,130.81021852662008,89.69250455969187,231.03657644483906,130.81021852662008,100.22635791821897,0
14.0,0.0,61.0,95.0,46935.18990316021,46935.18990316021,0.0,2174.788745042169,2174.788745042169,0.0,4629.482620571615,ra,1.0,1.0,0.0,50.0,50.0,0.0,130.81021852662008,130.81021852662008,0.0,105.27659190834447,105.27659190834447,0.0,1
14.0,1.0,60.0,96.0,47664.75200387175,0.0,47664.75200387175,2204.32457448694,0.0,2204.32457448694,4633.73189838993,ra,0.0,0.0,0.0,0.0,0.0,0.0,64.8938530967138,0.0,64.8938530967138,89.69250455969187,0.0,89.69250455969187,0
14.0,2.0,6.0,97.0,94641.69117202783,46900.62074452682,47741.07042750101,922.9194205020584,922.9194205020584,0.0,6596.600389256655,link,0.0,0.0,0.0,0.0,0.0,0.0,170.17044500505827,105.27659190834447,64.8938530967138,180.55328848570645,115.65943538899263,64.8938530967138,0
15.0,2.0,6.0,98.0,75207.49134104664,44538.30191090561,30669.189430141025,1884.850151816533,0.0,1884.850151816533,0.0,link,0.0,0.0,0.0,0.0,0.0,0.0,98.35554179584547,75.05544407335019,23.30009772249528,119.56010600378147,75.05544407335019,44.50466193043128,0
15.0,1.0,64.0,99.0,16721.32745245393,0.0,16721.32745245393,6515.564241999581,0.0,6515.564241999581,25738.743223846097,ra,1.0,0.0,1.0,50.0,0.0,50.0,0.0,0.0,0.0,23.30009772249528,0.0,23.30009772249528,1
15.0,0.0,65.0,100.0,16271.068415411031,16271.068415411031,0.0,7891.47329091754,7891.47329091754,0.0,25740.902218562274,ra,4.0,4.0,0.0,163.83451859617253,163.83451859617253,0.0,75.05544407335019,75.05544407335019,0.0,0.0,0.0,0.0,1
15.0,2.0,0.0,101.0,10998.091984936455,5379.561945168664,5618.530039767791,1825.012570497084,1825.012570497084,0.0,48631.17855592899,link,0.0,0.0,0.0,0.0,0.0,0.0,0.0,0.0,0.0,20.531391418092195,20.531391418092195,0.0,0
16.0,2.0,6.0,102.0,79740.5667298025,40135.953102102525,39604.61362769997,2800.895581315986,0.0,2800.895581315986,0.0,link,0.0,0.0,0.0,0.0,0.0,0.0,146.1047719265504,98.91482368285759,47.18994824369281,177.61484721635526,98.91482368285759,78.70002353349766,0
16.0,1.0,66.0,103.0,29014.9759926702,0.0,29014.9759926702,4194.662066106028,0.0,4194.662066106028,12316.83855333374,ra,0.0,0.0,0.0,0.0,0.0,0.0,0.0,0.0,0.0,47.18994824369281,0.0,47.18994824369281,0
16.0,0.0,67.0,104.0,29278.008085254503,29278.008085254503,0.0,4585.787822607259,4585.787822607259,0.0,12575.946688510528,ra,4.0,4.0,0.0,150.50493668718923,150.50493668718923,0.0,98.91482368285759,98.91482368285759,0.0,0.0,0.0,0.0,1
16.0,0.0,72.0,105.0,28145.02656728497,28145.02656728497,0.0,3642.99524799985,3642.99524799985,0.0,25449.08031583349,ra,0.0,0.0,0.0,0.0,0.0,0.0,0.0,0.0,0.0,40.98369653999831,40.98369653999831,0.0,0
16.0,1.0,74.0,106.0,25731.855828829863,0.0,25731.855828829863,3150.32793358614,0.0,3150.32793358614,32933.75197391795,ra,1.0,0.0,1.0,50.0,0.0,50.0,14.558810747155924,0.0,14.558810747155924,0.0,0.0,0.0,1
16.0,0.0,76.0,107.0,25418.722177742115,25418.722177742115,0.0,6370.068704760761,6370.068704760761,0.0,49497.46890143416,ra,2.0,2.0,0.0,100.0,100.0,0.0,40.98369653999831,40.98369653999831,0.0,12.646969468556868,12.646969468556868,0.0,1
16.0,1.0,77.0,108.0,25469.36930201462,0.0,25469.36930201462,3629.483350372933,0.0,3629.483350372933,49565.51842080065,ra,4.0,0.0,4.0,189.72568579553734,0.0,189.72568579553734,163.45280885099777,0.0,163.45280885099777,14.558810747155924,0.0,14.558810747155924,1
16.0,1.0,82.0,109.0,26935.54974771189,0.0,26935.54974771189,4731.076881969367,0.0,4731.076881969367,67595.96875209869,ra,0.0,0.0,0.0,0.0,0.0,0.0,110.22819392884239,0.0,110.22819392884239,163.45280885099777,0.0,163.45280885099777,0
16.0,0.0,83.0,110.0,27462.47510980443,27462.47510980443,0.0,5057.102637456699,5057.102637456699,0.0,68666.07464325256,ra,1.0,1.0,0.0,12.646969468556868,12.646969468556868,0.0,12.646969468556868,12.646969468556868,0.0,56.892404671387865,56.892404671387865,0.0,1
16.0,1.0,86.0,111.0,27163.152752819547,0.0,27163.152752819547,4196.376907454115,0.0,4196.376907454115,81021.89267340553,ra,0.0,0.0,0.0,0.0,0.0,0.0,63.01895371998359,0.0,63.01895371998359,110.22819392884239,0.0,110.22819392884239,0
16.0,0.0,89.0,112.0,29187.99844762554,29187.99844762554,0.0,6653.928103269676,6653.928103269676,0.0,92123.37906601596,ra,0.0,0.0,0.0,0.0,0.0,0.0,56.892404671387865,56.892404671387865,0.0,131.74909583317174,131.74909583317174,0.0,0
16.0,1.0,90.0,113.0,28376.998666581203,0.0,28376.998666581203,5601.684775109653,0.0,5601.684775109653,92203.5095301381,ra,0.0,0.0,0.0,0.0,0.0,0.0,0.0,0.0,0.0,63.01895371998359,0.0,63.01895371998359,0
16.0,2.0,94.0,114.0,71124.20344709541,35553.82790120941,35570.375545886,8755.239718801102,4299.63877333859,4455.600945462512,106046.11656904333,ra,6.0,0.0,6.0,267.94487460577915,131.74909583317174,136.1957787726074,217.81936396932588,131.74909583317174,86.07026813615414,48.37093620005914,48.37093620005914,0.0,1
16.0,2.0,12.0,115.0,71147.99996754559,35564.99998476318,35582.99998278241,2799.48715587504,2799.48715587504,0.0,113917.81076099534,link,0.0,0.0,0.0,0.0,0.0,0.0,134.44120433621327,48.37093620005914,86.07026813615414,165.9354348398075,79.86516670365334,86.07026813615414,0
18.0,2.0,7.0,118.0,26949.99999999783,13587.999999998794,13361.999999999038,1262.350888686173,0.0,1262.350888686173,0.0,link,0.0,0.0,0.0,0.0,0.0,0.0,29.88158808986237,29.88158808986237,0.0,44.08303558758182,29.88158808986237,14.201447497719446,0
18.0,0.0,68.0,119.0,13587.918618998609,13587.918618998609,0.0,1673.7828719547792,1673.7828719547792,0.0,12318.138045343778,ra,0.0,0.0,0.0,0.0,0.0,0.0,29.88158808986237,29.88158808986237,0.0,48.71164539935364,48.71164539935364,0.0,0
18.0,1.0,69.0,120.0,13361.93226547554,0.0,13361.93226547554,3620.13302138755,0.0,3620.13302138755,12346.305678813724,ra,1.0,0.0,1.0,40.72649649060994,0.0,40.72649649060994,0.0,0.0,0.0,0.0,0.0,0.0,1
18.0,2.0,73.0,121.0,21133.145613699366,10354.073130248858,10779.072483450507,3099.0639764514967,1773.464093458567,1325.5998829929297,27186.329383912336,ra,6.0,6.0,0.0,142.91461809534405,68.66311645076252,74.25150164458154,108.05014836026473,48.71164539935364,59.338502960911086,0.0,0.0,0.0,1
18.0,2.0,81.0,122.0,17024.72901544851,8263.2955761644,8761.433439284106,10407.127018587838,5132.593422062407,5274.533596525431,76811.9776614867,ra,1.0,0.0,1.0,50.0,0.0,50.0,50.0,0.0,50.0,117.08017895911317,57.74167599820208,59.338502960911086,1
18.0,0.0,84.0,123.0,7912.197813125354,7912.197813125354,0.0,1219.9477727403696,1219.9477727403696,0.0,91803.7907317536,ra,0.0,0.0,0.0,0.0,0.0,0.0,57.74167599820208,57.74167599820208,0.0,71.46608844153124,71.46608844153124,0.0,0
18.0,1.0,85.0,124.0,8875.838788593739,0.0,8875.838788593739,1785.784923800428,0.0,1785.784923800428,91872.46119703975,ra,1.0,0.0,1.0,31.377599537086326,0.0,31.377599537086326,61.287519144331505,0.0,61.287519144331505,50.0,0.0,50.0,1
18.0,2.0,92.0,125.0,47292.93717996864,22515.08265535503,24777.854524613613,4754.452437208462,3104.7402940346988,1649.7121431737628,121334.73270596893,ra,4.0,0.0,4.0,171.4620788647681,106.3944167494216,65.06766211534651,179.26200809050442,71.46608844153124,107.7959196489732,61.287519144331505,0.0,61.287519144331505,1
18.0,2.0,11.0,126.0,53098.00276723388,24816.36422563914,28281.638541594737,1125.0783643967968,1125.0783643967968,0.0,126075.53174156268,link,0.0,0.0,0.0,0.0,0.0,0.0,107.7959196489732,0.0,107.7959196489732,120.45305124843716,12.657131599463964,107.7959196489732,0
19.0,2.0,7.0,127.0,19888.0,9830.0,10058.0,1832.5223390000008,0.0,1832.5223390000008,0.0,link,0.0,0.0,0.0,0.0,0.0,0.0,20.179610742636658,20.179610742636658,0.0,40.79548705638666,20.179610742636658,20.615876313750007,0
19.0,2.0,0.0,128.0,19888.0,9830.0,10058.0,1790.9817650000002,1790.9817650000002,0.0,18219.57712193098,link,0.0,0.0,0.0,0.0,0.0,0.0,20.179610742636658,20.179610742636658,0.0,40.32815559888666,40.32815559888666,0.0,0
20.0,2.0,0.0,129.0,19481.000344743796,9701.000199905127,9780.000144838668,1585.946802063634,0.0,1585.946802063634,0.0,link,0.0,0.0,0.0,0.0,0.0,0.0,0.0,0.0,0.0,17.841901523215885,0.0,17.841901523215885,0
20.0,0.0,78.0,130.0,10133.998910338903,10133.998910338903,0.0,2201.810828978947,2201.810828978947,0.0,22308.899934453435,ra,0.0,0.0,0.0,0.0,0.0,0.0,0.0,0.0,0.0,24.770371826013154,24.770371826013154,0.0,0
20.0,1.0,79.0,131.0,10094.12847263898,0.0,10094.12847263898,2214.6793271343668,0.0,2214.6793271343668,22364.44986396924,ra,2.0,0.0,2.0,56.133946351119064,0.0,56.133946351119064,31.218803920857443,0.0,31.218803920857443,0.0,0.0,0.0,1
20.0,2.0,8.0,132.0,21962.97969081701,10983.990050020308,10978.989640796704,1594.243979477348,1594.243979477348,0.0,37253.22848420508,link,0.0,0.0,0.0,0.0,0.0,0.0,55.9891757468706,24.770371826013154,31.218803920857443,73.92442051599076,42.705616595133314,31.218803920857443,0
21.0,2.0,8.0,133.0,21649.000000000102,11074.000000000044,10575.00000000006,371.5843359997804,0.0,371.5843359997804,0.0,link,0.0,0.0,0.0,0.0,0.0,0.0,35.73866646045315,35.73866646045315,0.0,39.91899024045068,35.73866646045315,4.18032377999753,0
21.0,2.0,87.0,134.0,23288.999999928543,11776.999999969368,11511.999999959173,6542.587792704876,3329.21173105459,3213.376061650286,29246.642192588224,ra,6.0,0.0,6.0,194.36995068143082,35.73866646045315,158.63128422097768,158.21946998786507,35.73866646045315,122.48080352741192,37.45363197436413,37.45363197436413,0.0,1
21.0,2.0,10.0,135.0,23288.99999999982,11776.999999999924,11511.999999999898,380.1380059998352,380.1380059998352,0.0,32474.473610155062,link,0.0,0.0,0.0,0.0,0.0,0.0,159.93443550177605,37.45363197436413,122.48080352741192,164.2109880692742,41.73018454186227,122.48080352741192,0
22.0,2.0,8.0,136.0,18089.34980232114,9293.63667702267,8795.71312529847,2541.603617777336,0.0,2541.603617777336,0.0,link,0.0,0.0,0.0,0.0,0.0,0.0,41.60145157736416,23.04531987510878,18.55613170225538,70.19449227735919,23.04531987510878,47.14917240225041,0
22.0,2.0,9.0,137.0,22551.759921439094,11229.492180860212,11322.267740578884,2598.6403059127283,2598.6403059127283,0.0,25496.14409205573,link,0.0,0.0,0.0,0.0,0.0,0.0,41.60145157736416,23.04531987510878,18.55613170225538,70.83615501888237,52.28002331662698,18.55613170225538,0
24.0,2.0,9.0,140.0,25786.108144857673,12922.607317501452,12863.500827356223,310.22506737586025,0.0,310.22506737586025,0.0,link,0.0,0.0,0.0,0.0,0.0,0.0,99.99999999999997,99.99999999999997,0.0,103.4900320079784,99.99999999999997,3.4900320079784275,0
24.0,0.0,88.0,141.0,12911.612953719838,12911.612953719838,0.0,904.5214863572012,904.5214863572012,0.0,7001.124876882881,ra,2.0,2.0,0.0,99.99999999999997,99.99999999999997,0.0,99.99999999999997,99.99999999999997,0.0,10.175866721518513,10.175866721518513,0.0,1
24.0,1.0,91.0,142.0,12797.695040407143,0.0,12797.695040407143,2112.957697765236,0.0,2112.957697765236,10447.761196686972,ra,1.0,0.0,1.0,48.87330101146127,0.0,48.87330101146127,25.102526911602368,0.0,25.102526911602368,0.0,0.0,0.0,1
24.0,0.0,97.0,143.0,9570.738932827611,9570.738932827611,0.0,2755.7730122650837,2755.7730122650837,0.0,30840.569189513222,ra,0.0,0.0,0.0,0.0,0.0,0.0,10.175866721518513,10.175866721518513,0.0,41.178313109500706,41.178313109500706,0.0,0
24.0,1.0,98.0,144.0,9946.426208887748,0.0,9946.426208887748,2231.335725475766,0.0,2231.335725475766,30857.334061915197,ra,0.0,0.0,0.0,0.0,0.0,0.0,0.0,0.0,0.0,25.102526911602368,0.0,25.102526911602368,0
24.0,2.0,108.0,145.0,15887.706151607494,7870.705730584929,8017.000421022563,4501.986650504175,2168.389585344796,2333.5970651593784,55766.14861335632,ra,4.0,4.0,0.0,149.6465667742251,41.178313109500706,108.4682536647244,123.3935997911821,41.178313109500706,82.21528668168139,24.394382835128955,24.394382835128955,0.0,1
24.0,2.0,114.0,146.0,28294.020698251785,14163.55043686688,14130.470261384906,3453.816952067228,2111.307602382169,1342.5093496850593,76000.7341358558,ra,1.0,0.0,1.0,13.534125509263546,0.0,13.534125509263546,105.04056484211696,24.394382835128955,80.64618200698801,130.36188004360974,48.14659336192835,82.21528668168139,1
24.0,2.0,15.0,147.0,28738.67135022459,14383.312343962509,14355.35900626208,310.87767950128045,310.87767950128045,0.0,78175.47480337396,link,0.0,0.0,0.0,0.0,0.0,0.0,128.79277536891635,48.14659336192835,80.64618200698801,132.29014926330578,51.64396725631776,80.64618200698801,0
25.0,2.0,9.0,148.0,18444.994544675952,9036.997526482091,9407.99701819386,3162.573978652046,0.0,3162.573978652046,0.0,link,0.0,0.0,0.0,0.0,0.0,0.0,54.36721694976444,13.580048915975002,40.787168033789435,89.94617420959995,13.580048915975002,76.36612529362495,0
25.0,2.0,10.0,149.0,19006.727910032103,9665.34291491844,9341.384995113662,3137.608098414663,3137.608098414663,0.0,35248.172611532704,link,0.0,0.0,0.0,0.0,0.0,0.0,54.36721694976444,13.580048915975002,40.787168033789435,89.66530805692939,48.878140023139956,40.787168033789435,0
26.0,2.0,10.0,150.0,39799.09031594862,19727.656489472974,20071.433826475644,5432.50664953123,0.0,5432.50664953123,0.0,link,0.0,0.0,0.0,0.0,0.0,0.0,114.31439767024719,50.61065380572222,63.70374386452496,175.4300974774735,50.61065380572222,124.81944367175129,0
26.0,2.0,11.0,151.0,61239.02764165262,31319.794471237463,29919.23317041516,5527.098799836521,5527.098799836521,0.0,24120.7762535988,link,0.0,0.0,0.0,0.0,0.0,0.0,114.31439767024719,50.61065380572222,63.70374386452496,176.49425916840804,112.79051530388308,63.70374386452496,0
27.0,2.0,11.0,152.0,68446.95855219441,33632.332120978645,34814.626431215765,4475.01586176286,0.0,4475.01586176286,0.0,link,0.0,0.0,0.0,0.0,0.0,0.0,161.1165630340069,74.66281173623354,86.45375129777338,211.46049147883912,74.66281173623354,136.79767974260557,0
27.0,0.0,99.0,153.0,29715.95485159294,29715.95485159294,0.0,4959.050959781504,4959.050959781504,0.0,15398.281487957354,ra,2.0,2.0,0.0,93.80116184982965,93.80116184982965,0.0,74.66281173623354,74.66281173623354,0.0,36.650973183945815,36.650973183945815,0.0,1
27.0,1.0,100.0,154.0,27462.225943179787,0.0,27462.225943179787,4427.600028969178,0.0,4427.600028969178,15788.230047158857,ra,1.0,0.0,1.0,41.139343237342594,0.0,41.139343237342594,77.78259420921273,0.0,77.78259420921273,86.45375129777338,0.0,86.45375129777338,1
27.0,2.0,107.0,155.0,39803.00077214074,18775.259985557448,21027.74078658329,8521.51974910427,4077.7617235109983,4443.758025593273,32030.585088502547,ra,1.0,1.0,0.0,50.0,36.650973183945815,13.349026816054188,77.79031642128841,36.650973183945815,41.139343237342594,123.65741359871146,45.87481938949873,77.78259420921273,1
27.0,0.0,111.0,156.0,14923.34787730996,14923.34787730996,0.0,3332.683703707982,3332.683703707982,0.0,51994.455333056,ra,0.0,0.0,0.0,0.0,0.0,0.0,45.87481938949873,45.87481938949873,0.0,83.36751105621353,83.36751105621353,0.0,0
27.0,1.0,110.0,157.0,16064.78653282132,0.0,16064.78653282132,3656.830509986008,0.0,3656.830509986008,52217.78598274018,ra,0.0,0.0,0.0,0.0,0.0,0.0,0.0,0.0,0.0,41.139343237342594,0.0,41.139343237342594,0
27.0,2.0,113.0,158.0,28115.732693263828,13396.479626617023,14719.253066646805,8182.361978154302,4151.774424898176,4030.5875532561263,80453.83595296173,ra,3.0,0.0,3.0,138.59675086135456,83.36751105621353,55.22923980514102,93.25264088722312,83.36751105621353,9.885129831009596,46.70746228010449,46.70746228010449,0.0,1
27.0,0.0,115.0,159.0,16210.1141141057,16210.1141141057,0.0,2741.8648075464444,2741.8648075464444,0.0,99290.1862589441,ra,0.0,0.0,0.0,0.0,0.0,0.0,46.70746228010449,46.70746228010449,0.0,77.55344136500199,77.55344136500199,0.0,0
27.0,2.0,116.0,160.0,34177.78966749807,16266.79151473384,17910.998152764234,6377.116285600918,1294.989846913013,5082.126438687905,107271.26953267986,ra,4.0,4.0,0.0,191.90204288748757,46.70746228010449,145.19458060738307,175.45922936815572,77.55344136500199,97.90578800315372,55.29974469367849,45.4146148626689,9.885129831009596,1
27.0,2.0,15.0,161.0,39893.99999984566,18725.9999999336,21167.99999991206,3972.0067852374737,3972.0067852374737,0.0,128894.5131374644,link,0.0,0.0,0.0,0.0,0.0,0.0,143.32040286582262,45.4146148626689,97.90578800315372,188.00547919974417,90.09969119659047,97.90578800315372,0
28.0,2.0,11.0,162.0,61992.2787513973,31725.31224782596,30266.96650357134,2390.702240646126,0.0,2390.702240646126,0.0,link,0.0,0.0,0.0,0.0,0.0,0.0,151.29218608843883,97.13521884596433,54.15696724247449,178.18758629570772,97.13521884596433,81.0523674497434,0
28.0,0.0,93.0,163.0,30439.224167938333,30439.224167938333,0.0,1072.7833528404256,1072.7833528404256,0.0,3445.559107155475,ra,2.0,2.0,0.0,53.83577121433163,53.83577121433163,0.0,97.13521884596433,97.13521884596433,0.0,55.3682603510875,55.3682603510875,0.0,1
28.0,0.0,95.0,164.0,18498.90877462081,18498.90877462081,0.0,3967.265746570001,3967.265746570001,0.0,21968.34571810977,ra,2.0,2.0,0.0,100.0,100.0,0.0,55.3682603510875,55.3682603510875,0.0,0.0,0.0,0.0,1
28.0,1.0,96.0,165.0,17419.186332491074,0.0,17419.186332491074,4813.95264377551,0.0,4813.95264377551,22264.116411144965,ra,0.0,0.0,0.0,0.0,0.0,0.0,0.0,0.0,0.0,54.15696724247449,0.0,54.15696724247449,0
28.0,2.0,0.0,166.0,16044.983216716417,8425.399218263456,7619.583998452962,2682.96218463007,2682.96218463007,0.0,40879.27967798362,link,0.0,0.0,0.0,0.0,0.0,0.0,0.0,0.0,0.0,30.18332457708829,30.18332457708829,0.0,0
30.0,2.0,12.0,169.0,31173.00771278776,15334.689159172884,15838.318553614876,1373.022338283504,0.0,1373.022338283504,0.0,link,0.0,0.0,0.0,0.0,0.0,0.0,124.17436785851704,40.7716073605025,83.40276049801454,139.62086916420645,40.7716073605025,98.84926180370397,0
30.0,0.0,101.0,170.0,15342.168535706442,15342.168535706442,0.0,288.7002299566512,288.7002299566512,0.0,1882.30501330568,ra,0.0,0.0,0.0,0.0,0.0,0.0,40.7716073605025,40.7716073605025,0.0,44.019484947514826,44.019484947514826,0.0,0
30.0,1.0,102.0,171.0,15008.380189154295,0.0,15008.380189154295,2426.954705703304,0.0,2426.954705703304,15325.375723611753,ra,0.0,0.0,0.0,0.0,0.0,0.0,56.09952005885237,0.0,56.09952005885237,83.40276049801454,0.0,83.40276049801454,0
30.0,0.0,103.0,172.0,14615.10439288337,14615.10439288337,0.0,2123.5391790607955,2123.5391790607955,0.0,15632.211521401772,ra,0.0,0.0,0.0,0.0,0.0,0.0,44.019484947514826,44.019484947514826,0.0,67.90930071194879,67.90930071194879,0.0,0
30.0,2.0,13.0,173.0,18934.390172572806,9143.138576923604,9791.251595649202,1268.116655371192,1268.116655371192,0.0,27311.590572612236,link,0.0,0.0,0.0,0.0,0.0,0.0,124.00882077080115,67.90930071194879,56.09952005885237,138.27513314372706,82.1756130848747,56.09952005885237,0
31.0,2.0,12.0,174.0,61211.26177444921,30941.90070843765,30269.36106601156,584.8788313855799,0.0,584.8788313855799,0.0,link,0.0,0.0,0.0,0.0,0.0,0.0,140.3010577444315,99.37674880410995,40.92430894032154,146.88094459751926,99.37674880410995,47.50419579340931,0
31.0,1.0,106.0,175.0,29780.03490857172,0.0,29780.03490857172,3637.7163502508033,0.0,3637.7163502508033,10173.779430297054,ra,0.0,0.0,0.0,0.0,0.0,0.0,0.0,0.0,0.0,40.92430894032154,0.0,40.92430894032154,0
31.0,0.0,105.0,176.0,30402.95414259374,30402.95414259374,0.0,3119.852058011688,3119.852058011688,0.0,10175.429354581129,ra,0.0,0.0,0.0,0.0,0.0,0.0,99.37674880410995,99.37674880410995,0.0,134.47508445674143,134.47508445674143,0.0,0
31.0,2.0,109.0,177.0,62402.93424977723,31525.727911032645,30877.20633874459,6816.570463211742,3762.4191873927257,3054.1512758190165,22337.14837090233,ra,5.0,0.0,5.0,230.96551606975984,144.46005752307525,86.5054585466846,186.6213411504621,134.47508445674143,52.14625669372066,32.34224279183437,32.34224279183437,0.0,1
31.0,2.0,14.0,178.0,62766.261417807065,31611.05780980601,31155.20360800105,595.148026243029,595.148026243029,0.0,24222.213413881997,link,0.0,0.0,0.0,0.0,0.0,0.0,84.48849948555502,32.34224279183437,52.14625669372066,91.18391478078911,39.03765808706845,52.14625669372066,0
32.0,2.0,13.0,179.0,24034.000000000007,12223.000000000004,11811.000000000004,4986.624005231322,0.0,4986.624005231322,0.0,link,0.0,0.0,0.0,0.0,0.0,0.0,82.1756130848747,82.1756130848747,0.0,138.27513314372706,82.1756130848747,56.09952005885237,0
32.0,2.0,104.0,180.0,24034.000000001273,12223.000000000631,11811.000000000642,545.6198680000062,277.4865460000031,268.13332200000315,2270.21285318104,ra,4.0,4.0,0.0,175.92355059637404,85.29733672737473,90.62621386899932,169.78532708137396,82.1756130848747,87.60971399649927,0.0,0.0,0.0,1
32.0,2.0,16.0,181.0,35472.0,17897.0,17575.0,5106.43524839964,5106.43524839964,0.0,35413.56901786664,link,0.0,0.0,0.0,0.0,0.0,0.0,87.60971399649927,0.0,87.60971399649927,145.0571105409952,57.44739654449595,87.60971399649927,0
33.0,2.0,14.0,182.0,25491.39192820705,13297.332945790267,12194.058982416784,2901.9645133205213,0.0,2901.9645133205213,0.0,link,0.0,0.0,0.0,0.0,0.0,0.0,17.841651548632115,17.841651548632115,0.0,50.48875232348798,17.841651548632115,32.647100774855865,0
33.0,2.0,0.0,183.0,27433.939184964896,13761.985453193762,13671.953731771133,3014.5666133482373,3014.5666133482373,0.0,22213.61178663945,link,0.0,0.0,0.0,0.0,0.0,0.0,17.841651548632115,17.841651548632115,0.0,51.75552594879977,51.75552594879977,0.0,0
34.0,2.0,14.0,184.0,40290.981728268656,40289.53408577645,1.4476424922008384,4807.99244961434,0.0,4807.99244961434,0.0,link,0.0,0.0,0.0,0.0,0.0,0.0,55.78676567773287,55.78676567773287,0.0,109.87668073589421,55.78676567773287,54.08991505816133,0
34.0,2.0,112.0,185.0,40084.67942148965,20069.25833080312,20015.421090686526,5879.593873458729,4738.491686036754,1141.1021874219755,14615.98862167376,ra,3.0,3.0,0.0,130.53571959047963,85.96190499626401,44.57381459421561,87.52318066345126,55.78676567773287,31.73641498571838,23.13289214938234,23.13289214938234,0.0,1
34.0,0.0,120.0,186.0,19233.978995985926,19233.978995985926,0.0,2388.1873644993475,2388.1873644993475,0.0,26934.149163868184,ra,1.0,1.0,0.0,50.0,50.0,0.0,23.13289214938234,23.13289214938234,0.0,0.0,0.0,0.0,1
34.0,2.0,20.0,187.0,42848.93314386101,20473.58046065553,22375.352683205478,2247.134627658472,2247.134627658472,0.0,38220.85948462789,link,0.0,0.0,0.0,0.0,0.0,0.0,31.73641498571838,0.0,31.73641498571838,57.01667954687619,25.280264561157807,31.73641498571838,0
35.0,2.0,0.0,188.0,13637.0,6766.0,6871.0,2412.026759499997,0.0,2412.026759499997,0.0,link,0.0,0.0,0.0,0.0,0.0,0.0,40.891598058323964,0.0,40.891598058323964,68.02689910269892,0.0,68.02689910269892,0
35.0,2.0,16.0,189.0,13637.0,6766.0,6871.0,2375.1670869999966,2375.1670869999966,0.0,35104.46295422166,link,0.0,0.0,0.0,0.0,0.0,0.0,40.891598058323964,0.0,40.891598058323964,67.61222778707392,26.720629728749962,40.891598058323964,0
36.0,2.0,15.0,190.0,63592.0,31158.0,32434.0,1263.5151210000006,0.0,1263.5151210000006,0.0,link,0.0,0.0,0.0,0.0,0.0,0.0,207.46025408748667,92.43324382075158,115.02701026673509,221.67479919873668,92.43324382075158,129.2415553779851,0
36.0,0.0,121.0,191.0,31158.0,31158.0,0.0,1862.7498720000008,1862.7498720000008,0.0,5978.406282256154,ra,2.0,2.0,0.0,89.99752668578293,89.99752668578293,0.0,92.43324382075158,92.43324382075158,0.0,23.39165319496867,23.39165319496867,0.0,1
36.0,1.0,122.0,192.0,32434.0,0.0,32434.0,2232.9998150000006,0.0,2232.9998150000006,6884.764105769136,ra,1.0,0.0,1.0,3.7347152026960764,0.0,3.7347152026960764,93.64047755068117,0.0,93.64047755068117,115.02701026673509,0.0,115.02701026673509,1
36.0,2.0,17.0,193.0,63592.0,31158.0,32434.0,1496.2071600000006,1496.2071600000006,0.0,10780.414990255447,link,0.0,0.0,0.0,0.0,0.0,0.0,117.03213074564984,23.39165319496867,93.64047755068117,133.86446129564985,40.22398374496868,93.64047755068117,0
37.0,2.0,16.0,194.0,61280.64411621449,31014.17446373309,30266.469652481403,3075.322007033439,0.0,3075.322007033439,0.0,link,0.0,0.0,0.0,0.0,0.0,0.0,148.2221165358509,64.08413259926202,84.13798393658885,182.81948911497705,64.08413259926202,118.73535651571504,0
37.0,0.0,117.0,195.0,31188.918197802075,31188.918197802075,0.0,476.2646699717726,476.2646699717726,0.0,1531.6015518302704,ra,0.0,0.0,0.0,0.0,0.0,0.0,64.08413259926202,64.08413259926202,0.0,69.44211013644446,69.44211013644446,0.0,0
37.0,2.0,18.0,196.0,64809.52507699492,32882.29003408458,31927.235042910343,2677.0230036732487,2677.0230036732487,0.0,9891.283544490125,link,0.0,0.0,0.0,0.0,0.0,0.0,153.5800940730333,69.44211013644446,84.13798393658885,183.69660286435737,99.5586189277685,84.13798393658885,0
38.0,2.0,17.0,197.0,73980.90840881804,36437.73642199968,37543.17198681836,8581.895963178365,0.0,8581.895963178365,0.0,link,0.0,0.0,0.0,0.0,0.0,0.0,62.577032404244875,62.577032404244875,0.0,159.12336199000148,62.577032404244875,96.54632958575661,0
38.0,1.0,118.0,198.0,38288.38488121995,0.0,38288.38488121995,3563.200636081027,0.0,3563.200636081027,5385.572941871728,ra,2.0,0.0,2.0,74.50977221386107,0.0,74.50977221386107,34.42376505794952,0.0,34.42376505794952,0.0,0.0,0.0,1
38.0,0.0,119.0,199.0,38355.566312925184,38355.566312925184,0.0,2619.00122524035,2619.00122524035,0.0,7097.786060466791,ra,1.0,1.0,0.0,49.99999999999999,49.99999999999999,0.0,62.577032404244875,62.577032404244875,0.0,42.04079618819881,42.04079618819881,0.0,1
38.0,1.0,123.0,200.0,41712.9401712972,0.0,41712.9401712972,2031.1114551113544,0.0,2031.1114551113544,14257.714169889843,ra,0.0,0.0,0.0,0.0,0.0,0.0,11.57376118794678,0.0,11.57376118794678,34.42376505794952,0.0,34.42376505794952,0
38.0,0.0,124.0,201.0,40728.86630783911,40728.86630783911,0.0,2848.889850605756,2848.889850605756,0.0,14300.505499646226,ra,0.0,0.0,0.0,0.0,0.0,0.0,42.04079618819881,42.04079618819881,0.0,74.09080700751356,74.09080700751356,0.0,0
38.0,2.0,22.0,202.0,105896.44285789959,51540.438437961006,54356.004419938574,8230.021979980831,8230.021979980831,0.0,31585.43416751235,link,0.0,0.0,0.0,0.0,0.0,0.0,85.66456819546033,74.09080700751356,11.573761187946777,178.2523154702447,166.6785542822979,11.57376118794678,0
39.0,2.0,17.0,203.0,25562.278853813234,12328.30028963884,13233.978564174393,1988.332963522788,0.0,1988.332963522788,0.0,link,0.0,0.0,0.0,0.0,0.0,0.0,58.77005588456391,30.845802549997256,27.924253334566654,81.13880172419526,30.845802549997256,50.29299917419801,0
39.0,2.0,24.0,204.0,21529.452943652228,10591.584479212725,10937.868464439502,1897.3687907956744,1897.3687907956744,0.0,17071.72988124704,link,0.0,0.0,0.0,0.0,0.0,0.0,58.77005588456391,30.845802549997256,27.924253334566654,80.11545478101525,52.19120144644859,27.924253334566654,0
40.0,2.0,18.0,205.0,25932.838407847834,12821.14586322636,13111.692544621475,1674.795944952231,0.0,1674.795944952231,0.0,link,0.0,0.0,0.0,0.0,0.0,0.0,74.9021673141497,54.11037985985673,20.791787454292972,93.74362169486228,54.11037985985672,39.63324183500556,0
40.0,2.0,26.0,206.0,22387.89451536771,11334.707010656924,11053.187504710784,1671.626697283136,1671.626697283136,0.0,13785.599210644326,link,0.0,0.0,0.0,0.0,0.0,0.0,74.9021673141497,54.11037985985672,20.791787454292972,93.70796765858498,72.916180204292,20.791787454292972,0
41.0,2.0,18.0,207.0,65100.064380541284,32409.67765592153,32690.38672461976,8031.948343872269,0.0,8031.948343872269,0.0,link,0.0,0.0,0.0,0.0,0.0,0.0,91.30291583489154,91.30291583489154,0.0,181.66233470345458,91.30291583489154,90.35941886856304,0
41.0,1.0,126.0,208.0,33015.8306660751,0.0,33015.8306660751,515.7447983857179,0.0,515.7447983857179,1570.6218936678245,ra,2.0,0.0,2.0,89.47077789468275,0.0,89.47077789468275,83.66864891284344,0.0,83.66864891284344,0.0,0.0,0.0,1
41.0,0.0,125.0,209.0,32828.808927873586,32828.808927873586,0.0,517.979810454405,517.979810454405,0.0,1588.999800427482,ra,2.0,2.0,0.0,97.13018870250359,97.13018870250359,0.0,91.30291583489154,91.30291583489154,0.0,-8.881784197001252e-16,-8.881784197001252e-16,0.0,1
41.0,2.0,25.0,210.0,107717.84336110209,52411.86349298975,55305.979868112336,8019.395375229603,8019.395375229603,0.0,19664.682517120145,link,0.0,0.0,0.0,0.0,0.0,0.0,83.66864891284344,-8.881784197001252e-16,83.66864891284344,173.88684688417646,90.21819797133303,83.66864891284344,0
42.0,2.0,0.0,211.0,64323.0,34358.0,29965.000000000004,292.1437675,0.0,292.1437675,0.0,link,0.0,0.0,0.0,0.0,0.0,0.0,66.92040155430968,0.0,66.92040155430968,70.20701893868466,0.0,70.20701893868466,0
42.0,2.0,21.0,212.0,64323.0,34358.0,29965.0,334.9733210000001,334.9733210000001,0.0,974.9930872178356,link,0.0,0.0,0.0,0.0,0.0,0.0,66.92040155430968,0.0,66.92040155430968,70.68885141555968,3.7684498612500015,66.92040155430968,0
43.0,2.0,20.0,213.0,150198.49863614666,75767.44894346851,74431.04969267815,256.5387159589935,0.0,256.5387159589935,0.0,link,0.0,0.0,0.0,0.0,0.0,0.0,116.2730230516831,116.2730230516831,0.0,119.15908360622177,116.2730230516831,2.8860605545386773,0
43.0,2.0,127.0,214.0,143910.62075712613,71622.8655725805,72287.75518454562,14695.550707760216,7361.674053195678,7333.876654564538,10005.69209126666,ra,9.0,0.0,9.0,447.6824475016098,197.8262809111942,249.85616659041557,283.6230772782476,116.2730230516831,167.3500542265645,1.265575238940236,1.265575238940236,0.0,1
43.0,2.0,22.0,215.0,143835.3128743358,71573.22723597237,72262.08563836341,254.1351114407348,254.1351114407348,0.0,10360.675542503666,link,0.0,0.0,0.0,0.0,0.0,0.0,168.61562946550475,1.265575238940236,167.3500542265645,171.474649469213,4.1245952426485015,167.3500542265645,0
44.0,2.0,20.0,216.0,153959.0,74263.0,79696.0,3498.654400000002,0.0,3498.654400000002,0.0,link,0.0,0.0,0.0,0.0,0.0,0.0,132.16319275279162,20.57357448869896,111.58961826409265,171.5230547527916,20.57357448869896,150.94948026409264,0
44.0,2.0,21.0,217.0,153959.0,74263.0,79696.0,3260.145700000001,3260.145700000001,0.0,4390.047146032249,link,0.0,0.0,0.0,0.0,0.0,0.0,132.16319275279162,20.57357448869896,111.58961826409265,168.83983187779162,57.250213613698975,111.58961826409265,0
45.0,2.0,20.0,218.0,62196.76002530598,32348.66402655705,29848.09599874893,1778.4316575225057,0.0,1778.4316575225057,0.0,link,0.0,0.0,0.0,0.0,0.0,0.0,30.54014900081689,30.54014900081689,0.0,50.54750514794508,30.54014900081689,20.007356147128192,0
45.0,2.0,129.0,219.0,59803.760630072626,31496.773292559403,28306.987337513223,6019.401556958648,3144.575633708264,2874.8259232503847,9849.378972750012,ra,3.0,0.0,3.0,125.77511188737847,60.70885780790967,65.0662540794688,63.264611443718856,30.54014900081689,32.72446244290197,5.207767072125177,5.207767072125177,0.0,1
45.0,2.0,27.0,220.0,59265.836631097605,31619.71560399585,27646.121027101755,2008.7677610146968,2008.7677610146968,0.0,16227.553730454052,link,0.0,0.0,0.0,0.0,0.0,0.0,37.932229515027146,5.207767072125177,32.72446244290197,60.530866826442484,27.806404383540517,32.72446244290197,0
46.0,2.0,21.0,221.0,122056.36331156333,58092.14471186193,63964.2185997014,6279.260644728073,0.0,6279.260644728073,0.0,link,0.0,0.0,0.0,0.0,0.0,0.0,125.56429961566033,39.3573127626989,86.20698685296142,196.20598186885118,39.3573127626989,156.84866910615227,0
46.0,2.0,23.0,222.0,131872.70614633957,62497.919354533005,69374.78679180656,5678.044393759095,5678.044393759095,0.0,9404.55520736285,link,0.0,0.0,0.0,0.0,0.0,0.0,125.56429961566033,39.3573127626989,86.20698685296142,189.44229904545014,103.23531219248872,86.20698685296142,0
47.0,2.0,22.0,223.0,38579.295537849815,18952.69215084102,19626.6033870088,1763.219166427337,0.0,1763.219166427337,0.0,link,0.0,0.0,0.0,0.0,0.0,0.0,54.45585314333819,33.08570143804043,21.370151705297758,74.29206876564572,33.08570143804043,41.20636732760529,0
47.0,2.0,128.0,224.0,35162.62482989687,17399.45971996509,17763.16510993178,7435.637995433931,3663.3854298437486,3772.2525655901823,19815.112780906624,ra,3.0,0.0,3.0,145.1080918978431,74.2987875237826,70.8093043740605,82.82731615450913,33.08570143804043,49.7416147164687,21.370151705297765,7.105427357601002e-15,21.370151705297758,1
47.0,2.0,28.0,225.0,35062.11998304022,16961.141448801816,18100.9785342384,1675.651535543216,1675.651535543216,0.0,29618.33132225415,link,0.0,0.0,0.0,0.0,0.0,0.0,49.74161471646871,7.105427357601002e-15,49.7416147164687,68.5926944913299,18.851079774861187,49.7416147164687,0
48.0,2.0,24.0,226.0,16009.999934388854,7856.999966820751,8152.999967568103,2252.387938481718,0.0,2252.387938481718,0.0,link,0.0,0.0,0.0,0.0,0.0,0.0,19.774764930515886,19.774764930515886,0.0,45.11412923843521,19.774764930515886,25.339364307919325,0
48.0,2.0,0.0,227.0,10228.9496360124,5180.369177535584,5048.580458476815,2203.4039084147803,2203.4039084147803,0.0,34790.83034290512,link,0.0,0.0,0.0,0.0,0.0,0.0,19.774764930515886,19.774764930515886,0.0,44.563058900182156,44.563058900182156,0.0,0
50.0,2.0,23.0,230.0,167288.29083468003,89420.76920845687,77867.52162622314,2077.529087866036,0.0,2077.529087866036,0.0,link,0.0,0.0,0.0,0.0,0.0,0.0,170.84799359569604,101.68804805097717,69.15994554471885,194.22019583418893,101.68804805097717,92.53214778321177,0
50.0,2.0,25.0,231.0,167733.1420677742,89424.56834914754,78308.57371862668,2379.090073396836,2379.090073396836,0.0,2660.513408818963,link,0.0,0.0,0.0,0.0,0.0,0.0,170.84799359569604,101.68804805097717,69.15994554471885,197.6127569214104,128.45281137669156,69.15994554471885,0
51.0,2.0,23.0,232.0,68004.42841151668,33685.47219088722,34318.956220629465,2606.4986391770226,0.0,2606.4986391770226,0.0,link,0.0,0.0,0.0,0.0,0.0,0.0,82.36357396829996,56.93684060365146,25.426733364648502,111.68668365904148,56.93684060365146,54.749843055390016,0
51.0,0.0,130.0,233.0,33100.995903315394,33100.995903315394,0.0,783.1629546866914,783.1629546866914,0.0,2344.9972799662905,ra,3.0,3.0,0.0,39.503479922125074,39.503479922125074,0.0,56.93684060365146,56.93684060365146,0.0,26.24394392175166,26.24394392175166,0.0,1
51.0,2.0,27.0,234.0,64426.23565632764,31754.48892503164,32671.746731296,1762.794004348873,1762.794004348873,0.0,7784.588682143257,link,0.0,0.0,0.0,0.0,0.0,0.0,51.67067728640016,26.24394392175166,25.426733364648502,71.50210983532499,46.07537647067648,25.426733364648502,0
53.0,2.0,24.0,237.0,26623.0,13216.0,13407.000000000002,1301.209681500001,0.0,1301.209681500001,0.0,link,0.0,0.0,0.0,0.0,0.0,0.0,71.72442923200323,58.09729281908181,13.62713641292142,86.36303814887823,58.09729281908181,28.265745329796427,0
53.0,2.0,28.0,238.0,26623.0,13216.0,13407.0,1282.6722719999998,1282.6722719999998,0.0,9705.486491353968,link,0.0,0.0,0.0,0.0,0.0,0.0,71.72442923200323,58.09729281908181,13.62713641292142,86.15449229200323,72.52735587908181,13.62713641292142,0
54.0,2.0,25.0,239.0,63790.74308365228,33602.55553767664,30188.187545975637,914.669079332492,0.0,914.669079332492,0.0,link,0.0,0.0,0.0,0.0,0.0,0.0,75.33620371953968,75.33620371953968,0.0,85.62623086203021,75.33620371953968,10.290027142490535,0
54.0,2.0,131.0,240.0,33762.441558617626,17029.212737248363,16733.228821369263,7185.418002340216,3714.280971775646,3471.13703056457,14118.05957838652,ra,4.0,0.0,4.0,167.45008948248062,68.87467368738996,98.57541579509065,134.8613279207789,75.33620371953968,59.52512420123922,48.24719096462574,48.24719096462574,0.0,1
54.0,2.0,26.0,241.0,32484.774457444895,16371.354345937669,16113.420111507226,929.5714925260236,929.5714925260236,0.0,19751.672738570145,link,0.0,0.0,0.0,0.0,0.0,0.0,107.77231516586497,48.24719096462574,59.52512420123922,118.22999445678272,58.704870255543504,59.52512420123922,0
55.0,2.0,26.0,242.0,35611.19993600926,17306.49996896785,18304.699967041404,3651.9540270608895,0.0,3651.9540270608895,0.0,link,0.0,0.0,0.0,0.0,0.0,0.0,92.38862160873829,92.38862160873829,0.0,133.4731044131733,92.38862160873829,41.084482804435005,0
55.0,2.0,132.0,243.0,34335.6700861098,16687.900230609903,17647.769855499897,3806.716178738113,1850.014875297545,1956.701303440568,10714.232916978135,ra,5.0,0.0,5.0,135.21417861954205,113.20128895583566,22.01288966370639,92.38862160873829,92.38862160873829,0.0,0.0,0.0,0.0,1
55.0,2.0,0.0,244.0,9015.000278806967,4116.000142012323,4899.000136794644,3382.273931804988,3382.273931804988,0.0,47911.36687265736,link,0.0,0.0,0.0,0.0,0.0,0.0,0.0,0.0,0.0,38.050581732806116,38.050581732806116,0.0,0
56.0,2.0,27.0,245.0,67553.51728478492,34432.267085202984,33121.25019958193,2367.0237097169543,0.0,2367.0237097169543,0.0,link,0.0,0.0,0.0,0.0,0.0,0.0,42.35960178098227,42.35960178098227,0.0,68.988618515298,42.35960178098227,26.629016734315737,0
56.0,1.0,134.0,246.0,28345.05378073905,0.0,28345.05378073905,1429.461201904893,0.0,1429.461201904893,14670.942506693847,ra,1.0,0.0,1.0,19.937864494802753,0.0,19.937864494802753,3.856425973372705,0.0,3.856425973372705,0.0,0.0,0.0,1
56.0,0.0,133.0,247.0,28758.648000424007,28758.648000424007,0.0,4635.222356187495,4635.222356187495,0.0,14715.488271793003,ra,0.0,0.0,0.0,0.0,0.0,0.0,42.35960178098227,42.35960178098227,0.0,94.50585328809159,94.50585328809159,0.0,0
56.0,2.0,135.0,248.0,47006.10408228616,24072.8864014428,22933.21768084336,5972.3380643838445,1468.7067383505575,4503.631326033287,20490.182643268578,ra,4.0,4.0,0.0,167.24348674063782,84.8363024277655,82.40718431287233,130.10361115646214,94.50585328809159,35.59775786837056,30.048927640142562,26.192501666769857,3.856425973372705,1
56.0,2.0,29.0,249.0,45237.32656378552,23422.054813020965,21815.27175076456,2510.3156903599324,2510.3156903599324,0.0,31051.51115001564,link,0.0,0.0,0.0,0.0,0.0,0.0,61.790259535140414,26.192501666769857,35.59775786837056,90.03131105168964,54.43355318331909,35.59775786837056,0
57.0,2.0,28.0,250.0,21608.0,10785.0,10823.000000000002,664.3049169999997,0.0,664.3049169999997,0.0,link,0.0,0.0,0.0,0.0,0.0,0.0,35.48311484080286,35.48311484080286,0.0,42.36417462746195,34.890744311211954,7.473430316249997,0
57.0,2.0,0.0,251.0,21608.0,10785.000000000002,10823.0,661.972515,661.972515,0.0,6137.906286244384,link,0.0,0.0,0.0,0.0,0.0,0.0,34.890744311211954,34.890744311211954,0.0,38.636330508409024,38.636330508409024,0.0,0
59.0,2.0,29.0,254.0,41763.642422810655,21836.31144790283,19927.330974907825,64.19229876066692,0.0,64.19229876066692,0.0,link,0.0,0.0,0.0,0.0,0.0,0.0,79.23833776523827,36.83763866085598,42.40069910438229,79.96050112629578,36.83763866085598,43.122862465439795,0
59.0,0.0,137.0,255.0,11226.947197214342,11226.947197214342,0.0,4281.442654724177,4281.442654724177,0.0,25939.716113189967,ra,2.0,2.0,0.0,85.00386852650298,85.00386852650298,0.0,36.83763866085598,36.83763866085598,0.0,0.0,0.0,0.0,1
59.0,1.0,138.0,256.0,8142.41876965786,0.0,8142.41876965786,3768.951031500648,0.0,3768.951031500648,26235.491957639333,ra,0.0,0.0,0.0,0.0,0.0,0.0,0.0,0.0,0.0,42.40069910438229,0.0,42.40069910438229,0
59.0,2.0,0.0,257.0,19030.167720862108,11064.89566740363,7965.272053458477,121.79539004601152,121.79539004601152,0.0,27032.750454879864,link,0.0,0.0,0.0,0.0,0.0,0.0,0.0,0.0,0.0,1.3701981380176296,1.3701981380176296,0.0,0
60.0,2.0,29.0,258.0,15204.999638753205,7325.999839362642,7878.999799390564,589.7618799510744,0.0,589.7618799510744,0.0,link,0.0,0.0,0.0,0.0,0.0,0.0,31.755840268981938,31.755840268981938,0.0,38.39066141843153,31.755840268981938,6.634821149449587,0
60.0,2.0,136.0,259.0,13825.298552554461,6712.4814864233695,7112.817066131092,1621.7030872016057,781.773481624616,839.9296055769897,10738.631570167296,ra,1.0,0.0,1.0,50.00000000000001,40.55079193725887,9.449208062741134,31.755840268981938,31.755840268981938,0.0,0.0,0.0,0.0,1
60.0,2.0,0.0,260.0,9900.001134069504,4967.000504292169,4933.000629777334,588.1442988228391,588.1442988228391,0.0,22135.2935483001,link,0.0,0.0,0.0,0.0,0.0,0.0,0.0,0.0,0.0,6.6166233617569405,6.6166233617569405,0.0,0
