Time of calculation: 20210916-174749; value of objective: 846786.4125204866;  acc=20;  ec=0.25;  e_tax=0.15;  cfix=50000;  cvar=10000;  eta=0.7;  hours_of_constant_charging=20;  i=0.05;  T=10
highway,name,asfinag_position,direction,asfinag_type,traffic_flow,traffic_flow_1,energy_demand,energy_demand_1,pXi_dir,pYi_dir,pYi_dir_1,pE_charged,pE_charged_1,pE_input,pE_input_1,pE_output,pE_output_1,traffic_flow_0,energy_demand_0,pYi_dir_0,pE_charged_0,pE_input_0,pE_output_0
A1,'Parkplatz Großraum’,27.42,2.0,2.0,25490.00000000002,13297.00000000001,59974.325349551335,14541.089445096652,1.0,41.0,10.0,41000.0,10000.0,0.0,0.0,982.0277446859309,178.76261156765577,12193.00000000001,45433.23590445468,31.0,31000.0,0.0,803.2651331182751
A1,'Steinhäusl',32.7,2.0,0.0,63195.99999999913,31709.9999999998,111561.50482266714,77129.62227259546,0.0,55.0,55.0,54020.669615945866,54020.669615945866,982.0277446859309,178.76261156765577,25054.41150460706,148.82858643860587,31485.99999999933,34431.882550071685,-0.0,0.0,803.2651331182751,24905.582918168453
A1,'Kesselhof',44.88,1.0,1.0,30234.999996719125,30234.999996719125,109130.95569981833,109130.95569981833,1.0,76.0,76.0,76000.0,76000.0,148.82858643860587,148.82858643860587,540.4975763114277,540.4975763114277,0.0,0.0,0.0,0.0,0.0,0.0
A1,'Kirchstetten',44.88,0.0,1.0,29897.99999542764,0.0,72732.0809427628,0.0,1.0,76.0,0.0,75818.03957810241,0.0,24905.582918168453,0.0,0.0,0.0,29897.99999542764,72732.0809427628,76.0,75818.03957810241,24905.582918168453,0.0
A1,'St. Pölten',62.9,2.0,0.0,71148.0,35565.0,227454.84943410664,99032.43203384092,1.0,80.0,29.0,80000.0,29000.0,540.4975763114277,540.4975763114277,79758.89218018606,40863.20000000006,35583.0,128422.41740026572,51.0,51000.0,0.0,38895.692180186
A1,'Schallaburg',76.81,1.0,1.0,29188.0,29188.0,136934.36037638868,136934.36037638868,1.0,99.0,99.0,99000.0,99000.0,40863.20000000006,40863.20000000006,37717.25226347213,37717.25226347213,0.0,0.0,0.0,0.0,0.0,0.0
A1,'Roggendorf',76.82,0.0,1.0,28377.0,0.0,78562.33219617409,0.0,1.0,57.0,0.0,56999.99999999999,0.0,38895.692180186,0.0,36889.324717507865,0.0,28377.0,78562.33219617409,57.0,56999.99999999999,38895.692180186,36889.324717507865
A1,'Ornding',88.04,0.0,1.0,27048.0,0.0,60488.07492270462,0.0,1.0,43.0,0.0,43000.00000000019,0.0,36889.324717507865,0.0,36230.97716340091,0.0,27048.0,60488.07492270462,43.0,43000.00000000019,36889.324717507865,36230.97716340091
A1,'Ybbs',100.32,1.0,0.0,27161.40445083877,27161.40445083877,104129.25066774894,104129.25066774894,1.0,76.0,76.0,75546.24000972083,75546.24000972083,37717.25226347213,37717.25226347213,35061.48772117556,35061.48772117556,0.0,0.0,0.0,0.0,0.0,0.0
A1,'Kemmelbach',101.38,0.0,0.0,26898.000000000207,0.0,72226.10016870651,0.0,1.0,53.0,0.0,53000.0,0.0,36230.97716340091,0.0,33789.24728149547,0.0,26898.000000000207,72226.10016870651,53.0,53000.0,36230.97716340091,33789.24728149547
A1,'Viehdorf',118.17,0.0,1.0,25545.0,0.0,92117.57063469278,0.0,1.0,82.0,0.0,82000.0,0.0,33789.24728149547,0.0,16271.546725780405,0.0,25545.0,92117.57063469278,82.0,82000.0,33789.24728149547,16271.546725780405
A1,'Amstetten',119.36,1.0,1.0,25407.0,25407.0,56128.53142795883,56128.53142795883,1.0,74.0,74.0,74000.0,74000.0,35061.48772117556,35061.48772117556,351.45972074673773,351.45972074673773,0.0,0.0,0.0,0.0,0.0,0.0
A1,'Parkplatz Zeillern’,124.31,0.0,2.0,24685.0,0.0,24100.57479449837,0.0,0.0,0.0,0.0,0.0,0.0,16271.546725780405,0.0,33141.94908192926,0.0,24685.0,24100.57479449837,-0.0,0.0,16271.546725780405,33141.94908192926
A1,'Oed',130.52,1.0,2.0,26849.69206306653,26849.69206306653,69822.67372138443,69822.67372138443,1.0,48.0,48.0,48000.0,48000.0,351.45972074673773,351.45972074673773,1227.331325715837,1227.331325715837,0.0,0.0,0.0,0.0,0.0,0.0
A1,'Strengberg',136.0,0.0,0.0,25773.0,0.0,60567.28709144443,0.0,1.0,76.0,0.0,75539.05004594036,0.0,33141.94908192926,0.0,0.0,0.0,25773.0,60567.28709144443,76.0,75539.05004594036,33141.94908192926,0.0
A1,'Haag',143.54,1.0,0.0,28172.0,28172.0,72532.38382040594,72532.38382040594,1.0,52.0,52.0,52000.0,52000.0,1227.331325715837,1227.331325715837,-7.275957614183426e-12,-7.275957614183426e-12,0.0,0.0,0.0,0.0,0.0,0.0
A1,'Ennsblick',147.1,0.0,2.0,27181.0,0.0,59900.9099344678,0.0,1.0,38.0,0.0,38000.00000000013,0.0,0.0,0.0,3930.6369541273343,0.0,27181.0,59900.9099344678,38.0,38000.00000000013,0.0,3930.6369541273343
A1,'Parkplatz Ennsdorf’,152.88,0.0,2.0,26232.408315204048,0.0,30328.56812345904,0.0,0.0,0.0,0.0,0.0,0.0,3930.6369541273343,0.0,25160.634640548662,0.0,26232.408315204048,30328.56812345904,-0.0,0.0,3930.6369541273343,25160.634640548662
A1,'Enns Süd',156.19,1.0,1.0,29648.737115098505,29648.737115098505,86236.6993060754,86236.6993060754,1.0,19.0,19.0,19000.0,19000.0,-7.275957614183426e-12,-7.275957614183426e-12,41365.68951425277,41365.68951425277,0.0,0.0,0.0,0.0,0.0,0.0
A1,'Enns Nord',156.79,0.0,1.0,29791.88732837659,0.0,22744.768825614865,0.0,0.0,0.0,0.0,0.0,0.0,25160.634640548662,0.0,41081.972818479066,0.0,29791.88732837659,22744.768825614865,0.0,0.0,25160.634640548662,41081.972818479066
A1,'Ansfelden Süd',170.93,1.0,0.0,46681.64620523784,46681.64620523784,108599.64670259466,108599.64670259466,1.0,87.0,87.0,87000.0,87000.0,41365.68951425277,41365.68951425277,30385.442206069034,30385.442206069034,0.0,0.0,0.0,0.0,0.0,0.0
A1,'Ansfelden Nord',171.01,0.0,0.0,48225.58896718505,0.0,137729.45647842763,0.0,1.0,107.0,0.0,106475.60968212367,0.0,41081.972818479066,0.0,31016.98267125473,0.0,48225.58896718505,137729.45647842763,107.0,106475.60968212367,41081.972818479066,31016.98267125473
A1,'Allhaming Süd',182.59,1.0,1.0,22273.0,22273.0,132032.00498622254,132032.00498622254,1.0,92.0,92.0,91625.6456964248,91625.6456964248,30385.442206069034,30385.442206069034,31182.200000000004,31182.200000000004,0.0,0.0,0.0,0.0,0.0,0.0
A1,'Allhaming Nord',182.6,0.0,1.0,22478.0,0.0,52074.59618392183,0.0,1.0,36.0,0.0,36000.0,0.0,31016.98267125473,0.0,31469.200000000004,0.0,22478.0,52074.59618392183,36.0,36000.0,31016.98267125473,31469.200000000004
A1,'Lindach Nord',212.26,0.0,0.0,24091.0,0.0,143292.1869458095,0.0,1.0,111.0,0.0,110741.53086206663,0.0,31469.200000000004,0.0,21032.200000000004,0.0,24091.0,143292.1869458095,111.0,110741.53086206663,31469.200000000004,21032.200000000004
A1,'Lindach Süd',212.27,1.0,0.0,24205.0,24205.0,88500.71292866017,88500.71292866017,1.0,70.0,70.0,69975.237563857,69975.237563857,31182.200000000004,31182.200000000004,23157.461486205113,23157.461486205113,0.0,0.0,0.0,0.0,0.0,0.0
A1,'Hainbach Süd',230.7,1.0,1.0,16641.0,16641.0,43626.88664048988,43626.88664048988,1.0,31.0,31.0,31000.0,31000.0,23157.461486205113,23157.461486205113,22696.282134548026,22696.282134548026,0.0,0.0,0.0,0.0,0.0,0.0
A1,'Hainbach Nord',230.72,0.0,1.0,15023.0,0.0,55447.073726717535,0.0,1.0,59.0,0.0,58941.31652824283,0.0,21032.200000000004,0.0,903.8350804594484,0.0,15023.0,55447.073726717535,59.0,58941.31652824283,21032.200000000004,903.8350804594484
A1,'Straß',243.67,1.0,1.0,16828.67483549712,16828.67483549712,52286.93331258195,52286.93331258195,1.0,38.0,38.0,38000.0,38000.0,22696.282134548026,22696.282134548026,21297.13545335539,21297.13545335539,0.0,0.0,0.0,0.0,0.0,0.0
A1,'Wildenhag Nord',243.76,0.0,2.0,17111.546808170722,0.0,44396.07377615938,0.0,1.0,27.0,0.0,27000.0,0.0,903.8350804594484,0.0,4981.086723771012,0.0,17111.546808170722,44396.07377615938,27.0,27000.0,903.8350804594484,4981.086723771012
A1,'Oberwang',251.03,0.0,1.0,15727.0,0.0,23256.052200310536,0.0,0.0,0.0,0.0,0.0,0.0,4981.086723771012,0.0,21260.323263988386,0.0,15727.0,23256.052200310536,0.0,0.0,4981.086723771012,21260.323263988386
A1,'Mondsee',259.23,2.0,0.0,31060.001681777,15333.000799448411,60471.650280389,35129.25494322955,1.0,84.0,45.0,84000.0,45000.0,42557.458717343776,21297.13545335539,887.6139136160728,887.6139136160728,15727.000882328592,25342.39533715945,39.0,39000.0,21260.323263988386,0.0
A1,‘Parkplatz Ölgraben’,268.98,0.0,2.0,18793.0,0.0,36691.95858378413,0.0,0.0,0.0,0.0,0.0,0.0,0.0,0.0,25684.37100864889,0.0,18793.0,36691.95858378413,0.0,0.0,0.0,25684.37100864889
A1,'Vetterbach',270.63,1.0,2.0,18111.0,18111.0,24972.45872010481,24972.45872010481,1.0,15.0,15.0,14999.999999999998,14999.999999999998,887.6139136160728,887.6139136160728,3368.3350176894387,3368.3350176894387,0.0,0.0,0.0,0.0,0.0,0.0
A1,'Enzersberg',274.82,0.0,2.0,21891.999995182963,0.0,25643.70256417291,0.0,1.0,14.0,0.0,14000.0,0.0,25684.37100864889,0.0,29634.962803569924,0.0,21891.999995182963,25643.70256417291,14.0,14000.0,25684.37100864889,29634.962803569924
A1,'Salzburger Vorland',277.55,1.0,2.0,21776.0,21776.0,38740.09283187224,38740.09283187224,0.0,0.0,0.0,7.536451338122152e-12,7.536451338122152e-12,3368.3350176894387,3368.3350176894387,30486.4,30486.4,0.0,0.0,0.0,0.0,0.0,0.0
A1,'Söllheim',286.46,1.0,0.0,28864.537464121862,28864.537464121862,82339.63927517904,82339.63927517904,1.0,87.0,87.0,86730.64843897012,86730.64843897012,30486.4,30486.4,1393.4990536552052,1393.4990536552052,0.0,0.0,0.0,0.0,0.0,0.0
A1,'Kasern',287.89,0.0,0.0,38922.8495638266,0.0,101432.70404041585,0.0,1.0,100.0,0.0,99793.74887224716,0.0,29634.962803569924,0.0,844.1067596138564,0.0,38922.8495638266,101432.70404041585,100.0,99793.74887224716,29634.962803569924,844.1067596138564
A1,'Walserberg Süd',300.71,1.0,0.0,14880.00000000295,14880.00000000295,866.4299233497069,866.4299233497069,1.0,2.0,2.0,2000.0,2000.0,1393.4990536552052,1393.4990536552052,0.0,0.0,0.0,0.0,0.0,0.0,0.0,0.0
A1,'Walserberg Nord',300.73,0.0,0.0,12964.000000008587,0.0,33079.84748626592,0.0,1.0,24.0,0.0,24000.0,0.0,844.1067596138564,0.0,0.0,0.0,12964.000000008587,33079.84748626592,24.0,24000.0,844.1067596138564,0.0
A10,'Glanegg/West',4.28,0.0,2.0,30225.0,0.0,10702.59495982983,0.0,0.0,0.0,0.0,0.0,0.0,0.0,0.0,7491.81647188088,0.0,30225.0,10702.59495982983,-0.0,0.0,0.0,7491.81647188088
A10,'Untersberg/Ost',4.37,1.0,2.0,30061.0,30061.0,79010.53992075186,79010.53992075186,1.0,55.0,55.0,55000.0,55000.0,0.0,0.0,307.37794452629896,307.37794452629896,0.0,0.0,0.0,0.0,0.0,0.0
A10,'Bruderloch',17.53,1.0,2.0,24652.0,24652.0,55144.78387577903,55144.78387577903,1.0,12.0,12.0,12000.0,12000.0,307.37794452629896,307.37794452629896,26908.72665757162,26908.72665757162,0.0,0.0,0.0,0.0,0.0,0.0
A10,'Golling Ost',28.76,1.0,0.0,19647.00094772099,19647.00094772099,83619.98278708411,83619.98278708411,1.0,85.0,85.0,85000.0,85000.0,26908.72665757162,26908.72665757162,442.7146085304921,442.7146085304921,0.0,0.0,0.0,0.0,0.0,0.0
A10,'Golling West',28.82,0.0,0.0,19875.000668287423,0.0,97340.81805238585,0.0,1.0,75.0,0.0,74950.71174115042,0.0,7491.81647188088,0.0,679.6773674005599,0.0,19875.000668287423,97340.81805238585,75.0,74950.71174115042,7491.81647188088,679.6773674005599
A10,'Werfen',40.34,0.0,2.0,19354.0,0.0,44743.31804657062,0.0,1.0,32.0,0.0,32000.0,0.0,679.6773674005599,0.0,-1.0913936421275139e-11,0.0,19354.0,44743.31804657062,32.0,32000.0,679.6773674005599,-1.0913936421275139e-11
A10,'Klausgraben Ost’,50.01,1.0,2.0,16076.0,16076.0,29740.34522214243,29740.34522214243,0.0,0.0,0.0,0.0,0.0,442.7146085304921,442.7146085304921,21260.956264030192,21260.956264030192,0.0,0.0,0.0,0.0,0.0,0.0
A10,'Klausgraben West’,50.01,0.0,2.0,16224.0,0.0,31431.033067450226,0.0,0.0,0.0,0.0,0.0,0.0,-1.0913936421275139e-11,0.0,22001.723147215147,0.0,16224.0,31431.033067450226,0.0,0.0,-1.0913936421275139e-11,22001.723147215147
A10,'Eben Süd',59.21,2.0,0.0,31555.3674870556,15557.95086744994,63864.366982730906,63790.382994454136,0.0,45.0,45.0,44699.20968390641,44699.20968390641,43262.679411245335,21260.956264030192,43268.52661525056,21215.014676241673,15997.416619605658,73.98398827676816,0.0,0.0,22001.723147215147,22053.511939008884
A10,'Eben Nord',59.32,2.0,0.0,31554.16119307871,15556.997933878209,29667.927073449984,71.94716372837226,1.0,50.0,21.0,50000.0,21000.0,43268.52661525056,21215.014676241673,14036.075566665544,265.37769085153377,15997.1632592005,29595.979909721613,29.0,29000.0,22053.511939008884,13770.69787581401
A10,'Rohr',71.25,0.0,2.0,10976.0,0.0,26372.39981658969,0.0,1.0,18.0,0.0,18000.0,0.0,13770.69787581401,0.0,14231.377747426792,0.0,10976.0,26372.39981658969,18.0,18000.0,13770.69787581401,14231.377747426792
A10,'Tauernalm',79.79,2.0,0.0,21522.867721662667,10619.213162511343,62621.10903795498,44112.74691892924,1.0,30.0,17.0,30000.0,17000.0,14496.755438278326,265.37769085153377,28331.531764846804,14144.300534101998,10903.654559151322,18508.36211902574,13.0,13000.0,14231.377747426792,14187.231230744808
A10,'Lungau',97.91,0.0,0.0,10877.0,0.0,39524.43281357246,0.0,1.0,34.0,0.0,34000.0,0.0,14187.231230744808,0.0,7854.334200245528,0.0,10877.0,39524.43281357246,34.0,34000.0,14187.231230744808,7854.334200245528
A10,'Lanschütz',100.6,1.0,1.0,10558.5,10558.5,33491.70982869735,33491.70982869735,1.0,37.0,37.0,37000.0,37000.0,14144.300534101998,14144.300534101998,588.4974141901421,588.4974141901421,0.0,0.0,0.0,0.0,0.0,0.0
A10,'Rennweg',112.45,0.0,2.0,6878.0,0.0,19876.6578731468,0.0,1.0,13.0,0.0,13000.0,0.0,7854.334200245528,0.0,8767.994711448287,0.0,6878.0,19876.6578731468,13.0,13000.0,7854.334200245528,8767.994711448287
A10,'Ried’,116.47,1.0,2.0,7303.0,7303.0,13765.2894082998,13765.2894082998,0.0,0.0,-0.0,0.0,0.0,588.4974141901421,588.4974141901421,10224.2,10224.2,0.0,0.0,0.0,0.0,0.0,0.0
A10,'Eisentratten',125.92,2.0,0.0,14180.999999999998,7302.999999999999,41606.555089056084,23123.34435403022,1.0,40.0,26.0,39032.67526406522,26000.0,18992.19471144829,10224.2,9084.10800972233,410.5410478211543,6877.999999999999,18483.210735025867,14.0,13032.675264065218,8767.994711448287,8673.566961901175
A10,'Seeboden',141.72,1.0,2.0,14455.0,14455.0,36156.364361422005,36156.364361422005,1.0,21.0,21.0,21000.0,21000.0,410.5410478211543,410.5410478211543,4719.996100816557,4719.996100816557,0.0,0.0,0.0,0.0,0.0,0.0
A10,'Wolfsberg',142.25,0.0,2.0,14500.0,0.0,47498.89492913899,0.0,1.0,41.0,0.0,41000.0,0.0,8673.566961901175,0.0,922.7934122984661,0.0,14500.0,47498.89492913899,41.0,41000.0,8673.566961901175,922.7934122984661
A10,'Kamering',154.29,1.0,2.0,14749.703862513728,14749.703862513728,22698.628013917983,22698.628013917983,0.0,0.0,-0.0,0.0,0.0,4719.996100816557,4719.996100816557,20609.03571055914,20609.03571055914,0.0,0.0,0.0,0.0,0.0,0.0
A10,'Feistritz an der Drau',162.01,2.0,0.0,29679.0,14750.0,122093.03941770014,63411.31572098366,1.0,107.0,65.0,106996.9567152477,64996.956715247696,21531.829122857605,20609.03571055914,0.0,0.0,14929.0,58681.72369671648,42.0,42000.0,922.7934122984661,0.0
A11,'St. Niklas/Nord',2.11,1.0,2.0,7502.999999999997,7502.999999999997,10409.086151425912,10409.086151425912,1.0,1.0,1.0,1000.0,1000.0,0.0,0.0,6286.360305998138,6286.360305998138,0.0,0.0,0.0,0.0,0.0,0.0
A11,'Rosegg',9.04,2.0,0.0,9108.5,4802.0,19444.03423128799,11637.99349052014,1.0,21.0,15.0,19897.18426789973,14432.955749362236,6286.360305998138,6286.360305998138,0.0,0.0,4306.5,7806.040740767851,6.0,5464.228518537496,0.0,0.0
A12,'Langkampfen Süd',9.32,1.0,2.0,11349.585916642443,11349.585916642443,27244.807627465096,27244.807627465096,1.0,4.0,4.0,4000.0,4000.0,0.0,0.0,15071.365339225566,15071.365339225566,0.0,0.0,0.0,0.0,0.0,0.0
A12,'Angath Süd',14.1,2.0,0.0,39222.99999999994,19314.99999999997,56148.10872631689,3.820475553634762,1.0,29.0,15.0,29000.0,15000.0,15071.365339225566,15071.365339225566,25375.04144764739,74.03967211311101,19907.99999999997,56144.28825076325,14.0,14000.0,0.0,25301.001775534278
A12,'Angath Nord',14.22,2.0,0.0,39222.99999999994,19314.99999999997,86003.9180407436,85999.98027075542,0.0,60.0,60.0,59852.87351556074,59852.87351556074,25375.04144764739,74.03967211311101,25724.910560607164,421.152346081155,19907.99999999997,3.93776998818332,0.0,0.0,25301.001775534278,25303.75821452601
A12,'Münster Nord',35.71,0.0,1.0,18334.0,0.0,79565.35290639894,0.0,1.0,81.0,0.0,80843.6768414946,0.0,25303.75821452601,0.0,155.82840751066033,0.0,18334.0,79565.35290639894,81.0,80843.6768414946,25303.75821452601,155.82840751066033
A12,'Münster Süd',36.25,1.0,1.0,18162.0,18162.0,51027.0984567292,51027.0984567292,1.0,36.0,36.0,36000.0,36000.0,421.152346081155,421.152346081155,140.12126579159306,140.12126579159306,0.0,0.0,0.0,0.0,0.0,0.0
A12,'Vomp',50.47,1.0,0.0,24431.999999991072,24431.999999991072,22234.356307397185,22234.356307397185,1.0,13.0,13.0,12999.999999999998,12999.999999999998,140.12126579159306,140.12126579159306,2704.1706809696243,2704.1706809696243,0.0,0.0,0.0,0.0,0.0,0.0
A12,'Weer',54.8,0.0,0.0,24110.000189607712,0.0,91922.39487971723,0.0,1.0,64.0,0.0,64000.0,0.0,155.82840751066033,0.0,501.50482331271996,0.0,24110.000189607712,91922.39487971723,64.0,64000.0,155.82840751066033,501.50482331271996
A12,'Weer Süd',55.0,1.0,1.0,24141.001987531265,24141.001987531265,44418.90300224888,44418.90300224888,0.0,0.0,0.0,6.280376115101795e-11,6.280376115101795e-11,2704.1706809696243,2704.1706809696243,33797.40278254377,33797.40278254377,0.0,0.0,0.0,0.0,0.0,0.0
A12,'Volders/Karlskirche',64.18,1.0,2.0,27543.0,27543.0,89230.87375309618,89230.87375309618,1.0,58.0,58.0,58000.0,58000.0,33797.40278254377,33797.40278254377,38259.0144097111,38259.0144097111,0.0,0.0,0.0,0.0,0.0,0.0
A12,'Hall in Tirol',66.28,0.0,2.0,28148.000000002427,0.0,63926.9286125208,0.0,1.0,37.0,0.0,37000.0,0.0,501.50482331271996,0.0,8250.354852077278,0.0,28148.000000002427,63926.9286125208,37.0,37000.0,501.50482331271996,8250.354852077278
A12,'Ampaß',72.07,0.0,0.0,35539.999996608014,0.0,42439.32195018204,0.0,0.0,0.0,0.0,0.0,0.0,8250.354852077278,0.0,37957.88021720471,0.0,35539.999996608014,42439.32195018204,-0.0,0.0,8250.354852077278,37957.88021720471
A12,'Sieglanger',80.39,1.0,2.0,31124.793431490507,31124.793431490507,96002.72792907088,96002.72792907088,1.0,79.0,79.0,78864.0763867458,78864.0763867458,38259.0144097111,38259.0144097111,26596.84757331492,26596.84757331492,0.0,0.0,0.0,0.0,0.0,0.0
A12,'Kematen',86.01,0.0,2.0,27475.052704552163,0.0,75774.45683256471,0.0,1.0,91.0,0.0,91000.0,0.0,37957.88021720471,0.0,0.0,0.0,27475.052704552163,75774.45683256471,91.0,91000.0,37957.88021720471,0.0
A12,'Zirl-Inzing',91.77,0.0,1.0,20799.0,0.0,24661.258850671245,0.0,0.0,0.0,0.0,0.0,0.0,0.0,0.0,17262.881195469872,0.0,20799.0,24661.258850671245,0.0,0.0,0.0,17262.881195469872
A12,'Pettnau',95.81,2.0,0.0,37922.0,19033.0,43167.59505459553,28529.34948129648,1.0,36.0,28.0,35610.80358160201,28000.0,43859.72876878479,26596.84757331492,38466.24172539965,18567.392210222453,18889.0,14638.245573299051,8.0,7610.803581602015,17262.881195469872,19898.849515177193
A12,'Telfs Süd',103.3,1.0,2.0,13364.77793940206,13364.77793940206,40593.43969968221,40593.43969968221,1.0,32.0,32.0,32000.0,32000.0,18567.392210222453,18567.392210222453,14982.8,14982.8,0.0,0.0,0.0,0.0,0.0,0.0
A12,'Telfs Nord',103.33,0.0,2.0,14213.46393941228,0.0,21325.917954749177,0.0,1.0,21.0,0.0,21000.0,0.0,19898.849515177193,0.0,13826.992083501616,0.0,14213.46393941228,21325.917954749177,21.0,21000.0,19898.849515177193,13826.992083501616
A12,'Haiming Süd',118.5,1.0,2.0,10702.0,10702.0,32071.449465739544,32071.449465739544,1.0,28.0,28.0,27950.47305998343,27950.47305998343,14982.8,14982.8,9482.34156603425,9482.34156603425,0.0,0.0,0.0,0.0,0.0,0.0
A12,'Imst Süd',133.49,1.0,2.0,9240.0,9240.0,3679.211043329945,3679.211043329945,0.0,0.0,0.0,0.0,0.0,9482.34156603425,9482.34156603425,12057.789296365212,12057.789296365212,0.0,0.0,0.0,0.0,0.0,0.0
A12,'Imst Nord',133.84,0.0,2.0,10262.0,0.0,62601.679390679135,0.0,1.0,44.0,0.0,44000.0,0.0,13826.992083501616,0.0,13648.167656977006,0.0,10262.0,62601.679390679135,44.0,44000.0,13826.992083501616,13648.167656977006
A12,'Mils',135.51,2.0,0.0,19502.000000000833,9240.000000000804,21880.454342200468,18488.872433763983,1.0,28.0,25.0,28000.0,25000.0,25705.95695334222,12057.789296365212,13022.274992882545,0.0,10262.00000000003,3391.5819084364844,3.0,3000.0,13648.167656977006,13022.274992882545
A12,'Kronburg Zams',142.7,0.0,2.0,10312.0,0.0,14879.919522915665,0.0,1.0,24.0,0.0,23438.21865892351,0.0,13022.274992882545,0.0,0.0,0.0,10312.0,14879.919522915665,24.0,23438.21865892351,13022.274992882545,0.0
A13,'Patsch',6.24,0.0,2.0,21023.0,0.0,26094.725326847616,0.0,0.0,0.0,0.0,0.0,0.0,0.0,0.0,18266.30772879333,0.0,21023.0,26094.725326847616,0.0,0.0,0.0,18266.30772879333
A13,'Europabrücke',8.27,2.0,0.0,41638.0,20615.0,32388.526624106256,23936.231437805232,1.0,39.0,17.0,38755.36200646366,16755.362006463663,18266.30772879333,0.0,2182.9143592040455,0.0,21023.0,8452.295186301024,22.0,22000.0,18266.30772879333,2182.9143592040455
A13,'Gschleirs',14.05,1.0,2.0,14822.0,14822.0,8546.704281737584,8546.704281737584,0.0,0.0,-0.0,0.0,0.0,0.0,0.0,5982.692997216309,5982.692997216309,0.0,0.0,0.0,0.0,0.0,0.0
A13,'Matrei West',16.79,0.0,0.0,15161.0,0.0,25846.426928735076,0.0,0.0,0.0,0.0,0.0,0.0,2182.9143592040455,0.0,20275.413209318598,0.0,15161.0,25846.426928735076,0.0,0.0,2182.9143592040455,20275.413209318598
A13,'Matrei Ost',16.95,2.0,0.0,29983.0,14822.0,16734.882296516167,16235.578741496129,1.0,25.0,4.0,24509.604976913244,3884.6792790804357,26258.106206534907,5982.692997216309,13462.918837182977,13462.918837183162,15161.0,499.30355502003806,21.0,20624.92569783281,20275.413209318598,-1.8553691916167736e-10
A13,'Wipptalerhof Ost',22.41,1.0,2.0,10896.000000000471,10896.000000000471,2559.258804024997,2559.258804024997,0.0,0.0,-0.0,0.0,0.0,13462.918837183162,13462.918837183162,15254.40000000066,15254.40000000066,0.0,0.0,0.0,0.0,0.0,0.0
A13,'Wipptalerhof West',22.56,0.0,2.0,11615.000000000608,0.0,13021.650439480618,0.0,0.0,0.0,0.0,0.0,0.0,-1.8553691916167736e-10,0.0,9115.155307636247,0.0,11615.000000000608,13021.650439480618,-0.0,0.0,-1.8553691916167736e-10,9115.155307636247
A13,'Plon',23.61,1.0,2.0,10896.000000525348,10896.000000525348,9061.729580812602,9061.729580812602,1.0,17.0,17.0,17000.0,17000.0,15254.40000000066,15254.40000000066,4597.610706569481,4597.610706569481,0.0,0.0,0.0,0.0,0.0,0.0
A13,'Nößlach',26.91,2.0,1.0,23614.71960011509,11586.803224894727,15947.459093046333,3428.7910078521363,1.0,11.0,-0.0,11000.0,0.0,13712.766014205728,4597.610706569481,13875.987379338161,6997.764412065977,12027.916375220364,12518.668085194196,11.0,11000.0,9115.155307636247,6878.222967272184
A13,'Gries Ost',29.15,1.0,0.0,11601.99774413572,11601.99774413572,11387.01827145676,11387.01827145676,0.0,0.0,0.0,0.0,0.0,6997.764412065977,6997.764412065977,14968.67720208571,14968.67720208571,0.0,0.0,0.0,0.0,0.0,0.0
A13,'Gries West',29.54,0.0,0.0,12036.99974796117,0.0,4238.013247571624,0.0,0.0,0.0,0.0,0.0,0.0,6878.222967272184,0.0,9844.832240572321,0.0,12036.99974796117,4238.013247571624,-0.0,0.0,6878.222967272184,9844.832240572321
A13,'Brennersee - Fröhlich',32.6,0.0,2.0,12036.999999999998,0.0,7411.89807862851,0.0,0.0,0.0,0.0,0.0,0.0,9844.832240572321,0.0,15033.160895612278,0.0,12036.999999999998,7411.89807862851,0.0,0.0,9844.832240572321,15033.160895612278
A13,'Brennersee',33.44,0.0,0.0,12037.0,0.0,1996.4183022148509,0.0,0.0,0.0,0.0,0.0,0.0,15033.160895612278,0.0,16430.653707162674,0.0,12037.0,1996.4183022148509,-0.0,0.0,15033.160895612278,16430.653707162674
A13,'Brennerpaß',34.16,2.0,0.0,23639.0,11602.0,2518.3592467820863,788.7146427742366,1.0,34.0,16.0,33162.182381995844,15520.777452027676,31399.330909248383,14968.67720208571,0.0,0.0,12037.0,1729.6446040078497,18.0,17641.40492996817,16430.653707162674,0.0
A14,'Hörbranz’,0.0,2.0,1.0,11914.47538487758,0.0,580.5002038524873,0.0,0.0,0.0,0.0,0.0,0.0,0.0,0.0,406.3501426967411,0.0,11914.47538487758,580.5002038524873,-0.0,0.0,0.0,406.3501426967411
A14,'Dornbirn West',15.07,1.0,2.0,22722.01674582917,22722.01674582917,41625.83313129372,41625.83313129372,0.0,0.0,0.0,0.0,0.0,0.0,0.0,29138.083191905604,29138.083191905604,0.0,0.0,0.0,0.0,0.0,0.0
A14,'Dornbirn Ost',15.27,0.0,2.0,22911.03673497288,0.0,67389.02531710501,0.0,1.0,16.0,0.0,16000.0,0.0,406.3501426967411,0.0,31578.66786467025,0.0,22911.03673497288,67389.02531710501,16.0,16000.0,406.3501426967411,31578.66786467025
A14,'Hohenems',24.48,2.0,0.0,53333.40958305029,26481.317311897245,99887.79432069242,49710.54770382436,1.0,69.0,34.0,68790.94746063411,34000.0,60716.75105657586,29138.083191905604,61847.25962042644,29935.466584582653,26852.092271153047,50177.24661686807,35.0,34790.94746063411,31578.66786467025,31911.793035843784
A14,'Rankweil West',33.46,0.0,2.0,22794.137882745563,0.0,41099.967515634846,0.0,1.0,43.0,0.0,42320.77029678817,0.0,31911.793035843784,0.0,18361.000000000004,0.0,22794.137882745563,41099.967515634846,43.0,42320.77029678817,31911.793035843784,18361.000000000004
A14,'Rankweil Ost',33.82,1.0,2.0,21949.829570058195,21949.829570058195,56639.54196425326,56639.54196425326,1.0,70.0,70.0,69583.14595955993,69583.14595955993,29935.466584582653,29935.466584582653,0.0,0.0,0.0,0.0,0.0,0.0,0.0,0.0
A14,'Schlins West',46.72,0.0,2.0,13115.0,0.0,35141.4430123402,0.0,1.0,43.0,0.0,42960.01010863814,0.0,18361.000000000004,0.0,0.0,0.0,13115.0,35141.4430123402,43.0,42960.01010863814,18361.000000000004,0.0
A14,'Schlins Ost',46.85,1.0,2.0,13492.000000000002,13492.000000000002,22886.809608579704,22886.809608579704,0.0,0.0,0.0,0.0,0.0,0.0,0.0,16020.766726005791,16020.766726005791,0.0,0.0,0.0,0.0,0.0,0.0
A14,'Nüziders',55.2,1.0,2.0,13282.144454187755,13282.144454187755,16978.23001179592,16978.23001179592,1.0,28.0,28.0,27905.527734262934,27905.527734262934,16020.766726005791,16020.766726005791,0.0,0.0,0.0,0.0,0.0,0.0,0.0,0.0
A2,'Guntramsdorf',14.43,2.0,0.0,106539.0608322543,51867.17485406379,341487.5079237672,183029.57068577447,1.0,238.0,128.0,237349.5236239513,127829.18288798282,0.0,0.0,1691.7319226857217,291.516592059299,54671.885978190505,158457.9372379927,110.0,109520.34073596846,0.0,1400.2153306264227
A2,'Leobersdorf',32.08,1.0,1.0,39540.0,39540.0,56942.74699600472,56942.74699600472,0.0,0.0,0.0,0.0,0.0,291.516592059299,291.516592059299,40151.4394892626,40151.4394892626,0.0,0.0,0.0,0.0,0.0,0.0
A2,'Triestingtal',32.08,0.0,1.0,40445.0,0.0,143069.6923848394,0.0,1.0,49.0,0.0,49000.0,0.0,1400.2153306264227,0.0,52549.000000014006,0.0,40445.0,143069.6923848394,49.0,49000.0,1400.2153306264227,52549.000000014006
A2,'Föhrenberg',39.31,1.0,0.0,39539.98215618593,39539.98215618593,93778.97588690832,93778.97588690832,1.0,63.0,63.0,63000.0,63000.0,40151.4394892626,40151.4394892626,42796.72261009841,42796.72261009841,0.0,0.0,0.0,0.0,0.0,0.0
A2,'Bad Fischau',40.93,0.0,0.0,37535.00000001001,0.0,66634.96786186735,0.0,1.0,55.0,0.0,54508.16027336537,0.0,52549.000000014006,0.0,44685.31722995578,0.0,37535.00000001001,66634.96786186735,55.0,54508.16027336537,52549.000000014006,44685.31722995578
A2,'Steinfeld',50.35,0.0,1.0,32434.00031526797,0.0,59928.40402750363,0.0,1.0,57.0,0.0,57000.0,0.0,44685.31722995578,0.0,29635.20004920832,0.0,32434.00031526797,59928.40402750363,57.0,57000.0,44685.31722995578,29635.20004920832
A2,'Wr. Neustadt',51.18,1.0,1.0,31158.00000000052,31158.00000000052,64946.24580860265,64946.24580860265,1.0,63.0,63.0,63000.0,63000.0,42796.72261009841,42796.72261009841,25259.09467612027,25259.09467612027,0.0,0.0,0.0,0.0,0.0,0.0
A2,'Witzelsberg',60.84,0.0,2.0,21168.0000351488,0.0,44783.30498303353,0.0,1.0,36.0,0.0,35989.31353733179,0.0,29635.20004920832,0.0,24994.2,0.0,21168.0000351488,44783.30498303353,36.0,35989.31353733179,29635.20004920832,24994.2
A2,'Gleissenfeld',61.52,1.0,2.0,18726.0,18726.0,64345.96758390275,64345.96758390275,1.0,48.0,48.0,48000.0,48000.0,25259.09467612027,25259.09467612027,22301.271984852192,22301.271984852192,0.0,0.0,0.0,0.0,0.0,0.0
A2,'Zöbern',78.76,2.0,0.0,34076.0,16223.0,89918.35315876387,25909.766934785785,1.0,89.0,40.0,88527.89423763448,40000.0,47295.47198485219,22301.271984852192,21710.42495835241,438.1088392022408,17853.0,64008.58622397808,49.0,48527.89423763448,24994.2,21272.31611915017
A2,'Schäffern Ost',86.7,1.0,1.0,16223.0,16223.0,36516.98737256819,36516.98737256819,1.0,26.0,26.0,26000.0,26000.0,438.1088392022408,438.1088392022408,-2.7633654906447898e-11,-2.7633654906447898e-11,0.0,0.0,0.0,0.0,0.0,0.0
A2,'Pinkafeld/Ost',97.98,1.0,2.0,14325.0,14325.0,21727.470606482195,21727.470606482195,0.0,0.0,0.0,0.0,0.0,-2.7633654906447898e-11,-2.7633654906447898e-11,15209.229424537509,15209.229424537509,0.0,0.0,0.0,0.0,0.0,0.0
A2,'Pinkafeld/West',98.0,0.0,2.0,15628.999999999998,0.0,60166.60979667192,0.0,1.0,63.0,0.0,63000.0,0.0,21272.31611915017,0.0,388.9429768205064,0.0,15628.999999999998,60166.60979667192,63.0,63000.0,21272.31611915017,388.9429768205064
A2,'Loipersdorf',105.5,2.0,0.0,27899.0,13287.0,41927.32661100383,19788.474256334783,1.0,22.0,11.0,22000.0,11000.0,15598.172401358015,15209.229424537509,22947.301029060694,18061.161403971855,14612.0,22138.85235466905,11.0,11000.0,388.9429768205064,4886.139625088839
A2,'St. Johann/Süd',113.05,1.0,2.0,13287.000477266132,13287.000477266132,55839.64905204145,55839.64905204145,1.0,39.0,39.0,38863.76304418561,38863.76304418561,18061.161403971855,18061.161403971855,18285.152696215257,18285.152696215257,0.0,0.0,0.0,0.0,0.0,0.0
A2,'St. Johann/Nord',113.24,0.0,2.0,14612.067329295864,0.0,22243.9351941791,0.0,0.0,0.0,0.0,0.0,0.0,4886.139625088839,0.0,20456.894261014208,0.0,14612.067329295864,22243.9351941791,0.0,0.0,4886.139625088839,20456.894261014208
A2,'Hainersdorf',133.87,0.0,1.0,16034.999999999998,0.0,66144.33253637272,0.0,1.0,45.0,0.0,45000.0,0.0,20456.894261014208,0.0,21757.92703647511,0.0,16034.999999999998,66144.33253637272,45.0,45000.0,20456.894261014208,21757.92703647511
A2,'Bad Blumau',134.06,1.0,1.0,14879.0,14879.0,39913.51522050923,39913.51522050923,1.0,38.0,38.0,38000.0,38000.0,18285.152696215257,18285.152696215257,8224.613350571717,8224.613350571717,0.0,0.0,0.0,0.0,0.0,0.0
A2,'Ilztal/Nord ',147.5,1.0,2.0,16946.156088329964,16946.156088329964,22142.86453298605,22142.86453298605,0.0,0.0,0.0,0.0,0.0,8224.613350571717,8224.613350571717,23724.61852366195,23724.61852366195,0.0,0.0,0.0,0.0,0.0,0.0
A2,'Arnwiesen',154.1,2.0,0.0,36495.0010822289,16966.000585729496,135214.80430038154,56438.87319577954,1.0,90.0,40.0,90000.0,40000.0,45482.54556013706,23724.61852366195,50132.908570404135,23231.829760707624,19529.0004964994,78775.931104602,50.0,50000.0,21757.92703647511,26901.078809696508
A2,'Laßnitzhöhe Nord',170.16,0.0,1.0,27470.0,0.0,89210.41764080411,0.0,1.0,59.0,0.0,59000.0,0.0,26901.078809696508,0.0,30348.37115825938,0.0,27470.0,89210.41764080411,59.0,59000.0,26901.078809696508,30348.37115825938
A2,'Laßnitzhöhe Süd',170.65,1.0,1.0,29743.0,29743.0,119872.94775894134,119872.94775894134,1.0,79.0,79.0,78572.08502588888,78572.08502588888,23231.829760707624,23231.829760707624,28570.80816607768,28570.80816607768,0.0,0.0,0.0,0.0,0.0,0.0
A2,'Kaiserwald',190.77,2.0,0.0,42649.00410506857,20682.001624263023,212311.14271654858,122041.70261988904,1.0,196.0,114.0,195207.1792258917,114000.0,58919.17932433706,28570.80816607768,12329.800000029372,0.0,21967.00248080555,90269.44009665956,82.0,81207.1792258917,30348.37115825938,12329.800000029372
A2,'Herzogberg Nord',220.13,0.0,1.0,8807.00000002098,0.0,51848.951152018446,0.0,1.0,48.0,0.0,47940.3724560495,0.0,12329.800000029372,0.0,683.6933503927703,0.0,8807.00000002098,51848.951152018446,48.0,47940.3724560495,12329.800000029372,683.6933503927703
A2,'Herzogberg Süd',220.19,1.0,1.0,8120.999999999229,8120.999999999229,24362.120249568077,24362.120249568077,1.0,6.0,6.0,5684.084174698732,5684.084174698732,0.0,0.0,11369.399999998921,11369.399999998921,0.0,0.0,0.0,0.0,0.0,0.0
A2,'Pack',235.21,2.0,0.0,16928.0,8120.999999999999,38160.3171582835,11620.302997858087,1.0,25.0,9.0,25000.0,9000.0,12053.093350391691,11369.399999998921,13765.315361190136,10503.61209849958,8807.0,26540.01416042541,16.0,15999.999999999998,683.6933503927703,3261.7032626905566
A2,'Twimberg Süd',242.34,1.0,2.0,9189.0,9189.0,32127.24787077568,32127.24787077568,1.0,33.0,33.0,32992.68560804256,32992.68560804256,10503.61209849958,10503.61209849958,0.0,0.0,0.0,0.0,0.0,0.0,0.0,0.0
A2,'Twimberg Nord',242.44,0.0,2.0,8465.0,0.0,12179.507200753324,0.0,0.0,0.0,0.0,0.0,0.0,3261.7032626905566,0.0,11787.358303217883,0.0,8465.0,12179.507200753324,-0.0,0.0,3261.7032626905566,11787.358303217883
A2,'Fischering',259.85,1.0,2.0,10919.0,10919.0,19551.337675387487,19551.337675387487,0.0,0.0,-0.0,0.0,0.0,0.0,0.0,13685.93637277124,13685.93637277124,0.0,0.0,0.0,0.0,0.0,0.0
A2,'St. Ändra',262.91,0.0,2.0,11358.00000168869,0.0,46444.591455370966,0.0,1.0,44.0,0.0,44000.0,0.0,11787.358303217883,0.0,298.57232197755735,0.0,11358.00000168869,46444.591455370966,44.0,44000.0,11787.358303217883,298.57232197755735
A2,'Gönitz/Süd',268.86,1.0,2.0,11607.0,11607.0,37377.39333079138,37377.39333079138,1.0,40.0,40.0,39850.11170432526,39850.11170432526,13685.93637277124,13685.93637277124,-4.729372449219227e-11,-4.729372449219227e-11,0.0,0.0,0.0,0.0,0.0,0.0
A2,'Gönitz/Nord',268.89,0.0,2.0,12420.0,0.0,14890.993721836305,0.0,0.0,0.0,0.0,0.0,0.0,298.57232197755735,0.0,10722.26792726297,0.0,12420.0,14890.993721836305,0.0,0.0,298.57232197755735,10722.26792726297
A2,'Haimburg Nord',279.17,0.0,2.0,10779.0,0.0,21954.76010391007,0.0,1.0,11.0,0.0,11000.0,0.0,10722.26792726297,0.0,15090.600000000019,0.0,10779.0,21954.76010391007,11.0,11000.0,10722.26792726297,15090.600000000019
A2,'Völkermarkt',285.09,2.0,0.0,21133.0,10354.0,43435.933157851614,30778.45505708712,1.0,17.0,8.0,17000.0,8000.0,15090.599999999971,-4.729372449219227e-11,28495.753210496103,13544.918539960938,10779.0,12657.478100764496,9.0,9000.0,15090.600000000019,14950.834670535165
A2,'Grafenstein Nord',300.0,0.0,1.0,13362.0,0.0,39644.441582321415,0.0,1.0,24.0,0.0,24000.0,0.0,14950.834670535165,0.0,18701.943778160155,0.0,13362.0,39644.441582321415,24.0,24000.0,14950.834670535165,18701.943778160155
A2,'Grafenstein Süd',300.0,1.0,1.0,13587.999999999998,13587.999999999998,64499.09491933518,64499.09491933518,1.0,50.0,50.0,50000.0,50000.0,13544.918539960938,13544.918539960938,8694.28498349556,8694.28498349556,0.0,0.0,0.0,0.0,0.0,0.0
A2,'Krumpendorf/Nord',329.28,0.0,2.0,19027.00404912327,0.0,72939.3212153292,0.0,1.0,44.0,0.0,43544.86318972036,0.0,18701.943778160155,0.0,26214.605439170227,0.0,19027.00404912327,72939.3212153292,44.0,43544.86318972036,18701.943778160155,26214.605439170227
A2,'Karawankenblick/Süd',333.84,1.0,2.0,19384.999372588507,19384.999372588507,24175.820186266053,24175.820186266053,0.0,0.0,0.0,0.0,0.0,8694.28498349556,8694.28498349556,25617.359113881797,25617.359113881797,0.0,0.0,0.0,0.0,0.0,0.0
A2,'Wörthersee',340.13,2.0,0.0,38076.99999701492,18623.999998725383,75344.61920701242,33207.340641554634,1.0,103.0,49.0,102862.49756297003,48862.497562970035,51831.96455305202,25617.359113881797,1710.7004349906783,0.0,19452.999998289542,42137.27856545779,54.0,54000.0,26214.605439170227,1710.7004349906783
A2,'Sternberg/Süd',349.01,1.0,2.0,19615.999955893047,19615.999955893047,0.0,0.0,0.0,0.0,0.0,0.0,0.0,0.0,0.0,0.0,0.0,0.0,0.0,0.0,0.0,0.0,0.0
A2,'Sternberg/Nord',349.03,0.0,2.0,17176.999989573145,0.0,30590.1422357276,0.0,0.0,0.0,0.0,0.0,0.0,1710.7004349906783,0.0,23123.799999999996,0.0,17176.999989573145,30590.1422357276,-0.0,0.0,1710.7004349906783,23123.799999999996
A2,'Federaun/Nord',361.73,0.0,2.0,16516.999999999996,0.0,41902.47823736397,0.0,1.0,40.0,0.0,40000.0,0.0,23123.799999999996,0.0,12455.534766154771,0.0,16516.999999999996,41902.47823736397,40.0,40000.0,23123.799999999996,12455.534766154771
A2,'Federaun/Süd',362.78,1.0,2.0,14962.999999991674,14962.999999991674,53969.28273959152,53969.28273959152,1.0,37.0,37.0,36932.865307816195,36932.865307816195,0.0,0.0,845.632609897868,845.632609897868,0.0,0.0,0.0,0.0,0.0,0.0
A2,'Dreiländereck Süd',374.17,2.0,0.0,29010.99995582863,19615.999955893047,73068.57514847351,49722.012510574656,1.0,63.0,35.0,62871.57955919392,35000.0,13301.16737605264,845.632609897868,1577.5904207901697,651.0413673001221,9394.99999993558,23346.56263789885,28.0,27871.579559193917,12455.534766154771,926.5490534900475
A2,'Dreiländereck Nord',374.27,2.0,0.0,24357.99999982947,14963.000000000002,3460.5851131569007,3355.655189571254,1.0,4.0,3.0,4000.0,3000.0,1577.5904207901697,651.0413673001221,0.0,0.0,9394.999999829468,104.92992358564643,1.0,1000.0,926.5490534900475,0.0
A21,'Alland',14.68,2.0,0.0,40163.5,20070.5,103417.58750904436,53997.24861527208,1.0,72.0,38.0,71543.90153263541,37798.074030690455,0.0,0.0,848.4097236956222,0.0,20093.0,49420.33889377227,34.0,33745.827501944965,0.0,848.4097236956222
A21,'Dornbach',19.96,1.0,2.0,19174.48344498892,19174.48344498892,20444.35624155757,20444.35624155757,0.0,0.0,-0.0,0.0,0.0,0.0,0.0,14311.049369090288,14311.049369090288,0.0,0.0,0.0,0.0,0.0,0.0
A21,'Hinterbrühl',26.99,0.0,1.0,19730.962284466663,0.0,44502.271823291965,0.0,1.0,32.0,0.0,32000.0,0.0,848.4097236956222,0.0,0.0,0.0,19730.962284466663,44502.271823291965,32.0,32000.0,848.4097236956222,0.0
A21,'Sparbach',26.99,1.0,2.0,19671.37785407049,19671.37785407049,27694.943399277778,27694.943399277778,1.0,34.0,34.0,33697.50974858473,33697.50974858473,14311.049369090288,14311.049369090288,0.0,0.0,0.0,0.0,0.0,0.0,0.0,0.0
A22,'Korneuburg West',18.04,1.0,0.0,32131.000000493023,32131.000000493023,63932.21893438356,63932.21893438356,1.0,3.0,3.0,3000.0,3000.0,0.0,0.0,41752.553254068494,41752.553254068494,0.0,0.0,0.0,0.0,0.0,0.0
A22,'Korneuburg Ost',18.12,0.0,0.0,32321.000000000007,0.0,116866.4197787237,0.0,1.0,82.0,0.0,81806.49384510658,0.0,0.0,0.0,0.0,0.0,32321.000000000007,116866.4197787237,82.0,81806.49384510658,0.0,0.0
A22,'Stockerau',28.09,1.0,0.0,30190.007584098337,30190.007584098337,9009.757712564318,9009.757712564318,1.0,49.0,49.0,48059.383652863515,48059.383652863515,41752.553254068494,41752.553254068494,0.0,0.0,0.0,0.0,0.0,0.0,0.0,0.0
A25,'Pucking',5.97,0.0,1.0,21620.0,0.0,25350.64141680889,0.0,0.0,0.0,0.0,0.0,0.0,0.0,0.0,17745.44899176622,0.0,21620.0,25350.64141680889,0.0,0.0,0.0,17745.44899176622
A25,'Sinnersdorf/Süd',6.11,1.0,2.0,21271.0,21271.0,28981.93257809412,28981.93257809412,0.0,0.0,0.0,0.0,0.0,0.0,0.0,20287.352804665883,20287.352804665883,0.0,0.0,0.0,0.0,0.0,0.0
A25,'Wels',13.06,2.0,0.0,49975.503210327646,24897.02101145736,71240.92245977157,35752.43236667305,1.0,89.0,46.0,87901.44751827221,45314.05546133702,38032.801796432104,20287.352804665883,0.0,0.0,25078.48219887029,35488.490093098524,43.0,42587.39205693519,17745.44899176622,0.0
A3,'Hornstein',28.0,2.0,0.0,35088.0,17661.0,114520.76259901357,47668.58798974191,1.0,81.0,34.0,80164.5338193095,33368.01159281933,0.0,0.0,0.0,0.0,17427.0,66852.17460927166,47.0,46796.52222649016,0.0,0.0
A4,'Simmering',2.45,0.0,0.0,35371.78969176939,0.0,22257.83857434953,0.0,0.0,0.0,0.0,0.0,0.0,0.0,0.0,15580.48700204467,0.0,35371.78969176939,22257.83857434953,0.0,0.0,0.0,15580.48700204467
A4,'Fischamend',22.33,0.0,1.0,28227.0,0.0,112756.86408974236,0.0,1.0,94.0,0.0,93815.92611287764,0.0,15580.48700204467,0.0,694.365751986672,0.0,28227.0,112756.86408974236,94.0,93815.92611287764,15580.48700204467,694.365751986672
A4,'Maria Ellend',22.48,1.0,1.0,27990.0,27990.0,32591.644875563223,32591.644875563223,0.0,0.0,0.0,0.0,0.0,0.0,0.0,22814.151412894254,22814.151412894254,0.0,0.0,0.0,0.0,0.0,0.0
A4,'Göttlesbrunn',28.04,2.0,0.0,47550.0,23278.0,112197.1085476203,84150.56147475471,1.0,101.0,81.0,101000.00000000006,81000.00000000006,23508.517164880926,22814.151412894254,1046.4931482150678,719.5444452224874,24272.0,28046.547072865586,20.0,20000.0,694.365751986672,326.94870299258037
A4,'Parndorf',46.23,1.0,2.0,19928.0,19928.0,74634.97330866668,74634.97330866668,1.0,53.0,53.0,52762.57490304838,52762.57490304838,719.5444452224874,719.5444452224874,201.45085824079013,201.45085824079013,0.0,0.0,0.0,0.0,0.0,0.0
A4,'Neusiedl',47.01,0.0,2.0,21837.0,0.0,82260.78440998313,0.0,1.0,57.0,0.0,57000.0,0.0,326.94870299258037,0.0,909.4977899807709,0.0,21837.0,82260.78440998313,57.0,57000.0,326.94870299258037,909.4977899807709
A4,'Nickelsdorf Süd',64.65,0.0,0.0,10545.000205483248,0.0,37272.146014313184,0.0,1.0,27.0,0.0,27000.0,0.0,909.4977899807709,0.0,0.0,0.0,10545.000205483248,37272.146014313184,27.0,27000.0,909.4977899807709,0.0
A4,'Nickelsdorf Nord',64.97,1.0,0.0,7158.000028017371,7158.000028017371,1140.7844882274428,1140.7844882274428,1.0,1.0,1.0,1000.0,1000.0,201.45085824079013,201.45085824079013,0.0,0.0,0.0,0.0,0.0,0.0,0.0,0.0
A5,'Hochleithen',10.63,2.0,0.0,35611.2,18304.7,171050.44466718304,136176.4756229533,1.0,121.0,96.0,119735.31126702813,95323.5329360673,0.0,0.0,0.0,0.0,17306.5,34873.96904422976,25.0,24411.778330960828,0.0,0.0
A6,'Potzneusiedl',10.8,2.0,0.0,15204.999999970727,7878.999999983744,33671.23460537669,17937.695343993484,1.0,25.0,13.0,23569.86422376368,12556.386740795439,0.0,0.0,0.0,0.0,7325.999999986983,15733.539261383205,12.0,11013.477482968243,0.0,0.0
A7,'Engerwitzdorf',25.71,1.0,1.0,19344.0,19344.0,4050.242286953621,4050.242286953621,1.0,3.0,3.0,2835.1696008675344,2835.1696008675344,0.0,0.0,0.0,0.0,0.0,0.0,0.0,0.0,0.0,0.0
A7,'Denk',25.76,0.0,1.0,18851.0,0.0,97075.89483825683,0.0,1.0,68.0,0.0,67953.12638677978,0.0,0.0,0.0,0.0,0.0,18851.0,97075.89483825683,68.0,67953.12638677978,0.0,0.0
A8,'Voralpenkreuz',0.17,2.0,0.0,20453.0,10372.0,35002.97696040159,34120.79930409758,0.0,23.0,23.0,23000.0,23000.0,0.0,0.0,1502.0838722811109,884.5595128683017,10081.0,882.1776563040131,-0.0,0.0,0.0,617.5243594128092
A8,'Oberham/Süd',16.76,1.0,2.0,24053.99876684948,24053.99876684948,18977.635739131696,18977.635739131696,0.0,0.0,0.0,0.0,0.0,884.5595128683017,884.5595128683017,14168.904530260486,14168.904530260486,0.0,0.0,0.0,0.0,0.0,0.0
A8,'Oberham/Nord',18.32,0.0,2.0,21938.95947401208,0.0,79070.52120426737,0.0,1.0,51.0,0.0,51000.0,0.0,617.5243594128092,0.0,4966.889202399965,0.0,21938.95947401208,79070.52120426737,51.0,51000.0,617.5243594128092,4966.889202399965
A8,'Schnittering/Süd',20.68,1.0,2.0,17695.568077309275,17695.568077309275,46433.72435952304,46433.72435952304,1.0,47.0,47.0,46499.41821779868,46499.41821779868,14168.904530260486,14168.904530260486,173.09336412792982,173.09336412792982,0.0,0.0,0.0,0.0,0.0,0.0
A8,'Kematen/Nord',24.85,0.0,2.0,16374.0,0.0,21401.04458132792,0.0,0.0,0.0,0.0,0.0,0.0,4966.889202399965,0.0,19947.62040932951,0.0,16374.0,21401.04458132792,0.0,0.0,4966.889202399965,19947.62040932951
A8,'Aistersheim',33.81,2.0,0.0,30956.0,15977.0,60874.30024176926,34038.438051245816,1.0,63.0,24.0,62732.72394269592,24000.0,20120.71377345744,173.09336412792982,0.0,0.0,14979.0,26835.862190523447,39.0,38732.72394269592,19947.62040932951,0.0
A8,'Gotthaming',43.74,0.0,2.0,13574.002126406618,0.0,26867.96010209468,0.0,0.0,0.0,0.0,0.0,0.0,0.0,0.0,18807.572071466275,0.0,13574.002126406618,26867.96010209468,0.0,0.0,0.0,18807.572071466275
A8,'Renhartsberg',44.47,1.0,2.0,14008.000000000133,14008.000000000133,14392.702685008398,14392.702685008398,1.0,5.0,5.0,4757.433169882785,4757.433169882785,0.0,0.0,5317.4587096230935,5317.4587096230935,0.0,0.0,0.0,0.0,0.0,0.0
A8,'Grübl/Süd’,49.59,1.0,2.0,14008.0,14008.0,20419.630414824154,20419.630414824154,0.0,0.0,-0.0,0.0,0.0,5317.4587096230935,5317.4587096230935,19611.2,19611.2,0.0,0.0,0.0,0.0,0.0,0.0
A8,'Grübl/Nord',49.61,0.0,2.0,13574.000000000002,0.0,15944.892462999343,0.0,1.0,12.0,0.0,12000.0,0.0,18807.572071466275,0.0,17968.996795565814,0.0,13574.000000000002,15944.892462999343,12.0,12000.0,18807.572071466275,17968.996795565814
A8,'Murau West',56.77,1.0,1.0,14172.0,14172.0,41708.92113869764,41708.92113869764,1.0,41.0,41.0,41000.0,41000.0,19611.2,19611.2,7807.444797088345,7807.444797088345,0.0,0.0,0.0,0.0,0.0,0.0
A8,'Murau Ost',56.88,0.0,1.0,13536.0,0.0,19847.682360943298,0.0,1.0,32.0,0.0,31576.702006756932,0.0,17968.996795565814,0.0,285.6724414691889,0.0,13536.0,19847.682360943298,32.0,31576.702006756932,17968.996795565814,285.6724414691889
A8,'Marienkirchen/Schärding’,71.6,1.0,1.0,10055.234280795672,10055.234280795672,6370.451690557319,6370.451690557319,0.0,0.0,0.0,0.0,0.0,7807.444797088345,7807.444797088345,12266.760980478468,12266.760980478468,0.0,0.0,0.0,0.0,0.0,0.0
A8,'Dietrichshofen/Ost',72.06,0.0,2.0,8836.923336744558,0.0,26734.753655044016,0.0,1.0,19.0,0.0,19000.0,0.0,285.6724414691889,0.0,0.0,0.0,8836.923336744558,26734.753655044016,19.0,19000.0,285.6724414691889,0.0
A8,'Suben West',74.77,1.0,0.0,9186.000000189424,9186.000000189424,2309.5037607612567,2309.5037607612567,1.0,14.0,14.0,13883.413613011347,13883.413613011347,12266.760980478468,12266.760980478468,0.0,0.0,0.0,0.0,0.0,0.0,0.0,0.0
A9,'Maisdorf/Ost',12.66,1.0,2.0,10503.0,10503.0,49687.49353628505,49687.49353628505,1.0,34.0,34.0,34000.0,34000.0,0.0,0.0,781.2454753995335,781.2454753995335,0.0,0.0,0.0,0.0,0.0,0.0
A9,'Maisdorf/West',12.73,0.0,2.0,11055.0,0.0,28126.582456850745,0.0,1.0,19.0,0.0,19000.0,0.0,0.0,0.0,688.6077197955201,0.0,11055.0,28126.582456850745,19.0,19000.0,0.0,688.6077197955201
A9,'St. Pankraz',36.36,2.0,0.0,13974.0,6941.0,59101.108124232705,25927.407981916764,1.0,43.0,19.0,41956.33270825932,18293.789182484845,1469.8531951950536,781.2454753995335,884.2961738986297,636.6418802564214,7033.0,33173.700142315945,24.0,23662.543525774472,688.6077197955201,247.65429364220836
A9,'Pyhrn-Priel Ost’,55.03,1.0,1.0,7591.971611767987,7591.971611767987,16849.293094569046,16849.293094569046,1.0,11.0,11.0,11000.0,11000.0,636.6418802564214,636.6418802564214,1431.147046454752,1431.147046454752,0.0,0.0,0.0,0.0,0.0,0.0
A9,'Pyhrn-Priel West',55.04,0.0,1.0,8230.855228133318,0.0,31192.30198661983,0.0,1.0,22.0,0.0,22000.0,0.0,247.65429364220836,0.0,82.265684276088,0.0,8230.855228133318,31192.30198661983,22.0,22000.0,247.65429364220836,82.265684276088
A9,'Ardning Ost',65.96,1.0,2.0,13083.999999877302,13083.999999877302,31041.45899234372,31041.45899234372,1.0,23.0,23.0,23000.0,23000.0,1431.147046454752,1431.147046454752,160.16834109535466,160.16834109535466,0.0,0.0,0.0,0.0,0.0,0.0
A9,'Ardning West',66.04,0.0,2.0,13361.999999983376,0.0,29114.41644929437,0.0,1.0,20.0,0.0,20000.0,0.0,82.265684276088,0.0,462.35719878214513,0.0,13361.999999983376,29114.41644929437,20.0,20000.0,82.265684276088,462.35719878214513
A9,'Rottenmann/Nord',77.91,1.0,2.0,13084.0,13084.0,20345.18808414952,20345.18808414952,0.0,0.0,0.0,0.0,0.0,160.16834109535466,160.16834109535466,14401.800000000017,14401.800000000017,0.0,0.0,0.0,0.0,0.0,0.0
A9,'Rottenmann/Süd',78.18,0.0,2.0,13362.0,0.0,32196.632573168365,0.0,1.0,23.0,0.0,23000.0,0.0,462.35719878214513,0.0,0.0,0.0,13362.0,32196.632573168365,23.0,23000.0,462.35719878214513,0.0
A9,'Trieben',85.7,2.0,0.0,20906.0,10287.0,29194.785607799568,13223.224664742887,1.0,19.0,10.0,19000.00000000002,9999.999999999998,14401.800000000017,14401.800000000017,15838.149925459693,13658.057265320038,10619.0,15971.560943056678,9.0,9000.00000000002,0.0,2180.092660139655
A9,'Gaishorn',92.11,1.0,1.0,10287.0,10287.0,59758.32239265699,59758.32239265699,1.0,42.0,42.0,42000.0,42000.0,13658.057265320038,13658.057265320038,13488.882940179932,13488.882940179932,0.0,0.0,0.0,0.0,0.0,0.0
A9,'Treglwang',94.03,0.0,2.0,10619.0,0.0,17705.39000500141,0.0,0.0,0.0,0.0,0.0,0.0,2180.092660139655,0.0,14573.865663640641,0.0,10619.0,17705.39000500141,0.0,0.0,2180.092660139655,14573.865663640641
A9,'Kalwang',106.26,0.0,1.0,10953.0,0.0,26930.486362994383,0.0,1.0,33.0,0.0,33000.0,0.0,14573.865663640641,0.0,425.2061177367068,0.0,10953.0,26930.486362994383,33.0,33000.0,14573.865663640641,425.2061177367068
A9,'Kammern Nord',121.18,1.0,2.0,10926.0,10926.0,175.9889804448717,175.9889804448717,0.0,0.0,-0.0,0.0,0.0,13488.882940179932,13488.882940179932,13612.075226491343,13612.075226491343,0.0,0.0,0.0,0.0,0.0,0.0
A9,'Kammern Süd',121.26,2.0,0.0,21954.0,10926.0,64341.42807325543,31427.413623646764,1.0,50.0,27.0,49704.08018364092,27000.0,14037.28134422805,13612.075226491343,9372.200811865927,8611.264763044077,11028.0,32914.014449608665,23.0,22704.080183640923,425.2061177367068,760.9360488218499
A9,'St. Michael',135.01,0.0,2.0,11073.004965524444,0.0,30404.004309309235,0.0,1.0,13.0,0.0,12999.999999999998,0.0,760.9360488218499,0.0,9043.739065338315,0.0,11073.004965524444,30404.004309309235,13.0,12999.999999999998,760.9360488218499,9043.739065338315
A9,'Ortnerhof Süd’,135.65,0.0,2.0,11073.999444063618,0.0,1386.6510981153897,0.0,0.0,0.0,0.0,0.0,0.0,9043.739065338315,0.0,10014.394834019087,0.0,11073.999444063618,1386.6510981153897,0.0,0.0,9043.739065338315,10014.394834019087
A9,'Ortnerhof Nord',135.65,1.0,2.0,10574.999873012946,10574.999873012946,7705.628111447948,7705.628111447948,0.0,0.0,0.0,0.0,0.0,8611.264763044077,8611.264763044077,14005.20444105764,14005.20444105764,0.0,0.0,0.0,0.0,0.0,0.0
A9,'Hinterlainsach/Ost',139.16,0.0,2.0,11074.0,0.0,7841.721665687022,0.0,0.0,0.0,0.0,0.0,0.0,10014.394834019087,0.0,15503.600000000002,0.0,11074.0,7841.721665687022,0.0,0.0,10014.394834019087,15503.600000000002
A9,'Hinterlainsach/West',139.3,1.0,2.0,10575.0,10575.0,31388.73352344284,31388.73352344284,1.0,33.0,33.0,33000.0,33000.0,14005.20444105764,14005.20444105764,2977.3179074676245,2977.3179074676245,0.0,0.0,0.0,0.0,0.0,0.0
A9,'Kleintal',150.57,0.0,2.0,11777.0,0.0,26809.336064293304,0.0,1.0,24.0,0.0,24000.0,0.0,15503.600000000002,0.0,10270.135245005313,0.0,11777.0,26809.336064293304,24.0,24000.0,15503.600000000002,10270.135245005313
A9,'Übelbach 1',154.16,1.0,2.0,11512.0,11512.0,17781.923523171823,17781.923523171823,0.0,0.0,-0.0,0.0,0.0,2977.3179074676245,2977.3179074676245,15424.6643736879,15424.6643736879,0.0,0.0,0.0,0.0,0.0,0.0
A9,'Übelbach 2',154.24,0.0,2.0,11777.0,0.0,8639.97767636247,0.0,0.0,0.0,0.0,0.0,0.0,10270.135245005313,0.0,16318.11961845904,0.0,11777.0,8639.97767636247,0.0,0.0,10270.135245005313,16318.11961845904
A9,'Deutschfeistritz',161.95,2.0,0.0,23289.000114064176,11512.00005904891,76050.65254937344,58046.72415264104,1.0,85.0,56.0,84920.86949617171,56000.0,31742.783992146942,15424.6643736879,57.37128053662491,57.37128053662491,11777.000055015264,18003.928396732397,29.0,28920.86949617172,16318.11961845904,0.0
A9,'Eggenfeld',169.13,0.0,2.0,20432.1080698656,0.0,29453.135965858,0.0,0.0,0.0,0.0,0.0,0.0,0.0,0.0,20617.1951761006,0.0,20432.1080698656,29453.135965858,-0.0,0.0,0.0,20617.1951761006
A9,'Feldkirchen',186.97,1.0,2.0,29999.01028154669,29999.01028154669,57184.44424849908,57184.44424849908,1.0,4.0,4.0,4000.000000000002,4000.000000000002,57.37128053662491,57.37128053662491,36086.48225448598,36086.48225448598,0.0,0.0,0.0,0.0,0.0,0.0
A9,'Premstätten',192.48,0.0,1.0,32302.511670869648,0.0,152381.31708348572,0.0,1.0,127.0,0.0,126013.68729637153,0.0,20617.1951761006,0.0,1270.4298381690605,0.0,32302.511670869648,152381.31708348572,127.0,126013.68729637153,20617.1951761006,1270.4298381690605
A9,'Thalerhof',196.52,1.0,2.0,26113.265874187266,26113.265874187266,77662.26512324884,77662.26512324884,1.0,64.0,64.0,64000.0,64000.0,36086.48225448598,36086.48225448598,26450.067840760166,26450.067840760166,0.0,0.0,0.0,0.0,0.0,0.0
A9,'Gralla West',211.06,0.0,0.0,20689.0,0.0,76643.58637779353,0.0,1.0,54.0,0.0,54000.0,0.0,1270.4298381690605,0.0,920.9403026245254,0.0,20689.0,76643.58637779353,54.0,54000.0,1270.4298381690605,920.9403026245254
A9,'Gralla Ost',211.45,1.0,0.0,19399.0,19399.0,52785.10516275293,52785.10516275293,1.0,63.0,63.0,62626.5299731181,62626.5299731181,26450.067840760166,26450.067840760166,773.1114815691208,773.1114815691208,0.0,0.0,0.0,0.0,0.0,0.0
A9,'Straß Ost’,225.02,1.0,2.0,7452.000000000777,7452.000000000777,7466.983597758399,7466.983597758399,1.0,6.0,6.0,6000.0,6000.0,773.1114815691208,773.1114815691208,0.0,0.0,0.0,0.0,0.0,0.0,0.0,0.0
A9,'Straß West',225.02,0.0,2.0,8239.000000000515,0.0,22970.085281964966,0.0,1.0,17.0,0.0,17000.0,0.0,920.9403026245254,0.0,0.0,0.0,8239.000000000515,22970.085281964966,17.0,17000.0,920.9403026245254,0.0
S16,'Schnann',18.9,2.0,0.0,9860.99996031521,4918.999960315217,43437.30630977449,24737.232699426502,1.0,19.0,12.0,19000.0,12000.0,0.0,0.0,11406.114416842138,5316.06288959855,4941.999999999992,18700.073610347983,7.0,7000.0,0.0,6090.051527243588
S16,'Klösterle',44.17,1.0,0.0,4439.000000265529,4439.000000265529,13183.237295726443,13183.237295726443,1.0,14.0,14.0,13671.387920341545,13671.387920341545,5316.06288959855,5316.06288959855,872.9410762655148,872.9410762655148,0.0,0.0,0.0,0.0,0.0,0.0
S16,'Innerbraz',54.99,0.0,0.0,5391.999999999998,0.0,38789.08951452321,0.0,1.0,33.0,0.0,32298.947132602363,0.0,6090.051527243588,0.0,943.467054807475,0.0,5391.999999999998,38789.08951452321,33.0,32298.947132602363,6090.051527243588,943.467054807475
S16,'Radin Süd',59.01,1.0,2.0,5252.0,5252.0,3038.655605334979,3038.655605334979,1.0,3.0,3.0,3000.0,3000.0,872.9410762655148,872.9410762655148,0.0,0.0,0.0,0.0,0.0,0.0,0.0,0.0
S16,'Radin Nord',59.03,0.0,2.0,5392.0,0.0,4366.475635989322,0.0,1.0,4.0,0.0,4000.0,0.0,943.467054807475,0.0,0.0,0.0,5392.0,4366.475635989322,4.0,4000.0,943.467054807475,0.0
S1A,'Schwechat',9.85,2.0,0.0,61703.49999987559,30239.99999989978,98660.20943375537,59618.68647486362,1.0,70.0,42.0,69062.14660362876,41733.080532404536,0.0,0.0,0.0,0.0,31463.499999975807,39041.52295889174,28.0,27329.066071224217,0.0,0.0
S1B,'Deutsch Wagram',39.05,2.0,0.0,32604.83333333333,16366.866666666663,73145.99870320682,63468.89404468598,1.0,52.0,45.0,51202.199092244766,44428.22583128018,0.0,0.0,0.0,0.0,16237.966666666664,9677.10465852084,7.0,6773.973260964588,0.0,0.0
S3,'Hollabrunn',23.6,1.0,2.0,6766.0,6766.0,15563.630436509862,15563.630436509862,1.0,11.0,11.0,10894.541305556902,10894.541305556902,0.0,0.0,0.0,0.0,0.0,0.0,0.0,0.0,0.0,0.0
S31,‘Mattersburg’,52.09,1.0,2.0,8153.0,8153.0,26231.718576042676,26231.718576042676,1.0,10.0,10.0,10000.0,10000.0,0.0,0.0,8362.203003229872,8362.203003229872,0.0,0.0,0.0,0.0,0.0,0.0
S31,'Forchtenstein’,52.45,0.0,2.0,7857.0,0.0,29576.297095027607,0.0,1.0,12.0,0.0,12000.0,0.0,0.0,0.0,8703.407966519324,0.0,7857.0,29576.297095027607,12.0,12000.0,0.0,8703.407966519324
S31,'Kobersdorf',66.91,0.0,2.0,6223.999999590788,0.0,17886.095398002628,0.0,1.0,22.0,0.0,21223.674745121163,0.0,8703.407966519324,0.0,0.0,0.0,6223.999999590788,17886.095398002628,22.0,21223.674745121163,8703.407966519324,0.0
S31,'Tschurndorf',68.14,1.0,2.0,6566.999817015507,6566.999817015507,21185.283057988152,21185.283057988152,1.0,24.0,24.0,23191.901143821575,23191.901143821575,8362.203003229872,8362.203003229872,0.0,0.0,0.0,0.0,0.0,0.0,0.0,0.0
S33,'St. Pölten Ost',1.84,0.0,0.0,15332.000000000002,0.0,42162.713450383104,0.0,1.0,29.0,0.0,28743.210635915275,0.0,0.0,0.0,770.6887793528949,0.0,15332.000000000002,42162.713450383104,29.0,28743.210635915275,0.0,770.6887793528949
S33,'Inzersdorf',15.28,1.0,1.0,15650.364459623052,15650.364459623052,47979.53816597848,47979.53816597848,1.0,34.0,34.0,33585.676716184935,33585.676716184935,0.0,0.0,0.0,0.0,0.0,0.0,0.0,0.0,0.0,0.0
S33,'Herzogenburg',15.69,0.0,1.0,15657.319893344473,0.0,36041.87317235301,0.0,1.0,26.0,0.0,26000.0,0.0,770.6887793528949,0.0,0.0,0.0,15657.319893344473,36041.87317235301,26.0,26000.0,770.6887793528949,0.0
S35,'Frohnleiten Ost',26.82,1.0,2.0,9690.0,9690.0,18587.030666064784,18587.030666064784,1.0,14.0,14.0,13010.921466245349,13010.921466245349,0.0,0.0,0.0,0.0,0.0,0.0,0.0,0.0,0.0,0.0
S35,'Frohnleiten West',26.82,0.0,2.0,9816.0,0.0,51001.472361815664,0.0,1.0,36.0,0.0,35701.030653270966,0.0,0.0,0.0,0.0,0.0,9816.0,51001.472361815664,36.0,35701.030653270966,0.0,0.0
S36,'St. Marein Nord',14.89,0.0,0.0,10113.0,0.0,30156.505485607195,0.0,1.0,8.0,0.0,8000.0,0.0,0.0,0.0,13109.553839925036,0.0,10113.0,30156.505485607195,8.0,8000.0,0.0,13109.553839925036
S36,'St. Marein Süd',14.97,1.0,0.0,10133.0,10133.0,39904.344783471744,39904.344783471744,1.0,15.0,15.0,15000.0,15000.0,0.0,0.0,12933.041348430219,12933.041348430219,0.0,0.0,0.0,0.0,0.0,0.0
S36,'Strettweg',34.61,1.0,2.0,9701.0,9701.0,5373.278346516238,5373.278346516238,1.0,17.0,17.0,16694.336190991584,16694.336190991584,12933.041348430219,12933.041348430219,0.0,0.0,0.0,0.0,0.0,0.0,0.0,0.0
S36,'Hauswald',35.77,0.0,2.0,9740.5,0.0,40577.73593246791,0.0,1.0,42.0,0.0,41513.968992652575,0.0,13109.553839925036,0.0,0.0,0.0,9740.5,40577.73593246791,42.0,41513.968992652575,13109.553839925036,0.0
S37,'Hunnenbrunnen',285.19,0.0,2.0,19888.0,9830.0,36142.46463235457,31846.6690887825,0.0,23.0,23.0,22292.66836214775,22292.66836214775,0.0,0.0,3007.0568805004496,0.0,10058.000000000002,4295.795543572071,0.0,0.0,0.0,3007.0568805004496
S37,'Zollfeld',293.91,0.0,2.0,10058.0,0.0,17382.606338754165,0.0,1.0,16.0,0.0,15174.881317628364,0.0,3007.0568805004496,0.0,0.0,0.0,10058.0,17382.606338754165,16.0,15174.881317628364,3007.0568805004496,0.0
S5,'Zaina',6.3,0.0,2.0,17736.0,0.0,22057.74265192454,0.0,0.0,0.0,0.0,0.0,0.0,0.0,0.0,15440.419856347173,0.0,17736.0,22057.74265192454,0.0,0.0,0.0,15440.419856347173
S5,'Grafenwörth',32.85,2.0,0.0,24240.0,12223.0,92944.80421055126,29144.46212768733,1.0,82.0,21.0,80501.78280373306,20401.12348938113,15440.419856347173,0.0,0.0,0.0,12017.0,63800.34208286393,61.0,60100.65931435193,15440.419856347173,0.0
S6,'Natschbach',3.22,2.0,0.0,28895.0,14454.000000000002,49805.03843322329,41975.63830958102,1.0,34.0,29.0,33040.23971677174,28847.935246057306,0.0,0.0,1823.287186484562,535.0115706494071,14441.0,7829.400123642268,5.0,4192.304470714433,0.0,1288.275615835155
S6,'Gloggnitz Süd',17.81,1.0,2.0,7935.5,7935.5,9081.297254301347,9081.297254301347,0.0,0.0,-0.0,0.0,0.0,535.0115706494071,535.0115706494071,6891.919648660347,6891.919648660347,0.0,0.0,0.0,0.0,0.0,0.0
S6,'Gloggnitz Nord',18.44,0.0,2.0,8009.0,0.0,24242.62115602437,0.0,1.0,17.0,0.0,17000.0,0.0,1288.275615835155,0.0,1258.1104250522112,0.0,8009.0,24242.62115602437,17.0,17000.0,1288.275615835155,1258.1104250522112
S6,'Schottwien',23.57,2.0,0.0,15944.5,7935.5,47842.38487070686,39660.78291125756,1.0,30.0,24.0,30000.0,24000.0,8150.030073712558,6891.919648660347,11639.699483207361,10654.467686540636,8009.0,8181.6019594493055,6.0,6000.0,1258.1104250522112,985.2317966667251
S6,'Schwöbing Nord',48.55,0.0,0.0,9945.0,0.0,49668.15156439487,0.0,1.0,35.0,0.0,35000.0,0.0,985.2317966667251,0.0,752.9378917431313,0.0,9945.0,49668.15156439487,35.0,35000.0,985.2317966667251,752.9378917431313
S6,'Schwöbing Süd',48.57,1.0,0.0,9757.0,9757.0,46526.20864062981,46526.20864062981,1.0,43.0,43.0,43000.0,43000.0,10654.467686540636,10654.467686540636,222.8137349815006,222.8137349815006,0.0,0.0,0.0,0.0,0.0,0.0
S6,'St. Marein',68.99,0.0,0.0,12864.0,0.0,52521.60007264168,0.0,1.0,37.0,0.0,37000.0,0.0,752.9378917431313,0.0,518.0579425923052,0.0,12864.0,52521.60007264168,37.0,37000.0,752.9378917431313,518.0579425923052
S6,'Kapfenberg Nord',72.03,0.0,2.0,12864.0,0.0,7831.345796296708,0.0,1.0,6.0,0.0,6000.0,0.0,518.0579425923052,0.0,0.0,0.0,12864.0,7831.345796296708,6.0,6000.0,518.0579425923052,0.0
S6,'Kapfenberg Süd',72.45,1.0,1.0,12893.5,12893.5,83967.40895002644,83967.40895002644,1.0,59.0,59.0,59000.0,59000.0,222.8137349815006,222.8137349815006,0.0,0.0,0.0,0.0,0.0,0.0,0.0,0.0
