Time of calculation: 20210929-151001; value of objective: 25793.07158617956;  acc=20.0;  ec=0.25;  e_tax=0.15;  cfix=150000;  cvar=10000;  eta=0.011;  mu=0.6;  hours_of_constant_charging=20;  i=0.05;  T=5
highway,name,asfinag_position,direction,asfinag_type,traffic_flow,traffic_flow_1,energy_demand,energy_demand_1,pXi_dir,pYi_dir,pYi_dir_1,pE_charged,pE_charged_1,pE_input,pE_input_1,pE_output,pE_output_1,traffic_flow_0,energy_demand_0,pYi_dir_0,pE_charged_0,pE_input_0,pE_output_0
A1,'Steinhäusl',32.7,2.0,0.0,63195.99999999913,31709.9999999998,228883.80989013438,77129.62227259546,1.0,2.0,1.0,0.0,0.0,0.0,0.0,1510.6331452748868,509.05550699913,31485.99999999933,151754.18761753893,1.0,0.0,0.0,1001.5776382757568
A1,'Kirchstetten',44.88,0.0,1.0,29897.99999542764,0.0,72732.0809427628,0.0,1.0,1.0,0.0,847.7087198344938,0.0,1001.5776382757568,0.0,633.9006526634975,0.0,29897.99999542764,72732.0809427628,1.0,847.7087198344938,1001.5776382757568,633.9006526634975
A1,'Kesselhof',44.88,1.0,1.0,30234.999996719125,30234.999996719125,109130.95569981833,109130.95569981833,1.0,1.0,1.0,786.700644525446,786.700644525446,509.05550699913,509.05550699913,442.61917009248486,442.61917009248486,0.0,0.0,0.0,0.0,0.0,0.0
A1,'St. Pölten',62.9,2.0,0.0,71148.0,35565.0,227454.84943410664,99032.43203384092,1.0,2.0,1.0,2000.0,1000.0,1076.5198227559822,442.61917009248486,577.7218290210859,96.23322151583477,35583.0,128422.41740026572,1.0,1000.0,633.9006526634975,481.48860750525114
A1,'Schallaburg',76.81,1.0,1.0,29188.0,29188.0,136934.36037638868,136934.36037638868,1.0,1.0,1.0,1000.0,1000.0,96.23322151583477,96.23322151583477,0.0,0.0,0.0,0.0,0.0,0.0,0.0,0.0
A1,'Roggendorf',76.82,0.0,1.0,28377.0,0.0,78562.33219617409,0.0,1.0,1.0,0.0,1000.0,0.0,481.48860750525114,0.0,0.0,0.0,28377.0,78562.33219617409,1.0,1000.0,481.48860750525114,0.0
A1,'Ornding',88.04,0.0,1.0,27048.0,0.0,60488.07492270462,0.0,1.0,1.0,0.0,399.22129448985044,0.0,0.0,0.0,0.0,0.0,27048.0,60488.07492270462,1.0,399.22129448985044,0.0,0.0
A1,'Ybbs',100.32,1.0,0.0,27161.40445083877,27161.40445083877,104129.25066774894,104129.25066774894,1.0,1.0,1.0,687.2530544071429,687.2530544071429,0.0,0.0,0.0,0.0,0.0,0.0,0.0,0.0,0.0,0.0
A1,'Kemmelbach',101.38,0.0,0.0,26898.000000000207,0.0,72226.10016870651,0.0,1.0,1.0,0.0,476.6922611134629,0.0,0.0,0.0,0.0,0.0,26898.000000000207,72226.10016870651,1.0,476.6922611134629,0.0,0.0
A1,'Viehdorf',118.17,0.0,1.0,25545.0,0.0,92117.57063469278,0.0,1.0,1.0,0.0,607.9759661889723,0.0,0.0,0.0,0.0,0.0,25545.0,92117.57063469278,1.0,607.9759661889723,0.0,0.0
A1,'Amstetten',119.36,1.0,1.0,25407.0,25407.0,122199.48177898517,122199.48177898517,1.0,1.0,1.0,806.5165797413019,806.5165797413019,0.0,0.0,0.0,0.0,0.0,0.0,0.0,0.0,0.0,0.0
A1,'Strengberg',136.0,0.0,0.0,25773.0,0.0,85730.10314081071,0.0,1.0,1.0,0.0,565.8186807293506,0.0,0.0,0.0,0.0,0.0,25773.0,85730.10314081071,1.0,565.8186807293506,0.0,0.0
A1,'Haag',143.54,1.0,0.0,28172.0,28172.0,72532.38382040594,72532.38382040594,1.0,1.0,1.0,478.71373321467917,478.71373321467917,0.0,0.0,0.0,0.0,0.0,0.0,0.0,0.0,0.0,0.0
A1,'Enns Süd',156.19,1.0,1.0,29648.737115098505,29648.737115098505,86236.6993060754,86236.6993060754,1.0,1.0,1.0,569.1622154200976,569.1622154200976,0.0,0.0,0.0,0.0,0.0,0.0,0.0,0.0,0.0,0.0
A1,'Enns Nord',156.79,0.0,1.0,29791.88732837659,0.0,122843.35235918174,0.0,1.0,1.0,0.0,810.7661255705995,0.0,0.0,0.0,0.0,0.0,29791.88732837659,122843.35235918174,1.0,810.7661255705995,0.0,0.0
A1,'Ansfelden Süd',170.93,1.0,0.0,46681.64620523784,46681.64620523784,108599.64670259466,108599.64670259466,1.0,1.0,1.0,716.7576682371247,716.7576682371247,0.0,0.0,0.0,0.0,0.0,0.0,0.0,0.0,0.0,0.0
A1,'Ansfelden Nord',171.01,0.0,0.0,48225.58896718505,0.0,137729.45647842763,0.0,1.0,1.0,0.0,909.0144127576223,0.0,0.0,0.0,0.0,0.0,48225.58896718505,137729.45647842763,1.0,909.0144127576223,0.0,0.0
A1,'Allhaming Süd',182.59,1.0,1.0,22273.0,22273.0,132032.00498622254,132032.00498622254,1.0,1.0,1.0,871.4112329090686,871.4112329090686,0.0,0.0,0.0,0.0,0.0,0.0,0.0,0.0,0.0,0.0
A1,'Allhaming Nord',182.6,0.0,1.0,22478.0,0.0,52074.59618392183,0.0,1.0,1.0,0.0,343.69233481388403,0.0,0.0,0.0,0.0,0.0,22478.0,52074.59618392183,1.0,343.69233481388403,0.0,0.0
A1,'Lindach Nord',212.26,0.0,0.0,24091.0,0.0,143292.1869458095,0.0,1.0,1.0,0.0,945.7284338423426,0.0,0.0,0.0,0.0,0.0,24091.0,143292.1869458095,1.0,945.7284338423426,0.0,0.0
A1,'Lindach Süd',212.27,1.0,0.0,24205.0,24205.0,88500.71292866017,88500.71292866017,1.0,1.0,1.0,584.104705329157,584.104705329157,0.0,0.0,0.0,0.0,0.0,0.0,0.0,0.0,0.0,0.0
A1,'Hainbach Süd',230.7,1.0,1.0,16641.0,16641.0,43626.88664048988,43626.88664048988,1.0,1.0,1.0,287.9374518272332,287.9374518272332,0.0,0.0,0.0,0.0,0.0,0.0,0.0,0.0,0.0,0.0
A1,'Hainbach Nord',230.72,0.0,1.0,15023.0,0.0,55447.073726717535,0.0,1.0,1.0,0.0,0.0,0.0,0.0,0.0,365.95068659633574,0.0,15023.0,55447.073726717535,1.0,0.0,0.0,365.95068659633574
A1,'Straß',243.67,1.0,1.0,16828.67483549712,16828.67483549712,52286.93331258195,52286.93331258195,1.0,1.0,1.0,345.0937598630408,345.0937598630408,0.0,0.0,0.0,0.0,0.0,0.0,0.0,0.0,0.0,0.0
A1,'Oberwang',251.03,0.0,1.0,15727.0,0.0,64059.905884903295,0.0,1.0,1.0,0.0,0.0,0.0,365.95068659633574,0.0,788.7460654366974,0.0,15727.0,64059.905884903295,1.0,0.0,365.95068659633574,788.7460654366974
A1,'Mondsee',259.23,2.0,0.0,31060.001681777,15333.000799448411,108891.47151975876,83549.07618259931,1.0,2.0,1.0,1197.6881500744723,551.4239028051554,788.7460654366974,0.0,309.74162739263284,0.0,15727.000882328592,25342.39533715945,1.0,646.2642472693169,788.7460654366974,309.74162739263284
A1,'Söllheim',286.46,1.0,0.0,28864.537464121862,28864.537464121862,82339.63927517904,82339.63927517904,1.0,1.0,1.0,0.0,0.0,0.0,0.0,543.4416192161816,543.4416192161816,0.0,0.0,0.0,0.0,0.0,0.0
A1,'Kasern',287.89,0.0,0.0,38922.8495638266,0.0,223019.90593909277,0.0,1.0,1.0,0.0,1000.0,0.0,309.74162739263284,0.0,781.673006590645,0.0,38922.8495638266,223019.90593909277,1.0,1000.0,309.74162739263284,781.673006590645
A1,'Walserberg Süd',300.71,1.0,0.0,14880.00000000295,14880.00000000295,866.4299233497069,866.4299233497069,1.0,1.0,1.0,549.1600567102897,549.1600567102897,543.4416192161816,543.4416192161816,0.0,0.0,0.0,0.0,0.0,0.0,0.0,0.0
A1,'Walserberg Nord',300.73,0.0,0.0,12964.000000008587,0.0,33079.84748626592,0.0,1.0,1.0,0.0,1000.0,0.0,781.673006590645,0.0,0.0,0.0,12964.000000008587,33079.84748626592,1.0,1000.0,781.673006590645,0.0
A10,'Golling Ost',28.76,1.0,0.0,19647.00094772099,19647.00094772099,119966.62316808572,119966.62316808572,1.0,1.0,1.0,212.7962406727629,212.7962406727629,0.0,0.0,578.9834722366028,578.9834722366028,0.0,0.0,0.0,0.0,0.0,0.0
A10,'Golling West',28.82,0.0,0.0,19875.000668287423,0.0,104378.50480107158,0.0,1.0,1.0,0.0,688.8981316870725,0.0,0.0,0.0,0.0,0.0,19875.000668287423,104378.50480107158,1.0,688.8981316870725,0.0,0.0
A10,'Eben Süd',59.21,2.0,0.0,31555.3674870556,15557.95086744994,63864.366982730906,63790.382994454136,0.0,1.0,1.0,1000.0,1000.0,578.9834722366028,578.9834722366028,0.4882943226266434,0.0,15997.416619605658,73.98398827676816,-0.0,0.0,0.0,0.4882943226266434
A10,'Eben Nord',59.32,2.0,0.0,31554.16119307871,15556.997933878209,97642.35981166828,71.94716372837226,1.0,1.0,-0.0,644.45301779903,0.0,0.4882943226266434,0.0,0.4748512806072569,0.4748512806072569,15997.1632592005,97570.41264793991,1.0,644.45301779903,0.4882943226266434,0.0
A10,'Tauernalm',79.79,2.0,0.0,21522.867721662667,10619.213162511343,88819.6820605424,44112.74691892924,1.0,2.0,1.0,586.684752880187,291.6189809455402,0.4748512806072569,0.4748512806072569,0.0,0.0,10903.654559151322,44706.93514161317,1.0,295.0657719346469,0.0,0.0
A10,'Lungau',97.91,0.0,0.0,10877.0,0.0,39524.43281357246,0.0,1.0,1.0,0.0,260.8612565695782,0.0,0.0,0.0,0.0,0.0,10877.0,39524.43281357246,1.0,260.8612565695782,0.0,0.0
A10,'Lanschütz',100.6,1.0,1.0,10558.5,10558.5,53393.23087724362,53393.23087724362,1.0,1.0,1.0,352.3953237898079,352.3953237898079,0.0,0.0,0.0,0.0,0.0,0.0,0.0,0.0,0.0,0.0
A10,'Eisentratten',125.92,2.0,0.0,14180.999999999998,7302.999999999999,90988.98323942441,52629.11463125176,1.0,2.0,1.0,600.5272893802011,347.35215656626156,0.0,0.0,0.0,0.0,6877.999999999999,38359.86860817266,1.0,253.1751328139395,0.0,0.0
A10,'Feistritz an der Drau',162.01,2.0,0.0,29679.0,14750.0,170997.24647957023,63411.31572098366,1.0,2.0,1.0,1128.5818267651634,418.5146837584921,0.0,0.0,0.0,0.0,14929.0,107585.93075858656,1.0,710.0671430066712,0.0,0.0
A11,'Rosegg',9.04,2.0,0.0,9108.5,4802.0,19444.03423128799,11637.99349052014,1.0,2.0,1.0,128.33062592650074,76.81075703743294,0.0,0.0,0.0,0.0,4306.5,7806.040740767851,1.0,51.51986888906781,0.0,0.0
A12,'Angath Süd',14.1,2.0,0.0,39222.99999999994,19314.99999999997,56148.10872631689,3.820475553634762,1.0,1.0,-0.0,0.0,0.0,0.0,0.0,370.5775175936914,0.025215138653989427,19907.99999999997,56144.28825076325,1.0,0.0,0.0,370.5523024550374
A12,'Angath Nord',14.22,2.0,0.0,39222.99999999994,19314.99999999997,86003.9180407436,85999.98027075542,0.0,1.0,1.0,0.0,0.0,370.5775175936914,0.025215138653989427,938.2033766625991,567.6250849256396,19907.99999999997,3.93776998818332,0.0,0.0,370.5523024550374,370.57829173695944
A12,'Münster Nord',35.71,0.0,1.0,18334.0,0.0,79565.35290639894,0.0,1.0,1.0,0.0,502.39742712532615,0.0,370.57829173695944,0.0,393.3121937938663,0.0,18334.0,79565.35290639894,1.0,502.39742712532615,370.57829173695944,393.3121937938663
A12,'Münster Süd',36.25,1.0,1.0,18162.0,18162.0,51027.0984567292,51027.0984567292,1.0,1.0,1.0,51.15068636887372,51.15068636887372,567.6250849256396,567.6250849256396,853.2532483711786,853.2532483711786,0.0,0.0,0.0,0.0,0.0,0.0
A12,'Vomp',50.47,1.0,0.0,24431.999999991072,24431.999999991072,22234.356307397185,22234.356307397185,1.0,1.0,1.0,1000.0,1000.0,853.2532483711786,853.2532483711786,0.0,0.0,0.0,0.0,0.0,0.0,0.0,0.0
A12,'Weer',54.8,0.0,0.0,24110.000189607712,0.0,91922.39487971723,0.0,1.0,1.0,0.0,1000.0,0.0,393.3121937938663,0.0,0.0,0.0,24110.000189607712,91922.39487971723,1.0,1000.0,393.3121937938663,0.0
A12,'Weer Süd',55.0,1.0,1.0,24141.001987531265,24141.001987531265,197089.950526282,197089.950526282,1.0,1.0,1.0,1000.0,1000.0,0.0,0.0,300.793673473461,300.793673473461,0.0,0.0,0.0,0.0,0.0,0.0
A12,'Ampaß',72.07,0.0,0.0,35539.999996608014,0.0,123154.22328142951,0.0,1.0,1.0,0.0,812.8178736574348,0.0,0.0,0.0,0.0,0.0,35539.999996608014,123154.22328142951,1.0,812.8178736574348,0.0,0.0
A12,'Zirl-Inzing',91.77,0.0,1.0,20799.0,0.0,82023.58476167452,0.0,1.0,1.0,0.0,541.3556594270518,0.0,0.0,0.0,0.0,0.0,20799.0,82023.58476167452,1.0,541.3556594270518,0.0,0.0
A12,'Pettnau',95.81,2.0,0.0,37922.0,19033.0,165593.5507511032,150955.30517780414,1.0,2.0,1.0,1096.6124207837738,1000.0,300.793673473461,300.793673473461,297.0986876469683,297.0986876469683,18889.0,14638.245573299051,1.0,96.6124207837737,0.0,0.0
A12,'Mils',135.51,2.0,0.0,19502.000000000833,9240.000000000804,99879.26500112754,18488.872433763983,1.0,2.0,1.0,956.30183665441,419.12524570981054,297.0986876469683,297.0986876469683,0.0,0.0,10262.00000000003,81390.39256736355,1.0,537.1765909445994,0.0,0.0
A13,'Europabrücke',8.27,2.0,0.0,41638.0,20615.0,70370.3325587005,35823.31204555185,1.0,2.0,1.0,0.0,0.0,0.0,0.0,464.44419488742324,236.4338595006422,21023.0,34547.02051314864,1.0,0.0,0.0,228.010335386781
A13,'Matrei West',16.79,0.0,0.0,15161.0,0.0,25846.426928735076,0.0,1.0,1.0,0.0,398.5967531164325,0.0,228.010335386781,0.0,0.0,0.0,15161.0,25846.426928735076,1.0,398.5967531164325,228.010335386781,0.0
A13,'Matrei Ost',16.95,2.0,0.0,29983.0,14822.0,36929.252580801745,36429.94902578171,0.0,1.0,1.0,476.87152307080146,476.87152307080146,236.4338595006422,236.4338595006422,3.295403463132251,0.0,15161.0,499.30355502003806,0.0,0.0,0.0,3.295403463132251
A13,'Nößlach',26.91,2.0,1.0,12027.916375220364,0.0,26003.24170150209,0.0,1.0,1.0,0.0,174.91679869304602,0.0,3.295403463132251,0.0,0.0,0.0,12027.916375220364,26003.24170150209,1.0,174.91679869304602,3.295403463132251,0.0
A13,'Gries Ost',29.15,1.0,0.0,11601.99774413572,11601.99774413572,11387.01827145676,11387.01827145676,1.0,1.0,1.0,75.1543205916146,75.1543205916146,0.0,0.0,0.0,0.0,0.0,0.0,0.0,0.0,0.0,0.0
A13,'Gries West',29.54,0.0,0.0,12036.99974796117,0.0,4238.013247571624,0.0,1.0,1.0,0.0,27.970887433972717,0.0,0.0,0.0,0.0,0.0,12036.99974796117,4238.013247571624,1.0,27.970887433972717,0.0,0.0
A13,'Brennersee',33.44,0.0,0.0,12037.0,0.0,9408.316380843364,0.0,1.0,1.0,0.0,62.0948881135662,0.0,0.0,0.0,0.0,0.0,12037.0,9408.316380843364,1.0,62.0948881135662,0.0,0.0
A13,'Brennerpaß',34.16,2.0,0.0,23639.0,11602.0,2518.3592467820863,788.7146427742366,1.0,2.0,1.0,16.62117102876177,5.205516642309961,0.0,0.0,0.0,0.0,12037.0,1729.6446040078497,1.0,11.415654386451807,0.0,0.0
A14,'Hörbranz’,0.0,2.0,1.0,11914.47538487758,0.0,580.5002038524873,0.0,0.0,0.0,0.0,0.0,0.0,0.0,0.0,3.8313013454263682,0.0,11914.47538487758,580.5002038524873,-0.0,0.0,0.0,3.8313013454263682
A14,'Hohenems',24.48,2.0,0.0,53333.40958305029,26481.317311897245,325972.7230756362,196814.48809014575,1.0,3.0,2.0,2155.251273644625,1298.975621394962,3.8313013454263682,0.0,0.0,0.0,26852.092271153047,129158.23498549042,1.0,856.2756522496632,3.8313013454263682,0.0
A2,'Guntramsdorf',14.43,2.0,0.0,106539.0608322543,51867.17485406379,341487.5079237672,183029.57068577447,1.0,2.0,1.0,0.0,0.0,0.0,0.0,2253.817552296863,1207.9951665261112,54671.885978190505,158457.9372379927,1.0,0.0,0.0,1045.8223857707517
A2,'Leobersdorf',32.08,1.0,1.0,39540.0,39540.0,56942.74699600472,56942.74699600472,1.0,1.0,1.0,1000.0,1000.0,1207.9951665261112,1207.9951665261112,583.8172966997424,583.8172966997424,0.0,0.0,0.0,0.0,0.0,0.0
A2,'Triestingtal',32.08,0.0,1.0,40445.0,0.0,143069.6923848394,0.0,1.0,1.0,0.0,825.4006099805401,0.0,1045.8223857707517,0.0,1164.6817455301516,0.0,40445.0,143069.6923848394,1.0,825.4006099805401,1045.8223857707517,1164.6817455301516
A2,'Föhrenberg',39.31,1.0,0.0,39539.98215618593,39539.98215618593,93778.97588690832,93778.97588690832,1.0,1.0,1.0,1000.0,1000.0,583.8172966997424,583.8172966997424,202.7585375533373,202.7585375533373,0.0,0.0,0.0,0.0,0.0,0.0
A2,'Bad Fischau',40.93,0.0,0.0,37535.00000001001,0.0,66634.96786186735,0.0,1.0,1.0,0.0,1000.0,0.0,1164.6817455301516,0.0,604.4725334184761,0.0,37535.00000001001,66634.96786186735,1.0,1000.0,1164.6817455301516,604.4725334184761
A2,'Steinfeld',50.35,0.0,1.0,32434.00031526797,0.0,59928.40402750363,0.0,1.0,1.0,0.0,1000.0,0.0,604.4725334184761,0.0,0.0,0.0,32434.00031526797,59928.40402750363,1.0,1000.0,604.4725334184761,0.0
A2,'Wr. Neustadt',51.18,1.0,1.0,31158.00000000052,31158.00000000052,172010.8435859857,172010.8435859857,1.0,1.0,1.0,1000.0,1000.0,202.7585375533373,202.7585375533373,338.030105220843,338.030105220843,0.0,0.0,0.0,0.0,0.0,0.0
A2,'Zöbern',78.76,2.0,0.0,34076.0,16223.0,127688.39957479399,25909.766934785785,1.0,2.0,1.0,1180.7735424144832,509.03456699042914,338.030105220843,338.030105220843,0.0,0.0,17853.0,101778.6326400082,1.0,671.738975424054,0.0,0.0
A2,'Schäffern Ost',86.7,1.0,1.0,16223.0,16223.0,61123.2530374171,61123.2530374171,1.0,1.0,1.0,403.4134700469528,403.4134700469528,0.0,0.0,0.0,0.0,0.0,0.0,0.0,0.0,0.0,0.0
A2,'Loipersdorf',105.5,2.0,0.0,27899.0,13287.0,154018.46142676251,75628.12130262834,1.0,2.0,1.0,1016.5218454166323,499.14560059734697,0.0,0.0,0.0,0.0,14612.0,78390.34012413416,1.0,517.3762448192854,0.0,0.0
A2,'Hainersdorf',133.87,0.0,1.0,16034.999999999998,0.0,90554.39668407534,0.0,1.0,1.0,0.0,597.6590181148972,0.0,0.0,0.0,0.0,0.0,16034.999999999998,90554.39668407534,1.0,597.6590181148972,0.0,0.0
A2,'Bad Blumau',134.06,1.0,1.0,14879.0,14879.0,59355.30955245131,59355.30955245131,1.0,1.0,1.0,391.74504304617864,391.74504304617864,0.0,0.0,0.0,0.0,0.0,0.0,0.0,0.0,0.0,0.0
A2,'Arnwiesen',154.1,2.0,0.0,36495.0010822289,16966.000585729496,135214.80430038154,56438.87319577954,1.0,2.0,1.0,892.417708382518,372.49656309214487,0.0,0.0,0.0,0.0,19529.0004964994,78775.931104602,1.0,519.9211452903731,0.0,0.0
A2,'Laßnitzhöhe Nord',170.16,0.0,1.0,27470.0,0.0,89210.41764080411,0.0,1.0,1.0,0.0,588.7887564293071,0.0,0.0,0.0,0.0,0.0,27470.0,89210.41764080411,1.0,588.7887564293071,0.0,0.0
A2,'Laßnitzhöhe Süd',170.65,1.0,1.0,29743.0,29743.0,119872.94775894134,119872.94775894134,1.0,1.0,1.0,791.1614552090128,791.1614552090128,0.0,0.0,0.0,0.0,0.0,0.0,0.0,0.0,0.0,0.0
A2,'Kaiserwald',190.77,2.0,0.0,42649.00410506857,20682.001624263023,212311.14271654858,122041.70261988904,1.0,2.0,1.0,1401.2535419292203,805.4752372912675,0.0,0.0,0.0,0.0,21967.00248080555,90269.44009665956,1.0,595.7783046379529,0.0,0.0
A2,'Herzogberg Nord',220.13,0.0,1.0,8807.00000002098,0.0,51848.951152018446,0.0,1.0,1.0,0.0,342.20307760332173,0.0,0.0,0.0,0.0,0.0,8807.00000002098,51848.951152018446,1.0,342.20307760332173,0.0,0.0
A2,'Herzogberg Süd',220.19,1.0,1.0,8120.999999999229,8120.999999999229,24362.120249568077,24362.120249568077,1.0,1.0,1.0,0.0,0.0,0.0,0.0,160.7899936471493,160.7899936471493,0.0,0.0,0.0,0.0,0.0,0.0
A2,'Pack',235.21,2.0,0.0,16928.0,8120.999999999999,107246.45859213948,80706.44443171406,1.0,2.0,1.0,693.452526896462,693.452526896462,160.7899936471493,160.7899936471493,175.16409345880768,0.0,8807.0,26540.01416042541,1.0,0.0,0.0,175.16409345880768
A2,'Völkermarkt',285.09,2.0,0.0,21133.0,10354.0,137900.08595592296,30778.45505708712,1.0,2.0,1.0,1085.3046607678991,203.137803376775,175.16409345880768,0.0,0.0,0.0,10779.0,107121.63089883584,1.0,882.1668573911242,175.16409345880768,0.0
A2,'Grafenstein Süd',300.0,1.0,1.0,13587.999999999998,13587.999999999998,81445.24169896843,81445.24169896843,1.0,1.0,1.0,463.2169163499173,463.2169163499173,0.0,0.0,74.32167886327426,74.32167886327426,0.0,0.0,0.0,0.0,0.0,0.0
A2,'Grafenstein Nord',300.0,0.0,1.0,13362.0,0.0,39644.441582321415,0.0,1.0,1.0,0.0,261.6533144433213,0.0,0.0,0.0,0.0,0.0,13362.0,39644.441582321415,1.0,261.6533144433213,0.0,0.0
A2,'Wörthersee',340.13,2.0,0.0,38076.99999701492,18623.999998725383,149916.98024786788,33207.340641554634,1.0,2.0,1.0,770.2836214016673,0.0,74.32167886327426,74.32167886327426,293.4901270975348,293.4901270975348,19452.999998289542,116709.63960631324,1.0,770.2836214016673,0.0,0.0
A2,'Dreiländereck Süd',374.17,2.0,0.0,29010.99995582863,19615.999955893047,113634.3848593006,49722.012510574656,1.0,2.0,1.0,0.0,0.0,293.4901270975348,293.4901270975348,1043.4770671689187,621.6554096673275,9394.99999993558,63912.37234872594,1.0,0.0,0.0,421.8216575015912
A2,'Dreiländereck Nord',374.27,2.0,0.0,24357.99999982947,14963.000000000002,57429.86785277845,57324.937929192805,1.0,2.0,1.0,1422.5141949972565,1000.0,1043.4770671689187,621.6554096673275,0.0,0.0,9394.999999829468,104.92992358564643,1.0,422.5141949972564,421.8216575015912,0.0
A21,'Alland',14.68,2.0,0.0,40163.5,20070.5,103417.58750904436,53997.24861527208,1.0,2.0,1.0,682.5560775596927,356.38184086079565,0.0,0.0,0.0,0.0,20093.0,49420.33889377227,1.0,326.174236698897,0.0,0.0
A21,'Hinterbrühl',26.99,0.0,1.0,19730.962284466663,0.0,44502.271823291965,0.0,1.0,1.0,0.0,293.7149940337269,0.0,0.0,0.0,0.0,0.0,19730.962284466663,44502.271823291965,1.0,293.7149940337269,0.0,0.0
A22,'Korneuburg West',18.04,1.0,0.0,32131.000000493023,32131.000000493023,63932.21893438356,63932.21893438356,1.0,1.0,1.0,421.9526449669315,421.9526449669315,0.0,0.0,0.0,0.0,0.0,0.0,0.0,0.0,0.0,0.0
A22,'Korneuburg Ost',18.12,0.0,0.0,32321.000000000007,0.0,116866.4197787237,0.0,1.0,1.0,0.0,771.3183705395764,0.0,0.0,0.0,0.0,0.0,32321.000000000007,116866.4197787237,1.0,771.3183705395764,0.0,0.0
A22,'Stockerau',28.09,1.0,0.0,30190.007584098337,30190.007584098337,9009.757712564318,9009.757712564318,1.0,1.0,1.0,59.464400902924496,59.464400902924496,0.0,0.0,0.0,0.0,0.0,0.0,0.0,0.0,0.0,0.0
A25,'Pucking',5.97,0.0,1.0,21620.0,0.0,25350.64141680889,0.0,1.0,1.0,0.0,167.31423335093865,0.0,0.0,0.0,0.0,0.0,21620.0,25350.64141680889,1.0,167.31423335093865,0.0,0.0
A25,'Wels',13.06,2.0,0.0,49975.503210327646,24897.02101145736,71240.92245977157,35752.43236667305,1.0,2.0,1.0,470.1900882344923,235.9660536200421,0.0,0.0,0.0,0.0,25078.48219887029,35488.490093098524,1.0,234.2240346144502,0.0,0.0
A3,'Hornstein',28.0,2.0,0.0,35088.0,17661.0,114520.76259901357,47668.58798974191,1.0,2.0,1.0,755.8370331534895,314.61268073229655,0.0,0.0,0.0,0.0,17427.0,66852.17460927166,1.0,441.2243524211929,0.0,0.0
A4,'Simmering',2.45,0.0,0.0,35371.78969176939,0.0,22257.83857434953,0.0,1.0,1.0,0.0,0.0,0.0,0.0,0.0,146.9017345907069,0.0,35371.78969176939,22257.83857434953,1.0,0.0,0.0,146.9017345907069
A4,'Fischamend',22.33,0.0,1.0,28227.0,0.0,112756.86408974236,0.0,1.0,1.0,0.0,891.0970375830063,0.0,146.9017345907069,0.0,0.0,0.0,28227.0,112756.86408974236,1.0,891.0970375830063,146.9017345907069,0.0
A4,'Maria Ellend',22.48,1.0,1.0,27990.0,27990.0,32591.644875563223,32591.644875563223,1.0,1.0,1.0,215.10485617871726,215.10485617871726,0.0,0.0,0.0,0.0,0.0,0.0,0.0,0.0,0.0,0.0
A4,'Göttlesbrunn',28.04,2.0,0.0,47550.0,23278.0,199378.60737736453,171332.06030449894,1.0,2.0,1.0,1185.1072106809129,1000.0,0.0,0.0,130.79159800969302,130.79159800969302,24272.0,28046.547072865586,1.0,185.10721068091283,0.0,0.0
A4,'Nickelsdorf Süd',64.65,0.0,0.0,10545.000205483248,0.0,76995.55071763713,0.0,1.0,1.0,0.0,508.170634736405,0.0,0.0,0.0,0.0,0.0,10545.000205483248,76995.55071763713,1.0,508.170634736405,0.0,0.0
A4,'Nickelsdorf Nord',64.97,1.0,0.0,7158.000028017371,7158.000028017371,1140.7844882274428,1140.7844882274428,1.0,1.0,1.0,138.32077563199414,138.32077563199414,130.79159800969302,130.79159800969302,0.0,0.0,0.0,0.0,0.0,0.0,0.0,0.0
A5,'Hochleithen',10.63,2.0,0.0,35611.2,18304.7,171050.44466718304,136176.4756229533,1.0,2.0,1.0,1128.932934803408,898.7647391114917,0.0,0.0,0.0,0.0,17306.5,34873.96904422976,1.0,230.16819569191637,0.0,0.0
A6,'Potzneusiedl',10.8,2.0,0.0,15204.999999970727,7878.999999983744,33671.23460537669,17937.695343993484,1.0,2.0,1.0,222.23014839548614,118.38878927035698,0.0,0.0,0.0,0.0,7325.999999986983,15733.539261383205,1.0,103.84135912512915,0.0,0.0
A7,'Engerwitzdorf',25.71,1.0,1.0,19344.0,19344.0,4050.242286953621,4050.242286953621,1.0,1.0,1.0,26.731599093893895,26.731599093893895,0.0,0.0,0.0,0.0,0.0,0.0,0.0,0.0,0.0,0.0
A7,'Denk',25.76,0.0,1.0,18851.0,0.0,97075.89483825683,0.0,1.0,1.0,0.0,640.7009059324951,0.0,0.0,0.0,0.0,0.0,18851.0,97075.89483825683,1.0,640.7009059324951,0.0,0.0
A8,'Voralpenkreuz',0.17,2.0,0.0,20453.0,10372.0,70402.5195645118,69520.34190820777,0.0,1.0,1.0,0.0,0.0,0.0,0.0,464.6566291257777,458.8342565941712,10081.0,882.1776563040131,-0.0,0.0,0.0,5.8223725316064865
A8,'Aistersheim',33.81,2.0,0.0,30956.0,15977.0,174143.73401582515,73744.08096501099,1.0,2.0,1.0,1614.0052736302232,945.5451909632436,464.6566291257777,458.8342565941712,0.0,0.0,14979.0,100399.65305081414,1.0,668.4600826669797,5.8223725316064865,0.0
A8,'Murau West',56.77,1.0,1.0,14172.0,14172.0,41708.92113869764,41708.92113869764,1.0,1.0,1.0,275.2788795154044,275.2788795154044,0.0,0.0,0.0,0.0,0.0,0.0,0.0,0.0,0.0,0.0
A8,'Murau Ost',56.88,0.0,1.0,13536.0,0.0,62540.67745073653,0.0,1.0,1.0,0.0,412.7684711748611,0.0,0.0,0.0,0.0,0.0,13536.0,62540.67745073653,1.0,412.7684711748611,0.0,0.0
A8,'Marienkirchen/Schärding’,71.6,1.0,1.0,10055.234280795672,10055.234280795672,6370.451690557319,6370.451690557319,1.0,1.0,1.0,42.0449811576783,42.0449811576783,0.0,0.0,0.0,0.0,0.0,0.0,0.0,0.0,0.0,0.0
A8,'Suben West',74.77,1.0,0.0,9186.000000189424,9186.000000189424,2309.5037607612567,2309.5037607612567,1.0,1.0,1.0,15.242724821024291,15.242724821024291,0.0,0.0,0.0,0.0,0.0,0.0,0.0,0.0,0.0,0.0
A9,'St. Pankraz',36.36,2.0,0.0,13974.0,6941.0,76994.75393328123,25927.407981916764,1.0,2.0,1.0,0.0,0.0,0.0,0.0,508.16537595965605,171.12089268065063,7033.0,51067.34595136446,1.0,0.0,0.0,337.0444832790054
A9,'Pyhrn-Priel Ost’,55.03,1.0,1.0,7591.971611767987,7591.971611767987,46666.31891472245,46666.31891472245,1.0,1.0,1.0,0.0,0.0,171.12089268065063,171.12089268065063,479.1185975178187,479.1185975178187,0.0,0.0,0.0,0.0,0.0,0.0
A9,'Pyhrn-Priel West',55.04,0.0,1.0,8230.855228133318,0.0,31192.30198661983,0.0,1.0,1.0,0.0,0.0,0.0,337.0444832790054,0.0,542.9136763906963,0.0,8230.855228133318,31192.30198661983,1.0,0.0,337.0444832790054,542.9136763906963
A9,'Trieben',85.7,2.0,0.0,20906.0,10287.0,77919.67930409627,13223.224664742887,1.0,2.0,1.0,268.1825259348617,-5.684341886080802e-14,1022.032273908515,479.1185975178187,1268.1196313806886,566.3918803051218,10619.0,64696.454639353375,1.0,268.18252593486176,542.9136763906963,701.7277510755667
A9,'Gaishorn',92.11,1.0,1.0,10287.0,10287.0,59924.01877210385,59924.01877210385,1.0,1.0,1.0,961.8904042010072,961.8904042010072,566.3918803051218,566.3918803051218,0.0,0.0,0.0,0.0,0.0,0.0,0.0,0.0
A9,'Kalwang',106.26,0.0,1.0,10953.0,0.0,45192.7649885505,0.0,1.0,1.0,0.0,1000.0,0.0,701.7277510755667,0.0,0.0,0.0,10953.0,45192.7649885505,1.0,1000.0,701.7277510755667,0.0
A9,'Kammern Süd',121.26,2.0,0.0,21954.0,10926.0,121610.15295791501,88696.13850830635,1.0,2.0,1.0,802.6270095222391,585.3945141548219,0.0,0.0,0.0,0.0,11028.0,32914.014449608665,1.0,217.23249536741716,0.0,0.0
A9,'Deutschfeistritz',161.95,2.0,0.0,23289.000114064176,11512.00005904891,209832.80544527044,114228.33646376162,1.0,2.0,1.0,1384.8965159387847,753.9070206608266,0.0,0.0,0.0,0.0,11777.000055015264,95604.4689815088,1.0,630.9894952779581,0.0,0.0
A9,'Premstätten',192.48,0.0,1.0,32302.511670869648,0.0,198945.786350562,0.0,1.0,1.0,0.0,1000.0,0.0,0.0,0.0,313.04218991370914,0.0,32302.511670869648,198945.786350562,1.0,1000.0,0.0,313.04218991370914
A9,'Gralla West',211.06,0.0,0.0,20689.0,0.0,76643.58637779353,0.0,1.0,1.0,0.0,818.8898600071464,0.0,313.04218991370914,0.0,0.0,0.0,20689.0,76643.58637779353,1.0,818.8898600071464,313.04218991370914,0.0
A9,'Gralla Ost',211.45,1.0,0.0,19399.0,19399.0,72223.11037113996,72223.11037113996,1.0,1.0,1.0,476.6725284495237,476.6725284495237,0.0,0.0,0.0,0.0,0.0,0.0,0.0,0.0,0.0,0.0
S16,'Schnann',18.9,2.0,0.0,9860.99996031521,4918.999960315217,43437.30630977449,24737.232699426502,1.0,2.0,1.0,286.68622164451153,163.26573581621489,0.0,0.0,0.0,0.0,4941.999999999992,18700.073610347983,1.0,123.42048582829668,0.0,0.0
S16,'Klösterle',44.17,1.0,0.0,4439.000000265529,4439.000000265529,15751.5145677921,15751.5145677921,1.0,1.0,1.0,103.95999614742783,103.95999614742783,0.0,0.0,0.0,0.0,0.0,0.0,0.0,0.0,0.0,0.0
S16,'Innerbraz',54.99,0.0,0.0,5391.999999999998,0.0,38789.08951452321,0.0,1.0,1.0,0.0,256.0079907958532,0.0,0.0,0.0,0.0,0.0,5391.999999999998,38789.08951452321,1.0,256.0079907958532,0.0,0.0
S1A,'Schwechat',9.85,2.0,0.0,61703.49999987559,30239.99999989978,98660.20943375537,59618.68647486362,1.0,2.0,1.0,651.1573822627854,393.48333073409987,0.0,0.0,0.0,0.0,31463.499999975807,39041.52295889174,1.0,257.6740515286855,0.0,0.0
S1B,'Deutsch Wagram',39.05,2.0,0.0,32604.83333333333,16366.866666666663,73145.99870320682,63468.89404468598,1.0,2.0,1.0,482.7635914411649,418.8947006949274,0.0,0.0,0.0,0.0,16237.966666666664,9677.10465852084,1.0,63.86889074623754,0.0,0.0
S33,'St. Pölten Ost',1.84,0.0,0.0,15332.000000000002,0.0,42162.713450383104,0.0,1.0,1.0,0.0,278.27390877252844,0.0,0.0,0.0,0.0,0.0,15332.000000000002,42162.713450383104,1.0,278.27390877252844,0.0,0.0
S33,'Inzersdorf',15.28,1.0,1.0,15650.364459623052,15650.364459623052,47979.53816597848,47979.53816597848,1.0,1.0,1.0,316.66495189545793,316.66495189545793,0.0,0.0,0.0,0.0,0.0,0.0,0.0,0.0,0.0,0.0
S33,'Herzogenburg',15.69,0.0,1.0,15657.319893344473,0.0,36041.87317235301,0.0,1.0,1.0,0.0,237.87636293752985,0.0,0.0,0.0,0.0,0.0,15657.319893344473,36041.87317235301,1.0,237.87636293752985,0.0,0.0
S36,'St. Marein Nord',14.89,0.0,0.0,10113.0,0.0,30156.505485607195,0.0,1.0,1.0,0.0,199.03293620500747,0.0,0.0,0.0,0.0,0.0,10113.0,30156.505485607195,1.0,199.03293620500747,0.0,0.0
S36,'St. Marein Süd',14.97,1.0,0.0,10133.0,10133.0,45516.90322953391,45516.90322953391,1.0,1.0,1.0,300.4115613149238,300.4115613149238,0.0,0.0,0.0,0.0,0.0,0.0,0.0,0.0,0.0,0.0
S5,'Grafenwörth',32.85,2.0,0.0,24240.0,12223.0,107889.9944139893,29144.46212768733,1.0,2.0,1.0,712.0739631323293,192.35345004273634,0.0,0.0,0.0,0.0,12017.0,78745.53228630197,1.0,519.7205130895929,0.0,0.0
S6,'Natschbach',3.22,2.0,0.0,28895.0,14454.000000000002,66346.034024386,58516.63390074373,1.0,2.0,1.0,0.0,0.0,0.0,0.0,437.8838245609476,386.2097837449086,14441.0,7829.400123642268,1.0,0.0,0.0,51.67404081603897
S6,'Schottwien',23.57,2.0,0.0,15944.5,7935.5,72085.00602673124,39660.78291125756,1.0,2.0,1.0,913.6448643373737,647.9709509592085,437.8838245609476,386.2097837449086,0.0,0.0,8009.0,32424.223115473676,1.0,265.6739133781652,51.67404081603897,0.0
S6,'Schwöbing Nord',48.55,0.0,0.0,9945.0,0.0,49668.15156439487,0.0,1.0,1.0,0.0,327.80980032500617,0.0,0.0,0.0,0.0,0.0,9945.0,49668.15156439487,1.0,327.80980032500617,0.0,0.0
S6,'Schwöbing Süd',48.57,1.0,0.0,9757.0,9757.0,46526.20864062981,46526.20864062981,1.0,1.0,1.0,307.07297702815674,307.07297702815674,0.0,0.0,0.0,0.0,0.0,0.0,0.0,0.0,0.0,0.0
S6,'St. Marein',68.99,0.0,0.0,12864.0,0.0,52521.60007264168,0.0,1.0,1.0,0.0,346.6425604794351,0.0,0.0,0.0,0.0,0.0,12864.0,52521.60007264168,1.0,346.6425604794351,0.0,0.0
S6,'Kapfenberg Süd',72.45,1.0,1.0,12893.5,12893.5,83967.40895002644,83967.40895002644,1.0,1.0,1.0,554.1848990701744,554.1848990701744,0.0,0.0,0.0,0.0,0.0,0.0,0.0,0.0,0.0,0.0
