Time of calculation: 20210916-175149; value of objective: 360830.8137699015;  acc=20;  ec=0.25;  e_tax=0.15;  cfix=50000;  cvar=10000;  eta=0.3;  hours_of_constant_charging=20;  i=0.05;  T=10
highway,name,asfinag_position,direction,asfinag_type,traffic_flow,traffic_flow_1,energy_demand,energy_demand_1,pXi_dir,pYi_dir,pYi_dir_1,pE_charged,pE_charged_1,pE_input,pE_input_1,pE_output,pE_output_1,traffic_flow_0,energy_demand_0,pYi_dir_0,pE_charged_0,pE_input_0,pE_output_0
A1,'Parkplatz Großraum’,27.42,2.0,2.0,25490.00000000002,13297.00000000001,59974.325349551335,14541.089445096652,1.0,13.0,0.0,13000.0,0.0,0.0,0.0,4992.297604865399,4362.326833528995,12193.00000000001,45433.23590445468,13.0,13000.0,0.0,629.9707713364041
A1,'Steinhäusl',32.7,2.0,0.0,63195.99999999913,31709.9999999998,111561.50482266714,77129.62227259546,1.0,37.0,27.0,37000.0,27000.0,4992.297604865399,4362.326833528995,1460.749051665538,501.2135153076306,31485.99999999933,34431.882550071685,10.0,10000.0,629.9707713364041,959.5355363579074
A1,'Kirchstetten',44.88,0.0,1.0,29897.99999542764,0.0,72732.0809427628,0.0,1.0,6.0,0.0,6000.0,0.0,959.5355363579074,0.0,16779.159819186745,0.0,29897.99999542764,72732.0809427628,6.0,6000.0,959.5355363579074,16779.159819186745
A1,'Kesselhof',44.88,1.0,1.0,30234.999996719125,30234.999996719125,109130.95569981833,109130.95569981833,1.0,16.0,16.0,16000.0,16000.0,501.2135153076306,501.2135153076306,17240.500225253127,17240.500225253127,0.0,0.0,0.0,0.0,0.0,0.0
A1,'St. Pölten',62.9,2.0,0.0,71148.0,35565.0,227454.84943410664,99032.43203384092,1.0,86.0,47.0,85950.2298354054,46950.2298354054,34019.66004443987,17240.500225253127,16305.88503926646,0.0,35583.0,128422.41740026572,39.0,39000.0,16779.159819186745,16305.88503926646
A1,'Schallaburg',76.81,1.0,1.0,29188.0,29188.0,136934.36037638868,136934.36037638868,1.0,26.0,26.0,26000.000000000007,26000.000000000007,0.0,0.0,15080.308112916595,15080.308112916595,0.0,0.0,0.0,0.0,0.0,0.0
A1,'Roggendorf',76.82,0.0,1.0,28377.0,0.0,78562.33219617409,0.0,1.0,40.0,0.0,39874.58469811869,0.0,16305.88503926646,0.0,0.0,0.0,28377.0,78562.33219617409,40.0,39874.58469811869,16305.88503926646,0.0
A1,'Ornding',88.04,0.0,1.0,27048.0,0.0,60488.07492270462,0.0,1.0,3.0,0.0,3000.0,0.0,0.0,0.0,15146.422476811385,0.0,27048.0,60488.07492270462,3.0,3000.0,0.0,15146.422476811385
A1,'Ybbs',100.32,1.0,0.0,27161.40445083877,27161.40445083877,104129.25066774894,104129.25066774894,1.0,32.0,32.0,32000.0,32000.0,15080.308112916595,15080.308112916595,14319.083313241277,14319.083313241277,0.0,0.0,0.0,0.0,0.0,0.0
A1,'Kemmelbach',101.38,0.0,0.0,26898.000000000207,0.0,72226.10016870651,0.0,1.0,23.0,0.0,23000.0,0.0,15146.422476811385,0.0,13814.252527423338,0.0,26898.000000000207,72226.10016870651,23.0,23000.0,15146.422476811385,13814.252527423338
A1,'Viehdorf',118.17,0.0,1.0,25545.0,0.0,92117.57063469278,0.0,1.0,35.0,0.0,35000.0,0.0,13814.252527423338,0.0,6449.523717831169,0.0,25545.0,92117.57063469278,35.0,35000.0,13814.252527423338,6449.523717831169
A1,'Amstetten',119.36,1.0,1.0,25407.0,25407.0,56128.53142795883,56128.53142795883,1.0,32.0,32.0,31157.642741628926,31157.642741628926,14319.083313241277,14319.083313241277,0.0,0.0,0.0,0.0,0.0,0.0,0.0,0.0
A1,'Parkplatz Zeillern’,124.31,0.0,2.0,24685.0,0.0,24100.57479449837,0.0,0.0,0.0,0.0,0.0,0.0,6449.523717831169,0.0,13679.69615618068,0.0,24685.0,24100.57479449837,-0.0,0.0,6449.523717831169,13679.69615618068
A1,'Oed',130.52,1.0,2.0,26849.69206306653,26849.69206306653,69822.67372138443,69822.67372138443,1.0,21.0,21.0,20946.80211641533,20946.80211641533,0.0,0.0,0.0,0.0,0.0,0.0,0.0,0.0,0.0,0.0
A1,'Strengberg',136.0,0.0,0.0,25773.0,0.0,60567.28709144443,0.0,1.0,32.0,0.0,31849.88228361401,0.0,13679.69615618068,0.0,0.0,0.0,25773.0,60567.28709144443,32.0,31849.88228361401,13679.69615618068,0.0
A1,'Haag',143.54,1.0,0.0,28172.0,28172.0,72532.38382040594,72532.38382040594,1.0,21.0,21.0,21000.000000000007,21000.000000000007,0.0,0.0,759.7151461217763,759.7151461217763,0.0,0.0,0.0,0.0,0.0,0.0
A1,'Ennsblick',147.1,0.0,2.0,27181.0,0.0,59900.9099344678,0.0,1.0,17.0,0.0,17000.000000000044,0.0,0.0,0.0,970.2729803402981,0.0,27181.0,59900.9099344678,17.0,17000.000000000044,0.0,970.2729803402981
A1,'Parkplatz Ennsdorf’,152.88,0.0,2.0,26232.408315204048,0.0,30328.56812345904,0.0,0.0,0.0,0.0,0.0,0.0,970.2729803402981,0.0,10068.84341737801,0.0,26232.408315204048,30328.56812345904,0.0,0.0,970.2729803402981,10068.84341737801
A1,'Enns Süd',156.19,1.0,1.0,29648.737115098505,29648.737115098505,86236.6993060754,86236.6993060754,1.0,9.0,9.0,9000.000000000015,9000.000000000015,759.7151461217763,759.7151461217763,17630.724937944382,17630.724937944382,0.0,0.0,0.0,0.0,0.0,0.0
A1,'Enns Nord',156.79,0.0,1.0,29791.88732837659,0.0,22744.768825614865,0.0,0.0,0.0,0.0,0.0,0.0,10068.84341737801,0.0,16892.27406506247,0.0,29791.88732837659,22744.768825614865,0.0,0.0,10068.84341737801,16892.27406506247
A1,'Ansfelden Süd',170.93,1.0,0.0,46681.64620523784,46681.64620523784,108599.64670259466,108599.64670259466,1.0,38.0,38.0,38000.0,38000.0,17630.724937944382,17630.724937944382,12210.618948722778,12210.618948722778,0.0,0.0,0.0,0.0,0.0,0.0
A1,'Ansfelden Nord',171.01,0.0,0.0,48225.58896718505,0.0,137729.45647842763,0.0,1.0,46.0,0.0,46000.0,0.0,16892.27406506247,0.0,12211.111008590757,0.0,48225.58896718505,137729.45647842763,46.0,46000.0,16892.27406506247,12211.111008590757
A1,'Allhaming Süd',182.59,1.0,1.0,22273.0,22273.0,132032.00498622254,132032.00498622254,1.0,51.0,51.0,51000.0,51000.0,12210.618948722778,12210.618948722778,820.2204445895368,820.2204445895368,0.0,0.0,0.0,0.0,0.0,0.0
A1,'Allhaming Nord',182.6,0.0,1.0,22478.0,0.0,52074.59618392183,0.0,1.0,16.0,0.0,16000.0,0.0,12211.111008590757,0.0,11833.489863767305,0.0,22478.0,52074.59618392183,16.0,16000.0,12211.111008590757,11833.489863767305
A1,'Lindach Nord',212.26,0.0,0.0,24091.0,0.0,143292.1869458095,0.0,1.0,47.0,0.0,47000.0,0.0,11833.489863767305,0.0,7821.145947510153,0.0,24091.0,143292.1869458095,47.0,47000.0,11833.489863767305,7821.145947510153
A1,'Lindach Süd',212.27,1.0,0.0,24205.0,24205.0,88500.71292866017,88500.71292866017,1.0,18.0,18.0,18000.0,18000.0,820.2204445895368,820.2204445895368,9370.434323187586,9370.434323187586,0.0,0.0,0.0,0.0,0.0,0.0
A1,'Hainbach Süd',230.7,1.0,1.0,16641.0,16641.0,43626.88664048988,43626.88664048988,1.0,13.0,13.0,12944.779829440087,12944.779829440087,9370.434323187586,9370.434323187586,9513.720485894462,9513.720485894462,0.0,0.0,0.0,0.0,0.0,0.0
A1,'Hainbach Nord',230.72,0.0,1.0,15023.0,0.0,55447.073726717535,0.0,1.0,17.0,0.0,17000.0,0.0,7821.145947510153,0.0,7455.2680655254135,0.0,15023.0,55447.073726717535,17.0,17000.0,7821.145947510153,7455.2680655254135
A1,'Straß',243.67,1.0,1.0,16828.67483549712,16828.67483549712,52286.93331258195,52286.93331258195,1.0,16.0,16.0,16000.0,16000.0,9513.720485894462,9513.720485894462,9199.800479669046,9199.800479669046,0.0,0.0,0.0,0.0,0.0,0.0
A1,'Wildenhag Nord',243.76,0.0,2.0,17111.546808170722,0.0,44396.07377615938,0.0,1.0,19.0,0.0,19000.000000000095,0.0,7455.2680655254135,0.0,1774.09019837313,0.0,17111.546808170722,44396.07377615938,19.0,19000.000000000095,7455.2680655254135,1774.09019837313
A1,'Oberwang',251.03,0.0,1.0,15727.0,0.0,23256.052200310536,0.0,0.0,0.0,0.0,0.0,0.0,1774.09019837313,0.0,8750.90585846629,0.0,15727.0,23256.052200310536,0.0,0.0,1774.09019837313,8750.90585846629
A1,'Mondsee',259.23,2.0,0.0,31060.001681777,15333.000799448411,60471.650280389,35129.25494322955,1.0,35.0,18.0,34085.41203474936,18000.0,17950.706338135336,9199.800479669046,2006.789387502673,1738.5769626379097,15727.000882328592,25342.39533715945,17.0,16085.412034749363,8750.90585846629,268.2124248647633
A1,‘Parkplatz Ölgraben’,268.98,0.0,2.0,18793.0,0.0,36691.95858378413,0.0,0.0,0.0,0.0,0.0,0.0,268.2124248647633,0.0,11275.800000000001,0.0,18793.0,36691.95858378413,0.0,0.0,268.2124248647633,11275.800000000001
A1,'Vetterbach',270.63,1.0,2.0,18111.0,18111.0,24972.45872010481,24972.45872010481,0.0,0.0,0.0,0.0,0.0,1738.5769626379097,1738.5769626379097,9230.314578669353,9230.314578669353,0.0,0.0,0.0,0.0,0.0,0.0
A1,'Enzersberg',274.82,0.0,2.0,21891.999995182963,0.0,25643.70256417291,0.0,1.0,6.0,0.0,5833.710772142096,0.0,11275.800000000001,0.0,13135.199997109778,0.0,21891.999995182963,25643.70256417291,6.0,5833.710772142096,11275.800000000001,13135.199997109778
A1,'Salzburger Vorland',277.55,1.0,2.0,21776.0,21776.0,38740.09283187224,38740.09283187224,1.0,8.0,8.0,8000.0,8000.0,9230.314578669353,9230.314578669353,12852.342428231026,12852.342428231026,0.0,0.0,0.0,0.0,0.0,0.0
A1,'Söllheim',286.46,1.0,0.0,28864.537464121862,28864.537464121862,82339.63927517904,82339.63927517904,1.0,37.0,37.0,36814.16318778964,36814.16318778964,12852.342428231026,12852.342428231026,740.071022995088,740.071022995088,0.0,0.0,0.0,0.0,0.0,0.0
A1,'Kasern',287.89,0.0,0.0,38922.8495638266,0.0,101432.70404041585,0.0,1.0,43.0,0.0,42488.9654551143,0.0,13135.199997109778,0.0,1076.045754120225,0.0,38922.8495638266,101432.70404041585,43.0,42488.9654551143,13135.199997109778,1076.045754120225
A1,'Walserberg Süd',300.71,1.0,0.0,14880.00000000295,14880.00000000295,866.4299233497069,866.4299233497069,1.0,1.0,1.0,1000.0,1000.0,740.071022995088,740.071022995088,0.0,0.0,0.0,0.0,0.0,0.0,0.0,0.0
A1,'Walserberg Nord',300.73,0.0,0.0,12964.000000008587,0.0,33079.84748626592,0.0,1.0,11.0,0.0,11000.0,0.0,1076.045754120225,0.0,0.0,0.0,12964.000000008587,33079.84748626592,11.0,11000.0,1076.045754120225,0.0
A10,'Glanegg/West',4.28,0.0,2.0,30225.0,0.0,10702.59495982983,0.0,0.0,0.0,0.0,0.0,0.0,0.0,0.0,3210.778487948949,0.0,30225.0,10702.59495982983,-0.0,0.0,0.0,3210.778487948949
A10,'Untersberg/Ost',4.37,1.0,2.0,30061.0,30061.0,79010.53992075186,79010.53992075186,1.0,23.0,23.0,23000.0,23000.0,0.0,0.0,703.1619762255577,703.1619762255577,0.0,0.0,0.0,0.0,0.0,0.0
A10,'Bruderloch',17.53,1.0,2.0,24652.0,24652.0,55144.78387577903,55144.78387577903,1.0,6.0,6.0,6000.0,6000.0,703.1619762255577,703.1619762255577,11246.597138959267,11246.597138959267,0.0,0.0,0.0,0.0,0.0,0.0
A10,'Golling Ost',28.76,1.0,0.0,19647.00094772099,19647.00094772099,83619.98278708411,83619.98278708411,1.0,36.0,36.0,36000.0,36000.0,11246.597138959267,11246.597138959267,332.5919750844987,332.5919750844987,0.0,0.0,0.0,0.0,0.0,0.0
A10,'Golling West',28.82,0.0,0.0,19875.000668287423,0.0,97340.81805238585,0.0,1.0,32.0,0.0,31689.226478833672,0.0,3210.778487948949,0.0,723.7974248310293,0.0,19875.000668287423,97340.81805238585,32.0,31689.226478833672,3210.778487948949,723.7974248310293
A10,'Werfen',40.34,0.0,2.0,19354.0,0.0,44743.31804657062,0.0,1.0,14.0,0.0,14000.0,0.0,723.7974248310293,0.0,146.79283880221374,0.0,19354.0,44743.31804657062,14.0,14000.0,723.7974248310293,146.79283880221374
A10,'Klausgraben Ost’,50.01,1.0,2.0,16076.0,16076.0,29740.34522214243,29740.34522214243,0.0,0.0,0.0,0.0,0.0,332.5919750844987,332.5919750844987,9254.695541727227,9254.695541727227,0.0,0.0,0.0,0.0,0.0,0.0
A10,'Klausgraben West’,50.01,0.0,2.0,16224.0,0.0,31431.033067450226,0.0,0.0,0.0,0.0,0.0,0.0,146.79283880221374,0.0,9576.102759037281,0.0,16224.0,31431.033067450226,0.0,0.0,146.79283880221374,9576.102759037281
A10,'Eben Süd',59.21,2.0,0.0,31555.3674870556,15557.95086744994,63864.366982730906,63790.382994454136,0.0,20.0,20.0,20000.0,20000.0,18830.79830076451,9254.695541727227,17990.10839558378,8391.810440063467,15997.416619605658,73.98398827676816,0.0,0.0,9576.102759037281,9598.297955520311
A10,'Eben Nord',59.32,2.0,0.0,31554.16119307871,15556.997933878209,29667.927073449984,71.94716372837226,1.0,15.0,3.0,15000.0,3000.0,17990.10839558378,8391.810440063467,11890.486517618772,5413.3945891819785,15997.1632592005,29595.979909721613,12.0,12000.0,9598.297955520311,6477.091928436794
A10,'Rohr',71.25,0.0,2.0,10976.0,0.0,26372.39981658969,0.0,1.0,8.0,0.0,8000.0,0.0,6477.091928436794,0.0,6388.8118734137,0.0,10976.0,26372.39981658969,8.0,8000.0,6477.091928436794,6388.8118734137
A10,'Tauernalm',79.79,2.0,0.0,21522.867721662667,10619.213162511343,62621.10903795498,44112.74691892924,1.0,19.0,13.0,19000.0,13000.0,11802.206462595677,5413.3945891819785,11588.539173982172,5647.218664860749,10903.654559151322,18508.36211902574,6.0,6000.0,6388.8118734137,5941.320509121421
A10,'Lungau',97.91,0.0,0.0,10877.0,0.0,39524.43281357246,0.0,1.0,14.0,0.0,13671.850353193158,0.0,5941.320509121421,0.0,4126.8,0.0,10877.0,39524.43281357246,14.0,13671.850353193158,5941.320509121421,4126.8
A10,'Lanschütz',100.6,1.0,1.0,10558.5,10558.5,33491.70982869735,33491.70982869735,1.0,16.0,16.0,15694.731613469956,15694.731613469956,5647.218664860749,5647.218664860749,-1.8189894035458565e-12,-1.8189894035458565e-12,0.0,0.0,0.0,0.0,0.0,0.0
A10,'Rennweg',112.45,0.0,2.0,6878.0,0.0,19876.6578731468,0.0,1.0,7.0,0.0,6488.946170208437,0.0,4126.8,0.0,3600.8511917356027,0.0,6878.0,19876.6578731468,7.0,6488.946170208437,4126.8,3600.8511917356027
A10,'Ried’,116.47,1.0,2.0,7303.0,7303.0,13765.2894082998,13765.2894082998,0.0,0.0,0.0,0.0,0.0,-1.8189894035458565e-12,-1.8189894035458565e-12,4129.586822489938,4129.586822489938,0.0,0.0,0.0,0.0,0.0,0.0
A10,'Eisentratten',125.92,2.0,0.0,14180.999999999998,7302.999999999999,41606.555089056084,23123.34435403022,1.0,17.0,11.0,17000.0,11000.0,7730.43801422554,4129.586822489938,3212.404540942366,66.5901286990038,6877.999999999999,18483.210735025867,6.0,6000.0,3600.8511917356027,3145.8144122433623
A10,'Seeboden',141.72,1.0,2.0,14455.0,14455.0,36156.364361422005,36156.364361422005,1.0,10.0,10.0,9746.482557596099,9746.482557596099,66.5901286990038,66.5901286990038,1167.0168795295067,1167.0168795295067,0.0,0.0,0.0,0.0,0.0,0.0
A10,'Wolfsberg',142.25,0.0,2.0,14500.0,0.0,47498.89492913899,0.0,1.0,17.0,0.0,17000.0,0.0,3145.8144122433623,0.0,395.4828909850585,0.0,14500.0,47498.89492913899,17.0,17000.0,3145.8144122433623,395.4828909850585
A10,'Kamering',154.29,1.0,2.0,14749.703862513728,14749.703862513728,22698.628013917983,22698.628013917983,0.0,0.0,-0.0,0.0,0.0,1167.0168795295067,1167.0168795295067,7976.605283704903,7976.605283704903,0.0,0.0,0.0,0.0,0.0,0.0
A10,'Feistritz an der Drau',162.01,2.0,0.0,29679.0,14750.0,122093.03941770014,63411.31572098366,1.0,45.0,27.0,45000.0,27000.0,8372.088174689961,7976.605283704903,0.0,0.0,14929.0,58681.72369671648,18.0,18000.0,395.4828909850585,0.0
A11,'St. Niklas/Nord',2.11,1.0,2.0,7502.999999999997,7502.999999999997,10409.086151425912,10409.086151425912,1.0,1.0,1.0,1000.0,1000.0,0.0,0.0,2122.7258454277735,2122.7258454277735,0.0,0.0,0.0,0.0,0.0,0.0
A11,'Rosegg',9.04,2.0,0.0,9108.5,4802.0,19444.03423128799,11637.99349052014,1.0,9.0,6.0,7955.936114814171,5614.123892583815,2122.7258454277735,2122.7258454277735,0.0,0.0,4306.5,7806.040740767851,3.0,2341.8122222303555,0.0,0.0
A12,'Langkampfen Süd',9.32,1.0,2.0,11349.585916642443,11349.585916642443,27244.807627465096,27244.807627465096,1.0,2.0,2.0,2000.0,2000.0,0.0,0.0,6173.442288239528,6173.442288239528,0.0,0.0,0.0,0.0,0.0,0.0
A12,'Angath Süd',14.1,2.0,0.0,39222.99999999994,19314.99999999997,56148.10872631689,3.820475553634762,1.0,10.0,5.0,10000.0,5000.0,6173.442288239528,6173.442288239528,13017.874906134595,1174.5884309056191,19907.99999999997,56144.28825076325,5.0,5000.0,0.0,11843.286475228975
A12,'Angath Nord',14.22,2.0,0.0,39222.99999999994,19314.99999999997,86003.9180407436,85999.98027075542,1.0,37.0,26.0,37000.0,26000.0,13017.874906134595,1174.5884309056191,1819.0503183576757,974.5825121322441,19907.99999999997,3.93776998818332,11.0,11000.0,11843.286475228975,844.4678062254316
A12,'Münster Nord',35.71,0.0,1.0,18334.0,0.0,79565.35290639894,0.0,1.0,24.0,0.0,24000.0,0.0,844.4678062254316,0.0,714.0736781451124,0.0,18334.0,79565.35290639894,24.0,24000.0,844.4678062254316,714.0736781451124
A12,'Münster Süd',36.25,1.0,1.0,18162.0,18162.0,51027.0984567292,51027.0984567292,1.0,16.0,16.0,16000.0,16000.0,974.5825121322441,974.5825121322441,282.71204915100407,282.71204915100407,0.0,0.0,0.0,0.0,0.0,0.0
A12,'Vomp',50.47,1.0,0.0,24431.999999991072,24431.999999991072,22234.356307397185,22234.356307397185,0.0,0.0,0.0,0.0,0.0,282.71204915100407,282.71204915100407,6953.018941370159,6953.018941370159,0.0,0.0,0.0,0.0,0.0,0.0
A12,'Weer',54.8,0.0,0.0,24110.000189607712,0.0,91922.39487971723,0.0,1.0,28.0,0.0,27933.00436064055,0.0,714.0736781451124,0.0,357.78778141973635,0.0,24110.000189607712,91922.39487971723,28.0,27933.00436064055,714.0736781451124,357.78778141973635
A12,'Weer Süd',55.0,1.0,1.0,24141.001987531265,24141.001987531265,44418.90300224888,44418.90300224888,1.0,7.0,7.0,6857.466983838591,6857.466983838591,6953.018941370159,6953.018941370159,13421.222858206233,13421.222858206233,0.0,0.0,0.0,0.0,0.0,0.0
A12,'Volders/Karlskirche',64.18,1.0,2.0,27543.0,27543.0,89230.87375309618,89230.87375309618,1.0,24.0,24.0,24000.0,24000.0,13421.222858206233,13421.222858206233,16190.484984135086,16190.484984135086,0.0,0.0,0.0,0.0,0.0,0.0
A12,'Hall in Tirol',66.28,0.0,2.0,28148.000000002427,0.0,63926.9286125208,0.0,1.0,16.0,0.0,16000.0,0.0,357.78778141973635,0.0,3535.866365175976,0.0,28148.000000002427,63926.9286125208,16.0,16000.0,357.78778141973635,3535.866365175976
A12,'Ampaß',72.07,0.0,0.0,35539.999996608014,0.0,42439.32195018204,0.0,0.0,0.0,0.0,0.0,0.0,3535.866365175976,0.0,16267.662950230588,0.0,35539.999996608014,42439.32195018204,-0.0,0.0,3535.866365175976,16267.662950230588
A12,'Sieglanger',80.39,1.0,2.0,31124.793431490507,31124.793431490507,96002.72792907088,96002.72792907088,1.0,34.0,34.0,34000.0,34000.0,16190.484984135086,16190.484984135086,10991.303362856352,10991.303362856352,0.0,0.0,0.0,0.0,0.0,0.0
A12,'Kematen',86.01,0.0,2.0,27475.052704552163,0.0,75774.45683256471,0.0,1.0,39.0,0.0,39000.0,0.0,16267.662950230588,0.0,0.0,0.0,27475.052704552163,75774.45683256471,39.0,39000.0,16267.662950230588,0.0
A12,'Zirl-Inzing',91.77,0.0,1.0,20799.0,0.0,24661.258850671245,0.0,0.0,0.0,0.0,0.0,0.0,0.0,0.0,7398.377655201373,0.0,20799.0,24661.258850671245,0.0,0.0,0.0,7398.377655201373
A12,'Pettnau',95.81,2.0,0.0,37922.0,19033.0,43167.59505459553,28529.34948129648,1.0,16.0,12.0,16000.0,12000.0,18389.681018057723,10991.303362856352,15339.959534436384,7550.1082072452955,18889.0,14638.245573299051,4.0,4000.0,7398.377655201373,7789.851327191089
A12,'Telfs Süd',103.3,1.0,2.0,13364.77793940206,13364.77793940206,40593.43969968221,40593.43969968221,1.0,14.0,14.0,14000.0,14000.0,7550.1082072452955,7550.1082072452955,5728.140117149958,5728.140117149958,0.0,0.0,0.0,0.0,0.0,0.0
A12,'Telfs Nord',103.33,0.0,2.0,14213.46393941228,0.0,21325.917954749177,0.0,1.0,9.0,0.0,9000.0,0.0,7789.851327191089,0.0,5187.626713615841,0.0,14213.46393941228,21325.917954749177,9.0,9000.0,7789.851327191089,5187.626713615841
A12,'Haiming Süd',118.5,1.0,2.0,10702.0,10702.0,32071.449465739544,32071.449465739544,1.0,11.0,11.0,11000.0,11000.0,5728.140117149958,5728.140117149958,4349.574956871822,4349.574956871822,0.0,0.0,0.0,0.0,0.0,0.0
A12,'Imst Süd',133.49,1.0,2.0,9240.0,9240.0,3679.211043329945,3679.211043329945,0.0,0.0,0.0,0.0,0.0,4349.574956871822,4349.574956871822,5453.338269870806,5453.338269870806,0.0,0.0,0.0,0.0,0.0,0.0
A12,'Imst Nord',133.84,0.0,2.0,10262.0,0.0,62601.679390679135,0.0,1.0,18.0,0.0,17810.93053081956,0.0,5187.626713615841,0.0,6157.200000000017,0.0,10262.0,62601.679390679135,18.0,17810.93053081956,5187.626713615841,6157.200000000017
A12,'Mils',135.51,2.0,0.0,19502.000000000833,9240.000000000804,21880.454342200468,18488.872433763983,1.0,13.0,11.0,12638.650429405661,11000.0,11610.538269870824,5453.338269870806,5536.024143125301,0.0,10262.00000000003,3391.5819084364844,2.0,1638.6504294056617,6157.200000000017,5536.024143125301
A12,'Kronburg Zams',142.7,0.0,2.0,10312.0,0.0,14879.919522915665,0.0,1.0,10.0,0.0,10000.0,0.0,5536.024143125301,0.0,0.0,0.0,10312.0,14879.919522915665,10.0,10000.0,5536.024143125301,0.0
A13,'Patsch',6.24,0.0,2.0,21023.0,0.0,26094.725326847616,0.0,0.0,0.0,0.0,0.0,0.0,0.0,0.0,7828.417598054284,0.0,21023.0,26094.725326847616,0.0,0.0,0.0,7828.417598054284
A13,'Europabrücke',8.27,2.0,0.0,41638.0,20615.0,32388.526624106256,23936.231437805232,1.0,11.0,1.0,11000.000000000002,1000.0000000000018,7828.417598054284,0.0,6544.975585286159,6180.869431341568,21023.0,8452.295186301024,10.0,10000.0,7828.417598054284,364.1061539445909
A13,'Gschleirs',14.05,1.0,2.0,14822.0,14822.0,8546.704281737584,8546.704281737584,0.0,0.0,0.0,0.0,0.0,6180.869431341568,6180.869431341568,8744.880715862842,8744.880715862842,0.0,0.0,0.0,0.0,0.0,0.0
A13,'Matrei West',16.79,0.0,0.0,15161.0,0.0,25846.426928735076,0.0,0.0,0.0,0.0,0.0,0.0,364.1061539445909,0.0,8118.034232565114,0.0,15161.0,25846.426928735076,-0.0,0.0,364.1061539445909,8118.034232565114
A13,'Matrei Ost',16.95,2.0,0.0,29983.0,14822.0,16734.882296516167,16235.578741496129,1.0,21.0,13.0,21000.0,13000.0,16862.914948427955,8744.880715862842,883.3796373828063,615.554338311681,15161.0,499.30355502003806,8.0,8000.0,8118.034232565114,267.8252990711253
A13,'Wipptalerhof Ost',22.41,1.0,2.0,10896.000000000471,10896.000000000471,2559.258804024997,2559.258804024997,0.0,0.0,-0.0,0.0,0.0,615.554338311681,615.554338311681,1383.33197951918,1383.33197951918,0.0,0.0,0.0,0.0,0.0,0.0
A13,'Wipptalerhof West',22.56,0.0,2.0,11615.000000000608,0.0,13021.650439480618,0.0,0.0,0.0,0.0,0.0,0.0,267.8252990711253,0.0,4174.320430915311,0.0,11615.000000000608,13021.650439480618,-0.0,0.0,267.8252990711253,4174.320430915311
A13,'Plon',23.61,1.0,2.0,10896.000000525348,10896.000000525348,9061.729580812602,9061.729580812602,0.0,0.0,-0.0,0.0,0.0,1383.33197951918,1383.33197951918,4101.8508537629605,4101.8508537629605,0.0,0.0,0.0,0.0,0.0,0.0
A13,'Nößlach',26.91,2.0,1.0,23614.71960011509,11586.803224894727,15947.459093046333,3428.7910078521363,1.0,6.0,-0.0,5542.713126200419,0.0,8276.171284678272,4101.8508537629605,7517.695886391752,5130.488156118601,12027.916375220364,12518.668085194196,6.0,5542.713126200419,4174.320430915311,2387.2077302731504
A13,'Gries Ost',29.15,1.0,0.0,11601.99774413572,11601.99774413572,11387.01827145676,11387.01827145676,1.0,2.0,2.0,1783.2080303878997,1783.2080303878997,5130.488156118601,5130.488156118601,6763.385607167729,6763.385607167729,0.0,0.0,0.0,0.0,0.0,0.0
A13,'Gries West',29.54,0.0,0.0,12036.99974796117,0.0,4238.013247571624,0.0,0.0,0.0,0.0,0.0,0.0,2387.2077302731504,0.0,3658.611704544637,0.0,12036.99974796117,4238.013247571624,0.0,0.0,2387.2077302731504,3658.611704544637
A13,'Brennersee - Fröhlich',32.6,0.0,2.0,12036.999999999998,0.0,7411.89807862851,0.0,0.0,0.0,0.0,0.0,0.0,3658.611704544637,0.0,5882.18112813319,0.0,12036.999999999998,7411.89807862851,-0.0,0.0,3658.611704544637,5882.18112813319
A13,'Brennersee',33.44,0.0,0.0,12037.0,0.0,1996.4183022148509,0.0,0.0,0.0,0.0,0.0,0.0,5882.18112813319,0.0,6481.106618797645,0.0,12037.0,1996.4183022148509,0.0,0.0,5882.18112813319,6481.106618797645
A13,'Brennerpaß',34.16,2.0,0.0,23639.0,11602.0,2518.3592467820863,788.7146427742366,1.0,14.0,7.0,14000.0,7000.0,13244.492225965374,6763.385607167729,0.0,0.0,12037.0,1729.6446040078497,7.0,7000.0,6481.106618797645,0.0
A14,'Hörbranz’,0.0,2.0,1.0,11914.47538487758,0.0,580.5002038524873,0.0,0.0,0.0,0.0,0.0,0.0,0.0,0.0,174.1500611557462,0.0,11914.47538487758,580.5002038524873,-0.0,0.0,0.0,174.1500611557462
A14,'Dornbirn West',15.07,1.0,2.0,22722.01674582917,22722.01674582917,41625.83313129372,41625.83313129372,0.0,0.0,0.0,0.0,0.0,0.0,0.0,12487.749939388117,12487.749939388117,0.0,0.0,0.0,0.0,0.0,0.0
A14,'Dornbirn Ost',15.27,0.0,2.0,22911.03673497288,0.0,67389.02531710501,0.0,1.0,20.0,0.0,19767.548911700334,0.0,174.1500611557462,0.0,623.308744586915,0.0,22911.03673497288,67389.02531710501,20.0,19767.548911700334,174.1500611557462,623.308744586915
A14,'Hohenems',24.48,2.0,0.0,53333.40958305029,26481.317311897245,99887.79432069242,49710.54770382436,1.0,29.0,27.0,29000.0,27000.0,13111.058683975032,12487.749939388117,14077.39698018276,400.9142505354248,26852.092271153047,50177.24661686807,2.0,2000.0,623.308744586915,13676.482729647336
A14,'Rankweil West',33.46,0.0,2.0,22794.137882745563,0.0,41099.967515634846,0.0,1.0,26.0,0.0,25548.90588803985,0.0,13676.482729647336,0.0,457.5670962979402,0.0,22794.137882745563,41099.967515634846,26.0,25548.90588803985,13676.482729647336,457.5670962979402
A14,'Rankweil Ost',33.82,1.0,2.0,21949.829570058195,21949.829570058195,56639.54196425326,56639.54196425326,1.0,17.0,17.0,17000.0,17000.0,400.9142505354248,400.9142505354248,392.77683981140217,392.77683981140217,0.0,0.0,0.0,0.0,0.0,0.0
A14,'Schlins West',46.72,0.0,2.0,13115.0,0.0,35141.4430123402,0.0,1.0,11.0,0.0,11000.0,0.0,457.5670962979402,0.0,0.0,0.0,13115.0,35141.4430123402,11.0,11000.0,457.5670962979402,0.0
A14,'Schlins Ost',46.85,1.0,2.0,13492.000000000002,13492.000000000002,22886.809608579704,22886.809608579704,0.0,0.0,0.0,0.0,0.0,392.77683981140217,392.77683981140217,7258.819722385313,7258.819722385313,0.0,0.0,0.0,0.0,0.0,0.0
A14,'Nüziders',55.2,1.0,2.0,13282.144454187755,13282.144454187755,16978.23001179592,16978.23001179592,1.0,13.0,13.0,12352.288725924089,12352.288725924089,7258.819722385313,7258.819722385313,0.0,0.0,0.0,0.0,0.0,0.0,0.0,0.0
A2,'Guntramsdorf',14.43,2.0,0.0,106539.0608322543,51867.17485406379,341487.5079237672,183029.57068577447,1.0,101.0,54.0,100609.26181318705,53609.261813187055,0.0,0.0,1836.9905639430945,1299.6093925452806,54671.885978190505,158457.9372379927,47.0,47000.0,0.0,537.3811713978139
A2,'Triestingtal',32.08,0.0,1.0,40445.0,0.0,143069.6923848394,0.0,1.0,43.0,0.0,42988.37905624905,0.0,537.3811713978139,0.0,469.9098306005915,0.0,40445.0,143069.6923848394,43.0,42988.37905624905,537.3811713978139,469.9098306005915
A2,'Leobersdorf',32.08,1.0,1.0,39540.0,39540.0,56942.74699600472,56942.74699600472,0.0,0.0,-0.0,0.0,0.0,1299.6093925452806,1299.6093925452806,18382.433491346706,18382.433491346706,0.0,0.0,0.0,0.0,0.0,0.0
A2,'Föhrenberg',39.31,1.0,0.0,39539.98215618593,39539.98215618593,93778.97588690832,93778.97588690832,1.0,29.0,29.0,29000.0,29000.0,18382.433491346706,18382.433491346706,17516.1262574192,17516.1262574192,0.0,0.0,0.0,0.0,0.0,0.0
A2,'Bad Fischau',40.93,0.0,0.0,37535.00000001001,0.0,66634.96786186735,0.0,1.0,1.0,0.0,1000.0000000000007,0.0,469.9098306005915,0.0,19460.400189160795,0.0,37535.00000001001,66634.96786186735,1.0,1000.0000000000007,469.9098306005915,19460.400189160795
A2,'Steinfeld',50.35,0.0,1.0,32434.00031526797,0.0,59928.40402750363,0.0,1.0,37.0,0.0,37000.0,0.0,19460.400189160795,0.0,438.92139741188294,0.0,32434.00031526797,59928.40402750363,37.0,37000.0,19460.400189160795,438.92139741188294
A2,'Wr. Neustadt',51.18,1.0,1.0,31158.00000000052,31158.00000000052,64946.24580860265,64946.24580860265,1.0,37.0,37.0,37000.0,37000.0,17516.1262574192,17516.1262574192,-5.4569682106375694e-12,-5.4569682106375694e-12,0.0,0.0,0.0,0.0,0.0,0.0
A2,'Witzelsberg',60.84,0.0,2.0,21168.0000351488,0.0,44783.30498303353,0.0,1.0,4.0,0.0,4000.0,0.0,438.92139741188294,0.0,9873.912892321941,0.0,21168.0000351488,44783.30498303353,4.0,4000.0,438.92139741188294,9873.912892321941
A2,'Gleissenfeld',61.52,1.0,2.0,18726.0,18726.0,64345.96758390275,64345.96758390275,1.0,10.0,10.0,10000.0,10000.0,-5.4569682106375694e-12,-5.4569682106375694e-12,9303.790275170819,9303.790275170819,0.0,0.0,0.0,0.0,0.0,0.0
A2,'Zöbern',78.76,2.0,0.0,34076.0,16223.0,89918.35315876387,25909.766934785785,1.0,28.0,8.0,28000.0,8000.000000000001,19177.70316749276,9303.790275170819,18153.20911512192,9076.720355606554,17853.0,64008.58622397808,20.0,20000.0,9873.912892321941,9076.488759515365
A2,'Schäffern Ost',86.7,1.0,1.0,16223.0,16223.0,36516.98737256819,36516.98737256819,1.0,20.0,20.0,19534.59742715153,19534.59742715153,9076.720355606554,9076.720355606554,497.21914022547935,497.21914022547935,0.0,0.0,0.0,0.0,0.0,0.0
A2,'Pinkafeld/Ost',97.98,1.0,2.0,14325.0,14325.0,21727.470606482195,21727.470606482195,0.0,0.0,-0.0,0.0,0.0,497.21914022547935,497.21914022547935,7015.460322170137,7015.460322170137,0.0,0.0,0.0,0.0,0.0,0.0
A2,'Pinkafeld/West',98.0,0.0,2.0,15628.999999999998,0.0,60166.60979667192,0.0,1.0,27.0,0.0,27000.0,0.0,9076.488759515365,0.0,126.47169851693798,0.0,15628.999999999998,60166.60979667192,27.0,27000.0,9076.488759515365,126.47169851693798
A2,'Loipersdorf',105.5,2.0,0.0,27899.0,13287.0,41927.32661100383,19788.474256334783,1.0,10.0,5.0,9865.263567273336,5000.0,7141.932020687075,7015.460322170137,9854.866436714889,7952.002599070572,14612.0,22138.85235466905,5.0,4865.263567273336,126.47169851693798,1902.8638376443168
A2,'St. Johann/Süd',113.05,1.0,2.0,13287.000477266132,13287.000477266132,55839.64905204145,55839.64905204145,1.0,17.0,17.0,17000.0,17000.0,7952.002599070572,7952.002599070572,7703.897314683006,7703.897314683006,0.0,0.0,0.0,0.0,0.0,0.0
A2,'St. Johann/Nord',113.24,0.0,2.0,14612.067329295864,0.0,22243.9351941791,0.0,0.0,0.0,0.0,0.0,0.0,1902.8638376443168,0.0,8576.044395898047,0.0,14612.067329295864,22243.9351941791,-0.0,0.0,1902.8638376443168,8576.044395898047
A2,'Hainersdorf',133.87,0.0,1.0,16034.999999999998,0.0,66144.33253637272,0.0,1.0,19.0,0.0,19000.0,0.0,8576.044395898047,0.0,9419.34415680986,0.0,16034.999999999998,66144.33253637272,19.0,19000.0,8576.044395898047,9419.34415680986
A2,'Bad Blumau',134.06,1.0,1.0,14879.0,14879.0,39913.51522050923,39913.51522050923,1.0,19.0,19.0,19000.0,19000.0,7703.897314683006,7703.897314683006,677.9518808357747,677.9518808357747,0.0,0.0,0.0,0.0,0.0,0.0
A2,'Ilztal/Nord ',147.5,1.0,2.0,16946.156088329964,16946.156088329964,22142.86453298605,22142.86453298605,0.0,0.0,0.0,0.0,0.0,677.9518808357747,677.9518808357747,7320.811240731588,7320.811240731588,0.0,0.0,0.0,0.0,0.0,0.0
A2,'Arnwiesen',154.1,2.0,0.0,36495.0010822289,16966.000585729496,135214.80430038154,56438.87319577954,1.0,45.0,23.0,45000.0,23000.0,16740.15539754145,7320.811240731588,12304.59668765591,1252.4731994654494,19529.0004964994,78775.931104602,22.0,22000.0,9419.34415680986,11052.12348819046
A2,'Laßnitzhöhe Nord',170.16,0.0,1.0,27470.0,0.0,89210.41764080411,0.0,1.0,25.0,0.0,25000.0,0.0,11052.12348819046,0.0,12815.248780431692,0.0,27470.0,89210.41764080411,25.0,25000.0,11052.12348819046,12815.248780431692
A2,'Laßnitzhöhe Süd',170.65,1.0,1.0,29743.0,29743.0,119872.94775894134,119872.94775894134,1.0,25.0,25.0,25000.000000000004,25000.000000000004,1252.4731994654494,1252.4731994654494,12214.357527147851,12214.357527147851,0.0,0.0,0.0,0.0,0.0,0.0
A2,'Kaiserwald',190.77,2.0,0.0,42649.00410506857,20682.001624263023,212311.14271654858,122041.70261988904,1.0,79.0,44.0,79000.0,44000.0,25029.606307579543,12214.357527147851,9722.949122544122,4826.8683131145635,21967.00248080555,90269.44009665956,35.0,35000.0,12815.248780431692,4896.080809429558
A2,'Herzogberg Nord',220.13,0.0,1.0,8807.00000002098,0.0,51848.951152018446,0.0,1.0,20.0,0.0,20000.0,0.0,4896.080809429558,0.0,450.7661550350904,0.0,8807.00000002098,51848.951152018446,20.0,20000.0,4896.080809429558,450.7661550350904
A2,'Herzogberg Süd',220.19,1.0,1.0,8120.999999999229,8120.999999999229,24362.120249568077,24362.120249568077,1.0,12.0,12.0,12000.0,12000.0,4826.8683131145635,4826.8683131145635,135.50438798498672,135.50438798498672,0.0,0.0,0.0,0.0,0.0,0.0
A2,'Pack',235.21,2.0,0.0,16928.0,8120.999999999999,38160.3171582835,11620.302997858087,1.0,10.0,3.0,10000.000000000004,3000.000000000003,586.2705430200771,135.50438798498672,2034.3656905051225,621.5952873424098,8807.0,26540.01416042541,7.0,7000.0,450.7661550350904,1412.7704031627127
A2,'Twimberg Süd',242.34,1.0,2.0,9189.0,9189.0,32127.24787077568,32127.24787077568,1.0,10.0,10.0,10000.0,10000.0,621.5952873424098,621.5952873424098,259.7696485751144,259.7696485751144,0.0,0.0,0.0,0.0,0.0,0.0
A2,'Twimberg Nord',242.44,0.0,2.0,8465.0,0.0,12179.507200753324,0.0,0.0,0.0,0.0,0.0,0.0,1412.7704031627127,0.0,5066.62256338871,0.0,8465.0,12179.507200753324,-0.0,0.0,1412.7704031627127,5066.62256338871
A2,'Fischering',259.85,1.0,2.0,10919.0,10919.0,19551.337675387487,19551.337675387487,0.0,0.0,-0.0,0.0,0.0,259.7696485751144,259.7696485751144,6125.17095119136,6125.17095119136,0.0,0.0,0.0,0.0,0.0,0.0
A2,'St. Ändra',262.91,0.0,2.0,11358.00000168869,0.0,46444.591455370966,0.0,1.0,19.0,0.0,19000.0,0.0,5066.62256338871,0.0,0.0,0.0,11358.00000168869,46444.591455370966,19.0,19000.0,5066.62256338871,0.0
A2,'Gönitz/Süd',268.86,1.0,2.0,11607.0,11607.0,37377.39333079138,37377.39333079138,1.0,12.0,12.0,12000.0,12000.0,6125.17095119136,6125.17095119136,5338.3889504287745,5338.3889504287745,0.0,0.0,0.0,0.0,0.0,0.0
A2,'Gönitz/Nord',268.89,0.0,2.0,12420.0,0.0,14890.993721836305,0.0,0.0,0.0,0.0,0.0,0.0,0.0,0.0,4467.298116550891,0.0,12420.0,14890.993721836305,-0.0,0.0,0.0,4467.298116550891
A2,'Haimburg Nord',279.17,0.0,2.0,10779.0,0.0,21954.76010391007,0.0,1.0,6.0,0.0,6000.0,0.0,4467.298116550891,0.0,5053.726147723912,0.0,10779.0,21954.76010391007,6.0,6000.0,4467.298116550891,5053.726147723912
A2,'Völkermarkt',285.09,2.0,0.0,21133.0,10354.0,43435.933157851614,30778.45505708712,1.0,17.0,14.0,17000.0,14000.0,10392.115098152686,5338.3889504287745,6422.895045508171,571.9254675549109,10779.0,12657.478100764496,3.0,3000.0,5053.726147723912,5850.96957795326
A2,'Grafenstein Süd',300.0,1.0,1.0,13587.999999999998,13587.999999999998,64499.09491933518,64499.09491933518,1.0,16.0,16.0,16000.000000000047,16000.000000000047,571.9254675549109,571.9254675549109,3921.6539433554153,3921.6539433554153,0.0,0.0,0.0,0.0,0.0,0.0
A2,'Grafenstein Nord',300.0,0.0,1.0,13362.0,0.0,39644.441582321415,0.0,1.0,17.0,0.0,16534.12465760406,0.0,5850.96957795326,0.0,1210.1773950456247,0.0,13362.0,39644.441582321415,17.0,16534.12465760406,5850.96957795326,1210.1773950456247
A2,'Krumpendorf/Nord',329.28,0.0,2.0,19027.00404912327,0.0,72939.3212153292,0.0,1.0,22.0,0.0,22000.0,0.0,1210.1773950456247,0.0,1091.973759644383,0.0,19027.00404912327,72939.3212153292,22.0,22000.0,1210.1773950456247,1091.973759644383
A2,'Karawankenblick/Süd',333.84,1.0,2.0,19384.999372588507,19384.999372588507,24175.820186266053,24175.820186266053,0.0,0.0,0.0,0.0,0.0,3921.6539433554153,3921.6539433554153,11174.399999235231,11174.399999235231,0.0,0.0,0.0,0.0,0.0,0.0
A2,'Wörthersee',340.13,2.0,0.0,38076.99999701492,18623.999998725383,75344.61920701242,33207.340641554634,1.0,34.0,21.0,34000.0,21000.0,12266.373758879614,11174.399999235231,869.75952098334,136.60219170162054,19452.999998289542,42137.27856545779,13.0,13000.0,1091.973759644383,733.1573292817195
A2,'Sternberg/Süd',349.01,1.0,2.0,19615.999955893047,19615.999955893047,0.0,0.0,0.0,0.0,-0.0,0.0,0.0,136.60219170162054,136.60219170162054,136.60219170162054,136.60219170162054,0.0,0.0,0.0,0.0,0.0,0.0
A2,'Sternberg/Nord',349.03,0.0,2.0,17176.999989573145,0.0,30590.1422357276,0.0,0.0,0.0,0.0,0.0,0.0,733.1573292817195,0.0,9910.199999999999,0.0,17176.999989573145,30590.1422357276,-0.0,0.0,733.1573292817195,9910.199999999999
A2,'Federaun/Nord',361.73,0.0,2.0,16516.999999999996,0.0,41902.47823736397,0.0,1.0,18.0,0.0,18000.0,0.0,9910.199999999999,0.0,4480.94347120919,0.0,16516.999999999996,41902.47823736397,18.0,18000.0,9910.199999999999,4480.94347120919
A2,'Federaun/Süd',362.78,1.0,2.0,14962.999999991674,14962.999999991674,53969.28273959152,53969.28273959152,1.0,17.0,17.0,16250.68732362285,16250.68732362285,136.60219170162054,136.60219170162054,76.6996899562273,76.6996899562273,0.0,0.0,0.0,0.0,0.0,0.0
A2,'Dreiländereck Süd',374.17,2.0,0.0,29010.99995582863,19615.999955893047,73068.57514847351,49722.012510574656,1.0,25.0,14.0,24516.39123965454,14000.0,4557.643161165417,76.6996899562273,1961.82446605293,993.3034431286238,9394.99999993558,23346.56263789885,11.0,10516.391239654538,4480.94347120919,968.5210229243061
A2,'Dreiländereck Nord',374.27,2.0,0.0,24357.99999982947,14963.000000000002,3460.5851131569007,3355.655189571254,1.0,3.0,2.0,3000.0,2000.0,1961.82446605293,993.3034431286238,0.0,0.0,9394.999999829468,104.92992358564643,1.0,1000.0,968.5210229243061,0.0
A21,'Alland',14.68,2.0,0.0,40163.5,20070.5,103417.58750904436,53997.24861527208,1.0,19.0,16.0,18640.96447683223,15640.964476832229,0.0,0.0,12384.311775881075,558.2101077493953,20093.0,49420.33889377227,3.0,3000.0,0.0,11826.10166813168
A21,'Dornbach',19.96,1.0,2.0,19174.48344498892,19174.48344498892,20444.35624155757,20444.35624155757,0.0,0.0,0.0,0.0,0.0,558.2101077493953,558.2101077493953,6691.516980216667,6691.516980216667,0.0,0.0,0.0,0.0,0.0,0.0
A21,'Sparbach',26.99,1.0,2.0,19671.37785407049,19671.37785407049,27694.943399277778,27694.943399277778,1.0,15.0,15.0,15000.0,15000.0,6691.516980216667,6691.516980216667,0.0,0.0,0.0,0.0,0.0,0.0,0.0,0.0
A21,'Hinterbrühl',26.99,0.0,1.0,19730.962284466663,0.0,44502.271823291965,0.0,1.0,26.0,0.0,25176.78321511927,0.0,11826.10166813168,0.0,0.0,0.0,19730.962284466663,44502.271823291965,26.0,25176.78321511927,11826.10166813168,0.0
A22,'Korneuburg West',18.04,1.0,0.0,32131.000000493023,32131.000000493023,63932.21893438356,63932.21893438356,1.0,2.0,2.0,2000.0,2000.0,0.0,0.0,17179.66568031507,17179.66568031507,0.0,0.0,0.0,0.0,0.0,0.0
A22,'Korneuburg Ost',18.12,0.0,0.0,32321.000000000007,0.0,116866.4197787237,0.0,1.0,36.0,0.0,35059.92593361711,0.0,0.0,0.0,0.0,0.0,32321.000000000007,116866.4197787237,36.0,35059.92593361711,0.0,0.0
A22,'Stockerau',28.09,1.0,0.0,30190.007584098337,30190.007584098337,9009.757712564318,9009.757712564318,1.0,20.0,20.0,19882.592994084363,19882.592994084363,17179.66568031507,17179.66568031507,0.0,0.0,0.0,0.0,0.0,0.0,0.0,0.0
A25,'Pucking',5.97,0.0,1.0,21620.0,0.0,25350.64141680889,0.0,0.0,0.0,0.0,0.0,0.0,0.0,0.0,7605.192425042667,0.0,21620.0,25350.64141680889,0.0,0.0,0.0,7605.192425042667
A25,'Sinnersdorf/Süd',6.11,1.0,2.0,21271.0,21271.0,28981.93257809412,28981.93257809412,0.0,0.0,0.0,0.0,0.0,0.0,0.0,8694.579773428237,8694.579773428237,0.0,0.0,0.0,0.0,0.0,0.0
A25,'Wels',13.06,2.0,0.0,49975.503210327646,24897.02101145736,71240.92245977157,35752.43236667305,1.0,39.0,20.0,37672.048936402374,19420.309483430152,16299.772198470904,8694.579773428237,0.0,0.0,25078.48219887029,35488.490093098524,19.0,18251.739452972222,7605.192425042667,0.0
A3,'Hornstein',28.0,2.0,0.0,35088.0,17661.0,114520.76259901357,47668.58798974191,1.0,36.0,15.0,34356.22877970407,14300.576396922572,0.0,0.0,0.0,0.0,17427.0,66852.17460927166,21.0,20055.6523827815,0.0,0.0
A4,'Simmering',2.45,0.0,0.0,35371.78969176939,0.0,22257.83857434953,0.0,0.0,0.0,0.0,0.0,0.0,0.0,0.0,6677.3515723048595,0.0,35371.78969176939,22257.83857434953,0.0,0.0,0.0,6677.3515723048595
A4,'Fischamend',22.33,0.0,1.0,28227.0,0.0,112756.86408974236,0.0,1.0,40.0,0.0,39778.25404837613,0.0,6677.3515723048595,0.0,726.1567508514327,0.0,28227.0,112756.86408974236,40.0,39778.25404837613,6677.3515723048595,726.1567508514327
A4,'Maria Ellend',22.48,1.0,1.0,27990.0,27990.0,32591.644875563223,32591.644875563223,0.0,0.0,0.0,0.0,0.0,0.0,0.0,9777.493462668966,9777.493462668966,0.0,0.0,0.0,0.0,0.0,0.0
A4,'Göttlesbrunn',28.04,2.0,0.0,47550.0,23278.0,112197.1085476203,84150.56147475471,1.0,43.0,35.0,43000.000000000015,35000.000000000015,10503.6502135204,9777.493462668966,1162.7827778064766,22.66190509536864,24272.0,28046.547072865586,8.0,8000.0,726.1567508514327,1140.120872711108
A4,'Parndorf',46.23,1.0,2.0,19928.0,19928.0,74634.97330866668,74634.97330866668,1.0,22.0,22.0,21755.389244163605,21755.389244163605,22.66190509536864,22.66190509536864,657.7646535317672,657.7646535317672,0.0,0.0,0.0,0.0,0.0,0.0
A4,'Neusiedl',47.01,0.0,2.0,21837.0,0.0,82260.78440998313,0.0,1.0,25.0,0.0,25000.0,0.0,1140.120872711108,0.0,818.3561957060447,0.0,21837.0,82260.78440998313,25.0,25000.0,1140.120872711108,818.3561957060447
A4,'Nickelsdorf Süd',64.65,0.0,0.0,10545.000205483248,0.0,37272.146014313184,0.0,1.0,12.0,0.0,12000.0,0.0,818.3561957060447,0.0,0.0,0.0,10545.000205483248,37272.146014313184,12.0,12000.0,818.3561957060447,0.0
A4,'Nickelsdorf Nord',64.97,1.0,0.0,7158.000028017371,7158.000028017371,1140.7844882274428,1140.7844882274428,1.0,1.0,1.0,1000.0,1000.0,657.7646535317672,657.7646535317672,0.0,0.0,0.0,0.0,0.0,0.0,0.0,0.0
A5,'Hochleithen',10.63,2.0,0.0,35611.2,18304.7,171050.44466718304,136176.4756229533,1.0,52.0,41.0,51315.13340015491,40852.94268688599,0.0,0.0,0.0,0.0,17306.5,34873.96904422976,11.0,10462.190713268927,0.0,0.0
A6,'Potzneusiedl',10.8,2.0,0.0,15204.999999970727,7878.999999983744,33671.23460537669,17937.695343993484,1.0,11.0,6.0,10101.370381613006,5381.308603198045,0.0,0.0,0.0,0.0,7325.999999986983,15733.539261383205,5.0,4720.061778414961,0.0,0.0
A7,'Engerwitzdorf',25.71,1.0,1.0,19344.0,19344.0,4050.242286953621,4050.242286953621,1.0,2.0,2.0,1215.0726860860862,1215.0726860860862,0.0,0.0,0.0,0.0,0.0,0.0,0.0,0.0,0.0,0.0
A7,'Denk',25.76,0.0,1.0,18851.0,0.0,97075.89483825683,0.0,1.0,30.0,0.0,29122.768451477048,0.0,0.0,0.0,0.0,0.0,18851.0,97075.89483825683,30.0,29122.768451477048,0.0,0.0
A8,'Voralpenkreuz',0.17,2.0,0.0,20453.0,10372.0,35002.97696040159,34120.79930409758,0.0,10.0,10.0,9631.542143154065,9631.542143154065,0.0,0.0,869.3509449664112,604.6976480752073,10081.0,882.1776563040131,-0.0,0.0,0.0,264.6532968912039
A8,'Oberham/Süd',16.76,1.0,2.0,24053.99876684948,24053.99876684948,18977.635739131696,18977.635739131696,0.0,0.0,0.0,0.0,0.0,604.6976480752073,604.6976480752073,6297.988369814715,6297.988369814715,0.0,0.0,0.0,0.0,0.0,0.0
A8,'Oberham/Nord',18.32,0.0,2.0,21938.95947401208,0.0,79070.52120426737,0.0,1.0,22.0,0.0,21456.881689726823,0.0,264.6532968912039,0.0,2528.927968444591,0.0,21938.95947401208,79070.52120426737,22.0,21456.881689726823,264.6532968912039,2528.927968444591
A8,'Schnittering/Süd',20.68,1.0,2.0,17695.568077309275,17695.568077309275,46433.72435952304,46433.72435952304,1.0,19.0,19.0,19000.0,19000.0,6297.988369814715,6297.988369814715,1228.1056776716264,1228.1056776716264,0.0,0.0,0.0,0.0,0.0,0.0
A8,'Kematen/Nord',24.85,0.0,2.0,16374.0,0.0,21401.04458132792,0.0,0.0,0.0,0.0,0.0,0.0,2528.927968444591,0.0,8949.241342842966,0.0,16374.0,21401.04458132792,0.0,0.0,2528.927968444591,8949.241342842966
A8,'Aistersheim',33.81,2.0,0.0,30956.0,15977.0,60874.30024176926,34038.438051245816,1.0,28.0,11.0,28000.0,11000.0,10177.347020514593,1228.1056776716264,439.63709304536997,439.63709304536997,14979.0,26835.862190523447,17.0,17000.0,8949.241342842966,0.0
A8,'Gotthaming',43.74,0.0,2.0,13574.002126406618,0.0,26867.96010209468,0.0,1.0,5.0,0.0,5000.0,0.0,0.0,0.0,3060.3880306284036,0.0,13574.002126406618,26867.96010209468,5.0,5000.0,0.0,3060.3880306284036
A8,'Renhartsberg',44.47,1.0,2.0,14008.000000000133,14008.000000000133,14392.702685008398,14392.702685008398,1.0,3.0,3.0,2999.9999999999995,2999.9999999999995,439.63709304536997,439.63709304536997,1757.44789854789,1757.44789854789,0.0,0.0,0.0,0.0,0.0,0.0
A8,'Grübl/Süd’,49.59,1.0,2.0,14008.0,14008.0,20419.630414824154,20419.630414824154,0.0,0.0,-0.0,0.0,0.0,1757.44789854789,1757.44789854789,7883.337022995136,7883.337022995136,0.0,0.0,0.0,0.0,0.0,0.0
A8,'Grübl/Nord',49.61,0.0,2.0,13574.000000000002,0.0,15944.892462999343,0.0,0.0,0.0,0.0,0.0,0.0,3060.3880306284036,0.0,7843.855769528206,0.0,13574.000000000002,15944.892462999343,0.0,0.0,3060.3880306284036,7843.855769528206
A8,'Murau West',56.77,1.0,1.0,14172.0,14172.0,41708.92113869764,41708.92113869764,1.0,17.0,17.0,17000.0,17000.0,7883.337022995136,7883.337022995136,3396.0133646044274,3396.0133646044274,0.0,0.0,0.0,0.0,0.0,0.0
A8,'Murau Ost',56.88,0.0,1.0,13536.0,0.0,19847.682360943298,0.0,1.0,13.0,0.0,12818.5865743244,0.0,7843.855769528206,0.0,979.5739034867956,0.0,13536.0,19847.682360943298,13.0,12818.5865743244,7843.855769528206,979.5739034867956
A8,'Marienkirchen/Schärding’,71.6,1.0,1.0,10055.234280795672,10055.234280795672,6370.451690557319,6370.451690557319,0.0,0.0,0.0,0.0,0.0,3396.0133646044274,3396.0133646044274,5307.148871771623,5307.148871771623,0.0,0.0,0.0,0.0,0.0,0.0
A8,'Dietrichshofen/Ost',72.06,0.0,2.0,8836.923336744558,0.0,26734.753655044016,0.0,1.0,9.0,0.0,9000.0,0.0,979.5739034867956,0.0,0.0,0.0,8836.923336744558,26734.753655044016,9.0,9000.0,979.5739034867956,0.0
A8,'Suben West',74.77,1.0,0.0,9186.000000189424,9186.000000189424,2309.5037607612567,2309.5037607612567,1.0,6.0,6.0,6000.0,6000.0,5307.148871771623,5307.148871771623,0.0,0.0,0.0,0.0,0.0,0.0,0.0,0.0
A9,'Maisdorf/Ost',12.66,1.0,2.0,10503.0,10503.0,49687.49353628505,49687.49353628505,1.0,14.0,14.0,13999.999999999965,13999.999999999965,0.0,0.0,906.2480608855494,906.2480608855494,0.0,0.0,0.0,0.0,0.0,0.0
A9,'Maisdorf/West',12.73,0.0,2.0,11055.0,0.0,28126.582456850745,0.0,1.0,8.0,0.0,8000.0,0.0,0.0,0.0,437.97473705522316,0.0,11055.0,28126.582456850745,8.0,8000.0,0.0,437.97473705522316
A9,'St. Pankraz',36.36,2.0,0.0,13974.0,6941.0,59101.108124232705,25927.407981916764,1.0,15.0,5.0,15000.000000000035,5000.000000000035,1344.2227979407726,906.2480608855494,4074.5552352105497,3684.4704554605432,7033.0,33173.700142315945,10.0,10000.0,437.97473705522316,390.0847797500064
A9,'Pyhrn-Priel Ost’,55.03,1.0,1.0,7591.971611767987,7591.971611767987,16849.293094569046,16849.293094569046,1.0,5.0,5.0,5000.000000000012,5000.000000000012,3684.4704554605432,3684.4704554605432,3739.258383831245,3739.258383831245,0.0,0.0,0.0,0.0,0.0,0.0
A9,'Pyhrn-Priel West',55.04,0.0,1.0,8230.855228133318,0.0,31192.30198661983,0.0,1.0,9.0,0.0,8872.775366892201,0.0,390.0847797500064,0.0,875.0000088437537,0.0,8230.855228133318,31192.30198661983,9.0,8872.775366892201,390.0847797500064,875.0000088437537
A9,'Ardning Ost',65.96,1.0,2.0,13083.999999877302,13083.999999877302,31041.45899234372,31041.45899234372,1.0,13.0,13.0,12999.999999999989,12999.999999999989,3739.258383831245,3739.258383831245,51.69608153437275,51.69608153437275,0.0,0.0,0.0,0.0,0.0,0.0
A9,'Ardning West',66.04,0.0,2.0,13361.999999983376,0.0,29114.41644929437,0.0,1.0,9.0,0.0,9000.0,0.0,875.0000088437537,0.0,609.3249436320639,0.0,13361.999999983376,29114.41644929437,9.0,9000.0,875.0000088437537,609.3249436320639
A9,'Rottenmann/Nord',77.91,1.0,2.0,13084.0,13084.0,20345.18808414952,20345.18808414952,0.0,0.0,0.0,0.0,0.0,51.69608153437275,51.69608153437275,6155.2525067792285,6155.2525067792285,0.0,0.0,0.0,0.0,0.0,0.0
A9,'Rottenmann/Süd',78.18,0.0,2.0,13362.0,0.0,32196.632573168365,0.0,1.0,9.0,0.0,9000.0,0.0,609.3249436320639,0.0,1268.3147155825736,0.0,13362.0,32196.632573168365,9.0,9000.0,609.3249436320639,1268.3147155825736
A9,'Trieben',85.7,2.0,0.0,20906.0,10287.0,29194.785607799568,13223.224664742887,1.0,9.0,4.0,9000.0,3999.999999999999,7423.567222361802,6155.2525067792285,7182.002904701672,6122.219906202095,10619.0,15971.560943056678,5.0,5000.0,1268.3147155825736,1059.782998499577
A9,'Gaishorn',92.11,1.0,1.0,10287.0,10287.0,59758.32239265699,59758.32239265699,1.0,19.0,19.0,19000.0,19000.0,6122.219906202095,6122.219906202095,5049.716623999193,5049.716623999193,0.0,0.0,0.0,0.0,0.0,0.0
A9,'Treglwang',94.03,0.0,2.0,10619.0,0.0,17705.39000500141,0.0,0.0,0.0,0.0,0.0,0.0,1059.782998499577,0.0,6371.4,0.0,10619.0,17705.39000500141,-0.0,0.0,1059.782998499577,6371.4
A9,'Kalwang',106.26,0.0,1.0,10953.0,0.0,26930.486362994383,0.0,1.0,14.0,0.0,14000.0,0.0,6371.4,0.0,450.54590889831434,0.0,10953.0,26930.486362994383,14.0,14000.0,6371.4,450.54590889831434
A9,'Kammern Nord',121.18,1.0,2.0,10926.0,10926.0,175.9889804448717,175.9889804448717,0.0,0.0,-0.0,0.0,0.0,5049.716623999193,5049.716623999193,5102.513318132655,5102.513318132655,0.0,0.0,0.0,0.0,0.0,0.0
A9,'Kammern Süd',121.26,2.0,0.0,21954.0,10926.0,64341.42807325543,31427.413623646764,1.0,21.0,11.0,21000.0,11000.0,5553.059227030969,5102.513318132655,3855.4876490075976,3530.737405226684,11028.0,32914.014449608665,10.0,10000.0,450.54590889831434,324.7502437809135
A9,'St. Michael',135.01,0.0,2.0,11073.004965524444,0.0,30404.004309309235,0.0,1.0,6.0,0.0,5999.999999999999,0.0,324.7502437809135,0.0,3445.9515365736843,0.0,11073.004965524444,30404.004309309235,6.0,5999.999999999999,324.7502437809135,3445.9515365736843
A9,'Ortnerhof Nord',135.65,1.0,2.0,10574.999873012946,10574.999873012946,7705.628111447948,7705.628111447948,0.0,0.0,0.0,0.0,0.0,3530.737405226684,3530.737405226684,5842.425838661069,5842.425838661069,0.0,0.0,0.0,0.0,0.0,0.0
A9,'Ortnerhof Süd’,135.65,0.0,2.0,11073.999444063618,0.0,1386.6510981153897,0.0,0.0,0.0,0.0,0.0,0.0,3445.9515365736843,0.0,3861.946866008301,0.0,11073.999444063618,1386.6510981153897,0.0,0.0,3445.9515365736843,3861.946866008301
A9,'Hinterlainsach/Ost',139.16,0.0,2.0,11074.0,0.0,7841.721665687022,0.0,0.0,0.0,0.0,0.0,0.0,3861.946866008301,0.0,6214.463365714408,0.0,11074.0,7841.721665687022,0.0,0.0,3861.946866008301,6214.463365714408
A9,'Hinterlainsach/West',139.3,1.0,2.0,10575.0,10575.0,31388.73352344284,31388.73352344284,1.0,14.0,14.0,13686.422952645466,13686.422952645466,5842.425838661069,5842.425838661069,1572.6229430484536,1572.6229430484536,0.0,0.0,0.0,0.0,0.0,0.0
A9,'Kleintal',150.57,0.0,2.0,11777.0,0.0,26809.336064293304,0.0,1.0,10.0,0.0,10000.0,0.0,6214.463365714408,0.0,4257.264185002398,0.0,11777.0,26809.336064293304,10.0,10000.0,6214.463365714408,4257.264185002398
A9,'Übelbach 1',154.16,1.0,2.0,11512.0,11512.0,17781.923523171823,17781.923523171823,0.0,0.0,-0.0,0.0,0.0,1572.6229430484536,1572.6229430484536,6907.200000000001,6907.200000000001,0.0,0.0,0.0,0.0,0.0,0.0
A9,'Übelbach 2',154.24,0.0,2.0,11777.0,0.0,8639.97767636247,0.0,0.0,0.0,0.0,0.0,0.0,4257.264185002398,0.0,6849.25748791114,0.0,11777.0,8639.97767636247,0.0,0.0,4257.264185002398,6849.25748791114
A9,'Deutschfeistritz',161.95,2.0,0.0,23289.000114064176,11512.00005904891,76050.65254937344,58046.72415264104,1.0,36.0,24.0,35850.85668547008,23850.85668547008,13756.45748791114,6907.200000000001,720.7965672530881,470.3605603222295,11777.000055015264,18003.928396732397,12.0,12000.0,6849.25748791114,250.43600693085864
A9,'Eggenfeld',169.13,0.0,2.0,20432.1080698656,0.0,29453.135965858,0.0,0.0,0.0,0.0,0.0,0.0,250.43600693085864,0.0,9086.376796688259,0.0,20432.1080698656,29453.135965858,0.0,0.0,250.43600693085864,9086.376796688259
A9,'Feldkirchen',186.97,1.0,2.0,29999.01028154669,29999.01028154669,57184.44424849908,57184.44424849908,1.0,17.0,17.0,17000.0,17000.0,470.3605603222295,470.3605603222295,625.6938348719541,625.6938348719541,0.0,0.0,0.0,0.0,0.0,0.0
A9,'Premstätten',192.48,0.0,1.0,32302.511670869648,0.0,152381.31708348572,0.0,1.0,55.0,0.0,54684.873419661526,0.0,9086.376796688259,0.0,115.89850207244672,0.0,32302.511670869648,152381.31708348572,55.0,54684.873419661526,9086.376796688259,115.89850207244672
A9,'Thalerhof',196.52,1.0,2.0,26113.265874187266,26113.265874187266,77662.26512324884,77662.26512324884,1.0,13.0,13.0,12999.999999999995,12999.999999999995,625.6938348719541,625.6938348719541,10924.37337184661,10924.37337184661,0.0,0.0,0.0,0.0,0.0,0.0
A9,'Gralla West',211.06,0.0,0.0,20689.0,0.0,76643.58637779353,0.0,1.0,23.0,0.0,22999.999999999996,0.0,115.89850207244672,0.0,108.97441541051012,0.0,20689.0,76643.58637779353,23.0,22999.999999999996,115.89850207244672,108.97441541051012
A9,'Gralla Ost',211.45,1.0,0.0,19399.0,19399.0,52785.10516275293,52785.10516275293,1.0,26.0,26.0,26000.000000000007,26000.000000000007,10924.37337184661,10924.37337184661,759.9049206724803,759.9049206724803,0.0,0.0,0.0,0.0,0.0,0.0
A9,'Straß West',225.02,0.0,2.0,8239.000000000515,0.0,22970.085281964966,0.0,1.0,7.0,0.0,7000.0,0.0,108.97441541051012,0.0,0.0,0.0,8239.000000000515,22970.085281964966,7.0,7000.0,108.97441541051012,0.0
A9,'Straß Ost’,225.02,1.0,2.0,7452.000000000777,7452.000000000777,7466.983597758399,7466.983597758399,1.0,3.0,3.0,3000.0,3000.0,759.9049206724803,759.9049206724803,0.0,0.0,0.0,0.0,0.0,0.0,0.0,0.0
S16,'Schnann',18.9,2.0,0.0,9860.99996031521,4918.999960315217,43437.30630977449,24737.232699426502,1.0,8.0,5.0,8000.0,5000.0,0.0,0.0,5031.191892932345,2421.1698098279503,4941.999999999992,18700.073610347983,3.0,3000.0,0.0,2610.0220831043944
S16,'Klösterle',44.17,1.0,0.0,4439.000000265529,4439.000000265529,13183.237295726443,13183.237295726443,1.0,7.0,7.0,6287.737680146377,6287.737680146377,2421.1698098279503,2421.1698098279503,88.40331839950625,88.40331839950625,0.0,0.0,0.0,0.0,0.0,0.0
S16,'Innerbraz',54.99,0.0,0.0,5391.999999999998,0.0,38789.08951452321,0.0,1.0,14.0,0.0,13556.691628258157,0.0,2610.0220831043944,0.0,690.0573092032034,0.0,5391.999999999998,38789.08951452321,14.0,13556.691628258157,2610.0220831043944,690.0573092032034
S16,'Radin Süd',59.01,1.0,2.0,5252.0,5252.0,3038.655605334979,3038.655605334979,1.0,1.0,1.0,1000.0,1000.0,88.40331839950625,88.40331839950625,0.0,0.0,0.0,0.0,0.0,0.0,0.0,0.0
S16,'Radin Nord',59.03,0.0,2.0,5392.0,0.0,4366.475635989322,0.0,1.0,2.0,0.0,2000.0,0.0,690.0573092032034,0.0,0.0,0.0,5392.0,4366.475635989322,2.0,2000.0,690.0573092032034,0.0
S1A,'Schwechat',9.85,2.0,0.0,61703.49999987559,30239.99999989978,98660.20943375537,59618.68647486362,1.0,30.0,18.0,29598.062830126608,17885.605942459086,0.0,0.0,0.0,0.0,31463.499999975807,39041.52295889174,12.0,11712.456887667522,0.0,0.0
S1B,'Deutsch Wagram',39.05,2.0,0.0,32604.83333333333,16366.866666666663,73145.99870320682,63468.89404468598,1.0,23.0,20.0,21943.799610962044,19040.668213405792,0.0,0.0,0.0,0.0,16237.966666666664,9677.10465852084,3.0,2903.131397556252,0.0,0.0
S3,'Hollabrunn',23.6,1.0,2.0,6766.0,6766.0,15563.630436509862,15563.630436509862,1.0,5.0,5.0,4669.089130952959,4669.089130952959,0.0,0.0,0.0,0.0,0.0,0.0,0.0,0.0,0.0,0.0
S31,‘Mattersburg’,52.09,1.0,2.0,8153.0,8153.0,26231.718576042676,26231.718576042676,1.0,4.0,4.0,4000.0,4000.0,0.0,0.0,3869.515572812803,3869.515572812803,0.0,0.0,0.0,0.0,0.0,0.0
S31,'Forchtenstein’,52.45,0.0,2.0,7857.0,0.0,29576.297095027607,0.0,1.0,6.0,0.0,6000.0,0.0,0.0,0.0,2872.889128508281,0.0,7857.0,29576.297095027607,6.0,6000.0,0.0,2872.889128508281
S31,'Kobersdorf',66.91,0.0,2.0,6223.999999590788,0.0,17886.095398002628,0.0,1.0,9.0,0.0,8238.717747909068,0.0,2872.889128508281,0.0,0.0,0.0,6223.999999590788,17886.095398002628,9.0,8238.717747909068,2872.889128508281,0.0
S31,'Tschurndorf',68.14,1.0,2.0,6566.999817015507,6566.999817015507,21185.283057988152,21185.283057988152,1.0,11.0,11.0,10225.100490209248,10225.100490209248,3869.515572812803,3869.515572812803,0.0,0.0,0.0,0.0,0.0,0.0,0.0,0.0
S33,'St. Pölten Ost',1.84,0.0,0.0,15332.000000000002,0.0,42162.713450383104,0.0,1.0,4.0,0.0,4000.0,0.0,0.0,0.0,8648.81403511493,0.0,15332.000000000002,42162.713450383104,4.0,4000.0,0.0,8648.81403511493
S33,'Inzersdorf',15.28,1.0,1.0,15650.364459623052,15650.364459623052,47979.53816597848,47979.53816597848,1.0,15.0,15.0,14393.861449793545,14393.861449793545,0.0,0.0,0.0,0.0,0.0,0.0,0.0,0.0,0.0,0.0
S33,'Herzogenburg',15.69,0.0,1.0,15657.319893344473,0.0,36041.87317235301,0.0,1.0,20.0,0.0,19461.375986820833,0.0,8648.81403511493,0.0,0.0,0.0,15657.319893344473,36041.87317235301,20.0,19461.375986820833,8648.81403511493,0.0
S35,'Frohnleiten West',26.82,0.0,2.0,9816.0,0.0,51001.472361815664,0.0,1.0,16.0,0.0,15300.441708544698,0.0,0.0,0.0,0.0,0.0,9816.0,51001.472361815664,16.0,15300.441708544698,0.0,0.0
S35,'Frohnleiten Ost',26.82,1.0,2.0,9690.0,9690.0,18587.030666064784,18587.030666064784,1.0,6.0,6.0,5576.109199819435,5576.109199819435,0.0,0.0,0.0,0.0,0.0,0.0,0.0,0.0,0.0,0.0
S36,'St. Marein Nord',14.89,0.0,0.0,10113.0,0.0,30156.505485607195,0.0,1.0,4.0,0.0,4000.0,0.0,0.0,0.0,5046.951645682158,0.0,10113.0,30156.505485607195,4.0,4000.0,0.0,5046.951645682158
S36,'St. Marein Süd',14.97,1.0,0.0,10133.0,10133.0,39904.344783471744,39904.344783471744,1.0,7.0,7.0,7000.0,7000.0,0.0,0.0,4971.303435041524,4971.303435041524,0.0,0.0,0.0,0.0,0.0,0.0
S36,'Strettweg',34.61,1.0,2.0,9701.0,9701.0,5373.278346516238,5373.278346516238,1.0,7.0,7.0,6583.286938996395,6583.286938996395,4971.303435041524,4971.303435041524,0.0,0.0,0.0,0.0,0.0,0.0,0.0,0.0
S36,'Hauswald',35.77,0.0,2.0,9740.5,0.0,40577.73593246791,0.0,1.0,18.0,0.0,17220.272425422532,0.0,5046.951645682158,0.0,0.0,0.0,9740.5,40577.73593246791,18.0,17220.272425422532,5046.951645682158,0.0
S37,'Hunnenbrunnen',285.19,0.0,2.0,19888.0,9830.0,36142.46463235457,31846.6690887825,0.0,10.0,10.0,9554.00072663475,9554.00072663475,0.0,0.0,1288.738663071621,0.0,10058.000000000002,4295.795543572071,0.0,0.0,0.0,1288.738663071621
S37,'Zollfeld',293.91,0.0,2.0,10058.0,0.0,17382.606338754165,0.0,1.0,7.0,0.0,6503.52056469787,0.0,1288.738663071621,0.0,0.0,0.0,10058.0,17382.606338754165,7.0,6503.52056469787,1288.738663071621,0.0
S5,'Zaina',6.3,0.0,2.0,17736.0,0.0,22057.74265192454,0.0,0.0,0.0,0.0,0.0,0.0,0.0,0.0,6617.322795577362,0.0,17736.0,22057.74265192454,0.0,0.0,0.0,6617.322795577362
S5,'Grafenwörth',32.85,2.0,0.0,24240.0,12223.0,92944.80421055126,29144.46212768733,1.0,35.0,9.0,34500.76405874274,8743.338638306199,6617.322795577362,0.0,0.0,0.0,12017.0,63800.34208286393,26.0,25757.42542043654,6617.322795577362,0.0
S6,'Natschbach',3.22,2.0,0.0,28895.0,14454.000000000002,49805.03843322329,41975.63830958102,1.0,15.0,13.0,13675.107694609069,12592.691492874306,0.0,0.0,1266.4038353579185,0.0,14441.0,7829.400123642268,2.0,1082.4162017347617,0.0,1266.4038353579185
S6,'Gloggnitz Süd',17.81,1.0,2.0,7935.5,7935.5,9081.297254301347,9081.297254301347,0.0,0.0,-0.0,0.0,0.0,0.0,0.0,2724.389176290404,2724.389176290404,0.0,0.0,0.0,0.0,0.0,0.0
S6,'Gloggnitz Nord',18.44,0.0,2.0,8009.0,0.0,24242.62115602437,0.0,1.0,7.0,0.0,7000.0,0.0,1266.4038353579185,0.0,1539.190182165229,0.0,8009.0,24242.62115602437,7.0,7000.0,1266.4038353579185,1539.190182165229
S6,'Schottwien',23.57,2.0,0.0,15944.5,7935.5,47842.38487070686,39660.78291125756,1.0,12.0,10.0,11861.324049667672,9861.324049667672,4263.579358455633,2724.389176290404,6754.97077000002,4761.299999999999,8009.0,8181.6019594493055,2.0,2000.0,1539.190182165229,1993.6707700000206
S6,'Schwöbing Nord',48.55,0.0,0.0,9945.0,0.0,49668.15156439487,0.0,1.0,15.0,0.0,15000.0,0.0,1993.6707700000206,0.0,1894.1162393184823,0.0,9945.0,49668.15156439487,15.0,15000.0,1993.6707700000206,1894.1162393184823
S6,'Schwöbing Süd',48.57,1.0,0.0,9757.0,9757.0,46526.20864062981,46526.20864062981,1.0,18.0,18.0,17909.385277196878,17909.385277196878,4761.299999999999,4761.299999999999,809.7773149920686,809.7773149920686,0.0,0.0,0.0,0.0,0.0,0.0
S6,'St. Marein',68.99,0.0,0.0,12864.0,0.0,52521.60007264168,0.0,1.0,15.0,0.0,15000.0,0.0,1894.1162393184823,0.0,2650.5962611109876,0.0,12864.0,52521.60007264168,15.0,15000.0,1894.1162393184823,2650.5962611109876
S6,'Kapfenberg Nord',72.03,0.0,2.0,12864.0,0.0,7831.345796296708,0.0,1.0,5.0,0.0,5000.0,0.0,2650.5962611109876,0.0,0.0,0.0,12864.0,7831.345796296708,5.0,5000.0,2650.5962611109876,0.0
S6,'Kapfenberg Süd',72.45,1.0,1.0,12893.5,12893.5,83967.40895002644,83967.40895002644,1.0,26.0,26.0,26000.0,26000.0,809.7773149920686,809.7773149920686,0.0,0.0,0.0,0.0,0.0,0.0,0.0,0.0
