Time of calculation: 20210929-152018; value of objective: 15783.80794126225;  acc=20.0;  ec=0.25;  e_tax=0.15;  cfix=150000;  cvar=10000;  eta=0.011;  mu=0.6;  hours_of_constant_charging=20;  i=0.05;  T=15
highway,name,asfinag_position,direction,asfinag_type,traffic_flow,traffic_flow_0,energy_demand,energy_demand_0,pXi_dir,pYi_dir,pYi_dir_0,pE_charged,pE_charged_0,pE_input,pE_input_0,pE_output,pE_output_0,traffic_flow_1,energy_demand_1,pYi_dir_1,pE_charged_1,pE_input_1,pE_output_1
A1,'Steinhäusl',32.7,2.0,0.0,63195.99999999913,31485.99999999933,228883.80989013438,151754.18761753893,1.0,2.0,1.0,0.0,0.0,0.0,0.0,1510.6331452748868,1001.5776382757568,31709.9999999998,77129.62227259546,1.0,0.0,0.0,509.05550699913
A1,'Kesselhof',44.88,1.0,1.0,30234.999996719125,0.0,109130.95569981833,0.0,1.0,1.0,0.0,786.700644525446,0.0,509.05550699913,0.0,442.61917009248486,0.0,30234.999996719125,109130.95569981833,1.0,786.700644525446,509.05550699913,442.61917009248486
A1,'Kirchstetten',44.88,0.0,1.0,29897.99999542764,29897.99999542764,72732.0809427628,72732.0809427628,1.0,1.0,1.0,847.7087198344938,847.7087198344938,1001.5776382757568,1001.5776382757568,633.9006526634975,633.9006526634975,0.0,0.0,0.0,0.0,0.0,0.0
A1,'St. Pölten',62.9,2.0,0.0,71148.0,35583.0,227454.84943410664,128422.41740026572,1.0,2.0,1.0,2000.0,1000.0,1076.5198227559822,633.9006526634975,577.7218290210859,481.48860750525114,35565.0,99032.43203384092,1.0,1000.0,442.61917009248486,96.23322151583477
A1,'Schallaburg',76.81,1.0,1.0,29188.0,0.0,136934.36037638868,0.0,1.0,1.0,0.0,1000.0,0.0,96.23322151583477,0.0,0.0,0.0,29188.0,136934.36037638868,1.0,1000.0,96.23322151583477,0.0
A1,'Roggendorf',76.82,0.0,1.0,28377.0,28377.0,78562.33219617409,78562.33219617409,1.0,1.0,1.0,1000.0,1000.0,481.48860750525114,481.48860750525114,0.0,0.0,0.0,0.0,0.0,0.0,0.0,0.0
A1,'Ornding',88.04,0.0,1.0,27048.0,27048.0,60488.07492270462,60488.07492270462,0.0,0.0,0.0,0.0,0.0,0.0,0.0,399.22129448985044,399.22129448985044,0.0,0.0,0.0,0.0,0.0,0.0
A1,'Ybbs',100.32,1.0,0.0,27161.40445083877,0.0,104129.25066774894,0.0,1.0,1.0,0.0,687.2530544071429,0.0,0.0,0.0,0.0,0.0,27161.40445083877,104129.25066774894,1.0,687.2530544071429,0.0,0.0
A1,'Kemmelbach',101.38,0.0,0.0,26898.000000000207,26898.000000000207,72226.10016870651,72226.10016870651,1.0,1.0,1.0,875.9135556033134,875.9135556033134,399.22129448985044,399.22129448985044,0.0,0.0,0.0,0.0,0.0,0.0,0.0,0.0
A1,'Viehdorf',118.17,0.0,1.0,25545.0,25545.0,92117.57063469278,92117.57063469278,1.0,1.0,1.0,607.9759661889723,607.9759661889723,0.0,0.0,0.0,0.0,0.0,0.0,0.0,0.0,0.0,0.0
A1,'Amstetten',119.36,1.0,1.0,25407.0,0.0,122199.48177898517,0.0,1.0,1.0,0.0,806.5165797413019,0.0,0.0,0.0,0.0,0.0,25407.0,122199.48177898517,1.0,806.5165797413019,0.0,0.0
A1,'Strengberg',136.0,0.0,0.0,25773.0,25773.0,85730.10314081071,85730.10314081071,1.0,1.0,1.0,565.8186807293506,565.8186807293506,0.0,0.0,0.0,0.0,0.0,0.0,0.0,0.0,0.0,0.0
A1,'Haag',143.54,1.0,0.0,28172.0,0.0,72532.38382040594,0.0,1.0,1.0,0.0,478.71373321467917,0.0,0.0,0.0,0.0,0.0,28172.0,72532.38382040594,1.0,478.71373321467917,0.0,0.0
A1,'Enns Süd',156.19,1.0,1.0,29648.737115098505,0.0,86236.6993060754,0.0,1.0,1.0,0.0,569.1622154200976,0.0,0.0,0.0,0.0,0.0,29648.737115098505,86236.6993060754,1.0,569.1622154200976,0.0,0.0
A1,'Enns Nord',156.79,0.0,1.0,29791.88732837659,29791.88732837659,122843.35235918174,122843.35235918174,1.0,1.0,1.0,810.7661255705995,810.7661255705995,0.0,0.0,0.0,0.0,0.0,0.0,0.0,0.0,0.0,0.0
A1,'Ansfelden Süd',170.93,1.0,0.0,46681.64620523784,0.0,108599.64670259466,0.0,1.0,1.0,0.0,716.7576682371247,0.0,0.0,0.0,0.0,0.0,46681.64620523784,108599.64670259466,1.0,716.7576682371247,0.0,0.0
A1,'Ansfelden Nord',171.01,0.0,0.0,48225.58896718505,48225.58896718505,137729.45647842763,137729.45647842763,1.0,1.0,1.0,909.0144127576223,909.0144127576223,0.0,0.0,0.0,0.0,0.0,0.0,0.0,0.0,0.0,0.0
A1,'Allhaming Süd',182.59,1.0,1.0,22273.0,0.0,132032.00498622254,0.0,1.0,1.0,0.0,871.4112329090686,0.0,0.0,0.0,0.0,0.0,22273.0,132032.00498622254,1.0,871.4112329090686,0.0,0.0
A1,'Allhaming Nord',182.6,0.0,1.0,22478.0,22478.0,52074.59618392183,52074.59618392183,0.0,0.0,0.0,0.0,0.0,0.0,0.0,343.69233481388403,343.69233481388403,0.0,0.0,0.0,0.0,0.0,0.0
A1,'Lindach Nord',212.26,0.0,0.0,24091.0,24091.0,143292.1869458095,143292.1869458095,1.0,1.0,1.0,935.6850159255438,935.6850159255438,343.69233481388403,343.69233481388403,353.7357527306829,353.7357527306829,0.0,0.0,0.0,0.0,0.0,0.0
A1,'Lindach Süd',212.27,1.0,0.0,24205.0,0.0,88500.71292866017,0.0,1.0,1.0,0.0,584.104705329157,0.0,0.0,0.0,0.0,0.0,24205.0,88500.71292866017,1.0,584.104705329157,0.0,0.0
A1,'Hainbach Süd',230.7,1.0,1.0,16641.0,0.0,43626.88664048988,0.0,0.0,0.0,0.0,0.0,0.0,0.0,0.0,287.9374518272332,0.0,16641.0,43626.88664048988,-0.0,0.0,0.0,287.9374518272332
A1,'Hainbach Nord',230.72,0.0,1.0,15023.0,15023.0,55447.073726717535,55447.073726717535,0.0,0.0,0.0,0.0,0.0,353.7357527306829,353.7357527306829,719.6864393270187,719.6864393270187,0.0,0.0,0.0,0.0,0.0,0.0
A1,'Straß',243.67,1.0,1.0,16828.67483549712,0.0,52286.93331258195,0.0,0.0,0.0,0.0,0.0,0.0,287.9374518272332,0.0,633.031211690274,0.0,16828.67483549712,52286.93331258195,-0.0,0.0,287.9374518272332,633.031211690274
A1,'Oberwang',251.03,0.0,1.0,15727.0,15727.0,64059.905884903295,64059.905884903295,0.0,0.0,0.0,0.0,0.0,719.6864393270187,719.6864393270187,1142.4818181673804,1142.4818181673804,0.0,0.0,0.0,0.0,0.0,0.0
A1,'Mondsee',259.23,2.0,0.0,31060.001681777,15727.000882328592,108891.47151975876,25342.39533715945,1.0,2.0,1.0,1000.0,1000.0,1775.5130298576544,1142.4818181673804,1494.1967418880622,309.74162739263284,15333.000799448411,83549.07618259931,1.0,0.0,633.031211690274,1184.4551144954294
A1,'Söllheim',286.46,1.0,0.0,28864.537464121862,0.0,82339.63927517904,0.0,1.0,1.0,0.0,1000.0,0.0,1184.4551144954294,0.0,727.896733711611,0.0,28864.537464121862,82339.63927517904,1.0,1000.0,1184.4551144954294,727.896733711611
A1,'Kasern',287.89,0.0,0.0,38922.8495638266,38922.8495638266,223019.90593909277,223019.90593909277,1.0,1.0,1.0,1000.0,1000.0,309.74162739263284,309.74162739263284,781.673006590645,781.673006590645,0.0,0.0,0.0,0.0,0.0,0.0
A1,'Walserberg Süd',300.71,1.0,0.0,14880.00000000295,0.0,866.4299233497069,0.0,1.0,1.0,0.0,733.6151712057191,0.0,727.896733711611,0.0,0.0,0.0,14880.00000000295,866.4299233497069,1.0,733.6151712057191,727.896733711611,0.0
A1,'Walserberg Nord',300.73,0.0,0.0,12964.000000008587,12964.000000008587,33079.84748626592,33079.84748626592,1.0,1.0,1.0,1000.0,1000.0,781.673006590645,781.673006590645,0.0,0.0,0.0,0.0,0.0,0.0,0.0,0.0
A10,'Golling Ost',28.76,1.0,0.0,19647.00094772099,0.0,119966.62316808572,0.0,1.0,1.0,0.0,791.7797129093657,0.0,0.0,0.0,0.0,0.0,19647.00094772099,119966.62316808572,1.0,791.7797129093657,0.0,0.0
A10,'Golling West',28.82,0.0,0.0,19875.000668287423,19875.000668287423,104378.50480107158,104378.50480107158,1.0,1.0,1.0,688.8981316870725,688.8981316870725,0.0,0.0,0.0,0.0,0.0,0.0,0.0,0.0,0.0,0.0
A10,'Eben Süd',59.21,2.0,0.0,31555.3674870556,15997.416619605658,63864.366982730906,73.98398827676816,0.0,0.0,-0.0,0.0,0.0,0.0,0.0,421.50482208602386,0.4882943226266434,15557.95086744994,63790.382994454136,-0.0,0.0,0.0,421.0165277633972
A10,'Eben Nord',59.32,2.0,0.0,31554.16119307871,15997.1632592005,97642.35981166828,97570.41264793991,1.0,1.0,1.0,644.45301779903,644.45301779903,421.50482208602386,0.4882943226266434,421.4913790440045,0.0,15556.997933878209,71.94716372837226,-0.0,0.0,421.0165277633972,421.4913790440045
A10,'Tauernalm',79.79,2.0,0.0,21522.867721662667,10903.654559151322,88819.6820605424,44706.93514161317,0.0,1.0,0.0,712.6355087089374,0.0,421.4913790440045,0.0,295.0657719346469,295.0657719346469,10619.213162511343,44112.74691892924,1.0,712.6355087089374,421.4913790440045,0.0
A10,'Lungau',97.91,0.0,0.0,10877.0,10877.0,39524.43281357246,39524.43281357246,0.0,0.0,-0.0,0.0,0.0,295.0657719346469,295.0657719346469,555.9270285042251,555.9270285042251,0.0,0.0,0.0,0.0,0.0,0.0
A10,'Lanschütz',100.6,1.0,1.0,10558.5,0.0,53393.23087724362,0.0,0.0,0.0,0.0,0.0,0.0,0.0,0.0,352.3953237898079,0.0,10558.5,53393.23087724362,-0.0,0.0,0.0,352.3953237898079
A10,'Eisentratten',125.92,2.0,0.0,14180.999999999998,6877.999999999999,90988.98323942441,38359.86860817266,0.0,1.0,0.0,699.7474803560733,3.865352482534945e-12,908.322352294033,555.9270285042251,809.1021613181607,809.1021613181607,7302.999999999999,52629.11463125176,1.0,699.7474803560694,352.3953237898079,0.0
A10,'Feistritz an der Drau',162.01,2.0,0.0,29679.0,14929.0,170997.24647957023,107585.93075858656,1.0,3.0,2.0,1937.683988083324,1519.169304324832,809.1021613181607,809.1021613181607,0.0,0.0,14750.0,63411.31572098366,1.0,418.5146837584921,0.0,0.0
A11,'Rosegg',9.04,2.0,0.0,9108.5,4306.5,19444.03423128799,7806.040740767851,1.0,2.0,1.0,128.33062592650074,51.51986888906781,0.0,0.0,0.0,0.0,4802.0,11637.99349052014,1.0,76.81075703743294,0.0,0.0
A12,'Angath Süd',14.1,2.0,0.0,39222.99999999994,19907.99999999997,56148.10872631689,56144.28825076325,0.0,0.0,0.0,0.0,0.0,0.0,0.0,370.5775175936914,370.5523024550374,19314.99999999997,3.820475553634762,-0.0,0.0,0.0,0.025215138653989427
A12,'Angath Nord',14.22,2.0,0.0,39222.99999999994,19907.99999999997,86003.9180407436,3.93776998818332,0.0,1.0,0.0,567.6250849256396,0.0,370.5775175936914,370.5523024550374,370.57829173695944,370.57829173695944,19314.99999999997,85999.98027075542,1.0,567.6250849256396,0.025215138653989427,0.0
A12,'Münster Nord',35.71,0.0,1.0,18334.0,18334.0,79565.35290639894,79565.35290639894,1.0,1.0,1.0,502.39742712532615,502.39742712532615,370.57829173695944,370.57829173695944,393.3121937938663,393.3121937938663,0.0,0.0,0.0,0.0,0.0,0.0
A12,'Münster Süd',36.25,1.0,1.0,18162.0,0.0,51027.0984567292,0.0,0.0,0.0,0.0,0.0,0.0,0.0,0.0,336.77884981441275,0.0,18162.0,51027.0984567292,-0.0,0.0,0.0,336.77884981441275
A12,'Vomp',50.47,1.0,0.0,24431.999999991072,0.0,22234.356307397185,0.0,0.0,0.0,0.0,0.0,0.0,336.77884981441275,0.0,483.52560144323417,0.0,24431.999999991072,22234.356307397185,-0.0,0.0,336.77884981441275,483.52560144323417
A12,'Weer',54.8,0.0,0.0,24110.000189607712,24110.000189607712,91922.39487971723,91922.39487971723,1.0,1.0,1.0,1000.0,1000.0,393.3121937938663,393.3121937938663,0.0,0.0,0.0,0.0,0.0,0.0,0.0,0.0
A12,'Weer Süd',55.0,1.0,1.0,24141.001987531265,0.0,197089.950526282,0.0,1.0,1.0,0.0,1000.0,0.0,483.52560144323417,0.0,784.3192749166951,0.0,24141.001987531265,197089.950526282,1.0,1000.0,483.52560144323417,784.3192749166951
A12,'Ampaß',72.07,0.0,0.0,35539.999996608014,35539.999996608014,123154.22328142951,123154.22328142951,1.0,1.0,1.0,812.8178736574348,812.8178736574348,0.0,0.0,0.0,0.0,0.0,0.0,0.0,0.0,0.0,0.0
A12,'Zirl-Inzing',91.77,0.0,1.0,20799.0,20799.0,82023.58476167452,82023.58476167452,1.0,1.0,1.0,541.3556594270518,541.3556594270518,0.0,0.0,0.0,0.0,0.0,0.0,0.0,0.0,0.0,0.0
A12,'Pettnau',95.81,2.0,0.0,37922.0,18889.0,165593.5507511032,14638.245573299051,0.0,1.0,-0.0,1000.0,0.0,784.3192749166951,0.0,877.2367098739761,96.6124207837737,19033.0,150955.30517780414,1.0,1000.0,784.3192749166951,780.6242890902024
A12,'Mils',135.51,2.0,0.0,19502.000000000833,10262.00000000003,99879.26500112754,81390.39256736355,1.0,2.0,1.0,1536.4398588814179,633.7890117283731,877.2367098739761,96.6124207837737,0.0,0.0,9240.000000000804,18488.872433763983,1.0,902.6508471530447,780.6242890902024,0.0
A13,'Europabrücke',8.27,2.0,0.0,41638.0,21023.0,70370.3325587005,34547.02051314864,0.0,1.0,-0.0,0.0,0.0,0.0,0.0,464.44419488742324,228.010335386781,20615.0,35823.31204555185,1.0,0.0,0.0,236.4338595006422
A13,'Matrei West',16.79,0.0,0.0,15161.0,15161.0,25846.426928735076,25846.426928735076,0.0,0.0,-0.0,0.0,0.0,228.010335386781,228.010335386781,398.5967531164325,398.5967531164325,0.0,0.0,0.0,0.0,0.0,0.0
A13,'Matrei Ost',16.95,2.0,0.0,29983.0,15161.0,36929.252580801745,499.30355502003806,0.0,0.0,-0.0,0.0,0.0,635.0306126170747,398.5967531164325,878.7636796503662,401.89215657956476,14822.0,36429.94902578171,-0.0,0.0,236.4338595006422,476.87152307080146
A13,'Nößlach',26.91,2.0,1.0,12027.916375220364,12027.916375220364,26003.24170150209,26003.24170150209,0.0,0.0,-0.0,0.0,0.0,401.89215657956476,401.89215657956476,573.5135518094785,573.5135518094785,0.0,0.0,0.0,0.0,0.0,0.0
A13,'Gries Ost',29.15,1.0,0.0,11601.99774413572,0.0,11387.01827145676,0.0,0.0,0.0,0.0,0.0,0.0,476.87152307080146,0.0,552.025843662416,0.0,11601.99774413572,11387.01827145676,-0.0,0.0,476.87152307080146,552.025843662416
A13,'Gries West',29.54,0.0,0.0,12036.99974796117,12036.99974796117,4238.013247571624,4238.013247571624,0.0,0.0,-0.0,0.0,0.0,573.5135518094785,573.5135518094785,601.4844392434512,601.4844392434512,0.0,0.0,0.0,0.0,0.0,0.0
A13,'Brennersee',33.44,0.0,0.0,12037.0,12037.0,9408.316380843364,9408.316380843364,0.0,0.0,-0.0,0.0,0.0,601.4844392434512,601.4844392434512,663.5793273570174,663.5793273570174,0.0,0.0,0.0,0.0,0.0,0.0
A13,'Brennerpaß',34.16,2.0,0.0,23639.0,12037.0,2518.3592467820863,1729.6446040078497,1.0,2.0,1.0,1232.2263420481952,674.9949817434692,1215.6051710194333,663.5793273570174,0.0,0.0,11602.0,788.7146427742366,1.0,557.231360304726,552.025843662416,0.0
A14,'Hörbranz’,0.0,2.0,1.0,11914.47538487758,11914.47538487758,580.5002038524873,580.5002038524873,0.0,0.0,-0.0,0.0,0.0,0.0,0.0,3.8313013454263682,3.8313013454263682,0.0,0.0,0.0,0.0,0.0,0.0
A14,'Hohenems',24.48,2.0,0.0,53333.40958305029,26852.092271153047,325972.7230756362,129158.23498549042,1.0,3.0,1.0,2155.251273644625,856.2756522496632,3.8313013454263682,3.8313013454263682,0.0,0.0,26481.317311897245,196814.48809014575,2.0,1298.975621394962,0.0,0.0
A2,'Guntramsdorf',14.43,2.0,0.0,106539.0608322543,54671.885978190505,341487.5079237672,158457.9372379927,1.0,2.0,1.0,2000.0,1000.0,0.0,0.0,253.8175522968629,45.82238577075168,51867.17485406379,183029.57068577447,1.0,1000.0,0.0,207.99516652611123
A2,'Leobersdorf',32.08,1.0,1.0,39540.0,0.0,56942.74699600472,0.0,0.0,0.0,0.0,0.0,0.0,207.99516652611123,0.0,583.8172966997424,0.0,39540.0,56942.74699600472,0.0,0.0,207.99516652611123,583.8172966997424
A2,'Triestingtal',32.08,0.0,1.0,40445.0,40445.0,143069.6923848394,143069.6923848394,1.0,1.0,1.0,990.0823555106917,990.0823555106917,45.82238577075168,45.82238577075168,0.0,0.0,0.0,0.0,0.0,0.0,0.0,0.0
A2,'Föhrenberg',39.31,1.0,0.0,39539.98215618593,0.0,93778.97588690832,0.0,1.0,1.0,0.0,1000.0,0.0,583.8172966997424,0.0,202.7585375533373,0.0,39539.98215618593,93778.97588690832,1.0,1000.0,583.8172966997424,202.7585375533373
A2,'Bad Fischau',40.93,0.0,0.0,37535.00000001001,37535.00000001001,66634.96786186735,66634.96786186735,0.0,0.0,0.0,0.0,0.0,0.0,0.0,439.7907878883245,439.7907878883245,0.0,0.0,0.0,0.0,0.0,0.0
A2,'Steinfeld',50.35,0.0,1.0,32434.00031526797,32434.00031526797,59928.40402750363,59928.40402750363,0.0,0.0,0.0,0.0,0.0,439.7907878883245,439.7907878883245,835.3182544698484,835.3182544698484,0.0,0.0,0.0,0.0,0.0,0.0
A2,'Wr. Neustadt',51.18,1.0,1.0,31158.00000000052,0.0,172010.8435859857,0.0,1.0,1.0,0.0,1000.0,0.0,202.7585375533373,0.0,338.030105220843,0.0,31158.00000000052,172010.8435859857,1.0,1000.0,202.7585375533373,338.030105220843
A2,'Zöbern',78.76,2.0,0.0,34076.0,17853.0,127688.39957479399,101778.6326400082,1.0,1.0,1.0,1000.0,1000.0,1173.3483596906913,835.3182544698484,1016.0917968843316,507.05722989390244,16223.0,25909.766934785785,0.0,0.0,338.030105220843,509.03456699042914
A2,'Schäffern Ost',86.7,1.0,1.0,16223.0,0.0,61123.2530374171,0.0,0.0,0.0,0.0,0.0,0.0,509.03456699042914,0.0,912.4480370373819,0.0,16223.0,61123.2530374171,0.0,0.0,509.03456699042914,912.4480370373819
A2,'Loipersdorf',105.5,2.0,0.0,27899.0,14612.0,154018.46142676251,78390.34012413416,1.0,2.0,1.0,2000.0,1000.0,1419.5052669312845,507.05722989390244,436.0271123479167,24.43347471318782,13287.0,75628.12130262834,1.0,1000.0,912.4480370373819,411.5936376347289
A2,'Hainersdorf',133.87,0.0,1.0,16034.999999999998,16034.999999999998,90554.39668407534,90554.39668407534,1.0,1.0,1.0,622.092492828085,622.092492828085,24.43347471318782,24.43347471318782,0.0,0.0,0.0,0.0,0.0,0.0,0.0,0.0
A2,'Bad Blumau',134.06,1.0,1.0,14879.0,0.0,59355.30955245131,0.0,0.0,0.0,0.0,0.0,0.0,411.5936376347289,0.0,803.3386806809076,0.0,14879.0,59355.30955245131,0.0,0.0,411.5936376347289,803.3386806809076
A2,'Arnwiesen',154.1,2.0,0.0,36495.0010822289,19529.0004964994,135214.80430038154,78775.931104602,1.0,1.0,1.0,519.9211452903731,519.9211452903731,803.3386806809076,0.0,1175.8352437730525,0.0,16966.000585729496,56438.87319577954,0.0,0.0,803.3386806809076,1175.8352437730525
A2,'Laßnitzhöhe Nord',170.16,0.0,1.0,27470.0,27470.0,89210.41764080411,89210.41764080411,1.0,1.0,1.0,588.7887564293071,588.7887564293071,0.0,0.0,0.0,0.0,0.0,0.0,0.0,0.0,0.0,0.0
A2,'Laßnitzhöhe Süd',170.65,1.0,1.0,29743.0,0.0,119872.94775894134,0.0,1.0,1.0,0.0,1000.0,0.0,1175.8352437730525,0.0,966.9966989820654,0.0,29743.0,119872.94775894134,1.0,1000.0,1175.8352437730525,966.9966989820654
A2,'Kaiserwald',190.77,2.0,0.0,42649.00410506857,21967.00248080555,212311.14271654858,90269.44009665956,1.0,2.0,1.0,1595.778304637953,595.7783046379529,966.9966989820654,0.0,772.4719362733329,0.0,20682.001624263023,122041.70261988904,1.0,1000.0,966.9966989820654,772.4719362733329
A2,'Herzogberg Nord',220.13,0.0,1.0,8807.00000002098,8807.00000002098,51848.951152018446,51848.951152018446,0.0,0.0,0.0,0.0,0.0,0.0,0.0,342.20307760332173,342.20307760332173,0.0,0.0,0.0,0.0,0.0,0.0
A2,'Herzogberg Süd',220.19,1.0,1.0,8120.999999999229,0.0,24362.120249568077,0.0,0.0,0.0,0.0,0.0,0.0,772.4719362733329,0.0,933.2619299204821,0.0,8120.999999999229,24362.120249568077,0.0,0.0,772.4719362733329,933.2619299204821
A2,'Pack',235.21,2.0,0.0,16928.0,8807.0,107246.45859213948,26540.01416042541,0.0,1.0,0.0,132.27918289651916,0.0,1275.4650075238037,342.20307760332173,1851.0124513354049,517.3671710621294,8120.999999999999,80706.44443171406,1.0,132.27918289651916,933.2619299204821,1333.6452802732756
A2,'Völkermarkt',285.09,2.0,0.0,21133.0,10779.0,137900.08595592296,107121.63089883584,1.0,1.0,1.0,1000.0,1000.0,1851.0124513354049,517.3671710621294,1761.1530186444966,224.36993499444588,10354.0,30778.45505708712,0.0,0.0,1333.6452802732756,1536.7830836500507
A2,'Grafenstein Nord',300.0,0.0,1.0,13362.0,13362.0,39644.441582321415,39644.441582321415,0.0,0.0,0.0,0.0,0.0,224.36993499444588,224.36993499444588,486.02324943776716,486.02324943776716,0.0,0.0,0.0,0.0,0.0,0.0
A2,'Grafenstein Süd',300.0,1.0,1.0,13587.999999999998,0.0,81445.24169896843,0.0,1.0,1.0,0.0,999.9999999999999,0.0,1536.7830836500507,0.0,1074.3216788632424,0.0,13587.999999999998,81445.24169896843,1.0,999.9999999999999,1536.7830836500507,1074.3216788632424
A2,'Wörthersee',340.13,2.0,0.0,38076.99999701492,19452.999998289542,149916.98024786788,116709.63960631324,1.0,1.0,1.0,1000.0,1000.0,1560.3449283010095,486.02324943776716,1549.7969979369373,256.3068708394345,18623.999998725383,33207.340641554634,0.0,0.0,1074.3216788632424,1293.4901270975029
A2,'Dreiländereck Süd',374.17,2.0,0.0,29010.99995582863,9394.99999993558,113634.3848593006,63912.37234872594,0.0,1.0,0.0,1000.0,3.211653165635653e-11,1549.7969979369373,256.3068708394345,1299.783938008321,678.1285283409935,19615.999955893047,49722.012510574656,1.0,999.9999999999679,1293.4901270975029,621.6554096673275
A2,'Dreiländereck Nord',374.27,2.0,0.0,24357.99999982947,9394.999999829468,57429.86785277845,104.92992358564643,1.0,2.0,1.0,1678.8210658366588,678.8210658366588,1299.783938008321,678.1285283409935,0.0,0.0,14963.000000000002,57324.937929192805,1.0,1000.0,621.6554096673275,0.0
A21,'Alland',14.68,2.0,0.0,40163.5,20093.0,103417.58750904436,49420.33889377227,0.0,1.0,-0.0,356.38184086079565,0.0,0.0,0.0,326.174236698897,326.174236698897,20070.5,53997.24861527208,1.0,356.38184086079565,0.0,0.0
A21,'Hinterbrühl',26.99,0.0,1.0,19730.962284466663,19730.962284466663,44502.271823291965,44502.271823291965,1.0,1.0,1.0,619.8892307326239,619.8892307326239,326.174236698897,326.174236698897,0.0,0.0,0.0,0.0,0.0,0.0,0.0,0.0
A22,'Korneuburg West',18.04,1.0,0.0,32131.000000493023,0.0,63932.21893438356,0.0,0.0,0.0,0.0,0.0,0.0,0.0,0.0,421.9526449669315,0.0,32131.000000493023,63932.21893438356,-0.0,0.0,0.0,421.9526449669315
A22,'Korneuburg Ost',18.12,0.0,0.0,32321.000000000007,32321.000000000007,116866.4197787237,116866.4197787237,1.0,1.0,1.0,771.3183705395764,771.3183705395764,0.0,0.0,0.0,0.0,0.0,0.0,0.0,0.0,0.0,0.0
A22,'Stockerau',28.09,1.0,0.0,30190.007584098337,0.0,9009.757712564318,0.0,1.0,1.0,0.0,481.417045869856,0.0,421.9526449669315,0.0,0.0,0.0,30190.007584098337,9009.757712564318,1.0,481.417045869856,421.9526449669315,0.0
A25,'Pucking',5.97,0.0,1.0,21620.0,21620.0,25350.64141680889,25350.64141680889,0.0,0.0,-0.0,0.0,0.0,0.0,0.0,167.31423335093865,167.31423335093865,0.0,0.0,0.0,0.0,0.0,0.0
A25,'Wels',13.06,2.0,0.0,49975.503210327646,25078.48219887029,71240.92245977157,35488.490093098524,1.0,2.0,1.0,637.504321585431,401.53826796538885,167.31423335093865,167.31423335093865,0.0,0.0,24897.02101145736,35752.43236667305,1.0,235.9660536200421,0.0,0.0
A3,'Hornstein',28.0,2.0,0.0,35088.0,17427.0,114520.76259901357,66852.17460927166,1.0,2.0,1.0,755.8370331534895,441.2243524211929,0.0,0.0,0.0,0.0,17661.0,47668.58798974191,1.0,314.61268073229655,0.0,0.0
A4,'Simmering',2.45,0.0,0.0,35371.78969176939,35371.78969176939,22257.83857434953,22257.83857434953,0.0,0.0,-0.0,0.0,0.0,0.0,0.0,146.9017345907069,146.9017345907069,0.0,0.0,0.0,0.0,0.0,0.0
A4,'Fischamend',22.33,0.0,1.0,28227.0,28227.0,112756.86408974236,112756.86408974236,1.0,1.0,1.0,891.0970375830063,891.0970375830063,146.9017345907069,146.9017345907069,0.0,0.0,0.0,0.0,0.0,0.0,0.0,0.0
A4,'Maria Ellend',22.48,1.0,1.0,27990.0,0.0,32591.644875563223,0.0,0.0,0.0,0.0,0.0,0.0,0.0,0.0,215.10485617871726,0.0,27990.0,32591.644875563223,-0.0,0.0,0.0,215.10485617871726
A4,'Göttlesbrunn',28.04,2.0,0.0,47550.0,24272.0,199378.60737736453,28046.547072865586,0.0,1.0,-0.0,1000.0,0.0,215.10485617871726,0.0,531.0036648693231,185.10721068091283,23278.0,171332.06030449894,1.0,1000.0,215.10485617871726,345.89645418841025
A4,'Nickelsdorf Süd',64.65,0.0,0.0,10545.000205483248,10545.000205483248,76995.55071763713,76995.55071763713,1.0,1.0,1.0,693.2778454173178,693.2778454173178,185.10721068091283,185.10721068091283,0.0,0.0,0.0,0.0,0.0,0.0,0.0,0.0
A4,'Nickelsdorf Nord',64.97,1.0,0.0,7158.000028017371,0.0,1140.7844882274428,0.0,1.0,1.0,0.0,353.42563181071137,0.0,345.89645418841025,0.0,0.0,0.0,7158.000028017371,1140.7844882274428,1.0,353.42563181071137,345.89645418841025,0.0
A5,'Hochleithen',10.63,2.0,0.0,35611.2,17306.5,171050.44466718304,34873.96904422976,1.0,2.0,1.0,1128.932934803408,230.16819569191637,0.0,0.0,0.0,0.0,18304.7,136176.4756229533,1.0,898.7647391114917,0.0,0.0
A6,'Potzneusiedl',10.8,2.0,0.0,15204.999999970727,7325.999999986983,33671.23460537669,15733.539261383205,1.0,2.0,1.0,222.23014839548614,103.84135912512915,0.0,0.0,0.0,0.0,7878.999999983744,17937.695343993484,1.0,118.38878927035698,0.0,0.0
A7,'Engerwitzdorf',25.71,1.0,1.0,19344.0,0.0,4050.242286953621,0.0,1.0,1.0,0.0,26.731599093893895,0.0,0.0,0.0,0.0,0.0,19344.0,4050.242286953621,1.0,26.731599093893895,0.0,0.0
A7,'Denk',25.76,0.0,1.0,18851.0,18851.0,97075.89483825683,97075.89483825683,1.0,1.0,1.0,640.7009059324951,640.7009059324951,0.0,0.0,0.0,0.0,0.0,0.0,0.0,0.0,0.0,0.0
A8,'Voralpenkreuz',0.17,2.0,0.0,20453.0,10081.0,70402.5195645118,882.1776563040131,0.0,1.0,-0.0,0.0,0.0,0.0,0.0,464.6566291257777,5.8223725316064865,10372.0,69520.34190820777,1.0,0.0,0.0,458.8342565941712
A8,'Aistersheim',33.81,2.0,0.0,30956.0,14979.0,174143.73401582515,100399.65305081414,1.0,2.0,1.0,1614.0052736302232,668.4600826669797,464.6566291257777,5.8223725316064865,0.0,0.0,15977.0,73744.08096501099,1.0,945.5451909632436,458.8342565941712,0.0
A8,'Murau West',56.77,1.0,1.0,14172.0,0.0,41708.92113869764,0.0,0.0,0.0,0.0,0.0,0.0,0.0,0.0,275.2788795154044,0.0,14172.0,41708.92113869764,-0.0,0.0,0.0,275.2788795154044
A8,'Murau Ost',56.88,0.0,1.0,13536.0,13536.0,62540.67745073653,62540.67745073653,1.0,1.0,1.0,412.7684711748611,412.7684711748611,0.0,0.0,0.0,0.0,0.0,0.0,0.0,0.0,0.0,0.0
A8,'Marienkirchen/Schärding’,71.6,1.0,1.0,10055.234280795672,0.0,6370.451690557319,0.0,0.0,0.0,0.0,0.0,0.0,275.2788795154044,0.0,317.3238606730827,0.0,10055.234280795672,6370.451690557319,-0.0,0.0,275.2788795154044,317.3238606730827
A8,'Suben West',74.77,1.0,0.0,9186.000000189424,0.0,2309.5037607612567,0.0,1.0,1.0,0.0,332.566585494107,0.0,317.3238606730827,0.0,0.0,0.0,9186.000000189424,2309.5037607612567,1.0,332.566585494107,317.3238606730827,0.0
A9,'St. Pankraz',36.36,2.0,0.0,13974.0,7033.0,76994.75393328123,51067.34595136446,0.0,1.0,0.0,171.12089268065063,0.0,0.0,0.0,337.0444832790054,337.0444832790054,6941.0,25927.407981916764,1.0,171.12089268065063,0.0,0.0
A9,'Pyhrn-Priel Ost’,55.03,1.0,1.0,7591.971611767987,0.0,46666.31891472245,0.0,0.0,0.0,0.0,0.0,0.0,0.0,0.0,307.9977048371681,0.0,7591.971611767987,46666.31891472245,0.0,0.0,0.0,307.9977048371681
A9,'Pyhrn-Priel West',55.04,0.0,1.0,8230.855228133318,8230.855228133318,31192.30198661983,31192.30198661983,0.0,0.0,0.0,0.0,0.0,337.0444832790054,337.0444832790054,542.9136763906963,542.9136763906963,0.0,0.0,0.0,0.0,0.0,0.0
A9,'Trieben',85.7,2.0,0.0,20906.0,10619.0,77919.67930409627,64696.454639353375,1.0,1.0,1.0,969.9102770104284,969.9102770104284,850.9113812278645,542.9136763906963,395.27098762447116,0.0,10287.0,13223.224664742887,0.0,0.0,307.9977048371681,395.27098762447116
A9,'Gaishorn',92.11,1.0,1.0,10287.0,0.0,59924.01877210385,0.0,0.0,0.0,0.0,0.0,0.0,395.27098762447116,0.0,790.7695115203566,0.0,10287.0,59924.01877210385,0.0,0.0,395.27098762447116,790.7695115203566
A9,'Kalwang',106.26,0.0,1.0,10953.0,10953.0,45192.7649885505,45192.7649885505,0.0,0.0,0.0,0.0,0.0,0.0,0.0,298.27224892443326,298.27224892443326,0.0,0.0,0.0,0.0,0.0,0.0
A9,'Kammern Süd',121.26,2.0,0.0,21954.0,11028.0,121610.15295791501,32914.014449608665,0.0,1.0,0.0,1000.0,0.0,1089.0417604447898,298.27224892443326,891.6687699670289,515.5047442918504,10926.0,88696.13850830635,1.0,1000.0,790.7695115203566,376.16402567517844
A9,'Deutschfeistritz',161.95,2.0,0.0,23289.000114064176,11777.000055015264,209832.80544527044,95604.4689815088,1.0,2.0,1.0,2000.0,1000.0,891.6687699670289,515.5047442918504,276.56528590581365,146.49423956980854,11512.00005904891,114228.33646376162,1.0,999.9999999999999,376.16402567517844,130.0710463360051
A9,'Premstätten',192.48,0.0,1.0,32302.511670869648,32302.511670869648,198945.786350562,198945.786350562,1.0,1.0,1.0,1000.0,1000.0,146.49423956980854,146.49423956980854,459.5364294835177,459.5364294835177,0.0,0.0,0.0,0.0,0.0,0.0
A9,'Gralla West',211.06,0.0,0.0,20689.0,20689.0,76643.58637779353,76643.58637779353,1.0,1.0,1.0,965.3840995769549,965.3840995769549,459.5364294835177,459.5364294835177,0.0,0.0,0.0,0.0,0.0,0.0,0.0,0.0
A9,'Gralla Ost',211.45,1.0,0.0,19399.0,0.0,72223.11037113996,0.0,1.0,1.0,0.0,606.7435747855288,0.0,130.0710463360051,0.0,0.0,0.0,19399.0,72223.11037113996,1.0,606.7435747855288,130.0710463360051,0.0
S16,'Schnann',18.9,2.0,0.0,9860.99996031521,4941.999999999992,43437.30630977449,18700.073610347983,0.0,0.0,-0.0,0.0,0.0,0.0,0.0,286.6862216445116,123.4204858282967,4918.999960315217,24737.232699426502,-0.0,0.0,0.0,163.26573581621489
S16,'Klösterle',44.17,1.0,0.0,4439.000000265529,0.0,15751.5145677921,0.0,1.0,1.0,0.0,267.2257319636427,0.0,163.26573581621489,0.0,0.0,0.0,4439.000000265529,15751.5145677921,1.0,267.2257319636427,163.26573581621489,0.0
S16,'Innerbraz',54.99,0.0,0.0,5391.999999999998,5391.999999999998,38789.08951452321,38789.08951452321,1.0,1.0,1.0,379.4284766241499,379.4284766241499,123.4204858282967,123.4204858282967,0.0,0.0,0.0,0.0,0.0,0.0,0.0,0.0
S1A,'Schwechat',9.85,2.0,0.0,61703.49999987559,31463.499999975807,98660.20943375537,39041.52295889174,1.0,2.0,1.0,651.1573822627854,257.6740515286855,0.0,0.0,0.0,0.0,30239.99999989978,59618.68647486362,1.0,393.48333073409987,0.0,0.0
S1B,'Deutsch Wagram',39.05,2.0,0.0,32604.83333333333,16237.966666666664,73145.99870320682,9677.10465852084,1.0,2.0,1.0,482.7635914411649,63.86889074623754,0.0,0.0,0.0,0.0,16366.866666666663,63468.89404468598,1.0,418.8947006949274,0.0,0.0
S33,'St. Pölten Ost',1.84,0.0,0.0,15332.000000000002,15332.000000000002,42162.713450383104,42162.713450383104,0.0,0.0,-0.0,0.0,0.0,0.0,0.0,278.27390877252844,278.27390877252844,0.0,0.0,0.0,0.0,0.0,0.0
S33,'Inzersdorf',15.28,1.0,1.0,15650.364459623052,0.0,47979.53816597848,0.0,1.0,1.0,0.0,316.66495189545793,0.0,0.0,0.0,0.0,0.0,15650.364459623052,47979.53816597848,1.0,316.66495189545793,0.0,0.0
S33,'Herzogenburg',15.69,0.0,1.0,15657.319893344473,15657.319893344473,36041.87317235301,36041.87317235301,1.0,1.0,1.0,516.1502717100583,516.1502717100583,278.27390877252844,278.27390877252844,0.0,0.0,0.0,0.0,0.0,0.0,0.0,0.0
S36,'St. Marein Nord',14.89,0.0,0.0,10113.0,10113.0,30156.505485607195,30156.505485607195,1.0,1.0,1.0,199.03293620500747,199.03293620500747,0.0,0.0,0.0,0.0,0.0,0.0,0.0,0.0,0.0,0.0
S36,'St. Marein Süd',14.97,1.0,0.0,10133.0,0.0,45516.90322953391,0.0,1.0,1.0,0.0,300.4115613149238,0.0,0.0,0.0,0.0,0.0,10133.0,45516.90322953391,1.0,300.4115613149238,0.0,0.0
S5,'Grafenwörth',32.85,2.0,0.0,24240.0,12017.0,107889.9944139893,78745.53228630197,1.0,2.0,1.0,712.0739631323293,519.7205130895929,0.0,0.0,0.0,0.0,12223.0,29144.46212768733,1.0,192.35345004273634,0.0,0.0
S6,'Natschbach',3.22,2.0,0.0,28895.0,14441.0,66346.034024386,7829.400123642268,0.0,0.0,-0.0,0.0,0.0,0.0,0.0,437.8838245609476,51.67404081603897,14454.000000000002,58516.63390074373,-0.0,0.0,0.0,386.2097837449086
S6,'Schottwien',23.57,2.0,0.0,15944.5,8009.0,72085.00602673124,32424.223115473676,0.0,1.0,-0.0,647.9709509592085,0.0,437.8838245609476,51.67404081603897,265.6739133781652,265.6739133781652,7935.5,39660.78291125756,1.0,647.9709509592085,386.2097837449086,0.0
S6,'Schwöbing Nord',48.55,0.0,0.0,9945.0,9945.0,49668.15156439487,49668.15156439487,0.0,0.0,-0.0,0.0,0.0,265.6739133781652,265.6739133781652,593.4837137031714,593.4837137031714,0.0,0.0,0.0,0.0,0.0,0.0
S6,'Schwöbing Süd',48.57,1.0,0.0,9757.0,0.0,46526.20864062981,0.0,0.0,0.0,0.0,0.0,0.0,0.0,0.0,307.07297702815674,0.0,9757.0,46526.20864062981,-0.0,0.0,0.0,307.07297702815674
S6,'St. Marein',68.99,0.0,0.0,12864.0,12864.0,52521.60007264168,52521.60007264168,1.0,1.0,1.0,940.1262741826065,940.1262741826065,593.4837137031714,593.4837137031714,0.0,0.0,0.0,0.0,0.0,0.0,0.0,0.0
S6,'Kapfenberg Süd',72.45,1.0,1.0,12893.5,0.0,83967.40895002644,0.0,1.0,1.0,0.0,861.2578760983312,0.0,307.07297702815674,0.0,0.0,0.0,12893.5,83967.40895002644,1.0,861.2578760983312,307.07297702815674,0.0
