Time of calculation: 20211222-184104; value of objective: 148151.93722417118;  acc=2500;  ec=0.25;  e_tax=0.15;  cfix=7000;  cvar=17750;  eta=0.01;  mu=0.18;  i=
segment_id,dir,type_ID,POI_ID,traffic_flow,traffic_flow_0,traffic_flow_1,energy_demand,energy_demand_0,energy_demand_1,dist_along_segment,pois_type,pYi_dir,pYi_dir_0,pYi_dir_1,pE_charged,pE_charged_0,pE_charged_1,pE_input,pE_input_0,pE_input_1,pE_output,pE_output_0,pE_output_1,pXi
0.0,2.0,0.0,0.0,26540.63611205301,13243.023903864512,13297.612208188497,4423.921231438179,0.0,4423.921231438179,0.0,link,0.0,0.0,0.0,0.0,0.0,0.0,0.0,0.0,0.0,0.9953822770735904,0.0,0.9953822770735904,0
0.0,2.0,1.0,1.0,26594.77697992819,13269.441574912722,13325.335405015468,810.0039769207759,31.774775427221,778.2292014935549,239.71582410116363,ra,5.0,0.0,5.0,1.783221654810442,0.0,1.783221654810442,1.6081200844743921,0.0,1.6081200844743921,0.0071493244711247255,0.0071493244711247255,0.0,1
0.0,2.0,0.0,2.0,45891.071384772644,24132.535484801192,21758.535899971448,10453.078391900737,5371.86342144895,5081.214970451788,24427.46216029796,ra,0.0,-0.0,0.0,0.0,0.0,0.0,0.4719960405938645,0.0071493244711247255,0.4648467161227398,2.8239386787715306,1.2158185942971385,1.6081200844743921,0
0.0,1.0,2.0,3.0,5594.606273434111,0.0,5594.606273434111,2065.9854049899545,0.0,2065.9854049899545,68504.60131061138,ra,0.0,0.0,-0.0,0.0,0.0,0.0,0.0,0.0,0.0,0.4648467161227398,0.0,0.4648467161227398,0
0.0,0.0,3.0,4.0,4553.083889317481,4553.083889317481,0.0,7187.448325138304,7187.448325138304,0.0,79329.13749040988,ra,0.0,-0.0,0.0,0.0,0.0,0.0,1.2158185942971385,1.2158185942971385,0.0,2.832994467453257,2.832994467453257,0.0,0
0.0,2.0,4.0,5.0,7895.539602766943,4645.32330643337,3250.2162963335736,2342.9750495919843,1038.6617908113935,1304.3132587805906,104473.7124161702,ra,3.0,3.0,0.0,4.040226069262517,1.2158185942971385,2.824407474965379,5.363931459193003,2.832994467453257,2.530936991739746,1.850874776088682,1.850874776088682,0.0,1
0.0,2.0,5.0,6.0,19815.36822147169,9562.72950758806,10252.63871388363,7959.026265117185,2076.9550358924675,5882.071229224718,133409.21035475997,ra,0.0,0.0,-0.0,0.0,0.0,0.0,3.0583457412528663,1.850874776088682,1.2074709651641846,4.849126650904233,2.318189659164487,2.530936991739746,0
0.0,2.0,6.0,7.0,38420.41317046725,19234.66349454688,19185.749675920368,10291.73164091456,4957.101208651553,5334.630432263007,173065.41379977632,ra,2.0,2.0,0.0,3.6778506193340714,1.6171758731561183,2.0606747461779533,4.386043523247448,2.318189659164487,2.067853864082961,3.023832523119153,1.8163615579549681,1.2074709651641846,1
0.0,1.0,7.0,8.0,21229.45737990749,0.0,21229.45737990749,31.90719068892483,0.0,31.90719068892483,176940.22069628988,ra,0.0,0.0,-0.0,0.0,0.0,0.0,2.0606747461779533,0.0,2.0606747461779533,2.067853864082961,0.0,2.067853864082961,0
0.0,2.0,0.0,9.0,50605.7308716768,25638.902393873523,24966.82847780328,5210.178551742356,5210.178551742356,0.0,194059.96494613093,link,0.0,0.0,0.0,0.0,0.0,0.0,3.8770363041329214,1.8163615579549681,2.0606747461779533,5.049326478274951,2.988651732096998,2.0606747461779533,0
1.0,2.0,0.0,10.0,41635.269674683135,21021.62675530025,20613.64291938288,39.776186500955454,0.0,39.776186500955454,0.0,link,0.0,0.0,0.0,0.0,0.0,0.0,2.9597064645481006,2.8335712104944553,0.12613525405364528,2.9686561065108155,2.8335712104944553,0.13508489601636026,0
1.0,2.0,8.0,11.0,39859.943598360216,20128.71002741653,19731.23357094369,2276.328443367862,1715.7273142405495,560.6011291273123,8218.215919324155,ra,2.0,0.0,2.0,4.2541674782960825,3.219609856198579,1.0345576220975035,3.8681288325919585,2.8335712104944553,1.0345576220975035,0.12613525405364528,0.0,0.12613525405364528,1
1.0,0.0,9.0,12.0,15021.9786197919,15021.9786197919,0.0,1426.8426564048834,1426.8426564048834,0.0,16747.064047816148,ra,0.0,0.0,0.0,0.0,0.0,0.0,0.0,0.0,0.0,0.32103959769109874,0.32103959769109874,0.0,0
1.0,2.0,10.0,13.0,29629.27020666332,14994.151703987822,14635.1185026755,191.32891529796464,24.711112058686385,166.61780323927826,16911.740762175257,ra,0.0,0.0,0.0,0.0,0.0,0.0,1.3181082140597646,0.32103959769109874,0.997068616368666,1.3611572200018067,0.3265995979043032,1.0345576220975035,0
1.0,2.0,14.0,14.0,23126.81664543996,11846.335117703364,11280.481527736596,2715.588968665061,1386.7595429137232,1328.829425751338,27721.26496153286,ra,0.0,0.0,0.0,0.0,0.0,0.0,1.0246815934789182,0.3265995979043032,0.6980819955746149,1.6356891114285568,0.6386204950598909,0.997068616368666,0
1.0,1.0,13.0,15.0,11337.261932088282,0.0,11337.261932088282,1420.2485369302626,0.0,1420.2485369302626,29194.630965596883,ra,0.0,0.0,-0.0,0.0,0.0,0.0,0.3785260747653058,0.0,0.3785260747653058,0.6980819955746149,0.0,0.6980819955746149,0
1.0,0.0,12.0,16.0,11885.52653584708,11885.52653584708,0.0,208.50481099773148,208.50481099773148,0.0,29478.47368022978,ra,0.0,0.0,0.0,0.0,0.0,0.0,0.6386204950598909,0.6386204950598909,0.0,0.6855340775343806,0.6855340775343806,0.0,0
1.0,0.0,15.0,17.0,11960.17018283512,11960.17018283512,0.0,465.471180470787,465.471180470787,0.0,33381.72336961185,ra,0.0,0.0,0.0,0.0,0.0,0.0,0.6855340775343806,0.6855340775343806,0.0,0.7902650931403077,0.7902650931403077,0.0,0
1.0,2.0,16.0,18.0,23460.93532657191,11970.385389125157,11490.549937446756,1768.6682817168698,86.33017164884411,1682.3381100680258,34103.26049306036,ra,1.0,0.0,1.0,0.8096893817612976,0.8096893817612976,0.0,0.7902650931403077,0.7902650931403077,0.0,0.3785260747653058,0.0,0.3785260747653058,1
1.0,2.0,0.0,19.0,23472.95328481904,11974.880939958675,11498.072344860364,41.43137038083431,41.43137038083431,0.0,34449.34645750041,link,0.0,0.0,0.0,0.0,0.0,0.0,0.0,0.0,0.0,0.00932205833568772,0.00932205833568772,0.0,0
2.0,2.0,0.0,20.0,68929.16895257494,33758.81379308793,35170.35515948701,2037.3044909279515,0.0,2037.3044909279515,0.0,link,0.0,0.0,0.0,0.0,0.0,0.0,5.150978001469376,1.919431091684557,3.231546909784819,5.609371511928165,1.919431091684557,3.689940420243608,0
2.0,1.0,11.0,21.0,34398.2821383792,0.0,34398.2821383792,0.1779942533838276,0.0,0.1779942533838276,2598.411645460739,ra,0.0,0.0,-0.0,0.0,0.0,0.0,3.2315068610778073,0.0,3.2315068610778073,3.231546909784819,0.0,3.231546909784819,0
2.0,0.0,17.0,22.0,24285.97411997901,24285.97411997901,0.0,5629.753466227842,5629.753466227842,0.0,19826.030918871555,ra,0.0,-0.0,0.0,0.0,0.0,0.0,1.919431091684557,1.919431091684557,0.0,3.1861256215858216,3.1861256215858216,0.0,0
2.0,1.0,18.0,23.0,24186.0911430872,0.0,24186.0911430872,4128.069297151063,0.0,4128.069297151063,19924.554475399083,ra,0.0,0.0,-0.0,0.0,0.0,0.0,2.302691269218818,0.0,2.302691269218818,3.2315068610778073,0.0,3.2315068610778073,0
2.0,0.0,19.0,24.0,24395.8043620461,24395.8043620461,0.0,1107.9496170791724,1107.9496170791724,0.0,24376.283905318956,ra,0.0,-0.0,0.0,0.0,0.0,0.0,3.1861256215858216,3.1861256215858216,0.0,3.435414285428635,3.435414285428635,0.0,0
2.0,0.0,20.0,25.0,18382.744960495544,18382.744960495544,0.0,3193.5958308596214,3193.5958308596214,0.0,38424.04808590371,ra,0.0,-0.0,0.0,0.0,0.0,0.0,3.435414285428635,3.435414285428635,0.0,4.15397334737205,4.15397334737205,0.0,0
2.0,1.0,21.0,26.0,18491.613365488807,0.0,18491.613365488807,4453.992496188428,0.0,4453.992496188428,38987.68062551749,ra,0.0,0.0,-0.0,0.0,0.0,0.0,1.3005429575764218,0.0,1.3005429575764218,2.302691269218818,0.0,2.302691269218818,0
2.0,2.0,22.0,27.0,37060.49951410931,18323.84940673533,18736.65010737398,9037.685965220891,4162.991831646682,4874.69413357421,60686.533174562566,ra,3.0,3.0,0.0,5.0906465094925535,5.0906465094925535,0.0,4.3577101248942745,4.15397334737205,0.20373677752222447,1.3005429575764218,0.0,1.3005429575764218,1
2.0,2.0,23.0,28.0,37058.90292655935,18323.112740357166,18735.790186202183,905.6708621966342,0.1740732089699103,905.4967889876642,60687.52230976862,ra,1.0,1.0,0.0,3.91664720182372e-05,3.91664720182372e-05,0.0,0.0,0.0,0.0,0.20373677752222447,0.0,0.20373677752222447,1
2.0,2.0,0.0,29.0,23931.60016336258,12393.941571693274,11537.658591669302,2066.8759536088314,2066.8759536088314,0.0,74788.45855603463,link,0.0,0.0,0.0,0.0,0.0,0.0,0.0,0.0,0.0,0.46504708956198704,0.46504708956198704,0.0,0
3.0,2.0,0.0,30.0,27844.0,14880.0,12964.0,276.638796,0.0,276.638796,0.0,link,0.0,0.0,0.0,0.0,0.0,0.0,0.0,0.0,0.0,0.062243729100000006,0.0,0.062243729100000006,0
3.0,0.0,24.0,31.0,14880.0,14880.0,0.0,43.31568,43.31568,0.0,291.13911748382634,ra,0.0,-0.0,0.0,0.0,0.0,0.0,0.0,0.0,0.0,0.009746028,0.009746028,0.0,0
3.0,1.0,25.0,32.0,12963.999999999998,0.0,12963.999999999998,50.78647,0.0,50.78647,391.7896627176565,ra,1.0,0.0,1.0,0.6945778996623342,0.0,0.6945778996623342,0.6831509439123342,0.0,0.6831509439123342,0.0,0.0,0.0,1
3.0,2.0,1.0,33.0,27844.0,14880.000000000002,12964.0,332.50104000000005,332.50104000000005,0.0,2525.7146416492456,link,0.0,0.0,0.0,0.0,0.0,0.0,0.6928969719123342,0.009746028,0.6831509439123342,0.7677097059123342,0.08455876200000001,0.6831509439123342,0
4.0,2.0,1.0,34.0,59761.3086274698,30037.341974575906,29723.966652893894,2541.480423000085,0.0,2541.480423000085,0.0,link,0.0,0.0,0.0,0.0,0.0,0.0,1.2561549648690291,1.2561549648690291,0.0,1.8279880600440483,1.2561549648690291,0.5718330951750191,0
4.0,1.0,29.0,35.0,19741.19620746718,0.0,19741.19620746718,941.1307808897812,0.0,941.1307808897812,27421.918402146952,ra,3.0,0.0,3.0,5.954879085653449,0.0,5.954879085653449,5.743124659953248,0.0,5.743124659953248,0.0,0.0,0.0,1
4.0,0.0,28.0,36.0,20188.77400206591,20188.77400206591,0.0,6913.407817081132,6913.407817081132,0.0,27456.275537656256,ra,0.0,-0.0,0.0,0.0,0.0,0.0,1.2561549648690291,1.2561549648690291,0.0,2.811671723712284,2.811671723712284,0.0,0
4.0,2.0,31.0,37.0,24242.046721440067,16011.081415437498,8230.965306002568,10336.618270691582,5459.807289653861,4876.810981037721,57952.436449648114,ra,0.0,-0.0,0.0,0.0,0.0,0.0,7.457513912932045,2.811671723712284,4.645842189219761,9.783253023837652,4.040128363884403,5.743124659953248,0
4.0,2.0,30.0,38.0,24222.436414627213,16010.688472387346,8211.747942239866,2097.1816748164333,3.698514594089785,2093.4831602223435,57975.56024030675,ra,6.0,0.0,6.0,3.14491322205023,2.811671723712284,0.333241498337946,8.54817834039208,4.040128363884403,4.508049976507679,5.8751309951755495,1.229288805955789,4.645842189219761,1
4.0,2.0,35.0,39.0,21337.90578167672,10925.606078379402,10412.299703297318,4724.821457700606,2596.3850909026173,2128.436366797988,78476.45534742385,ra,0.0,0.0,0.0,0.0,0.0,0.0,5.25844059993392,1.229288805955789,4.029151793978131,6.321525427916557,1.8134754514088778,4.508049976507679,0
4.0,0.0,40.0,40.0,10876.999998084551,10876.999998084551,0.0,1976.660743966538,1976.660743966538,0.0,96645.26673532616,ra,0.0,-0.0,0.0,0.0,0.0,0.0,1.8134754514088778,1.8134754514088778,0.0,2.2582241188013485,2.2582241188013485,0.0,0
4.0,1.0,41.0,41.0,10239.998724530997,0.0,10239.998724530997,1817.260584824645,0.0,1817.260584824645,99246.70723666706,ra,0.0,0.0,0.0,0.0,0.0,0.0,3.6202681623925863,0.0,3.6202681623925863,4.029151793978131,0.0,4.029151793978131,0
4.0,2.0,42.0,42.0,15349.448623427987,7293.1561007636,8056.292522664386,2244.8438549829234,2242.944719983224,1.8991349996993472,124531.18468963404,ra,3.0,0.0,3.0,1.1706272292769289,1.0289353128455598,0.14169191643136908,6.019756892250372,2.2582241188013485,3.761532773449024,5.354219530344601,1.7339513679520144,3.6202681623925863,1
4.0,2.0,45.0,43.0,29499.999782114108,14928.999812810407,14570.9999693037,9965.395457829238,4949.374190304771,5016.021267524467,160563.71538932095,ra,0.0,0.0,-0.0,0.0,0.0,0.0,4.366879356208033,1.7339513679520144,2.632927988256019,6.609093334219612,2.847560560770588,3.761532773449024,0
4.0,2.0,49.0,44.0,29501.249670962527,14929.610924790286,14571.63874617224,7771.3951170941245,964.2534476850196,6807.141669409105,167022.61670697512,ra,0.0,-0.0,0.0,0.0,0.0,0.0,3.948881673409558,2.847560560770588,1.1013211126389701,5.697445574755736,3.064517586499717,2.632927988256019,0
4.0,2.0,2.0,45.0,37135.97924873808,18661.98985536135,18473.98939337673,2580.116572311374,2580.116572311374,0.0,182066.4548482201,link,0.0,0.0,0.0,0.0,0.0,0.0,4.165838699138687,3.064517586499717,1.1013211126389701,4.746364927908747,3.6450438152697764,1.1013211126389701,0
5.0,2.0,1.0,46.0,68793.7826224039,33913.44536880647,34880.33725359744,3843.82209257494,0.0,3843.82209257494,0.0,link,0.0,0.0,0.0,0.0,0.0,0.0,1.3351222793416941,0.4585340992823558,0.8765881800593384,2.1999822501710558,0.4585340992823558,1.7414481508886999,0
5.0,1.0,26.0,47.0,36003.524001333615,0.0,36003.524001333615,3895.947466930393,0.0,3895.947466930393,10624.424038435742,ra,0.0,0.0,-0.0,0.0,0.0,0.0,0.0,0.0,0.0,0.8765881800593384,0.0,0.8765881800593384,0
5.0,0.0,27.0,48.0,32653.80091590929,32653.80091590929,0.0,4178.141771103933,4178.141771103933,0.0,12028.538687185455,ra,0.0,-0.0,0.0,0.0,0.0,0.0,0.4585340992823558,0.4585340992823558,0.0,1.3986159977807409,1.3986159977807409,0.0,0
5.0,2.0,32.0,49.0,33127.66797826424,16315.8916479239,16811.776330340337,9152.204545843142,5870.836452837575,3281.368093005566,39273.39357565199,ra,4.0,4.0,0.0,9.069099578074036,2.719554199669195,6.349545378404842,7.009853555259331,1.3986159977807409,5.6112375574785895,0.0,0.0,0.0,1
5.0,1.0,36.0,50.0,15728.354223345885,0.0,15728.354223345885,1275.7622080104995,0.0,1275.7622080104995,47330.36386477938,ra,0.0,0.0,-0.0,0.0,0.0,0.0,5.324191060676227,0.0,5.324191060676227,5.6112375574785895,0.0,5.6112375574785895,0
5.0,0.0,39.0,51.0,16181.036957810447,16181.036957810447,0.0,2402.71193975453,2402.71193975453,0.0,54808.46507060479,ra,0.0,-0.0,0.0,0.0,0.0,0.0,0.0,0.0,0.0,0.5406101864447692,0.5406101864447692,0.0,0
5.0,1.0,43.0,52.0,15425.054197747386,0.0,15425.054197747386,6550.9163885109065,0.0,6550.9163885109065,67696.58292643339,ra,0.0,0.0,-0.0,0.0,0.0,0.0,3.850234873261274,0.0,3.850234873261274,5.324191060676227,0.0,5.324191060676227,0
5.0,0.0,44.0,53.0,16743.940970134765,16743.940970134765,0.0,2188.52376611744,2188.52376611744,0.0,67916.71774036821,ra,0.0,-0.0,0.0,0.0,0.0,0.0,0.5406101864447692,0.5406101864447692,0.0,1.0330280338211932,1.0330280338211932,0.0,0
5.0,1.0,50.0,54.0,23926.865751230227,0.0,23926.865751230227,3865.032082238866,0.0,3865.032082238866,86150.64463711552,ra,0.0,0.0,-0.0,0.0,0.0,0.0,2.9806026547575293,0.0,2.9806026547575293,3.850234873261274,0.0,3.850234873261274,0
5.0,0.0,51.0,55.0,23976.591723992253,23976.591723992253,0.0,3863.210440192499,3863.210440192499,0.0,86198.21188888987,ra,0.0,0.0,0.0,0.0,0.0,0.0,1.0330280338211932,1.0330280338211932,0.0,1.9022503828645054,1.9022503828645054,0.0,0
5.0,2.0,4.0,56.0,48295.998738473485,24204.99925545633,24090.99948301716,3849.659028767285,3849.659028767285,0.0,102115.05106186114,link,0.0,0.0,0.0,0.0,0.0,0.0,4.882853037622034,1.9022503828645054,2.9806026547575293,5.749026319094674,2.7684236643371447,2.9806026547575293,0
6.0,2.0,0.0,57.0,17593.52882743976,9370.089853693322,8223.438973746437,3280.588971659345,0.0,3280.588971659345,0.0,link,0.0,0.0,0.0,0.0,0.0,0.0,0.0,0.0,0.0,0.7381325186233527,0.0,0.7381325186233527,0
6.0,0.0,34.0,58.0,9440.700126436834,9440.700126436834,0.0,115.62791616056612,115.62791616056612,0.0,1229.5619294335402,ra,0.0,-0.0,0.0,0.0,0.0,0.0,0.0,0.0,0.0,0.026016281136127375,0.026016281136127375,0.0,0
6.0,0.0,33.0,59.0,9685.754071387502,9685.754071387502,0.0,302.82244713524466,302.82244713524466,0.0,4398.318016945725,ra,0.0,-0.0,0.0,0.0,0.0,0.0,0.026016281136127375,0.026016281136127375,0.0,0.09415133174155742,0.09415133174155742,0.0,0
6.0,1.0,38.0,60.0,13533.136089729269,0.0,13533.136089729269,3267.2679643300085,0.0,3267.2679643300085,19100.037855584003,ra,1.0,0.0,1.0,0.7351352919742519,0.0,0.7351352919742519,0.0,0.0,0.0,0.0,0.0,0.0,1
6.0,0.0,37.0,61.0,14150.210375121094,14150.210375121094,0.0,1803.67381185194,1803.67381185194,0.0,19123.313502380493,ra,0.0,-0.0,0.0,0.0,0.0,0.0,0.09415133174155742,0.09415133174155742,0.0,0.49997793940824387,0.49997793940824387,0.0,0
6.0,2.0,48.0,62.0,30972.88424037613,15986.27621540026,14986.608024975872,5468.198643546355,3421.909443445684,2046.2892001006717,42213.94659999393,ra,3.0,0.0,3.0,3.9198746289987576,1.269907564183523,2.6499670648152347,2.689529934200827,0.49997793940824387,2.1895519947925832,0.0,0.0,0.0,1
6.0,2.0,3.0,63.0,43852.38298306345,22912.25382809093,20940.12915497252,3553.9006048965416,3553.9006048965416,0.0,60876.22424217983,link,0.0,0.0,0.0,0.0,0.0,0.0,2.1895519947925832,0.0,2.1895519947925832,2.9891796308943053,0.799627636101722,2.1895519947925832,0
7.0,2.0,0.0,64.0,11819.728833092571,5668.999528653672,6150.729304438899,2312.6327385691666,0.0,2312.6327385691666,0.0,link,0.0,0.0,0.0,0.0,0.0,0.0,0.0,0.0,0.0,0.5203423661780625,0.0,0.5203423661780625,0
7.0,2.0,46.0,65.0,16750.439961073742,8281.792263693602,8468.64769738014,443.91171562073237,439.3743632250341,4.537352395698317,6667.955447556553,ra,6.0,0.0,6.0,2.3598580837566687,-1.3877787807814457e-17,2.3598580837566687,2.3588371794676366,0.0,2.3588371794676366,0.09885923172563267,0.09885923172563267,0.0,1
7.0,2.0,47.0,66.0,16803.00194301874,8309.644744099518,8493.35719891922,469.008092957891,4.438227533612364,464.56986542427865,6721.474926778252,ra,0.0,-0.0,0.0,0.0,0.0,0.0,2.3531681914728066,0.09885923172563267,2.254308959747174,2.458695012388332,0.09985783292069546,2.3588371794676366,0
7.0,2.0,2.0,67.0,31479.264687684805,14962.675134733858,16516.589552950947,2176.386974618303,2176.386974618303,0.0,25294.541879356693,link,0.0,0.0,0.0,0.0,0.0,0.0,2.3541667926678698,0.09985783292069546,2.254308959747174,2.8438538619569877,0.5895449022098137,2.254308959747174,0
8.0,2.0,2.0,68.0,14782.369584642798,7482.847541600488,7299.522043042311,571.5351732524385,0.0,571.5351732524385,0.0,link,0.0,0.0,0.0,0.0,0.0,0.0,1.2150921733574882,1.0888804772080567,0.12621169614943162,1.343687587339287,1.0888804772080567,0.25480711013123025,0
8.0,2.0,52.0,69.0,9208.206367128356,4168.183876582084,5040.022490546272,1091.488655298786,530.5477835235342,560.9408717752517,9055.824498122218,ra,6.0,0.0,6.0,1.2082537285008519,1.2082537285008519,0.0,1.0888804772080567,1.0888804772080567,0.0,0.12621169614943162,0.0,0.12621169614943162,1
8.0,2.0,0.0,70.0,9708.89067456805,5120.673657931851,4588.2170166362,557.603815055505,557.603815055505,0.0,21173.685305885127,link,0.0,0.0,0.0,0.0,0.0,0.0,0.0,0.0,0.0,0.12546085838748863,0.12546085838748863,0.0,0
9.0,2.0,2.0,71.0,31818.423136170015,16104.883545196824,15713.539590973189,3261.4825971182563,0.0,3261.4825971182563,0.0,link,0.0,0.0,0.0,0.0,0.0,0.0,2.7608808795552484,1.7697998709617377,0.9910810085935106,3.494714463906856,1.7697998709617377,1.7249145929451182,0
9.0,2.0,55.0,72.0,36693.05587768159,18116.80864806472,18576.24722961687,5325.486521774037,2708.000893980142,2617.485627793895,15445.371783397328,ra,1.0,1.0,0.0,2.3791000721072697,2.3791000721072697,0.0,2.171946613301622,1.7697998709617377,0.4021467423398842,0.9910810085935106,0.0,0.9910810085935106,1
9.0,2.0,7.0,73.0,31601.85426430268,15291.911788888328,16309.942475414353,3142.329967824336,3142.329967824336,0.0,33157.12684688381,link,0.0,0.0,0.0,0.0,0.0,0.0,0.4021467423398842,0.0,0.4021467423398842,1.1091709851003597,0.7070242427604756,0.4021467423398842,0
10.0,2.0,3.0,74.0,31606.669563938915,16070.547455207432,15536.122108731484,43.81406893215462,0.0,43.81406893215462,0.0,link,0.0,0.0,0.0,0.0,0.0,0.0,1.9918424242002355,1.9918424242002355,0.0,2.0017005897099702,1.9918424242002355,0.00985816550973479,0
10.0,2.0,53.0,75.0,20482.292071415013,10386.965680851748,10095.326390563265,3859.9783717818373,1960.6175793947991,1899.3607923870384,14793.406531478646,ra,3.0,0.0,3.0,3.9383762120377215,2.2813828681094592,1.656993343928262,3.221479589841414,1.9918424242002355,1.2296371656411784,0.1515985114546063,0.1515985114546063,0.0,1
10.0,2.0,4.0,76.0,20473.61899569675,10382.534499411437,10091.084496285315,45.07964033000498,45.07964033000498,0.0,15227.535521101405,link,0.0,0.0,0.0,0.0,0.0,0.0,1.3812356770957848,0.1515985114546063,1.2296371656411784,1.3913785961700358,0.1617414305288574,1.2296371656411784,0
11.0,2.0,3.0,77.0,48420.054142922716,24599.82318293021,23820.230959992503,1269.8213138175106,0.0,1269.8213138175106,0.0,link,0.0,0.0,0.0,0.0,0.0,0.0,4.064172506514629,0.4889868423711035,3.5751856641435253,4.349882302123569,0.4889868423711035,3.860895459752465,0
11.0,2.0,54.0,78.0,48814.99317229718,24295.434711773956,24519.55846052323,3388.4082292149897,1701.6312773650386,1686.7769518499513,6967.487148144968,ra,0.0,0.0,0.0,0.0,0.0,0.0,3.68464769234839,0.4889868423711035,3.1956608499772865,4.447039543921763,0.8718538797782371,3.5751856641435253,0
11.0,1.0,56.0,79.0,22284.926619444108,0.0,22284.926619444108,1685.094433220274,0.0,1685.094433220274,14053.388239050711,ra,0.0,0.0,-0.0,0.0,0.0,0.0,2.816514602502725,0.0,2.816514602502725,3.1956608499772865,0.0,3.1956608499772865,0
11.0,2.0,5.0,80.0,42919.8251598076,21285.35848456856,21634.466675239044,2910.8952617885475,2910.8952617885475,0.0,19878.69006465457,link,0.0,0.0,0.0,0.0,0.0,0.0,3.688368482280962,0.8718538797782371,2.816514602502725,4.343319916183385,1.5268053136806603,2.816514602502725,0
12.0,2.0,4.0,81.0,53131.67233206281,26537.18348117461,26594.4888508882,1562.324430007989,0.0,1562.324430007989,0.0,link,0.0,0.0,0.0,0.0,0.0,0.0,5.505957822914304,2.423975692407128,3.081982130507176,5.857480819666101,2.423975692407128,3.4335051272589734,0
12.0,0.0,58.0,82.0,22288.895823895957,22288.895823895957,0.0,3364.25769729557,3364.25769729557,0.0,13722.635716121396,ra,0.0,-0.0,0.0,0.0,0.0,0.0,2.423975692407128,2.423975692407128,0.0,3.180933674298632,3.180933674298632,0.0,0
12.0,1.0,57.0,83.0,22492.6689728353,0.0,22492.6689728353,3393.592303197099,0.0,3393.592303197099,13775.369179933106,ra,1.0,0.0,1.0,0.5811749549196499,0.0,0.5811749549196499,2.8995988172074787,0.0,2.8995988172074787,3.081982130507176,0.0,3.081982130507176,1
12.0,2.0,5.0,84.0,44751.07719214048,22273.03927625819,22478.037915882287,1559.840879232986,1559.840879232986,0.0,20725.095833182608,link,0.0,0.0,0.0,0.0,0.0,0.0,6.08053249150611,3.180933674298632,2.8995988172074787,6.431496689333533,3.531897872126054,2.8995988172074787,0
13.0,2.0,4.0,85.0,25987.610544625633,13119.378445562592,12868.232099063043,1205.3834904693945,0.0,1205.3834904693945,0.0,link,0.0,0.0,0.0,0.0,0.0,0.0,3.773460149011271,1.8870630718430126,1.8863970771682583,4.044671434366885,1.8870630718430126,2.157608362523872,0
13.0,2.0,59.0,86.0,13974.00634747334,7033.004117758563,6941.002229714777,6883.850493770728,3777.525971618388,3106.32452215234,36309.89528647439,ra,1.0,1.0,0.0,0.5263819372295089,0.5263819372295089,0.0,3.0745371315269945,1.8870630718430126,1.187474059683982,4.097021555395899,2.2106244782276407,1.8863970771682583,1
13.0,1.0,63.0,87.0,7362.494657393186,0.0,7362.494657393186,661.497609325267,0.0,661.497609325267,54986.89266391457,ra,0.0,0.0,0.0,0.0,0.0,0.0,1.0386370975857968,0.0,1.0386370975857968,1.187474059683982,0.0,1.187474059683982,0
13.0,0.0,62.0,88.0,7963.314490087364,7963.314490087364,0.0,1395.6084792930023,1395.6084792930023,0.0,55258.29185590623,ra,0.0,-0.0,0.0,0.0,0.0,0.0,2.2106244782276407,2.2106244782276407,0.0,2.524636386068566,2.524636386068566,0.0,0
13.0,2.0,70.0,89.0,20915.585370117602,10623.723419117588,10291.861951000015,6679.2986941238505,3389.0040936651603,3290.29460045869,85720.88488710183,ra,0.0,-0.0,0.0,0.0,0.0,0.0,2.822957198551158,2.524636386068566,0.2983208124825917,4.325799404729024,3.287162307143227,1.0386370975857968,0
13.0,1.0,71.0,90.0,10312.666692975632,0.0,10312.666692975632,1325.8702777004075,0.0,1325.8702777004075,92148.0377185692,ra,0.0,0.0,0.0,0.0,0.0,0.0,0.0,0.0,0.0,0.2983208124825917,0.0,0.2983208124825917,0
13.0,0.0,75.0,91.0,10865.41330620228,10865.41330620228,0.0,2225.2267853650983,2225.2267853650983,0.0,106351.19825280692,ra,0.0,-0.0,0.0,0.0,0.0,0.0,3.287162307143227,3.287162307143227,0.0,3.7878383338503743,3.7878383338503743,0.0,0
13.0,2.0,80.0,92.0,21769.313571554885,10924.77173173255,10844.541839822334,5231.405901354321,1587.860206417783,3643.5456949365375,121274.1282993086,ra,6.0,6.0,0.0,5.592088992362725,4.145106880294375,1.4469821120683493,4.415022664558003,3.7878383338503743,0.6271843307076285,0.0,0.0,0.0,1
13.0,2.0,8.0,93.0,20326.83796736937,10049.65492309056,10277.18304427881,1199.9706688262263,1199.9706688262263,0.0,132616.96921985535,link,0.0,0.0,0.0,0.0,0.0,0.0,0.6271843307076285,0.0,0.6271843307076285,0.8971777311935294,0.2699934004859009,0.6271843307076285,0
14.0,2.0,5.0,94.0,94497.82264774677,47019.26687675304,47478.55577099372,936.3425207579636,0.0,936.3425207579636,0.0,link,0.0,0.0,0.0,0.0,0.0,0.0,9.188428119374464,4.370847476320759,4.817580643053704,9.399105186545007,4.370847476320759,5.028257710224247,0
14.0,0.0,61.0,95.0,46935.18990316021,46935.18990316021,0.0,2174.788745042169,2174.788745042169,0.0,4629.482620571615,ra,1.0,1.0,0.0,1.3754987876715006,1.3754987876715006,0.0,4.370847476320759,4.370847476320759,0.0,3.4846761562837463,3.4846761562837463,0.0,1
14.0,1.0,60.0,96.0,47664.75200387175,0.0,47664.75200387175,2204.32457448694,0.0,2204.32457448694,4633.73189838993,ra,0.0,0.0,-0.0,0.0,0.0,0.0,4.321607613794145,0.0,4.321607613794145,4.817580643053704,0.0,4.817580643053704,0
14.0,2.0,6.0,97.0,94641.69117202783,46900.62074452682,47741.07042750101,922.9194205020584,922.9194205020584,0.0,6596.600389256655,link,0.0,0.0,0.0,0.0,0.0,0.0,7.806283770077891,3.4846761562837463,4.321607613794145,8.013940639690855,3.6923330258967093,4.321607613794145,0
15.0,2.0,6.0,98.0,75207.49134104664,44538.30191090561,30669.189430141025,1884.850151816533,0.0,1884.850151816533,0.0,link,0.0,0.0,0.0,0.0,0.0,0.0,6.481893696772142,5.015891742322236,1.4660019544499057,6.905984980930861,5.015891742322236,1.8900932386086255,0
15.0,1.0,64.0,99.0,16721.32745245393,0.0,16721.32745245393,6515.564241999581,0.0,6515.564241999581,25738.743223846097,ra,0.0,0.0,-0.0,0.0,0.0,0.0,0.0,0.0,0.0,1.4660019544499057,0.0,1.4660019544499057,0
15.0,0.0,65.0,100.0,16271.068415411031,16271.068415411031,0.0,7891.47329091754,7891.47329091754,0.0,25740.902218562274,ra,1.0,1.0,0.0,6.7914732327786815,6.7914732327786815,0.0,5.015891742322236,5.015891742322236,0.0,0.0,0.0,0.0,1
15.0,2.0,0.0,101.0,10998.091984936455,5379.561945168664,5618.530039767791,1825.012570497084,1825.012570497084,0.0,48631.17855592899,link,0.0,0.0,0.0,0.0,0.0,0.0,0.0,0.0,0.0,0.4106278283618439,0.4106278283618439,0.0,0
16.0,2.0,6.0,102.0,79740.5667298025,40135.953102102525,39604.61362769997,2800.895581315986,0.0,2800.895581315986,0.0,link,0.0,0.0,0.0,0.0,0.0,0.0,8.351753775754258,2.6134410949696543,5.738312680784603,8.981955281550356,2.6134410949696543,6.3685141865807005,0
16.0,1.0,66.0,103.0,29014.9759926702,0.0,29014.9759926702,4194.662066106028,0.0,4194.662066106028,12316.83855333374,ra,0.0,0.0,-0.0,0.0,0.0,0.0,4.794513715910747,0.0,4.794513715910747,5.738312680784603,0.0,5.738312680784603,0
16.0,0.0,67.0,104.0,29278.008085254503,29278.008085254503,0.0,4585.787822607259,4585.787822607259,0.0,12575.946688510528,ra,0.0,0.0,0.0,0.0,0.0,0.0,2.6134410949696543,2.6134410949696543,0.0,3.645243355056288,3.645243355056288,0.0,0
16.0,0.0,72.0,105.0,28145.02656728497,28145.02656728497,0.0,3642.99524799985,3642.99524799985,0.0,25449.08031583349,ra,0.0,-0.0,0.0,0.0,0.0,0.0,3.645243355056288,3.645243355056288,0.0,4.464917285856254,4.464917285856254,0.0,0
16.0,1.0,74.0,106.0,25731.855828829863,0.0,25731.855828829863,3150.32793358614,0.0,3150.32793358614,32933.75197391795,ra,0.0,0.0,-0.0,0.0,0.0,0.0,4.0856899308538654,0.0,4.0856899308538654,4.794513715910747,0.0,4.794513715910747,0
16.0,0.0,76.0,107.0,25418.722177742115,25418.722177742115,0.0,6370.068704760761,6370.068704760761,0.0,49497.46890143416,ra,0.0,-0.0,0.0,0.0,0.0,0.0,4.464917285856254,4.464917285856254,0.0,5.898182744427425,5.898182744427425,0.0,0
16.0,1.0,77.0,108.0,25469.36930201462,0.0,25469.36930201462,3629.483350372933,0.0,3629.483350372933,49565.51842080065,ra,0.0,0.0,-0.0,0.0,0.0,0.0,3.2690561770199555,0.0,3.2690561770199555,4.0856899308538654,0.0,4.0856899308538654,0
16.0,1.0,82.0,109.0,26935.54974771189,0.0,26935.54974771189,4731.076881969367,0.0,4731.076881969367,67595.96875209869,ra,0.0,0.0,-0.0,0.0,0.0,0.0,2.204563878576848,0.0,2.204563878576848,3.2690561770199555,0.0,3.2690561770199555,0
16.0,0.0,83.0,110.0,27462.47510980443,27462.47510980443,0.0,5057.102637456699,5057.102637456699,0.0,68666.07464325256,ra,0.0,-0.0,0.0,0.0,0.0,0.0,5.898182744427425,5.898182744427425,0.0,7.036030837855182,7.036030837855182,0.0,0
16.0,1.0,86.0,111.0,27163.152752819547,0.0,27163.152752819547,4196.376907454115,0.0,4196.376907454115,81021.89267340553,ra,0.0,0.0,-0.0,0.0,0.0,0.0,1.260379074399672,0.0,1.260379074399672,2.204563878576848,0.0,2.204563878576848,0
16.0,0.0,89.0,112.0,29187.99844762554,29187.99844762554,0.0,6653.928103269676,6653.928103269676,0.0,92123.37906601596,ra,0.0,-0.0,0.0,0.0,0.0,0.0,7.036030837855182,7.036030837855182,0.0,8.533164661090861,8.533164661090861,0.0,0
16.0,1.0,90.0,113.0,28376.998666581203,0.0,28376.998666581203,5601.684775109653,0.0,5601.684775109653,92203.5095301381,ra,0.0,0.0,-0.0,0.0,0.0,0.0,0.0,0.0,0.0,1.260379074399672,0.0,1.260379074399672,0
16.0,2.0,94.0,114.0,71124.20344709541,35553.82790120941,35570.375545886,8755.239718801102,4299.63877333859,4455.600945462512,106046.11656904333,ra,2.0,0.0,2.0,13.328817114517824,9.500583385092042,3.8282337294257807,11.358888177787577,8.533164661090861,2.825723516696715,0.0,0.0,0.0,1
16.0,2.0,12.0,115.0,71147.99996754559,35564.99998476318,35582.99998278241,2799.48715587504,2799.48715587504,0.0,113917.81076099534,link,0.0,0.0,0.0,0.0,0.0,0.0,2.825723516696715,0.0,2.825723516696715,3.455608126768599,0.629884610071884,2.825723516696715,0
18.0,2.0,7.0,118.0,26949.99999999783,13587.999999998794,13361.999999999038,1262.350888686173,0.0,1262.350888686173,0.0,link,0.0,0.0,0.0,0.0,0.0,0.0,0.5976317617972474,0.5976317617972474,0.0,0.8816607117516364,0.5976317617972474,0.28402894995438893,0
18.0,0.0,68.0,119.0,13587.918618998609,13587.918618998609,0.0,1673.7828719547792,1673.7828719547792,0.0,12318.138045343778,ra,0.0,0.0,0.0,0.0,0.0,0.0,0.5976317617972474,0.5976317617972474,0.0,0.9742329079870727,0.9742329079870727,0.0,0
18.0,1.0,69.0,120.0,13361.93226547554,0.0,13361.93226547554,3620.13302138755,0.0,3620.13302138755,12346.305678813724,ra,1.0,0.0,1.0,0.8145299298121987,0.0,0.8145299298121987,0.0,0.0,0.0,0.0,0.0,0.0,1
18.0,2.0,73.0,121.0,21133.145613699366,10354.073130248858,10779.072483450507,3099.0639764514967,1773.464093458567,1325.5998829929297,27186.329383912336,ra,6.0,6.0,0.0,4.229443591195213,0.0,4.229443591195213,4.905416525508876,0.9742329079870727,3.9311836175218033,1.3732623290152501,1.3732623290152501,0.0,1
18.0,2.0,81.0,122.0,17024.72901544851,8263.2955761644,8761.433439284106,10407.127018587838,5132.593422062407,5274.533596525431,76811.9776614867,ra,0.0,0.0,0.0,0.0,0.0,0.0,4.117675887318832,1.3732623290152501,2.7444135583035814,6.459279466501096,2.528095848979292,3.9311836175218033,0
18.0,0.0,84.0,123.0,7912.197813125354,7912.197813125354,0.0,1219.9477727403696,1219.9477727403696,0.0,91803.7907317536,ra,0.0,0.0,0.0,0.0,0.0,0.0,2.528095848979292,2.528095848979292,0.0,2.8025840978458754,2.8025840978458754,0.0,0
18.0,1.0,85.0,124.0,8875.838788593739,0.0,8875.838788593739,1785.784923800428,0.0,1785.784923800428,91872.46119703975,ra,0.0,0.0,0.0,0.0,0.0,0.0,2.342611950448484,0.0,2.342611950448484,2.7444135583035814,0.0,2.7444135583035814,0
18.0,2.0,92.0,125.0,47292.93717996864,22515.08265535503,24777.854524613613,4754.452437208462,3104.7402940346988,1649.7121431737628,121334.73270596893,ra,4.0,0.0,4.0,3.6874429987996034,3.5011506640036827,0.18629233479592078,4.960303150876184,2.8025840978458754,2.1577190530303088,2.342611950448484,0.0,2.342611950448484,1
18.0,2.0,11.0,126.0,53098.00276723388,24816.36422563914,28281.638541594737,1125.0783643967968,1125.0783643967968,0.0,126075.53174156268,link,0.0,0.0,0.0,0.0,0.0,0.0,2.1577190530303088,0.0,2.1577190530303088,2.410861685019588,0.2531426319892792,2.1577190530303088,0
19.0,2.0,7.0,127.0,19888.0,9830.0,10058.0,1832.5223390000008,0.0,1832.5223390000008,0.0,link,0.0,0.0,0.0,0.0,0.0,0.0,0.40359221485273317,0.40359221485273317,0.0,0.8159097411277334,0.40359221485273317,0.4123175262750002,0
19.0,2.0,0.0,128.0,19888.0,9830.0,10058.0,1790.9817650000002,1790.9817650000002,0.0,18219.57712193098,link,0.0,0.0,0.0,0.0,0.0,0.0,0.40359221485273317,0.40359221485273317,0.0,0.8065631119777332,0.8065631119777332,0.0,0
20.0,2.0,0.0,129.0,19481.000344743796,9701.000199905127,9780.000144838668,1585.946802063634,0.0,1585.946802063634,0.0,link,0.0,0.0,0.0,0.0,0.0,0.0,1.3877787807814457e-17,0.0,1.3877787807814457e-17,0.35683803046431767,0.0,0.35683803046431767,0
20.0,0.0,78.0,130.0,10133.998910338903,10133.998910338903,0.0,2201.810828978947,2201.810828978947,0.0,22308.899934453435,ra,1.0,1.0,0.0,0.4954074365202631,0.4954074365202631,0.0,0.0,0.0,0.0,0.0,0.0,0.0,1
20.0,1.0,79.0,131.0,10094.12847263898,0.0,10094.12847263898,2214.6793271343668,0.0,2214.6793271343668,22364.44986396924,ra,1.0,0.0,1.0,1.1343683150767805,0.0,1.1343683150767805,0.636065466471548,0.0,0.636065466471548,1.3877787807814457e-17,0.0,1.3877787807814457e-17,1
20.0,2.0,8.0,132.0,21962.97969081701,10983.990050020308,10978.989640796704,1594.243979477348,1594.243979477348,0.0,37253.22848420508,link,0.0,0.0,0.0,0.0,0.0,0.0,0.636065466471548,0.0,0.636065466471548,0.9947703618539513,0.35870489538240324,0.636065466471548,0
21.0,2.0,8.0,133.0,21649.000000000102,11074.000000000044,10575.00000000006,371.5843359997804,0.0,371.5843359997804,0.0,link,0.0,0.0,0.0,0.0,0.0,0.0,0.7342000705554746,0.7342000705554746,0.0,0.8178065461554253,0.7342000705554746,0.0836064755999506,0
21.0,2.0,87.0,134.0,23288.999999928543,11776.999999969368,11511.999999959173,6542.587792704876,3329.21173105459,3213.376061650286,29246.642192588224,ra,6.0,0.0,6.0,4.116862608664576,1.4832727100427574,2.6335898986218185,2.6447803553059783,0.7342000705554746,1.9105802847505036,0.0,0.0,0.0,1
21.0,2.0,10.0,135.0,23288.99999999982,11776.999999999924,11511.999999999898,380.1380059998352,380.1380059998352,0.0,32474.473610155062,link,0.0,0.0,0.0,0.0,0.0,0.0,1.9105802847505036,0.0,1.9105802847505036,1.9961113361004665,0.0855310513499629,1.9105802847505036,0
22.0,2.0,8.0,136.0,18089.34980232114,9293.63667702267,8795.71312529847,2541.603617777336,0.0,2541.603617777336,0.0,link,0.0,0.0,0.0,0.0,0.0,0.0,1.1418161136806468,0.21426591570707565,0.9275501979735712,1.7136769276805475,0.21426591570707565,1.4994110119734718,0
22.0,2.0,9.0,137.0,22551.759921439094,11229.492180860212,11322.267740578884,2598.6403059127283,2598.6403059127283,0.0,25496.14409205573,link,0.0,0.0,0.0,0.0,0.0,0.0,1.1418161136806468,0.21426591570707565,0.9275501979735712,1.7265101825110105,0.7989599845374394,0.9275501979735712,0
24.0,2.0,9.0,140.0,25786.108144857673,12922.607317501452,12863.500827356223,310.22506737586025,0.0,310.22506737586025,0.0,link,0.0,0.0,0.0,0.0,0.0,0.0,3.1088419704708716,2.131375950241646,0.9774660202292256,3.1786426106304404,2.131375950241646,1.0472666603887941,0
24.0,0.0,88.0,141.0,12911.612953719838,12911.612953719838,0.0,904.5214863572012,904.5214863572012,0.0,7001.124876882881,ra,0.0,-0.0,0.0,0.0,0.0,0.0,2.131375950241646,2.131375950241646,0.0,2.3348932846720163,2.3348932846720163,0.0,0
24.0,1.0,91.0,142.0,12797.695040407143,0.0,12797.695040407143,2112.957697765236,0.0,2112.957697765236,10447.761196686972,ra,0.0,0.0,-0.0,0.0,0.0,0.0,0.5020505382320474,0.0,0.5020505382320474,0.9774660202292256,0.0,0.9774660202292256,0
24.0,0.0,97.0,143.0,9570.738932827611,9570.738932827611,0.0,2755.7730122650837,2755.7730122650837,0.0,30840.569189513222,ra,0.0,-0.0,0.0,0.0,0.0,0.0,2.3348932846720163,2.3348932846720163,0.0,2.9549422124316598,2.9549422124316598,0.0,0
24.0,1.0,98.0,144.0,9946.426208887748,0.0,9946.426208887748,2231.335725475766,0.0,2231.335725475766,30857.334061915197,ra,0.0,0.0,0.0,0.0,0.0,0.0,0.0,0.0,0.0,0.5020505382320474,0.0,0.5020505382320474,0
24.0,2.0,108.0,145.0,15887.706151607494,7870.705730584929,8017.000421022563,4501.986650504175,2168.389585344796,2333.5970651593784,55766.14861335632,ra,4.0,4.0,0.0,5.655683391194504,3.442829869134239,2.2128535220602656,4.642736394831065,2.9549422124316598,1.6877941823994052,0.0,0.0,0.0,1
24.0,2.0,114.0,146.0,28294.020698251785,14163.55043686688,14130.470261384906,3453.816952067228,2111.307602382169,1342.5093496850593,76000.7341358558,ra,0.0,0.0,-0.0,0.0,0.0,0.0,1.385729578720267,0.0,1.385729578720267,2.1628383929353934,0.475044210535988,1.6877941823994052,0
24.0,2.0,15.0,147.0,28738.67135022459,14383.312343962509,14355.35900626208,310.87767950128045,310.87767950128045,0.0,78175.47480337396,link,0.0,0.0,0.0,0.0,0.0,0.0,1.860773789256255,0.475044210535988,1.385729578720267,1.930721267144043,0.5449916884237761,1.385729578720267,0
25.0,2.0,9.0,148.0,18444.994544675952,9036.997526482091,9407.99701819386,3162.573978652046,0.0,3162.573978652046,0.0,link,0.0,0.0,0.0,0.0,0.0,0.0,2.088423476042604,0.7936515589751655,1.2947719170674388,2.8000026212393143,0.7936515589751655,2.006351062264149,0
25.0,2.0,10.0,149.0,19006.727910032103,9665.34291491844,9341.384995113662,3137.608098414663,3137.608098414663,0.0,35248.172611532704,link,0.0,0.0,0.0,0.0,0.0,0.0,2.088423476042604,0.7936515589751655,1.2947719170674388,2.794385298185903,1.4996133811184644,1.2947719170674388,0
26.0,2.0,10.0,150.0,39799.09031594862,19727.656489472974,20071.433826475644,5432.50664953123,0.0,5432.50664953123,0.0,link,0.0,0.0,0.0,0.0,0.0,0.0,2.727394345598709,1.1206620486349548,1.6067322969637543,3.949708341743236,1.120662048634955,2.829046293108281,0
26.0,2.0,11.0,151.0,61239.02764165262,31319.794471237463,29919.23317041516,5527.098799836521,5527.098799836521,0.0,24120.7762535988,link,0.0,0.0,0.0,0.0,0.0,0.0,2.727394345598709,1.120662048634955,1.6067322969637543,3.970991575561926,2.3642592785981718,1.6067322969637543,0
27.0,2.0,11.0,152.0,68446.95855219441,33632.332120978645,34814.626431215765,4475.01586176286,0.0,4475.01586176286,0.0,link,0.0,0.0,0.0,0.0,0.0,0.0,3.528263311244222,1.5322077489676702,1.9960555622765517,4.535141880140865,1.5322077489676702,3.002934131173195,0
27.0,0.0,99.0,153.0,29715.95485159294,29715.95485159294,0.0,4959.050959781504,4959.050959781504,0.0,15398.281487957354,ra,0.0,-0.0,0.0,0.0,0.0,0.0,1.5322077489676702,1.5322077489676702,0.0,2.647994214918509,2.647994214918509,0.0,0
27.0,1.0,100.0,154.0,27462.225943179787,0.0,27462.225943179787,4427.600028969178,0.0,4427.600028969178,15788.230047158857,ra,1.0,0.0,1.0,0.8227868647468518,0.0,0.8227868647468518,1.8226324205053381,0.0,1.8226324205053381,1.9960555622765517,0.0,1.9960555622765517,1
27.0,2.0,107.0,155.0,39803.00077214074,18775.259985557448,21027.74078658329,8521.51974910427,4077.7617235109983,4443.758025593273,32030.585088502547,ra,1.0,1.0,0.0,0.08004024388845458,0.08004024388845458,0.0,3.4707810796653606,2.647994214918509,0.8227868647468518,5.3080827793253675,3.485450358820029,1.8226324205053381,1
27.0,0.0,111.0,156.0,14923.34787730996,14923.34787730996,0.0,3332.683703707982,3332.683703707982,0.0,51994.455333056,ra,0.0,-0.0,0.0,0.0,0.0,0.0,3.485450358820029,3.485450358820029,0.0,4.235304192154325,4.235304192154325,0.0,0
27.0,1.0,110.0,157.0,16064.78653282132,0.0,16064.78653282132,3656.830509986008,0.0,3656.830509986008,52217.78598274018,ra,0.0,0.0,-0.0,0.0,0.0,0.0,0.0,0.0,0.0,0.8227868647468518,0.0,0.8227868647468518,0
27.0,2.0,113.0,158.0,28115.732693263828,13396.479626617023,14719.253066646805,8182.361978154302,4151.774424898176,4030.5875532561263,80453.83595296173,ra,2.0,0.0,2.0,2.1852154057170745,0.16234548196542575,2.0228699237516485,5.351291916423345,4.235304192154325,1.1159877242690204,5.007107955790988,5.007107955790988,0.0,1
27.0,0.0,115.0,159.0,16210.1141141057,16210.1141141057,0.0,2741.8648075464444,2741.8648075464444,0.0,99290.1862589441,ra,0.0,-0.0,0.0,0.0,0.0,0.0,5.007107955790988,5.007107955790988,0.0,5.624027537488938,5.624027537488938,0.0,0
27.0,2.0,116.0,160.0,34177.78966749807,16266.79151473384,17910.998152764234,6377.116285600918,1294.989846913013,5082.126438687905,107271.26953267986,ra,3.0,3.0,0.0,7.791063949415538,5.915400253044366,1.875663696371172,7.4722005094243515,5.624027537488938,1.8481729719354139,1.1159877242690204,0.0,1.1159877242690204,1
27.0,2.0,15.0,161.0,39893.99999984566,18725.9999999336,21167.99999991206,3972.0067852374737,3972.0067852374737,0.0,128894.5131374644,link,0.0,0.0,0.0,0.0,0.0,0.0,1.8481729719354139,0.0,1.8481729719354139,2.7418744986138455,0.8937015266784316,1.8481729719354139,0
28.0,2.0,11.0,162.0,61992.2787513973,31725.31224782596,30266.96650357134,2390.702240646126,0.0,2390.702240646126,0.0,link,0.0,0.0,0.0,0.0,0.0,0.0,3.027863636643271,1.9447242917937813,1.0831393448494897,3.5657716407886495,1.9447242917937813,1.621047348994868,0
28.0,0.0,93.0,163.0,30439.224167938333,30439.224167938333,0.0,1072.7833528404256,1072.7833528404256,0.0,3445.559107155475,ra,0.0,0.0,0.0,0.0,0.0,0.0,1.9447242917937813,1.9447242917937813,0.0,2.1861005461828764,2.1861005461828764,0.0,0
28.0,0.0,95.0,164.0,18498.90877462081,18498.90877462081,0.0,3967.265746570001,3967.265746570001,0.0,21968.34571810977,ra,1.0,1.0,0.0,3.0787353391611263,3.0787353391611263,0.0,2.1861005461828764,2.1861005461828764,0.0,0.0,0.0,0.0,1
28.0,1.0,96.0,165.0,17419.186332491074,0.0,17419.186332491074,4813.95264377551,0.0,4813.95264377551,22264.116411144965,ra,0.0,0.0,-0.0,0.0,0.0,0.0,0.0,0.0,0.0,1.0831393448494897,0.0,1.0831393448494897,0
28.0,2.0,0.0,166.0,16044.983216716417,8425.399218263456,7619.583998452962,2682.96218463007,2682.96218463007,0.0,40879.27967798362,link,0.0,0.0,0.0,0.0,0.0,0.0,0.0,0.0,0.0,0.6036664915417658,0.6036664915417658,0.0,0
30.0,2.0,12.0,169.0,31173.00771278776,15334.689159172884,15838.318553614876,1373.022338283504,0.0,1373.022338283504,0.0,link,0.0,0.0,0.0,0.0,0.0,0.0,4.123795585841317,0.49485827904555457,3.6289373067957627,4.432725611955106,0.49485827904555457,3.9378673329095513,0
30.0,0.0,101.0,170.0,15342.168535706442,15342.168535706442,0.0,288.7002299566512,288.7002299566512,0.0,1882.30501330568,ra,0.0,-0.0,0.0,0.0,0.0,0.0,0.49485827904555457,0.49485827904555457,0.0,0.5598158307858011,0.5598158307858011,0.0,0
30.0,1.0,102.0,171.0,15008.380189154295,0.0,15008.380189154295,2426.954705703304,0.0,2426.954705703304,15325.375723611753,ra,0.0,0.0,0.0,0.0,0.0,0.0,3.0828724980125193,0.0,3.0828724980125193,3.6289373067957627,0.0,3.6289373067957627,0
30.0,0.0,103.0,172.0,14615.10439288337,14615.10439288337,0.0,2123.5391790607955,2123.5391790607955,0.0,15632.211521401772,ra,0.0,0.0,0.0,0.0,0.0,0.0,0.5598158307858011,0.5598158307858011,0.0,1.0376121460744803,1.0376121460744803,0.0,0
30.0,2.0,13.0,173.0,18934.390172572806,9143.138576923604,9791.251595649202,1268.116655371192,1268.116655371192,0.0,27311.590572612236,link,0.0,0.0,0.0,0.0,0.0,0.0,4.120484644087,1.0376121460744803,3.0828724980125193,4.405810891545518,1.3229383935329986,3.0828724980125193,0
31.0,2.0,12.0,174.0,61211.26177444921,30941.90070843765,30269.36106601156,584.8788313855799,0.0,584.8788313855799,0.0,link,0.0,0.0,0.0,0.0,0.0,0.0,3.0157402419137815,2.197254063107351,0.8184861788064307,3.1473379789755374,2.197254063107351,0.9500839158681862,0
31.0,1.0,106.0,175.0,29780.03490857172,0.0,29780.03490857172,3637.7163502508033,0.0,3637.7163502508033,10173.779430297054,ra,0.0,0.0,-0.0,0.0,0.0,0.0,3.469446951953614e-18,0.0,3.469446951953614e-18,0.8184861788064307,0.0,0.8184861788064307,0
31.0,0.0,105.0,176.0,30402.95414259374,30402.95414259374,0.0,3119.852058011688,3119.852058011688,0.0,10175.429354581129,ra,0.0,-0.0,0.0,0.0,0.0,0.0,2.197254063107351,2.197254063107351,0.0,2.899220776159981,2.899220776159981,0.0,0
31.0,2.0,109.0,177.0,62402.93424977723,31525.727911032645,30877.20633874459,6816.570463211742,3762.4191873927257,3054.1512758190165,22337.14837090233,ra,5.0,0.0,5.0,5.475872845856285,3.7457650933233437,1.7301077525329414,3.942144491633644,2.899220776159981,1.0429237154736628,3.469446951953614e-18,0.0,3.469446951953614e-18,1
31.0,2.0,14.0,178.0,62766.261417807065,31611.05780980601,31155.20360800105,595.148026243029,595.148026243029,0.0,24222.213413881997,link,0.0,0.0,0.0,0.0,0.0,0.0,1.0429237154736628,0.0,1.0429237154736628,1.1768320213783443,0.13390830590468153,1.0429237154736628,0
32.0,2.0,13.0,179.0,24034.000000000007,12223.000000000004,11811.000000000004,4986.624005231322,0.0,4986.624005231322,0.0,link,0.0,0.0,0.0,0.0,0.0,0.0,3.2838204903684707,1.3229383935329986,1.960882096835472,4.405810891545518,1.3229383935329986,3.0828724980125193,0
32.0,2.0,104.0,180.0,24034.000000001273,12223.000000000631,11811.000000000642,545.6198680000062,277.4865460000031,268.13332200000315,2270.21285318104,ra,1.0,1.0,0.0,1.3853728663829994,1.3853728663829994,0.0,3.22349049291847,1.3229383935329986,1.9005520993854714,1.960882096835472,0.0,1.960882096835472,1
32.0,2.0,16.0,181.0,35472.0,17897.0,17575.0,5106.43524839964,5106.43524839964,0.0,35413.56901786664,link,0.0,0.0,0.0,0.0,0.0,0.0,1.9005520993854714,0.0,1.9005520993854714,3.0495000302753903,1.148947930889919,1.9005520993854714,0
33.0,2.0,14.0,182.0,25491.39192820705,13297.332945790267,12194.058982416784,2901.9645133205213,0.0,2901.9645133205213,0.0,link,0.0,0.0,0.0,0.0,0.0,0.0,0.35683242558590583,0.35683242558590583,0.0,1.0097746393712166,0.35683262387409936,0.6529420154971173,0
33.0,2.0,0.0,183.0,27433.939184964896,13761.985453193762,13671.953731771133,3014.5666133482373,3014.5666133482373,0.0,22213.61178663945,link,0.0,0.0,0.0,0.0,0.0,0.0,0.35683262387409936,0.35683262387409936,0.0,1.0351105189759955,1.0351105189759955,0.0,0
34.0,2.0,14.0,184.0,40290.981728268656,40289.53408577645,1.4476424922008384,4807.99244961434,0.0,4807.99244961434,0.0,link,0.0,0.0,0.0,0.0,0.0,0.0,0.4688884339304829,0.46889045771797,-2.0237874870856025e-06,1.5506867350937097,0.46889045771797,1.0817962773757397,0
34.0,2.0,112.0,185.0,40084.67942148965,20069.25833080312,20015.421090686526,5879.593873458729,4738.491686036754,1141.1021874219755,14615.98862167376,ra,1.0,1.0,0.0,2.4265294027480384,1.5350510870762393,0.8914783156717991,1.1036187574323377,0.46889045771797,0.6347282997143677,-2.0237874870856025e-06,0.0,-2.0237874870856025e-06,1
34.0,0.0,120.0,186.0,19233.978995985926,19233.978995985926,0.0,2388.1873644993475,2388.1873644993475,0.0,26934.149163868184,ra,1.0,1.0,0.0,0.5373421570123532,0.5373421570123532,0.0,0.0,0.0,0.0,0.0,0.0,0.0,1
34.0,2.0,20.0,187.0,42848.93314386101,20473.58046065553,22375.352683205478,2247.134627658472,2247.134627658472,0.0,38220.85948462789,link,0.0,0.0,0.0,0.0,0.0,0.0,0.6347282997143677,0.0,0.6347282997143677,1.1403335909375238,0.5056052912231561,0.6347282997143677,0
35.0,2.0,0.0,188.0,13637.0,6766.0,6871.0,2412.026759499997,0.0,2412.026759499997,0.0,link,0.0,0.0,0.0,0.0,0.0,0.0,0.8758329044085074,0.0,0.8758329044085074,1.4185389252960066,0.0,1.4185389252960066,0
35.0,2.0,16.0,189.0,13637.0,6766.0,6871.0,2375.1670869999966,2375.1670869999966,0.0,35104.46295422166,link,0.0,0.0,0.0,0.0,0.0,0.0,0.8758329044085074,0.0,0.8758329044085074,1.4102454989835067,0.5344125945749992,0.8758329044085074,0
36.0,2.0,15.0,190.0,63592.0,31158.0,32434.0,1263.5151210000006,0.0,1263.5151210000006,0.0,link,0.0,0.0,0.0,0.0,0.0,0.0,3.3835977341714125,0.9363396504214696,2.4472580837499427,3.6678886363964125,0.9363396504214696,2.7315489859749427,0
36.0,0.0,121.0,191.0,31158.0,31158.0,0.0,1862.7498720000008,1862.7498720000008,0.0,5978.406282256154,ra,1.0,1.0,0.0,1.3554583716214699,1.3554583716214699,0.0,0.9363396504214696,0.9363396504214696,0.0,-6.861902024330428e-18,-6.861902024330428e-18,0.0,1
36.0,1.0,122.0,192.0,32434.0,0.0,32434.0,2232.9998150000006,0.0,2232.9998150000006,6884.764105769136,ra,0.0,0.0,-0.0,0.0,0.0,0.0,1.9448331253749431,0.0,1.9448331253749431,2.4472580837499427,0.0,2.4472580837499427,0
36.0,2.0,17.0,193.0,63592.0,31158.0,32434.0,1496.2071600000006,1496.2071600000006,0.0,10780.414990255447,link,0.0,0.0,0.0,0.0,0.0,0.0,1.9448331253749431,-6.861902024330428e-18,1.9448331253749431,2.2814797363749433,0.33664661100000015,1.9448331253749431,0
37.0,2.0,16.0,194.0,61280.64411621449,31014.17446373309,30266.469652481403,3075.322007033439,0.0,3075.322007033439,0.0,link,0.0,0.0,0.0,0.0,0.0,0.0,2.9644423307170173,1.2816826519852405,1.682759678731777,3.6563897822995415,1.2816826519852405,2.374707130314301,0
37.0,0.0,117.0,195.0,31188.918197802075,31188.918197802075,0.0,476.2646699717726,476.2646699717726,0.0,1531.6015518302704,ra,0.0,-0.0,0.0,0.0,0.0,0.0,1.2816826519852405,1.2816826519852405,0.0,1.3888422027288894,1.3888422027288894,0.0,0
37.0,2.0,18.0,196.0,64809.52507699492,32882.29003408458,31927.235042910343,2677.0230036732487,2677.0230036732487,0.0,9891.283544490125,link,0.0,0.0,0.0,0.0,0.0,0.0,3.0716018814606665,1.3888422027288894,1.682759678731777,3.6739320572871472,1.9911723785553703,1.682759678731777,0
38.0,2.0,17.0,197.0,73980.90840881804,36437.73642199968,37543.17198681836,8581.895963178365,0.0,8581.895963178365,0.0,link,0.0,0.0,0.0,0.0,0.0,0.0,0.8557311585468435,0.7837075841855241,0.07202357436131931,2.7866577502619756,0.7837075841855241,2.0029501660764515,0
38.0,1.0,118.0,198.0,38288.38488121995,0.0,38288.38488121995,3563.200636081027,0.0,3563.200636081027,5385.572941871728,ra,1.0,0.0,1.0,1.9134277667672137,0.0,1.9134277667672137,1.1837311980103018,0.0,1.1837311980103018,0.07202357436131931,0.0,0.07202357436131931,1
38.0,0.0,119.0,199.0,38355.566312925184,38355.566312925184,0.0,2619.00122524035,2619.00122524035,0.0,7097.786060466791,ra,0.0,0.0,0.0,0.0,0.0,0.0,0.7837075841855241,0.7837075841855241,0.0,1.3729828598646028,1.3729828598646028,0.0,0
38.0,1.0,123.0,200.0,41712.9401712972,0.0,41712.9401712972,2031.1114551113544,0.0,2031.1114551113544,14257.714169889843,ra,0.0,0.0,-0.0,0.0,0.0,0.0,0.7267311206102471,0.0,0.7267311206102471,1.1837311980103018,0.0,1.1837311980103018,0
38.0,0.0,124.0,201.0,40728.86630783911,40728.86630783911,0.0,2848.889850605756,2848.889850605756,0.0,14300.505499646226,ra,1.0,1.0,0.0,0.14100006885096344,0.14100006885096344,0.0,1.3729828598646028,1.3729828598646028,0.0,1.872983007399934,1.872983007399934,0.0,1
38.0,2.0,22.0,202.0,105896.44285789959,51540.438437961006,54356.004419938574,8230.021979980831,8230.021979980831,0.0,31585.43416751235,link,0.0,0.0,0.0,0.0,0.0,0.0,2.599714128010181,1.872983007399934,0.7267311206102471,4.4514690735058675,3.724737952895621,0.7267311206102471,0
39.0,2.0,17.0,203.0,25562.278853813234,12328.30028963884,13233.978564174393,1988.332963522788,0.0,1988.332963522788,0.0,link,0.0,0.0,0.0,0.0,0.0,0.0,1.175401117691278,0.6169160509999451,0.5584850666913329,1.6227760344839055,0.6169160509999451,1.0058599834839603,0
39.0,2.0,24.0,204.0,21529.452943652228,10591.584479212725,10937.868464439502,1897.3687907956744,1897.3687907956744,0.0,17071.72988124704,link,0.0,0.0,0.0,0.0,0.0,0.0,1.175401117691278,0.6169160509999451,0.5584850666913329,1.6023090956203045,1.0438240289289717,0.5584850666913329,0
40.0,2.0,18.0,205.0,25932.838407847834,12821.14586322636,13111.692544621475,1674.795944952231,0.0,1674.795944952231,0.0,link,0.0,0.0,0.0,0.0,0.0,0.0,1.4980433462829938,1.0822075971971343,0.4158357490858594,1.8748724338972456,1.0822075971971343,0.7926648367001113,0
40.0,2.0,26.0,206.0,22387.89451536771,11334.707010656924,11053.187504710784,1671.626697283136,1671.626697283136,0.0,13785.599210644326,link,0.0,0.0,0.0,0.0,0.0,0.0,1.4980433462829938,1.0822075971971343,0.4158357490858594,1.8741593531716996,1.45832360408584,0.4158357490858594,0
41.0,2.0,18.0,207.0,65100.064380541284,32409.67765592153,32690.38672461976,8031.948343872269,0.0,8031.948343872269,0.0,link,0.0,0.0,0.0,0.0,0.0,0.0,1.8260583166978306,1.8260583166978306,4.163336342344337e-17,3.6332466940690913,1.8260583166978306,1.8071883773712607,0
41.0,1.0,126.0,208.0,33015.8306660751,0.0,33015.8306660751,515.7447983857179,0.0,515.7447983857179,1570.6218936678245,ra,1.0,0.0,1.0,1.9277906937373126,0.0,1.9277906937373126,1.8117481141005263,0.0,1.8117481141005263,4.163336342344337e-17,0.0,4.163336342344337e-17,1
41.0,0.0,125.0,209.0,32828.808927873586,32828.808927873586,0.0,517.979810454405,517.979810454405,0.0,1588.999800427482,ra,1.0,1.0,0.0,1.9426037740500717,1.9426037740500717,0.0,1.8260583166978306,1.8260583166978306,0.0,0.0,0.0,0.0,1
41.0,2.0,25.0,210.0,107717.84336110209,52411.86349298975,55305.979868112336,8019.395375229603,8019.395375229603,0.0,19664.682517120145,link,0.0,0.0,0.0,0.0,0.0,0.0,1.8117481141005263,0.0,1.8117481141005263,3.6161120735271868,1.8043639594266605,1.8117481141005263,0
42.0,2.0,0.0,211.0,64323.0,34358.0,29965.000000000004,292.1437675,0.0,292.1437675,0.0,link,0.0,0.0,0.0,0.0,0.0,0.0,1.3384080310861934,0.0,1.3384080310861934,1.4041403787736935,0.0,1.4041403787736935,0
42.0,2.0,21.0,212.0,64323.0,34358.0,29965.0,334.9733210000001,334.9733210000001,0.0,974.9930872178356,link,0.0,0.0,0.0,0.0,0.0,0.0,1.3384080310861934,0.0,1.3384080310861934,1.4137770283111935,0.07536899722500003,1.3384080310861934,0
43.0,2.0,20.0,213.0,150198.49863614666,75767.44894346851,74431.04969267815,256.5387159589935,0.0,256.5387159589935,0.0,link,0.0,0.0,0.0,0.0,0.0,0.0,2.325460461033662,2.325460461033662,0.0,2.3831816721244357,2.325460461033662,0.05772121109077354,0
43.0,2.0,127.0,214.0,143910.62075712613,71622.8655725805,72287.75518454562,14695.550707760216,7361.674053195678,7333.876654564538,10005.69209126666,ra,2.0,0.0,2.0,10.026797892330368,3.9818371230026894,6.044960769327679,6.720298983084319,2.325460461033662,4.394838522050657,0.0,0.0,0.0,1
43.0,2.0,22.0,215.0,143835.3128743358,71573.22723597237,72262.08563836341,254.1351114407348,254.1351114407348,0.0,10360.675542503666,link,0.0,0.0,0.0,0.0,0.0,0.0,4.394838522050657,0.0,4.394838522050657,4.4520189221248225,0.05718040007416532,4.394838522050657,0
44.0,2.0,20.0,216.0,153959.0,74263.0,79696.0,3498.654400000002,0.0,3498.654400000002,0.0,link,0.0,0.0,0.0,0.0,0.0,0.0,2.643263855055832,0.41147148977397924,2.2317923652818528,3.4304610950558327,0.41147148977397924,3.0189896052818534,0
44.0,2.0,21.0,217.0,153959.0,74263.0,79696.0,3260.145700000001,3260.145700000001,0.0,4390.047146032249,link,0.0,0.0,0.0,0.0,0.0,0.0,2.643263855055832,0.41147148977397924,2.2317923652818528,3.376796637555832,1.1450042722739793,2.2317923652818528,0
45.0,2.0,20.0,218.0,62196.76002530598,32348.66402655705,29848.09599874893,1778.4316575225057,0.0,1778.4316575225057,0.0,link,0.0,0.0,0.0,0.0,0.0,0.0,0.6108029800163378,0.6108029800163377,1.1102230246251565e-16,1.0109501029589016,0.6108029800163377,0.40014712294256394,0
45.0,2.0,129.0,219.0,59803.760630072626,31496.773292559403,28306.987337513223,6019.401556958648,3144.575633708264,2874.8259232503847,9849.378972750012,ra,1.0,0.0,1.0,2.2504360068715847,0.9134813499984868,1.3369546568730977,1.3009218041580988,0.6108029800163377,0.6901188241417611,0.4048511476022103,0.4048511476022102,1.1102230246251565e-16,1
45.0,2.0,27.0,220.0,59265.836631097605,31619.71560399585,27646.121027101755,2008.7677610146968,2008.7677610146968,0.0,16227.553730454052,link,0.0,0.0,0.0,0.0,0.0,0.0,1.0949699717439714,0.4048511476022102,0.6901188241417611,1.5469427179722781,0.856823893830517,0.6901188241417611,0
46.0,2.0,21.0,221.0,122056.36331156333,58092.14471186193,63964.2185997014,6279.260644728073,0.0,6279.260644728073,0.0,link,0.0,0.0,0.0,0.0,0.0,0.0,2.5112859923132067,0.7871462552539782,1.7241397370592284,3.9241196373770233,0.7871462552539782,3.136973382123045,0
46.0,2.0,23.0,222.0,131872.70614633957,62497.919354533005,69374.78679180656,5678.044393759095,5678.044393759095,0.0,9404.55520736285,link,0.0,0.0,0.0,0.0,0.0,0.0,2.5112859923132067,0.7871462552539782,1.7241397370592284,3.788845980909003,2.0647062438497747,1.7241397370592284,0
47.0,2.0,22.0,223.0,38579.295537849815,18952.69215084102,19626.6033870088,1763.219166427337,0.0,1763.219166427337,0.0,link,0.0,0.0,0.0,0.0,0.0,0.0,2.3890872738951137,0.7230801483250733,1.6660071255700402,2.7858115863412642,0.7230801483250733,2.0627314380161907,0
47.0,2.0,128.0,224.0,35162.62482989687,17399.45971996509,17763.16510993178,7435.637995433931,3663.3854298437486,3772.2525655901823,19815.112780906624,ra,1.0,0.0,1.0,1.5807882117503504,1.5473418700399166,0.033446341710433876,1.5737767883477563,0.7230801483250733,0.850696640022683,1.6660071255700402,0.0,1.6660071255700402,1
47.0,2.0,28.0,225.0,35062.11998304022,16961.141448801816,18100.9785342384,1675.651535543216,1675.651535543216,0.0,29618.33132225415,link,0.0,0.0,0.0,0.0,0.0,0.0,0.850696640022683,0.0,0.850696640022683,1.2277182355199066,0.3770215954972236,0.850696640022683,0
48.0,2.0,24.0,226.0,16009.999934388854,7856.999966820751,8152.999967568103,2252.387938481718,0.0,2252.387938481718,0.0,link,0.0,0.0,0.0,0.0,0.0,0.0,0.6255104554398856,0.6255104554398856,0.0,1.132297741598272,0.6255104554398856,0.5067872861583865,0
48.0,2.0,0.0,227.0,10228.9496360124,5180.369177535584,5048.580458476815,2203.4039084147803,2203.4039084147803,0.0,34790.83034290512,link,0.0,0.0,0.0,0.0,0.0,0.0,0.6255104554398856,0.6255104554398856,0.0,1.121276334833211,1.121276334833211,0.0,0
50.0,2.0,23.0,230.0,167288.29083468003,89420.76920845687,77867.52162622314,2077.529087866036,0.0,2077.529087866036,0.0,link,0.0,0.0,0.0,0.0,0.0,0.0,3.6234835767472435,2.2402846658528666,1.383198910894377,4.0909276215171015,2.2402846658528666,1.8506429556642352,0
50.0,2.0,25.0,231.0,167733.1420677742,89424.56834914754,78308.57371862668,2379.090073396836,2379.090073396836,0.0,2660.513408818963,link,0.0,0.0,0.0,0.0,0.0,0.0,3.6234835767472435,2.2402846658528666,1.383198910894377,4.158778843261532,2.775579932367154,1.383198910894377,0
51.0,2.0,23.0,232.0,68004.42841151668,33685.47219088722,34318.956220629465,2606.4986391770226,0.0,2606.4986391770226,0.0,link,0.0,0.0,0.0,0.0,0.0,0.0,1.8023146113068007,1.169850800861773,0.6324638104450278,2.3887768051216307,1.169850800861773,1.218926004259858,0
51.0,0.0,130.0,233.0,33100.995903315394,33100.995903315394,0.0,783.1629546866914,783.1629546866914,0.0,2344.9972799662905,ra,3.0,3.0,0.0,0.7013698204816045,0.7013698204816045,0.0,1.169850800861773,1.169850800861773,0.0,0.6446926451846741,0.6446926451846741,0.0,1
51.0,2.0,27.0,234.0,64426.23565632764,31754.48892503164,32671.746731296,1762.794004348873,1762.794004348873,0.0,7784.588682143257,link,0.0,0.0,0.0,0.0,0.0,0.0,1.2771564556297017,0.6446926451846741,0.6324638104450278,1.6737851066081981,1.0413212961631704,0.6324638104450278,0
53.0,2.0,24.0,237.0,26623.0,13216.0,13407.000000000002,1301.209681500001,0.0,1301.209681500001,0.0,link,0.0,0.0,0.0,0.0,0.0,0.0,1.2044734278104965,0.9319306995520681,0.2725427282584283,1.4972456061479966,0.9319306995520681,0.5653149065959284,0
53.0,2.0,28.0,238.0,26623.0,13216.0,13407.0,1282.6722719999998,1282.6722719999998,0.0,9705.486491353968,link,0.0,0.0,0.0,0.0,0.0,0.0,1.2044734278104965,0.9319306995520681,0.2725427282584283,1.4930746890104962,1.220531960752068,0.2725427282584283,0
54.0,2.0,25.0,239.0,63790.74308365228,33602.55553767664,30188.187545975637,914.669079332492,0.0,914.669079332492,0.0,link,0.0,0.0,0.0,0.0,0.0,0.0,1.5907974096487218,1.5907974096487218,-5.551115123125783e-17,1.7965979524985325,1.5907974096487218,0.20580054284981064,0
54.0,2.0,131.0,240.0,33762.441558617626,17029.212737248363,16733.228821369263,7185.418002340216,3714.280971775646,3471.13703056457,14118.05957838652,ra,1.0,0.0,1.0,3.349001789649612,1.377493473747799,1.9715083159018127,2.7812998936735065,1.5907974096487218,1.1905024840247846,1.0490171545504432,1.0490171545504432,-5.551115123125783e-17,1
54.0,2.0,26.0,241.0,32484.774457444895,16371.354345937669,16113.420111507226,929.5714925260236,929.5714925260236,0.0,19751.672738570145,link,0.0,0.0,0.0,0.0,0.0,0.0,2.239519638575228,1.0490171545504432,1.1905024840247846,2.448673224393583,1.2581707403687983,1.1905024840247846,0
55.0,2.0,26.0,242.0,35611.19993600926,17306.49996896785,18304.699967041404,3651.9540270608895,0.0,3651.9540270608895,0.0,link,0.0,0.0,0.0,0.0,0.0,0.0,1.9318457674326943,1.9318457674326943,0.0,2.7535354235213942,1.9318457674326943,0.8216896560887,0
55.0,2.0,132.0,243.0,34335.6700861098,16687.900230609903,17647.769855499897,3806.716178738113,1850.014875297545,1956.701303440568,10714.232916978135,ra,5.0,0.0,5.0,2.78835690764877,2.3480991143746426,0.4402577932741278,1.9318457674326943,1.9318457674326943,0.0,0.0,0.0,0.0,1
55.0,2.0,0.0,244.0,9015.000278806967,4116.000142012323,4899.000136794644,3382.273931804988,3382.273931804988,0.0,47911.36687265736,link,0.0,0.0,0.0,0.0,0.0,0.0,0.0,0.0,0.0,0.7610116346561223,0.7610116346561223,0.0,0
56.0,2.0,27.0,245.0,67553.51728478492,34432.267085202984,33121.25019958193,2367.0237097169543,0.0,2367.0237097169543,0.0,link,0.0,0.0,0.0,0.0,0.0,0.0,1.1081428900932133,1.1081428900932133,0.0,1.640723224779528,1.1081428900932133,0.5325803346863147,0
56.0,1.0,134.0,246.0,28345.05378073905,0.0,28345.05378073905,1429.461201904893,0.0,1429.461201904893,14670.942506693847,ra,1.0,0.0,1.0,0.32162877042860094,0.0,0.32162877042860094,0.0,0.0,0.0,0.0,0.0,0.0,1
56.0,0.0,133.0,247.0,28758.648000424007,28758.648000424007,0.0,4635.222356187495,4635.222356187495,0.0,14715.488271793003,ra,0.0,-0.0,0.0,0.0,0.0,0.0,1.1081428900932133,1.1081428900932133,0.0,2.1510679202353997,2.1510679202353997,0.0,0
56.0,2.0,135.0,248.0,47006.10408228616,24072.8864014428,22933.21768084336,5972.3380643838445,1468.7067383505575,4503.631326033287,20490.182643268578,ra,4.0,4.0,0.0,4.301245678325921,2.481526936364275,1.8197187419616467,2.9574696138395566,2.1510679202353997,0.8064016936041569,0.0,0.0,0.0,1
56.0,2.0,29.0,249.0,45237.32656378552,23422.054813020965,21815.27175076456,2510.3156903599324,2510.3156903599324,0.0,31051.51115001564,link,0.0,0.0,0.0,0.0,0.0,0.0,0.8064016936041569,0.0,0.8064016936041569,1.3712227239351416,0.5648210303309847,0.8064016936041569,0
57.0,2.0,28.0,250.0,21608.0,10785.0,10823.000000000002,664.3049169999997,0.0,664.3049169999997,0.0,link,0.0,0.0,0.0,0.0,0.0,0.0,0.6237827942931804,0.6237827942931804,0.0,0.7732514006181803,0.6237827942931804,0.14946860632499995,0
57.0,2.0,0.0,251.0,21608.0,10785.000000000002,10823.0,661.972515,661.972515,0.0,6137.906286244384,link,0.0,0.0,0.0,0.0,0.0,0.0,0.6237827942931804,0.6237827942931804,0.0,0.7727266101681804,0.7727266101681804,0.0,0
59.0,2.0,29.0,254.0,41763.642422810655,21836.31144790283,19927.330974907825,64.19229876066692,0.0,64.19229876066692,0.0,link,0.0,0.0,0.0,0.0,0.0,0.0,1.4318615104530341,0.5838475283653883,0.8480139820876458,1.4463047776741842,0.5838475283653883,0.8624572493087959,0
59.0,0.0,137.0,255.0,11226.947197214342,11226.947197214342,0.0,4281.442654724177,4281.442654724177,0.0,25939.716113189967,ra,1.0,1.0,0.0,1.547172125678328,1.547172125678328,0.0,0.5838475283653883,0.5838475283653883,0.0,0.0,0.0,0.0,1
59.0,1.0,138.0,256.0,8142.41876965786,0.0,8142.41876965786,3768.951031500648,0.0,3768.951031500648,26235.491957639333,ra,0.0,0.0,-0.0,0.0,0.0,0.0,0.0,0.0,0.0,0.8480139820876458,0.0,0.8480139820876458,0
59.0,2.0,0.0,257.0,19030.167720862108,11064.89566740363,7965.272053458477,121.79539004601152,121.79539004601152,0.0,27032.750454879864,link,0.0,0.0,0.0,0.0,0.0,0.0,0.0,0.0,0.0,0.02740396276035259,0.02740396276035259,0.0,0
60.0,2.0,29.0,258.0,15204.999638753205,7325.999839362642,7878.999799390564,589.7618799510744,0.0,589.7618799510744,0.0,link,0.0,0.0,0.0,0.0,0.0,0.0,0.5476938031688726,0.3587096419140499,0.18898416125482267,0.6803902261578643,0.3587096419140499,0.3216805842438144,0
60.0,2.0,136.0,259.0,13825.298552554461,6712.4814864233695,7112.817066131092,1621.7030872016057,781.773481624616,839.9296055769897,10738.631570167296,ra,1.0,0.0,1.0,0.5346086752795886,0.5346086752795886,0.0,0.3587096419140499,0.3587096419140499,0.0,0.18898416125482267,0.0,0.18898416125482267,1
60.0,2.0,0.0,260.0,9900.001134069504,4967.000504292169,4933.000629777334,588.1442988228391,588.1442988228391,0.0,22135.2935483001,link,0.0,0.0,0.0,0.0,0.0,0.0,0.0,0.0,0.0,0.1323324672351388,0.1323324672351388,0.0,0
