Time of calculation: 20211222-204424; value of objective: 1518822.1969980458;  acc=2500;  ec=0.25;  e_tax=0.15;  cfix=7000;  cvar=17750;  eta=0.01;  mu=0.18;  i=
segment_id,dir,type_ID,POI_ID,traffic_flow,traffic_flow_0,traffic_flow_1,energy_demand,energy_demand_0,energy_demand_1,dist_along_segment,pois_type,pYi_dir,pYi_dir_0,pYi_dir_1,pE_charged,pE_charged_0,pE_charged_1,pE_input,pE_input_0,pE_input_1,pE_output,pE_output_0,pE_output_1,pXi
0.0,2.0,0.0,0.0,26540.63611205301,13243.023903864512,13297.612208188497,4423.921231438179,0.0,4423.921231438179,0.0,link,0.0,0.0,0.0,0.0,0.0,0.0,0.0,0.0,0.0,24.88455692683976,0.0,24.88455692683976,0
0.0,2.0,1.0,1.0,26594.77697992819,13269.441574912722,13325.335405015468,810.0039769207759,31.774775427221,778.2292014935549,239.71582410116363,ra,1.0,0.0,1.0,44.75927448203917,0.17873311177811813,44.58054137026105,40.2030021118598,0.0,40.2030021118598,0.0,0.0,0.0,1
0.0,2.0,0.0,2.0,45891.071384772644,24132.535484801192,21758.535899971448,10453.078391900737,5371.86342144895,5081.214970451788,24427.46216029796,ra,0.0,0.0,0.0,0.0,0.0,0.0,11.621167903068494,0.0,11.621167903068494,70.41973385751015,30.216731745650343,40.2030021118598,0
0.0,1.0,2.0,3.0,5594.606273434111,0.0,5594.606273434111,2065.9854049899545,0.0,2065.9854049899545,68504.60131061138,ra,0.0,0.0,0.0,0.0,0.0,0.0,-8.881784197001252e-16,0.0,-8.881784197001252e-16,11.621167903068494,0.0,11.621167903068494,0
0.0,0.0,3.0,4.0,4553.083889317481,4553.083889317481,0.0,7187.448325138304,7187.448325138304,0.0,79329.13749040988,ra,0.0,0.0,0.0,0.0,0.0,0.0,30.216731745650343,30.216731745650343,0.0,70.6461285745533,70.6461285745533,0.0,0
0.0,2.0,4.0,5.0,7895.539602766943,4645.32330643337,3250.2162963335736,2342.9750495919843,1038.6617908113935,1304.3132587805906,104473.7124161702,ra,3.0,3.0,0.0,150.0,73.34727731908949,76.65272268091051,139.962089174823,70.6461285745533,69.31596060026969,3.1413238287778915,3.1413238287778924,-8.881784197001252e-16,1
0.0,2.0,5.0,6.0,19815.36822147169,9562.72950758806,10252.63871388363,7959.026265117185,2076.9550358924675,5882.071229224718,133409.21035475997,ra,0.0,0.0,0.0,0.0,0.0,0.0,39.37063376465854,3.1413238287778924,36.22930993588065,84.14015650594271,14.82419590567302,69.31596060026969,0
0.0,2.0,6.0,7.0,38420.41317046725,19234.66349454688,19185.749675920368,10291.73164091456,4957.101208651553,5334.630432263007,173065.41379977632,ra,2.0,0.0,2.0,99.17811075221033,42.70789020433801,56.47022054787232,77.51643020794658,14.82419590567302,62.69223430227356,36.22930993588065,0.0,36.22930993588065,1
0.0,1.0,7.0,8.0,21229.45737990749,0.0,21229.45737990749,31.90719068892483,0.0,31.90719068892483,176940.22069628988,ra,0.0,0.0,0.0,0.0,0.0,0.0,62.51275635464836,0.0,62.51275635464836,62.69223430227356,0.0,62.69223430227356,0
0.0,2.0,0.0,9.0,50605.7308716768,25638.902393873523,24966.82847780328,5210.178551742356,5210.178551742356,0.0,194059.96494613093,link,0.0,0.0,0.0,0.0,0.0,0.0,62.51275635464836,0.0,62.51275635464836,91.8200107081991,29.30725435355075,62.51275635464836,0
1.0,2.0,0.0,10.0,41635.269674683135,21021.62675530025,20613.64291938288,39.776186500955454,0.0,39.776186500955454,0.0,link,0.0,0.0,0.0,0.0,0.0,0.0,82.4311879390139,53.41386603523518,29.01732190377872,82.65492898808178,53.41386603523518,29.241062952846594,0
1.0,2.0,8.0,11.0,39859.943598360216,20128.71002741653,19731.23357094369,2276.328443367862,1715.7273142405495,560.6011291273123,8218.215919324155,ra,0.0,0.0,0.0,0.0,0.0,0.0,79.27780658767277,53.41386603523518,25.863940552437587,92.08215408161699,63.06483217783828,29.01732190377872,0
1.0,0.0,9.0,12.0,15021.9786197919,15021.9786197919,0.0,1426.8426564048834,1426.8426564048834,0.0,16747.064047816148,ra,0.0,0.0,0.0,0.0,0.0,0.0,63.06483217783828,63.06483217783828,0.0,71.09082212011575,71.09082212011575,0.0,0
1.0,2.0,10.0,13.0,29629.27020666332,14994.151703987822,14635.1185026755,191.32891529796464,24.711112058686385,166.61780323927826,16911.740762175257,ra,0.0,0.0,0.0,0.0,0.0,0.0,96.0175375293324,71.09082212011575,24.926715409216648,97.09376267788345,71.22982212544586,25.863940552437587,0
1.0,2.0,14.0,14.0,23126.81664543996,11846.335117703364,11280.481527736596,2715.588968665061,1386.7595429137232,1328.829425751338,27721.26496153286,ra,0.0,0.0,0.0,0.0,0.0,0.0,88.68187201481123,71.22982212544586,17.452049889365373,103.95705996355221,79.03034455433556,24.926715409216648,0
1.0,1.0,13.0,15.0,11337.261932088282,0.0,11337.261932088282,1420.2485369302626,0.0,1420.2485369302626,29194.630965596883,ra,0.0,0.0,0.0,0.0,0.0,0.0,9.463151869132645,0.0,9.463151869132645,17.452049889365373,0.0,17.452049889365373,0
1.0,0.0,12.0,16.0,11885.52653584708,11885.52653584708,0.0,208.50481099773148,208.50481099773148,0.0,29478.47368022978,ra,0.0,0.0,0.0,0.0,0.0,0.0,79.03034455433556,79.03034455433556,0.0,80.20318411619779,80.20318411619779,0.0,0
1.0,0.0,15.0,17.0,11960.17018283512,11960.17018283512,0.0,465.471180470787,465.471180470787,0.0,33381.72336961185,ra,0.0,0.0,0.0,0.0,0.0,0.0,80.20318411619779,80.20318411619779,0.0,82.82145950634596,82.82145950634596,0.0,0
1.0,2.0,16.0,18.0,23460.93532657191,11970.385389125157,11490.549937446756,1768.6682817168698,86.33017164884411,1682.3381100680258,34103.26049306036,ra,2.0,2.0,0.0,83.30706672187071,83.30706672187071,0.0,82.82145950634596,82.82145950634596,0.0,9.463151869132645,0.0,9.463151869132645,1
1.0,2.0,0.0,19.0,23472.95328481904,11974.880939958675,11498.072344860364,41.43137038083431,41.43137038083431,0.0,34449.34645750041,link,0.0,0.0,0.0,0.0,0.0,0.0,0.0,0.0,0.0,0.233051458392193,0.233051458392193,0.0,0
2.0,2.0,0.0,20.0,68929.16895257494,33758.81379308793,35170.35515948701,2037.3044909279515,0.0,2037.3044909279515,0.0,link,0.0,0.0,0.0,0.0,0.0,0.0,115.65887816722449,34.87020542260401,80.78867274462047,127.1187159286942,34.87020542260401,92.2485105060902,0
2.0,1.0,11.0,21.0,34398.2821383792,0.0,34398.2821383792,0.1779942533838276,0.0,0.1779942533838276,2598.411645460739,ra,0.0,0.0,0.0,0.0,0.0,0.0,80.78767152694519,0.0,80.78767152694519,80.78867274462047,0.0,80.78867274462047,0
2.0,0.0,17.0,22.0,24285.97411997901,24285.97411997901,0.0,5629.753466227842,5629.753466227842,0.0,19826.030918871555,ra,0.0,0.0,0.0,0.0,0.0,0.0,34.87020542260401,34.87020542260401,0.0,66.5375686701356,66.5375686701356,0.0,0
2.0,1.0,18.0,23.0,24186.0911430872,0.0,24186.0911430872,4128.069297151063,0.0,4128.069297151063,19924.554475399083,ra,0.0,0.0,0.0,0.0,0.0,0.0,57.567281730470455,0.0,57.567281730470455,80.78767152694519,0.0,80.78767152694519,0
2.0,0.0,19.0,24.0,24395.8043620461,24395.8043620461,0.0,1107.9496170791724,1107.9496170791724,0.0,24376.283905318956,ra,0.0,0.0,0.0,0.0,0.0,0.0,66.5375686701356,66.5375686701356,0.0,72.76978526620594,72.76978526620594,0.0,0
2.0,0.0,20.0,25.0,18382.744960495544,18382.744960495544,0.0,3193.5958308596214,3193.5958308596214,0.0,38424.04808590371,ra,0.0,0.0,0.0,0.0,0.0,0.0,72.76978526620594,72.76978526620594,0.0,90.7337618147913,90.7337618147913,0.0,0
2.0,1.0,21.0,26.0,18491.613365488807,0.0,18491.613365488807,4453.992496188428,0.0,4453.992496188428,38987.68062551749,ra,0.0,0.0,0.0,0.0,0.0,0.0,32.51357393941054,0.0,32.51357393941054,57.567281730470455,0.0,57.567281730470455,0
2.0,2.0,22.0,27.0,37060.49951410931,18323.84940673533,18736.65010737398,9037.685965220891,4162.991831646682,4874.69413357421,60686.533174562566,ra,0.0,0.0,0.0,0.0,0.0,0.0,95.8271812528469,90.7337618147913,5.093419438055611,146.6641648072144,114.15059086780387,32.51357393941054,0
2.0,2.0,23.0,28.0,37058.90292655935,18323.112740357166,18735.790186202183,905.6708621966342,0.1740732089699103,905.4967889876642,60687.52230976862,ra,3.0,3.0,0.0,114.15157002960434,114.15157002960434,0.0,114.15059086780387,114.15059086780387,0.0,5.093419438055611,0.0,5.093419438055611,1
2.0,2.0,0.0,29.0,23931.60016336258,12393.941571693274,11537.658591669302,2066.8759536088314,2066.8759536088314,0.0,74788.45855603463,link,0.0,0.0,0.0,0.0,0.0,0.0,0.0,0.0,0.0,11.626177239049676,11.626177239049676,0.0,0
3.0,2.0,0.0,30.0,27844.0,14880.0,12964.0,276.638796,0.0,276.638796,0.0,link,0.0,0.0,0.0,0.0,0.0,0.0,0.0,0.0,0.0,1.5560932275000001,0.0,1.5560932275000001,0
3.0,0.0,24.0,31.0,14880.0,14880.0,0.0,43.31568,43.31568,0.0,291.13911748382634,ra,0.0,-0.0,0.0,0.0,0.0,0.0,0.0,0.0,0.0,0.2436507,0.2436507,0.0,0
3.0,1.0,25.0,32.0,12963.999999999998,0.0,12963.999999999998,50.78647,0.0,50.78647,391.7896627176565,ra,1.0,0.0,1.0,39.31390295650927,0.0,39.31390295650927,39.02822934398657,0.0,39.02822934398657,0.0,0.0,0.0,1
3.0,2.0,1.0,33.0,27844.0,14880.000000000002,12964.0,332.50104000000005,332.50104000000005,0.0,2525.7146416492456,link,0.0,0.0,0.0,0.0,0.0,0.0,39.27187984754339,0.2436507,39.028229147543385,41.14219839398657,2.11396905,39.02822934398657,0
4.0,2.0,1.0,34.0,59761.3086274698,30037.341974575906,29723.966652893894,2541.480423000085,0.0,2541.480423000085,0.0,link,0.0,0.0,0.0,0.0,0.0,0.0,61.003956104012985,31.403874318168924,29.600081785844065,75.29978283179014,31.40387366657059,43.89590916521954,0
4.0,1.0,29.0,35.0,19741.19620746718,0.0,19741.19620746718,941.1307808897812,0.0,941.1307808897812,27421.918402146952,ra,0.0,0.0,-0.0,0.0,0.0,0.0,24.30622114333903,0.0,24.30622114333903,29.600081785844065,0.0,29.600081785844065,0
4.0,0.0,28.0,36.0,20188.77400206591,20188.77400206591,0.0,6913.407817081132,6913.407817081132,0.0,27456.275537656256,ra,0.0,-0.0,0.0,0.0,0.0,0.0,31.40387366657059,31.40387366657059,0.0,70.2917930928071,70.2917930928071,0.0,0
4.0,2.0,31.0,37.0,24242.046721440067,16011.081415437498,8230.965306002568,10336.618270691582,5459.807289653861,4876.810981037721,57952.436449648114,ra,1.0,0.0,1.0,37.10691138849945,0.0,37.10691138849945,104.27286385630839,70.2917930928071,33.9810707635013,125.30943024044909,101.00320909711006,24.30622114333903,1
4.0,2.0,30.0,38.0,24222.436414627213,16010.688472387346,8211.747942239866,2097.1816748164333,3.698514594089785,2093.4831602223435,57975.56024030675,ra,0.0,-0.0,0.0,0.0,0.0,0.0,123.20843708436067,101.00320909711006,22.205227987250616,135.00508400520312,101.02401324170182,33.9810707635013,0
4.0,2.0,35.0,39.0,21337.90578167672,10925.606078379402,10412.299703297318,4724.821457700606,2596.3850909026173,2128.436366797988,78476.45534742385,ra,3.0,3.0,0.0,150.0,111.70982810957378,38.290171890426215,149.54695855613997,101.02401324170182,48.522945314438154,26.12407925570588,3.9188512684552634,22.205227987250616,1
4.0,0.0,40.0,40.0,10876.999998084551,10876.999998084551,0.0,1976.660743966538,1976.660743966538,0.0,96645.26673532616,ra,0.0,-0.0,0.0,0.0,0.0,0.0,3.9188512684552634,3.9188512684552634,0.0,15.03756795326704,15.03756795326704,0.0,0
4.0,1.0,41.0,41.0,10239.998724530997,0.0,10239.998724530997,1817.260584824645,0.0,1817.260584824645,99246.70723666706,ra,0.0,0.0,-0.0,0.0,0.0,0.0,38.300854524799526,0.0,38.300854524799526,48.522945314438154,0.0,48.522945314438154,0
4.0,2.0,42.0,42.0,15349.448623427987,7293.1561007636,8056.292522664386,2244.8438549829234,2242.944719983224,1.8991349996993472,124531.18468963404,ra,1.0,0.0,1.0,50.000000000000014,3.9188512684552643,46.08114873154475,99.40888857523802,15.03756795326704,84.37132062197098,62.03613525951694,23.73528073471741,38.300854524799526,1
4.0,2.0,45.0,43.0,29499.999782114108,14928.999812810407,14570.9999693037,9965.395457829238,4949.374190304771,5016.021267524467,160563.71538932095,ra,1.0,0.0,1.0,5.335769508162247,0.0,5.335769508162247,85.2272512350255,23.73528073471741,61.49197050030809,135.94683117715272,51.575510555181744,84.37132062197098,1
4.0,2.0,49.0,44.0,29501.249670962527,14929.610924790286,14571.63874617224,7771.3951170941245,964.2534476850196,6807.141669409105,167022.61670697512,ra,0.0,-0.0,0.0,0.0,0.0,0.0,74.77730916506361,51.575510555181744,23.20179860988187,118.49140669871807,56.999436198409974,61.49197050030809,0
4.0,2.0,2.0,45.0,37135.97924873808,18661.98985536135,18473.98939337673,2580.116572311374,2580.116572311374,0.0,182066.4548482201,link,0.0,0.0,0.0,0.0,0.0,0.0,80.20123480829184,56.999436198409974,23.20179860988187,94.71439052754332,71.51259191766145,23.20179860988187,0
5.0,2.0,1.0,46.0,68793.7826224039,33913.44536880647,34880.33725359744,3843.82209257494,0.0,3843.82209257494,0.0,link,0.0,0.0,0.0,0.0,0.0,0.0,68.5557346961184,32.87750482459266,35.67822987152575,90.1772348996781,32.87750482459266,57.299730075085435,0
5.0,1.0,26.0,47.0,36003.524001333615,0.0,36003.524001333615,3895.947466930393,0.0,3895.947466930393,10624.424038435742,ra,0.0,0.0,-0.0,0.0,0.0,0.0,13.763525370042293,0.0,13.763525370042293,35.67822987152575,0.0,35.67822987152575,0
5.0,0.0,27.0,48.0,32653.80091590929,32653.80091590929,0.0,4178.141771103933,4178.141771103933,0.0,12028.538687185455,ra,0.0,-0.0,0.0,0.0,0.0,0.0,32.87750482459266,32.87750482459266,0.0,56.37955228705229,56.37955228705229,0.0,0
5.0,2.0,32.0,49.0,33127.66797826424,16315.8916479239,16811.776330340337,9152.204545843142,5870.836452837575,3281.368093005566,39273.39357565199,ra,4.0,0.0,4.0,163.2384424014553,76.61615651832933,86.62228588312595,138.30766866866256,56.37955228705229,81.92811638161027,26.55037618597661,12.786850815934315,13.763525370042293,1
5.0,1.0,36.0,50.0,15728.354223345885,0.0,15728.354223345885,1275.7622080104995,0.0,1275.7622080104995,47330.36386477938,ra,0.0,0.0,-0.0,0.0,0.0,0.0,74.75195396155121,0.0,74.75195396155121,81.92811638161027,0.0,81.92811638161027,0
5.0,0.0,39.0,51.0,16181.036957810447,16181.036957810447,0.0,2402.71193975453,2402.71193975453,0.0,54808.46507060479,ra,0.0,-0.0,0.0,0.0,0.0,0.0,12.786850815934315,12.786850815934315,0.0,26.302105477053544,26.302105477053544,0.0,0
5.0,1.0,43.0,52.0,15425.054197747386,0.0,15425.054197747386,6550.9163885109065,0.0,6550.9163885109065,67696.58292643339,ra,0.0,0.0,-0.0,0.0,0.0,0.0,37.903049276177356,0.0,37.903049276177356,74.75195396155121,0.0,74.75195396155121,0
5.0,0.0,44.0,53.0,16743.940970134765,16743.940970134765,0.0,2188.52376611744,2188.52376611744,0.0,67916.71774036821,ra,0.0,-0.0,0.0,0.0,0.0,0.0,26.302105477053544,26.302105477053544,0.0,38.612551661464146,38.612551661464146,0.0,0
5.0,1.0,50.0,54.0,23926.865751230227,0.0,23926.865751230227,3865.032082238866,0.0,3865.032082238866,86150.64463711552,ra,1.0,0.0,1.0,49.99999999999999,0.0,49.99999999999999,66.16224381358371,0.0,66.16224381358371,37.903049276177356,0.0,37.903049276177356,1
5.0,0.0,51.0,55.0,23976.591723992253,23976.591723992253,0.0,3863.210440192499,3863.210440192499,0.0,86198.21188888987,ra,0.0,-0.0,0.0,0.0,0.0,0.0,38.612551661464146,38.612551661464146,0.0,60.34311038754696,60.34311038754696,0.0,0
5.0,2.0,4.0,56.0,48295.998738473485,24204.99925545633,24090.99948301716,3849.659028767285,3849.659028767285,0.0,102115.05106186114,link,0.0,0.0,0.0,0.0,0.0,0.0,126.50535420113067,60.34311038754696,66.16224381358371,148.15968623794663,81.99744242436293,66.16224381358371,0
6.0,2.0,0.0,57.0,17593.52882743976,9370.089853693322,8223.438973746437,3280.588971659345,0.0,3280.588971659345,0.0,link,0.0,0.0,0.0,0.0,0.0,0.0,0.0,0.0,0.0,18.45331296558382,0.0,18.45331296558382,0
6.0,0.0,34.0,58.0,9440.700126436834,9440.700126436834,0.0,115.62791616056612,115.62791616056612,0.0,1229.5619294335402,ra,0.0,-0.0,0.0,0.0,0.0,0.0,0.0,0.0,0.0,0.6504070284031844,0.6504070284031844,0.0,0
6.0,0.0,33.0,59.0,9685.754071387502,9685.754071387502,0.0,302.82244713524466,302.82244713524466,0.0,4398.318016945725,ra,0.0,0.0,0.0,0.0,0.0,0.0,0.6504070284031844,0.6504070284031844,0.0,2.3537832935389353,2.3537832935389353,0.0,0
6.0,1.0,38.0,60.0,13533.136089729269,0.0,13533.136089729269,3267.2679643300085,0.0,3267.2679643300085,19100.037855584003,ra,1.0,0.0,1.0,49.48525062607467,0.0,49.48525062607467,31.10686832671837,0.0,31.10686832671837,0.0,0.0,0.0,1
6.0,0.0,37.0,61.0,14150.210375121094,14150.210375121094,0.0,1803.67381185194,1803.67381185194,0.0,19123.313502380493,ra,0.0,-0.0,0.0,0.0,0.0,0.0,2.3537832935389353,2.3537832935389353,0.0,12.499448485206097,12.499448485206097,0.0,0
6.0,2.0,48.0,62.0,30972.88424037613,15986.27621540026,14986.608024975872,5468.198643546355,3421.909443445684,2046.2892001006717,42213.94659999393,ra,0.0,-0.0,0.0,0.0,0.0,0.0,32.095940061358185,12.499448485206097,19.59649157615209,62.85455743130644,31.74768910458807,31.10686832671837,0
6.0,2.0,3.0,63.0,43852.38298306345,22912.25382809093,20940.12915497252,3553.9006048965416,3553.9006048965416,0.0,60876.22424217983,link,0.0,0.0,0.0,0.0,0.0,0.0,51.34418068074016,31.74768910458807,19.59649157615209,71.3348715832832,51.73838000713111,19.59649157615209,0
7.0,2.0,0.0,64.0,11819.728833092571,5668.999528653672,6150.729304438899,2312.6327385691666,0.0,2312.6327385691666,0.0,link,0.0,0.0,0.0,0.0,0.0,0.0,4.614364446098307e-16,0.0,4.614364446098307e-16,13.008559154451563,0.0,13.008559154451563,0
7.0,2.0,46.0,65.0,16750.439961073742,8281.792263693602,8468.64769738014,443.91171562073237,439.3743632250341,4.537352395698317,6667.955447556553,ra,1.0,1.0,0.0,0.025522607225802574,0.0,0.025522607225802574,0.0,0.0,0.0,2.4714807931408167,2.4714807931408163,4.614364446098307e-16,1
7.0,2.0,47.0,66.0,16803.00194301874,8309.644744099518,8493.35719891922,469.008092957891,4.438227533612364,464.56986542427865,6721.474926778252,ra,1.0,0.0,1.0,45.918573240942216,2.496445823017386,43.42212741792483,43.28040271805408,2.4714807931408163,40.808921924913264,0.0,0.0,0.0,1
7.0,2.0,2.0,67.0,31479.264687684805,14962.675134733858,16516.589552950947,2176.386974618303,2176.386974618303,0.0,25294.541879356693,link,0.0,0.0,0.0,0.0,0.0,0.0,40.808921924913264,0.0,40.808921924913264,53.05109865714122,12.242176732227955,40.808921924913264,0
8.0,2.0,2.0,68.0,14782.369584642798,7482.847541600488,7299.522043042311,571.5351732524385,0.0,571.5351732524385,0.0,link,0.0,0.0,0.0,0.0,0.0,0.0,31.3143033169055,31.3143033169055,0.0,34.529188666450466,31.3143033169055,3.2148853495449665,0
8.0,2.0,52.0,69.0,9208.206367128356,4168.183876582084,5040.022490546272,1091.488655298786,530.5477835235342,560.9408717752517,9055.824498122218,ra,1.0,1.0,0.0,37.45392700296117,34.29863459922538,3.1552924037357903,31.3143033169055,31.3143033169055,0.0,0.0,0.0,0.0,1
8.0,2.0,0.0,70.0,9708.89067456805,5120.673657931851,4588.2170166362,557.603815055505,557.603815055505,0.0,21173.685305885127,link,0.0,0.0,0.0,0.0,0.0,0.0,0.0,0.0,0.0,3.136521459687216,3.136521459687216,0.0,0
9.0,2.0,2.0,71.0,31818.423136170015,16104.883545196824,15713.539590973189,3261.4825971182563,0.0,3261.4825971182563,0.0,link,0.0,0.0,0.0,0.0,0.0,0.0,49.91619582137919,29.95333278895156,19.962863032427627,68.26203543016938,29.95333278895156,38.30870264121781,0
9.0,2.0,55.0,72.0,36693.05587768159,18116.80864806472,18576.24722961687,5325.486521774037,2708.000893980142,2617.485627793895,15445.371783397328,ra,1.0,0.0,1.0,49.99999999999999,45.18583781758986,4.814162182410139,40.007001347448664,29.95333278895156,10.053668558497105,19.962863032427627,8.881784197001252e-16,19.962863032427627,1
9.0,2.0,7.0,73.0,31601.85426430268,15291.911788888328,16309.942475414353,3142.329967824336,3142.329967824336,0.0,33157.12684688381,link,0.0,0.0,0.0,0.0,0.0,0.0,10.053668558497105,8.881784197001252e-16,10.053668558497105,27.729274627508996,17.67560606901189,10.053668558497105,0
10.0,2.0,3.0,74.0,31606.669563938915,16070.547455207432,15536.122108731484,43.81406893215462,0.0,43.81406893215462,0.0,link,0.0,0.0,0.0,0.0,0.0,0.0,42.31004696064352,31.626143004658907,10.68390395598461,42.55650159957937,31.626143004658907,10.930358594920461,0
10.0,2.0,53.0,75.0,20482.292071415013,10386.965680851748,10095.326390563265,3859.9783717818373,1960.6175793947991,1899.3607923870384,14793.406531478646,ra,1.0,1.0,0.0,50.0,11.40595200453292,38.59404799546708,70.22019204943001,31.626143004658907,38.5940490447711,41.93256884020634,31.248664884221732,10.68390395598461,1
10.0,2.0,4.0,76.0,20473.61899569675,10382.534499411437,10091.084496285315,45.07964033000498,45.07964033000498,0.0,15227.535521101405,link,0.0,0.0,0.0,0.0,0.0,0.0,69.84271392899282,31.248664884221732,38.5940490447711,70.09628690584911,31.50223786107801,38.5940490447711,0
11.0,2.0,3.0,77.0,48420.054142922716,24599.82318293021,23820.230959992503,1269.8213138175106,0.0,1269.8213138175106,0.0,link,0.0,0.0,0.0,0.0,0.0,0.0,55.80870565812567,37.19877728479487,18.609928373330796,62.951450548349165,37.19877728479487,25.752673263554293,0
11.0,2.0,54.0,78.0,48814.99317229718,24295.434711773956,24519.55846052323,3388.4082292149897,1701.6312773650386,1686.7769518499513,6967.487148144968,ra,1.0,0.0,1.0,45.36343869457207,0.0,45.36343869457207,91.68402399854176,37.19877728479487,54.48524671374688,65.38038159330401,46.77045321997321,18.609928373330796,1
11.0,1.0,56.0,79.0,22284.926619444108,0.0,22284.926619444108,1685.094433220274,0.0,1685.094433220274,14053.388239050711,ra,0.0,0.0,-0.0,0.0,0.0,0.0,45.00659052688284,0.0,45.00659052688284,54.48524671374688,0.0,54.48524671374688,0
11.0,2.0,5.0,80.0,42919.8251598076,21285.35848456856,21634.466675239044,2910.8952617885475,2910.8952617885475,0.0,19878.69006465457,link,0.0,0.0,0.0,0.0,0.0,0.0,91.77704374685605,46.77045321997321,45.00659052688284,108.15082959441662,63.14423906753379,45.00659052688284,0
12.0,2.0,4.0,81.0,53131.67233206281,26537.18348117461,26594.4888508882,1562.324430007989,0.0,1562.324430007989,0.0,link,0.0,0.0,0.0,0.0,0.0,0.0,127.21663130608019,60.133422228488904,67.08320907759129,136.00470622487515,60.133422228488904,75.87128399638624,0
12.0,0.0,58.0,82.0,22288.895823895957,22288.895823895957,0.0,3364.25769729557,3364.25769729557,0.0,13722.635716121396,ra,1.0,1.0,0.0,22.1442805636071,22.1442805636071,0.0,60.133422228488904,60.133422228488904,0.0,56.9130912121694,56.9130912121694,0.0,1
12.0,1.0,57.0,83.0,22492.6689728353,0.0,22492.6689728353,3393.592303197099,0.0,3393.592303197099,13775.369179933106,ra,0.0,0.0,-0.0,0.0,0.0,0.0,47.99425237210761,0.0,47.99425237210761,67.08320907759129,0.0,67.08320907759129,0
12.0,2.0,5.0,84.0,44751.07719214048,22273.03927625819,22478.037915882287,1559.840879232986,1559.840879232986,0.0,20725.095833182608,link,0.0,0.0,0.0,0.0,0.0,0.0,104.90734358427702,56.9130912121694,47.99425237210761,113.68144852996255,65.68719615785494,47.99425237210761,0
13.0,2.0,4.0,85.0,25987.610544625633,13119.378445562592,12868.232099063043,1205.3834904693945,0.0,1205.3834904693945,0.0,link,0.0,0.0,0.0,0.0,0.0,0.0,66.20768220308759,48.73460676598068,17.47307543710691,72.98796433697794,48.73460676598068,24.253357570997252,0
13.0,2.0,59.0,86.0,13974.00634747334,7033.004117758563,6941.002229714777,6883.850493770728,3777.525971618388,3106.32452215234,36309.89528647439,ra,3.0,3.0,0.0,128.42016196302387,69.98319035633412,58.43697160668975,107.17157837267044,48.73460676598068,58.43697160668975,17.47307543710691,0.0,17.47307543710691,1
13.0,1.0,63.0,87.0,7362.494657393186,0.0,7362.494657393186,661.497609325267,0.0,661.497609325267,54986.89266391457,ra,0.0,0.0,-0.0,0.0,0.0,0.0,54.71604755423513,0.0,54.71604755423513,58.43697160668975,0.0,58.43697160668975,0
13.0,0.0,62.0,88.0,7963.314490087364,7963.314490087364,0.0,1395.6084792930023,1395.6084792930023,0.0,55258.29185590623,ra,0.0,-0.0,0.0,0.0,0.0,0.0,0.0,0.0,0.0,7.850297696023138,7.850297696023138,0.0,0
13.0,2.0,70.0,89.0,20915.585370117602,10623.723419117588,10291.861951000015,6679.2986941238505,3389.0040936651603,3290.29460045869,85720.88488710183,ra,0.0,-0.0,0.0,0.0,0.0,0.0,44.05843812267813,7.850297696023138,36.20814042665499,81.6294932771248,26.913445722889662,54.71604755423513,0
13.0,1.0,71.0,90.0,10312.666692975632,0.0,10312.666692975632,1325.8702777004075,0.0,1325.8702777004075,92148.0377185692,ra,0.0,0.0,-0.0,0.0,0.0,0.0,28.7501201145902,0.0,28.7501201145902,36.20814042665499,0.0,36.20814042665499,0
13.0,0.0,75.0,91.0,10865.41330620228,10865.41330620228,0.0,2225.2267853650983,2225.2267853650983,0.0,106351.19825280692,ra,0.0,-0.0,0.0,0.0,0.0,0.0,26.913445722889662,26.913445722889662,0.0,39.430346390568346,39.430346390568346,0.0,0
13.0,2.0,80.0,92.0,21769.313571554885,10924.77173173255,10844.541839822334,5231.405901354321,1587.860206417783,3643.5456949365375,121274.1282993086,ra,1.0,1.0,0.0,28.012986181760155,21.44861432877871,6.564371852981444,54.24989382412197,39.430346390568346,14.819547433553623,55.663565837479865,26.913445722889662,28.7501201145902,1
13.0,2.0,8.0,93.0,20326.83796736937,10049.65492309056,10277.18304427881,1199.9706688262263,1199.9706688262263,0.0,132616.96921985535,link,0.0,0.0,0.0,0.0,0.0,0.0,41.732993156443285,26.913445722889662,14.819547433553623,48.48282816859081,33.66328073503718,14.819547433553623,0
14.0,2.0,5.0,94.0,94497.82264774677,47019.26687675304,47478.55577099372,936.3425207579636,0.0,936.3425207579636,0.0,link,0.0,0.0,0.0,0.0,0.0,0.0,178.50582044634118,109.8016697260015,68.70415072033967,183.77274712560472,109.8016697260015,73.97107739960322,0
14.0,0.0,61.0,95.0,46935.18990316021,46935.18990316021,0.0,2174.788745042169,2174.788745042169,0.0,4629.482620571615,ra,1.0,1.0,0.0,33.164195555458654,33.164195555458654,0.0,109.8016697260015,109.8016697260015,0.0,88.87066086140506,88.87066086140506,0.0,1
14.0,1.0,60.0,96.0,47664.75200387175,0.0,47664.75200387175,2204.32457448694,0.0,2204.32457448694,4633.73189838993,ra,0.0,0.0,-0.0,0.0,0.0,0.0,56.30482498885062,0.0,56.30482498885062,68.70415072033967,0.0,68.70415072033967,0
14.0,2.0,6.0,97.0,94641.69117202783,46900.62074452682,47741.07042750101,922.9194205020584,922.9194205020584,0.0,6596.600389256655,link,0.0,0.0,0.0,0.0,0.0,0.0,145.17548585025568,88.87066086140506,56.30482498885062,150.36690759057976,94.06208260172913,56.30482498885062,0
15.0,2.0,6.0,98.0,75207.49134104664,44538.30191090561,30669.189430141025,1884.850151816533,0.0,1884.850151816533,0.0,link,0.0,0.0,0.0,0.0,0.0,0.0,114.70517655519095,78.0551276939433,36.65004886124764,125.30745865915895,78.0551276939433,47.25233096521564,0
15.0,1.0,64.0,99.0,16721.32745245393,0.0,16721.32745245393,6515.564241999581,0.0,6515.564241999581,25738.743223846097,ra,0.0,0.0,0.0,0.0,0.0,0.0,0.0,0.0,0.0,36.65004886124764,0.0,36.65004886124764,0
15.0,0.0,65.0,100.0,16271.068415411031,16271.068415411031,0.0,7891.47329091754,7891.47329091754,0.0,25740.902218562274,ra,3.0,3.0,0.0,122.44466495535445,122.44466495535445,0.0,78.0551276939433,78.0551276939433,0.0,0.0,0.0,0.0,1
15.0,2.0,0.0,101.0,10998.091984936455,5379.561945168664,5618.530039767791,1825.012570497084,1825.012570497084,0.0,48631.17855592899,link,0.0,0.0,0.0,0.0,0.0,0.0,0.0,0.0,0.0,10.265695709046097,10.265695709046097,0.0,0
16.0,2.0,6.0,102.0,79740.5667298025,40135.953102102525,39604.61362769997,2800.895581315986,0.0,2800.895581315986,0.0,link,0.0,0.0,0.0,0.0,0.0,0.0,109.62513256828342,66.16731554866834,43.45781701961507,125.38017021318583,66.16731554866834,59.212854664517494,0
16.0,1.0,66.0,103.0,29014.9759926702,0.0,29014.9759926702,4194.662066106028,0.0,4194.662066106028,12316.83855333374,ra,0.0,0.0,-0.0,0.0,0.0,0.0,19.86284354936702,0.0,19.86284354936702,43.45781701961507,0.0,43.45781701961507,0
16.0,0.0,67.0,104.0,29278.008085254503,29278.008085254503,0.0,4585.787822607259,4585.787822607259,0.0,12575.946688510528,ra,0.0,-0.0,0.0,0.0,0.0,0.0,66.16731554866834,66.16731554866834,0.0,91.96237205083418,91.96237205083418,0.0,0
16.0,0.0,72.0,105.0,28145.02656728497,28145.02656728497,0.0,3642.99524799985,3642.99524799985,0.0,25449.08031583349,ra,1.0,1.0,0.0,49.385494839888565,49.385494839888565,0.0,91.96237205083418,91.96237205083418,0.0,63.068725480944764,63.068725480944764,0.0,1
16.0,1.0,74.0,106.0,25731.855828829863,0.0,25731.855828829863,3150.32793358614,0.0,3150.32793358614,32933.75197391795,ra,0.0,0.0,-0.0,0.0,0.0,0.0,2.142248922944983,0.0,2.142248922944983,19.86284354936702,0.0,19.86284354936702,0
16.0,0.0,76.0,107.0,25418.722177742115,25418.722177742115,0.0,6370.068704760761,6370.068704760761,0.0,49497.46890143416,ra,1.0,1.0,0.0,50.0000000000001,50.0000000000001,0.0,63.068725480944764,63.068725480944764,0.0,48.900361945223935,48.900361945223935,0.0,1
16.0,1.0,77.0,108.0,25469.36930201462,0.0,25469.36930201462,3629.483350372933,0.0,3629.483350372933,49565.51842080065,ra,2.0,0.0,2.0,99.99999869680323,0.0,99.99999869680323,81.72640442549888,0.0,81.72640442549888,2.142248922944983,0.0,2.142248922944983,1
16.0,1.0,82.0,109.0,26935.54974771189,0.0,26935.54974771189,4731.076881969367,0.0,4731.076881969367,67595.96875209869,ra,0.0,0.0,-0.0,0.0,0.0,0.0,55.11409696442119,0.0,55.11409696442119,81.72640442549888,0.0,81.72640442549888,0
16.0,0.0,83.0,110.0,27462.47510980443,27462.47510980443,0.0,5057.102637456699,5057.102637456699,0.0,68666.07464325256,ra,0.0,-0.0,0.0,0.0,0.0,0.0,48.900361945223935,48.900361945223935,0.0,77.34656428091787,77.34656428091787,0.0,0
16.0,1.0,86.0,111.0,27163.152752819547,0.0,27163.152752819547,4196.376907454115,0.0,4196.376907454115,81021.89267340553,ra,0.0,0.0,-0.0,0.0,0.0,0.0,31.509476859991796,0.0,31.509476859991796,55.11409696442119,0.0,55.11409696442119,0
16.0,0.0,89.0,112.0,29187.99844762554,29187.99844762554,0.0,6653.928103269676,6653.928103269676,0.0,92123.37906601596,ra,0.0,-0.0,0.0,0.0,0.0,0.0,77.34656428091787,77.34656428091787,0.0,114.7749098618098,114.7749098618098,0.0,0
16.0,1.0,90.0,113.0,28376.998666581203,0.0,28376.998666581203,5601.684775109653,0.0,5601.684775109653,92203.5095301381,ra,0.0,0.0,-0.0,0.0,0.0,0.0,0.0,0.0,0.0,31.509476859991796,0.0,31.509476859991796,0
16.0,2.0,94.0,114.0,71124.20344709541,35553.82790120941,35570.375545886,8755.239718801102,4299.63877333859,4455.600945462512,106046.11656904333,ra,5.0,0.0,5.0,226.44738995622257,138.96037796183938,87.48701199438318,177.19916653796636,114.7749098618098,62.42425667615657,0.0,0.0,0.0,1
16.0,2.0,12.0,115.0,71147.99996754559,35564.99998476318,35582.99998278241,2799.48715587504,2799.48715587504,0.0,113917.81076099534,link,0.0,0.0,0.0,0.0,0.0,0.0,62.42425667615657,0.0,62.42425667615657,78.17137192795367,15.7471152517971,62.42425667615657,0
18.0,2.0,7.0,118.0,26949.99999999783,13587.999999998794,13361.999999999038,1262.350888686173,0.0,1262.350888686173,0.0,link,0.0,0.0,0.0,0.0,0.0,0.0,14.940794044931184,14.940794044931184,0.0,22.04151779379091,14.940794044931184,7.100723748859723,0
18.0,0.0,68.0,119.0,13587.918618998609,13587.918618998609,0.0,1673.7828719547792,1673.7828719547792,0.0,12318.138045343778,ra,0.0,0.0,0.0,0.0,0.0,0.0,14.940794044931184,14.940794044931184,0.0,24.35582269967682,24.35582269967682,0.0,0
18.0,1.0,69.0,120.0,13361.93226547554,0.0,13361.93226547554,3620.13302138755,0.0,3620.13302138755,12346.305678813724,ra,1.0,0.0,1.0,40.2361428264668,0.0,40.2361428264668,19.87289458116183,0.0,19.87289458116183,0.0,0.0,0.0,1
18.0,2.0,73.0,121.0,21133.145613699366,10354.073130248858,10779.072483450507,3099.0639764514967,1773.464093458567,1325.5998829929297,27186.329383912336,ra,0.0,-0.0,0.0,0.0,0.0,0.0,36.77221793900342,24.35582269967682,12.416395239326599,54.20445280654309,34.33155822538126,19.87289458116183,0
18.0,2.0,81.0,122.0,17024.72901544851,8263.2955761644,8761.433439284106,10407.127018587838,5132.593422062407,5274.533596525431,76811.9776614867,ra,2.0,0.0,2.0,100.0,34.33155822538126,65.66844177461874,82.74714375887106,34.33155822538126,48.415585533489796,41.28723323842764,28.87083799910104,12.416395239326599,1
18.0,0.0,84.0,123.0,7912.197813125354,7912.197813125354,0.0,1219.9477727403696,1219.9477727403696,0.0,91803.7907317536,ra,0.0,-0.0,0.0,0.0,0.0,0.0,28.87083799910104,28.87083799910104,0.0,35.73304422076562,35.73304422076562,0.0,0
18.0,1.0,85.0,124.0,8875.838788593739,0.0,8875.838788593739,1785.784923800428,0.0,1785.784923800428,91872.46119703975,ra,0.0,0.0,-0.0,0.0,0.0,0.0,38.37054533711238,0.0,38.37054533711238,48.415585533489796,0.0,48.415585533489796,0
18.0,2.0,92.0,125.0,47292.93717996864,22515.08265535503,24777.854524613613,4754.452437208462,3104.7402940346988,1649.7121431737628,121334.73270596893,ra,1.0,0.0,1.0,33.34303014480654,24.32637037560976,9.016659769196782,73.84061852172238,35.73304422076562,38.10757430095675,67.24138333621343,28.87083799910104,38.37054533711238,1
18.0,2.0,11.0,126.0,53098.00276723388,24816.36422563914,28281.638541594737,1125.0783643967968,1125.0783643967968,0.0,126075.53174156268,link,0.0,0.0,0.0,0.0,0.0,0.0,66.97841230005778,28.87083799910104,38.10757430095675,73.30697809978977,35.199403798833025,38.10757430095675,0
19.0,2.0,7.0,127.0,19888.0,9830.0,10058.0,1832.5223390000008,0.0,1832.5223390000008,0.0,link,0.0,0.0,0.0,0.0,0.0,0.0,10.089805371318329,10.089805371318329,0.0,20.39774352819333,10.089805371318329,10.307938156875004,0
19.0,2.0,0.0,128.0,19888.0,9830.0,10058.0,1790.9817650000002,1790.9817650000002,0.0,18219.57712193098,link,0.0,0.0,0.0,0.0,0.0,0.0,10.089805371318329,10.089805371318329,0.0,20.16407779944333,20.16407779944333,0.0,0
20.0,2.0,0.0,129.0,19481.000344743796,9701.000199905127,9780.000144838668,1585.946802063634,0.0,1585.946802063634,0.0,link,0.0,0.0,0.0,0.0,0.0,0.0,0.0,0.0,0.0,8.920950761607942,0.0,8.920950761607942,0
20.0,0.0,78.0,130.0,10133.998910338903,10133.998910338903,0.0,2201.810828978947,2201.810828978947,0.0,22308.899934453435,ra,1.0,1.0,0.0,12.385185913006577,12.385185913006577,0.0,0.0,0.0,0.0,0.0,0.0,0.0,1
20.0,1.0,79.0,131.0,10094.12847263898,0.0,10094.12847263898,2214.6793271343668,0.0,2214.6793271343668,22364.44986396924,ra,1.0,0.0,1.0,41.96747955214471,0.0,41.96747955214471,29.509908337013886,0.0,29.509908337013886,0.0,0.0,0.0,1
20.0,2.0,8.0,132.0,21962.97969081701,10983.990050020308,10978.989640796704,1594.243979477348,1594.243979477348,0.0,37253.22848420508,link,0.0,0.0,0.0,0.0,0.0,0.0,29.509908337013886,0.0,29.509908337013886,38.47753072157397,8.96762238456008,29.509908337013886,0
21.0,2.0,8.0,133.0,21649.000000000102,11074.000000000044,10575.00000000006,371.5843359997804,0.0,371.5843359997804,0.0,link,0.0,0.0,0.0,0.0,0.0,0.0,22.69868177070587,22.69868177070587,0.0,24.788843660704636,22.69868177070587,2.090161889998765,0
21.0,2.0,87.0,134.0,23288.999999928543,11776.999999969368,11511.999999959173,6542.587792704876,3329.21173105459,3213.376061650286,29246.642192588224,ra,2.0,2.0,0.0,88.0281037630944,20.314129373689845,67.71397438940457,72.33741581332758,22.69868177070587,49.63873404262171,21.11136838419809,21.11136838419809,0.0,1
21.0,2.0,10.0,135.0,23288.99999999982,11776.999999999924,11511.999999999898,380.1380059998352,380.1380059998352,0.0,32474.473610155062,link,0.0,0.0,0.0,0.0,0.0,0.0,70.7501024268198,21.11136838419809,49.63873404262171,72.88837871056887,23.249644667947162,49.63873404262171,0
22.0,2.0,8.0,136.0,18089.34980232114,9293.63667702267,8795.71312529847,2541.603617777336,0.0,2541.603617777336,0.0,link,0.0,0.0,0.0,0.0,0.0,0.0,30.02751872801032,11.008483273165242,19.019035454845078,44.324039078007836,11.008483273165242,33.315555804842596,0
22.0,2.0,9.0,137.0,22551.759921439094,11229.492180860212,11322.267740578884,2598.6403059127283,2598.6403059127283,0.0,25496.14409205573,link,0.0,0.0,0.0,0.0,0.0,0.0,30.02751872801032,11.008483273165242,19.019035454845078,44.64487044876942,25.62583499392434,19.019035454845078,0
24.0,2.0,9.0,140.0,25786.108144857673,12922.607317501452,12863.500827356223,310.22506737586025,0.0,310.22506737586025,0.0,link,0.0,0.0,0.0,0.0,0.0,0.0,56.92580453847036,45.04041748854091,11.885387049929452,58.67082054245958,45.04041748854091,13.630403053918666,0
24.0,0.0,88.0,141.0,12911.612953719838,12911.612953719838,0.0,904.5214863572012,904.5214863572012,0.0,7001.124876882881,ra,1.0,1.0,0.0,10.060550307213818,10.060550307213818,0.0,45.04041748854091,45.04041748854091,0.0,40.067800542086346,40.067800542086346,0.0,1
24.0,1.0,91.0,142.0,12797.695040407143,0.0,12797.695040407143,2112.957697765236,0.0,2112.957697765236,10447.761196686972,ra,0.0,0.0,-0.0,0.0,0.0,0.0,0.0,0.0,0.0,11.885387049929452,0.0,11.885387049929452,0
24.0,0.0,97.0,143.0,9570.738932827611,9570.738932827611,0.0,2755.7730122650837,2755.7730122650837,0.0,30840.569189513222,ra,0.0,-0.0,0.0,0.0,0.0,0.0,40.067800542086346,40.067800542086346,0.0,55.56902373607744,55.56902373607744,0.0,0
24.0,1.0,98.0,144.0,9946.426208887748,0.0,9946.426208887748,2231.335725475766,0.0,2231.335725475766,30857.334061915197,ra,1.0,0.0,1.0,24.6741975663385,0.0,24.6741975663385,12.122934110537315,0.0,12.122934110537315,0.0,0.0,0.0,1
24.0,2.0,108.0,145.0,15887.706151607494,7870.705730584929,8017.000421022563,4501.986650504175,2168.389585344796,2333.5970651593784,55766.14861335632,ra,2.0,0.0,2.0,94.45816143329293,41.87919167763161,52.578969755661326,107.14444411075458,55.56902373607744,51.57542037467714,38.00995758654763,25.887023476010313,12.122934110537315,1
24.0,2.0,114.0,146.0,28294.020698251785,14163.55043686688,14130.470261384906,3453.816952067228,2111.307602382169,1342.5093496850593,76000.7341358558,ra,1.0,0.0,1.0,49.66782587477792,24.073296680964177,25.594529193813738,95.50535795252273,25.887023476010313,69.61833447651242,65.26525243312298,13.689832058445838,51.57542037467714,1
24.0,2.0,15.0,147.0,28738.67135022459,14383.312343962509,14355.35900626208,310.87767950128045,310.87767950128045,0.0,78175.47480337396,link,0.0,0.0,0.0,0.0,0.0,0.0,83.30816653495825,13.689832058445838,69.61833447651242,85.05685348215296,15.43851900564054,69.61833447651242,0
25.0,2.0,9.0,148.0,18444.994544675952,9036.997526482091,9407.99701819386,3162.573978652046,0.0,3162.573978652046,0.0,link,0.0,0.0,0.0,0.0,0.0,0.0,41.268098616587196,14.270079241785758,26.998019374801437,59.05757724650494,14.270079241785758,44.78749800471918,0
25.0,2.0,10.0,149.0,19006.727910032103,9665.34291491844,9341.384995113662,3137.608098414663,3137.608098414663,0.0,35248.172611532704,link,0.0,0.0,0.0,0.0,0.0,0.0,41.268098616587196,14.270079241785758,26.998019374801437,58.91714417016968,31.919124795368237,26.998019374801437,0
26.0,2.0,10.0,150.0,39799.09031594862,19727.656489472974,20071.433826475644,5432.50664953123,0.0,5432.50664953123,0.0,link,0.0,0.0,0.0,0.0,0.0,0.0,68.19217852129309,37.53881629635161,30.653362224941475,98.75002842490625,37.53881629635161,61.21121212855464,0
26.0,2.0,11.0,151.0,61239.02764165262,31319.794471237463,29919.23317041516,5527.098799836521,5527.098799836521,0.0,24120.7762535988,link,0.0,0.0,0.0,0.0,0.0,0.0,68.19217852129309,37.53881629635161,30.653362224941475,99.28210927037352,68.62874704543205,30.653362224941475,0
27.0,2.0,11.0,152.0,68446.95855219441,33632.332120978645,34814.626431215765,4475.01586176286,0.0,4475.01586176286,0.0,link,0.0,0.0,0.0,0.0,0.0,0.0,61.20483842443673,40.63516680576543,20.569671618671297,86.37680264685281,40.63516680576543,45.74163584108739,0
27.0,0.0,99.0,153.0,29715.95485159294,29715.95485159294,0.0,4959.050959781504,4959.050959781504,0.0,15398.281487957354,ra,1.0,1.0,0.0,12.118397320447936,12.118397320447936,0.0,40.63516680576543,40.63516680576543,0.0,56.41143113408845,56.41143113408845,0.0,1
27.0,1.0,100.0,154.0,27462.225943179787,0.0,27462.225943179787,4427.600028969178,0.0,4427.600028969178,15788.230047158857,ra,1.0,0.0,1.0,49.901389056913786,0.0,49.901389056913786,45.56581051263346,0.0,45.56581051263346,20.569671618671297,0.0,20.569671618671297,1
27.0,2.0,107.0,155.0,39803.00077214074,18775.259985557448,21027.74078658329,8521.51974910427,4077.7617235109983,4443.758025593273,32030.585088502547,ra,1.0,1.0,0.0,36.65834299862272,31.715778083117925,4.942564915504798,81.92366766826454,56.41143113408845,25.512236534176093,93.19887325835336,47.63306274571989,45.56581051263346,1
27.0,0.0,111.0,156.0,14923.34787730996,14923.34787730996,0.0,3332.683703707982,3332.683703707982,0.0,51994.455333056,ra,0.0,-0.0,0.0,0.0,0.0,0.0,47.63306274571989,47.63306274571989,0.0,66.3794085790773,66.3794085790773,0.0,0
27.0,1.0,110.0,157.0,16064.78653282132,0.0,16064.78653282132,3656.830509986008,0.0,3656.830509986008,52217.78598274018,ra,0.0,0.0,-0.0,0.0,0.0,0.0,4.942564915504798,0.0,4.942564915504798,25.512236534176093,0.0,25.512236534176093,0
27.0,2.0,113.0,158.0,28115.732693263828,13396.479626617023,14719.253066646805,8182.361978154302,4151.774424898176,4030.5875532561263,80453.83595296173,ra,3.0,0.0,3.0,135.67430992021815,49.03085548870965,86.64345443150852,135.2933729390249,66.3794085790773,68.9139643599476,45.64484849432633,40.702283578821536,4.942564915504798,1
27.0,0.0,115.0,159.0,16210.1141141057,16210.1141141057,0.0,2741.8648075464444,2741.8648075464444,0.0,99290.1862589441,ra,0.0,-0.0,0.0,0.0,0.0,0.0,40.702283578821536,40.702283578821536,0.0,56.12527312127028,56.12527312127028,0.0,0
27.0,2.0,116.0,160.0,34177.78966749807,16266.79151473384,17910.998152764234,6377.116285600918,1294.989846913013,5082.126438687905,107271.26953267986,ra,1.0,0.0,1.0,5.538095115477288,0.0,5.538095115477288,101.9903713790757,56.12527312127028,45.86509825780542,132.32355537010358,63.40959101015598,68.9139643599476,1
27.0,2.0,15.0,161.0,39893.99999984566,18725.9999999336,21167.99999991206,3972.0067852374737,3972.0067852374737,0.0,128894.5131374644,link,0.0,0.0,0.0,0.0,0.0,0.0,109.2746892679614,63.40959101015598,45.86509825780542,131.6172274349222,85.75212917711677,45.86509825780542,0
28.0,2.0,11.0,162.0,61992.2787513973,31725.31224782596,30266.96650357134,2390.702240646126,0.0,2390.702240646126,0.0,link,0.0,0.0,0.0,0.0,0.0,0.0,49.82266080146673,49.82266080146673,0.0,63.27036090510119,49.82266080146673,13.44770010363446,0
28.0,0.0,93.0,163.0,30439.224167938333,30439.224167938333,0.0,1072.7833528404256,1072.7833528404256,0.0,3445.559107155475,ra,0.0,-0.0,0.0,0.0,0.0,0.0,49.82266080146673,49.82266080146673,0.0,55.857067161194124,55.857067161194124,0.0,0
28.0,0.0,95.0,164.0,18498.90877462081,18498.90877462081,0.0,3967.265746570001,3967.265746570001,0.0,21968.34571810977,ra,2.0,2.0,0.0,78.17293698565037,78.17293698565037,0.0,55.857067161194124,55.857067161194124,0.0,0.0,0.0,0.0,1
28.0,1.0,96.0,165.0,17419.186332491074,0.0,17419.186332491074,4813.95264377551,0.0,4813.95264377551,22264.116411144965,ra,1.0,0.0,1.0,27.078483621237243,0.0,27.078483621237243,0.0,0.0,0.0,0.0,0.0,0.0,1
28.0,2.0,0.0,166.0,16044.983216716417,8425.399218263456,7619.583998452962,2682.96218463007,2682.96218463007,0.0,40879.27967798362,link,0.0,0.0,0.0,0.0,0.0,0.0,0.0,0.0,0.0,15.091662288544144,15.091662288544144,0.0,0
30.0,2.0,12.0,169.0,31173.00771278776,15334.689159172884,15838.318553614876,1373.022338283504,0.0,1373.022338283504,0.0,link,0.0,0.0,0.0,0.0,0.0,0.0,87.72921130560727,12.371456976138866,75.35775432946839,95.45246195845198,12.371456976138866,83.08100498231312,0
30.0,0.0,101.0,170.0,15342.168535706442,15342.168535706442,0.0,288.7002299566512,288.7002299566512,0.0,1882.30501330568,ra,0.0,-0.0,0.0,0.0,0.0,0.0,12.371456976138866,12.371456976138866,0.0,13.995395769645029,13.995395769645029,0.0,0
30.0,1.0,102.0,171.0,15008.380189154295,0.0,15008.380189154295,2426.954705703304,0.0,2426.954705703304,15325.375723611753,ra,0.0,0.0,-0.0,0.0,0.0,0.0,61.706134109887316,0.0,61.706134109887316,75.35775432946839,0.0,75.35775432946839,0
30.0,0.0,103.0,172.0,14615.10439288337,14615.10439288337,0.0,2123.5391790607955,2123.5391790607955,0.0,15632.211521401772,ra,0.0,-0.0,0.0,0.0,0.0,0.0,13.995395769645029,13.995395769645029,0.0,25.940303651862003,25.940303651862003,0.0,0
30.0,2.0,13.0,173.0,18934.390172572806,9143.138576923604,9791.251595649202,1268.116655371192,1268.116655371192,0.0,27311.590572612236,link,0.0,0.0,0.0,0.0,0.0,0.0,87.64643776174933,25.940303651862003,61.706134109887316,94.77959394821228,33.073459838324965,61.706134109887316,0
31.0,2.0,12.0,174.0,61211.26177444921,30941.90070843765,30269.36106601156,584.8788313855799,0.0,584.8788313855799,0.0,link,0.0,0.0,0.0,0.0,0.0,0.0,68.24665894868019,47.78450447851942,20.46215447016077,71.53660237522408,47.78450447851942,23.752097896704655,0
31.0,1.0,106.0,175.0,29780.03490857172,0.0,29780.03490857172,3637.7163502508033,0.0,3637.7163502508033,10173.779430297054,ra,0.0,0.0,-0.0,0.0,0.0,0.0,0.0,0.0,0.0,20.46215447016077,0.0,20.46215447016077,0
31.0,0.0,105.0,176.0,30402.95414259374,30402.95414259374,0.0,3119.852058011688,3119.852058011688,0.0,10175.429354581129,ra,0.0,-0.0,0.0,0.0,0.0,0.0,47.78450447851942,47.78450447851942,0.0,65.33367230483516,65.33367230483516,0.0,0
31.0,2.0,109.0,177.0,62402.93424977723,31525.727911032645,30877.20633874459,6816.570463211742,3762.4191873927257,3054.1512758190165,22337.14837090233,ra,3.0,0.0,3.0,129.75000950726155,86.49728023391926,43.2527292733423,91.40680065169549,65.33367230483516,26.07312834686033,0.0,0.0,0.0,1
31.0,2.0,14.0,178.0,62766.261417807065,31611.05780980601,31155.20360800105,595.148026243029,595.148026243029,0.0,24222.213413881997,link,0.0,0.0,0.0,0.0,0.0,0.0,26.07312834686033,0.0,26.07312834686033,29.42083599447737,3.3477076476170384,26.07312834686033,0
32.0,2.0,13.0,179.0,24034.000000000007,12223.000000000004,11811.000000000004,4986.624005231322,0.0,4986.624005231322,0.0,link,0.0,0.0,0.0,0.0,0.0,0.0,66.7298339187861,33.073459838324965,33.656374080461134,94.77959394821228,33.073459838324965,61.706134109887316,0
32.0,2.0,104.0,180.0,24034.000000001273,12223.000000000631,11811.000000000642,545.6198680000062,277.4865460000031,268.13332200000315,2270.21285318104,ra,1.0,1.0,0.0,50.00000000000057,34.63432165957499,15.36567834042558,80.58726232296175,33.073459838324965,47.51380248463678,33.656374080461134,0.0,33.656374080461134,1
32.0,2.0,16.0,181.0,35472.0,17897.0,17575.0,5106.43524839964,5106.43524839964,0.0,35413.56901786664,link,0.0,0.0,0.0,0.0,0.0,0.0,47.51380248463678,0.0,47.51380248463678,76.23750075688476,28.723698272247976,47.51380248463678,0
33.0,2.0,14.0,182.0,25491.39192820705,13297.332945790267,12194.058982416784,2901.9645133205213,0.0,2901.9645133205213,0.0,link,0.0,0.0,0.0,0.0,0.0,0.0,8.920825774316057,8.920825774316057,0.0,25.24437616174399,8.920825774316057,16.323550387427932,0
33.0,2.0,0.0,183.0,27433.939184964896,13761.985453193762,13671.953731771133,3014.5666133482373,3014.5666133482373,0.0,22213.61178663945,link,0.0,0.0,0.0,0.0,0.0,0.0,8.920825774316057,8.920825774316057,0.0,25.877762974399886,25.877762974399886,0.0,0
34.0,2.0,14.0,184.0,40290.981728268656,40289.53408577645,1.4476424922008384,4807.99244961434,0.0,4807.99244961434,0.0,link,0.0,0.0,0.0,0.0,0.0,0.0,11.72226144294925,11.72226144294925,2.7755575615628914e-17,38.767218972029916,11.72226144294925,27.044957529080666,0
34.0,2.0,112.0,185.0,40084.67942148965,20069.25833080312,20015.421090686526,5879.593873458729,4738.491686036754,1141.1021874219755,14615.98862167376,ra,1.0,1.0,0.0,24.432847387619393,1.8098311022148117,22.62301628540458,27.926577924105214,11.72226144294925,16.204316481155963,36.56644607469117,36.56644607469117,2.7755575615628914e-17,1
34.0,0.0,120.0,186.0,19233.978995985926,19233.978995985926,0.0,2388.1873644993475,2388.1873644993475,0.0,26934.149163868184,ra,1.0,1.0,0.0,50.00000000000001,50.00000000000001,0.0,36.56644607469117,36.56644607469117,0.0,0.0,0.0,0.0,1
34.0,2.0,20.0,187.0,42848.93314386101,20473.58046065553,22375.352683205478,2247.134627658472,2247.134627658472,0.0,38220.85948462789,link,0.0,0.0,0.0,0.0,0.0,0.0,16.204316481155963,0.0,16.204316481155963,28.844448761734867,12.640132280578904,16.204316481155963,0
35.0,2.0,0.0,188.0,13637.0,6766.0,6871.0,2412.026759499997,0.0,2412.026759499997,0.0,link,0.0,0.0,0.0,0.0,0.0,0.0,21.89582261021268,0.0,21.89582261021268,35.46347313240017,0.0,35.46347313240017,0
35.0,2.0,16.0,189.0,13637.0,6766.0,6871.0,2375.1670869999966,2375.1670869999966,0.0,35104.46295422166,link,0.0,0.0,0.0,0.0,0.0,0.0,21.89582261021268,0.0,21.89582261021268,35.25613747458766,13.360314864374981,21.89582261021268,0
36.0,2.0,15.0,190.0,63592.0,31158.0,32434.0,1263.5151210000006,0.0,1263.5151210000006,0.0,link,0.0,0.0,0.0,0.0,0.0,0.0,111.57621347349564,52.195350738780064,59.380862734715585,118.68348602912064,52.195350738780064,66.48813529034058,0
36.0,0.0,121.0,191.0,31158.0,31158.0,0.0,1862.7498720000008,1862.7498720000008,0.0,5978.406282256154,ra,1.0,1.0,0.0,45.38957999633386,45.38957999633386,0.0,52.195350738780064,52.195350738780064,0.0,17.283738772446213,17.283738772446213,0.0,1
36.0,1.0,122.0,192.0,32434.0,0.0,32434.0,2232.9998150000006,0.0,2232.9998150000006,6884.764105769136,ra,0.0,0.0,-0.0,0.0,0.0,0.0,46.820238775340584,0.0,46.820238775340584,59.380862734715585,0.0,59.380862734715585,0
36.0,2.0,17.0,193.0,63592.0,31158.0,32434.0,1496.2071600000006,1496.2071600000006,0.0,10780.414990255447,link,0.0,0.0,0.0,0.0,0.0,0.0,64.1039775477868,17.283738772446213,46.820238775340584,72.5201428227868,25.699904047446218,46.820238775340584,0
37.0,2.0,16.0,194.0,61280.64411621449,31014.17446373309,30266.469652481403,3075.322007033439,0.0,3075.322007033439,0.0,link,0.0,0.0,0.0,0.0,0.0,0.0,74.11105826792544,32.04206629963101,42.068991968294426,91.40974455748852,32.04206629963101,59.36767825785752,0
37.0,0.0,117.0,195.0,31188.918197802075,31188.918197802075,0.0,476.2646699717726,476.2646699717726,0.0,1531.6015518302704,ra,0.0,-0.0,0.0,0.0,0.0,0.0,32.04206629963101,32.04206629963101,0.0,34.72105506822223,34.72105506822223,0.0,0
37.0,2.0,18.0,196.0,64809.52507699492,32882.29003408458,31927.235042910343,2677.0230036732487,2677.0230036732487,0.0,9891.283544490125,link,0.0,0.0,0.0,0.0,0.0,0.0,76.79004703651665,34.72105506822223,42.068991968294426,91.84830143217869,49.77930946388425,42.068991968294426,0
38.0,2.0,17.0,197.0,73980.90840881804,36437.73642199968,37543.17198681836,8581.895963178365,0.0,8581.895963178365,0.0,link,0.0,0.0,0.0,0.0,0.0,0.0,36.876428377084316,36.876428377084316,-2.0074683614266153e-15,85.14959316996263,36.876428377084316,48.273164792878305,0
38.0,1.0,118.0,198.0,38288.38488121995,0.0,38288.38488121995,3563.200636081027,0.0,3563.200636081027,5385.572941871728,ra,1.0,0.0,1.0,50.00000000000031,0.0,50.00000000000031,29.956996422044526,0.0,29.956996422044526,-2.0074683614266153e-15,0.0,-2.0074683614266153e-15,1
38.0,0.0,119.0,199.0,38355.566312925184,38355.566312925184,0.0,2619.00122524035,2619.00122524035,0.0,7097.786060466791,ra,1.0,1.0,0.0,50.0,50.0,0.0,36.876428377084316,36.876428377084316,0.0,1.608310269061283,1.608310269061283,0.0,1
38.0,1.0,123.0,200.0,41712.9401712972,0.0,41712.9401712972,2031.1114551113544,0.0,2031.1114551113544,14257.714169889843,ra,0.0,0.0,-0.0,0.0,0.0,0.0,18.531994487043157,0.0,18.531994487043157,29.956996422044526,0.0,29.956996422044526,0
38.0,0.0,124.0,201.0,40728.86630783911,40728.86630783911,0.0,2848.889850605756,2848.889850605756,0.0,14300.505499646226,ra,0.0,-0.0,0.0,0.0,0.0,0.0,1.608310269061283,1.608310269061283,0.0,17.63331567871866,17.63331567871866,0.0,0
38.0,2.0,22.0,202.0,105896.44285789959,51540.438437961006,54356.004419938574,8230.021979980831,8230.021979980831,0.0,31585.43416751235,link,0.0,0.0,0.0,0.0,0.0,0.0,36.16531016576182,17.63331567871866,18.531994487043157,82.45918380315399,63.927189316110834,18.531994487043157,0
39.0,2.0,17.0,203.0,25562.278853813234,12328.30028963884,13233.978564174393,1988.332963522788,0.0,1988.332963522788,0.0,link,0.0,0.0,0.0,0.0,0.0,0.0,29.38502794228195,15.422901274998626,13.962126667283325,40.56940086209763,15.422901274998626,25.146499587099004,0
39.0,2.0,24.0,204.0,21529.452943652228,10591.584479212725,10937.868464439502,1897.3687907956744,1897.3687907956744,0.0,17071.72988124704,link,0.0,0.0,0.0,0.0,0.0,0.0,29.38502794228195,15.422901274998626,13.962126667283325,40.05772739050762,26.095600723224294,13.962126667283325,0
40.0,2.0,18.0,205.0,25932.838407847834,12821.14586322636,13111.692544621475,1674.795944952231,0.0,1674.795944952231,0.0,link,0.0,0.0,0.0,0.0,0.0,0.0,37.45108365707485,27.055189929928364,10.395893727146486,46.87181084743114,27.05518992992836,19.81662091750278,0
40.0,2.0,26.0,206.0,22387.89451536771,11334.707010656924,11053.187504710784,1671.626697283136,1671.626697283136,0.0,13785.599210644326,link,0.0,0.0,0.0,0.0,0.0,0.0,37.45108365707485,27.05518992992836,10.395893727146486,46.85398382929249,36.458090102146,10.395893727146486,0
41.0,2.0,18.0,207.0,65100.064380541284,32409.67765592153,32690.38672461976,8031.948343872269,0.0,8031.948343872269,0.0,link,0.0,0.0,0.0,0.0,0.0,0.0,45.65145791744577,45.65145791744577,-6.224238676467742e-16,90.83116735172729,45.65145791744577,45.17970943428152,0
41.0,1.0,126.0,208.0,33015.8306660751,0.0,33015.8306660751,515.7447983857179,0.0,515.7447983857179,1570.6218936678245,ra,1.0,0.0,1.0,48.19476734343282,0.0,48.19476734343282,45.29370285251316,0.0,45.29370285251316,-6.224238676467742e-16,0.0,-6.224238676467742e-16,1
41.0,0.0,125.0,209.0,32828.808927873586,32828.808927873586,0.0,517.979810454405,517.979810454405,0.0,1588.999800427482,ra,1.0,1.0,0.0,48.565094351251794,48.565094351251794,0.0,45.65145791744577,45.65145791744577,0.0,0.0,0.0,0.0,1
41.0,2.0,25.0,210.0,107717.84336110209,52411.86349298975,55305.979868112336,8019.395375229603,8019.395375229603,0.0,19664.682517120145,link,0.0,0.0,0.0,0.0,0.0,0.0,45.29370285251316,0.0,45.29370285251316,90.40280183817967,45.10909898566651,45.29370285251316,0
42.0,2.0,0.0,211.0,64323.0,34358.0,29965.000000000004,292.1437675,0.0,292.1437675,0.0,link,0.0,0.0,0.0,0.0,0.0,0.0,33.46020077715484,0.0,33.46020077715484,35.10350946934233,0.0,35.10350946934233,0
42.0,2.0,21.0,212.0,64323.0,34358.0,29965.0,334.9733210000001,334.9733210000001,0.0,974.9930872178356,link,0.0,0.0,0.0,0.0,0.0,0.0,33.46020077715484,0.0,33.46020077715484,35.34442570777984,1.8842249306250007,33.46020077715484,0
43.0,2.0,20.0,213.0,150198.49863614666,75767.44894346851,74431.04969267815,256.5387159589935,0.0,256.5387159589935,0.0,link,0.0,0.0,0.0,0.0,0.0,0.0,59.27464422796119,59.27464422796119,0.0,60.71767450523053,59.27464422796119,1.4430302772693386,0
43.0,2.0,127.0,214.0,143910.62075712613,71622.8655725805,72287.75518454562,14695.550707760216,7361.674053195678,7333.876654564538,10005.69209126666,ra,5.0,0.0,5.0,211.77280932607073,92.58308417472932,119.18972515134142,137.21131319737708,59.27464422796119,77.93666896941589,8.100976602457544,8.100976602457544,0.0,1
43.0,2.0,22.0,215.0,143835.3128743358,71573.22723597237,72262.08563836341,254.1351114407348,254.1351114407348,0.0,10360.675542503666,link,0.0,0.0,0.0,0.0,0.0,0.0,86.03764557187344,8.100976602457544,77.93666896941589,87.46715557372757,9.530486604311678,77.93666896941589,0
44.0,2.0,20.0,216.0,153959.0,74263.0,79696.0,3498.654400000002,0.0,3498.654400000002,0.0,link,0.0,0.0,0.0,0.0,0.0,0.0,66.08159637639581,10.28678724434948,55.794809132046325,85.7615273763958,10.28678724434948,75.47474013204632,0
44.0,2.0,21.0,217.0,153959.0,74263.0,79696.0,3260.145700000001,3260.145700000001,0.0,4390.047146032249,link,0.0,0.0,0.0,0.0,0.0,0.0,66.08159637639581,10.28678724434948,55.794809132046325,84.41991593889581,28.625106806849487,55.794809132046325,0
45.0,2.0,20.0,218.0,62196.76002530598,32348.66402655705,29848.09599874893,1778.4316575225057,0.0,1778.4316575225057,0.0,link,0.0,0.0,0.0,0.0,0.0,0.0,16.744316190824865,15.270074500408445,1.4742416904164202,26.74799426438896,15.270074500408445,11.477919763980516,0
45.0,2.0,129.0,219.0,59803.760630072626,31496.773292559403,28306.987337513223,6019.401556958648,3144.575633708264,2874.8259232503847,9849.378972750012,ra,2.0,0.0,2.0,56.53428870965498,23.991023388221727,32.54326532143325,33.1166856939747,15.270074500408445,17.846611193566257,10.44153074221212,8.9672890517957,1.4742416904164202,1
45.0,2.0,27.0,220.0,59265.836631097605,31619.71560399585,27646.121027101755,2008.7677610146968,2008.7677610146968,0.0,16227.553730454052,link,0.0,0.0,0.0,0.0,0.0,0.0,26.813900245361957,8.9672890517957,17.846611193566257,38.11321890106963,20.26660770750337,17.846611193566257,0
46.0,2.0,21.0,221.0,122056.36331156333,58092.14471186193,63964.2185997014,6279.260644728073,0.0,6279.260644728073,0.0,link,0.0,0.0,0.0,0.0,0.0,0.0,62.782149807830166,19.67865638134945,43.10349342648071,98.10299093442559,19.67865638134945,78.42433455307614,0
46.0,2.0,23.0,222.0,131872.70614633957,62497.919354533005,69374.78679180656,5678.044393759095,5678.044393759095,0.0,9404.55520736285,link,0.0,0.0,0.0,0.0,0.0,0.0,62.782149807830166,19.67865638134945,43.10349342648071,94.72114952272507,51.61765609624436,43.10349342648071,0
47.0,2.0,22.0,223.0,38579.295537849815,18952.69215084102,19626.6033870088,1763.219166427337,0.0,1763.219166427337,0.0,link,0.0,0.0,0.0,0.0,0.0,0.0,43.918114157453665,15.412617216285451,28.505496941168214,53.83622196860743,15.412617216285451,38.423604752321985,0
47.0,2.0,128.0,224.0,35162.62482989687,17399.45971996509,17763.16510993178,7435.637995433931,3663.3854298437486,3772.2525655901823,19815.112780906624,ra,1.0,0.0,1.0,49.999998463606794,36.01915943909876,13.980839024508036,36.68003250051693,15.412617216285451,21.267415284231475,28.505496941168214,0.0,28.505496941168214,1
47.0,2.0,28.0,225.0,35062.11998304022,16961.141448801816,18100.9785342384,1675.651535543216,1675.651535543216,0.0,29618.33132225415,link,0.0,0.0,0.0,0.0,0.0,0.0,21.267416000567074,0.0,21.267416000567074,30.692955171662064,9.42553988743059,21.267415284231475,0
48.0,2.0,24.0,226.0,16009.999934388854,7856.999966820751,8152.999967568103,2252.387938481718,0.0,2252.387938481718,0.0,link,0.0,0.0,0.0,0.0,0.0,0.0,15.637761385997145,15.637761385997145,0.0,28.307443539956807,15.637761385997145,12.669682153959663,0
48.0,2.0,0.0,227.0,10228.9496360124,5180.369177535584,5048.580458476815,2203.4039084147803,2203.4039084147803,0.0,34790.83034290512,link,0.0,0.0,0.0,0.0,0.0,0.0,15.637761385997145,15.637761385997145,0.0,28.03190837083028,28.03190837083028,0.0,0
50.0,2.0,23.0,230.0,167288.29083468003,89420.76920845687,77867.52162622314,2077.529087866036,0.0,2077.529087866036,0.0,link,0.0,0.0,0.0,0.0,0.0,0.0,90.58708941868107,56.007116646321656,34.579972772359426,102.27319053792755,56.007116646321656,46.266073891605885,0
50.0,2.0,25.0,231.0,167733.1420677742,89424.56834914754,78308.57371862668,2379.090073396836,2379.090073396836,0.0,2660.513408818963,link,0.0,0.0,0.0,0.0,0.0,0.0,90.58708941868107,56.007116646321656,34.579972772359426,103.96947108153827,69.38949830917885,34.579972772359426,0
51.0,2.0,23.0,232.0,68004.42841151668,33685.47219088722,34318.956220629465,2606.4986391770226,0.0,2606.4986391770226,0.0,link,0.0,0.0,0.0,0.0,0.0,0.0,45.05786528267002,29.246270021544326,15.811595261125696,59.719420128040774,29.246270021544326,30.473150106496448,0
51.0,0.0,130.0,233.0,33100.995903315394,33100.995903315394,0.0,783.1629546866914,783.1629546866914,0.0,2344.9972799662905,ra,1.0,1.0,0.0,16.201246538676326,16.201246538676326,0.0,29.246270021544326,29.246270021544326,0.0,17.45031510298064,17.45031510298064,0.0,1
51.0,2.0,27.0,234.0,64426.23565632764,31754.48892503164,32671.746731296,1762.794004348873,1762.794004348873,0.0,7784.588682143257,link,0.0,0.0,0.0,0.0,0.0,0.0,33.261910364106335,17.45031510298064,15.811595261125696,43.177626638568746,27.36603137744305,15.811595261125696,0
53.0,2.0,24.0,237.0,26623.0,13216.0,13407.000000000002,1301.209681500001,0.0,1301.209681500001,0.0,link,0.0,0.0,0.0,0.0,0.0,0.0,30.11183569526241,23.298267488801702,6.813568206460708,37.431140153699914,23.298267488801702,14.132872664898212,0
53.0,2.0,28.0,238.0,26623.0,13216.0,13407.0,1282.6722719999998,1282.6722719999998,0.0,9705.486491353968,link,0.0,0.0,0.0,0.0,0.0,0.0,30.11183569526241,23.298267488801702,6.813568206460708,37.32686722526241,30.513299018801703,6.813568206460708,0
54.0,2.0,25.0,239.0,63790.74308365228,33602.55553767664,30188.187545975637,914.669079332492,0.0,914.669079332492,0.0,link,0.0,0.0,0.0,0.0,0.0,0.0,39.76993524121806,39.76993524121806,0.0,44.91494881246332,39.76993524121806,5.145013571245268,0
54.0,2.0,131.0,240.0,33762.441558617626,17029.212737248363,16733.228821369263,7185.418002340216,3714.280971775646,3471.13703056457,14118.05957838652,ra,3.0,3.0,0.0,103.43396743245957,54.14625953491424,49.287707897545324,69.53249734183767,39.76993524121806,29.76256210061961,6.51650617254182,6.51650617254182,0.0,1
54.0,2.0,26.0,241.0,32484.774457444895,16371.354345937669,16113.420111507226,929.5714925260236,929.5714925260236,0.0,19751.672738570145,link,0.0,0.0,0.0,0.0,0.0,0.0,36.27906827316143,6.51650617254182,29.76256210061961,41.50790791862032,11.745345818000706,29.76256210061961,0
55.0,2.0,26.0,242.0,35611.19993600926,17306.49996896785,18304.699967041404,3651.9540270608895,0.0,3651.9540270608895,0.0,link,0.0,0.0,0.0,0.0,0.0,0.0,28.587221494598108,28.587221494598108,0.0,49.12946289681561,28.587221494598108,20.542241402217503,0
55.0,2.0,132.0,243.0,34335.6700861098,16687.900230609903,17647.769855499897,3806.716178738113,1850.014875297545,1956.701303440568,10714.232916978135,ra,1.0,0.0,1.0,49.999999999999986,38.99355516814679,11.006444831853194,28.587221494598108,28.587221494598108,0.0,0.0,0.0,0.0,1
55.0,2.0,0.0,244.0,9015.000278806967,4116.000142012323,4899.000136794644,3382.273931804988,3382.273931804988,0.0,47911.36687265736,link,0.0,0.0,0.0,0.0,0.0,0.0,0.0,0.0,0.0,19.025290866403058,19.025290866403058,0.0,0
56.0,2.0,27.0,245.0,67553.51728478492,34432.267085202984,33121.25019958193,2367.0237097169543,0.0,2367.0237097169543,0.0,link,0.0,0.0,0.0,0.0,0.0,0.0,27.288940997412332,27.288940997412332,0.0,40.6034493645702,27.288940997412332,13.314508367157869,0
56.0,1.0,134.0,246.0,28345.05378073905,0.0,28345.05378073905,1429.461201904893,0.0,1429.461201904893,14670.942506693847,ra,1.0,0.0,1.0,25.839598194900304,0.0,25.839598194900304,17.79887893418528,0.0,17.79887893418528,0.0,0.0,0.0,1
56.0,0.0,133.0,247.0,28758.648000424007,28758.648000424007,0.0,4635.222356187495,4635.222356187495,0.0,14715.488271793003,ra,0.0,-0.0,0.0,0.0,0.0,0.0,27.288940997412332,27.288940997412332,0.0,53.362066750966996,53.362066750966996,0.0,0
56.0,2.0,135.0,248.0,47006.10408228616,24072.8864014428,22933.21768084336,5972.3380643838445,1468.7067383505575,4503.631326033287,20490.182643268578,ra,2.0,2.0,0.0,83.69129142619445,58.358365217257216,25.33292620893724,71.16094568515227,53.362066750966996,17.79887893418528,21.064055871116945,3.2651769369316654,17.79887893418528,1
56.0,2.0,29.0,249.0,45237.32656378552,23422.054813020965,21815.27175076456,2510.3156903599324,2510.3156903599324,0.0,31051.51115001564,link,0.0,0.0,0.0,0.0,0.0,0.0,21.064055871116945,3.2651769369316654,17.79887893418528,35.18458162939156,17.385702695206284,17.79887893418528,0
57.0,2.0,28.0,250.0,21608.0,10785.0,10823.000000000002,664.3049169999997,0.0,664.3049169999997,0.0,link,0.0,0.0,0.0,0.0,0.0,0.0,15.59456985732951,15.59456985732951,0.0,19.331285015454508,15.59456985732951,3.7367151581249987,0
57.0,2.0,0.0,251.0,21608.0,10785.000000000002,10823.0,661.972515,661.972515,0.0,6137.906286244384,link,0.0,0.0,0.0,0.0,0.0,0.0,15.59456985732951,15.59456985732951,0.0,19.318165254204512,19.318165254204512,0.0,0
59.0,2.0,29.0,254.0,41763.642422810655,21836.31144790283,19927.330974907825,64.19229876066692,0.0,64.19229876066692,0.0,link,0.0,0.0,0.0,0.0,0.0,0.0,35.87801378959898,14.677664237407834,21.200349552191145,36.23909547012773,14.677664237407834,21.561431232719897,0
59.0,0.0,137.0,255.0,11226.947197214342,11226.947197214342,0.0,4281.442654724177,4281.442654724177,0.0,25939.716113189967,ra,1.0,1.0,0.0,38.76077917023133,38.76077917023133,0.0,14.677664237407834,14.677664237407834,0.0,0.0,0.0,0.0,1
59.0,1.0,138.0,256.0,8142.41876965786,0.0,8142.41876965786,3768.951031500648,0.0,3768.951031500648,26235.491957639333,ra,0.0,0.0,-0.0,0.0,0.0,0.0,0.0,0.0,0.0,21.200349552191145,0.0,21.200349552191145,0
59.0,2.0,0.0,257.0,19030.167720862108,11064.89566740363,7965.272053458477,121.79539004601152,121.79539004601152,0.0,27032.750454879864,link,0.0,0.0,0.0,0.0,0.0,0.0,0.0,0.0,0.0,0.6850990690088148,0.6850990690088148,0.0,0
60.0,2.0,29.0,258.0,15204.999638753205,7325.999839362642,7878.999799390564,589.7618799510744,0.0,589.7618799510744,0.0,link,0.0,0.0,0.0,0.0,0.0,0.0,9.788001331057867,9.788001331057867,0.0,13.10541190578266,9.788001331057867,3.3174105747247933,0
60.0,2.0,136.0,259.0,13825.298552554461,6712.4814864233695,7112.817066131092,1621.7030872016057,781.773481624616,839.9296055769897,10738.631570167296,ra,1.0,1.0,0.0,18.9100811965669,14.185477165196332,4.724604031370567,9.788001331057867,9.788001331057867,0.0,0.0,0.0,0.0,1
60.0,2.0,0.0,260.0,9900.001134069504,4967.000504292169,4933.000629777334,588.1442988228391,588.1442988228391,0.0,22135.2935483001,link,0.0,0.0,0.0,0.0,0.0,0.0,0.0,0.0,0.0,3.3083116808784703,3.3083116808784703,0.0,0
