Time of calculation: 20210909-140336; value of objective: 6819.954114230167;  acc=20;  ec=0.25;  e_tax=0.15;  cfix=50000;  cvar=10000;  eta=0.01;  cars=20;  i=0.05;  T=10
highway,name,asfinag_position,direction,asfinag_type,traffic_flow,traffic_flow_0,traffic_flow_1,energy_demand,energy_demand_0,energy_demand_1,pXi_dir,pYi_dir,pYi_dir_0,pYi_dir_1,pE_charged,pE_charged_0,pE_charged_1,pE_input,pE_input_0,pE_input_1,pE_output,pE_output_0,pE_output_1
A1,'Parkplatz Großraum’,27.42,2.0,2.0,25490.00000000002,12193.00000000001,13297.00000000001,59974.325349551335,45433.23590445468,14541.089445096652,1.0,2.0,1.0,1.0,545.4108944509665,400.0,145.4108944509665,0.0,0.0,0.0,54.33235904454682,54.33235904454682,0.0
A1,'Steinhäusl',32.7,2.0,0.0,63195.99999999913,31485.99999999933,31709.9999999998,111561.50482266714,34431.882550071685,77129.62227259546,0.0,1.0,0.0,1.0,400.0,0.0,400.0,54.33235904454682,54.33235904454682,0.0,769.9474072712185,398.65118454526373,371.29622272595475
A1,'Kesselhof',44.88,1.0,1.0,30234.999996719125,0.0,30234.999996719125,109130.95569981833,0.0,109130.95569981833,1.0,3.0,0.0,3.0,1200.0,0.0,1200.0,371.29622272595475,0.0,371.29622272595475,262.6057797241381,0.0,262.6057797241381
A1,'Kirchstetten',44.88,0.0,1.0,29897.99999542764,29897.99999542764,0.0,72732.0809427628,72732.0809427628,0.0,1.0,2.0,2.0,0.0,800.0,800.0,0.0,398.65118454526373,398.65118454526373,0.0,325.9719939728917,325.9719939728917,0.0
A1,'St. Pölten',62.9,2.0,0.0,71148.0,35583.0,35565.0,227454.84943410664,128422.41740026572,99032.43203384092,1.0,7.0,4.0,3.0,2782.828900987208,1582.8289009872078,1200.0,588.5777736970298,325.9719939728917,262.6057797241381,80.29736705088823,27.367266988340987,52.93010006254724
A1,'Schallaburg',76.81,1.0,1.0,29188.0,0.0,29188.0,136934.36037638868,0.0,136934.36037638868,1.0,3.0,0.0,3.0,1200.0,0.0,1200.0,52.93010006254724,0.0,52.93010006254724,222.27370382643414,0.0,222.27370382643414
A1,'Roggendorf',76.82,0.0,1.0,28377.0,28377.0,0.0,78562.33219617409,78562.33219617409,0.0,1.0,1.0,1.0,0.0,400.0,400.0,0.0,27.367266988340987,27.367266988340987,0.0,412.9905889500819,412.9905889500819,0.0
A1,'Ornding',88.04,0.0,1.0,27048.0,27048.0,0.0,60488.07492270462,60488.07492270462,0.0,1.0,2.0,2.0,0.0,661.3080462111209,661.3080462111209,0.0,412.9905889500819,412.9905889500819,0.0,356.5632919660071,356.5632919660071,0.0
A1,'Ybbs',100.32,1.0,0.0,27161.40445083877,0.0,27161.40445083877,104129.25066774894,0.0,104129.25066774894,1.0,3.0,0.0,3.0,1200.0,0.0,1200.0,222.27370382643414,0.0,222.27370382643414,63.56621050392357,0.0,63.56621050392357
A1,'Kemmelbach',101.38,0.0,0.0,26898.000000000207,26898.000000000207,0.0,72226.10016870651,72226.10016870651,0.0,1.0,2.0,2.0,0.0,800.0,800.0,0.0,356.5632919660071,356.5632919660071,0.0,278.82429365307223,278.82429365307223,0.0
A1,'Viehdorf',118.17,0.0,1.0,25545.0,25545.0,0.0,92117.57063469278,92117.57063469278,0.0,1.0,3.0,3.0,0.0,1200.0,1200.0,0.0,278.82429365307223,278.82429365307223,0.0,0.0,0.0,0.0
A1,'Amstetten',119.36,1.0,1.0,25407.0,0.0,25407.0,56128.53142795883,0.0,56128.53142795883,1.0,1.0,0.0,1.0,400.0,0.0,400.0,63.56621050392357,0.0,63.56621050392357,224.85152478351188,0.0,224.85152478351188
A1,'Parkplatz Zeillern’,124.31,0.0,2.0,24685.0,24685.0,0.0,24100.57479449837,24100.57479449837,0.0,0.0,0.0,0.0,0.0,0.0,0.0,0.0,0.0,0.0,0.0,241.0057479449837,241.0057479449837,0.0
A1,'Oed',130.52,1.0,2.0,26849.69206306653,0.0,26849.69206306653,69822.67372138443,0.0,69822.67372138443,1.0,2.0,0.0,2.0,800.0,0.0,800.0,224.85152478351188,0.0,224.85152478351188,123.07826199735621,0.0,123.07826199735621
A1,'Strengberg',136.0,0.0,0.0,25773.0,25773.0,0.0,60567.28709144443,60567.28709144443,0.0,1.0,2.0,2.0,0.0,778.808845229822,778.808845229822,0.0,241.0057479449837,241.0057479449837,0.0,67.8697736296059,67.8697736296059,0.0
A1,'Haag',143.54,1.0,0.0,28172.0,0.0,28172.0,72532.38382040594,0.0,72532.38382040594,1.0,2.0,0.0,2.0,800.0,0.0,800.0,123.07826199735621,0.0,123.07826199735621,48.40210020141569,0.0,48.40210020141569
A1,'Ennsblick',147.1,0.0,2.0,27181.0,27181.0,0.0,59900.9099344678,59900.9099344678,0.0,1.0,1.0,1.0,0.0,400.0,400.0,0.0,67.8697736296059,67.8697736296059,0.0,266.8788729742839,266.8788729742839,0.0
A1,'Parkplatz Ennsdorf’,152.88,0.0,2.0,26232.408315204048,26232.408315204048,0.0,30328.56812345904,30328.56812345904,0.0,1.0,1.0,1.0,0.0,400.0,400.0,0.0,266.8788729742839,266.8788729742839,0.0,170.1645542088743,170.1645542088743,0.0
A1,'Enns Süd',156.19,1.0,1.0,29648.737115098505,0.0,29648.737115098505,86236.6993060754,0.0,86236.6993060754,1.0,2.0,0.0,2.0,800.0,0.0,800.0,48.40210020141569,0.0,48.40210020141569,110.76909326216969,0.0,110.76909326216969
A1,'Enns Nord',156.79,0.0,1.0,29791.88732837659,29791.88732837659,0.0,22744.768825614865,22744.768825614865,0.0,0.0,0.0,0.0,0.0,0.0,0.0,0.0,170.1645542088743,170.1645542088743,0.0,397.612242465023,397.612242465023,0.0
A1,'Ansfelden Süd',170.93,1.0,0.0,46681.64620523784,0.0,46681.64620523784,108599.64670259466,0.0,108599.64670259466,1.0,3.0,0.0,3.0,1196.765560288119,0.0,1196.765560288119,110.76909326216969,0.0,110.76909326216969,0.0,0.0,0.0
A1,'Ansfelden Nord',171.01,0.0,0.0,48225.58896718505,48225.58896718505,0.0,137729.45647842763,137729.45647842763,0.0,1.0,4.0,4.0,0.0,1600.0,1600.0,0.0,397.612242465023,397.612242465023,0.0,174.9068072492994,174.9068072492994,0.0
A1,'Allhaming Süd',182.59,1.0,1.0,22273.0,0.0,22273.0,132032.00498622254,0.0,132032.00498622254,1.0,3.0,0.0,3.0,1200.0,0.0,1200.0,0.0,0.0,0.0,120.32004986222279,0.0,120.32004986222279
A1,'Allhaming Nord',182.6,0.0,1.0,22478.0,22478.0,0.0,52074.59618392183,52074.59618392183,0.0,1.0,1.0,1.0,0.0,400.0,400.0,0.0,174.9068072492994,174.9068072492994,0.0,295.65276908851774,295.65276908851774,0.0
A1,'Lindach Nord',212.26,0.0,0.0,24091.0,24091.0,0.0,143292.1869458095,143292.1869458095,0.0,1.0,4.0,4.0,0.0,1600.0,1600.0,0.0,295.65276908851774,295.65276908851774,0.0,128.57463854661273,128.57463854661273,0.0
A1,'Lindach Süd',212.27,1.0,0.0,24205.0,0.0,24205.0,88500.71292866017,0.0,88500.71292866017,1.0,2.0,0.0,2.0,800.0,0.0,800.0,120.32004986222279,0.0,120.32004986222279,205.32717914882454,0.0,205.32717914882454
A1,'Hainbach Süd',230.7,1.0,1.0,16641.0,0.0,16641.0,43626.88664048988,0.0,43626.88664048988,1.0,1.0,0.0,1.0,400.0,0.0,400.0,205.32717914882454,0.0,205.32717914882454,241.59604555372334,0.0,241.59604555372334
A1,'Hainbach Nord',230.72,0.0,1.0,15023.0,15023.0,0.0,55447.073726717535,55447.073726717535,0.0,1.0,1.0,1.0,0.0,400.0,400.0,0.0,128.57463854661273,128.57463854661273,0.0,283.04537581378816,283.04537581378816,0.0
A1,'Straß',243.67,1.0,1.0,16828.67483549712,0.0,16828.67483549712,52286.93331258195,0.0,52286.93331258195,1.0,1.0,0.0,1.0,400.0,0.0,400.0,241.59604555372334,0.0,241.59604555372334,364.4653786795428,0.0,364.4653786795428
A1,'Wildenhag Nord',243.76,0.0,2.0,17111.546808170722,17111.546808170722,0.0,44396.07377615938,44396.07377615938,0.0,1.0,1.0,1.0,0.0,400.0,400.0,0.0,283.04537581378816,283.04537581378816,0.0,327.00611357538196,327.00611357538196,0.0
A1,'Oberwang',251.03,0.0,1.0,15727.0,15727.0,0.0,23256.052200310536,23256.052200310536,0.0,1.0,1.0,1.0,0.0,400.0,400.0,0.0,327.00611357538196,327.00611357538196,0.0,159.56663557848736,159.56663557848736,0.0
A1,'Mondsee',259.23,2.0,0.0,31060.001681777,15727.000882328592,15333.000799448411,60471.650280389,25342.39533715945,35129.25494322955,0.0,1.0,0.0,1.0,400.0,0.0,400.0,524.0320142580301,159.56663557848736,364.4653786795428,728.7485170619202,412.9905889500819,315.7579281118383
A1,‘Parkplatz Ölgraben’,268.98,0.0,2.0,18793.0,18793.0,0.0,36691.95858378413,36691.95858378413,0.0,1.0,2.0,2.0,0.0,623.3566114795703,623.3566114795703,0.0,412.9905889500819,412.9905889500819,0.0,156.5535633083528,156.5535633083528,0.0
A1,'Vetterbach',270.63,1.0,2.0,18111.0,0.0,18111.0,24972.45872010481,0.0,24972.45872010481,1.0,1.0,0.0,1.0,400.0,0.0,400.0,315.7579281118383,0.0,315.7579281118383,165.48251531288636,0.0,165.48251531288636
A1,'Enzersberg',274.82,0.0,2.0,21891.999995182963,21891.999995182963,0.0,25643.70256417291,25643.70256417291,0.0,0.0,0.0,0.0,0.0,0.0,0.0,0.0,156.5535633083528,156.5535633083528,0.0,412.9905889500819,412.9905889500819,0.0
A1,'Salzburger Vorland',277.55,1.0,2.0,21776.0,0.0,21776.0,38740.09283187224,0.0,38740.09283187224,1.0,1.0,0.0,1.0,184.94413561689638,0.0,184.94413561689638,165.48251531288636,0.0,165.48251531288636,367.9393080147124,0.0,367.9393080147124
A1,'Söllheim',286.46,1.0,0.0,28864.537464121862,0.0,28864.537464121862,82339.63927517904,0.0,82339.63927517904,1.0,2.0,0.0,2.0,800.0,0.0,800.0,367.9393080147124,0.0,367.9393080147124,391.33570076650295,0.0,391.33570076650295
A1,'Kasern',287.89,0.0,0.0,38922.8495638266,38922.8495638266,0.0,101432.70404041585,101432.70404041585,0.0,1.0,4.0,4.0,0.0,1358.1161042168997,1358.1161042168997,0.0,412.9905889500819,412.9905889500819,0.0,69.20152513734081,69.20152513734081,0.0
A1,'Walserberg Süd',300.71,1.0,0.0,14880.00000000295,0.0,14880.00000000295,866.4299233497069,0.0,866.4299233497069,1.0,1.0,0.0,1.0,400.0,0.0,400.0,391.33570076650295,0.0,391.33570076650295,0.0,0.0,0.0
A1,'Walserberg Nord',300.73,0.0,0.0,12964.000000008587,12964.000000008587,0.0,33079.84748626592,33079.84748626592,0.0,1.0,1.0,1.0,0.0,400.0,400.0,0.0,69.20152513734081,69.20152513734081,0.0,0.0,0.0,0.0
A10,'Glanegg/West',4.28,0.0,2.0,30225.0,30225.0,0.0,10702.59495982983,10702.59495982983,0.0,-0.0,0.0,-0.0,0.0,0.0,0.0,0.0,0.0,0.0,0.0,107.02594959829831,107.02594959829831,0.0
A10,'Untersberg/Ost',4.37,1.0,2.0,30061.0,0.0,30061.0,79010.53992075186,0.0,79010.53992075186,1.0,1.0,0.0,1.0,400.0,0.0,400.0,0.0,0.0,0.0,390.10539920751864,0.0,390.10539920751864
A10,'Bruderloch',17.53,1.0,2.0,24652.0,0.0,24652.0,55144.78387577903,0.0,55144.78387577903,1.0,2.0,0.0,2.0,800.0,0.0,800.0,390.10539920751864,0.0,390.10539920751864,141.5532379653091,0.0,141.5532379653091
A10,'Golling Ost',28.76,1.0,0.0,19647.00094772099,0.0,19647.00094772099,83619.98278708411,0.0,83619.98278708411,1.0,2.0,0.0,2.0,800.0,0.0,800.0,141.5532379653091,0.0,141.5532379653091,177.7530658361502,0.0,177.7530658361502
A10,'Golling West',28.82,0.0,0.0,19875.000668287423,19875.000668287423,0.0,97340.81805238585,97340.81805238585,0.0,1.0,2.0,2.0,0.0,800.0,800.0,0.0,107.02594959829831,107.02594959829831,0.0,280.43413012215683,280.43413012215683,0.0
A10,'Werfen',40.34,0.0,2.0,19354.0,19354.0,0.0,44743.31804657062,44743.31804657062,0.0,1.0,2.0,2.0,0.0,727.867310587863,727.867310587863,0.0,280.43413012215683,280.43413012215683,0.0,0.0,0.0,0.0
A10,'Klausgraben West’,50.01,0.0,2.0,16224.0,16224.0,0.0,31431.033067450226,31431.033067450226,0.0,1.0,1.0,1.0,0.0,314.31033067450227,314.31033067450227,0.0,0.0,0.0,0.0,0.0,0.0,0.0
A10,'Klausgraben Ost’,50.01,1.0,2.0,16076.0,0.0,16076.0,29740.34522214243,0.0,29740.34522214243,1.0,1.0,0.0,1.0,400.0,0.0,400.0,177.7530658361502,0.0,177.7530658361502,75.15651805757449,0.0,75.15651805757449
A10,'Eben Süd',59.21,2.0,0.0,31555.3674870556,15997.416619605658,15557.95086744994,63864.366982730906,73.98398827676816,63790.382994454136,0.0,1.0,0.0,1.0,400.0,0.0,400.0,75.15651805757449,0.0,75.15651805757449,313.80018788488354,0.7398398827676816,313.06034800211586
A10,'Eben Nord',59.32,2.0,0.0,31554.16119307871,15997.1632592005,15556.997933878209,29667.927073449984,29595.979909721613,71.94716372837226,0.0,0.0,0.0,-0.0,0.0,0.0,0.0,313.80018788488354,0.7398398827676816,313.06034800211586,610.4794586193834,296.69963897998383,313.7798196393996
A10,'Rohr',71.25,0.0,2.0,10976.0,10976.0,0.0,26372.39981658969,26372.39981658969,0.0,1.0,1.0,1.0,0.0,340.75158647186265,340.75158647186265,0.0,296.69963897998383,296.69963897998383,0.0,219.67205067401804,219.67205067401804,0.0
A10,'Tauernalm',79.79,2.0,0.0,21522.867721662667,10903.654559151322,10619.213162511343,62621.10903795498,18508.36211902574,44112.74691892924,0.0,1.0,0.0,1.0,341.91669987861013,0.0,341.91669987861013,533.4518703134177,219.67205067401804,313.7798196393996,817.7462608143574,404.7556718642754,412.9905889500819
A10,'Lungau',97.91,0.0,0.0,10877.0,10877.0,0.0,39524.43281357246,39524.43281357246,0.0,1.0,2.0,2.0,0.0,800.0,800.0,0.0,404.7556718642754,404.7556718642754,0.0,0.0,0.0,0.0
A10,'Lanschütz',100.6,1.0,1.0,10558.5,0.0,10558.5,33491.70982869735,0.0,33491.70982869735,1.0,2.0,0.0,2.0,747.9076872370554,0.0,747.9076872370554,412.9905889500819,0.0,412.9905889500819,0.0,0.0,0.0
A10,'Rennweg',112.45,0.0,2.0,6878.0,6878.0,0.0,19876.6578731468,19876.6578731468,0.0,-0.0,0.0,-0.0,0.0,0.0,0.0,0.0,0.0,0.0,0.0,198.7665787314676,198.7665787314676,0.0
A10,'Ried’,116.47,1.0,2.0,7303.0,0.0,7303.0,13765.2894082998,0.0,13765.2894082998,1.0,0.0,0.0,0.0,0.0,0.0,0.0,0.0,0.0,0.0,137.652894082998,0.0,137.652894082998
A10,'Eisentratten',125.92,2.0,0.0,14180.999999999998,6877.999999999999,7302.999999999999,41606.555089056084,18483.210735025867,23123.34435403022,-0.0,0.0,-0.0,0.0,0.0,0.0,0.0,336.4194728144656,198.7665787314676,137.652894082998,752.4850237050265,383.59868608172627,368.8863376233002
A10,'Seeboden',141.72,1.0,2.0,14455.0,0.0,14455.0,36156.364361422005,0.0,36156.364361422005,1.0,1.0,0.0,1.0,391.54941858653666,0.0,391.54941858653666,368.8863376233002,0.0,368.8863376233002,338.9005626509836,0.0,338.9005626509836
A10,'Wolfsberg',142.25,0.0,2.0,14500.0,14500.0,0.0,47498.89492913899,47498.89492913899,0.0,1.0,2.0,2.0,0.0,645.4048723402809,645.4048723402809,0.0,383.59868608172627,383.59868608172627,0.0,213.18276303283517,213.18276303283517,0.0
A10,'Kamering',154.29,1.0,2.0,14749.703862513728,0.0,14749.703862513728,22698.628013917983,0.0,22698.628013917983,1.0,1.0,0.0,1.0,400.0,0.0,400.0,338.9005626509836,0.0,338.9005626509836,165.88684279016343,0.0,165.88684279016343
A10,'Feistritz an der Drau',162.01,2.0,0.0,29679.0,14929.0,14750.0,122093.03941770014,58681.72369671648,63411.31572098366,1.0,4.0,2.0,2.0,1600.0,800.0,800.0,379.0696058229986,213.18276303283517,165.88684279016343,0.0,0.0,0.0
A11,'St. Niklas/Nord',2.11,1.0,2.0,7502.999999999997,0.0,7502.999999999997,10409.086151425912,0.0,10409.086151425912,1.0,0.0,0.0,-0.0,0.0,0.0,0.0,0.0,0.0,0.0,104.09086151425913,0.0,104.09086151425913
A11,'Rosegg',9.04,2.0,0.0,9108.5,4306.5,4802.0,19444.03423128799,7806.040740767851,11637.99349052014,1.0,2.0,1.0,1.0,298.53120382713905,78.06040740767851,220.47079641946056,104.09086151425913,0.0,104.09086151425913,0.0,0.0,0.0
A12,'Langkampfen Süd',9.32,1.0,2.0,11349.585916642443,0.0,11349.585916642443,27244.807627465096,0.0,27244.807627465096,1.0,0.0,0.0,-0.0,0.0,0.0,0.0,0.0,0.0,0.0,272.448076274651,0.0,272.448076274651
A12,'Angath Süd',14.1,2.0,0.0,39222.99999999994,19907.99999999997,19314.99999999997,56148.10872631689,56144.28825076325,3.820475553634762,1.0,2.0,1.0,1.0,672.4862810301873,400.0,272.48628103018734,272.448076274651,0.0,272.448076274651,161.4428825076326,161.4428825076326,0.0
A12,'Angath Nord',14.22,2.0,0.0,39222.99999999994,19907.99999999997,19314.99999999997,86003.9180407436,3.93776998818332,85999.98027075542,-0.0,2.0,0.0,2.0,800.0,0.0,800.0,161.4428825076326,161.4428825076326,0.0,221.48206291506858,161.4822602075144,59.99980270755418
A12,'Münster Nord',35.71,0.0,1.0,18334.0,18334.0,0.0,79565.35290639894,79565.35290639894,0.0,1.0,2.0,2.0,0.0,800.0000000000001,800.0000000000001,0.0,161.4822602075144,161.4822602075144,0.0,157.13578927150377,157.13578927150377,0.0
A12,'Münster Süd',36.25,1.0,1.0,18162.0,0.0,18162.0,51027.0984567292,0.0,51027.0984567292,1.0,1.0,0.0,1.0,400.0,0.0,400.0,59.99980270755418,0.0,59.99980270755418,170.2707872748462,0.0,170.2707872748462
A12,'Vomp',50.47,1.0,0.0,24431.999999991072,0.0,24431.999999991072,22234.356307397185,0.0,22234.356307397185,1.0,0.0,0.0,-0.0,0.0,0.0,0.0,170.2707872748462,0.0,170.2707872748462,392.6143503488181,0.0,392.6143503488181
A12,'Weer',54.8,0.0,0.0,24110.000189607712,24110.000189607712,0.0,91922.39487971723,91922.39487971723,0.0,1.0,2.0,2.0,0.0,800.0000000000003,800.0000000000003,0.0,157.13578927150377,157.13578927150377,0.0,276.35973806867577,276.35973806867577,0.0
A12,'Weer Süd',55.0,1.0,1.0,24141.001987531265,0.0,24141.001987531265,44418.90300224888,0.0,44418.90300224888,1.0,2.0,0.0,2.0,722.7626184310993,0.0,722.7626184310993,392.6143503488181,0.0,392.6143503488181,114.04076194020763,0.0,114.04076194020763
A12,'Volders/Karlskirche',64.18,1.0,2.0,27543.0,0.0,27543.0,89230.87375309618,0.0,89230.87375309618,1.0,2.0,0.0,2.0,800.0,0.0,800.0,114.04076194020763,0.0,114.04076194020763,206.34949947116945,0.0,206.34949947116945
A12,'Hall in Tirol',66.28,0.0,2.0,28148.000000002427,28148.000000002427,0.0,63926.9286125208,63926.9286125208,0.0,1.0,2.0,2.0,0.0,731.3890184450983,731.3890184450983,0.0,276.35973806867577,276.35973806867577,0.0,184.24000574878556,184.24000574878556,0.0
A12,'Ampaß',72.07,0.0,0.0,35539.999996608014,35539.999996608014,0.0,42439.32195018204,42439.32195018204,0.0,1.0,1.0,1.0,0.0,400.00000000000006,400.00000000000006,0.0,184.24000574878556,184.24000574878556,0.0,208.63322525060596,208.63322525060596,0.0
A12,'Sieglanger',80.39,1.0,2.0,31124.793431490507,0.0,31124.793431490507,96002.72792907088,0.0,96002.72792907088,1.0,2.0,0.0,2.0,800.0,0.0,800.0,206.34949947116945,0.0,206.34949947116945,366.3767787618783,0.0,366.3767787618783
A12,'Kematen',86.01,0.0,2.0,27475.052704552163,27475.052704552163,0.0,75774.45683256471,75774.45683256471,0.0,1.0,1.999999502056613,1.999999502056613,0.0,799.9997931328837,799.9997931328837,0.0,208.63322525060596,208.63322525060596,0.0,166.37800044336942,166.37800044336942,0.0
A12,'Zirl-Inzing',91.77,0.0,1.0,20799.0,20799.0,0.0,24661.258850671245,24661.258850671245,0.0,0.0,0.0,-0.0,0.0,0.0,0.0,0.0,166.37800044336942,166.37800044336942,0.0,412.9905889500819,412.9905889500819,0.0
A12,'Pettnau',95.81,2.0,0.0,37922.0,18889.0,19033.0,43167.59505459553,14638.245573299051,28529.34948129648,1.0,2.0,1.0,1.0,800.0000000000001,400.0000000000001,400.0,779.3673677119602,412.9905889500819,366.3767787618783,411.0433182579154,159.3730446830723,251.67027357484312
A12,'Telfs Süd',103.3,1.0,2.0,13364.77793940206,0.0,13364.77793940206,40593.43969968221,0.0,40593.43969968221,1.0,1.0,0.0,1.0,400.0,0.0,400.0,251.67027357484312,0.0,251.67027357484312,257.6046705716652,0.0,257.6046705716652
A12,'Telfs Nord',103.33,0.0,2.0,14213.46393941228,14213.46393941228,0.0,21325.917954749177,21325.917954749177,0.0,0.0,0.0,-0.0,0.0,0.0,0.0,0.0,159.3730446830723,159.3730446830723,0.0,372.6322242305641,372.6322242305641,0.0
A12,'Haiming Süd',118.5,1.0,2.0,10702.0,0.0,10702.0,32071.449465739544,0.0,32071.449465739544,1.0,1.0,0.0,1.0,400.0,0.0,400.0,257.6046705716652,0.0,257.6046705716652,178.3191652290607,0.0,178.3191652290607
A12,'Imst Süd',133.49,1.0,2.0,9240.0,0.0,9240.0,3679.211043329945,0.0,3679.211043329945,1.0,0.0,0.0,0.0,0.0,0.0,0.0,178.3191652290607,0.0,178.3191652290607,215.11127566236016,0.0,215.11127566236016
A12,'Imst Nord',133.84,0.0,2.0,10262.0,10262.0,0.0,62601.679390679135,62601.679390679135,0.0,1.0,2.0,2.0,0.0,781.364032450877,781.364032450877,0.0,372.6322242305641,372.6322242305641,0.0,217.2849856864785,217.2849856864785,0.0
A12,'Mils',135.51,2.0,0.0,19502.000000000833,10262.00000000003,9240.000000000804,21880.454342200468,3391.5819084364844,18488.872433763983,-0.0,1.0,-0.0,1.0,400.0,0.0,400.0,432.39626134883866,217.2849856864785,215.11127566236016,251.20080477084335,251.20080477084335,0.0
A12,'Kronburg Zams',142.7,0.0,2.0,10312.0,10312.0,0.0,14879.919522915665,14879.919522915665,0.0,1.0,1.0,1.0,0.0,400.0,400.0,0.0,251.20080477084335,251.20080477084335,0.0,0.0,0.0,0.0
A13,'Patsch',6.24,0.0,2.0,21023.0,21023.0,0.0,26094.725326847616,26094.725326847616,0.0,0.0,0.0,0.0,0.0,0.0,0.0,0.0,0.0,0.0,0.0,260.9472532684762,260.9472532684762,0.0
A13,'Europabrücke',8.27,2.0,0.0,41638.0,21023.0,20615.0,32388.526624106256,8452.295186301024,23936.231437805232,0.0,0.0,0.0,-0.0,0.0,0.0,0.0,260.9472532684762,260.9472532684762,0.0,584.8325195095388,345.4702051314864,239.36231437805233
A13,'Gschleirs',14.05,1.0,2.0,14822.0,0.0,14822.0,8546.704281737584,0.0,8546.704281737584,1.0,0.0,0.0,-0.0,0.0,0.0,0.0,239.36231437805233,0.0,239.36231437805233,324.8293571954282,0.0,324.8293571954282
A13,'Matrei West',16.79,0.0,0.0,15161.0,15161.0,0.0,25846.426928735076,25846.426928735076,0.0,1.0,2.0,2.0,0.0,603.9344744188372,603.9344744188372,0.0,345.4702051314864,345.4702051314864,0.0,0.0,0.0,0.0
A13,'Matrei Ost',16.95,2.0,0.0,29983.0,15161.0,14822.0,16734.882296516167,499.30355502003806,16235.578741496129,0.0,1.0,0.0,1.0,359.4402676795968,0.0,359.4402676795968,324.8293571954282,0.0,324.8293571954282,132.73791248099306,4.993035550200381,127.74487693079269
A13,'Wipptalerhof Ost',22.41,1.0,2.0,10896.000000000471,0.0,10896.000000000471,2559.258804024997,0.0,2559.258804024997,1.0,0.0,0.0,-0.0,0.0,0.0,0.0,127.74487693079269,0.0,127.74487693079269,153.33746497104266,0.0,153.33746497104266
A13,'Wipptalerhof West',22.56,0.0,2.0,11615.000000000608,11615.000000000608,0.0,13021.650439480618,13021.650439480618,0.0,0.0,0.0,0.0,0.0,0.0,0.0,0.0,4.993035550200381,4.993035550200381,0.0,135.20953994500655,135.20953994500655,0.0
A13,'Plon',23.61,1.0,2.0,10896.000000525348,0.0,10896.000000525348,9061.729580812602,0.0,9061.729580812602,1.0,0.0,0.0,-0.0,0.0,0.0,0.0,153.33746497104266,0.0,153.33746497104266,243.95476077916868,0.0,243.95476077916868
A13,'Nößlach',26.91,2.0,1.0,23614.71960011509,12027.916375220364,11586.803224894727,15947.459093046333,12518.668085194196,3428.7910078521363,0.0,0.0,0.0,-0.0,0.0,0.0,0.0,379.16430072417523,135.20953994500655,243.95476077916868,538.6388916546385,260.3962207969485,278.24267085769003
A13,'Gries Ost',29.15,1.0,0.0,11601.99774413572,0.0,11601.99774413572,11387.01827145676,0.0,11387.01827145676,1.0,0.0,0.0,-0.0,0.0,0.0,0.0,278.24267085769003,0.0,278.24267085769003,392.1128535722576,0.0,392.1128535722576
A13,'Gries West',29.54,0.0,0.0,12036.99974796117,12036.99974796117,0.0,4238.013247571624,4238.013247571624,0.0,0.0,0.0,0.0,0.0,0.0,0.0,0.0,260.3962207969485,260.3962207969485,0.0,302.7763532726648,302.7763532726648,0.0
A13,'Brennersee - Fröhlich',32.6,0.0,2.0,12036.999999999998,12036.999999999998,0.0,7411.89807862851,7411.89807862851,0.0,0.0,0.0,0.0,0.0,0.0,0.0,0.0,302.7763532726648,302.7763532726648,0.0,376.89533405894986,376.89533405894986,0.0
A13,'Brennersee',33.44,0.0,0.0,12037.0,12037.0,0.0,1996.4183022148509,1996.4183022148509,0.0,0.0,0.0,0.0,0.0,0.0,0.0,0.0,376.89533405894986,376.89533405894986,0.0,396.8595170810984,396.8595170810984,0.0
A13,'Brennerpaß',34.16,2.0,0.0,23639.0,12037.0,11602.0,2518.3592467820863,1729.6446040078497,788.7146427742366,1.0,3.0,2.0,1.0,814.1559631211769,414.15596312117685,400.0,788.9723706533559,396.8595170810984,392.1128535722576,0.0,0.0,0.0
A14,'Hörbranz’,0.0,2.0,1.0,11914.47538487758,11914.47538487758,0.0,580.5002038524873,580.5002038524873,0.0,-0.0,0.0,-0.0,0.0,0.0,0.0,0.0,0.0,0.0,0.0,5.805002038524873,5.805002038524873,0.0
A14,'Dornbirn West',15.07,1.0,2.0,22722.01674582917,0.0,22722.01674582917,41625.83313129372,0.0,41625.83313129372,1.0,1.0,0.0,1.0,400.0,0.0,400.0,0.0,0.0,0.0,16.25833131293723,0.0,16.25833131293723
A14,'Dornbirn Ost',15.27,0.0,2.0,22911.03673497288,22911.03673497288,0.0,67389.02531710501,67389.02531710501,0.0,1.0,1.0,1.0,0.0,400.0,400.0,0.0,5.805002038524873,5.805002038524873,0.0,279.69525520957507,279.69525520957507,0.0
A14,'Hohenems',24.48,2.0,0.0,53333.40958305029,26852.092271153047,26481.317311897245,99887.79432069242,50177.24661686807,49710.54770382436,1.0,3.0,2.0,1.0,1181.4677213782556,781.4677213782558,400.0,295.9535865225123,279.69525520957507,16.25833131293723,113.36380835118086,0.0,113.36380835118086
A14,'Rankweil West',33.46,0.0,2.0,22794.137882745563,22794.137882745563,0.0,41099.967515634846,41099.967515634846,0.0,-0.0,0.0,-0.0,0.0,0.0,0.0,0.0,0.0,0.0,0.0,410.9996751563484,410.9996751563484,0.0
A14,'Rankweil Ost',33.82,1.0,2.0,21949.829570058195,0.0,21949.829570058195,56639.54196425326,0.0,56639.54196425326,1.0,1.0,0.0,1.0,399.99999999999994,0.0,399.99999999999994,113.36380835118086,0.0,113.36380835118086,279.7592279937135,0.0,279.7592279937135
A14,'Schlins West',46.72,0.0,2.0,13115.0,13115.0,0.0,35141.4430123402,35141.4430123402,0.0,1.0,2.0,2.0,0.0,762.4141052797504,762.4141052797504,0.0,410.9996751563484,410.9996751563484,0.0,0.0,0.0,0.0
A14,'Schlins Ost',46.85,1.0,2.0,13492.000000000002,0.0,13492.000000000002,22886.809608579704,0.0,22886.809608579704,1.0,1.0,0.0,1.0,278.4096241974698,0.0,278.4096241974698,279.7592279937135,0.0,279.7592279937135,230.2176998820408,0.0,230.2176998820408
A14,'Nüziders',55.2,1.0,2.0,13282.144454187755,0.0,13282.144454187755,16978.23001179592,0.0,16978.23001179592,1.0,1.0,0.0,1.0,400.0,0.0,400.0,230.2176998820408,0.0,230.2176998820408,0.0,0.0,0.0
A2,'Guntramsdorf',14.43,2.0,0.0,106539.0608322543,54671.885978190505,51867.17485406379,341487.5079237672,158457.9372379927,183029.57068577447,1.0,7.0,3.0,4.0,2800.0,1200.0,1600.0,0.0,0.0,0.0,614.8750792376718,384.579372379927,230.2957068577448
A2,'Triestingtal',32.08,0.0,1.0,40445.0,40445.0,0.0,143069.6923848394,143069.6923848394,0.0,1.0,5.0,5.0,0.0,1815.2762962283214,1815.2762962283214,0.0,384.579372379927,384.579372379927,0.0,0.0,0.0,0.0
A2,'Leobersdorf',32.08,1.0,1.0,39540.0,0.0,39540.0,56942.74699600472,0.0,56942.74699600472,1.0,1.0,0.0,1.0,400.0,0.0,400.0,230.2957068577448,0.0,230.2957068577448,399.72317681779214,0.0,399.72317681779214
A2,'Föhrenberg',39.31,1.0,0.0,39539.98215618593,0.0,39539.98215618593,93778.97588690832,0.0,93778.97588690832,1.0,3.0,0.0,3.0,1200.0,0.0,1200.0,399.72317681779214,0.0,399.72317681779214,137.51293568687515,0.0,137.51293568687515
A2,'Bad Fischau',40.93,0.0,0.0,37535.00000001001,37535.00000001001,0.0,66634.96786186735,66634.96786186735,0.0,1.0,1.0,1.0,0.0,400.0,400.0,0.0,0.0,0.0,0.0,266.34967861867347,266.34967861867347,0.0
A2,'Steinfeld',50.35,0.0,1.0,32434.00031526797,32434.00031526797,0.0,59928.40402750363,59928.40402750363,0.0,1.0,2.0,2.0,0.0,800.0,800.0,0.0,266.34967861867347,266.34967861867347,0.0,65.63371889370978,65.63371889370978,0.0
A2,'Wr. Neustadt',51.18,1.0,1.0,31158.00000000052,0.0,31158.00000000052,64946.24580860265,0.0,64946.24580860265,1.0,1.0,0.0,1.0,400.0,0.0,400.0,137.51293568687515,0.0,137.51293568687515,386.9753937729017,0.0,386.9753937729017
A2,'Witzelsberg',60.84,0.0,2.0,21168.0000351488,21168.0000351488,0.0,44783.30498303353,44783.30498303353,0.0,1.0,1.0,1.0,0.0,400.0,400.0,0.0,65.63371889370978,65.63371889370978,0.0,113.4667687240451,113.4667687240451,0.0
A2,'Gleissenfeld',61.52,1.0,2.0,18726.0,0.0,18726.0,64345.96758390275,0.0,64345.96758390275,1.0,2.0,0.0,2.0,786.9753937729026,0.0,786.9753937729026,386.9753937729017,0.0,386.9753937729017,243.4596758390266,0.0,243.4596758390266
A2,'Zöbern',78.76,2.0,0.0,34076.0,17853.0,16223.0,89918.35315876387,64008.58622397808,25909.766934785785,1.0,3.0,2.0,1.0,1153.5526309638258,753.5526309638259,400.0,356.9264445630717,113.4667687240451,243.4596758390266,102.55734518688445,0.0,102.55734518688445
A2,'Schäffern Ost',86.7,1.0,1.0,16223.0,0.0,16223.0,36516.98737256819,0.0,36516.98737256819,1.0,1.0,0.0,1.0,400.0,0.0,400.0,102.55734518688445,0.0,102.55734518688445,67.72721891256634,0.0,67.72721891256634
A2,'Pinkafeld/Ost',97.98,1.0,2.0,14325.0,0.0,14325.0,21727.470606482195,0.0,21727.470606482195,1.0,0.0,0.0,-0.0,0.0,0.0,0.0,67.72721891256634,0.0,67.72721891256634,285.0019249773883,0.0,285.0019249773883
A2,'Pinkafeld/West',98.0,0.0,2.0,15628.999999999998,15628.999999999998,0.0,60166.60979667192,60166.60979667192,0.0,1.0,1.0,1.0,0.0,400.0,400.0,0.0,0.0,0.0,0.0,201.66609796671924,201.66609796671924,0.0
A2,'Loipersdorf',105.5,2.0,0.0,27899.0,14612.0,13287.0,41927.32661100383,22138.85235466905,19788.474256334783,1.0,2.0,1.0,1.0,800.0,400.0,400.0,486.6680229441075,201.66609796671924,285.0019249773883,105.94128905414584,23.054621513409728,82.88666754073611
A2,'St. Johann/Süd',113.05,1.0,2.0,13287.000477266132,0.0,13287.000477266132,55839.64905204145,0.0,55839.64905204145,1.0,1.0,0.0,1.0,400.0,0.0,400.0,82.88666754073611,0.0,82.88666754073611,241.28315806115066,0.0,241.28315806115066
A2,'St. Johann/Nord',113.24,0.0,2.0,14612.067329295864,14612.067329295864,0.0,22243.9351941791,22243.9351941791,0.0,0.0,0.0,0.0,0.0,0.0,0.0,0.0,23.054621513409728,23.054621513409728,0.0,245.49397345520072,245.49397345520072,0.0
A2,'Hainersdorf',133.87,0.0,1.0,16034.999999999998,16034.999999999998,0.0,66144.33253637272,66144.33253637272,0.0,1.0,2.0,2.0,0.0,800.0,800.0,0.0,245.49397345520072,245.49397345520072,0.0,106.93729881892796,106.93729881892796,0.0
A2,'Bad Blumau',134.06,1.0,1.0,14879.0,0.0,14879.0,39913.51522050923,0.0,39913.51522050923,1.0,2.0,0.0,2.0,640.4183102662439,0.0,640.4183102662439,241.28315806115066,0.0,241.28315806115066,0.0,0.0,0.0
A2,'Ilztal/Nord ',147.5,1.0,2.0,16946.156088329964,0.0,16946.156088329964,22142.86453298605,0.0,22142.86453298605,1.0,0.0,0.0,0.0,0.0,0.0,0.0,0.0,0.0,0.0,221.42864532985953,0.0,221.42864532985953
A2,'Arnwiesen',154.1,2.0,0.0,36495.0010822289,19529.0004964994,16966.000585729496,135214.80430038154,78775.931104602,56438.87319577954,1.0,3.0,2.0,1.0,1182.1893234214745,782.1893234214746,400.0,328.3659441487875,106.93729881892796,221.42864532985953,498.3246637311283,112.50728644347339,385.8173772876549
A2,'Laßnitzhöhe Nord',170.16,0.0,1.0,27470.0,27470.0,0.0,89210.41764080411,89210.41764080411,0.0,1.0,2.0,2.0,0.0,800.0,800.0,0.0,112.50728644347339,112.50728644347339,0.0,204.6114628515145,204.6114628515145,0.0
A2,'Laßnitzhöhe Süd',170.65,1.0,1.0,29743.0,0.0,29743.0,119872.94775894134,0.0,119872.94775894134,1.0,3.0,0.0,3.0,1200.0,0.0,1200.0,385.8173772876549,0.0,385.8173772876549,384.54685487706826,0.0,384.54685487706826
A2,'Kaiserwald',190.77,2.0,0.0,42649.00410506857,21967.00248080555,20682.001624263023,212311.14271654858,90269.44009665956,122041.70261988904,1.0,5.0,2.0,3.0,1991.9732921258767,800.0,1191.9732921258767,589.1583177285827,204.6114628515145,384.54685487706826,720.296452768192,307.3058638181101,412.9905889500819
A2,'Herzogberg Nord',220.13,0.0,1.0,8807.00000002098,8807.00000002098,0.0,51848.951152018446,51848.951152018446,0.0,1.0,2.0,2.0,0.0,800.0,800.0,0.0,307.3058638181101,307.3058638181101,0.0,25.795375338294548,25.795375338294548,0.0
A2,'Herzogberg Süd',220.19,1.0,1.0,8120.999999999229,0.0,8120.999999999229,24362.120249568077,0.0,24362.120249568077,1.0,1.0,0.0,1.0,359.82423247426175,0.0,359.82423247426175,412.9905889500819,0.0,412.9905889500819,296.78755897150097,0.0,296.78755897150097
A2,'Pack',235.21,2.0,0.0,16928.0,8807.0,8120.999999999999,38160.3171582835,26540.01416042541,11620.302997858087,0.0,0.0,0.0,0.0,0.0,0.0,0.0,322.5829343097955,25.795375338294548,296.78755897150097,704.1861058926305,291.19551694254864,412.9905889500819
A2,'Twimberg Süd',242.34,1.0,2.0,9189.0,0.0,9189.0,32127.24787077568,0.0,32127.24787077568,1.0,2.0,0.0,2.0,734.2630676578387,0.0,734.2630676578387,412.9905889500819,0.0,412.9905889500819,0.0,0.0,0.0
A2,'Twimberg Nord',242.44,0.0,2.0,8465.0,8465.0,0.0,12179.507200753324,12179.507200753324,0.0,0.0,0.0,0.0,0.0,0.0,0.0,0.0,291.19551694254864,291.19551694254864,0.0,412.9905889500819,412.9905889500819,0.0
A2,'Fischering',259.85,1.0,2.0,10919.0,0.0,10919.0,19551.337675387487,0.0,19551.337675387487,1.0,0.0,0.0,0.0,0.0,0.0,0.0,0.0,0.0,0.0,195.51337675387487,0.0,195.51337675387487
A2,'St. Ändra',262.91,0.0,2.0,11358.00000168869,11358.00000168869,0.0,46444.591455370966,46444.591455370966,0.0,1.0,3.0,3.0,0.0,877.4365035037915,877.4365035037915,0.0,412.9905889500819,412.9905889500819,0.0,0.0,0.0,0.0
A2,'Gönitz/Süd',268.86,1.0,2.0,11607.0,0.0,11607.0,37377.39333079138,0.0,37377.39333079138,1.0,1.0,0.0,1.0,366.363922501593,0.0,366.363922501593,195.51337675387487,0.0,195.51337675387487,202.92338756019575,0.0,202.92338756019575
A2,'Gönitz/Nord',268.89,0.0,2.0,12420.0,12420.0,0.0,14890.993721836305,14890.993721836305,0.0,0.0,0.0,0.0,0.0,0.0,0.0,0.0,0.0,0.0,0.0,148.90993721836304,148.90993721836304,0.0
A2,'Haimburg Nord',279.17,0.0,2.0,10779.0,10779.0,0.0,21954.76010391007,21954.76010391007,0.0,0.0,0.0,0.0,0.0,0.0,0.0,0.0,148.90993721836304,148.90993721836304,0.0,368.45753825746374,368.45753825746374,0.0
A2,'Völkermarkt',285.09,2.0,0.0,21133.0,10779.0,10354.0,43435.933157851614,12657.478100764496,30778.45505708712,1.0,3.0,2.0,1.0,895.0323192651088,495.0323192651087,400.0,571.3809258176595,368.45753825746374,202.92338756019575,110.70793813106695,0.0,110.70793813106695
A2,'Grafenstein Süd',300.0,1.0,1.0,13587.999999999998,0.0,13587.999999999998,64499.09491933518,0.0,64499.09491933518,1.0,1.0,0.0,1.0,400.0,0.0,400.0,110.70793813106695,0.0,110.70793813106695,355.6988873244187,0.0,355.6988873244187
A2,'Grafenstein Nord',300.0,0.0,1.0,13362.0,13362.0,0.0,39644.441582321415,39644.441582321415,0.0,0.0,0.0,0.0,0.0,0.0,0.0,0.0,0.0,0.0,0.0,396.4444158232142,396.4444158232142,0.0
A2,'Krumpendorf/Nord',329.28,0.0,2.0,19027.00404912327,19027.00404912327,0.0,72939.3212153292,72939.3212153292,0.0,1.0,2.0,2.0,0.0,712.8470390264243,712.8470390264243,0.0,396.4444158232142,396.4444158232142,0.0,412.9905889500819,412.9905889500819,0.0
A2,'Karawankenblick/Süd',333.84,1.0,2.0,19384.999372588507,0.0,19384.999372588507,24175.820186266053,0.0,24175.820186266053,1.0,1.0,0.0,1.0,400.0,0.0,400.0,355.6988873244187,0.0,355.6988873244187,197.45708918707925,0.0,197.45708918707925
A2,'Wörthersee',340.13,2.0,0.0,38076.99999701492,19452.999998289542,18623.999998725383,75344.61920701242,42137.27856545779,33207.340641554634,1.0,3.0,2.0,1.0,1127.274208011854,727.274208011854,400.0,610.4476781371611,412.9905889500819,197.45708918707925,236.6196621954315,107.0891665928059,129.5304956026256
A2,'Sternberg/Süd',349.01,1.0,2.0,19615.999955893047,0.0,19615.999955893047,0.0,0.0,0.0,1.0,0.0,0.0,0.0,0.0,0.0,0.0,129.5304956026256,0.0,129.5304956026256,129.5304956026256,0.0,129.5304956026256
A2,'Sternberg/Nord',349.03,0.0,2.0,17176.999989573145,17176.999989573145,0.0,30590.1422357276,30590.1422357276,0.0,0.0,0.0,0.0,0.0,0.0,0.0,0.0,107.0891665928059,107.0891665928059,0.0,412.9905889500819,412.9905889500819,0.0
A2,'Federaun/Nord',361.73,0.0,2.0,16516.999999999996,16516.999999999996,0.0,41902.47823736397,41902.47823736397,0.0,1.0,2.0,2.0,0.0,666.5302969385666,666.5302969385666,0.0,412.9905889500819,412.9905889500819,0.0,165.48507438515503,165.48507438515503,0.0
A2,'Federaun/Süd',362.78,1.0,2.0,14962.999999991674,0.0,14962.999999991674,53969.28273959152,0.0,53969.28273959152,1.0,1.0,0.0,1.0,400.0,0.0,400.0,129.5304956026256,0.0,129.5304956026256,269.2233229985409,0.0,269.2233229985409
A2,'Dreiländereck Süd',374.17,2.0,0.0,29010.99995582863,9394.99999993558,19615.999955893047,73068.57514847351,23346.56263789885,49722.012510574656,0.0,1.0,0.0,1.0,400.0,0.0,400.0,434.7083973836959,165.48507438515503,269.2233229985409,765.394148868431,398.95070076414356,366.4434481042874
A2,'Dreiländereck Nord',374.27,2.0,0.0,24357.99999982947,9394.999999829468,14963.000000000002,3460.5851131569007,104.92992358564643,3355.655189571254,1.0,2.0,1.0,1.0,800.0,400.0,400.0,765.394148868431,398.95070076414356,366.4434481042874,0.0,0.0,0.0
A21,'Alland',14.68,2.0,0.0,40163.5,20093.0,20070.5,103417.58750904436,49420.33889377227,53997.24861527208,1.0,2.0,1.0,1.0,800.0,400.0,400.0,0.0,0.0,0.0,234.17587509044358,94.2033889377227,139.97248615272088
A21,'Dornbach',19.96,1.0,2.0,19174.48344498892,0.0,19174.48344498892,20444.35624155757,0.0,20444.35624155757,1.0,1.0,0.0,1.0,221.36548256107432,0.0,221.36548256107432,139.97248615272088,0.0,139.97248615272088,123.05056600722224,0.0,123.05056600722224
A21,'Sparbach',26.99,1.0,2.0,19671.37785407049,0.0,19671.37785407049,27694.943399277778,0.0,27694.943399277778,1.0,1.0,0.0,1.0,400.0,0.0,400.0,123.05056600722224,0.0,123.05056600722224,0.0,0.0,0.0
A21,'Hinterbrühl',26.99,0.0,1.0,19730.962284466663,19730.962284466663,0.0,44502.271823291965,44502.271823291965,0.0,1.0,2.0,2.0,0.0,539.2261071706423,539.2261071706423,0.0,94.2033889377227,94.2033889377227,0.0,0.0,0.0,0.0
A22,'Korneuburg West',18.04,1.0,0.0,32131.000000493023,0.0,32131.000000493023,63932.21893438356,0.0,63932.21893438356,1.0,1.0,0.0,1.0,400.0,0.0,400.0,0.0,0.0,0.0,239.3221893438357,0.0,239.3221893438357
A22,'Korneuburg Ost',18.12,0.0,0.0,32321.000000000007,32321.000000000007,0.0,116866.4197787237,116866.4197787237,0.0,1.0,3.0,3.0,0.0,1168.664197787237,1168.664197787237,0.0,0.0,0.0,0.0,0.0,0.0,0.0
A22,'Stockerau',28.09,1.0,0.0,30190.007584098337,0.0,30190.007584098337,9009.757712564318,0.0,9009.757712564318,1.0,1.0,0.0,1.0,329.4197664694789,0.0,329.4197664694789,239.3221893438357,0.0,239.3221893438357,0.0,0.0,0.0
A25,'Pucking',5.97,0.0,1.0,21620.0,21620.0,0.0,25350.64141680889,25350.64141680889,0.0,-0.0,0.0,-0.0,0.0,0.0,0.0,0.0,0.0,0.0,0.0,253.5064141680889,253.5064141680889,0.0
A25,'Sinnersdorf/Süd',6.11,1.0,2.0,21271.0,0.0,21271.0,28981.93257809412,0.0,28981.93257809412,1.0,1.0,0.0,1.0,247.34364944767162,0.0,247.34364944767162,0.0,0.0,0.0,42.475676333269575,0.0,42.475676333269575
A25,'Wels',13.06,2.0,0.0,49975.503210327646,25078.48219887029,24897.02101145736,71240.92245977157,35488.490093098524,35752.43236667305,1.0,3.0,2.0,1.0,1008.3913150990741,608.3913150990741,400.0,295.98209050135847,253.5064141680889,42.475676333269575,0.0,0.0,0.0
A3,'Hornstein',28.0,2.0,0.0,35088.0,17427.0,17661.0,114520.76259901357,66852.17460927166,47668.58798974191,1.0,4.0,2.0,2.0,1145.2076259901357,668.5217460927166,476.68587989741906,0.0,0.0,0.0,0.0,0.0,0.0
A4,'Simmering',2.45,0.0,0.0,35371.78969176939,35371.78969176939,0.0,22257.83857434953,22257.83857434953,0.0,-0.0,0.0,-0.0,0.0,0.0,0.0,0.0,0.0,0.0,0.0,222.57838574349532,222.57838574349532,0.0
A4,'Fischamend',22.33,0.0,1.0,28227.0,28227.0,0.0,112756.86408974236,112756.86408974236,0.0,1.0,4.0,4.0,0.0,1350.147026640919,1350.147026640919,0.0,222.57838574349532,222.57838574349532,0.0,0.0,0.0,0.0
A4,'Maria Ellend',22.48,1.0,1.0,27990.0,0.0,27990.0,32591.644875563223,0.0,32591.644875563223,1.0,0.0,0.0,-0.0,0.0,0.0,0.0,0.0,0.0,0.0,325.91644875563225,0.0,325.91644875563225
A4,'Göttlesbrunn',28.04,2.0,0.0,47550.0,24272.0,23278.0,112197.1085476203,28046.547072865586,84150.56147475471,0.0,2.0,0.0,2.0,799.9999999999997,0.0,799.9999999999997,325.91644875563225,0.0,325.91644875563225,647.8875342318355,280.4654707286559,367.42206350317963
A4,'Parndorf',46.23,1.0,2.0,19928.0,0.0,19928.0,74634.97330866668,0.0,74634.97330866668,1.0,2.0,0.0,2.0,725.1796414721209,0.0,725.1796414721209,367.42206350317963,0.0,367.42206350317963,388.59215511772555,0.0,388.59215511772555
A4,'Neusiedl',47.01,0.0,2.0,21837.0,21837.0,0.0,82260.78440998313,82260.78440998313,0.0,1.0,3.0,3.0,0.0,1075.794774971619,1075.794774971619,0.0,280.4654707286559,280.4654707286559,0.0,27.27853985686812,27.27853985686812,0.0
A4,'Nickelsdorf Süd',64.65,0.0,0.0,10545.000205483248,10545.000205483248,0.0,37272.146014313184,37272.146014313184,0.0,1.0,1.0,1.0,0.0,400.0,400.0,0.0,27.27853985686812,27.27853985686812,0.0,0.0,0.0,0.0
A4,'Nickelsdorf Nord',64.97,1.0,0.0,7158.000028017371,0.0,7158.000028017371,1140.7844882274428,0.0,1140.7844882274428,1.0,1.0,0.0,1.0,400.0,0.0,400.0,388.59215511772555,0.0,388.59215511772555,0.0,0.0,0.0
A5,'Hochleithen',10.63,2.0,0.0,35611.2,17306.5,18304.7,171050.44466718304,34873.96904422976,136176.4756229533,1.0,5.0,1.0,4.0,1710.5044466718307,348.73969044229756,1361.764756229533,0.0,0.0,0.0,0.0,0.0,0.0
A6,'Potzneusiedl',10.8,2.0,0.0,15204.999999970727,7325.999999986983,7878.999999983744,33671.23460537669,15733.539261383205,17937.695343993484,1.0,2.0,1.0,1.0,336.7123460537669,157.33539261383206,179.37695343993485,0.0,0.0,0.0,0.0,0.0,0.0
A7,'Engerwitzdorf',25.71,1.0,1.0,19344.0,0.0,19344.0,4050.242286953621,0.0,4050.242286953621,1.0,1.0,0.0,1.0,40.50242286953621,0.0,40.50242286953621,0.0,0.0,0.0,0.0,0.0,0.0
A7,'Denk',25.76,0.0,1.0,18851.0,18851.0,0.0,97075.89483825683,97075.89483825683,0.0,1.0,3.0,3.0,0.0,970.7589483825684,970.7589483825684,0.0,0.0,0.0,0.0,0.0,0.0,0.0
A8,'Voralpenkreuz',0.17,2.0,0.0,20453.0,10081.0,10372.0,35002.97696040159,882.1776563040131,34120.79930409758,-0.0,0.0,-0.0,-0.0,0.0,0.0,0.0,0.0,0.0,0.0,350.02976960401594,8.821776563040132,341.2079930409758
A8,'Oberham/Süd',16.76,1.0,2.0,24053.99876684948,0.0,24053.99876684948,18977.635739131696,0.0,18977.635739131696,1.0,1.0,0.0,1.0,400.0,0.0,400.0,341.2079930409758,0.0,341.2079930409758,130.98435043229279,0.0,130.98435043229279
A8,'Oberham/Nord',18.32,0.0,2.0,21938.95947401208,21938.95947401208,0.0,79070.52120426737,79070.52120426737,0.0,1.0,2.0,2.0,0.0,799.5269886057138,799.5269886057138,0.0,8.821776563040132,8.821776563040132,0.0,0.0,0.0,0.0
A8,'Schnittering/Süd',20.68,1.0,2.0,17695.568077309275,0.0,17695.568077309275,46433.72435952304,0.0,46433.72435952304,1.0,1.0,0.0,1.0,400.0,0.0,400.0,130.98435043229279,0.0,130.98435043229279,195.3215940275232,0.0,195.3215940275232
A8,'Kematen/Nord',24.85,0.0,2.0,16374.0,16374.0,0.0,21401.04458132792,21401.04458132792,0.0,0.0,0.0,-0.0,0.0,0.0,0.0,0.0,0.0,0.0,0.0,214.01044581327918,214.01044581327918,0.0
A8,'Aistersheim',33.81,2.0,0.0,30956.0,14979.0,15977.0,60874.30024176926,26835.862190523447,34038.438051245816,1.0,2.0,1.0,1.0,738.0580797893786,338.05807978937855,400.0,409.3320398408024,214.01044581327918,195.3215940275232,280.01696246911644,144.31098792913508,135.70597453998136
A8,'Gotthaming',43.74,0.0,2.0,13574.002126406618,13574.002126406618,0.0,26867.96010209468,26867.96010209468,0.0,-0.0,0.0,-0.0,0.0,0.0,0.0,0.0,144.31098792913508,144.31098792913508,0.0,412.9905889500819,412.9905889500819,0.0
A8,'Renhartsberg',44.47,1.0,2.0,14008.000000000133,0.0,14008.000000000133,14392.702685008398,0.0,14392.702685008398,1.0,1.0,0.0,1.0,187.71807143846902,0.0,187.71807143846902,135.70597453998136,0.0,135.70597453998136,91.91492995159632,0.0,91.91492995159632
A8,'Grübl/Süd’,49.59,1.0,2.0,14008.0,0.0,14008.0,20419.630414824154,0.0,20419.630414824154,1.0,0.0,0.0,0.0,0.0,0.0,0.0,91.91492995159632,0.0,91.91492995159632,296.1112340998379,0.0,296.1112340998379
A8,'Grübl/Nord',49.61,0.0,2.0,13574.000000000002,13574.000000000002,0.0,15944.892462999343,15944.892462999343,0.0,1.0,1.0,1.0,0.0,357.92574823942635,357.92574823942635,0.0,412.9905889500819,412.9905889500819,0.0,214.51376534064894,214.51376534064894,0.0
A8,'Murau West',56.77,1.0,1.0,14172.0,0.0,14172.0,41708.92113869764,0.0,41708.92113869764,1.0,1.0,0.0,1.0,400.0,0.0,400.0,296.1112340998379,0.0,296.1112340998379,313.20044548681426,0.0,313.20044548681426
A8,'Murau Ost',56.88,0.0,1.0,13536.0,13536.0,0.0,19847.682360943298,19847.682360943298,0.0,0.0,0.0,-0.0,0.0,0.0,0.0,0.0,214.51376534064894,214.51376534064894,0.0,412.99058895008193,412.99058895008193,0.0
A8,'Marienkirchen/Schärding’,71.6,1.0,1.0,10055.234280795672,0.0,10055.234280795672,6370.451690557319,0.0,6370.451690557319,1.0,0.0,0.0,-0.0,0.0,0.0,0.0,313.20044548681426,0.0,313.20044548681426,376.90496239238746,0.0,376.90496239238746
A8,'Dietrichshofen/Ost',72.06,0.0,2.0,8836.923336744558,8836.923336744558,0.0,26734.753655044016,26734.753655044016,0.0,1.0,2.0,2.0,0.0,680.3381255005221,680.3381255005221,0.0,412.99058895008193,412.99058895008193,0.0,0.0,0.0,0.0
A8,'Suben West',74.77,1.0,0.0,9186.000000189424,0.0,9186.000000189424,2309.5037607612567,0.0,2309.5037607612567,1.0,1.0,0.0,1.0,400.0,0.0,400.0,376.90496239238746,0.0,376.90496239238746,0.0,0.0,0.0
A9,'Maisdorf/Ost',12.66,1.0,2.0,10503.0,0.0,10503.0,49687.49353628505,0.0,49687.49353628505,1.0,1.0,0.0,1.0,400.0,0.0,400.0,0.0,0.0,0.0,96.87493536285052,0.0,96.87493536285052
A9,'Maisdorf/West',12.73,0.0,2.0,11055.0,11055.0,0.0,28126.582456850745,28126.582456850745,0.0,0.0,0.0,0.0,0.0,0.0,0.0,0.0,0.0,0.0,0.0,281.26582456850747,281.26582456850747,0.0
A9,'St. Pankraz',36.36,2.0,0.0,13974.0,7033.0,6941.0,59101.108124232705,33173.700142315945,25927.407981916764,1.0,2.0,2.0,0.0,613.0028259916669,613.0028259916669,0.0,378.140759931358,281.26582456850747,96.87493536285052,356.14901518201816,0.0,356.14901518201816
A9,'Pyhrn-Priel Ost’,55.03,1.0,1.0,7591.971611767987,0.0,7591.971611767987,16849.293094569046,0.0,16849.293094569046,1.0,1.0,0.0,1.0,400.0,0.0,400.0,356.14901518201816,0.0,356.14901518201816,124.64194612770862,0.0,124.64194612770862
A9,'Pyhrn-Priel West',55.04,0.0,1.0,8230.855228133318,8230.855228133318,0.0,31192.30198661983,31192.30198661983,0.0,0.0,0.0,0.0,0.0,0.0,0.0,0.0,0.0,0.0,0.0,311.92301986619833,311.92301986619833,0.0
A9,'Ardning Ost',65.96,1.0,2.0,13083.999999877302,0.0,13083.999999877302,31041.45899234372,0.0,31041.45899234372,1.0,1.0,0.0,1.0,400.0,0.0,400.0,124.64194612770862,0.0,124.64194612770862,35.0565360511458,0.0,35.0565360511458
A9,'Ardning West',66.04,0.0,2.0,13361.999999983376,13361.999999983376,0.0,29114.41644929437,29114.41644929437,0.0,1.0,1.0,1.0,0.0,318.1172942512685,318.1172942512685,0.0,311.92301986619833,311.92301986619833,0.0,284.94989010787356,284.94989010787356,0.0
A9,'Rottenmann/Nord',77.91,1.0,2.0,13084.0,0.0,13084.0,20345.18808414952,0.0,20345.18808414952,1.0,0.0,0.0,0.0,0.0,0.0,0.0,35.0565360511458,0.0,35.0565360511458,238.50841689264098,0.0,238.50841689264098
A9,'Rottenmann/Süd',78.18,0.0,2.0,13362.0,13362.0,0.0,32196.632573168365,32196.632573168365,0.0,1.0,1.0,1.0,0.0,400.0,400.0,0.0,284.94989010787356,284.94989010787356,0.0,206.91621583955717,206.91621583955717,0.0
A9,'Trieben',85.7,2.0,0.0,20906.0,10619.0,10287.0,29194.785607799568,15971.560943056678,13223.224664742887,0.0,0.0,0.0,0.0,0.0,0.0,0.0,445.4246327321981,206.91621583955717,238.50841689264098,737.3724888101938,366.63182527012395,370.7406635400698
A9,'Gaishorn',92.11,1.0,1.0,10287.0,0.0,10287.0,59758.32239265699,0.0,59758.32239265699,1.0,2.0,0.0,2.0,800.0,0.0,800.0,370.7406635400698,0.0,370.7406635400698,168.3238874666398,0.0,168.3238874666398
A9,'Treglwang',94.03,0.0,2.0,10619.0,10619.0,0.0,17705.39000500141,17705.39000500141,0.0,1.0,1.0,1.0,0.0,400.0,400.0,0.0,366.63182527012395,366.63182527012395,0.0,143.68572532013803,143.68572532013803,0.0
A9,'Kalwang',106.26,0.0,1.0,10953.0,10953.0,0.0,26930.486362994383,26930.486362994383,0.0,0.0,0.0,0.0,0.0,0.0,0.0,0.0,143.68572532013803,143.68572532013803,0.0,412.9905889500819,412.9905889500819,0.0
A9,'Kammern Nord',121.18,1.0,2.0,10926.0,0.0,10926.0,175.9889804448717,0.0,175.9889804448717,1.0,0.0,0.0,0.0,0.0,0.0,0.0,168.3238874666398,0.0,168.3238874666398,170.0837772710885,0.0,170.0837772710885
A9,'Kammern Süd',121.26,2.0,0.0,21954.0,11028.0,10926.0,64341.42807325543,32914.014449608665,31427.413623646764,1.0,3.0,2.0,1.0,1142.1307334461685,742.1307334461685,400.0,583.0743662211704,412.9905889500819,170.0837772710885,84.35791350755616,0.0,84.35791350755616
A9,'St. Michael',135.01,0.0,2.0,11073.004965524444,11073.004965524444,0.0,30404.004309309235,30404.004309309235,0.0,0.0,0.0,0.0,0.0,0.0,0.0,0.0,0.0,0.0,0.0,304.0400430930924,304.0400430930924,0.0
A9,'Ortnerhof Nord',135.65,1.0,2.0,10574.999873012946,0.0,10574.999873012946,7705.628111447948,0.0,7705.628111447948,1.0,0.0,0.0,0.0,0.0,0.0,0.0,84.35791350755616,0.0,84.35791350755616,161.41419462203564,0.0,161.41419462203564
A9,'Ortnerhof Süd’,135.65,0.0,2.0,11073.999444063618,11073.999444063618,0.0,1386.6510981153897,1386.6510981153897,0.0,0.0,0.0,0.0,0.0,0.0,0.0,0.0,304.0400430930924,304.0400430930924,0.0,317.9065540742463,317.9065540742463,0.0
A9,'Hinterlainsach/Ost',139.16,0.0,2.0,11074.0,11074.0,0.0,7841.721665687022,7841.721665687022,0.0,0.0,0.0,0.0,0.0,0.0,0.0,0.0,317.9065540742463,317.9065540742463,0.0,396.3237707311165,396.3237707311165,0.0
A9,'Hinterlainsach/West',139.3,1.0,2.0,10575.0,0.0,10575.0,31388.73352344284,0.0,31388.73352344284,1.0,1.0,0.0,1.0,384.5759879371854,0.0,384.5759879371854,161.41419462203564,0.0,161.41419462203564,90.72554191927861,0.0,90.72554191927861
A9,'Kleintal',150.57,0.0,2.0,11777.0,11777.0,0.0,26809.336064293304,26809.336064293304,0.0,1.0,2.0,2.0,0.0,664.4171313740495,664.4171313740495,0.0,396.3237707311165,396.3237707311165,0.0,0.0,0.0,0.0
A9,'Übelbach 1',154.16,1.0,2.0,11512.0,0.0,11512.0,17781.923523171823,0.0,17781.923523171823,1.0,0.0,0.0,0.0,0.0,0.0,0.0,90.72554191927861,0.0,90.72554191927861,268.54477715099694,0.0,268.54477715099694
A9,'Übelbach 2',154.24,0.0,2.0,11777.0,11777.0,0.0,8639.97767636247,8639.97767636247,0.0,0.0,0.0,0.0,0.0,0.0,0.0,0.0,0.0,0.0,0.0,86.3997767636247,86.3997767636247,0.0
A9,'Deutschfeistritz',161.95,2.0,0.0,23289.000114064176,11777.000055015264,11512.00005904891,76050.65254937344,18003.928396732397,58046.72415264104,0.0,2.0,0.0,2.0,800.0,0.0,800.0,354.9445539146216,86.3997767636247,268.54477715099694,315.45107940835607,266.43906073094865,49.01201867740741
A9,'Eggenfeld',169.13,0.0,2.0,20432.1080698656,20432.1080698656,0.0,29453.135965858,29453.135965858,0.0,1.0,1.0,1.0,0.0,280.92030782197077,280.92030782197077,0.0,266.43906073094865,266.43906073094865,0.0,280.0501125675579,280.0501125675579,0.0
A9,'Feldkirchen',186.97,1.0,2.0,29999.01028154669,0.0,29999.01028154669,57184.44424849908,0.0,57184.44424849908,1.0,1.0,0.0,1.0,399.99999999999994,0.0,399.99999999999994,49.01201867740741,0.0,49.01201867740741,220.85646116239832,0.0,220.85646116239832
A9,'Premstätten',192.48,0.0,1.0,32302.511670869648,32302.511670869648,0.0,152381.31708348572,152381.31708348572,0.0,1.0,4.0,4.0,0.0,1600.0,1600.0,0.0,280.0501125675579,280.0501125675579,0.0,203.86328340241505,203.86328340241505,0.0
A9,'Thalerhof',196.52,1.0,2.0,26113.265874187266,0.0,26113.265874187266,77662.26512324884,0.0,77662.26512324884,1.0,2.0,0.0,2.0,800.0,0.0,800.0,220.85646116239832,0.0,220.85646116239832,197.47911239488678,0.0,197.47911239488678
A9,'Gralla West',211.06,0.0,0.0,20689.0,20689.0,0.0,76643.58637779353,76643.58637779353,0.0,1.0,2.0,2.0,0.0,800.0,800.0,0.0,203.86328340241505,203.86328340241505,0.0,170.29914718035033,170.29914718035033,0.0
A9,'Gralla Ost',211.45,1.0,0.0,19399.0,0.0,19399.0,52785.10516275293,0.0,52785.10516275293,1.0,1.0,0.0,1.0,400.0,0.0,400.0,197.47911239488678,0.0,197.47911239488678,325.330164022416,0.0,325.330164022416
A9,'Straß Ost’,225.02,1.0,2.0,7452.000000000777,0.0,7452.000000000777,7466.983597758399,0.0,7466.983597758399,1.0,1.0,0.0,1.0,400.0,0.0,400.0,325.330164022416,0.0,325.330164022416,0.0,0.0,0.0
A9,'Straß West',225.02,0.0,2.0,8239.000000000515,8239.000000000515,0.0,22970.085281964966,22970.085281964966,0.0,1.0,1.0,1.0,0.0,400.0,400.0,0.0,170.29914718035033,170.29914718035033,0.0,0.0,0.0,0.0
S16,'Schnann',18.9,2.0,0.0,9860.99996031521,4941.999999999992,4918.999960315217,43437.30630977449,18700.073610347983,24737.232699426502,-0.0,0.0,-0.0,0.0,0.0,0.0,0.0,0.0,0.0,0.0,434.3730630977449,187.00073610347982,247.37232699426502
S16,'Klösterle',44.17,1.0,0.0,4439.000000265529,0.0,4439.000000265529,13183.237295726443,0.0,13183.237295726443,1.0,0.0,0.0,0.0,0.0,0.0,0.0,247.37232699426502,0.0,247.37232699426502,379.2046999515296,0.0,379.2046999515296
S16,'Innerbraz',54.99,0.0,0.0,5391.999999999998,5391.999999999998,0.0,38789.08951452321,38789.08951452321,0.0,1.0,1.0,1.0,0.0,218.55638760860518,218.55638760860518,0.0,187.00073610347982,187.00073610347982,0.0,356.3352436401068,356.3352436401068,0.0
S16,'Radin Süd',59.01,1.0,2.0,5252.0,0.0,5252.0,3038.655605334979,0.0,3038.655605334979,1.0,2.0,0.0,2.0,409.5912560048794,0.0,409.5912560048794,379.2046999515296,0.0,379.2046999515296,0.0,0.0,0.0
S16,'Radin Nord',59.03,0.0,2.0,5392.0,5392.0,0.0,4366.475635989322,4366.475635989322,0.0,1.0,1.0,1.0,0.0,400.0,400.0,0.0,356.3352436401068,356.3352436401068,0.0,0.0,0.0,0.0
S1A,'Schwechat',9.85,2.0,0.0,61703.49999987559,31463.499999975807,30239.99999989978,98660.20943375537,39041.52295889174,59618.68647486362,1.0,3.0,1.0,2.0,986.6020943375537,390.41522958891744,596.1868647486363,0.0,0.0,0.0,0.0,0.0,0.0
S1B,'Deutsch Wagram',39.05,2.0,0.0,32604.83333333333,16237.966666666664,16366.866666666663,73145.99870320682,9677.10465852084,63468.89404468598,1.0,3.0,1.0,2.0,731.4599870320682,96.77104658520841,634.6889404468598,0.0,0.0,0.0,0.0,0.0,0.0
S3,'Hollabrunn',23.6,1.0,2.0,6766.0,0.0,6766.0,15563.630436509862,0.0,15563.630436509862,1.0,1.0,0.0,1.0,155.63630436509862,0.0,155.63630436509862,0.0,0.0,0.0,0.0,0.0,0.0
S31,‘Mattersburg’,52.09,1.0,2.0,8153.0,0.0,8153.0,26231.718576042676,0.0,26231.718576042676,1.0,0.0,0.0,-0.0,0.0,0.0,0.0,0.0,0.0,0.0,262.31718576042675,0.0,262.31718576042675
S31,'Forchtenstein’,52.45,0.0,2.0,7857.0,7857.0,0.0,29576.297095027607,29576.297095027607,0.0,-0.0,0.0,-0.0,0.0,0.0,0.0,0.0,0.0,0.0,0.0,295.7629709502761,295.7629709502761,0.0
S31,'Kobersdorf',66.91,0.0,2.0,6223.999999590788,6223.999999590788,0.0,17886.095398002628,17886.095398002628,0.0,1.0,2.0,2.0,0.0,474.6239249303024,474.6239249303024,0.0,295.7629709502761,295.7629709502761,0.0,0.0,0.0,0.0
S31,'Tschurndorf',68.14,1.0,2.0,6566.999817015507,0.0,6566.999817015507,21185.283057988152,0.0,21185.283057988152,1.0,2.0,0.0,2.0,474.1700163403083,0.0,474.1700163403083,262.31718576042675,0.0,262.31718576042675,0.0,0.0,0.0
S33,'St. Pölten Ost',1.84,0.0,0.0,15332.000000000002,15332.000000000002,0.0,42162.713450383104,42162.713450383104,0.0,1.0,1.0,1.0,0.0,400.0,400.0,0.0,0.0,0.0,0.0,21.62713450383103,21.62713450383103,0.0
S33,'Inzersdorf',15.28,1.0,1.0,15650.364459623052,0.0,15650.364459623052,47979.53816597848,0.0,47979.53816597848,1.0,2.0,0.0,2.0,479.7953816597848,0.0,479.7953816597848,0.0,0.0,0.0,0.0,0.0,0.0
S33,'Herzogenburg',15.69,0.0,1.0,15657.319893344473,15657.319893344473,0.0,36041.87317235301,36041.87317235301,0.0,1.0,1.0,1.0,0.0,382.0458662273611,382.0458662273611,0.0,21.62713450383103,21.62713450383103,0.0,0.0,0.0,0.0
S35,'Frohnleiten Ost',26.82,1.0,2.0,9690.0,0.0,9690.0,18587.030666064784,0.0,18587.030666064784,1.0,1.0,0.0,1.0,185.87030666064786,0.0,185.87030666064786,0.0,0.0,0.0,0.0,0.0,0.0
S35,'Frohnleiten West',26.82,0.0,2.0,9816.0,9816.0,0.0,51001.472361815664,51001.472361815664,0.0,1.0,2.0,2.0,0.0,510.01472361815667,510.01472361815667,0.0,0.0,0.0,0.0,0.0,0.0,0.0
S36,'St. Marein Nord',14.89,0.0,0.0,10113.0,10113.0,0.0,30156.505485607195,30156.505485607195,0.0,0.0,0.0,-0.0,0.0,0.0,0.0,0.0,0.0,0.0,0.0,301.565054856072,301.565054856072,0.0
S36,'St. Marein Süd',14.97,1.0,0.0,10133.0,0.0,10133.0,39904.344783471744,0.0,39904.344783471744,1.0,0.0,0.0,-0.0,0.0,0.0,0.0,0.0,0.0,0.0,399.0434478347174,0.0,399.0434478347174
S36,'Strettweg',34.61,1.0,2.0,9701.0,0.0,9701.0,5373.278346516238,0.0,5373.278346516238,1.0,2.0,0.0,2.0,452.7762312998798,0.0,452.7762312998798,399.0434478347174,0.0,399.0434478347174,0.0,0.0,0.0
S36,'Hauswald',35.77,0.0,2.0,9740.5,9740.5,0.0,40577.73593246791,40577.73593246791,0.0,1.0,2.0,2.0,0.0,707.3424141807511,707.3424141807511,0.0,301.565054856072,301.565054856072,0.0,0.0,0.0,0.0
S37,'Hunnenbrunnen',285.19,0.0,2.0,19888.0,10058.000000000002,9830.0,36142.46463235457,4295.795543572071,31846.6690887825,0.0,1.0,-0.0,1.0,318.466690887825,0.0,318.466690887825,0.0,0.0,0.0,42.95795543572072,42.95795543572072,0.0
S37,'Zollfeld',293.91,0.0,2.0,10058.0,10058.0,0.0,17382.606338754165,17382.606338754165,0.0,1.0,1.0,1.0,0.0,216.7840188232624,216.7840188232624,0.0,42.95795543572072,42.95795543572072,0.0,0.0,0.0,0.0
S5,'Zaina',6.3,0.0,2.0,17736.0,17736.0,0.0,22057.74265192454,22057.74265192454,0.0,-0.0,0.0,-0.0,0.0,0.0,0.0,0.0,0.0,0.0,0.0,220.57742651924536,220.57742651924536,0.0
S5,'Grafenwörth',32.85,2.0,0.0,24240.0,12017.0,12223.0,92944.80421055126,63800.34208286393,29144.46212768733,1.0,4.0,3.0,1.0,1150.0254686247579,858.5808473478846,291.4446212768733,220.57742651924536,220.57742651924536,0.0,0.0,0.0,0.0
S6,'Natschbach',3.22,2.0,0.0,28895.0,14441.0,14454.000000000002,49805.03843322329,7829.400123642268,41975.63830958102,0.0,1.0,0.0,1.0,400.0,0.0,400.0,0.0,0.0,0.0,98.05038433223292,78.29400123642269,19.756383095810236
S6,'Gloggnitz Süd',17.81,1.0,2.0,7935.5,0.0,7935.5,9081.297254301347,0.0,9081.297254301347,1.0,0.0,0.0,-0.0,0.0,0.0,0.0,19.756383095810236,0.0,19.756383095810236,110.56935563882371,0.0,110.56935563882371
S6,'Gloggnitz Nord',18.44,0.0,2.0,8009.0,8009.0,0.0,24242.62115602437,24242.62115602437,0.0,0.0,0.0,0.0,0.0,0.0,0.0,0.0,78.29400123642269,78.29400123642269,0.0,320.7202127966664,320.7202127966664,0.0
S6,'Schottwien',23.57,2.0,0.0,15944.5,8009.0,7935.5,47842.38487070686,8181.6019594493055,39660.78291125756,0.0,1.0,0.0,1.0,212.11336065796183,0.0,212.11336065796183,431.2895684354901,320.7202127966664,110.56935563882371,697.600056484597,402.53623239115944,295.06382409343746
S6,'Schwöbing Nord',48.55,0.0,0.0,9945.0,9945.0,0.0,49668.15156439487,49668.15156439487,0.0,1.0,2.0,2.0,0.0,702.7472067244921,702.7472067244921,0.0,402.53623239115944,402.53623239115944,0.0,196.4705413106161,196.4705413106161,0.0
S6,'Schwöbing Süd',48.57,1.0,0.0,9757.0,0.0,9757.0,46526.20864062981,0.0,46526.20864062981,1.0,1.0,0.0,1.0,400.0,0.0,400.0,295.06382409343746,0.0,295.06382409343746,360.32591049973564,0.0,360.32591049973564
S6,'St. Marein',68.99,0.0,0.0,12864.0,12864.0,0.0,52521.60007264168,52521.60007264168,0.0,1.0,1.0,1.0,0.0,400.0,400.0,0.0,196.4705413106161,196.4705413106161,0.0,321.68654203703295,321.68654203703295,0.0
S6,'Kapfenberg Nord',72.03,0.0,2.0,12864.0,12864.0,0.0,7831.345796296708,7831.345796296708,0.0,1.0,1.0,1.0,0.0,400.0,400.0,0.0,321.68654203703295,321.68654203703295,0.0,0.0,0.0,0.0
S6,'Kapfenberg Süd',72.45,1.0,1.0,12893.5,0.0,12893.5,83967.40895002644,0.0,83967.40895002644,1.0,3.0,0.0,3.0,1200.0,0.0,1200.0,360.32591049973564,0.0,360.32591049973564,0.0,0.0,0.0
