Time of calculation: 20210928-153321; value of objective: 4458.092848936792;  acc=20.0;  ec=0.25;  e_tax=0.15;  cfix=50000;  cvar=10000;  eta=0.011; mu=0.5; tf_at_peak=0.2;  hours_of_constant_charging=20;  i=0.05;  T=10
highway,name,asfinag_position,direction,asfinag_type,traffic_flow,traffic_flow_1,energy_demand,energy_demand_1,pXi_dir,pYi_dir,pYi_dir_1,pE_charged,pE_charged_1,pE_input,pE_input_1,pE_output,pE_output_1,traffic_flow_0,energy_demand_0,pYi_dir_0,pE_charged_0,pE_input_0,pE_output_0
A1,'Parkplatz Großraum’,27.42,2.0,2.0,25490.0,13297.0,59974.3253495514,14541.0894450967,0.0,0.0,0.0,0.0,0.0,0.0,0.0,65.97175788450653,15.99519838960637,12193.0,45433.2359044547,-0.0,0.0,0.0,49.976559494900165
A1,'Steinhäusl',32.7,2.0,0.0,63195.9999999991,31709.9999999998,111561.5048226672,77129.6222725955,0.0,0.0,-0.0,-2.7000623958883807e-13,-2.7000623958883807e-13,65.97175788450653,15.99519838960637,188.6894131894408,100.83778288946169,31485.9999999993,34431.8825500717,-0.0,0.0,49.976559494900165,87.85163029997912
A1,'Kirchstetten',44.88,0.0,1.0,29897.9999954276,0.0,72732.0809427628,0.0,0.0,0.0,0.0,0.0,0.0,87.85163029997912,0.0,167.85691933701835,0.0,29897.9999954276,72732.0809427628,-0.0,0.0,87.85163029997912,167.85691933701835
A1,'Kesselhof',44.88,1.0,1.0,30234.9999967191,30234.9999967191,109130.955699818,109130.955699818,0.0,0.0,-0.0,0.0,0.0,100.83778288946169,100.83778288946169,220.88183415926167,220.88183415926167,0.0,0.0,0.0,0.0,0.0,0.0
A1,'St. Pölten',62.9,2.0,1.0,71148.0,35565.0,227454.8494341069,99032.4320338409,1.0,12.0,6.0,600.0000000000031,300.00000000000256,388.73875349628,220.88183415926167,38.93908787379479,29.81750939648424,35583.0,128422.417400266,6.0,300.0000000000005,167.85691933701835,9.12157847731055
A1,'Schallaburg',76.81,1.0,1.0,29188.0,29188.0,136934.360376389,136934.360376389,0.0,0.0,-0.0,0.0,0.0,29.81750939648424,29.81750939648424,180.44530581051248,180.44530581051248,0.0,0.0,0.0,0.0,0.0,0.0
A1,'Roggendorf',76.82,0.0,1.0,28377.0,0.0,78562.3321961741,0.0,0.0,0.0,0.0,0.0,0.0,9.12157847731055,0.0,95.54014389310225,0.0,28377.0,78562.3321961741,-0.0,0.0,9.12157847731055,95.54014389310225
A1,'Ornding',88.04,0.0,1.0,27048.0,0.0,60488.0749227046,0.0,0.0,0.0,0.0,0.0,0.0,95.54014389310225,0.0,162.0770263080775,0.0,27048.0,60488.0749227046,-0.0,0.0,95.54014389310225,162.0770263080775
A1,'Ybbs',100.32,1.0,0.0,27161.4044508388,27161.4044508388,104129.250667749,104129.250667749,0.0,0.0,-0.0,0.0,0.0,180.44530581051248,180.44530581051248,294.9874815450372,294.9874815450372,0.0,0.0,0.0,0.0,0.0,0.0
A1,'Kemmelbach',101.38,0.0,0.0,26898.0000000002,0.0,72226.1001687065,0.0,0.0,0.0,0.0,0.0,0.0,162.0770263080775,0.0,241.52573649365468,0.0,26898.0000000002,72226.1001687065,-0.0,0.0,162.0770263080775,241.52573649365468
A1,'Viehdorf',118.17,0.0,1.0,25545.0,0.0,92117.5706346928,0.0,0.0,0.0,0.0,0.0,0.0,241.52573649365468,0.0,342.8550641918167,0.0,25545.0,92117.5706346928,-0.0,0.0,241.52573649365468,342.8550641918167
A1,'Amstetten',119.36,1.0,1.0,25407.0,25407.0,56128.5314279588,56128.5314279588,0.0,0.0,-0.0,0.0,0.0,294.9874815450372,294.9874815450372,356.7288661157923,356.7288661157923,0.0,0.0,0.0,0.0,0.0,0.0
A1,'Parkplatz Zeillern’,124.31,0.0,2.0,24685.0,0.0,24100.5747944984,0.0,0.0,0.0,0.0,0.0,0.0,342.8550641918167,0.0,369.3656964657649,0.0,24685.0,24100.5747944984,-0.0,0.0,342.8550641918167,369.3656964657649
A1,'Oed',130.52,1.0,2.0,26849.6920630665,26849.6920630665,69822.6737213844,69822.6737213844,0.0,0.0,-0.0,0.0,0.0,356.7288661157923,356.7288661157923,433.53380720931546,433.53380720931546,0.0,0.0,0.0,0.0,0.0,0.0
A1,'Strengberg',136.0,0.0,0.0,25773.0,0.0,60567.2870914444,0.0,0.0,0.0,0.0,0.0,0.0,369.3656964657649,0.0,435.98971226635376,0.0,25773.0,60567.2870914444,-0.0,0.0,369.3656964657649,435.98971226635376
A1,'Haag',143.54,1.0,0.0,28172.0,28172.0,72532.3838204059,72532.3838204059,0.0,0.0,-0.0,0.0,0.0,433.53380720931546,433.53380720931546,513.3194294117623,513.3194294117623,0.0,0.0,0.0,0.0,0.0,0.0
A1,'Ennsblick',147.1,0.0,2.0,27181.0,0.0,59900.9099344678,0.0,0.0,0.0,0.0,0.0,0.0,435.98971226635376,0.0,501.88071319426837,0.0,27181.0,59900.9099344678,-0.0,0.0,435.98971226635376,501.88071319426837
A1,'Parkplatz Ennsdorf’,152.88,0.0,2.0,26232.408315204,0.0,30328.568123459,0.0,0.0,0.0,0.0,0.0,0.0,501.88071319426837,0.0,535.2421381300737,0.0,26232.408315204,30328.568123459,-0.0,0.0,501.88071319426837,535.2421381300737
A1,'Enns Süd',156.19,1.0,1.0,29648.7371150985,29648.7371150985,86236.6993060754,86236.6993060754,0.0,0.0,-0.0,0.0,0.0,513.3194294117623,513.3194294117623,608.1797986484454,608.1797986484454,0.0,0.0,0.0,0.0,0.0,0.0
A1,'Enns Nord',156.79,0.0,1.0,29791.8873283766,0.0,22744.7688256149,0.0,0.0,0.0,0.0,0.0,0.0,535.2421381300737,0.0,560.2613838382503,0.0,29791.8873283766,22744.7688256149,-0.0,0.0,535.2421381300737,560.2613838382503
A1,'Ansfelden Süd',170.93,1.0,0.0,46681.6462052378,46681.6462052378,108599.646702595,108599.646702595,1.0,14.0,14.0,675.9832889558913,675.9832889558913,608.1797986484454,608.1797986484454,51.65612106540858,51.65612106540858,0.0,0.0,0.0,0.0,0.0,0.0
A1,'Ansfelden Nord',171.01,0.0,0.0,48225.5889671851,0.0,137729.456478428,0.0,1.0,15.0,0.0,706.4860358937102,0.0,560.2613838382503,0.0,5.277750070811123,0.0,48225.5889671851,137729.456478428,15.0,706.4860358937102,560.2613838382503,5.277750070811123
A1,'Allhaming Süd',182.59,1.0,1.0,22273.0,22273.0,132032.004986223,132032.004986223,0.0,0.0,0.0,0.0,0.0,51.65612106540858,51.65612106540858,196.8913265502539,196.8913265502539,0.0,0.0,0.0,0.0,0.0,0.0
A1,'Allhaming Nord',182.6,0.0,1.0,22478.0,0.0,52074.5961839218,0.0,0.0,0.0,0.0,0.0,0.0,5.277750070811123,0.0,62.55980587312537,0.0,22478.0,52074.5961839218,-0.0,0.0,5.277750070811123,62.55980587312537
A1,'Lindach Nord',212.26,0.0,0.0,24091.0,0.0,143292.18694581,0.0,0.0,0.0,0.0,0.0,0.0,62.55980587312537,0.0,220.18121151351673,0.0,24091.0,143292.18694581,-0.0,0.0,62.55980587312537,220.18121151351673
A1,'Lindach Süd',212.27,1.0,0.0,24205.0,24205.0,88500.7129286602,88500.7129286602,0.0,0.0,-0.0,0.0,0.0,196.8913265502539,196.8913265502539,294.2421107717801,294.2421107717801,0.0,0.0,0.0,0.0,0.0,0.0
A1,'Hainbach Süd',230.7,1.0,1.0,16641.0,16641.0,43626.8866404899,43626.8866404899,1.0,5.9999996034497265,5.9999996034497265,299.99997598326786,299.99997598326786,294.2421107717801,294.2421107717801,42.23171009305116,42.23171009305116,0.0,0.0,0.0,0.0,0.0,0.0
A1,'Hainbach Nord',230.72,0.0,1.0,15023.0,0.0,55447.0737267175,0.0,0.0,0.0,0.0,0.0,0.0,220.18121151351673,0.0,281.1729926129061,0.0,15023.0,55447.0737267175,-0.0,0.0,220.18121151351673,281.1729926129061
A1,'Straß',243.67,1.0,1.0,16828.6748354971,16828.6748354971,52286.933312582,52286.933312582,0.0,0.0,0.0,0.0,0.0,42.23171009305116,42.23171009305116,99.74733673689133,99.74733673689133,0.0,0.0,0.0,0.0,0.0,0.0
A1,'Wildenhag Nord',243.76,0.0,2.0,17111.5468081707,0.0,44396.0737761594,0.0,0.0,0.0,0.0,0.0,0.0,281.1729926129061,0.0,330.0086737666815,0.0,17111.5468081707,44396.0737761594,-0.0,0.0,281.1729926129061,330.0086737666815
A1,'Oberwang',251.03,0.0,1.0,15727.0,0.0,23256.0522003105,0.0,1.0,6.0,0.0,300.0,0.0,330.0086737666815,0.0,55.59033118702307,0.0,15727.0,23256.0522003105,6.0,300.0,330.0086737666815,55.59033118702307
A1,'Mondsee',259.23,2.0,0.0,31060.001681777,15333.0007994484,60471.650280389,35129.2549432295,0.0,0.0,0.0,0.0,0.0,155.3376679239144,99.74733673689133,221.85648323234227,138.38951717444377,15727.0008823286,25342.3953371595,-0.0,0.0,55.59033118702307,83.46696605789852
A1,‘Parkplatz Ölgraben’,268.98,0.0,2.0,18793.0,0.0,36691.9585837841,0.0,0.0,0.0,0.0,0.0,0.0,83.46696605789852,0.0,123.82812050006089,0.0,18793.0,36691.9585837841,-0.0,0.0,83.46696605789852,123.82812050006089
A1,'Vetterbach',270.63,1.0,2.0,18111.0,18111.0,24972.4587201048,24972.4587201048,0.0,0.0,0.0,0.0,0.0,138.38951717444377,138.38951717444377,165.85922176655905,165.85922176655905,0.0,0.0,0.0,0.0,0.0,0.0
A1,'Enzersberg',274.82,0.0,2.0,21891.999995183,0.0,25643.7025641729,0.0,0.0,0.0,0.0,0.0,0.0,123.82812050006089,0.0,152.0361933206511,0.0,21891.999995183,25643.7025641729,-0.0,0.0,123.82812050006089,152.0361933206511
A1,'Salzburger Vorland',277.55,1.0,2.0,21776.0,21776.0,38740.0928318722,38740.0928318722,0.0,0.0,0.0,0.0,0.0,165.85922176655905,165.85922176655905,208.47332388161846,208.47332388161846,0.0,0.0,0.0,0.0,0.0,0.0
A1,'Söllheim',286.46,1.0,0.0,28864.5374641219,28864.5374641219,82339.639275179,82339.639275179,0.0,0.0,0.0,0.0,0.0,208.47332388161846,208.47332388161846,299.0469270843153,299.0469270843153,0.0,0.0,0.0,0.0,0.0,0.0
A1,'Kasern',287.89,0.0,0.0,38922.8495638266,0.0,101432.704040416,0.0,0.0,0.0,0.0,0.0,0.0,152.0361933206511,0.0,263.6121677651087,0.0,38922.8495638266,101432.704040416,0.0,0.0,152.0361933206511,263.6121677651087
A1,'Walserberg Süd',300.71,1.0,0.0,14880.000000003,14880.000000003,866.429923349707,866.429923349707,1.0,6.0,6.0,300.0,300.0,299.0469270843153,299.0469270843153,0.0,0.0,0.0,0.0,0.0,0.0,0.0,0.0
A1,'Walserberg Nord',300.73,0.0,0.0,12964.0000000086,0.0,33079.8474862659,0.0,1.0,6.0,0.0,300.0000000000012,0.0,263.6121677651087,0.0,0.0,0.0,12964.0000000086,33079.8474862659,6.0,300.0000000000012,263.6121677651087,0.0
A10,'Glanegg/West',4.28,0.0,2.0,30225.0,0.0,10702.5949598298,0.0,0.0,0.0,0.0,0.0,0.0,0.0,0.0,11.77285445581278,0.0,30225.0,10702.5949598298,-0.0,0.0,0.0,11.77285445581278
A10,'Untersberg/Ost',4.37,1.0,2.0,30061.0,30061.0,79010.5399207519,79010.5399207519,0.0,0.0,-0.0,0.0,0.0,0.0,0.0,86.91159391282709,86.91159391282709,0.0,0.0,0.0,0.0,0.0,0.0
A10,'Bruderloch',17.53,1.0,2.0,24652.0,24652.0,55144.783875779,55144.783875779,0.0,0.0,-0.0,0.0,0.0,86.91159391282709,86.91159391282709,147.57085617618412,147.57085617618412,0.0,0.0,0.0,0.0,0.0,0.0
A10,'Golling Ost',28.76,1.0,0.0,19647.000947721,19647.000947721,83619.9827870841,83619.9827870841,0.0,0.0,-0.0,0.0,0.0,147.57085617618412,147.57085617618412,239.55283724197665,239.55283724197665,0.0,0.0,0.0,0.0,0.0,0.0
A10,'Golling West',28.82,0.0,0.0,19875.0006682874,0.0,97340.8180523858,0.0,0.0,0.0,0.0,0.0,0.0,11.77285445581278,0.0,118.84775431343725,0.0,19875.0006682874,97340.8180523858,-0.0,0.0,11.77285445581278,118.84775431343725
A10,'Werfen',40.34,0.0,2.0,19354.0,0.0,44743.3180465706,0.0,0.0,0.0,0.0,0.0,0.0,118.84775431343725,0.0,168.06540416466493,0.0,19354.0,44743.3180465706,-0.0,0.0,118.84775431343725,168.06540416466493
A10,'Klausgraben West’,50.01,0.0,2.0,16224.0,0.0,31431.0330674502,0.0,0.0,0.0,0.0,0.0,0.0,168.06540416466493,0.0,202.63954053886036,0.0,16224.0,31431.0330674502,-0.0,0.0,168.06540416466493,202.63954053886036
A10,'Klausgraben Ost’,50.01,1.0,2.0,16076.0,16076.0,29740.3452221424,29740.3452221424,0.0,0.0,-0.0,0.0,0.0,239.55283724197665,239.55283724197665,272.2672169863335,272.2672169863335,0.0,0.0,0.0,0.0,0.0,0.0
A10,'Eben Süd',59.21,2.0,0.0,31555.3674870556,15557.9508674499,63864.36698273087,63790.3829944541,1.0,10.0,6.0,487.1167510081959,300.00000000000017,474.9067575251938,272.2672169863335,58.04081019800194,42.43663828023284,15997.4166196057,73.9839882767682,4.0,187.1167510081957,202.63954053886036,15.6041719177691
A10,'Eben Nord',59.32,2.0,0.0,31554.1611930787,15556.9979338782,29667.92707344997,71.9471637283723,0.0,0.0,-0.0,0.0,0.0,58.04081019800194,42.43663828023284,90.6755299787969,42.51578016033405,15997.1632592005,29595.9799097216,-0.0,0.0,15.6041719177691,48.159749818462856
A10,'Rohr',71.25,0.0,2.0,10976.0,0.0,26372.3998165897,0.0,0.0,0.0,0.0,0.0,0.0,48.159749818462856,0.0,77.16938961671153,0.0,10976.0,26372.3998165897,-0.0,0.0,48.159749818462856,77.16938961671153
A10,'Tauernalm',79.79,2.0,0.0,21522.867721662602,10619.2131625113,62621.1090379549,44112.7469189292,1.0,2.0,1.0,57.79217972128656,7.7921797212861605,119.68516977704559,42.51578016033405,130.7762099975094,83.24762204987002,10903.6545591513,18508.3621190257,1.0,50.0000000000004,77.16938961671153,47.528587947639394
A10,'Lungau',97.91,0.0,0.0,10877.0,0.0,39524.4328135725,0.0,0.0,0.0,0.0,0.0,0.0,47.528587947639394,0.0,91.00546404256914,0.0,10877.0,39524.4328135725,-0.0,0.0,47.528587947639394,91.00546404256914
A10,'Lanschütz',100.6,1.0,1.0,10558.5,10558.5,33491.7098286973,33491.7098286973,0.0,0.0,-0.0,0.0,0.0,83.24762204987002,83.24762204987002,120.08850286143704,120.08850286143704,0.0,0.0,0.0,0.0,0.0,0.0
A10,'Rennweg',112.45,0.0,2.0,6878.0,0.0,19876.6578731468,0.0,0.0,0.0,0.0,0.0,0.0,91.00546404256914,0.0,112.86978770303062,0.0,6878.0,19876.6578731468,-0.0,0.0,91.00546404256914,112.86978770303062
A10,'Ried’,116.47,1.0,2.0,7303.0,7303.0,13765.2894082998,13765.2894082998,0.0,0.0,-0.0,0.0,0.0,120.08850286143704,120.08850286143704,135.2303212105668,135.2303212105668,0.0,0.0,0.0,0.0,0.0,0.0
A10,'Eisentratten',125.92,2.0,0.0,14181.0,7303.0,41606.5550890561,23123.3443540302,0.0,0.0,-0.0,0.0,0.0,248.10010891359744,135.2303212105668,293.8673195115591,160.66600000000003,6878.0,18483.2107350259,-0.0,0.0,112.86978770303062,133.20131951155912
A10,'Seeboden',141.72,1.0,2.0,14455.0,14455.0,36156.364361422,36156.364361422,0.0,0.0,-0.0,0.0,0.0,160.66600000000003,160.66600000000003,200.43800079756423,200.43800079756423,0.0,0.0,0.0,0.0,0.0,0.0
A10,'Wolfsberg',142.25,0.0,2.0,14500.0,0.0,47498.894929139,0.0,0.0,0.0,0.0,0.0,0.0,133.20131951155912,0.0,185.450103933612,0.0,14500.0,47498.894929139,-0.0,0.0,133.20131951155912,185.450103933612
A10,'Kamering',154.29,1.0,2.0,14749.7038625137,14749.7038625137,22698.628013918,22698.628013918,0.0,0.0,-0.0,0.0,0.0,200.43800079756423,200.43800079756423,225.40649161287405,225.40649161287405,0.0,0.0,0.0,0.0,0.0,0.0
A10,'Feistritz an der Drau',162.01,2.0,0.0,29679.0,14750.0,122093.0394177002,63411.3157209837,1.0,11.0,6.0,545.1589389059563,295.1589389059561,410.85659554648606,225.40649161287405,0.0,0.0,14929.0,58681.7236967165,5.0,250.00000000000017,185.450103933612,0.0
A11,'St. Niklas/Nord',2.11,1.0,2.0,7503.0,7503.0,10409.0861514259,10409.0861514259,0.0,0.0,-0.0,0.0,0.0,0.0,0.0,11.449994766568489,11.449994766568489,0.0,0.0,0.0,0.0,0.0,0.0
A11,'Rosegg',9.04,2.0,0.0,9108.5,4802.0,19444.03423128795,11637.9934905201,1.0,2.0,1.0,32.838432420985235,24.2517876061406,11.449994766568489,11.449994766568489,0.0,0.0,4306.5,7806.04074076785,1.0,8.586644814844636,0.0,0.0
A12,'Langkampfen Süd',9.32,1.0,2.0,11349.5859166424,11349.5859166424,27244.8076274651,27244.8076274651,0.0,0.0,-0.0,0.0,0.0,0.0,0.0,29.96928839021161,29.96928839021161,0.0,0.0,0.0,0.0,0.0,0.0
A12,'Angath Süd',14.1,2.0,0.0,39223.0,19315.0,56148.10872631693,3.82047555363476,0.0,0.0,-0.0,0.0,0.0,29.96928839021161,29.96928839021161,91.73220798916032,29.973490913320695,19908.0,56144.2882507633,-0.0,0.0,0.0,61.75871707583963
A12,'Angath Nord',14.22,2.0,0.0,39223.0,19315.0,86003.91804074359,85999.9802707554,0.0,0.0,-0.0,0.0,0.0,91.73220798916032,29.973490913320695,186.33651783397835,124.57346921115163,19908.0,3.93776998818332,-0.0,0.0,61.75871707583963,61.763048622826716
A12,'Münster Nord',35.71,0.0,1.0,18334.0,0.0,79565.3529063989,0.0,0.0,0.0,0.0,0.0,0.0,61.763048622826716,0.0,149.2849368198655,0.0,18334.0,79565.3529063989,-0.0,0.0,61.763048622826716,149.2849368198655
A12,'Münster Süd',36.25,1.0,1.0,18162.0,18162.0,51027.0984567292,51027.0984567292,0.0,0.0,-0.0,0.0,0.0,124.57346921115163,124.57346921115163,180.7032775135543,180.7032775135543,0.0,0.0,0.0,0.0,0.0,0.0
A12,'Vomp',50.47,1.0,0.0,24431.9999999911,24431.9999999911,22234.3563073972,22234.3563073972,0.0,0.0,-0.0,0.0,0.0,180.7032775135543,180.7032775135543,205.16106945169122,205.16106945169122,0.0,0.0,0.0,0.0,0.0,0.0
A12,'Weer',54.8,0.0,0.0,24110.0001896077,0.0,91922.3948797172,0.0,0.0,0.0,0.0,0.0,0.0,149.2849368198655,0.0,250.39957118755484,0.0,24110.0001896077,91922.3948797172,-0.0,0.0,149.2849368198655,250.39957118755484
A12,'Weer Süd',55.0,1.0,1.0,24141.0019875313,24141.0019875313,44418.9030022489,44418.9030022489,0.0,0.0,-0.0,0.0,0.0,205.16106945169122,205.16106945169122,254.021862754165,254.021862754165,0.0,0.0,0.0,0.0,0.0,0.0
A12,'Volders/Karlskirche',64.18,1.0,2.0,27543.0,27543.0,89230.8737530962,89230.8737530962,0.0,0.0,-0.0,0.0,0.0,254.021862754165,254.021862754165,352.1758238825708,352.1758238825708,0.0,0.0,0.0,0.0,0.0,0.0
A12,'Hall in Tirol',66.28,0.0,2.0,28148.0000000024,0.0,63926.9286125208,0.0,0.0,0.0,0.0,0.0,0.0,250.39957118755484,0.0,320.7191926613277,0.0,28148.0000000024,63926.9286125208,-0.0,0.0,250.39957118755484,320.7191926613277
A12,'Ampaß',72.07,0.0,0.0,35539.999996608,0.0,42439.321950182,0.0,0.0,0.0,0.0,0.0,0.0,320.7191926613277,0.0,367.4024468065279,0.0,35539.999996608,42439.321950182,-0.0,0.0,320.7191926613277,367.4024468065279
A12,'Sieglanger',80.39,1.0,2.0,31124.7934314905,31124.7934314905,96002.7279290709,96002.7279290709,1.0,8.0,8.0,400.00000000000114,400.00000000000114,352.1758238825708,352.1758238825708,57.77882460454765,57.77882460454765,0.0,0.0,0.0,0.0,0.0,0.0
A12,'Kematen',86.01,0.0,2.0,27475.0527045522,0.0,75774.4568325647,0.0,0.0,0.0,0.0,0.0,0.0,367.4024468065279,0.0,450.7543493223493,0.0,27475.0527045522,75774.4568325647,-0.0,0.0,367.4024468065279,450.7543493223493
A12,'Zirl-Inzing',91.77,0.0,1.0,20799.0,0.0,24661.2588506712,0.0,1.0,8.0,0.0,360.54016126868726,0.0,450.7543493223493,0.0,117.34157278940035,0.0,20799.0,24661.2588506712,8.0,360.54016126868726,450.7543493223493,117.34157278940035
A12,'Pettnau',95.81,2.0,0.0,37922.0,19033.0,43167.5950545956,28529.3494812965,0.0,0.0,-0.0,0.0,0.0,175.120397393948,57.77882460454765,222.60475195400318,89.1611090339738,18889.0,14638.2455732991,-0.0,0.0,117.34157278940035,133.44364292002936
A12,'Telfs Süd',103.3,1.0,2.0,13364.7779394021,13364.7779394021,40593.4396996822,40593.4396996822,0.0,0.0,-0.0,0.0,0.0,89.1611090339738,89.1611090339738,133.81389270362422,133.81389270362422,0.0,0.0,0.0,0.0,0.0,0.0
A12,'Telfs Nord',103.33,0.0,2.0,14213.4639394123,0.0,21325.9179547492,0.0,0.0,0.0,0.0,0.0,0.0,133.44364292002936,0.0,156.90215267025349,0.0,14213.4639394123,21325.9179547492,-0.0,0.0,133.44364292002936,156.90215267025349
A12,'Haiming Süd',118.5,1.0,2.0,10702.0,10702.0,32071.4494657395,32071.4494657395,0.0,0.0,-0.0,0.0,0.0,133.81389270362422,133.81389270362422,169.09248711593767,169.09248711593767,0.0,0.0,0.0,0.0,0.0,0.0
A12,'Imst Süd',133.49,1.0,2.0,9240.0,9240.0,3679.21104332994,3679.21104332994,0.0,0.0,-0.0,0.0,0.0,169.09248711593767,169.09248711593767,173.1396192636006,173.1396192636006,0.0,0.0,0.0,0.0,0.0,0.0
A12,'Imst Nord',133.84,0.0,2.0,10262.0,0.0,62601.6793906791,0.0,0.0,0.0,0.0,0.0,0.0,156.90215267025349,0.0,225.7640000000005,0.0,10262.0,62601.6793906791,-0.0,0.0,156.90215267025349,225.7640000000005
A12,'Mils',135.51,2.0,0.0,19502.0000000008,9240.0000000008,21880.454342200483,18488.872433764,1.0,6.0,4.0,293.477378940741,193.477378940741,398.90361926360106,173.1396192636006,129.4947400992806,0.0,10262.0,3391.58190843648,2.0,100.00000000000003,225.7640000000005,129.4947400992806
A12,'Kronburg Zams',142.7,0.0,2.0,10312.0,0.0,14879.9195229157,0.0,1.0,3.0,0.0,145.86265157448787,0.0,129.4947400992806,0.0,0.0,0.0,10312.0,14879.9195229157,3.0,145.86265157448787,129.4947400992806,0.0
A13,'Patsch',6.24,0.0,2.0,21023.0,0.0,26094.7253268476,0.0,0.0,0.0,0.0,0.0,0.0,0.0,0.0,28.70419785953236,0.0,21023.0,26094.7253268476,0.0,0.0,0.0,28.70419785953236
A13,'Europabrücke',8.27,2.0,0.0,41638.0,20615.0,32388.52662410622,23936.2314378052,0.0,0.0,0.0,0.0,0.0,28.70419785953236,0.0,64.3315771460492,26.329854581585717,21023.0,8452.29518630102,0.0,0.0,28.70419785953236,38.001722564463485
A13,'Gschleirs',14.05,1.0,2.0,14822.0,14822.0,8546.70428173758,8546.70428173758,0.0,0.0,0.0,0.0,0.0,26.329854581585717,26.329854581585717,35.73122929149706,35.73122929149706,0.0,0.0,0.0,0.0,0.0,0.0
A13,'Matrei West',16.79,0.0,0.0,15161.0,0.0,25846.4269287351,0.0,0.0,0.0,0.0,0.0,0.0,38.001722564463485,0.0,66.4327921860721,0.0,15161.0,25846.4269287351,0.0,0.0,38.001722564463485,66.4327921860721
A13,'Matrei Ost',16.95,2.0,0.0,29983.0,14822.0,16734.882296516138,16235.5787414961,0.0,0.0,0.0,0.0,0.0,102.16402147756916,35.73122929149706,120.57239200373692,53.59036590714277,15161.0,499.303555020038,0.0,0.0,66.4327921860721,66.98202609659415
A13,'Wipptalerhof Ost',22.41,1.0,2.0,10896.0000000005,10896.0000000005,2559.258804025,2559.258804025,0.0,0.0,0.0,0.0,0.0,53.59036590714277,53.59036590714277,56.40555059157027,56.40555059157027,0.0,0.0,0.0,0.0,0.0,0.0
A13,'Wipptalerhof West',22.56,0.0,2.0,11615.0000000006,0.0,13021.6504394806,0.0,0.0,0.0,0.0,0.0,0.0,66.98202609659415,0.0,81.30584158002281,0.0,11615.0000000006,13021.6504394806,0.0,0.0,66.98202609659415,81.30584158002281
A13,'Plon',23.61,1.0,2.0,10896.0000005253,10896.0000005253,9061.7295808126,9061.7295808126,0.0,0.0,0.0,0.0,0.0,56.40555059157027,56.40555059157027,66.37345313046413,66.37345313046413,0.0,0.0,0.0,0.0,0.0,0.0
A13,'Nößlach',26.91,2.0,1.0,23614.719600115102,11586.8032248947,15947.45909304634,3428.79100785214,0.0,0.0,0.0,0.0,0.0,147.67929471048694,66.37345313046413,165.2214997128379,70.14512323910148,12027.9163752204,12518.6680851942,0.0,0.0,81.30584158002281,95.07637647373643
A13,'Gries Ost',29.15,1.0,0.0,11601.9977441357,11601.9977441357,11387.0182714568,11387.0182714568,0.0,0.0,0.0,0.0,0.0,70.14512323910148,70.14512323910148,82.67084333770396,82.67084333770396,0.0,0.0,0.0,0.0,0.0,0.0
A13,'Gries West',29.54,0.0,0.0,12036.9997479612,0.0,4238.01324757162,0.0,0.0,0.0,0.0,0.0,0.0,95.07637647373643,0.0,99.73819104606521,0.0,12036.9997479612,4238.01324757162,0.0,0.0,95.07637647373643,99.73819104606521
A13,'Brennersee - Fröhlich',32.6,0.0,2.0,12037.0,0.0,7411.89807862851,0.0,0.0,0.0,0.0,0.0,0.0,99.73819104606521,0.0,107.89127893255657,0.0,12037.0,7411.89807862851,0.0,0.0,99.73819104606521,107.89127893255657
A13,'Brennersee',33.44,0.0,0.0,12037.0,0.0,1996.41830221485,0.0,0.0,0.0,0.0,0.0,0.0,107.89127893255657,0.0,110.0873390649929,0.0,12037.0,1996.41830221485,0.0,0.0,107.89127893255657,110.0873390649929
A13,'Brennerpaß',34.16,2.0,0.0,23639.0,11602.0,2518.3592467820868,788.714642774237,1.0,5.0,2.0,195.52837757415716,83.53842944475562,192.75818240269686,82.67084333770396,0.0,0.0,12037.0,1729.64460400785,3.0,111.98994812940154,110.0873390649929,0.0
A14,'Hörbranz’,0.0,2.0,1.0,11914.4753848776,0.0,580.500203852487,0.0,0.0,0.0,0.0,0.0,0.0,0.0,0.0,0.6385502242377357,0.0,11914.4753848776,580.500203852487,-0.0,0.0,0.0,0.6385502242377357
A14,'Dornbirn West',15.07,1.0,2.0,22722.0167458292,22722.0167458292,41625.8331312937,41625.8331312937,0.0,0.0,-0.0,0.0,0.0,0.0,0.0,45.78841644442307,45.78841644442307,0.0,0.0,0.0,0.0,0.0,0.0
A14,'Dornbirn Ost',15.27,0.0,2.0,22911.0367349729,0.0,67389.025317105,0.0,0.0,0.0,0.0,0.0,0.0,0.6385502242377357,0.0,74.76647807305324,0.0,22911.0367349729,67389.025317105,-0.0,0.0,0.6385502242377357,74.76647807305324
A14,'Hohenems',24.48,2.0,0.0,53333.409583050205,26481.3173118972,99887.7943206925,49710.5477038244,0.0,0.0,-0.0,0.0,0.0,120.5548945174763,45.78841644442307,230.43146827023807,100.4700189186299,26852.092271153,50177.2466168681,0.0,0.0,74.76647807305324,129.96144935160817
A14,'Rankweil West',33.46,0.0,2.0,22794.1378827456,0.0,41099.9675156349,0.0,0.0,0.0,0.0,0.0,0.0,129.96144935160817,0.0,175.17141361880655,0.0,22794.1378827456,41099.9675156349,0.0,0.0,129.96144935160817,175.17141361880655
A14,'Rankweil Ost',33.82,1.0,2.0,21949.8295700582,21949.8295700582,56639.5419642533,56639.5419642533,0.0,0.0,0.0,0.0,0.0,100.4700189186299,100.4700189186299,162.77351507930854,162.77351507930854,0.0,0.0,0.0,0.0,0.0,0.0
A14,'Schlins West',46.72,0.0,2.0,13115.0,0.0,35141.4430123402,0.0,1.0,5.0,0.0,213.82700093238077,0.0,175.17141361880655,0.0,0.0,0.0,13115.0,35141.4430123402,5.0,213.82700093238077,175.17141361880655,0.0
A14,'Schlins Ost',46.85,1.0,2.0,13492.0,13492.0,22886.8096085797,22886.8096085797,0.0,0.0,0.0,0.0,0.0,162.77351507930854,162.77351507930854,187.9490056487462,187.9490056487462,0.0,0.0,0.0,0.0,0.0,0.0
A14,'Nüziders',55.2,1.0,2.0,13282.1444541878,13282.1444541878,16978.2300117959,16978.2300117959,1.0,5.0,5.0,206.6250586617217,206.6250586617217,187.9490056487462,187.9490056487462,0.0,0.0,0.0,0.0,0.0,0.0,0.0,0.0
A2,'Guntramsdorf',14.43,2.0,0.0,106539.0608322543,51867.1748540638,341487.507923768,183029.570685775,1.0,7.0,4.0,342.3094257469979,192.30942574699787,0.0,0.0,33.32683296914692,9.023102007354623,54671.8859781905,158457.937237993,3.0,150.0,0.0,24.303730961792297
A2,'Triestingtal',32.08,0.0,1.0,40445.0,0.0,143069.692384839,0.0,0.0,0.0,0.0,0.0,0.0,24.303730961792297,0.0,181.68039258511521,0.0,40445.0,143069.692384839,0.0,0.0,24.303730961792297,181.68039258511521
A2,'Leobersdorf',32.08,1.0,1.0,39540.0,39540.0,56942.7469960047,56942.7469960047,0.0,0.0,0.0,0.0,0.0,9.023102007354623,9.023102007354623,71.66012370295982,71.66012370295982,0.0,0.0,0.0,0.0,0.0,0.0
A2,'Föhrenberg',39.31,1.0,0.0,39539.9821561859,39539.9821561859,93778.9758869083,93778.9758869083,0.0,0.0,0.0,0.0,0.0,71.66012370295982,71.66012370295982,174.81699717855895,174.81699717855895,0.0,0.0,0.0,0.0,0.0,0.0
A2,'Bad Fischau',40.93,0.0,0.0,37535.00000001,0.0,66634.9678618674,0.0,0.0,0.0,0.0,0.0,0.0,181.68039258511521,0.0,254.97885723316935,0.0,37535.00000001,66634.9678618674,0.0,0.0,181.68039258511521,254.97885723316935
A2,'Steinfeld',50.35,0.0,1.0,32434.000315268,0.0,59928.4040275036,0.0,0.0,0.0,0.0,0.0,0.0,254.97885723316935,0.0,320.9001016634233,0.0,32434.000315268,59928.4040275036,0.0,0.0,254.97885723316935,320.9001016634233
A2,'Wr. Neustadt',51.18,1.0,1.0,31158.0000000005,31158.0000000005,64946.2458086027,64946.2458086027,0.0,0.0,0.0,0.0,0.0,174.81699717855895,174.81699717855895,246.25786756802194,246.25786756802194,0.0,0.0,0.0,0.0,0.0,0.0
A2,'Witzelsberg',60.84,0.0,2.0,21168.0000351488,0.0,44783.3049830335,0.0,0.0,0.0,0.0,0.0,0.0,320.9001016634233,0.0,370.16173714476014,0.0,21168.0000351488,44783.3049830335,0.0,0.0,320.9001016634233,370.16173714476014
A2,'Gleissenfeld',61.52,1.0,2.0,18726.0,18726.0,64345.9675839028,64345.9675839028,0.0,0.0,0.0,0.0,0.0,246.25786756802194,246.25786756802194,317.038431910315,317.038431910315,0.0,0.0,0.0,0.0,0.0,0.0
A2,'Zöbern',78.76,2.0,0.0,34076.0,16223.0,89918.3531587639,25909.7669347858,1.0,13.0,6.0,643.3152479095302,300.0,687.2001690550751,317.038431910315,142.79510962018526,45.539175538579386,17853.0,64008.5862239781,7.0,343.31524790953017,370.16173714476014,97.25593408160586
A2,'Schäffern Ost',86.7,1.0,1.0,16223.0,16223.0,36516.9873725682,36516.9873725682,0.0,0.0,0.0,0.0,0.0,45.539175538579386,45.539175538579386,85.7078616484044,85.7078616484044,0.0,0.0,0.0,0.0,0.0,0.0
A2,'Pinkafeld/Ost',97.98,1.0,2.0,14325.0,14325.0,21727.4706064822,21727.4706064822,0.0,0.0,0.0,0.0,0.0,85.7078616484044,85.7078616484044,109.60807931553482,109.60807931553482,0.0,0.0,0.0,0.0,0.0,0.0
A2,'Pinkafeld/West',98.0,0.0,2.0,15629.0,0.0,60166.6097966719,0.0,0.0,0.0,0.0,0.0,0.0,97.25593408160586,0.0,163.43920485794496,0.0,15629.0,60166.6097966719,0.0,0.0,97.25593408160586,163.43920485794496
A2,'Loipersdorf',105.5,2.0,0.0,27899.0,13287.0,41927.3266110039,19788.4742563348,0.0,0.0,0.0,0.0,0.0,273.0472841734798,109.60807931553482,319.16734344558404,131.3754009975031,14612.0,22138.8523546691,0.0,0.0,163.43920485794496,187.79194244808096
A2,'St. Johann/Süd',113.05,1.0,2.0,13287.0004772661,13287.0004772661,55839.6490520415,55839.6490520415,0.0,0.0,0.0,0.0,0.0,131.3754009975031,131.3754009975031,192.79901495474877,192.79901495474877,0.0,0.0,0.0,0.0,0.0,0.0
A2,'St. Johann/Nord',113.24,0.0,2.0,14612.0673292959,0.0,22243.9351941791,0.0,0.0,0.0,0.0,0.0,0.0,187.79194244808096,0.0,212.26027116167796,0.0,14612.0673292959,22243.9351941791,0.0,0.0,187.79194244808096,212.26027116167796
A2,'Hainersdorf',133.87,0.0,1.0,16035.0,0.0,66144.3325363727,0.0,0.0,0.0,0.0,0.0,0.0,212.26027116167796,0.0,285.01903695168795,0.0,16035.0,66144.3325363727,0.0,0.0,212.26027116167796,285.01903695168795
A2,'Bad Blumau',134.06,1.0,1.0,14879.0,14879.0,39913.5152205092,39913.5152205092,0.0,0.0,0.0,0.0,0.0,192.79901495474877,192.79901495474877,236.7038816973089,236.7038816973089,0.0,0.0,0.0,0.0,0.0,0.0
A2,'Ilztal/Nord ',147.5,1.0,2.0,16946.15608833,16946.15608833,22142.864532986,22142.864532986,0.0,0.0,0.0,0.0,0.0,236.7038816973089,236.7038816973089,261.0610326835935,261.0610326835935,0.0,0.0,0.0,0.0,0.0,0.0
A2,'Arnwiesen',154.1,2.0,0.0,36495.001082228904,16966.0005857295,135214.8043003815,56438.8731957795,0.0,0.0,0.0,0.0,0.0,546.0800696352815,261.0610326835935,694.816354365701,323.14379319895096,19529.0004964994,78775.931104602,0.0,0.0,285.01903695168795,371.67256116675014
A2,'Laßnitzhöhe Nord',170.16,0.0,1.0,27470.0,0.0,89210.4176408041,0.0,0.0,0.0,0.0,0.0,0.0,371.67256116675014,0.0,469.8040205716346,0.0,27470.0,89210.4176408041,0.0,0.0,371.67256116675014,469.8040205716346
A2,'Laßnitzhöhe Süd',170.65,1.0,1.0,29743.0,29743.0,119872.947758941,119872.947758941,0.0,0.0,0.0,0.0,0.0,323.14379319895096,323.14379319895096,455.00403573378605,455.00403573378605,0.0,0.0,0.0,0.0,0.0,0.0
A2,'Kaiserwald',190.77,2.0,0.0,42649.004105068496,20682.001624263,212311.14271654858,122041.702619889,1.0,22.0,11.0,1100.0,550.0,924.8080563054207,455.00403573378605,58.35031329362412,39.24990861566391,21967.0024808055,90269.4400966596,11.0,550.0,469.8040205716346,19.100404677960206
A2,'Herzogberg Nord',220.13,0.0,1.0,8807.00000002098,0.0,51848.9511520184,0.0,0.0,0.0,0.0,0.0,0.0,19.100404677960206,0.0,76.13425094518045,0.0,8807.00000002098,51848.9511520184,0.0,0.0,19.100404677960206,76.13425094518045
A2,'Herzogberg Süd',220.19,1.0,1.0,8120.99999999923,8120.99999999923,24362.1202495681,24362.1202495681,0.0,0.0,0.0,0.0,0.0,39.24990861566391,39.24990861566391,66.04824089018882,66.04824089018882,0.0,0.0,0.0,0.0,0.0,0.0
A2,'Pack',235.21,2.0,0.0,16928.0,8121.0,38160.3171582835,11620.3029978581,0.0,0.0,0.0,0.0,0.0,142.18249183536926,66.04824089018882,184.15884070948113,78.83057418783272,8807.0,26540.0141604254,0.0,0.0,76.13425094518045,105.32826652164839
A2,'Twimberg Süd',242.34,1.0,2.0,9189.0,9189.0,32127.2478707757,32127.2478707757,0.0,0.0,0.0,0.0,0.0,78.83057418783272,78.83057418783272,114.17054684568599,114.17054684568599,0.0,0.0,0.0,0.0,0.0,0.0
A2,'Twimberg Nord',242.44,0.0,2.0,8465.0,0.0,12179.5072007533,0.0,0.0,0.0,0.0,0.0,0.0,105.32826652164839,0.0,118.72572444247702,0.0,8465.0,12179.5072007533,0.0,0.0,105.32826652164839,118.72572444247702
A2,'Fischering',259.85,1.0,2.0,10919.0,10919.0,19551.3376753875,19551.3376753875,0.0,0.0,0.0,0.0,0.0,114.17054684568599,114.17054684568599,135.67701828861223,135.67701828861223,0.0,0.0,0.0,0.0,0.0,0.0
A2,'St. Ändra',262.91,0.0,2.0,11358.0000016887,0.0,46444.591455371,0.0,0.0,0.0,0.0,0.0,0.0,118.72572444247702,0.0,169.8147750433851,0.0,11358.0000016887,46444.591455371,0.0,0.0,118.72572444247702,169.8147750433851
A2,'Gönitz/Süd',268.86,1.0,2.0,11607.0,11607.0,37377.3933307914,37377.3933307914,0.0,0.0,0.0,0.0,0.0,135.67701828861223,135.67701828861223,176.79215095248276,176.79215095248276,0.0,0.0,0.0,0.0,0.0,0.0
A2,'Gönitz/Nord',268.89,0.0,2.0,12420.0,0.0,14890.9937218363,0.0,0.0,0.0,0.0,0.0,0.0,169.8147750433851,0.0,186.19486813740505,0.0,12420.0,14890.9937218363,0.0,0.0,169.8147750433851,186.19486813740505
A2,'Haimburg Nord',279.17,0.0,2.0,10779.0,0.0,21954.7601039101,0.0,0.0,0.0,0.0,0.0,0.0,186.19486813740505,0.0,210.34510425170615,0.0,10779.0,21954.7601039101,0.0,0.0,186.19486813740505,210.34510425170615
A2,'Völkermarkt',285.09,2.0,0.0,21133.0,10354.0,43435.9331578516,30778.4550570871,0.0,0.0,0.0,0.0,0.0,387.13725520418893,176.79215095248276,434.91678167782567,210.64845151527857,10779.0,12657.4781007645,0.0,0.0,210.34510425170615,224.2683301625471
A2,'Grafenstein Nord',300.0,0.0,1.0,13362.0,0.0,39644.4415823214,0.0,0.0,0.0,0.0,0.0,0.0,224.2683301625471,0.0,267.87721590310065,0.0,13362.0,39644.4415823214,0.0,0.0,224.2683301625471,267.87721590310065
A2,'Grafenstein Süd',300.0,1.0,1.0,13588.0,13588.0,64499.0949193352,64499.0949193352,0.0,0.0,0.0,0.0,0.0,210.64845151527857,210.64845151527857,281.5974559265473,281.5974559265473,0.0,0.0,0.0,0.0,0.0,0.0
A2,'Krumpendorf/Nord',329.28,0.0,2.0,19027.0040491233,0.0,72939.3212153292,0.0,0.0,0.0,0.0,0.0,0.0,267.87721590310065,0.0,348.11046923996275,0.0,19027.0040491233,72939.3212153292,0.0,0.0,267.87721590310065,348.11046923996275
A2,'Karawankenblick/Süd',333.84,1.0,2.0,19384.9993725885,19384.9993725885,24175.8201862661,24175.8201862661,0.0,0.0,0.0,0.0,0.0,281.5974559265473,281.5974559265473,308.19085813144,308.19085813144,0.0,0.0,0.0,0.0,0.0,0.0
A2,'Wörthersee',340.13,2.0,0.0,38076.9999970149,18623.9999987254,75344.6192070124,33207.3406415546,1.0,9.0,3.0,429.59335761233274,129.59335761233277,656.3013273714027,308.19085813144,309.58705088678363,215.12557522481728,19452.9999982895,42137.2785654578,6.0,300.0,348.11046923996275,94.46147566196636
A2,'Sternberg/Süd',349.01,1.0,2.0,19615.999955893,19615.999955893,0.0,0.0,0.0,0.0,0.0,0.0,0.0,215.12557522481728,215.12557522481728,215.12557522481728,215.12557522481728,0.0,0.0,0.0,0.0,0.0,0.0
A2,'Sternberg/Nord',349.03,0.0,2.0,17176.9999895731,0.0,30590.1422357276,0.0,0.0,0.0,0.0,0.0,0.0,94.46147566196636,0.0,128.11063212126672,0.0,17176.9999895731,30590.1422357276,0.0,0.0,94.46147566196636,128.11063212126672
A2,'Federaun/Nord',361.73,0.0,2.0,16517.0,0.0,41902.478237364,0.0,0.0,0.0,0.0,0.0,0.0,128.11063212126672,0.0,174.2033581823671,0.0,16517.0,41902.478237364,0.0,0.0,128.11063212126672,174.2033581823671
A2,'Federaun/Süd',362.78,1.0,2.0,14962.9999999917,14962.9999999917,53969.2827395915,53969.2827395915,0.0,0.0,0.0,0.0,0.0,215.12557522481728,215.12557522481728,274.4917862383679,274.4917862383679,0.0,0.0,0.0,0.0,0.0,0.0
A2,'Dreiländereck Süd',374.17,2.0,0.0,29010.999955828578,19615.999955893,73068.5751484735,49722.0125105747,0.0,0.0,0.0,0.0,0.0,448.695144420735,274.4917862383679,529.0705770840559,329.1860000000001,9394.99999993558,23346.5626378988,0.0,0.0,174.2033581823671,199.8845770840558
A2,'Dreiländereck Nord',374.27,2.0,0.0,24357.99999982947,14963.0,3460.585113156896,3355.65518957125,1.0,11.0,7.0,532.8772207085285,332.87722070852845,529.0705770840559,329.1860000000001,0.0,0.0,9394.99999982947,104.929923585646,4.0,200.0,199.8845770840558,0.0
A21,'Alland',14.68,2.0,0.0,40163.5,20070.5,103417.5875090444,53997.2486152721,0.0,0.0,-0.0,0.0,0.0,0.0,0.0,113.75934625994884,59.39697347679932,20093.0,49420.3388937723,0.0,0.0,0.0,54.36237278314953
A21,'Dornbach',19.96,1.0,2.0,19174.4834449889,19174.4834449889,20444.3562415576,20444.3562415576,0.0,0.0,-0.0,0.0,0.0,59.39697347679932,59.39697347679932,81.88576534251268,81.88576534251268,0.0,0.0,0.0,0.0,0.0,0.0
A21,'Hinterbrühl',26.99,0.0,1.0,19730.9622844667,0.0,44502.271823292,0.0,1.0,3.0,0.0,103.31487178877073,0.0,54.36237278314953,0.0,0.0,0.0,19730.9622844667,44502.271823292,3.0,103.31487178877073,54.36237278314953,0.0
A21,'Sparbach',26.99,1.0,2.0,19671.3778540705,19671.3778540705,27694.9433992778,27694.9433992778,1.0,3.0,3.0,112.35020308171826,112.35020308171826,81.88576534251268,81.88576534251268,0.0,0.0,0.0,0.0,0.0,0.0,0.0,0.0
A22,'Korneuburg West',18.04,1.0,0.0,32131.000000493,32131.000000493,63932.2189343836,63932.2189343836,0.0,0.0,-0.0,0.0,0.0,0.0,0.0,70.32544082782195,70.32544082782195,0.0,0.0,0.0,0.0,0.0,0.0
A22,'Korneuburg Ost',18.12,0.0,0.0,32321.0,0.0,116866.419778724,0.0,1.0,3.0,0.0,128.5530617565964,0.0,0.0,0.0,0.0,0.0,32321.0,116866.419778724,3.0,128.5530617565964,0.0,0.0
A22,'Stockerau',28.09,1.0,0.0,30190.0075840983,30190.0075840983,9009.75771256432,9009.75771256432,1.0,2.0,2.0,80.2361743116427,80.2361743116427,70.32544082782195,70.32544082782195,0.0,0.0,0.0,0.0,0.0,0.0,0.0,0.0
A25,'Pucking',5.97,0.0,1.0,21620.0,0.0,25350.6414168089,0.0,0.0,0.0,0.0,0.0,0.0,0.0,0.0,27.88570555848979,0.0,21620.0,25350.6414168089,-0.0,0.0,0.0,27.88570555848979
A25,'Sinnersdorf/Süd',6.11,1.0,2.0,21271.0,21271.0,28981.9325780941,28981.9325780941,0.0,0.0,-0.0,0.0,0.0,0.0,0.0,31.880125835903513,31.880125835903513,0.0,0.0,0.0,0.0,0.0,0.0
A25,'Wels',13.06,2.0,0.0,49975.503210327704,24897.0210114574,71240.92245977151,35752.432366673,1.0,4.0,2.0,138.13084610014195,71.20780143924381,59.7658313943933,31.880125835903513,0.0,0.0,25078.4821988703,35488.4900930985,2.0,66.92304466089814,27.88570555848979,0.0
A3,'Hornstein',28.0,2.0,0.0,35088.0,17661.0,114520.7625990136,47668.5879897419,1.0,4.0,2.0,125.97283885891494,52.435446788716085,0.0,0.0,0.0,0.0,17427.0,66852.1746092717,2.0,73.53739207019886,0.0,0.0
A4,'Simmering',2.45,0.0,0.0,35371.7896917694,0.0,22257.8385743495,0.0,0.0,0.0,0.0,0.0,0.0,0.0,0.0,24.483622431784447,0.0,35371.7896917694,22257.8385743495,-0.0,0.0,0.0,24.483622431784447
A4,'Fischamend',22.33,0.0,1.0,28227.0,0.0,112756.864089742,0.0,0.0,0.0,0.0,0.0,0.0,24.483622431784447,0.0,148.51617293050066,0.0,28227.0,112756.864089742,-0.0,0.0,24.483622431784447,148.51617293050066
A4,'Maria Ellend',22.48,1.0,1.0,27990.0,27990.0,32591.6448755632,32591.6448755632,0.0,0.0,-0.0,0.0,0.0,0.0,0.0,35.85080936311952,35.85080936311952,0.0,0.0,0.0,0.0,0.0,0.0
A4,'Göttlesbrunn',28.04,2.0,0.0,47550.0,23278.0,112197.1085476203,84150.5614747547,1.0,3.0,2.0,111.76976056193315,61.76976056193304,184.36698229362017,35.85080936311952,196.01404113406937,66.64666642341665,24272.0,28046.5470728656,1.0,50.000000000000114,148.51617293050066,129.3673747106527
A4,'Parndorf',46.23,1.0,2.0,19928.0,19928.0,74634.9733086667,74634.9733086667,0.0,0.0,-0.0,0.0,0.0,66.64666642341665,66.64666642341665,148.74513706295002,148.74513706295002,0.0,0.0,0.0,0.0,0.0,0.0
A4,'Neusiedl',47.01,0.0,2.0,21837.0,0.0,82260.7844099831,0.0,0.0,0.0,0.0,0.0,0.0,129.3673747106527,0.0,219.85423756163408,0.0,21837.0,82260.7844099831,-0.0,0.0,129.3673747106527,219.85423756163408
A4,'Nickelsdorf Süd',64.65,0.0,0.0,10545.0002054832,0.0,37272.1460143132,0.0,1.0,6.0,0.0,260.8535981773786,0.0,219.85423756163408,0.0,0.0,0.0,10545.0002054832,37272.1460143132,6.0,260.8535981773786,219.85423756163408,0.0
A4,'Nickelsdorf Nord',64.97,1.0,0.0,7158.00002801737,7158.00002801737,1140.78448822744,1140.78448822744,1.0,3.0,3.0,150.0000000000002,150.0000000000002,148.74513706295002,148.74513706295002,0.0,0.0,0.0,0.0,0.0,0.0,0.0,0.0
A5,'Hochleithen',10.63,2.0,0.0,35611.2,18304.7,171050.4446671828,136176.475622953,1.0,4.0,3.0,188.15548913390106,149.79412318524828,0.0,0.0,0.0,0.0,17306.5,34873.9690442298,1.0,38.36136594865278,0.0,0.0
A6,'Potzneusiedl',10.8,2.0,0.0,15204.99999997072,7878.99999998374,33671.234605376696,17937.6953439935,1.0,2.0,1.0,37.038358065914366,19.73146487839285,0.0,0.0,0.0,0.0,7325.99999998698,15733.5392613832,1.0,17.30689318752152,0.0,0.0
A7,'Engerwitzdorf',25.71,1.0,1.0,19344.0,19344.0,4050.24228695362,4050.24228695362,1.0,1.0,1.0,4.455266515648982,4.455266515648982,0.0,0.0,0.0,0.0,0.0,0.0,0.0,0.0,0.0,0.0
A7,'Denk',25.76,0.0,1.0,18851.0,0.0,97075.8948382568,0.0,1.0,3.0,0.0,106.78348432208249,0.0,0.0,0.0,0.0,0.0,18851.0,97075.8948382568,3.0,106.78348432208249,0.0,0.0
A8,'Voralpenkreuz',0.17,2.0,0.0,20453.0,10372.0,35002.97696040161,34120.7993040976,0.0,0.0,-0.0,0.0,0.0,0.0,0.0,38.50327465644177,37.532879234507355,10081.0,882.177656304013,-0.0,0.0,0.0,0.9703954219344143
A8,'Oberham/Süd',16.76,1.0,2.0,24053.9987668495,24053.9987668495,18977.6357391317,18977.6357391317,0.0,0.0,-0.0,0.0,0.0,37.532879234507355,37.532879234507355,58.40827854755238,58.40827854755238,0.0,0.0,0.0,0.0,0.0,0.0
A8,'Oberham/Nord',18.32,0.0,2.0,21938.9594740121,0.0,79070.5212042674,0.0,0.0,0.0,0.0,0.0,0.0,0.9703954219344143,0.0,87.94796874662866,0.0,21938.9594740121,79070.5212042674,-0.0,0.0,0.9703954219344143,87.94796874662866
A8,'Schnittering/Süd',20.68,1.0,2.0,17695.5680773093,17695.5680773093,46433.724359523,46433.724359523,0.0,0.0,-0.0,0.0,0.0,58.40827854755238,58.40827854755238,109.48537534302767,109.48537534302767,0.0,0.0,0.0,0.0,0.0,0.0
A8,'Kematen/Nord',24.85,0.0,2.0,16374.0,0.0,21401.0445813279,0.0,0.0,0.0,0.0,0.0,0.0,87.94796874662866,0.0,111.48911778608935,0.0,16374.0,21401.0445813279,-0.0,0.0,87.94796874662866,111.48911778608935
A8,'Aistersheim',33.81,2.0,0.0,30956.0,15977.0,60874.300241769204,34038.4380512458,1.0,2.0,1.0,79.99237149308573,40.64898785823147,220.97449312911704,109.48537534302767,207.94385190197744,106.27866934116658,14979.0,26835.8621905234,1.0,39.34338363485425,111.48911778608935,101.66518256081085
A8,'Gotthaming',43.74,0.0,2.0,13574.0021264066,0.0,26867.9601020947,0.0,0.0,0.0,0.0,0.0,0.0,101.66518256081085,0.0,131.21993867311502,0.0,13574.0021264066,26867.9601020947,-0.0,0.0,101.66518256081085,131.21993867311502
A8,'Renhartsberg',44.47,1.0,2.0,14008.0000000001,14008.0000000001,14392.7026850084,14392.7026850084,0.0,0.0,-0.0,0.0,0.0,106.27866934116658,106.27866934116658,122.11064229467581,122.11064229467581,0.0,0.0,0.0,0.0,0.0,0.0
A8,'Grübl/Süd’,49.59,1.0,2.0,14008.0,14008.0,20419.6304148242,20419.6304148242,0.0,0.0,-0.0,0.0,0.0,122.11064229467581,122.11064229467581,144.57223575098243,144.57223575098243,0.0,0.0,0.0,0.0,0.0,0.0
A8,'Grübl/Nord',49.61,0.0,2.0,13574.0,0.0,15944.8924629993,0.0,0.0,0.0,0.0,0.0,0.0,131.21993867311502,0.0,148.75932038241424,0.0,13574.0,15944.8924629993,-0.0,0.0,131.21993867311502,148.75932038241424
A8,'Murau West',56.77,1.0,1.0,14172.0,14172.0,41708.9211386976,41708.9211386976,0.0,0.0,-0.0,0.0,0.0,144.57223575098243,144.57223575098243,190.4520490035498,190.4520490035498,0.0,0.0,0.0,0.0,0.0,0.0
A8,'Murau Ost',56.88,0.0,1.0,13536.0,0.0,19847.6823609433,0.0,0.0,0.0,0.0,0.0,0.0,148.75932038241424,0.0,170.5917709794519,0.0,13536.0,19847.6823609433,-0.0,0.0,148.75932038241424,170.5917709794519
A8,'Marienkirchen/Schärding’,71.6,1.0,1.0,10055.2342807957,10055.2342807957,6370.45169055732,6370.45169055732,0.0,0.0,-0.0,0.0,0.0,190.4520490035498,190.4520490035498,197.45954586316284,197.45954586316284,0.0,0.0,0.0,0.0,0.0,0.0
A8,'Dietrichshofen/Ost',72.06,0.0,2.0,8836.92333674456,0.0,26734.753655044,0.0,1.0,4.0,0.0,200.00000000000028,0.0,170.5917709794519,0.0,0.0,0.0,8836.92333674456,26734.753655044,4.0,200.00000000000028,170.5917709794519,0.0
A8,'Suben West',74.77,1.0,0.0,9186.00000018942,9186.00000018942,2309.50376076126,2309.50376076126,1.0,4.0,4.0,200.00000000000023,200.00000000000023,197.45954586316284,197.45954586316284,0.0,0.0,0.0,0.0,0.0,0.0,0.0,0.0
A9,'Maisdorf/Ost',12.66,1.0,2.0,10503.0,10503.0,49687.4935362851,49687.4935362851,0.0,0.0,0.0,0.0,0.0,0.0,0.0,54.65624288991362,54.65624288991362,0.0,0.0,0.0,0.0,0.0,0.0
A9,'Maisdorf/West',12.73,0.0,2.0,11055.0,0.0,28126.5824568507,0.0,0.0,0.0,0.0,0.0,0.0,0.0,0.0,30.93924070253577,0.0,11055.0,28126.5824568507,0.0,0.0,0.0,30.93924070253577
A9,'St. Pankraz',36.36,2.0,0.0,13974.0,6941.0,59101.108124232705,25927.4079819168,0.0,0.0,0.0,0.0,0.0,85.5954835924494,54.65624288991362,150.60670252910535,83.1763916700221,7033.0,33173.7001423159,0.0,0.0,30.93924070253577,67.43031085908325
A9,'Pyhrn-Priel Ost’,55.03,1.0,1.0,7591.97161176799,7591.97161176799,16849.293094569,16849.293094569,0.0,0.0,0.0,0.0,0.0,83.1763916700221,83.1763916700221,101.710614074048,101.710614074048,0.0,0.0,0.0,0.0,0.0,0.0
A9,'Pyhrn-Priel West',55.04,0.0,1.0,8230.85522813332,0.0,31192.3019866198,0.0,0.0,0.0,0.0,0.0,0.0,67.43031085908325,0.0,101.74184304436503,0.0,8230.85522813332,31192.3019866198,0.0,0.0,67.43031085908325,101.74184304436503
A9,'Ardning Ost',65.96,1.0,2.0,13083.9999998773,13083.9999998773,31041.4589923437,31041.4589923437,0.0,0.0,0.0,0.0,0.0,101.710614074048,101.710614074048,135.85621896562606,135.85621896562606,0.0,0.0,0.0,0.0,0.0,0.0
A9,'Ardning West',66.04,0.0,2.0,13361.9999999834,0.0,29114.4164492944,0.0,0.0,0.0,0.0,0.0,0.0,101.74184304436503,0.0,133.76770113858888,0.0,13361.9999999834,29114.4164492944,0.0,0.0,101.74184304436503,133.76770113858888
A9,'Rottenmann/Nord',77.91,1.0,2.0,13084.0,13084.0,20345.1880841495,20345.1880841495,0.0,0.0,0.0,0.0,0.0,135.85621896562606,135.85621896562606,158.23592585819074,158.23592585819074,0.0,0.0,0.0,0.0,0.0,0.0
A9,'Rottenmann/Süd',78.18,0.0,2.0,13362.0,0.0,32196.6325731684,0.0,0.0,0.0,0.0,0.0,0.0,133.76770113858888,0.0,169.1839969690743,0.0,13362.0,32196.6325731684,0.0,0.0,133.76770113858888,169.1839969690743
A9,'Trieben',85.7,2.0,0.0,20906.0,10287.0,29194.7856077996,13223.2246647429,1.0,6.0,3.0,300.0,150.0,327.41992282726505,158.23592585819074,59.53418699584458,22.781472989407916,10619.0,15971.5609430567,3.0,150.0,169.1839969690743,36.75271400643666
A9,'Gaishorn',92.11,1.0,1.0,10287.0,10287.0,59758.322392657,59758.322392657,0.0,0.0,0.0,0.0,0.0,22.781472989407916,22.781472989407916,88.51562762133061,88.51562762133061,0.0,0.0,0.0,0.0,0.0,0.0
A9,'Treglwang',94.03,0.0,2.0,10619.0,0.0,17705.3900050014,0.0,0.0,0.0,0.0,0.0,0.0,36.75271400643666,0.0,56.2286430119382,0.0,10619.0,17705.3900050014,0.0,0.0,36.75271400643666,56.2286430119382
A9,'Kalwang',106.26,0.0,1.0,10953.0,0.0,26930.4863629944,0.0,0.0,0.0,0.0,0.0,0.0,56.2286430119382,0.0,85.85217801123204,0.0,10953.0,26930.4863629944,0.0,0.0,56.2286430119382,85.85217801123204
A9,'Kammern Nord',121.18,1.0,2.0,10926.0,10926.0,175.988980444872,175.988980444872,0.0,0.0,0.0,0.0,0.0,88.51562762133061,88.51562762133061,88.70921549981996,88.70921549981996,0.0,0.0,0.0,0.0,0.0,0.0
A9,'Kammern Süd',121.26,2.0,0.0,21954.0,10926.0,64341.428073255505,31427.4136236468,0.0,0.0,0.0,0.0,0.0,174.56139351105202,88.70921549981996,245.33696439163305,123.27937048583144,11028.0,32914.0144496087,0.0,0.0,85.85217801123204,122.05759390580161
A9,'St. Michael',135.01,0.0,2.0,11073.0049655244,0.0,30404.0043093092,0.0,0.0,0.0,0.0,0.0,0.0,122.05759390580161,0.0,155.50199864604173,0.0,11073.0049655244,30404.0043093092,0.0,0.0,122.05759390580161,155.50199864604173
A9,'Ortnerhof Süd’,135.65,0.0,2.0,11073.9994440636,0.0,1386.65109811539,0.0,0.0,0.0,0.0,0.0,0.0,155.50199864604173,0.0,157.02731485396865,0.0,11073.9994440636,1386.65109811539,0.0,0.0,155.50199864604173,157.02731485396865
A9,'Ortnerhof Nord',135.65,1.0,2.0,10574.9998730129,10574.9998730129,7705.62811144795,7705.62811144795,0.0,0.0,0.0,0.0,0.0,123.27937048583144,123.27937048583144,131.75556140842417,131.75556140842417,0.0,0.0,0.0,0.0,0.0,0.0
A9,'Hinterlainsach/Ost',139.16,0.0,2.0,11074.0,0.0,7841.72166568702,0.0,0.0,0.0,0.0,0.0,0.0,157.02731485396865,0.0,165.65320868622436,0.0,11074.0,7841.72166568702,0.0,0.0,157.02731485396865,165.65320868622436
A9,'Hinterlainsach/West',139.3,1.0,2.0,10575.0,10575.0,31388.7335234428,31388.7335234428,0.0,0.0,0.0,0.0,0.0,131.75556140842417,131.75556140842417,166.28316828421126,166.28316828421126,0.0,0.0,0.0,0.0,0.0,0.0
A9,'Kleintal',150.57,0.0,2.0,11777.0,0.0,26809.3360642933,0.0,0.0,0.0,0.0,0.0,0.0,165.65320868622436,0.0,195.14347835694699,0.0,11777.0,26809.3360642933,0.0,0.0,165.65320868622436,195.14347835694699
A9,'Übelbach 1',154.16,1.0,2.0,11512.0,11512.0,17781.9235231718,17781.9235231718,0.0,0.0,0.0,0.0,0.0,166.28316828421126,166.28316828421126,185.84328415970023,185.84328415970023,0.0,0.0,0.0,0.0,0.0,0.0
A9,'Übelbach 2',154.24,0.0,2.0,11777.0,0.0,8639.97767636247,0.0,0.0,0.0,0.0,0.0,0.0,195.14347835694699,0.0,204.6474538009457,0.0,11777.0,8639.97767636247,0.0,0.0,195.14347835694699,204.6474538009457
A9,'Deutschfeistritz',161.95,2.0,0.0,23289.000114064198,11512.0000590489,76050.6525493734,58046.724152641,0.0,0.0,0.0,0.0,0.0,390.4907379606459,185.84328415970023,474.14645576495667,249.69468072760532,11777.0000550153,18003.9283967324,0.0,0.0,204.6474538009457,224.45177503735135
A9,'Eggenfeld',169.13,0.0,2.0,20432.1080698656,0.0,29453.135965858,0.0,0.0,0.0,0.0,0.0,0.0,224.45177503735135,0.0,256.8502245997952,0.0,20432.1080698656,29453.135965858,0.0,0.0,224.45177503735135,256.8502245997952
A9,'Feldkirchen',186.97,1.0,2.0,29999.0102815467,29999.0102815467,57184.4442484991,57184.4442484991,0.0,0.0,0.0,0.0,0.0,249.69468072760532,249.69468072760532,312.59756940095434,312.59756940095434,0.0,0.0,0.0,0.0,0.0,0.0
A9,'Premstätten',192.48,0.0,1.0,32302.5116708696,0.0,152381.317083486,0.0,0.0,0.0,0.0,0.0,0.0,256.8502245997952,0.0,424.4696733916298,0.0,32302.5116708696,152381.317083486,0.0,0.0,256.8502245997952,424.4696733916298
A9,'Thalerhof',196.52,1.0,2.0,26113.2658741873,26113.2658741873,77662.2651232488,77662.2651232488,0.0,0.0,0.0,0.0,0.0,312.59756940095434,312.59756940095434,398.026061036528,398.026061036528,0.0,0.0,0.0,0.0,0.0,0.0
A9,'Gralla West',211.06,0.0,0.0,20689.0,0.0,76643.5863777935,0.0,1.0,7.0,0.0,350.0,0.0,424.4696733916298,0.0,158.77761840720262,0.0,20689.0,76643.5863777935,7.0,350.0,424.4696733916298,158.77761840720262
A9,'Gralla Ost',211.45,1.0,0.0,19399.0,19399.0,52785.1051627529,52785.1051627529,1.0,7.0,7.0,314.30335867309043,314.30335867309043,398.026061036528,398.026061036528,141.78631804246575,141.78631804246575,0.0,0.0,0.0,0.0,0.0,0.0
A9,'Straß Ost’,225.02,1.0,2.0,7452.00000000078,7452.00000000078,7466.9835977584,7466.9835977584,1.0,3.0,3.0,150.0,150.0,141.78631804246575,141.78631804246575,0.0,0.0,0.0,0.0,0.0,0.0,0.0,0.0
A9,'Straß West',225.02,0.0,2.0,8239.00000000051,0.0,22970.085281965,0.0,1.0,4.0,0.0,184.04471221736412,0.0,158.77761840720262,0.0,0.0,0.0,8239.00000000051,22970.085281965,4.0,184.04471221736412,158.77761840720262,0.0
S16,'Schnann',18.9,2.0,0.0,9860.99996031521,4918.99996031522,43437.3063097745,24737.2326994265,0.0,0.0,-0.0,0.0,0.0,0.0,0.0,47.781036940751946,27.21095596936915,4941.99999999999,18700.073610348,0.0,0.0,0.0,20.5700809713828
S16,'Klösterle',44.17,1.0,0.0,4439.00000026553,4439.00000026553,13183.2372957264,13183.2372957264,0.0,0.0,-0.0,0.0,0.0,27.21095596936915,27.21095596936915,41.71251699466819,41.71251699466819,0.0,0.0,0.0,0.0,0.0,0.0
S16,'Innerbraz',54.99,0.0,0.0,5392.0,0.0,38789.0895145232,0.0,0.0,0.0,0.0,0.0,0.0,20.5700809713828,0.0,63.238079437358344,0.0,5392.0,38789.0895145232,0.0,0.0,20.5700809713828,63.238079437358344
S16,'Radin Süd',59.01,1.0,2.0,5252.0,5252.0,3038.65560533498,3038.65560533498,1.0,1.0,1.0,45.05503816053667,45.05503816053667,41.71251699466819,41.71251699466819,0.0,0.0,0.0,0.0,0.0,0.0,0.0,0.0
S16,'Radin Nord',59.03,0.0,2.0,5392.0,0.0,4366.47563598932,0.0,1.0,2.0,0.0,68.0412026369466,0.0,63.238079437358344,0.0,0.0,0.0,5392.0,4366.47563598932,2.0,68.0412026369466,63.238079437358344,0.0
S1A,'Schwechat',9.85,2.0,0.0,61703.499999875596,30239.9999998998,98660.2094337553,59618.6864748636,1.0,3.0,2.0,108.52623037713083,65.58055512234996,0.0,0.0,0.0,0.0,31463.4999999758,39041.5229588917,1.0,42.945675254780866,0.0,0.0
S1B,'Deutsch Wagram',39.05,2.0,0.0,32604.8333333334,16366.8666666667,73145.99870320685,63468.894044686,1.0,3.0,2.0,80.46059857352752,69.8157834491546,0.0,0.0,0.0,0.0,16237.9666666667,9677.10465852084,1.0,10.644815124372924,0.0,0.0
S3,'Hollabrunn',23.6,1.0,2.0,6766.0,6766.0,15563.6304365099,15563.6304365099,1.0,1.0,1.0,17.11999348016089,17.11999348016089,0.0,0.0,0.0,0.0,0.0,0.0,0.0,0.0,0.0,0.0
S31,‘Mattersburg’,52.09,1.0,2.0,8153.0,8153.0,26231.7185760427,26231.7185760427,0.0,0.0,-0.0,0.0,0.0,0.0,0.0,28.85489043364697,28.85489043364697,0.0,0.0,0.0,0.0,0.0,0.0
S31,'Forchtenstein’,52.45,0.0,2.0,7857.0,0.0,29576.2970950276,0.0,0.0,0.0,0.0,0.0,0.0,0.0,0.0,32.53392680453036,0.0,7857.0,29576.2970950276,-0.0,0.0,0.0,32.53392680453036
S31,'Kobersdorf',66.91,0.0,2.0,6223.99999959079,0.0,17886.0953980026,0.0,1.0,2.0,0.0,52.20863174233322,0.0,32.53392680453036,0.0,0.0,0.0,6223.99999959079,17886.0953980026,2.0,52.20863174233322,32.53392680453036,0.0
S31,'Tschurndorf',68.14,1.0,2.0,6566.99981701551,6566.99981701551,21185.2830579882,21185.2830579882,1.0,2.0,2.0,52.158701797433984,52.158701797433984,28.85489043364697,28.85489043364697,0.0,0.0,0.0,0.0,0.0,0.0,0.0,0.0
S33,'St. Pölten Ost',1.84,0.0,0.0,15332.0,0.0,42162.7134503831,0.0,0.0,0.0,0.0,0.0,0.0,0.0,0.0,46.3789847954214,0.0,15332.0,42162.7134503831,-0.0,0.0,0.0,46.3789847954214
S33,'Inzersdorf',15.28,1.0,1.0,15650.3644596231,15650.3644596231,47979.5381659785,47979.5381659785,1.0,2.0,2.0,52.77749198257635,52.77749198257635,0.0,0.0,0.0,0.0,0.0,0.0,0.0,0.0,0.0,0.0
S33,'Herzogenburg',15.69,0.0,1.0,15657.3198933445,0.0,36041.873172353,0.0,1.0,2.0,0.0,86.0250452850097,0.0,46.3789847954214,0.0,0.0,0.0,15657.3198933445,36041.873172353,2.0,86.0250452850097,46.3789847954214,0.0
S35,'Frohnleiten Ost',26.82,1.0,2.0,9690.0,9690.0,18587.0306660648,18587.0306660648,1.0,1.0,1.0,20.44573373267128,20.44573373267128,0.0,0.0,0.0,0.0,0.0,0.0,0.0,0.0,0.0,0.0
S35,'Frohnleiten West',26.82,0.0,2.0,9816.0,0.0,51001.4723618157,0.0,1.0,2.0,0.0,56.10161959799727,0.0,0.0,0.0,0.0,0.0,9816.0,51001.4723618157,2.0,56.10161959799727,0.0,0.0
S36,'St. Marein Nord',14.89,0.0,0.0,10113.0,0.0,30156.5054856072,0.0,0.0,0.0,0.0,0.0,0.0,0.0,0.0,33.17215603416792,0.0,10113.0,30156.5054856072,-0.0,0.0,0.0,33.17215603416792
S36,'St. Marein Süd',14.97,1.0,0.0,10133.0,10133.0,39904.3447834717,39904.3447834717,0.0,0.0,-0.0,0.0,0.0,0.0,0.0,43.89477926181887,43.89477926181887,0.0,0.0,0.0,0.0,0.0,0.0
S36,'Strettweg',34.61,1.0,2.0,9701.0,9701.0,5373.27834651624,5373.27834651624,1.0,1.0,1.0,49.80538544298673,49.80538544298673,43.89477926181887,43.89477926181887,0.0,0.0,0.0,0.0,0.0,0.0,0.0,0.0
S36,'Hauswald',35.77,0.0,2.0,9740.5,0.0,40577.7359324679,0.0,1.0,2.0,0.0,77.80766555988261,0.0,33.17215603416792,0.0,0.0,0.0,9740.5,40577.7359324679,2.0,77.80766555988261,33.17215603416792,0.0
S37,'Hunnenbrunnen',285.19,0.0,2.0,19888.0,9830.0,36142.46463235457,31846.6690887825,0.0,1.0,1.0,35.03133599766075,35.03133599766075,0.0,0.0,4.725375097929277,0.0,10058.0,4295.79554357207,-0.0,0.0,0.0,4.725375097929277
S37,'Zollfeld',293.91,0.0,2.0,10058.0,0.0,17382.6063387542,0.0,1.0,1.0,0.0,23.8462420705589,0.0,4.725375097929277,0.0,0.0,0.0,10058.0,17382.6063387542,1.0,23.8462420705589,4.725375097929277,0.0
S5,'Zaina',6.3,0.0,2.0,17736.0,0.0,22057.7426519245,0.0,0.0,0.0,0.0,0.0,0.0,0.0,0.0,24.263516917116945,0.0,17736.0,22057.7426519245,-0.0,0.0,0.0,24.263516917116945
S5,'Grafenwörth',32.85,2.0,0.0,24240.0,12223.0,92944.8042105512,29144.4621276873,1.0,3.0,1.0,126.50280154872326,32.05890834045603,24.263516917116945,0.0,0.0,0.0,12017.0,63800.3420828639,2.0,94.44389320826723,24.263516917116945,0.0
S6,'Natschbach',3.22,2.0,0.0,28895.0,14454.0,49805.03843322327,41975.638309581,0.0,0.0,0.0,0.0,0.0,0.0,0.0,54.7855422765456,46.1732021405391,14441.0,7829.40012364227,0.0,0.0,0.0,8.612340136006498
S6,'Gloggnitz Süd',17.81,1.0,2.0,7935.5,7935.5,9081.29725430135,9081.29725430135,0.0,0.0,0.0,0.0,0.0,46.1732021405391,46.1732021405391,56.16262912027058,56.16262912027058,0.0,0.0,0.0,0.0,0.0,0.0
S6,'Gloggnitz Nord',18.44,0.0,2.0,8009.0,0.0,24242.6211560244,0.0,0.0,0.0,0.0,0.0,0.0,8.612340136006498,0.0,35.27922340763334,0.0,8009.0,24242.6211560244,0.0,0.0,8.612340136006498,35.27922340763334
S6,'Schottwien',23.57,2.0,0.0,15944.5,7935.5,47842.38487070691,39660.7829112576,0.0,0.0,0.0,0.0,0.0,91.44185252790392,56.16262912027058,144.0684758856815,99.78949032265393,8009.0,8181.60195944931,0.0,0.0,35.27922340763334,44.278985563027575
S6,'Schwöbing Nord',48.55,0.0,0.0,9945.0,0.0,49668.1515643949,0.0,0.0,0.0,0.0,0.0,0.0,44.278985563027575,0.0,98.91395228386196,0.0,9945.0,49668.1515643949,0.0,0.0,44.278985563027575,98.91395228386196
S6,'Schwöbing Süd',48.57,1.0,0.0,9757.0,9757.0,46526.2086406298,46526.2086406298,0.0,0.0,0.0,0.0,0.0,99.78949032265393,99.78949032265393,150.9683198273467,150.9683198273467,0.0,0.0,0.0,0.0,0.0,0.0
S6,'St. Marein',68.99,0.0,0.0,12864.0,0.0,52521.6000726417,0.0,0.0,0.0,0.0,0.0,0.0,98.91395228386196,0.0,156.68771236376782,0.0,12864.0,52521.6000726417,0.0,0.0,98.91395228386196,156.68771236376782
S6,'Kapfenberg Nord',72.03,0.0,2.0,12864.0,0.0,7831.34579629671,0.0,1.0,4.0,0.0,165.3021927396942,0.0,156.68771236376782,0.0,0.0,0.0,12864.0,7831.34579629671,4.0,165.3021927396942,156.68771236376782,0.0
S6,'Kapfenberg Süd',72.45,1.0,1.0,12893.5,12893.5,83967.4089500264,83967.4089500264,1.0,5.0,5.0,243.33246967237574,243.33246967237574,150.9683198273467,150.9683198273467,0.0,0.0,0.0,0.0,0.0,0.0,0.0,0.0
