Time of calculation: 20210916-174344; value of objective: 9459.774851543722;  acc=20;  ec=0.25;  e_tax=0.15;  cfix=50000;  cvar=10000;  eta=0.011;  hours_of_constant_charging=20;  i=0.05;  T=10
highway,name,asfinag_position,direction,asfinag_type,traffic_flow,traffic_flow_0,energy_demand,energy_demand_0,pXi_dir,pYi_dir,pYi_dir_0,pE_charged,pE_charged_0,pE_input,pE_input_0,pE_output,pE_output_0,traffic_flow_1,energy_demand_1,pYi_dir_1,pE_charged_1,pE_input_1,pE_output_1
A1,'Parkplatz Großraum’,27.42,2.0,2.0,25490.00000000002,12193.00000000001,59974.325349551335,45433.23590445468,1.0,1.0,1.0,499.76559494900147,499.76559494900147,0.0,0.0,159.95198389606315,0.0,13297.00000000001,14541.089445096652,-0.0,0.0,0.0,159.95198389606315
A1,'Steinhäusl',32.7,2.0,0.0,63195.99999999913,31485.99999999933,111561.50482266714,34431.882550071685,0.0,1.0,-0.0,1000.0,0.0,159.95198389606315,0.0,387.1285369454018,378.75070805078855,31709.9999999998,77129.62227259546,1.0,1000.0,159.95198389606315,8.37782889461323
A1,'Kirchstetten',44.88,0.0,1.0,29897.99999542764,29897.99999542764,72732.0809427628,72732.0809427628,1.0,1.0,1.0,967.1561898241023,967.1561898241023,378.75070805078855,378.75070805078855,211.64740859707706,211.64740859707706,0.0,0.0,0.0,0.0,0.0,0.0
A1,'Kesselhof',44.88,1.0,1.0,30234.999996719125,0.0,109130.95569981833,0.0,1.0,1.0,0.0,1000.0,0.0,8.37782889461323,0.0,208.81834159261484,0.0,30234.999996719125,109130.95569981833,1.0,1000.0,8.37782889461323,208.81834159261484
A1,'St. Pölten',62.9,2.0,0.0,71148.0,35583.0,227454.84943410664,128422.41740026572,1.0,2.0,1.0,2000.0,1000.0,420.4657501896919,211.64740859707706,922.4690939648648,624.294,35565.0,99032.43203384092,1.0,1000.0,208.81834159261484,298.1750939648648
A1,'Schallaburg',76.81,1.0,1.0,29188.0,0.0,136934.36037638868,0.0,1.0,2.0,0.0,1390.9208154503785,0.0,298.1750939648648,0.0,413.5322426547616,0.0,29188.0,136934.36037638868,2.0,1390.9208154503785,298.1750939648648,413.5322426547616
A1,'Roggendorf',76.82,0.0,1.0,28377.0,28377.0,78562.33219617409,78562.33219617409,1.0,1.0,1.0,1000.0,1000.0,624.294,624.294,488.47965415791487,488.47965415791487,0.0,0.0,0.0,0.0,0.0,0.0
A1,'Ornding',88.04,0.0,1.0,27048.0,27048.0,60488.07492270462,60488.07492270462,1.0,1.0,1.0,1000.0,1000.0,488.47965415791487,488.47965415791487,153.84847830766557,153.84847830766557,0.0,0.0,0.0,0.0,0.0,0.0
A1,'Ybbs',100.32,1.0,0.0,27161.40445083877,0.0,104129.25066774894,0.0,1.0,1.0,0.0,1000.0,0.0,413.5322426547616,0.0,558.954,0.0,27161.40445083877,104129.25066774894,1.0,1000.0,413.5322426547616,558.954
A1,'Kemmelbach',101.38,0.0,0.0,26898.000000000207,26898.000000000207,72226.10016870651,72226.10016870651,1.0,1.0,1.0,948.3355801634372,948.3355801634372,153.84847830766557,153.84847830766557,0.0,0.0,0.0,0.0,0.0,0.0,0.0,0.0
A1,'Viehdorf',118.17,0.0,1.0,25545.0,25545.0,92117.57063469278,92117.57063469278,1.0,1.0,1.0,1000.0,1000.0,0.0,0.0,13.293276981620465,13.293276981620465,0.0,0.0,0.0,0.0,0.0,0.0
A1,'Amstetten',119.36,1.0,1.0,25407.0,0.0,56128.53142795883,0.0,1.0,1.0,0.0,1000.0,0.0,558.954,0.0,176.36784570754696,0.0,25407.0,56128.53142795883,1.0,1000.0,558.954,176.36784570754696
A1,'Parkplatz Zeillern’,124.31,0.0,2.0,24685.0,24685.0,24100.57479449837,24100.57479449837,0.0,0.0,-0.0,0.0,0.0,13.293276981620465,13.293276981620465,278.3995997211025,278.3995997211025,0.0,0.0,0.0,0.0,0.0,0.0
A1,'Oed',130.52,1.0,2.0,26849.69206306653,0.0,69822.67372138443,0.0,1.0,1.0,0.0,944.4172566427757,0.0,176.36784570754696,0.0,0.0,0.0,26849.69206306653,69822.67372138443,1.0,944.4172566427757,176.36784570754696,0.0
A1,'Strengberg',136.0,0.0,0.0,25773.0,25773.0,60567.28709144443,60567.28709144443,1.0,1.0,1.0,735.3295997211026,735.3295997211026,278.3995997211025,278.3995997211025,209.31015800588864,209.31015800588864,0.0,0.0,0.0,0.0,0.0,0.0
A1,'Haag',143.54,1.0,0.0,28172.0,0.0,72532.38382040594,0.0,1.0,1.0,0.0,797.8562220244653,0.0,0.0,0.0,0.0,0.0,28172.0,72532.38382040594,1.0,797.8562220244653,0.0,0.0
A1,'Ennsblick',147.1,0.0,2.0,27181.0,27181.0,59900.9099344678,59900.9099344678,1.0,1.0,1.0,796.6053525005623,796.6053525005623,209.31015800588864,209.31015800588864,71.61481478447217,71.61481478447217,0.0,0.0,0.0,0.0,0.0,0.0
A1,'Parkplatz Ennsdorf’,152.88,0.0,2.0,26232.408315204048,26232.408315204048,30328.56812345904,30328.56812345904,0.0,0.0,0.0,0.0,0.0,71.61481478447217,71.61481478447217,405.2290641425216,405.2290641425216,0.0,0.0,0.0,0.0,0.0,0.0
A1,'Enns Süd',156.19,1.0,1.0,29648.737115098505,0.0,86236.6993060754,0.0,1.0,1.0,0.0,948.6036923668294,0.0,0.0,0.0,0.0,0.0,29648.737115098505,86236.6993060754,1.0,948.6036923668294,0.0,0.0
A1,'Enns Nord',156.79,0.0,1.0,29791.88732837659,29791.88732837659,22744.768825614865,22744.768825614865,0.0,0.0,0.0,0.0,0.0,405.2290641425216,405.2290641425216,655.4215212242851,655.4215212242851,0.0,0.0,0.0,0.0,0.0,0.0
A1,'Ansfelden Süd',170.93,1.0,0.0,46681.64620523784,0.0,108599.64670259466,0.0,1.0,1.0,0.0,1000.0,0.0,0.0,0.0,194.59611372854124,0.0,46681.64620523784,108599.64670259466,1.0,1000.0,0.0,194.59611372854124
A1,'Ansfelden Nord',171.01,0.0,0.0,48225.58896718505,48225.58896718505,137729.45647842763,137729.45647842763,1.0,2.0,2.0,2000.0,2000.0,655.4215212242851,655.4215212242851,170.44554248698898,170.44554248698898,0.0,0.0,0.0,0.0,0.0,0.0
A1,'Allhaming Süd',182.59,1.0,1.0,22273.0,0.0,132032.00498622254,0.0,1.0,2.0,0.0,1254.3540107922508,0.0,194.59611372854124,0.0,392.5941577847382,0.0,22273.0,132032.00498622254,2.0,1254.3540107922508,194.59611372854124,392.5941577847382
A1,'Allhaming Nord',182.6,0.0,1.0,22478.0,22478.0,52074.59618392183,52074.59618392183,1.0,1.0,1.0,743.266100510129,743.266100510129,170.44554248698898,170.44554248698898,0.0,0.0,0.0,0.0,0.0,0.0,0.0,0.0
A1,'Lindach Nord',212.26,0.0,0.0,24091.0,24091.0,143292.1869458095,143292.1869458095,1.0,2.0,2.0,1245.7080564039043,1245.7080564039043,0.0,0.0,330.50600000000003,330.50600000000003,0.0,0.0,0.0,0.0,0.0,0.0
A1,'Lindach Süd',212.27,1.0,0.0,24205.0,0.0,88500.71292866017,0.0,1.0,1.0,0.0,1000.0,0.0,392.5941577847382,0.0,366.102,0.0,24205.0,88500.71292866017,1.0,1000.0,392.5941577847382,366.102
A1,'Hainbach Süd',230.7,1.0,1.0,16641.0,0.0,43626.88664048988,0.0,1.0,1.0,0.0,845.9977530453887,0.0,366.102,0.0,0.0,0.0,16641.0,43626.88664048988,1.0,845.9977530453887,366.102,0.0
A1,'Hainbach Nord',230.72,0.0,1.0,15023.0,15023.0,55447.073726717535,55447.073726717535,1.0,1.0,1.0,940.423810993893,940.423810993893,330.50600000000003,330.50600000000003,0.0,0.0,0.0,0.0,0.0,0.0,0.0,0.0
A1,'Straß',243.67,1.0,1.0,16828.67483549712,0.0,52286.93331258195,0.0,1.0,1.0,0.0,575.1562664384014,0.0,0.0,0.0,0.0,0.0,16828.67483549712,52286.93331258195,1.0,575.1562664384014,0.0,0.0
A1,'Wildenhag Nord',243.76,0.0,2.0,17111.546808170722,17111.546808170722,44396.07377615938,44396.07377615938,1.0,1.0,1.0,488.3568115377531,488.3568115377531,0.0,0.0,0.0,0.0,0.0,0.0,0.0,0.0,0.0,0.0
A1,'Oberwang',251.03,0.0,1.0,15727.0,15727.0,23256.052200310536,23256.052200310536,0.0,0.0,0.0,0.0,0.0,0.0,0.0,255.81657420341588,255.81657420341588,0.0,0.0,0.0,0.0,0.0,0.0
A1,'Mondsee',259.23,2.0,0.0,31060.001681777,15727.000882328592,60471.650280389,25342.39533715945,1.0,2.0,1.0,911.1702717093201,524.7484673337951,255.81657420341588,255.81657420341588,9.834455578374616,9.834455578374616,15333.000799448411,35129.25494322955,1.0,386.421804375525,0.0,0.0
A1,‘Parkplatz Ölgraben’,268.98,0.0,2.0,18793.0,18793.0,36691.95858378413,36691.95858378413,0.0,0.0,0.0,0.0,0.0,9.834455578374616,9.834455578374616,413.446,413.446,0.0,0.0,0.0,0.0,0.0,0.0
A1,'Vetterbach',270.63,1.0,2.0,18111.0,0.0,24972.45872010481,0.0,0.0,0.0,0.0,0.0,0.0,0.0,0.0,274.6970459211529,0.0,18111.0,24972.45872010481,0.0,0.0,0.0,274.6970459211529
A1,'Enzersberg',274.82,0.0,2.0,21891.999995182963,21891.999995182963,25643.70256417291,25643.70256417291,1.0,1.0,1.0,526.0784726502873,526.0784726502873,413.446,413.446,169.44825555561476,169.44825555561476,0.0,0.0,0.0,0.0,0.0,0.0
A1,'Salzburger Vorland',277.55,1.0,2.0,21776.0,0.0,38740.09283187224,0.0,1.0,1.0,0.0,279.2140990986519,0.0,274.6970459211529,0.0,421.62396797309566,0.0,21776.0,38740.09283187224,1.0,279.2140990986519,274.6970459211529,421.62396797309566
A1,'Söllheim',286.46,1.0,0.0,28864.537464121862,0.0,82339.63927517904,0.0,1.0,1.0,0.0,1000.0,0.0,421.62396797309566,0.0,327.36000000006493,0.0,28864.537464121862,82339.63927517904,1.0,1000.0,421.62396797309566,327.36000000006493
A1,'Kasern',287.89,0.0,0.0,38922.8495638266,38922.8495638266,101432.70404041585,101432.70404041585,1.0,1.0,1.0,1000.0,1000.0,169.44825555561476,169.44825555561476,285.208000000189,285.208000000189,0.0,0.0,0.0,0.0,0.0,0.0
A1,'Walserberg Süd',300.71,1.0,0.0,14880.00000000295,0.0,866.4299233497069,0.0,1.0,1.0,0.0,336.89072915691173,0.0,327.36000000006493,0.0,0.0,0.0,14880.00000000295,866.4299233497069,1.0,336.89072915691173,327.36000000006493,0.0
A1,'Walserberg Nord',300.73,0.0,0.0,12964.000000008587,12964.000000008587,33079.84748626592,33079.84748626592,1.0,1.0,1.0,649.0863223491141,649.0863223491141,285.208000000189,285.208000000189,0.0,0.0,0.0,0.0,0.0,0.0,0.0,0.0
A10,'Glanegg/West',4.28,0.0,2.0,30225.0,30225.0,10702.59495982983,10702.59495982983,0.0,0.0,0.0,0.0,0.0,0.0,0.0,117.72854455812812,117.72854455812812,0.0,0.0,0.0,0.0,0.0,0.0
A10,'Untersberg/Ost',4.37,1.0,2.0,30061.0,0.0,79010.53992075186,0.0,1.0,1.0,0.0,869.1159391282705,0.0,0.0,0.0,0.0,0.0,30061.0,79010.53992075186,1.0,869.1159391282705,0.0,0.0
A10,'Bruderloch',17.53,1.0,2.0,24652.0,0.0,55144.78387577903,0.0,1.0,1.0,0.0,606.5926226335692,0.0,0.0,0.0,0.0,0.0,24652.0,55144.78387577903,1.0,606.5926226335692,0.0,0.0
A10,'Golling Ost',28.76,1.0,0.0,19647.00094772099,0.0,83619.98278708411,0.0,1.0,1.0,0.0,919.8198106579251,0.0,0.0,0.0,0.0,0.0,19647.00094772099,83619.98278708411,1.0,919.8198106579251,0.0,0.0
A10,'Golling West',28.82,0.0,0.0,19875.000668287423,19875.000668287423,97340.81805238585,97340.81805238585,1.0,1.0,1.0,762.6895431343723,762.6895431343723,117.72854455812812,117.72854455812812,425.788,425.788,0.0,0.0,0.0,0.0,0.0,0.0
A10,'Werfen',40.34,0.0,2.0,19354.0,19354.0,44743.31804657062,44743.31804657062,1.0,1.0,1.0,917.9644985122768,917.9644985122768,425.788,425.788,0.0,0.0,0.0,0.0,0.0,0.0,0.0,0.0
A10,'Klausgraben West’,50.01,0.0,2.0,16224.0,16224.0,31431.033067450226,31431.033067450226,0.0,0.0,0.0,0.0,0.0,0.0,0.0,345.74136374195245,345.74136374195245,0.0,0.0,0.0,0.0,0.0,0.0
A10,'Klausgraben Ost’,50.01,1.0,2.0,16076.0,0.0,29740.34522214243,0.0,0.0,0.0,0.0,0.0,0.0,0.0,0.0,327.1437974435667,0.0,16076.0,29740.34522214243,-0.0,0.0,0.0,327.1437974435667
A10,'Eben Süd',59.21,2.0,0.0,31555.3674870556,15997.416619605658,63864.366982730906,73.98398827676816,0.0,1.0,0.0,1000.0,0.0,672.8851611855191,345.74136374195245,375.39319799555904,346.5551876129969,15557.95086744994,63790.382994454136,1.0,1000.0,327.1437974435667,28.838010382562118
A10,'Eben Nord',59.32,2.0,0.0,31554.16119307871,15997.1632592005,29667.927073449984,29595.979909721613,1.0,1.0,1.0,672.1109666199346,672.1109666199346,375.39319799555904,346.5551876129969,29.629429183574214,0.0,15556.997933878209,71.94716372837226,-0.0,0.0,28.838010382562118,29.629429183574214
A10,'Rohr',71.25,0.0,2.0,10976.0,10976.0,26372.39981658969,26372.39981658969,1.0,1.0,1.0,290.09639798248656,290.09639798248656,0.0,0.0,0.0,0.0,0.0,0.0,0.0,0.0,0.0,0.0
A10,'Tauernalm',79.79,2.0,0.0,21522.867721662667,10903.654559151322,62621.10903795498,18508.36211902574,0.0,1.0,0.0,514.8696452917958,0.0,29.629429183574214,0.0,203.59198330928314,203.59198330928314,10619.213162511343,44112.74691892924,1.0,514.8696452917958,29.629429183574214,0.0
A10,'Lungau',97.91,0.0,0.0,10877.0,10877.0,39524.43281357246,39524.43281357246,1.0,1.0,1.0,638.3607442585801,638.3607442585801,203.59198330928314,203.59198330928314,0.0,0.0,0.0,0.0,0.0,0.0,0.0,0.0
A10,'Lanschütz',100.6,1.0,1.0,10558.5,0.0,33491.70982869735,0.0,1.0,1.0,0.0,359.16099160696854,0.0,0.0,0.0,9.247816508702243,0.0,10558.5,33491.70982869735,1.0,359.16099160696854,0.0,9.247816508702243
A10,'Rennweg',112.45,0.0,2.0,6878.0,6878.0,19876.6578731468,19876.6578731468,1.0,1.0,1.0,218.6432366046148,218.6432366046148,0.0,0.0,0.0,0.0,0.0,0.0,0.0,0.0,0.0,0.0
A10,'Ried’,116.47,1.0,2.0,7303.0,0.0,13765.2894082998,0.0,0.0,0.0,0.0,0.0,0.0,9.247816508702243,0.0,160.66600000000003,0.0,7303.0,13765.2894082998,0.0,0.0,9.247816508702243,160.66600000000003
A10,'Eisentratten',125.92,2.0,0.0,14180.999999999998,6877.999999999999,41606.555089056084,18483.210735025867,1.0,2.0,1.0,618.338105979617,203.31531808528453,160.66600000000003,0.0,0.0,0.0,7302.999999999999,23123.34435403022,1.0,415.02278789433245,160.66600000000003,0.0
A10,'Seeboden',141.72,1.0,2.0,14455.0,0.0,36156.364361422005,0.0,1.0,1.0,0.0,397.72000797564203,0.0,0.0,0.0,0.0,0.0,14455.0,36156.364361422005,1.0,397.72000797564203,0.0,0.0
A10,'Wolfsberg',142.25,0.0,2.0,14500.0,14500.0,47498.89492913899,47498.89492913899,1.0,1.0,1.0,522.4878442205288,522.4878442205288,0.0,0.0,0.0,0.0,0.0,0.0,0.0,0.0,0.0,0.0
A10,'Kamering',154.29,1.0,2.0,14749.703862513728,0.0,22698.628013917983,0.0,0.0,0.0,0.0,0.0,0.0,0.0,0.0,249.6849081530978,0.0,14749.703862513728,22698.628013917983,-0.0,0.0,0.0,249.6849081530978
A10,'Feistritz an der Drau',162.01,2.0,0.0,29679.0,14929.0,122093.03941770014,58681.72369671648,1.0,2.0,1.0,1592.7083417477993,645.4989606638812,249.6849081530978,0.0,0.0,0.0,14750.0,63411.31572098366,1.0,947.209381083918,249.6849081530978,0.0
A11,'St. Niklas/Nord',2.11,1.0,2.0,7502.999999999997,0.0,10409.086151425912,0.0,1.0,1.0,0.0,114.49994766568503,0.0,0.0,0.0,0.0,0.0,7502.999999999997,10409.086151425912,1.0,114.49994766568503,0.0,0.0
A11,'Rosegg',9.04,2.0,0.0,9108.5,4306.5,19444.03423128799,7806.040740767851,1.0,2.0,1.0,213.8843765441679,85.86644814844635,0.0,0.0,0.0,0.0,4802.0,11637.99349052014,1.0,128.01792839572155,0.0,0.0
A12,'Langkampfen Süd',9.32,1.0,2.0,11349.585916642443,0.0,27244.807627465096,0.0,1.0,1.0,0.0,50.001993735982296,0.0,0.0,0.0,249.69089016613373,0.0,11349.585916642443,27244.807627465096,1.0,50.001993735982296,0.0,249.69089016613373
A12,'Angath Süd',14.1,2.0,0.0,39222.99999999994,19907.99999999997,56148.10872631689,56144.28825076325,1.0,1.0,1.0,617.5871707583957,617.5871707583957,249.69089016613373,0.0,249.73291539722373,0.0,19314.99999999997,3.820475553634762,-0.0,0.0,249.69089016613373,249.73291539722373
A12,'Angath Nord',14.22,2.0,0.0,39222.99999999994,19907.99999999997,86003.9180407436,3.93776998818332,0.0,1.0,-0.0,796.1686983755333,0.0,249.73291539722373,0.0,399.60731546987,0.043315469869980916,19314.99999999997,85999.98027075542,1.0,796.1686983755333,249.73291539722373,399.564
A12,'Münster Nord',35.71,0.0,1.0,18334.0,18334.0,79565.35290639894,79565.35290639894,1.0,1.0,1.0,596.69531546987,596.69531546987,0.043315469869980916,0.043315469869980916,278.56688197038835,278.56688197038835,0.0,0.0,0.0,0.0,0.0,0.0
A12,'Münster Süd',36.25,1.0,1.0,18162.0,0.0,51027.0984567292,0.0,1.0,1.0,0.0,960.8620830240213,0.0,399.564,0.0,0.0,0.0,18162.0,51027.0984567292,1.0,960.8620830240213,399.564,0.0
A12,'Vomp',50.47,1.0,0.0,24431.999999991072,0.0,22234.356307397185,0.0,0.0,0.0,0.0,0.0,0.0,0.0,0.0,244.57791938136901,0.0,24431.999999991072,22234.356307397185,0.0,0.0,0.0,244.57791938136901
A12,'Weer',54.8,0.0,0.0,24110.000189607712,24110.000189607712,91922.39487971723,91922.39487971723,1.0,1.0,1.0,1000.0,1000.0,278.56688197038835,278.56688197038835,289.71322564727785,289.71322564727785,0.0,0.0,0.0,0.0,0.0,0.0
A12,'Weer Süd',55.0,1.0,1.0,24141.001987531265,0.0,44418.90300224888,0.0,1.0,1.0,0.0,352.02947090994434,0.0,244.57791938136901,0.0,381.15638149616234,0.0,24141.001987531265,44418.90300224888,1.0,352.02947090994434,244.57791938136901,381.15638149616234
A12,'Volders/Karlskirche',64.18,1.0,2.0,27543.0,0.0,89230.87375309618,0.0,1.0,1.0,0.0,1000.0,0.0,381.15638149616234,0.0,362.6959927802203,0.0,27543.0,89230.87375309618,1.0,1000.0,381.15638149616234,362.6959927802203
A12,'Hall in Tirol',66.28,0.0,2.0,28148.000000002427,28148.000000002427,63926.9286125208,63926.9286125208,1.0,1.0,1.0,855.2908223368613,855.2908223368613,289.71322564727785,289.71322564727785,137.61861804814527,137.61861804814527,0.0,0.0,0.0,0.0,0.0,0.0
A12,'Ampaß',72.07,0.0,0.0,35539.999996608014,35539.999996608014,42439.32195018204,42439.32195018204,0.0,0.0,0.0,0.0,0.0,137.61861804814527,137.61861804814527,604.4511595001477,604.4511595001477,0.0,0.0,0.0,0.0,0.0,0.0
A12,'Sieglanger',80.39,1.0,2.0,31124.793431490507,0.0,96002.72792907088,0.0,1.0,1.0,0.0,1000.0,0.0,362.6959927802203,0.0,418.726,0.0,31124.793431490507,96002.72792907088,1.0,1000.0,362.6959927802203,418.726
A12,'Kematen',86.01,0.0,2.0,27475.052704552163,27475.052704552163,75774.45683256471,75774.45683256471,1.0,2.0,2.0,1293.6860320157432,1293.6860320157432,604.4511595001477,604.4511595001477,144.28415264261633,144.28415264261633,0.0,0.0,0.0,0.0,0.0,0.0
A12,'Zirl-Inzing',91.77,0.0,1.0,20799.0,20799.0,24661.258850671245,24661.258850671245,0.0,0.0,0.0,0.0,0.0,144.28415264261633,144.28415264261633,415.558,415.558,0.0,0.0,0.0,0.0,0.0,0.0
A12,'Pettnau',95.81,2.0,0.0,37922.0,18889.0,43167.59505459553,14638.245573299051,1.0,2.0,1.0,1309.1275456005508,576.5787013062895,834.284,415.558,0.0,0.0,19033.0,28529.34948129648,1.0,732.5488442942612,418.726,0.0
A12,'Telfs Süd',103.3,1.0,2.0,13364.77793940206,0.0,40593.43969968221,0.0,1.0,1.0,0.0,446.52783669650427,0.0,0.0,0.0,0.0,0.0,13364.77793940206,40593.43969968221,1.0,446.52783669650427,0.0,0.0
A12,'Telfs Nord',103.33,0.0,2.0,14213.46393941228,14213.46393941228,21325.917954749177,21325.917954749177,1.0,1.0,1.0,234.58509750224093,234.58509750224093,0.0,0.0,0.0,0.0,0.0,0.0,0.0,0.0,0.0,0.0
A12,'Haiming Süd',118.5,1.0,2.0,10702.0,0.0,32071.449465739544,0.0,1.0,1.0,0.0,189.9772655997467,0.0,0.0,0.0,162.8086785233883,0.0,10702.0,32071.449465739544,1.0,189.9772655997467,0.0,162.8086785233883
A12,'Imst Süd',133.49,1.0,2.0,9240.0,0.0,3679.211043329945,0.0,0.0,0.0,0.0,0.0,0.0,162.8086785233883,0.0,203.28000000001768,0.0,9240.0,3679.211043329945,0.0,0.0,162.8086785233883,203.28000000001768
A12,'Imst Nord',133.84,0.0,2.0,10262.0,10262.0,62601.679390679135,62601.679390679135,1.0,1.0,1.0,500.16187429027116,500.16187429027116,0.0,0.0,188.45659900719934,188.45659900719934,0.0,0.0,0.0,0.0,0.0,0.0
A12,'Mils',135.51,2.0,0.0,19502.000000000833,10262.00000000003,21880.454342200468,3391.5819084364844,0.0,1.0,0.0,406.6575967714215,0.0,391.736599007217,188.45659900719934,225.76400000000066,225.76400000000066,9240.000000000804,18488.872433763983,1.0,406.6575967714215,203.28000000001768,0.0
A12,'Kronburg Zams',142.7,0.0,2.0,10312.0,10312.0,14879.919522915665,14879.919522915665,1.0,1.0,1.0,389.443114752073,389.443114752073,225.76400000000066,225.76400000000066,0.0,0.0,0.0,0.0,0.0,0.0,0.0,0.0
A13,'Patsch',6.24,0.0,2.0,21023.0,21023.0,26094.725326847616,26094.725326847616,0.0,0.0,-0.0,0.0,0.0,0.0,0.0,287.04197859532377,287.04197859532377,0.0,0.0,0.0,0.0,0.0,0.0
A13,'Europabrücke',8.27,2.0,0.0,41638.0,21023.0,32388.526624106256,8452.295186301024,1.0,2.0,1.0,362.0142147756918,330.7859218607208,287.04197859532377,287.04197859532377,281.30155668480074,49.2313037839142,20615.0,23936.231437805232,1.0,31.228292914971007,0.0,232.07025290088654
A13,'Gschleirs',14.05,1.0,2.0,14822.0,0.0,8546.704281737584,0.0,0.0,0.0,0.0,0.0,0.0,232.07025290088654,0.0,326.08399999999995,0.0,14822.0,8546.704281737584,-0.0,0.0,232.07025290088654,326.08399999999995
A13,'Matrei West',16.79,0.0,0.0,15161.0,15161.0,25846.426928735076,25846.426928735076,0.0,0.0,0.0,0.0,0.0,49.2313037839142,49.2313037839142,333.54200000000003,333.54200000000003,0.0,0.0,0.0,0.0,0.0,0.0
A13,'Matrei Ost',16.95,2.0,0.0,29983.0,15161.0,16734.882296516167,499.30355502003806,1.0,2.0,1.0,731.4178600959513,226.7424939394939,659.626,333.54200000000003,112.29184516572656,112.29184516572656,14822.0,16235.578741496129,1.0,504.67536615645736,326.08399999999995,0.0
A13,'Wipptalerhof Ost',22.41,1.0,2.0,10896.000000000471,0.0,2559.258804024997,0.0,0.0,0.0,0.0,0.0,0.0,0.0,0.0,28.151846844274967,0.0,10896.000000000471,2559.258804024997,0.0,0.0,0.0,28.151846844274967
A13,'Wipptalerhof West',22.56,0.0,2.0,11615.000000000608,11615.000000000608,13021.650439480618,13021.650439480618,0.0,0.0,0.0,0.0,0.0,112.29184516572656,112.29184516572656,255.53000000001336,255.53000000001336,0.0,0.0,0.0,0.0,0.0,0.0
A13,'Plon',23.61,1.0,2.0,10896.000000525348,0.0,9061.729580812602,0.0,0.0,0.0,0.0,0.0,0.0,28.151846844274967,0.0,127.83087223321358,0.0,10896.000000525348,9061.729580812602,0.0,0.0,28.151846844274967,127.83087223321358
A13,'Nößlach',26.91,2.0,1.0,23614.71960011509,12027.916375220364,15947.459093046333,12518.668085194196,1.0,1.0,1.0,278.5309748497142,278.5309748497142,383.3608722332269,255.53000000001336,280.2519474070224,114.7043740874353,11586.803224894727,3428.7910078521363,0.0,0.0,127.83087223321358,165.5475733195871
A13,'Gries Ost',29.15,1.0,0.0,11601.99774413572,0.0,11387.01827145676,0.0,1.0,1.0,0.0,35.56082393462563,0.0,165.5475733195871,0.0,255.24395037098583,0.0,11601.99774413572,11387.01827145676,1.0,35.56082393462563,165.5475733195871,255.24395037098583
A13,'Gries West',29.54,0.0,0.0,12036.99974796117,12036.99974796117,4238.013247571624,4238.013247571624,0.0,0.0,0.0,0.0,0.0,114.7043740874353,114.7043740874353,161.32251981072315,161.32251981072315,0.0,0.0,0.0,0.0,0.0,0.0
A13,'Brennersee - Fröhlich',32.6,0.0,2.0,12036.999999999998,12036.999999999998,7411.89807862851,7411.89807862851,0.0,0.0,0.0,0.0,0.0,161.32251981072315,161.32251981072315,242.85339867563675,242.85339867563675,0.0,0.0,0.0,0.0,0.0,0.0
A13,'Brennersee',33.44,0.0,0.0,12037.0,12037.0,1996.4183022148509,1996.4183022148509,0.0,0.0,0.0,0.0,0.0,242.85339867563675,242.85339867563675,264.8140000000001,264.8140000000001,0.0,0.0,0.0,0.0,0.0,0.0
A13,'Brennerpaß',34.16,2.0,0.0,23639.0,12037.0,2518.3592467820863,1729.6446040078497,1.0,2.0,1.0,547.7599020855889,283.84009064408644,520.057950370986,264.8140000000001,0.0,0.0,11602.0,788.7146427742366,1.0,263.9198114415024,255.24395037098583,0.0
A14,'Hörbranz’,0.0,2.0,1.0,11914.47538487758,11914.47538487758,580.5002038524873,580.5002038524873,0.0,0.0,-0.0,0.0,0.0,0.0,0.0,6.38550224237736,6.38550224237736,0.0,0.0,0.0,0.0,0.0,0.0
A14,'Dornbirn West',15.07,1.0,2.0,22722.01674582917,0.0,41625.83313129372,0.0,0.0,0.0,0.0,0.0,0.0,0.0,0.0,457.8841644442309,0.0,22722.01674582917,41625.83313129372,-0.0,0.0,0.0,457.8841644442309
A14,'Dornbirn Ost',15.27,0.0,2.0,22911.03673497288,22911.03673497288,67389.02531710501,67389.02531710501,1.0,1.0,1.0,747.6647807305325,747.6647807305325,6.38550224237736,6.38550224237736,0.0,0.0,0.0,0.0,0.0,0.0,0.0,0.0
A14,'Hohenems',24.48,2.0,0.0,53333.40958305029,26852.092271153047,99887.79432069242,50177.24661686807,1.0,2.0,1.0,1050.4786793651465,50.478679365146434,457.8841644442309,0.0,506.1712226067012,501.4710334204023,26481.317311897245,49710.54770382436,1.0,1000.0,457.8841644442309,4.700189186298871
A14,'Rankweil West',33.46,0.0,2.0,22794.137882745563,22794.137882745563,41099.967515634846,41099.967515634846,1.0,1.0,1.0,953.5706760923856,953.5706760923856,501.4710334204023,501.4710334204023,0.0,0.0,0.0,0.0,0.0,0.0,0.0,0.0
A14,'Rankweil Ost',33.82,1.0,2.0,21949.829570058195,0.0,56639.54196425326,0.0,1.0,1.0,0.0,587.2828784953308,0.0,4.700189186298871,0.0,40.45227229775389,0.0,21949.829570058195,56639.54196425326,1.0,587.2828784953308,4.700189186298871,40.45227229775389
A14,'Schlins West',46.72,0.0,2.0,13115.0,13115.0,35141.4430123402,35141.4430123402,1.0,1.0,1.0,386.55587313574216,386.55587313574216,0.0,0.0,0.0,0.0,0.0,0.0,0.0,0.0,0.0,0.0
A14,'Schlins Ost',46.85,1.0,2.0,13492.000000000002,0.0,22886.809608579704,0.0,0.0,0.0,0.0,0.0,0.0,40.45227229775389,0.0,292.2071779921306,0.0,13492.000000000002,22886.809608579704,0.0,0.0,40.45227229775389,292.2071779921306
A14,'Nüziders',55.2,1.0,2.0,13282.144454187755,0.0,16978.23001179592,0.0,1.0,1.0,0.0,478.9677081218857,0.0,292.2071779921306,0.0,0.0,0.0,13282.144454187755,16978.23001179592,1.0,478.9677081218857,292.2071779921306,0.0
A2,'Guntramsdorf',14.43,2.0,0.0,106539.0608322543,54671.885978190505,341487.5079237672,158457.9372379927,1.0,3.0,1.0,3000.0,1000.0,0.0,0.0,756.3625871614386,743.0373096179196,51867.17485406379,183029.57068577447,2.0,2000.0,0.0,13.32527754351895
A2,'Triestingtal',32.08,0.0,1.0,40445.0,40445.0,143069.6923848394,143069.6923848394,1.0,2.0,2.0,1491.033925850933,1491.033925850933,743.0373096179196,743.0373096179196,825.7700000002202,825.7700000002202,0.0,0.0,0.0,0.0,0.0,0.0
A2,'Leobersdorf',32.08,1.0,1.0,39540.0,0.0,56942.74699600472,0.0,0.0,0.0,0.0,0.0,0.0,13.32527754351895,0.0,639.6954944995709,0.0,39540.0,56942.74699600472,0.0,0.0,13.32527754351895,639.6954944995709
A2,'Föhrenberg',39.31,1.0,0.0,39539.98215618593,0.0,93778.97588690832,0.0,1.0,1.0,0.0,1000.0,0.0,639.6954944995709,0.0,671.2642292555624,0.0,39539.98215618593,93778.97588690832,1.0,1000.0,639.6954944995709,671.2642292555624
A2,'Bad Fischau',40.93,0.0,0.0,37535.00000001001,37535.00000001001,66634.96786186735,66634.96786186735,1.0,1.0,1.0,1000.0,1000.0,825.7700000002202,825.7700000002202,558.754646480761,558.754646480761,0.0,0.0,0.0,0.0,0.0,0.0
A2,'Steinfeld',50.35,0.0,1.0,32434.00031526797,32434.00031526797,59928.40402750363,59928.40402750363,1.0,1.0,1.0,752.2710900100273,752.2710900100273,558.754646480761,558.754646480761,465.6960007732737,465.6960007732737,0.0,0.0,0.0,0.0,0.0,0.0
A2,'Wr. Neustadt',51.18,1.0,1.0,31158.00000000052,0.0,64946.24580860265,0.0,1.0,1.0,0.0,1000.0,0.0,671.2642292555624,0.0,385.6729331501916,0.0,31158.00000000052,64946.24580860265,1.0,1000.0,671.2642292555624,385.6729331501916
A2,'Witzelsberg',60.84,0.0,2.0,21168.0000351488,21168.0000351488,44783.30498303353,44783.30498303353,1.0,1.0,1.0,958.3123555866425,958.3123555866425,465.6960007732737,465.6960007732737,0.0,0.0,0.0,0.0,0.0,0.0,0.0,0.0
A2,'Gleissenfeld',61.52,1.0,2.0,18726.0,0.0,64345.96758390275,0.0,1.0,1.0,0.0,1000.0,0.0,385.6729331501916,0.0,93.47857657312181,0.0,18726.0,64345.96758390275,1.0,1000.0,385.6729331501916,93.47857657312181
A2,'Zöbern',78.76,2.0,0.0,34076.0,17853.0,89918.35315876387,64008.58622397808,1.0,2.0,1.0,1082.5804613195244,704.0944484637589,93.47857657312181,0.0,0.0,0.0,16223.0,25909.766934785785,1.0,378.4860128557654,93.47857657312181,0.0
A2,'Schäffern Ost',86.7,1.0,1.0,16223.0,0.0,36516.98737256819,0.0,1.0,1.0,0.0,348.37503776955424,0.0,0.0,0.0,53.31182332869585,0.0,16223.0,36516.98737256819,1.0,348.37503776955424,0.0,53.31182332869585
A2,'Pinkafeld/Ost',97.98,1.0,2.0,14325.0,0.0,21727.470606482195,0.0,0.0,0.0,0.0,0.0,0.0,53.31182332869585,0.0,292.31399999999996,0.0,14325.0,21727.470606482195,0.0,0.0,53.31182332869585,292.31399999999996
A2,'Pinkafeld/West',98.0,0.0,2.0,15628.999999999998,15628.999999999998,60166.60979667192,60166.60979667192,1.0,1.0,1.0,340.368707763391,340.368707763391,0.0,0.0,321.464,321.464,0.0,0.0,0.0,0.0,0.0,0.0
A2,'Loipersdorf',105.5,2.0,0.0,27899.0,14612.0,41927.32661100383,22138.85235466905,1.0,2.0,1.0,1074.978592721042,564.9913759013596,613.778,321.464,0.0,0.0,13287.0,19788.474256334783,1.0,509.98721681968254,292.31399999999996,0.0
A2,'St. Johann/Süd',113.05,1.0,2.0,13287.000477266132,0.0,55839.64905204145,0.0,1.0,1.0,0.0,614.236139572456,0.0,0.0,0.0,0.0,0.0,13287.000477266132,55839.64905204145,1.0,614.236139572456,0.0,0.0
A2,'St. Johann/Nord',113.24,0.0,2.0,14612.067329295864,14612.067329295864,22243.9351941791,22243.9351941791,0.0,0.0,0.0,0.0,0.0,0.0,0.0,244.68328713597,244.68328713597,0.0,0.0,0.0,0.0,0.0,0.0
A2,'Hainersdorf',133.87,0.0,1.0,16034.999999999998,16034.999999999998,66144.33253637272,66144.33253637272,1.0,1.0,1.0,923.217805891461,923.217805891461,244.68328713597,244.68328713597,49.053139144608906,49.053139144608906,0.0,0.0,0.0,0.0,0.0,0.0
A2,'Bad Blumau',134.06,1.0,1.0,14879.0,0.0,39913.51522050923,0.0,1.0,1.0,0.0,309.80474334518885,0.0,0.0,0.0,129.2439240804127,0.0,14879.0,39913.51522050923,1.0,309.80474334518885,0.0,129.2439240804127
A2,'Ilztal/Nord ',147.5,1.0,2.0,16946.156088329964,0.0,22142.86453298605,0.0,0.0,0.0,0.0,0.0,0.0,129.2439240804127,0.0,372.8154339432592,0.0,16946.156088329964,22142.86453298605,0.0,0.0,129.2439240804127,372.8154339432592
A2,'Arnwiesen',154.1,2.0,0.0,36495.0010822289,19529.0004964994,135214.80430038154,78775.931104602,1.0,2.0,1.0,1909.231420392065,915.5883812952309,421.8685730878681,49.053139144608906,0.0,0.0,16966.000585729496,56438.87319577954,1.0,993.6430390968341,372.8154339432592,0.0
A2,'Laßnitzhöhe Nord',170.16,0.0,1.0,27470.0,27470.0,89210.41764080411,89210.41764080411,1.0,1.0,1.0,981.3145940488452,981.3145940488452,0.0,0.0,0.0,0.0,0.0,0.0,0.0,0.0,0.0,0.0
A2,'Laßnitzhöhe Süd',170.65,1.0,1.0,29743.0,0.0,119872.94775894134,0.0,1.0,1.0,0.0,863.5983896145682,0.0,0.0,0.0,455.0040357337865,0.0,29743.0,119872.94775894134,1.0,863.5983896145682,0.0,455.0040357337865
A2,'Kaiserwald',190.77,2.0,0.0,42649.00410506857,21967.00248080555,212311.14271654858,90269.44009665956,1.0,3.0,1.0,2596.6726056153593,799.2098410627934,455.0040357337865,0.0,193.75400000046156,193.75400000046156,20682.001624263023,122041.70261988904,2.0,1797.462764552566,455.0040357337865,0.0
A2,'Herzogberg Nord',220.13,0.0,1.0,8807.00000002098,8807.00000002098,51848.951152018446,51848.951152018446,1.0,1.0,1.0,764.0924626726645,764.0924626726645,193.75400000046156,193.75400000046156,0.0,0.0,0.0,0.0,0.0,0.0,0.0,0.0
A2,'Herzogberg Süd',220.19,1.0,1.0,8120.999999999229,0.0,24362.120249568077,0.0,1.0,1.0,0.0,267.9833227452488,0.0,0.0,0.0,0.0,0.0,8120.999999999229,24362.120249568077,1.0,267.9833227452488,0.0,0.0
A2,'Pack',235.21,2.0,0.0,16928.0,8807.0,38160.3171582835,26540.01416042541,1.0,1.0,1.0,291.9401557646795,291.9401557646795,0.0,0.0,127.82333297643895,0.0,8120.999999999999,11620.302997858087,0.0,0.0,0.0,127.82333297643895
A2,'Twimberg Süd',242.34,1.0,2.0,9189.0,0.0,32127.24787077568,0.0,1.0,1.0,0.0,456.0697739842338,0.0,127.82333297643895,0.0,25.153285570737637,0.0,9189.0,32127.24787077568,1.0,456.0697739842338,127.82333297643895,25.153285570737637
A2,'Twimberg Nord',242.44,0.0,2.0,8465.0,8465.0,12179.507200753324,12179.507200753324,0.0,0.0,0.0,0.0,0.0,0.0,0.0,133.97457920828654,133.97457920828654,0.0,0.0,0.0,0.0,0.0,0.0
A2,'Fischering',259.85,1.0,2.0,10919.0,0.0,19551.337675387487,0.0,0.0,0.0,0.0,0.0,0.0,25.153285570737637,0.0,240.218,0.0,10919.0,19551.337675387487,0.0,0.0,25.153285570737637,240.218
A2,'St. Ändra',262.91,0.0,2.0,11358.00000168869,11358.00000168869,46444.591455370966,46444.591455370966,1.0,1.0,1.0,644.8650852173671,644.8650852173671,133.97457920828654,133.97457920828654,0.0,0.0,0.0,0.0,0.0,0.0,0.0,0.0
A2,'Gönitz/Süd',268.86,1.0,2.0,11607.0,0.0,37377.39333079138,0.0,1.0,1.0,0.0,651.3693266387052,0.0,240.218,0.0,0.0,0.0,11607.0,37377.39333079138,1.0,651.3693266387052,240.218,0.0
A2,'Gönitz/Nord',268.89,0.0,2.0,12420.0,12420.0,14890.993721836305,14890.993721836305,0.0,0.0,0.0,0.0,0.0,0.0,0.0,163.80093094019935,163.80093094019935,0.0,0.0,0.0,0.0,0.0,0.0
A2,'Haimburg Nord',279.17,0.0,2.0,10779.0,10779.0,21954.76010391007,21954.76010391007,1.0,1.0,1.0,307.3975511916195,307.3975511916195,163.80093094019935,163.80093094019935,97.90574089159057,97.90574089159057,0.0,0.0,0.0,0.0,0.0,0.0
A2,'Völkermarkt',285.09,2.0,0.0,21133.0,10779.0,43435.933157851614,12657.478100764496,0.0,1.0,0.0,338.5630056279583,0.0,97.90574089159057,97.90574089159057,237.138,237.138,10354.0,30778.45505708712,1.0,338.5630056279583,0.0,0.0
A2,'Grafenstein Nord',300.0,0.0,1.0,13362.0,13362.0,39644.441582321415,39644.441582321415,1.0,1.0,1.0,673.2268574055356,673.2268574055356,237.138,237.138,0.0,0.0,0.0,0.0,0.0,0.0,0.0,0.0
A2,'Grafenstein Süd',300.0,1.0,1.0,13587.999999999998,0.0,64499.09491933518,0.0,1.0,1.0,0.0,565.696066189655,0.0,0.0,0.0,143.79397792303195,0.0,13587.999999999998,64499.09491933518,1.0,565.696066189655,0.0,143.79397792303195
A2,'Krumpendorf/Nord',329.28,0.0,2.0,19027.00404912327,19027.00404912327,72939.3212153292,72939.3212153292,1.0,1.0,1.0,383.73844428790926,383.73844428790926,0.0,0.0,418.5940890807119,418.5940890807119,0.0,0.0,0.0,0.0,0.0,0.0
A2,'Karawankenblick/Süd',333.84,1.0,2.0,19384.999372588507,0.0,24175.820186266053,0.0,0.0,0.0,0.0,0.0,0.0,143.79397792303195,0.0,409.7279999719585,0.0,19384.999372588507,24175.820186266053,0.0,0.0,143.79397792303195,409.7279999719585
A2,'Wörthersee',340.13,2.0,0.0,38076.99999701492,19452.999998289542,75344.61920701242,42137.27856545779,1.0,2.0,1.0,1301.044464922994,855.2217178937512,828.3220890526704,418.5940890807119,356.06843540681325,26.882435406996365,18623.999998725383,33207.340641554634,1.0,445.8227470292426,409.7279999719585,329.1859999998169
A2,'Sternberg/Süd',349.01,1.0,2.0,19615.999955893047,0.0,0.0,0.0,0.0,0.0,0.0,0.0,0.0,329.1859999998169,0.0,329.1859999998169,0.0,19615.999955893047,0.0,0.0,0.0,329.1859999998169,329.1859999998169
A2,'Sternberg/Nord',349.03,0.0,2.0,17176.999989573145,17176.999989573145,30590.1422357276,30590.1422357276,0.0,0.0,0.0,0.0,0.0,26.882435406996365,26.882435406996365,363.3739999999999,363.3739999999999,0.0,0.0,0.0,0.0,0.0,0.0
A2,'Federaun/Nord',361.73,0.0,2.0,16516.999999999996,16516.999999999996,41902.47823736397,41902.47823736397,1.0,1.0,1.0,824.3012606110035,824.3012606110035,363.3739999999999,363.3739999999999,0.0,0.0,0.0,0.0,0.0,0.0,0.0,0.0
A2,'Federaun/Süd',362.78,1.0,2.0,14962.999999991674,0.0,53969.28273959152,0.0,1.0,1.0,0.0,922.8481101353236,0.0,329.1859999998169,0.0,0.0,0.0,14962.999999991674,53969.28273959152,1.0,922.8481101353236,329.1859999998169,0.0
A2,'Dreiländereck Süd',374.17,2.0,0.0,29010.99995582863,9394.99999993558,73068.57514847351,23346.56263789885,1.0,2.0,1.0,803.7543266332084,256.8121890168873,0.0,0.0,0.0,0.0,19615.999955893047,49722.012510574656,1.0,546.9421376163211,0.0,0.0
A2,'Dreiländereck Nord',374.27,2.0,0.0,24357.99999982947,9394.999999829468,3460.5851131569007,104.92992358564643,1.0,2.0,1.0,38.06643624472591,1.1542291594421108,0.0,0.0,0.0,0.0,14963.000000000002,3355.655189571254,1.0,36.9122070852838,0.0,0.0
A21,'Alland',14.68,2.0,0.0,40163.5,20093.0,103417.58750904436,49420.33889377227,1.0,2.0,1.0,1137.5934625994878,543.623727831495,0.0,0.0,0.0,0.0,20070.5,53997.24861527208,1.0,593.9697347679928,0.0,0.0
A21,'Dornbach',19.96,1.0,2.0,19174.48344498892,0.0,20444.35624155757,0.0,0.0,0.0,0.0,0.0,0.0,0.0,0.0,224.88791865713318,0.0,19174.48344498892,20444.35624155757,0.0,0.0,0.0,224.88791865713318
A21,'Sparbach',26.99,1.0,2.0,19671.37785407049,0.0,27694.943399277778,0.0,1.0,1.0,0.0,529.5322960491887,0.0,224.88791865713318,0.0,0.0,0.0,19671.37785407049,27694.943399277778,1.0,529.5322960491887,224.88791865713318,0.0
A21,'Hinterbrühl',26.99,0.0,1.0,19730.962284466663,19730.962284466663,44502.271823291965,44502.271823291965,1.0,1.0,1.0,489.52499005621166,489.52499005621166,0.0,0.0,0.0,0.0,0.0,0.0,0.0,0.0,0.0,0.0
A22,'Korneuburg West',18.04,1.0,0.0,32131.000000493023,0.0,63932.21893438356,0.0,1.0,1.0,0.0,703.2544082782191,0.0,0.0,0.0,0.0,0.0,32131.000000493023,63932.21893438356,1.0,703.2544082782191,0.0,0.0
A22,'Korneuburg Ost',18.12,0.0,0.0,32321.000000000007,32321.000000000007,116866.4197787237,116866.4197787237,1.0,2.0,2.0,1285.5306175659607,1285.5306175659607,0.0,0.0,0.0,0.0,0.0,0.0,0.0,0.0,0.0,0.0
A22,'Stockerau',28.09,1.0,0.0,30190.007584098337,0.0,9009.757712564318,0.0,1.0,1.0,0.0,99.10733483820752,0.0,0.0,0.0,0.0,0.0,30190.007584098337,9009.757712564318,1.0,99.10733483820752,0.0,0.0
A25,'Pucking',5.97,0.0,1.0,21620.0,21620.0,25350.64141680889,25350.64141680889,0.0,0.0,-0.0,0.0,0.0,0.0,0.0,278.85705558489775,278.85705558489775,0.0,0.0,0.0,0.0,0.0,0.0
A25,'Sinnersdorf/Süd',6.11,1.0,2.0,21271.0,0.0,28981.93257809412,0.0,0.0,0.0,0.0,0.0,0.0,0.0,0.0,318.80125835903533,0.0,21271.0,28981.93257809412,-0.0,0.0,0.0,318.80125835903533
A25,'Wels',13.06,2.0,0.0,49975.503210327646,25078.48219887029,71240.92245977157,35488.490093098524,1.0,2.0,1.0,1381.3084610014203,669.2304466089815,597.6583139439331,278.85705558489775,0.0,0.0,24897.02101145736,35752.43236667305,1.0,712.0780143924388,318.80125835903533,0.0
A3,'Hornstein',28.0,2.0,0.0,35088.0,17427.0,114520.76259901357,66852.17460927166,1.0,2.0,1.0,1259.7283885891493,735.3739207019883,0.0,0.0,0.0,0.0,17661.0,47668.58798974191,1.0,524.3544678871609,0.0,0.0
A4,'Simmering',2.45,0.0,0.0,35371.78969176939,35371.78969176939,22257.83857434953,22257.83857434953,0.0,0.0,-0.0,0.0,0.0,0.0,0.0,244.83622431784482,244.83622431784482,0.0,0.0,0.0,0.0,0.0,0.0
A4,'Fischamend',22.33,0.0,1.0,28227.0,28227.0,112756.86408974236,112756.86408974236,1.0,1.0,1.0,1000.0,1000.0,244.83622431784482,244.83622431784482,485.1617293050108,485.1617293050108,0.0,0.0,0.0,0.0,0.0,0.0
A4,'Maria Ellend',22.48,1.0,1.0,27990.0,0.0,32591.644875563223,0.0,0.0,0.0,0.0,0.0,0.0,0.0,0.0,358.50809363119544,0.0,27990.0,32591.644875563223,-0.0,0.0,0.0,358.50809363119544
A4,'Göttlesbrunn',28.04,2.0,0.0,47550.0,24272.0,112197.1085476203,28046.547072865586,1.0,2.0,1.0,1466.552371095715,466.5523710957151,843.6698229362062,485.1617293050108,611.2856458643143,327.12137601081713,23278.0,84150.56147475471,1.0,1000.0,358.50809363119544,284.1642698534972
A4,'Parndorf',46.23,1.0,2.0,19928.0,0.0,74634.97330866668,0.0,1.0,1.0,0.0,947.6729756324485,0.0,284.1642698534972,0.0,157.47600061638218,0.0,19928.0,74634.97330866668,1.0,947.6729756324485,284.1642698534972,157.47600061638218
A4,'Neusiedl',47.01,0.0,2.0,21837.0,21837.0,82260.78440998313,82260.78440998313,1.0,1.0,1.0,1000.0,1000.0,327.12137601081713,327.12137601081713,231.9900045206315,231.9900045206315,0.0,0.0,0.0,0.0,0.0,0.0
A4,'Nickelsdorf Süd',64.65,0.0,0.0,10545.000205483248,10545.000205483248,37272.146014313184,37272.146014313184,1.0,1.0,1.0,641.9836106780765,641.9836106780765,231.9900045206315,231.9900045206315,0.0,0.0,0.0,0.0,0.0,0.0,0.0,0.0
A4,'Nickelsdorf Nord',64.97,1.0,0.0,7158.000028017371,0.0,1140.7844882274428,0.0,1.0,1.0,0.0,170.02462998688407,0.0,157.47600061638218,0.0,0.0,0.0,7158.000028017371,1140.7844882274428,1.0,170.02462998688407,157.47600061638218,0.0
A5,'Hochleithen',10.63,2.0,0.0,35611.2,17306.5,171050.44466718304,34873.96904422976,1.0,3.0,1.0,1881.5548913390135,383.6136594865273,0.0,0.0,0.0,0.0,18304.7,136176.4756229533,2.0,1497.9412318524862,0.0,0.0
A6,'Potzneusiedl',10.8,2.0,0.0,15204.999999970727,7325.999999986983,33671.23460537669,15733.539261383205,1.0,2.0,1.0,370.38358065914355,173.06893187521524,0.0,0.0,0.0,0.0,7878.999999983744,17937.695343993484,1.0,197.3146487839283,0.0,0.0
A7,'Engerwitzdorf',25.71,1.0,1.0,19344.0,0.0,4050.242286953621,0.0,1.0,1.0,0.0,44.55266515648982,0.0,0.0,0.0,0.0,0.0,19344.0,4050.242286953621,1.0,44.55266515648982,0.0,0.0
A7,'Denk',25.76,0.0,1.0,18851.0,18851.0,97075.89483825683,97075.89483825683,1.0,2.0,2.0,1067.8348432208252,1067.8348432208252,0.0,0.0,0.0,0.0,0.0,0.0,0.0,0.0,0.0,0.0
A8,'Voralpenkreuz',0.17,2.0,0.0,20453.0,10081.0,35002.97696040159,882.1776563040131,0.0,1.0,-0.0,375.32879234507334,0.0,0.0,0.0,9.703954219344144,9.703954219344144,10372.0,34120.79930409758,1.0,375.32879234507334,0.0,0.0
A8,'Oberham/Süd',16.76,1.0,2.0,24053.99876684948,0.0,18977.635739131696,0.0,0.0,0.0,0.0,0.0,0.0,0.0,0.0,208.75399313044863,0.0,24053.99876684948,18977.635739131696,0.0,0.0,0.0,208.75399313044863
A8,'Oberham/Nord',18.32,0.0,2.0,21938.95947401208,21938.95947401208,79070.52120426737,79070.52120426737,1.0,1.0,1.0,785.3531778608922,785.3531778608922,9.703954219344144,9.703954219344144,94.12650960539295,94.12650960539295,0.0,0.0,0.0,0.0,0.0,0.0
A8,'Schnittering/Süd',20.68,1.0,2.0,17695.568077309275,0.0,46433.72435952304,0.0,1.0,1.0,0.0,719.524961085202,0.0,208.75399313044863,0.0,0.0,0.0,17695.568077309275,46433.72435952304,1.0,719.524961085202,208.75399313044863,0.0
A8,'Kematen/Nord',24.85,0.0,2.0,16374.0,16374.0,21401.04458132792,21401.04458132792,0.0,0.0,0.0,0.0,0.0,94.12650960539295,94.12650960539295,329.538,329.538,0.0,0.0,0.0,0.0,0.0,0.0
A8,'Aistersheim',33.81,2.0,0.0,30956.0,14979.0,60874.30024176926,26835.862190523447,1.0,2.0,1.0,550.6709854136056,326.1044373148123,329.538,329.538,448.4843172458563,298.6280467809456,15977.0,34038.438051245816,1.0,224.5665480987933,0.0,149.85627046491066
A8,'Gotthaming',43.74,0.0,2.0,13574.002126406618,13574.002126406618,26867.96010209468,26867.96010209468,1.0,1.0,1.0,594.1756079039872,594.1756079039872,298.6280467809456,298.6280467809456,0.0,0.0,0.0,0.0,0.0,0.0,0.0,0.0
A8,'Renhartsberg',44.47,1.0,2.0,14008.000000000133,0.0,14392.702685008398,0.0,0.0,0.0,0.0,0.0,0.0,149.85627046491066,0.0,308.176000000003,0.0,14008.000000000133,14392.702685008398,0.0,0.0,149.85627046491066,308.176000000003
A8,'Grübl/Süd’,49.59,1.0,2.0,14008.0,0.0,20419.630414824154,0.0,1.0,1.0,0.0,224.61593456306863,0.0,308.176000000003,0.0,308.17600000000004,0.0,14008.0,20419.630414824154,1.0,224.61593456306863,308.176000000003,308.17600000000004
A8,'Grübl/Nord',49.61,0.0,2.0,13574.000000000002,13574.000000000002,15944.892462999343,15944.892462999343,0.0,0.0,0.0,0.0,0.0,0.0,0.0,175.39381709299272,175.39381709299272,0.0,0.0,0.0,0.0,0.0,0.0
A8,'Murau West',56.77,1.0,1.0,14172.0,0.0,41708.92113869764,0.0,1.0,1.0,0.0,634.9571011176372,0.0,308.17600000000004,0.0,132.01703140803687,0.0,14172.0,41708.92113869764,1.0,634.9571011176372,308.17600000000004,132.01703140803687
A8,'Murau Ost',56.88,0.0,1.0,13536.0,13536.0,19847.682360943298,19847.682360943298,1.0,1.0,1.0,393.718323063369,393.718323063369,175.39381709299272,175.39381709299272,0.0,0.0,0.0,0.0,0.0,0.0,0.0,0.0
A8,'Marienkirchen/Schärding’,71.6,1.0,1.0,10055.234280795672,0.0,6370.451690557319,0.0,0.0,0.0,0.0,0.0,0.0,132.01703140803687,0.0,202.09200000416737,0.0,10055.234280795672,6370.451690557319,0.0,0.0,132.01703140803687,202.09200000416737
A8,'Dietrichshofen/Ost',72.06,0.0,2.0,8836.923336744558,8836.923336744558,26734.753655044016,26734.753655044016,1.0,1.0,1.0,294.0822902054842,294.0822902054842,0.0,0.0,0.0,0.0,0.0,0.0,0.0,0.0,0.0,0.0
A8,'Suben West',74.77,1.0,0.0,9186.000000189424,0.0,2309.5037607612567,0.0,1.0,1.0,0.0,227.4965413725412,0.0,202.09200000416737,0.0,0.0,0.0,9186.000000189424,2309.5037607612567,1.0,227.4965413725412,202.09200000416737,0.0
A9,'Maisdorf/Ost',12.66,1.0,2.0,10503.0,0.0,49687.49353628505,0.0,1.0,1.0,0.0,393.8604288991355,0.0,0.0,0.0,152.702,0.0,10503.0,49687.49353628505,1.0,393.8604288991355,0.0,152.702
A9,'Maisdorf/West',12.73,0.0,2.0,11055.0,11055.0,28126.582456850745,28126.582456850745,1.0,1.0,1.0,154.66640702535818,154.66640702535818,0.0,0.0,154.726,154.726,0.0,0.0,0.0,0.0,0.0,0.0
A9,'St. Pankraz',36.36,2.0,0.0,13974.0,7033.0,59101.108124232705,33173.700142315945,1.0,2.0,1.0,957.5401893665598,519.6367015654754,307.428,154.726,0.0,0.0,6941.0,25927.407981916764,1.0,437.9034878010844,152.702,0.0
A9,'Pyhrn-Priel Ost’,55.03,1.0,1.0,7591.971611767987,0.0,16849.293094569046,0.0,1.0,1.0,0.0,185.34222404025948,0.0,0.0,0.0,0.0,0.0,7591.971611767987,16849.293094569046,1.0,185.34222404025948,0.0,0.0
A9,'Pyhrn-Priel West',55.04,0.0,1.0,8230.855228133318,8230.855228133318,31192.30198661983,31192.30198661983,1.0,1.0,1.0,343.1153218528181,343.1153218528181,0.0,0.0,0.0,0.0,0.0,0.0,0.0,0.0,0.0,0.0
A9,'Ardning Ost',65.96,1.0,2.0,13083.999999877302,0.0,31041.45899234372,0.0,1.0,1.0,0.0,338.9391178414256,0.0,0.0,0.0,2.516931074355285,0.0,13083.999999877302,31041.45899234372,1.0,338.9391178414256,0.0,2.516931074355285
A9,'Ardning West',66.04,0.0,2.0,13361.999999983376,13361.999999983376,29114.41644929437,29114.41644929437,1.0,1.0,1.0,320.25858094223804,320.25858094223804,0.0,0.0,0.0,0.0,0.0,0.0,0.0,0.0,0.0,0.0
A9,'Rottenmann/Nord',77.91,1.0,2.0,13084.0,0.0,20345.18808414952,0.0,0.0,0.0,0.0,0.0,0.0,2.516931074355285,0.0,226.31399999999996,0.0,13084.0,20345.18808414952,0.0,0.0,2.516931074355285,226.31399999999996
A9,'Rottenmann/Süd',78.18,0.0,2.0,13362.0,13362.0,32196.632573168365,32196.632573168365,1.0,1.0,1.0,354.162958304852,354.162958304852,0.0,0.0,0.0,0.0,0.0,0.0,0.0,0.0,0.0,0.0
A9,'Trieben',85.7,2.0,0.0,20906.0,10619.0,29194.785607799568,15971.560943056678,1.0,2.0,1.0,547.4566416857951,175.68717037362345,226.31399999999996,0.0,0.0,0.0,10287.0,13223.224664742887,1.0,371.76947131217173,226.31399999999996,0.0
A9,'Gaishorn',92.11,1.0,1.0,10287.0,0.0,59758.32239265699,0.0,1.0,1.0,0.0,431.0275463192269,0.0,0.0,0.0,226.314,0.0,10287.0,59758.32239265699,1.0,431.0275463192269,0.0,226.314
A9,'Treglwang',94.03,0.0,2.0,10619.0,10619.0,17705.39000500141,17705.39000500141,0.0,0.0,0.0,0.0,0.0,0.0,0.0,194.75929005501553,194.75929005501553,0.0,0.0,0.0,0.0,0.0,0.0
A9,'Kalwang',106.26,0.0,1.0,10953.0,10953.0,26930.486362994383,26930.486362994383,1.0,1.0,1.0,490.99464004795374,490.99464004795374,194.75929005501553,194.75929005501553,0.0,0.0,0.0,0.0,0.0,0.0,0.0,0.0
A9,'Kammern Nord',121.18,1.0,2.0,10926.0,0.0,175.9889804448717,0.0,0.0,0.0,0.0,0.0,0.0,226.314,0.0,228.24987878489358,0.0,10926.0,175.9889804448717,-0.0,0.0,226.314,228.24987878489358
A9,'Kammern Süd',121.26,2.0,0.0,21954.0,11028.0,64341.42807325543,32914.014449608665,1.0,2.0,1.0,788.1174996103459,362.0541589456953,228.24987878489358,0.0,147.8880879803574,0.0,10926.0,31427.413623646764,1.0,426.0633406646506,228.24987878489358,147.8880879803574
A9,'St. Michael',135.01,0.0,2.0,11073.004965524444,11073.004965524444,30404.004309309235,30404.004309309235,1.0,1.0,1.0,192.3281478042281,192.3281478042281,0.0,0.0,142.11589959817346,142.11589959817346,0.0,0.0,0.0,0.0,0.0,0.0
A9,'Ortnerhof Süd’,135.65,0.0,2.0,11073.999444063618,11073.999444063618,1386.6510981153897,1386.6510981153897,0.0,0.0,0.0,0.0,0.0,142.11589959817346,142.11589959817346,157.36906167744274,157.36906167744274,0.0,0.0,0.0,0.0,0.0,0.0
A9,'Ortnerhof Nord',135.65,1.0,2.0,10574.999873012946,0.0,7705.628111447948,0.0,0.0,0.0,0.0,0.0,0.0,147.8880879803574,0.0,232.64999720628484,0.0,10574.999873012946,7705.628111447948,0.0,0.0,147.8880879803574,232.64999720628484
A9,'Hinterlainsach/Ost',139.16,0.0,2.0,11074.0,11074.0,7841.721665687022,7841.721665687022,0.0,0.0,0.0,0.0,0.0,157.36906167744274,157.36906167744274,243.628,243.628,0.0,0.0,0.0,0.0,0.0,0.0
A9,'Hinterlainsach/West',139.3,1.0,2.0,10575.0,0.0,31388.73352344284,0.0,1.0,1.0,0.0,520.2632247190461,0.0,232.64999720628484,0.0,57.662841245109945,0.0,10575.0,31388.73352344284,1.0,520.2632247190461,232.64999720628484,57.662841245109945
A9,'Kleintal',150.57,0.0,2.0,11777.0,11777.0,26809.336064293304,26809.336064293304,1.0,1.0,1.0,538.5306967072263,538.5306967072263,243.628,243.628,0.0,0.0,0.0,0.0,0.0,0.0,0.0,0.0
A9,'Übelbach 1',154.16,1.0,2.0,11512.0,0.0,17781.923523171823,0.0,0.0,0.0,0.0,0.0,0.0,57.662841245109945,0.0,253.26399999999998,0.0,11512.0,17781.923523171823,0.0,0.0,57.662841245109945,253.26399999999998
A9,'Übelbach 2',154.24,0.0,2.0,11777.0,11777.0,8639.97767636247,8639.97767636247,0.0,0.0,0.0,0.0,0.0,0.0,0.0,95.03975443998716,95.03975443998716,0.0,0.0,0.0,0.0,0.0,0.0
A9,'Deutschfeistritz',161.95,2.0,0.0,23289.000114064176,11777.000055015264,76050.65254937344,18003.928396732397,1.0,2.0,1.0,1059.3390505704897,167.5610848914383,348.30375443998713,95.03975443998716,125.52188191260524,125.52188191260524,11512.00005904891,58046.72415264104,1.0,891.7779656790515,253.26399999999998,0.0
A9,'Eggenfeld',169.13,0.0,2.0,20432.1080698656,20432.1080698656,29453.135965858,29453.135965858,0.0,0.0,0.0,0.0,0.0,125.52188191260524,125.52188191260524,449.50637753704325,449.50637753704325,0.0,0.0,0.0,0.0,0.0,0.0
A9,'Feldkirchen',186.97,1.0,2.0,29999.01028154669,0.0,57184.44424849908,0.0,1.0,1.0,0.0,629.0288867334898,0.0,0.0,0.0,0.0,0.0,29999.01028154669,57184.44424849908,1.0,629.0288867334898,0.0,0.0
A9,'Premstätten',192.48,0.0,1.0,32302.511670869648,32302.511670869648,152381.31708348572,152381.31708348572,1.0,2.0,2.0,2000.0,2000.0,449.50637753704325,449.50637753704325,125.70086545538595,125.70086545538595,0.0,0.0,0.0,0.0,0.0,0.0
A9,'Thalerhof',196.52,1.0,2.0,26113.265874187266,0.0,77662.26512324884,0.0,1.0,1.0,0.0,854.2849163557372,0.0,0.0,0.0,0.0,0.0,26113.265874187266,77662.26512324884,1.0,854.2849163557372,0.0,0.0
A9,'Gralla West',211.06,0.0,0.0,20689.0,20689.0,76643.58637779353,76643.58637779353,1.0,1.0,1.0,787.5223156111034,787.5223156111034,125.70086545538595,125.70086545538595,181.25800000001132,181.25800000001132,0.0,0.0,0.0,0.0,0.0,0.0
A9,'Gralla Ost',211.45,1.0,0.0,19399.0,0.0,52785.10516275293,0.0,1.0,1.0,0.0,416.69215679026513,0.0,0.0,0.0,163.94400000001718,0.0,19399.0,52785.10516275293,1.0,416.69215679026513,0.0,163.94400000001718
A9,'Straß Ost’,225.02,1.0,2.0,7452.000000000777,0.0,7466.983597758399,0.0,1.0,1.0,0.0,246.08081957535956,0.0,163.94400000001718,0.0,0.0,0.0,7452.000000000777,7466.983597758399,1.0,246.08081957535956,163.94400000001718,0.0
A9,'Straß West',225.02,0.0,2.0,8239.000000000515,8239.000000000515,22970.085281964966,22970.085281964966,1.0,1.0,1.0,433.92893810162593,433.92893810162593,181.25800000001132,181.25800000001132,0.0,0.0,0.0,0.0,0.0,0.0,0.0,0.0
S16,'Schnann',18.9,2.0,0.0,9860.99996031521,4941.999999999992,43437.30630977449,18700.073610347983,1.0,2.0,1.0,271.42836940167786,96.97680971382798,0.0,0.0,206.38200000584143,108.72399999999982,4918.999960315217,24737.232699426502,1.0,174.45155968784988,0.0,97.65800000584161
S16,'Klösterle',44.17,1.0,0.0,4439.000000265529,0.0,13183.237295726443,0.0,1.0,1.0,0.0,242.6736102588325,0.0,97.65800000584161,0.0,0.0,0.0,4439.000000265529,13183.237295726443,1.0,242.6736102588325,97.65800000584161,0.0
S16,'Innerbraz',54.99,0.0,0.0,5391.999999999998,5391.999999999998,38789.08951452321,38789.08951452321,1.0,1.0,1.0,535.4039846597552,535.4039846597552,108.72399999999982,108.72399999999982,0.0,0.0,0.0,0.0,0.0,0.0,0.0,0.0
S16,'Radin Süd',59.01,1.0,2.0,5252.0,0.0,3038.655605334979,0.0,1.0,1.0,0.0,33.425211658684766,0.0,0.0,0.0,0.0,0.0,5252.0,3038.655605334979,1.0,33.425211658684766,0.0,0.0
S16,'Radin Nord',59.03,0.0,2.0,5392.0,5392.0,4366.475635989322,4366.475635989322,1.0,1.0,1.0,48.031231995882536,48.031231995882536,0.0,0.0,0.0,0.0,0.0,0.0,0.0,0.0,0.0,0.0
S1A,'Schwechat',9.85,2.0,0.0,61703.49999987559,31463.499999975807,98660.20943375537,39041.52295889174,1.0,2.0,1.0,1085.262303771309,429.4567525478091,0.0,0.0,0.0,0.0,30239.99999989978,59618.68647486362,1.0,655.8055512234998,0.0,0.0
S1B,'Deutsch Wagram',39.05,2.0,0.0,32604.83333333333,16237.966666666664,73145.99870320682,9677.10465852084,1.0,2.0,1.0,804.605985735275,106.44815124372924,0.0,0.0,0.0,0.0,16366.866666666663,63468.89404468598,1.0,698.1578344915457,0.0,0.0
S3,'Hollabrunn',23.6,1.0,2.0,6766.0,0.0,15563.630436509862,0.0,1.0,1.0,0.0,171.19993480160846,0.0,0.0,0.0,0.0,0.0,6766.0,15563.630436509862,1.0,171.19993480160846,0.0,0.0
S31,‘Mattersburg’,52.09,1.0,2.0,8153.0,0.0,26231.718576042676,0.0,1.0,1.0,0.0,288.54890433646943,0.0,0.0,0.0,0.0,0.0,8153.0,26231.718576042676,1.0,288.54890433646943,0.0,0.0
S31,'Forchtenstein’,52.45,0.0,2.0,7857.0,7857.0,29576.297095027607,29576.297095027607,1.0,1.0,1.0,325.33926804530364,325.33926804530364,0.0,0.0,0.0,0.0,0.0,0.0,0.0,0.0,0.0,0.0
S31,'Kobersdorf',66.91,0.0,2.0,6223.999999590788,6223.999999590788,17886.095398002628,17886.095398002628,1.0,1.0,1.0,196.7470493780289,196.7470493780289,0.0,0.0,0.0,0.0,0.0,0.0,0.0,0.0,0.0,0.0
S31,'Tschurndorf',68.14,1.0,2.0,6566.999817015507,0.0,21185.283057988152,0.0,1.0,1.0,0.0,233.03811363786969,0.0,0.0,0.0,0.0,0.0,6566.999817015507,21185.283057988152,1.0,233.03811363786969,0.0,0.0
S33,'St. Pölten Ost',1.84,0.0,0.0,15332.000000000002,15332.000000000002,42162.713450383104,42162.713450383104,1.0,1.0,1.0,463.7898479542141,463.7898479542141,0.0,0.0,0.0,0.0,0.0,0.0,0.0,0.0,0.0,0.0
S33,'Inzersdorf',15.28,1.0,1.0,15650.364459623052,0.0,47979.53816597848,0.0,1.0,1.0,0.0,527.7749198257633,0.0,0.0,0.0,0.0,0.0,15650.364459623052,47979.53816597848,1.0,527.7749198257633,0.0,0.0
S33,'Herzogenburg',15.69,0.0,1.0,15657.319893344473,15657.319893344473,36041.87317235301,36041.87317235301,1.0,1.0,1.0,396.4606048958831,396.4606048958831,0.0,0.0,0.0,0.0,0.0,0.0,0.0,0.0,0.0,0.0
S35,'Frohnleiten Ost',26.82,1.0,2.0,9690.0,0.0,18587.030666064784,0.0,1.0,1.0,0.0,204.4573373267126,0.0,0.0,0.0,0.0,0.0,9690.0,18587.030666064784,1.0,204.4573373267126,0.0,0.0
S35,'Frohnleiten West',26.82,0.0,2.0,9816.0,9816.0,51001.472361815664,51001.472361815664,1.0,1.0,1.0,561.0161959799723,561.0161959799723,0.0,0.0,0.0,0.0,0.0,0.0,0.0,0.0,0.0,0.0
S36,'St. Marein Nord',14.89,0.0,0.0,10113.0,10113.0,30156.505485607195,30156.505485607195,1.0,1.0,1.0,331.72156034167915,331.72156034167915,0.0,0.0,0.0,0.0,0.0,0.0,0.0,0.0,0.0,0.0
S36,'St. Marein Süd',14.97,1.0,0.0,10133.0,0.0,39904.344783471744,0.0,1.0,1.0,0.0,438.94779261818917,0.0,0.0,0.0,0.0,0.0,10133.0,39904.344783471744,1.0,438.94779261818917,0.0,0.0
S36,'Strettweg',34.61,1.0,2.0,9701.0,0.0,5373.278346516238,0.0,1.0,1.0,0.0,59.10606181167862,0.0,0.0,0.0,0.0,0.0,9701.0,5373.278346516238,1.0,59.10606181167862,0.0,0.0
S36,'Hauswald',35.77,0.0,2.0,9740.5,9740.5,40577.73593246791,40577.73593246791,1.0,1.0,1.0,446.355095257147,446.355095257147,0.0,0.0,0.0,0.0,0.0,0.0,0.0,0.0,0.0,0.0
S37,'Hunnenbrunnen',285.19,0.0,2.0,19888.0,10058.000000000002,36142.46463235457,4295.795543572071,0.0,1.0,-0.0,350.31335997660744,0.0,0.0,0.0,47.25375097929279,47.25375097929279,9830.0,31846.6690887825,1.0,350.31335997660744,0.0,0.0
S37,'Zollfeld',293.91,0.0,2.0,10058.0,10058.0,17382.606338754165,17382.606338754165,1.0,1.0,1.0,238.46242070558858,238.46242070558858,47.25375097929279,47.25375097929279,0.0,0.0,0.0,0.0,0.0,0.0,0.0,0.0
S5,'Zaina',6.3,0.0,2.0,17736.0,17736.0,22057.74265192454,22057.74265192454,0.0,0.0,-0.0,0.0,0.0,0.0,0.0,242.63516917116988,242.63516917116988,0.0,0.0,0.0,0.0,0.0,0.0
S5,'Grafenwörth',32.85,2.0,0.0,24240.0,12017.0,92944.80421055126,63800.34208286393,1.0,2.0,1.0,1265.0280154872337,944.4389320826731,242.63516917116988,242.63516917116988,0.0,0.0,12223.0,29144.46212768733,1.0,320.5890834045606,0.0,0.0
S6,'Natschbach',3.22,2.0,0.0,28895.0,14441.0,49805.03843322329,7829.400123642268,0.0,1.0,-0.0,461.7320214053912,0.0,0.0,0.0,86.12340136006495,86.12340136006495,14454.000000000002,41975.63830958102,1.0,461.7320214053912,0.0,0.0
S6,'Gloggnitz Süd',17.81,1.0,2.0,7935.5,0.0,9081.297254301347,0.0,0.0,0.0,0.0,0.0,0.0,0.0,0.0,99.89426979731485,0.0,7935.5,9081.297254301347,0.0,0.0,0.0,99.89426979731485
S6,'Gloggnitz Nord',18.44,0.0,2.0,8009.0,8009.0,24242.62115602437,24242.62115602437,1.0,1.0,1.0,352.792234076333,352.792234076333,86.12340136006495,86.12340136006495,0.0,0.0,0.0,0.0,0.0,0.0,0.0,0.0
S6,'Schottwien',23.57,2.0,0.0,15944.5,8009.0,47842.38487070686,8181.6019594493055,0.0,1.0,0.0,536.162881821148,0.0,99.89426979731485,0.0,89.99762155394235,89.99762155394235,7935.5,39660.78291125756,1.0,536.162881821148,99.89426979731485,0.0
S6,'Schwöbing Nord',48.55,0.0,0.0,9945.0,9945.0,49668.15156439487,49668.15156439487,1.0,1.0,1.0,636.347288762286,636.347288762286,89.99762155394235,89.99762155394235,0.0,0.0,0.0,0.0,0.0,0.0,0.0,0.0
S6,'Schwöbing Süd',48.57,1.0,0.0,9757.0,0.0,46526.20864062981,0.0,1.0,1.0,0.0,511.78829504692794,0.0,0.0,0.0,0.0,0.0,9757.0,46526.20864062981,1.0,511.78829504692794,0.0,0.0
S6,'St. Marein',68.99,0.0,0.0,12864.0,12864.0,52521.60007264168,52521.60007264168,1.0,1.0,1.0,577.7376007990584,577.7376007990584,0.0,0.0,0.0,0.0,0.0,0.0,0.0,0.0,0.0,0.0
S6,'Kapfenberg Nord',72.03,0.0,2.0,12864.0,12864.0,7831.345796296708,7831.345796296708,1.0,1.0,1.0,86.14480375926378,86.14480375926378,0.0,0.0,0.0,0.0,0.0,0.0,0.0,0.0,0.0,0.0
S6,'Kapfenberg Süd',72.45,1.0,1.0,12893.5,0.0,83967.40895002644,0.0,1.0,1.0,0.0,923.6414984502908,0.0,0.0,0.0,0.0,0.0,12893.5,83967.40895002644,1.0,923.6414984502908,0.0,0.0
