Time of calculation: 20211215-095833; value of objective: 33602525.98050463;  acc=3000;  ec=0.25;  e_tax=0.15;  cfix=7000;  cvar=17750;  eta=0.011;  mu=0.6;  i=
segment_id,dir,type_ID,POI_ID,traffic_flow,traffic_flow_0,traffic_flow_1,energy_demand,energy_demand_0,energy_demand_1,dist_along_segment,pois_type,pYi_dir,pYi_dir_0,pYi_dir_1,pE_charged,pE_charged_0,pE_charged_1,pE_input,pE_input_0,pE_input_1,pE_output,pE_output_0,pE_output_1,pXi
0.0,2.0,0.0,0.0,26540.636112053,13243.0239038645,13297.6122081885,60657.5700465436,0.0,60657.5700465436,0.0,link,0.0,0.0,0.0,0.0,0.0,0.0,0.0,0.0,0.0,400.33996230718776,0.0,400.33996230718776,0
0.0,2.0,7.0,1.0,26594.7769799282,13269.4415749127,13325.3354050155,28456.34425905232,635.49550854442,27820.8487505079,239.715824101164,ra,7.0,7.0,0.0,311.4098861795204,0.0,311.4098861795204,127.7922844261683,0.0,127.7922844261683,4.194270356393171,4.194270356393171,0.0,1
0.0,1.0,6.0,2.0,25114.4899764858,0.0,25114.4899764858,15564.5840298711,0.0,15564.5840298711,15074.9810236044,ra,0.0,0.0,-0.0,0.0,0.0,0.0,25.066029829019044,0.0,25.066029829019044,127.7922844261683,0.0,127.7922844261683,0
0.0,0.0,5.0,3.0,25141.6151508612,25141.6151508612,0.0,61114.2514175474,61114.2514175474,0.0,15258.386608098,ra,0.0,-0.0,0.0,0.0,0.0,0.0,4.194270356393171,4.194270356393171,0.0,407.548329712206,407.548329712206,0.0,0
0.0,2.0,2.0,4.0,45891.0713847726,24132.5354848012,21758.5358999714,73638.515983494,46323.0128169921,27315.5031665019,24427.462160298,ra,22.0,0.0,22.0,1100.0,8.900393549824042,1091.099606450176,1343.4316450924885,407.548329712206,935.8833153802824,729.4458505835488,704.3798207545298,25.066029829019044,1
0.0,0.0,0.0,5.0,21104.2634691175,21104.2634691175,0.0,40859.7699453428,40859.7699453428,0.0,33429.3595873882,ra,0.0,-0.0,0.0,0.0,0.0,0.0,704.3798207545298,704.3798207545298,0.0,974.0543023937921,974.0543023937921,0.0,0
0.0,1.0,1.0,6.0,14423.8235603641,0.0,14423.8235603641,70917.9365170326,0.0,70917.9365170326,33802.1690359586,ra,0.0,0.0,-0.0,0.0,0.0,0.0,467.8249343678673,0.0,467.8249343678673,935.8833153802824,0.0,935.8833153802824,0
0.0,0.0,3.0,7.0,13268.990914294,13268.990914294,0.0,43795.1979929416,43795.1979929416,0.0,46647.5352997916,ra,0.0,-0.0,0.0,0.0,0.0,0.0,974.0543023937921,974.0543023937921,0.0,1263.1026091472067,1263.1026091472067,0.0,0
0.0,1.0,4.0,8.0,13561.1425356073,0.0,13561.1425356073,3390.58285704174,0.0,3390.58285704174,46771.544645065,ra,0.0,0.0,-0.0,0.0,0.0,0.0,445.4470875113918,0.0,445.4470875113918,467.8249343678673,0.0,467.8249343678673,0
0.0,1.0,8.0,9.0,12294.3580875554,0.0,12294.3580875554,14272.1885319231,0.0,14272.1885319231,55124.5569541094,ra,0.0,0.0,-0.0,0.0,0.0,0.0,351.25064320069936,0.0,351.25064320069936,445.4470875113918,0.0,445.4470875113918,0
0.0,1.0,9.0,10.0,8886.15477288434,0.0,8886.15477288434,27047.5291294031,0.0,27047.5291294031,64455.5697412472,ra,0.0,0.0,-0.0,0.0,0.0,0.0,172.73695101933163,0.0,172.73695101933163,351.25064320069936,0.0,351.25064320069936,0
0.0,0.0,10.0,11.0,8766.58015528797,8766.58015528797,0.0,43004.2931513167,43004.2931513167,0.0,64479.8050962007,ra,0.0,-0.0,0.0,0.0,0.0,0.0,1263.1026091472067,1263.1026091472067,0.0,1546.930943945897,1546.930943945897,0.0,0
0.0,1.0,11.0,12.0,5594.60627343411,0.0,5594.60627343411,26086.2651756118,0.0,26086.2651756118,68504.6013106114,ra,0.0,0.0,-0.0,0.0,0.0,0.0,0.5676008602937586,0.0,0.5676008602937586,172.73695101933163,0.0,172.73695101933163,0
0.0,0.0,12.0,13.0,4553.08388931748,4553.08388931748,0.0,16089.3958499465,16089.3958499465,0.0,79329.1374904099,ra,0.0,-0.0,0.0,0.0,0.0,0.0,1546.930943945897,1546.930943945897,0.0,1653.1209563374657,1653.1209563374657,0.0,0
0.0,2.0,13.0,14.0,7895.539602766939,4645.32330643337,3250.21629633357,26378.19060066929,20773.2358162279,5604.95478444139,104473.71241617,ra,75.0,0.0,75.0,3749.999999999999,1790.2243125791842,1959.7756874208148,3576.471543041261,1653.1209563374657,1923.3505867037954,0.5676010056793288,1.4538557024934562e-07,0.5676008602937586,1
0.0,1.0,14.0,15.0,9099.18315895303,0.0,9099.18315895303,21051.509335061,0.0,21051.509335061,126194.353864499,ra,0.0,0.0,-0.0,0.0,0.0,0.0,1784.4106251650855,0.0,1784.4106251650855,1923.3505867037954,0.0,1923.3505867037954,0
0.0,2.0,15.0,16.0,19815.36822147166,9562.72950758806,10252.6387138836,63216.182923695196,41539.1007178494,21677.0822058458,133409.21035476,ra,0.0,0.0,-0.0,0.0,0.0,0.0,1641.341882751889,1.4538557024934562e-07,1641.3418826065033,2058.568690048277,274.15806488319157,1784.4106251650855,0
0.0,1.0,16.0,17.0,10262.4933483887,0.0,10262.4933483887,39352.1538815934,0.0,39352.1538815934,135061.705646886,ra,0.0,0.0,-0.0,0.0,0.0,0.0,1381.6176671333724,0.0,1381.6176671333724,1641.3418826065033,0.0,1641.3418826065033,0
0.0,0.0,17.0,18.0,9337.28228712366,9337.28228712366,0.0,3755.83362001816,3755.83362001816,0.0,135400.125089297,ra,0.0,-0.0,0.0,0.0,0.0,0.0,274.15806488319157,274.15806488319157,0.0,298.94656677531145,298.94656677531145,0.0,0
0.0,0.0,18.0,19.0,10716.8663243198,10716.8663243198,0.0,29722.6525482398,29722.6525482398,0.0,150383.983031074,ra,0.0,-0.0,0.0,0.0,0.0,0.0,298.94656677531145,298.94656677531145,0.0,495.1160734483085,495.1160734483085,0.0,0
0.0,1.0,19.0,20.0,16313.2106970416,0.0,16313.2106970416,29955.5905739685,0.0,29955.5905739685,165563.400922083,ra,0.0,0.0,-0.0,0.0,0.0,0.0,1183.9107695214707,0.0,1183.9107695214707,1381.6176671333724,0.0,1381.6176671333724,0
0.0,0.0,20.0,21.0,15912.8996761482,15912.8996761482,0.0,38414.7758994518,38414.7758994518,0.0,165570.707353275,ra,0.0,-0.0,0.0,0.0,0.0,0.0,495.1160734483085,495.1160734483085,0.0,748.6535943846903,748.6535943846903,0.0,0
0.0,2.0,21.0,22.0,38420.413170467305,19234.6634945469,19185.7496759204,73748.9776309411,27248.6286224276,46500.3490085135,173065.413799776,ra,18.0,18.0,0.0,900.0000000000001,179.84094890802214,720.159051091978,2345.82111154195,748.6535943846903,1597.1675171572597,1932.564363906161,748.6535943846903,1183.9107695214707,1
0.0,1.0,22.0,23.0,21229.4573799075,0.0,21229.4573799075,60192.24943524,0.0,60192.24943524,176940.22069629,ra,0.0,0.0,-0.0,0.0,0.0,0.0,1199.8986718536173,0.0,1199.8986718536173,1597.1675171572597,0.0,1597.1675171572597,0
0.0,1.0,23.0,24.0,26278.9329143679,0.0,26278.9329143679,638.143813778497,0.0,638.143813778497,182868.692917964,ra,0.0,0.0,-0.0,0.0,0.0,0.0,1195.6869226826793,0.0,1195.6869226826793,1199.8986718536173,0.0,1199.8986718536173,0
0.0,0.0,24.0,25.0,28249.0185087145,28249.0185087145,0.0,74447.880017493,74447.880017493,0.0,188487.641131617,ra,0.0,-0.0,0.0,0.0,0.0,0.0,748.6535943846903,748.6535943846903,0.0,1240.009602500144,1240.009602500144,0.0,0
0.0,2.0,0.0,26.0,50605.7308716768,25638.9023938735,24966.8284778033,29755.4203585491,29755.4203585491,0.0,194059.964946131,link,0.0,0.0,0.0,0.0,0.0,0.0,2435.6965251828233,1240.009602500144,1195.6869226826793,2632.082299549247,1436.395376866568,1195.6869226826793,0
1.0,2.0,0.0,27.0,41635.2696746832,21021.6267553003,20613.6429193829,795.523730019109,0.0,795.523730019109,0.0,link,0.0,0.0,0.0,0.0,0.0,0.0,1814.4008363319745,1412.0468199217253,402.3540164102491,1819.6512929501005,1412.0468199217253,407.6044730283752,0
1.0,0.0,26.0,28.0,20821.0305816615,20821.0305816615,0.0,26087.181633621,26087.181633621,0.0,6216.47578134488,ra,0.0,-0.0,0.0,0.0,0.0,0.0,1412.0468199217253,1412.0468199217253,0.0,1584.2222185976989,1584.2222185976989,0.0,0
1.0,2.0,25.0,29.0,39859.9435983602,20128.7100274165,19731.2335709437,19439.182376750672,8227.15979420447,11212.0225825462,8218.21591932416,ra,0.0,0.0,-0.0,0.0,0.0,0.0,1912.5768865231928,1584.2222185976989,328.35466792549386,2040.8754896496976,1638.5214732394484,402.3540164102491,0
1.0,1.0,27.0,30.0,15080.1720482802,0.0,15080.1720482802,3332.35606478557,0.0,3332.35606478557,14028.2328867426,ra,0.0,0.0,-0.0,0.0,0.0,0.0,306.3611178979091,0.0,306.3611178979091,328.35466792549386,0.0,328.35466792549386,0
1.0,0.0,28.0,31.0,15021.9786197919,15021.9786197919,0.0,28536.8531280977,28536.8531280977,0.0,16747.0640478161,ra,0.0,-0.0,0.0,0.0,0.0,0.0,1638.5214732394484,1638.5214732394484,0.0,1826.8647038848935,1826.8647038848935,0.0,0
1.0,2.0,29.0,32.0,29629.2702066633,14994.1517039878,14635.1185026755,494.222241173728,494.222241173728,0.0,16911.7407621753,ra,0.0,-0.0,0.0,0.0,0.0,0.0,2133.2258217828025,1826.8647038848935,306.3611178979091,2136.4876884686278,1830.1265705707187,306.3611178979091,0
1.0,1.0,32.0,33.0,11591.4382904028,0.0,11591.4382904028,9333.62015084538,0.0,9333.62015084538,22379.5420754944,ra,0.0,0.0,-0.0,0.0,0.0,0.0,244.75922497502344,0.0,244.75922497502344,306.3611178979091,0.0,306.3611178979091,0
1.0,0.0,31.0,34.0,12155.2376344337,12155.2376344337,0.0,15349.9906071111,15349.9906071111,0.0,22507.4968336771,ra,0.0,-0.0,0.0,0.0,0.0,0.0,1830.1265705707187,1830.1265705707187,0.0,1931.4365082310856,1931.4365082310856,0.0,0
1.0,1.0,33.0,35.0,11308.2144668397,0.0,11308.2144668397,2721.62194213134,0.0,2721.62194213134,23570.4687905334,ra,0.0,0.0,-0.0,0.0,0.0,0.0,226.7965201569566,0.0,226.7965201569566,244.75922497502344,0.0,244.75922497502344,0
1.0,2.0,36.0,36.0,23126.816645439998,11846.3351177034,11280.4815277366,26906.4332634277,12385.1998760562,14521.2333873715,27721.2649615329,ra,0.0,-0.0,0.0,0.0,0.0,0.0,2062.39288803139,1931.4365082310856,130.95637980030472,2239.9753475700127,2013.1788274130563,226.7965201569566,0
1.0,1.0,35.0,37.0,11337.2619320883,0.0,11337.2619320883,19841.8756793837,0.0,19841.8756793837,29194.6309655969,ra,0.0,0.0,-0.0,0.0,0.0,0.0,3.163723079069314e-07,0.0,3.163723079069314e-07,130.95637980030472,0.0,130.95637980030472,0
1.0,0.0,34.0,38.0,11885.5265358471,11885.5265358471,0.0,4170.09621995463,4170.09621995463,0.0,29478.4736802298,ra,0.0,-0.0,0.0,0.0,0.0,0.0,2013.1788274130563,2013.1788274130563,0.0,2040.7014623193695,2040.7014623193695,0.0,0
1.0,0.0,38.0,39.0,11947.1636186313,11947.1636186313,0.0,7352.58765796217,7352.58765796217,0.0,32563.1836153915,ra,0.0,-0.0,0.0,0.0,0.0,0.0,2040.7014623193695,2040.7014623193695,0.0,2089.22854086192,2089.22854086192,0.0,0
1.0,0.0,39.0,40.0,11960.1701828351,11960.1701828351,0.0,1956.83597729699,1956.83597729699,0.0,33381.7233696118,ra,0.0,-0.0,0.0,0.0,0.0,0.0,2089.22854086192,2089.22854086192,0.0,2102.143657915382,2102.143657915382,0.0,0
1.0,2.0,40.0,41.0,23460.935326572,11970.3853891252,11490.5499374468,35373.36563433738,1726.60343297688,33646.7622013605,34103.2604930604,ra,47.0,0.0,47.0,2335.6078707856364,2113.5392405730295,222.06863021260696,2102.143657915382,2102.143657915382,0.0,3.163723079069314e-07,0.0,3.163723079069314e-07,1
1.0,2.0,0.0,42.0,23472.9532848191,11974.8809399587,11498.0723448604,828.627407616686,828.627407616686,0.0,34449.3464575004,link,0.0,0.0,0.0,0.0,0.0,0.0,0.0,0.0,0.0,5.468940890270128,5.468940890270128,0.0,0
2.0,2.0,0.0,43.0,68929.1689525749,33758.8137930879,35170.355159487,40746.089818559,0.0,40746.089818559,0.0,link,0.0,0.0,0.0,0.0,0.0,0.0,2733.8143786142246,1119.5023393536262,1614.3120392605983,3002.738571416714,1119.5023393536262,1883.2362320630878,0
2.0,1.0,30.0,44.0,34398.2821383792,0.0,34398.2821383792,3.55988506767655,0.0,3.55988506767655,2598.41164546074,ra,0.0,0.0,-0.0,0.0,0.0,0.0,1614.2885440191517,0.0,1614.2885440191517,1614.3120392605983,0.0,1614.3120392605983,0
2.0,1.0,41.0,45.0,29624.9675092291,0.0,29624.9675092291,82561.3859430212,0.0,82561.3859430212,8569.0534366321,ra,0.0,0.0,-0.0,0.0,0.0,0.0,1069.3833967952116,0.0,1069.3833967952116,1614.2885440191517,0.0,1614.2885440191517,0
2.0,0.0,42.0,46.0,27489.4442716519,27489.4442716519,0.0,66162.031604804,66162.031604804,0.0,10626.1428841809,ra,0.0,-0.0,0.0,0.0,0.0,0.0,1119.5023393536262,1119.5023393536262,0.0,1556.1717478726396,1556.1717478726396,0.0,0
2.0,0.0,43.0,47.0,24285.974119979,24285.974119979,0.0,46432.767384281,46432.767384281,0.0,19826.0309188716,ra,0.0,-0.0,0.0,0.0,0.0,0.0,1556.1717478726396,1556.1717478726396,0.0,1862.628012608894,1862.628012608894,0.0,0
2.0,1.0,44.0,48.0,24186.0911430872,0.0,24186.0911430872,89079.8499237686,0.0,89079.8499237686,19924.5544753991,ra,0.0,0.0,-0.0,0.0,0.0,0.0,481.45638729833894,0.0,481.45638729833894,1069.3833967952116,0.0,1069.3833967952116,0
2.0,0.0,45.0,49.0,24395.8043620461,24395.8043620461,0.0,22158.9923415834,22158.9923415834,0.0,24376.283905319,ra,0.0,-0.0,0.0,0.0,0.0,0.0,1862.628012608894,1862.628012608894,0.0,2008.8773620633444,2008.8773620633444,0.0,0
2.0,0.0,46.0,50.0,18382.7449604955,18382.7449604955,0.0,63871.9166171924,63871.9166171924,0.0,38424.0480859037,ra,7.0,7.0,0.0,350.0,350.0,0.0,2008.8773620633444,2008.8773620633444,0.0,2080.4320117368143,2080.4320117368143,0.0,1
2.0,1.0,47.0,51.0,18491.6133654888,0.0,18491.6133654888,59037.0560011841,0.0,59037.0560011841,38987.6806255175,ra,0.0,0.0,-0.0,0.0,0.0,0.0,91.81181769052392,0.0,91.81181769052392,481.45638729833894,0.0,481.45638729833894,0
2.0,2.0,48.0,52.0,37060.499514109295,18323.8494067353,18736.650107374,121716.6178437865,83259.8366329336,38456.7812108529,60686.5331745626,ra,57.0,0.0,57.0,2849.9999999999995,2568.4714855525226,281.52851444747694,2199.957587883186,2080.4320117368143,119.52557614637178,153.28726565217724,61.475447961653316,91.81181769052392,1
2.0,2.0,49.0,53.0,37058.9029265594,18323.1127403572,18735.7901862022,18113.417243932698,3.48146417939821,18109.9357797533,60687.5223097686,ra,0.0,0.0,0.0,0.0,0.0,0.0,61.475447961653316,61.475447961653316,0.0,181.0240017716091,61.49842562523734,119.52557614637178,0
2.0,0.0,50.0,54.0,13085.2370869384,13085.2370869384,0.0,35994.4407409927,35994.4407409927,0.0,72690.0783180644,ra,6.0,6.0,0.0,299.06173451578917,299.06173451578917,0.0,61.49842562523734,61.49842562523734,0.0,0.0,0.0,0.0,1
2.0,2.0,0.0,55.0,23931.6001633626,12393.9415716933,11537.6585916693,5343.07750058974,5343.07750058974,0.0,74788.4585560346,link,0.0,0.0,0.0,0.0,0.0,0.0,0.0,0.0,0.0,35.26431150389228,35.26431150389228,0.0,0
3.0,2.0,0.0,56.0,27844.0,14880.0,12964.0,5532.77592,0.0,5532.77592,0.0,link,0.0,0.0,0.0,0.0,0.0,0.0,0.0,0.0,0.0,36.516321072,0.0,36.516321072,0
3.0,0.0,51.0,57.0,14880.0,14880.0,0.0,866.3136,866.3136,0.0,291.139117483826,ra,0.0,0.0,0.0,0.0,0.0,0.0,0.0,0.0,0.0,5.71766976,5.71766976,0.0,0
3.0,1.0,52.0,58.0,12964.0,0.0,12964.0,1015.7294,0.0,1015.7294,391.789662717657,ra,18.0,0.0,18.0,858.0091503806992,0.0,858.0091503806992,851.3053363406992,0.0,851.3053363406992,0.0,0.0,0.0,1
3.0,2.0,1.0,59.0,27844.0,14880.0,12964.0,6650.0208,6650.0208,0.0,2525.71464164925,link,0.0,0.0,0.0,0.0,0.0,0.0,857.0230061006993,5.71766976,851.3053363406992,900.9131433806992,49.60780704,851.3053363406992,0
4.0,2.0,1.0,60.0,59761.3086274698,30037.3419745759,29723.9666528939,50829.6084600017,0.0,50829.6084600017,0.0,link,0.0,0.0,0.0,0.0,0.0,0.0,2155.9524269569815,1111.6443258509325,1044.308101106049,2491.4278427929926,1111.6443258509325,1379.78351694206,0
4.0,0.0,53.0,61.0,29524.4907904278,29524.4907904278,0.0,17707.597633633,17707.597633633,0.0,2968.02033395423,ra,0.0,-0.0,0.0,0.0,0.0,0.0,1111.6443258509325,1111.6443258509325,0.0,1228.5144702329103,1228.5144702329103,0.0,0
4.0,1.0,54.0,62.0,29216.1627876462,0.0,29216.1627876462,18822.6156177956,0.0,18822.6156177956,3095.56953512974,ra,0.0,0.0,-0.0,0.0,0.0,0.0,920.0788380285979,0.0,920.0788380285979,1044.308101106049,0.0,1044.308101106049,0
4.0,1.0,57.0,63.0,24041.5281035447,0.0,24041.5281035447,22413.6751787421,0.0,22413.6751787421,16237.2713752631,ra,0.0,0.0,-0.0,0.0,0.0,0.0,772.1485818489001,0.0,772.1485818489001,920.0788380285979,0.0,920.0788380285979,0
4.0,1.0,59.0,64.0,19741.1962074672,0.0,19741.1962074672,36000.5107095881,0.0,36000.5107095881,27421.918402147,ra,0.0,0.0,-0.0,0.0,0.0,0.0,534.5452111656186,0.0,534.5452111656186,772.1485818489001,0.0,772.1485818489001,0
4.0,0.0,58.0,65.0,20188.7740020659,20188.7740020659,0.0,120560.520741499,120560.520741499,0.0,27456.2755376563,ra,0.0,-0.0,0.0,0.0,0.0,0.0,1228.5144702329103,1228.5144702329103,0.0,2024.2139071268036,2024.2139071268036,0.0,0
4.0,0.0,61.0,66.0,19286.3795027776,19286.3795027776,0.0,45441.1289244508,45441.1289244508,0.0,39015.4670187568,ra,0.0,-0.0,0.0,0.0,0.0,0.0,2024.2139071268036,2024.2139071268036,0.0,2324.1253580281787,2324.1253580281787,0.0,0
4.0,0.0,63.0,67.0,16518.9379021764,16518.9379021764,0.0,23385.4454675469,23385.4454675469,0.0,45463.2697509544,ra,0.0,-0.0,0.0,0.0,0.0,0.0,2324.1253580281787,2324.1253580281787,0.0,2478.4692981139883,2478.4692981139883,0.0,0
4.0,0.0,65.0,68.0,16228.0496170924,16228.0496170924,0.0,10569.3550505184,10569.3550505184,0.0,48702.0526758811,ra,0.0,-0.0,0.0,0.0,0.0,0.0,2478.4692981139883,2478.4692981139883,0.0,2548.2270414474096,2548.2270414474096,0.0,0
4.0,1.0,66.0,69.0,15802.2977140373,0.0,15802.2977140373,39122.0341426643,0.0,39122.0341426643,48702.5157234626,ra,0.0,0.0,-0.0,0.0,0.0,0.0,276.3397858240344,0.0,276.3397858240344,534.5452111656186,0.0,534.5452111656186,0
4.0,2.0,69.0,70.0,24242.04672144007,16011.0814154375,8230.96530600257,44437.0068670179,29799.8672497866,14637.1396172313,57952.4364496481,ra,9.0,0.0,9.0,450.0,450.0,0.0,2727.9617057977175,2548.2270414474096,179.73466435030784,2571.245951120036,2294.9061652960013,276.3397858240344,1
4.0,2.0,68.0,71.0,24222.43641462717,16010.6884723873,8211.74794223987,27306.495193443596,73.9702918817957,27232.5249015618,57975.5602403068,ra,0.0,0.0,-0.0,0.0,0.0,0.0,2294.9061652960013,2294.9061652960013,0.0,2475.129033572729,2295.394369222421,179.73466435030784,0
4.0,0.0,71.0,72.0,11073.069476657,11073.069476657,0.0,33279.593586609,33279.593586609,0.0,69989.226327393,ra,0.0,-0.0,0.0,0.0,0.0,0.0,2295.394369222421,2295.394369222421,0.0,2515.03968689404,2515.03968689404,0.0,0
4.0,2.0,75.0,73.0,21337.9057816767,10925.6060783794,10412.2997032973,61216.8350929752,18648.1077570154,42568.7273359598,78476.4553474238,ra,95.0,95.0,0.0,4719.854815322654,2638.117198090342,2081.737617232312,4315.8237037090175,2515.03968689404,1800.7840168149773,0.0,0.0,0.0,1
4.0,0.0,83.0,74.0,10876.9999980846,10876.9999980846,0.0,39533.2148793308,39533.2148793308,0.0,96645.2667353262,ra,0.0,-0.0,0.0,0.0,0.0,0.0,0.0,0.0,0.0,260.9192182035833,260.9192182035833,0.0,0
4.0,1.0,86.0,75.0,10239.998724531,0.0,10239.998724531,36345.2116964929,0.0,36345.2116964929,99246.7072366671,ra,0.0,0.0,-0.0,0.0,0.0,0.0,1560.9056196181243,0.0,1560.9056196181243,1800.7840168149773,0.0,1800.7840168149773,0
4.0,0.0,89.0,76.0,6878.00128124901,6878.00128124901,0.0,26286.1169203949,26286.1169203949,0.0,111094.712718466,ra,0.0,-0.0,0.0,0.0,0.0,0.0,260.9192182035833,260.9192182035833,0.0,434.4075898781896,434.4075898781896,0.0,0
4.0,1.0,91.0,77.0,7728.04230551103,0.0,7728.04230551103,37.9826999939869,0.0,37.9826999939869,115106.777258397,ra,0.0,0.0,-0.0,0.0,0.0,0.0,1560.654933798164,0.0,1560.654933798164,1560.9056196181243,0.0,1560.9056196181243,0
4.0,2.0,87.0,78.0,15349.44862342799,7293.1561007636,8056.29252266439,42025.7933217471,18572.7083656691,23453.084956078,124531.184689634,ra,18.0,18.0,0.0,900.0,309.50537124109684,590.4946287589032,2430.766791725142,434.4075898781896,1996.3592018469526,1808.1370276486728,247.48209385050882,1560.654933798164,1
4.0,1.0,81.0,79.0,14238.2637348706,0.0,14238.2637348706,76867.1864265725,0.0,76867.1864265725,140362.585588507,ra,0.0,0.0,-0.0,0.0,0.0,0.0,1489.0357714315742,0.0,1489.0357714315742,1996.3592018469526,0.0,1996.3592018469526,0
4.0,0.0,82.0,80.0,14417.6543875466,14417.6543875466,0.0,41346.2144335057,41346.2144335057,0.0,140910.113849637,ra,0.0,-0.0,0.0,0.0,0.0,0.0,247.48209385050882,247.48209385050882,0.0,520.3671091116464,520.3671091116464,0.0,0
4.0,1.0,88.0,81.0,14501.5105253433,0.0,14501.5105253433,48412.0261937441,0.0,48412.0261937441,152869.110813305,ra,0.0,0.0,-0.0,0.0,0.0,0.0,1169.5163985528632,0.0,1169.5163985528632,1489.0357714315742,0.0,1489.0357714315742,0
4.0,2.0,95.0,82.0,29499.9997821141,14928.9998128104,14570.9999693037,127094.9718739537,57641.2723543603,69453.6995195934,160563.715389321,ra,6.0,6.0,0.0,299.99999999999994,0.0,299.99999999999994,1531.489090835193,520.3671091116464,1011.1219817235467,2070.3159052032875,900.7995066504243,1169.5163985528632,1
4.0,2.0,99.0,83.0,29501.2496709625,14929.6109247903,14571.6387461722,37561.94061501,19285.0689537004,18276.8716613096,167022.616706975,ra,0.0,0.0,-0.0,0.0,0.0,0.0,1791.2941354093275,900.7995066504243,890.4946287589032,2039.2029434683936,1028.080961744847,1011.1219817235467,0
4.0,2.0,2.0,84.0,37135.979248738106,18661.9898553614,18473.9893933767,51602.3314462275,51602.3314462275,0.0,182066.45484822,link,0.0,0.0,0.0,0.0,0.0,0.0,1918.5755905037502,1028.080961744847,890.4946287589032,2259.1509780488514,1368.6563492899484,890.4946287589032,0
5.0,2.0,1.0,85.0,68793.7826224039,33913.4453688065,34880.3372535974,76876.4418514988,0.0,76876.4418514988,0.0,link,0.0,0.0,0.0,0.0,0.0,0.0,2075.194663804081,1024.5104209072008,1050.6842428968803,2582.579180023973,1024.5104209072008,1558.0687591167723,0
5.0,1.0,55.0,86.0,36003.5240013336,0.0,36003.5240013336,77918.9493386079,0.0,77918.9493386079,10624.4240384357,ra,0.0,0.0,-0.0,0.0,0.0,0.0,536.4191772620683,0.0,536.4191772620683,1050.6842428968803,0.0,1050.6842428968803,0
5.0,0.0,56.0,87.0,32653.8009159093,32653.8009159093,0.0,83562.8354220787,83562.8354220787,0.0,12028.5386871855,ra,0.0,-0.0,0.0,0.0,0.0,0.0,1024.5104209072008,1024.5104209072008,0.0,1576.0251346929197,1576.0251346929197,0.0,0
5.0,0.0,60.0,88.0,22401.2012920446,22401.2012920446,0.0,48119.0812404023,48119.0812404023,0.0,20923.6739875284,ra,0.0,-0.0,0.0,0.0,0.0,0.0,1576.0251346929197,1576.0251346929197,0.0,1893.611070879575,1893.611070879575,0.0,0
5.0,1.0,62.0,89.0,21130.6204282264,0.0,21130.6204282264,42151.5445832777,0.0,42151.5445832777,23654.3930083756,ra,0.0,0.0,-0.0,0.0,0.0,0.0,258.2189830124355,0.0,258.2189830124355,536.4191772620683,0.0,536.4191772620683,0
5.0,0.0,64.0,90.0,18512.6007291472,18512.6007291472,0.0,28054.9447055714,28054.9447055714,0.0,27817.9533374315,ra,0.0,-0.0,0.0,0.0,0.0,0.0,1893.611070879575,1893.611070879575,0.0,2078.7737059363462,2078.7737059363462,0.0,0
5.0,1.0,67.0,91.0,18904.5964821672,0.0,18904.5964821672,23475.6587973467,0.0,23475.6587973467,29511.2591332548,ra,0.0,0.0,-0.0,0.0,0.0,0.0,103.27963494994731,0.0,103.27963494994731,258.2189830124355,0.0,258.2189830124355,0
5.0,2.0,70.0,92.0,33127.6679782642,16315.8916479239,16811.7763303403,66757.5650953589,41242.3209351489,25515.24416021,39273.393575652,ra,100.0,0.0,100.0,4999.999999999998,2350.973024108329,2649.0269758916693,4662.679705320577,2078.7737059363462,2583.905999384231,103.27963494994731,0.0,103.27963494994731,1
5.0,1.0,76.0,93.0,15728.3542233459,0.0,15728.3542233459,36313.3579729706,0.0,36313.3579729706,47330.3638647794,ra,0.0,0.0,-0.0,0.0,0.0,0.0,2344.2378367626256,0.0,2344.2378367626256,2583.905999384231,0.0,2583.905999384231,0
5.0,1.0,79.0,94.0,16446.3696921172,0.0,16446.3696921172,23071.3224968471,0.0,23071.3224968471,54724.0345686887,ra,0.0,0.0,-0.0,0.0,0.0,0.0,2191.9671082834348,0.0,2191.9671082834348,2344.2378367626256,0.0,2344.2378367626256,0
5.0,0.0,80.0,95.0,16181.0369578104,16181.0369578104,0.0,48054.2387950906,48054.2387950906,0.0,54808.4650706048,ra,0.0,-0.0,0.0,0.0,0.0,0.0,0.0,0.0,0.0,317.1579760475979,317.1579760475979,0.0,0
5.0,1.0,93.0,96.0,15425.0541977474,0.0,15425.0541977474,71633.4560473898,0.0,71633.4560473898,67696.5829264334,ra,11.0,0.0,11.0,549.9999999999999,0.0,549.9999999999999,2269.186298370662,0.0,2269.186298370662,2191.9671082834348,0.0,2191.9671082834348,1
5.0,0.0,94.0,97.0,16743.9409701348,16743.9409701348,0.0,43770.4753223488,43770.4753223488,0.0,67916.7177403682,ra,0.0,-0.0,0.0,0.0,0.0,0.0,317.1579760475979,317.1579760475979,0.0,606.0431131751,606.0431131751,0.0,0
5.0,1.0,101.0,98.0,23926.8657512302,0.0,23926.8657512302,77300.6416447773,0.0,77300.6416447773,86150.6446371155,ra,0.0,0.0,-0.0,0.0,0.0,0.0,1759.0020635151322,0.0,1759.0020635151322,2269.186298370662,0.0,2269.186298370662,0
5.0,0.0,102.0,99.0,23976.5917239922,23976.5917239922,0.0,77264.20880385,77264.20880385,0.0,86198.2118888899,ra,0.0,-0.0,0.0,0.0,0.0,0.0,606.0431131751,606.0431131751,0.0,1115.98689128051,1115.98689128051,0.0,0
5.0,2.0,4.0,100.0,48295.9987384735,24204.9992554563,24090.9994830172,76993.1805753457,76993.1805753457,0.0,102115.051061861,link,0.0,0.0,0.0,0.0,0.0,0.0,2874.9889547956423,1115.98689128051,1759.0020635151322,3383.143946592924,1624.1418830777916,1759.0020635151322,0
6.0,2.0,0.0,101.0,17593.52882743976,9370.08985369332,8223.43897374644,12953.2423996405,0.0,12953.2423996405,0.0,link,0.0,0.0,0.0,0.0,0.0,0.0,0.0,0.0,0.0,85.49139983762728,0.0,85.49139983762728,0
6.0,0.0,74.0,102.0,9440.70012643683,9440.70012643683,0.0,2312.55832321132,2312.55832321132,0.0,1229.56192943354,ra,0.0,-0.0,0.0,0.0,0.0,0.0,0.0,0.0,0.0,15.262884933194709,15.262884933194709,0.0,0
6.0,1.0,73.0,103.0,8534.074407472,0.0,8534.074407472,24039.8744350828,0.0,24039.8744350828,3961.10953120221,ra,44.0,0.0,44.0,2156.2167166235436,0.0,2156.2167166235436,1997.5535453519972,0.0,1997.5535453519972,0.0,0.0,0.0,1
6.0,0.0,72.0,104.0,9685.7540713875,9685.7540713875,0.0,6056.44894270489,6056.44894270489,0.0,4398.31801694572,ra,0.0,-0.0,0.0,0.0,0.0,0.0,15.262884933194709,15.262884933194709,0.0,55.23544795504698,55.23544795504698,0.0,0
6.0,1.0,78.0,105.0,13533.1360897293,0.0,13533.1360897293,28618.48831192,0.0,28618.48831192,19100.037855584,ra,0.0,0.0,-0.0,0.0,0.0,0.0,1808.6715224933253,0.0,1808.6715224933253,1997.5535453519972,0.0,1997.5535453519972,0
6.0,0.0,77.0,106.0,14150.2103751211,14150.2103751211,0.0,36073.4762370388,36073.4762370388,0.0,19123.3135023805,ra,0.0,-0.0,0.0,0.0,0.0,0.0,55.23544795504698,55.23544795504698,0.0,293.32039111950303,293.32039111950303,0.0,0
6.0,0.0,84.0,107.0,14015.5507215474,14015.5507215474,0.0,20523.6910565088,20523.6910565088,0.0,26419.7471579885,ra,0.0,-0.0,0.0,0.0,0.0,0.0,293.32039111950303,293.32039111950303,0.0,428.7767520924611,428.7767520924611,0.0,0
6.0,1.0,85.0,108.0,13577.8216299661,0.0,13577.8216299661,29374.4573384153,0.0,29374.4573384153,26439.3379118163,ra,0.0,0.0,-0.0,0.0,0.0,0.0,1614.800104059784,0.0,1614.800104059784,1808.6715224933253,0.0,1808.6715224933253,0
6.0,0.0,90.0,109.0,14458.3667880935,14458.3667880935,0.0,14488.6025679174,14488.6025679174,0.0,31550.905729363,ra,0.0,-0.0,0.0,0.0,0.0,0.0,428.7767520924611,428.7767520924611,0.0,524.4015290407159,524.4015290407159,0.0,0
6.0,1.0,92.0,110.0,14091.1965122171,0.0,14091.1965122171,16065.7534271718,0.0,16065.7534271718,32304.5420789757,ra,0.0,0.0,-0.0,0.0,0.0,0.0,1508.7661314404502,0.0,1508.7661314404502,1614.800104059784,0.0,1614.800104059784,0
6.0,2.0,98.0,111.0,30972.8842403762,15986.2762154003,14986.6080249759,53330.90054941049,33425.7512662432,19905.1492831673,42213.9465999939,ra,1.0,1.0,0.0,15.498624879117754,2.2972029682932775e-06,15.498622581914786,1917.2922977941766,524.4015290407159,1392.8907687534606,2253.7776165411683,745.011485100718,1508.7661314404502,1
6.0,1.0,104.0,112.0,17237.3205627434,0.0,17237.3205627434,34298.2284088288,0.0,34298.2284088288,51171.1374208719,ra,0.0,0.0,-0.0,0.0,0.0,0.0,1166.5224612551906,0.0,1166.5224612551906,1392.8907687534606,0.0,1392.8907687534606,0
6.0,0.0,105.0,113.0,20384.4498952667,20384.4498952667,0.0,47000.4083530959,47000.4083530959,0.0,55341.5561750109,ra,0.0,-0.0,0.0,0.0,0.0,0.0,745.011485100718,745.011485100718,0.0,1055.214180231151,1055.214180231151,0.0,0
6.0,1.0,106.0,114.0,19799.8525288606,0.0,19799.8525288606,6627.56512262276,0.0,6627.56512262276,57703.6588402105,ra,0.0,0.0,-0.0,0.0,0.0,0.0,1122.7805314458806,0.0,1122.7805314458806,1166.5224612551906,0.0,1166.5224612551906,0
6.0,0.0,108.0,115.0,22330.7026330019,22330.7026330019,0.0,16822.4294753507,16822.4294753507,0.0,59273.6377198263,ra,0.0,-0.0,0.0,0.0,0.0,0.0,1055.214180231151,1055.214180231151,0.0,1166.2422147684656,1166.2422147684656,0.0,0
6.0,2.0,3.0,116.0,43852.3829830634,22912.2538280909,20940.1291549725,7254.95365633483,7254.95365633483,0.0,60876.2242421798,link,0.0,0.0,0.0,0.0,0.0,0.0,2289.022746214346,1166.2422147684656,1122.7805314458806,2336.905440346156,1214.1249089002754,1122.7805314458806,0
7.0,2.0,0.0,117.0,11819.72883309257,5668.99952865367,6150.7293044389,20183.9878116345,0.0,20183.9878116345,0.0,link,0.0,0.0,0.0,0.0,0.0,0.0,0.0,0.0,0.0,133.21431955678767,0.0,133.21431955678767,0
7.0,2.0,96.0,118.0,16750.43996107374,8281.7922636936,8468.64769738014,34855.99460973138,8787.48726450068,26068.5073452307,6667.95544755655,ra,31.0,31.0,0.0,1538.743915959963,57.99741594570448,1480.7465000142586,1308.694351535736,0.0,1308.694351535736,0.0,0.0,0.0,1
7.0,2.0,97.0,119.0,16803.00194301874,8309.64474409952,8493.35719891922,179.5115985862136,88.7645506722473,90.7470479139663,6721.47492677825,ra,0.0,0.0,-0.0,0.0,0.0,0.0,1308.0954210195036,0.0,1308.0954210195036,1309.2801975701727,0.5858460344368321,1308.694351535736,0
7.0,0.0,100.0,120.0,13554.3161042731,13554.3161042731,0.0,22068.9577674959,22068.9577674959,0.0,18033.1308843645,ra,0.0,-0.0,0.0,0.0,0.0,0.0,0.5858460344368321,0.5858460344368321,0.0,146.24096729990976,146.24096729990976,0.0,0
7.0,1.0,103.0,121.0,15944.2118325408,0.0,15944.2118325408,9291.39730848557,0.0,9291.39730848557,19154.1734195509,ra,0.0,0.0,-0.0,0.0,0.0,0.0,1246.7721987834989,0.0,1246.7721987834989,1308.0954210195036,0.0,1308.0954210195036,0
7.0,2.0,2.0,122.0,31479.2646876848,14962.6751347339,16516.5895529509,21458.7834029422,21458.7834029422,0.0,25294.5418793567,link,0.0,0.0,0.0,0.0,0.0,0.0,1393.0131660834086,146.24096729990976,1246.7721987834989,1534.641136542827,287.8689377593283,1246.7721987834989,0
8.0,2.0,2.0,123.0,14782.3695846428,7482.84754160049,7299.52204304231,11430.7034650488,0.0,11430.7034650488,0.0,link,0.0,0.0,0.0,0.0,0.0,0.0,668.2150641000192,594.17089037669,74.04417372332924,743.6577069693412,594.17089037669,149.4868165926513,0
8.0,1.0,107.0,124.0,6958.35099573627,0.0,6958.35099573627,8187.35383983322,0.0,8187.35383983322,2119.20843181615,ra,0.0,0.0,-0.0,0.0,0.0,0.0,20.007638380429984,0.0,20.007638380429984,74.04417372332924,0.0,74.04417372332924,0
8.0,2.0,111.0,125.0,9208.20636712835,4168.18387658208,5040.02249054627,13642.41603114191,10610.9556704707,3031.46036067121,9055.82449812222,ra,14.0,14.0,0.0,664.2031978017966,664.2031978017966,0.0,594.17089037669,594.17089037669,0.0,20.007638380429984,0.0,20.007638380429984,1
8.0,2.0,0.0,126.0,9708.89067456805,5120.67365793185,4588.2170166362,11152.0763011101,11152.0763011101,0.0,21173.6853058851,link,0.0,0.0,0.0,0.0,0.0,0.0,0.0,0.0,0.0,73.60370358732665,73.60370358732665,0.0,0
9.0,2.0,2.0,127.0,31818.42313617,16104.8835451968,15713.5395909732,24002.8723755815,0.0,24002.8723755815,0.0,link,0.0,0.0,0.0,0.0,0.0,0.0,2180.9190151289586,706.9561792653163,1473.9628358636423,2339.3379728077966,706.9561792653163,1632.3817935424802,0
9.0,0.0,109.0,128.0,17929.3338177348,17929.3338177348,0.0,22233.1620305147,22233.1620305147,0.0,6516.74421097716,ra,0.0,-0.0,0.0,0.0,0.0,0.0,706.9561792653163,706.9561792653163,0.0,853.6950486667133,853.6950486667133,0.0,0
9.0,1.0,110.0,129.0,16715.7243720159,0.0,16715.7243720159,41226.6104824692,0.0,41226.6104824692,6527.40648559258,ra,0.0,0.0,-0.0,0.0,0.0,0.0,1201.8672066793458,0.0,1201.8672066793458,1473.9628358636423,0.0,1473.9628358636423,0
9.0,2.0,116.0,130.0,36693.0558776816,18116.8086480647,18576.2472296169,63152.2314406059,31926.6763387178,31225.5551018881,15445.3717833973,ra,9.0,0.0,9.0,450.0,228.6826886652061,221.31731133479394,2070.790903008392,853.6950486667133,1217.0958543416784,2037.5956305163904,835.7284238370447,1201.8672066793458,1
9.0,0.0,122.0,131.0,18771.2912047982,18771.2912047982,0.0,23153.4482354074,23153.4482354074,0.0,21672.6218089021,ra,0.0,-0.0,0.0,0.0,0.0,0.0,835.7284238370447,835.7284238370447,0.0,988.5411821907336,988.5411821907336,0.0,0
9.0,1.0,123.0,132.0,18688.6310780343,0.0,18688.6310780343,21124.15986731,0.0,21124.15986731,26271.1343633983,ra,0.0,0.0,-0.0,0.0,0.0,0.0,1077.6763992174324,0.0,1077.6763992174324,1217.0958543416784,0.0,1217.0958543416784,0
9.0,2.0,7.0,133.0,31601.8542643027,15291.9117888883,16309.9424754144,39693.1511032681,39693.1511032681,0.0,33157.1268468838,link,0.0,0.0,0.0,0.0,0.0,0.0,2066.217581408166,988.5411821907336,1077.6763992174324,2328.1923786897355,1250.5159794723031,1077.6763992174324,0
10.0,2.0,3.0,134.0,31606.6695639389,16070.5474552074,15536.1221087315,876.281378643092,0.0,876.281378643092,0.0,link,0.0,0.0,0.0,0.0,0.0,0.0,1730.2081576548549,1099.3519291257446,630.8562285291102,1735.991615661619,1099.3519300334644,636.6396856281547,0
10.0,2.0,112.0,135.0,20482.292071415,10386.9656808517,10095.3263905633,77199.5674356368,39212.351587896,37987.2158477408,14793.4065314786,ra,15.0,15.0,0.0,734.5013774180852,509.0331609668073,225.46821645127793,1704.9607504187634,1099.3519300334644,605.6088203852989,1479.976518075881,849.1202895467706,630.8562285291102,1
10.0,2.0,4.0,136.0,20473.6189956967,10382.5344994114,10091.0844962853,901.5928066001,901.5928066001,0.0,15227.5355211014,link,0.0,0.0,0.0,0.0,0.0,0.0,1454.7291099320696,849.1202895467706,605.6088203852989,1460.6796224556301,855.0708020703312,605.6088203852989,0
11.0,2.0,3.0,137.0,48420.0541429227,24599.8231829302,23820.2309599925,25396.4262763502,0.0,25396.4262763502,0.0,link,0.0,0.0,0.0,0.0,0.0,0.0,2314.9133598533253,1055.580953617021,1259.3324062363042,2482.5297732772365,1055.580953617021,1426.9488196602156,0
11.0,2.0,113.0,138.0,48814.9931722971,24295.4347117739,24519.5584605232,67768.1645842998,34032.6255473008,33735.539036999,6967.48714814497,ra,15.0,0.0,15.0,750.0000000000173,225.43328691512994,524.5667130848874,2616.825515294019,1055.580953617021,1561.2445616769985,2314.0954015503803,1054.7629953140763,1259.3324062363042,1
11.0,0.0,117.0,139.0,22023.285967337,22023.285967337,0.0,32076.4664664123,32076.4664664123,0.0,13790.4538038903,ra,0.0,-0.0,0.0,0.0,0.0,0.0,1054.7629953140763,1054.7629953140763,0.0,1266.4676739923975,1266.4676739923975,0.0,0
11.0,1.0,118.0,140.0,22284.9266194441,0.0,22284.9266194441,33701.8886644055,0.0,33701.8886644055,14053.3882390507,ra,0.0,0.0,0.0,0.0,0.0,0.0,1338.812096491922,0.0,1338.812096491922,1561.2445616769985,0.0,1561.2445616769985,0
11.0,2.0,5.0,141.0,42919.8251598076,21285.3584845686,21634.466675239,26141.2234576225,26141.2234576225,0.0,19878.6900646546,link,0.0,0.0,0.0,0.0,0.0,0.0,2605.2797704843197,1266.4676739923975,1338.812096491922,2777.811845304628,1438.999748812706,1338.812096491922,0
12.0,2.0,4.0,142.0,53131.6723320628,26537.1834811746,26594.4888508882,31246.4886001598,0.0,31246.4886001598,0.0,link,0.0,0.0,0.0,0.0,0.0,0.0,3291.9683053751924,1459.3444448298005,1832.6238605453918,3498.195130136247,1459.3444448298005,2038.8506853064464,0
12.0,0.0,120.0,143.0,22288.895823896,22288.895823896,0.0,67285.1539459114,67285.1539459114,0.0,13722.6357161214,ra,3.0,3.0,0.0,128.69657518636524,128.69657518636524,0.0,1459.3444448298005,1459.3444448298005,0.0,1774.7298856864504,1774.7298856864504,0.0,1
12.0,1.0,119.0,144.0,22492.6689728353,0.0,22492.6689728353,67871.846063942,0.0,67871.846063942,13775.3691799331,ra,0.0,0.0,-0.0,0.0,0.0,0.0,1384.669676523375,0.0,1384.669676523375,1832.6238605453918,0.0,1832.6238605453918,0
12.0,2.0,5.0,145.0,44751.0771921405,22273.0392762582,22478.0379158823,31196.8175846597,31196.8175846597,0.0,20725.0958331826,link,0.0,0.0,0.0,0.0,0.0,0.0,3159.3995622098255,1774.7298856864504,1384.669676523375,3365.2985582685797,1980.6288817452046,1384.669676523375,0
13.0,2.0,4.0,146.0,25987.610544625597,13119.3784455626,12868.232099063,24107.6698093879,0.0,24107.6698093879,0.0,link,0.0,0.0,0.0,0.0,0.0,0.0,1673.2883363458575,1263.2534994060777,410.03483693977984,1832.3989570878177,1263.2534994060777,569.14545768174,0
13.0,1.0,115.0,147.0,10655.0818315375,0.0,10655.0818315375,174.572023941899,0.0,174.572023941899,12655.9421841123,ra,0.0,0.0,-0.0,0.0,0.0,0.0,408.88266158176333,0.0,408.88266158176333,410.03483693977984,0.0,410.03483693977984,0
13.0,0.0,114.0,148.0,11183.6183451154,11183.6183451154,0.0,31110.6271871052,31110.6271871052,0.0,12725.5782136216,ra,0.0,-0.0,0.0,3.552713678800501e-15,3.552713678800501e-15,0.0,1263.2534994060777,1263.2534994060777,0.0,1468.583638840972,1468.583638840972,0.0,0
13.0,2.0,121.0,149.0,13974.00634747334,7033.00411775856,6941.00222971478,106391.78724612939,44439.8688246501,61951.9184214793,36309.8952864744,ra,64.0,64.0,0.0,3172.6876221572693,1761.8867730836628,1410.8008490736067,2879.384487914579,1468.583638840972,1410.8008490736067,408.88266158176333,0.0,408.88266158176333,1
13.0,1.0,129.0,150.0,7362.49465739319,0.0,7362.49465739319,13229.9521865053,0.0,13229.9521865053,54986.8926639146,ra,0.0,0.0,-0.0,0.0,0.0,0.0,1323.4831646426717,0.0,1323.4831646426717,1410.8008490736067,0.0,1410.8008490736067,0
13.0,0.0,128.0,151.0,7963.31449008736,7963.31449008736,0.0,27912.16958586,27912.16958586,0.0,55258.2918559062,ra,0.0,-0.0,0.0,0.0,0.0,0.0,0.0,0.0,0.0,184.220319266676,184.220319266676,0.0,0
13.0,1.0,127.0,152.0,11309.7143794641,0.0,11309.7143794641,17886.2152026232,0.0,17886.2152026232,66083.6762164012,ra,0.0,0.0,-0.0,0.0,0.0,0.0,1205.4341443053584,0.0,1205.4341443053584,1323.4831646426717,0.0,1323.4831646426717,0
13.0,0.0,126.0,153.0,11768.8795544372,11768.8795544372,0.0,18226.4007565125,18226.4007565125,0.0,66152.7749055271,ra,0.0,-0.0,0.0,0.0,0.0,0.0,184.220319266676,184.220319266676,0.0,304.51456425965847,304.51456425965847,0.0,0
13.0,1.0,131.0,154.0,13063.1309770766,0.0,13063.1309770766,30671.8435925205,0.0,30671.8435925205,77946.0497397112,ra,0.0,0.0,-0.0,0.0,0.0,0.0,1002.999976594723,0.0,1002.999976594723,1205.4341443053584,0.0,1205.4341443053584,0
13.0,0.0,132.0,155.0,13332.5048339698,13332.5048339698,0.0,31866.5990943388,31866.5990943388,0.0,78200.6092463489,ra,0.0,-0.0,0.0,0.0,0.0,0.0,304.51456425965847,304.51456425965847,0.0,514.8341182822945,514.8341182822945,0.0,0
13.0,2.0,141.0,156.0,20915.585370117602,10623.7234191176,10291.861951,34934.66004003699,17686.9496121317,17247.7104279053,85720.8848871018,ra,13.0,0.0,13.0,637.4976147604696,310.22923986826964,327.2683748921999,1731.2675809450425,514.8341182822945,1216.433462662748,1324.338722448817,321.3387458540941,1002.999976594723,1
13.0,1.0,144.0,157.0,10312.6666929756,0.0,10312.6666929756,26517.4055540081,0.0,26517.4055540081,92148.0377185692,ra,0.0,0.0,-0.0,0.0,0.0,0.0,1041.4185860062946,0.0,1041.4185860062946,1216.433462662748,0.0,1216.433462662748,0
13.0,0.0,146.0,158.0,10682.0887260768,10682.0887260768,0.0,17722.2697365695,17722.2697365695,0.0,94057.5406178836,ra,0.0,-0.0,0.0,0.0,0.0,0.0,321.3387458540941,321.3387458540941,0.0,438.3057261154528,438.3057261154528,0.0,0
13.0,0.0,153.0,159.0,10865.4133062023,10865.4133062023,0.0,26782.2661808343,26782.2661808343,0.0,106351.198252807,ra,0.0,-0.0,0.0,0.0,0.0,0.0,438.3057261154528,438.3057261154528,0.0,615.0686829089591,615.0686829089591,0.0,0
13.0,1.0,165.0,160.0,10841.3914265234,0.0,10841.3914265234,42880.066834124,0.0,42880.066834124,121193.591490271,ra,0.0,0.0,-0.0,0.0,0.0,0.0,758.4101449010763,0.0,758.4101449010763,1041.4185860062946,0.0,1041.4185860062946,0
13.0,2.0,166.0,161.0,21769.3135715549,10924.7717317326,10844.5418398223,61748.019858066196,31757.2041283557,29990.8157297105,121274.128299309,ra,2.0,0.0,2.0,87.74692189819723,0.0,87.74692189819723,1263.2863667998631,615.0686829089591,648.217683890904,1583.0763750571828,824.6662301561066,758.4101449010763,1
13.0,2.0,8.0,162.0,20326.8379673694,10049.6549230906,10277.1830442788,23999.4133765245,23999.4133765245,0.0,132616.969219855,link,0.0,0.0,0.0,0.0,0.0,0.0,1472.8839140470106,824.6662301561066,648.217683890904,1631.2800423320723,983.0623584411683,648.217683890904,0
14.0,2.0,5.0,163.0,94497.8226477467,47019.266876753,47478.5557709937,18726.8504151593,0.0,18726.8504151593,0.0,link,0.0,0.0,0.0,0.0,0.0,0.0,5058.483731116417,2939.1139006995413,2119.369830416876,5182.080943856468,2939.1139006995413,2242.9670431569275,0
14.0,0.0,125.0,164.0,46935.1899031602,46935.1899031602,0.0,43495.7749008434,43495.7749008434,0.0,4629.48262057162,ra,13.0,13.0,0.0,649.9999999999999,649.9999999999999,0.0,2939.1139006995413,2939.1139006995413,0.0,2576.1860150451075,2576.1860150451075,0.0,1
14.0,1.0,124.0,165.0,47664.7520038718,0.0,47664.7520038718,44086.4914897388,0.0,44086.4914897388,4633.73189838993,ra,10.0,0.0,10.0,500.0,0.0,500.0,2328.3989865846,0.0,2328.3989865846,2119.369830416876,0.0,2119.369830416876,1
14.0,2.0,6.0,166.0,94641.6911720278,46900.6207445268,47741.070427501,18458.3884100412,18458.3884100412,0.0,6596.60038925666,link,0.0,0.0,0.0,0.0,0.0,0.0,4904.585001629708,2576.1860150451075,2328.3989865846,5026.41036513598,2698.0113785513795,2328.3989865846,0
15.0,2.0,6.0,167.0,75207.4913410466,44538.3019109056,30669.189430141,37697.0030363307,0.0,37697.0030363307,0.0,link,0.0,0.0,0.0,0.0,0.0,0.0,3889.3969318969907,3029.3424519530436,860.0544799439472,4138.197152667635,3029.3424526839053,1108.85469998373,0
15.0,1.0,135.0,168.0,16721.3274524539,0.0,16721.3274524539,130311.284839992,0.0,130311.284839992,25738.7432238461,ra,0.0,0.0,-0.0,0.0,0.0,0.0,0.0,0.0,0.0,860.0544799439472,0.0,860.0544799439472,0
15.0,0.0,136.0,169.0,16271.068415411,16271.068415411,0.0,157829.465818351,157829.465818351,0.0,25740.9022185623,ra,82.0,82.0,0.0,4071.016927085022,4071.016927085022,0.0,3029.3424526839053,3029.3424526839053,0.0,0.0,0.0,0.0,1
15.0,2.0,0.0,170.0,10998.09198493645,5379.56194516866,5618.53003976779,36500.2514099417,36500.2514099417,0.0,48631.178555929,link,0.0,0.0,0.0,0.0,0.0,0.0,0.0,0.0,0.0,240.90165930561523,240.90165930561523,0.0,0
16.0,2.0,6.0,171.0,79740.5667298025,40135.9531021025,39604.6136277,56017.9116263197,0.0,56017.9116263197,0.0,link,0.0,0.0,0.0,0.0,0.0,0.0,4751.786020825014,1785.3144387780947,2966.471582046919,5121.504237558724,1785.3144387780947,3336.189798780629,0
16.0,1.0,137.0,172.0,29014.9759926702,0.0,29014.9759926702,83893.2413221206,0.0,83893.2413221206,12316.8385533337,ra,8.0,0.0,8.0,399.99999999999994,0.0,399.99999999999994,2812.776189320923,0.0,2812.776189320923,2966.471582046919,0.0,2966.471582046919,1
16.0,0.0,138.0,173.0,29278.0080852545,29278.0080852545,0.0,91715.7564521452,91715.7564521452,0.0,12575.9466885105,ra,0.0,-0.0,0.0,0.0,0.0,0.0,1785.3144387780947,1785.3144387780947,0.0,2390.638431362261,2390.638431362261,0.0,0
16.0,1.0,142.0,174.0,27688.6509021466,0.0,27688.6509021466,63006.5586717228,0.0,63006.5586717228,16134.1141427644,ra,0.0,0.0,-0.0,0.0,0.0,0.0,2396.9329020875525,0.0,2396.9329020875525,2812.776189320923,0.0,2812.776189320923,0
16.0,1.0,143.0,175.0,27113.7325928473,0.0,27113.7325928473,72589.6670074587,0.0,72589.6670074587,21914.8582594722,ra,0.0,0.0,-0.0,0.0,0.0,0.0,1917.8410998383251,0.0,1917.8410998383251,2396.9329020875525,0.0,2396.9329020875525,0
16.0,0.0,145.0,176.0,28145.026567285,28145.026567285,0.0,72859.904959997,72859.904959997,0.0,25449.0803158335,ra,2.0,2.0,0.0,99.99999934137924,99.99999934137924,0.0,2390.638431362261,2390.638431362261,0.0,2771.5138047568616,2771.5138047568616,0.0,1
16.0,1.0,148.0,177.0,25731.8558288299,0.0,25731.8558288299,94621.5376393873,0.0,94621.5376393873,32933.7519739179,ra,0.0,0.0,-0.0,0.0,0.0,0.0,1293.3389514183689,0.0,1293.3389514183689,1917.8410998383251,0.0,1917.8410998383251,0
16.0,0.0,152.0,178.0,26253.796275777,26253.796275777,0.0,70599.7566192532,70599.7566192532,0.0,38451.5895162813,ra,3.0,3.0,0.0,150.0,150.0,0.0,2771.5138047568616,2771.5138047568616,0.0,3087.4721984439325,3087.4721984439325,0.0,1
16.0,1.0,154.0,179.0,24880.2140787093,0.0,24880.2140787093,24577.3763939493,0.0,24577.3763939493,44683.895016081,ra,0.0,0.0,-0.0,0.0,0.0,0.0,1131.1282672183036,0.0,1131.1282672183036,1293.3389514183689,0.0,1293.3389514183689,0
16.0,0.0,159.0,180.0,25418.7221777421,25418.7221777421,0.0,56801.6159392716,56801.6159392716,0.0,49497.4689014342,ra,7.0,7.0,0.0,350.00000000000006,350.00000000000006,0.0,3087.4721984439325,3087.4721984439325,0.0,3112.362863643126,3112.362863643126,0.0,1
16.0,1.0,160.0,181.0,25469.3693020146,0.0,25469.3693020146,59349.9121330718,0.0,59349.9121330718,49565.5184208006,ra,0.0,0.0,-0.0,0.0,0.0,0.0,739.4188471400298,0.0,739.4188471400298,1131.1282672183036,0.0,1131.1282672183036,0
16.0,1.0,171.0,182.0,26935.5497477119,0.0,26935.5497477119,58941.5213126196,0.0,58941.5213126196,67595.9687520987,ra,0.0,0.0,-0.0,0.0,0.0,0.0,350.40480647674053,0.0,350.40480647674053,739.4188471400298,0.0,739.4188471400298,0
16.0,0.0,174.0,183.0,27462.4751098044,27462.4751098044,0.0,101142.052749134,101142.052749134,0.0,68666.0746432526,ra,18.0,18.0,0.0,900.0000000000001,900.0000000000001,0.0,3112.362863643126,3112.362863643126,0.0,2879.9004117874097,2879.9004117874097,0.0,1
16.0,1.0,178.0,184.0,27163.1527528195,0.0,27163.1527528195,31537.4824078932,0.0,31537.4824078932,81021.8926734055,ra,0.0,0.0,-0.0,0.0,0.0,0.0,142.25742258464547,0.0,142.25742258464547,350.40480647674053,0.0,350.40480647674053,0
16.0,0.0,187.0,185.0,29187.9984476255,29187.9984476255,0.0,133078.562065394,133078.562065394,0.0,92123.379066016,ra,9.0,9.0,0.0,450.0000000000001,450.0000000000001,0.0,2879.9004117874097,2879.9004117874097,0.0,3308.21892141901,3308.21892141901,0.0,1
16.0,1.0,188.0,186.0,28376.9986665812,0.0,28376.9986665812,21554.1549370675,0.0,21554.1549370675,92203.5095301381,ra,0.0,0.0,-0.0,0.0,0.0,0.0,0.0,0.0,0.0,142.25742258464547,0.0,142.25742258464547,0
16.0,2.0,194.0,187.0,71124.20344709541,35553.8279012094,35570.375545886,175104.794376022,85992.7754667718,89112.0189092502,106046.116569043,ra,74.0,0.0,74.0,3666.8669951883267,1398.8658536038438,2268.001141584483,4988.080738202441,3308.21892141901,1679.8618167834313,2476.9053858958605,2476.9053858958605,0.0,1
16.0,2.0,12.0,188.0,71147.99996754559,35564.9999847632,35582.9999827824,55989.7431175008,55989.7431175008,0.0,113917.810760995,link,0.0,0.0,0.0,0.0,0.0,0.0,4156.767202679292,2476.9053858958605,1679.8618167834313,4526.299507254797,2846.437690471366,1679.8618167834313,0
18.0,2.0,7.0,191.0,26949.9999999978,13587.9999999988,13361.999999999,25247.0177737235,0.0,25247.0177737235,0.0,link,0.0,0.0,0.0,0.0,0.0,0.0,2184.6049223887885,835.5312398042616,1349.073682584527,2351.235239695364,835.5312398042616,1515.703999891102,0
18.0,0.0,139.0,192.0,13587.9186189986,13587.9186189986,0.0,33475.6574390956,33475.6574390956,0.0,12318.1380453438,ra,0.0,-0.0,0.0,0.0,0.0,0.0,835.5312398042616,835.5312398042616,0.0,1056.4705789022926,1056.4705789022926,0.0,0
18.0,1.0,140.0,193.0,13361.9322654755,0.0,13361.9322654755,72402.660427751,0.0,72402.660427751,12346.3056788137,ra,0.0,0.0,-0.0,0.0,0.0,0.0,871.2161237613702,0.0,871.2161237613702,1349.073682584527,0.0,1349.073682584527,0
18.0,2.0,147.0,194.0,21133.145613699402,10354.0731302489,10779.0724834505,61981.2795290299,35469.2818691713,26511.9976598586,27186.3293839123,ra,8.0,8.0,0.0,400.0,400.0,0.0,1752.707518108596,1056.4705789022926,696.2369392063034,1761.7839630001936,890.5678392388232,871.2161237613702,1
18.0,1.0,151.0,195.0,10817.8434695675,0.0,10817.8434695675,12404.6496275872,0.0,12404.6496275872,33051.8075491023,ra,0.0,0.0,-0.0,0.0,0.0,0.0,614.3662516642279,0.0,614.3662516642279,696.2369392063034,0.0,696.2369392063034,0
18.0,1.0,155.0,196.0,12387.6872636234,0.0,12387.6872636234,41592.2753993848,0.0,41592.2753993848,43226.7291306564,ra,0.0,0.0,-0.0,0.0,0.0,0.0,339.85723402828825,0.0,339.85723402828825,614.3662516642279,0.0,614.3662516642279,0
18.0,0.0,156.0,197.0,11585.3862732974,11585.3862732974,0.0,35084.2185836153,35084.2185836153,0.0,43271.6778334303,ra,0.0,0.0,0.0,0.0,0.0,0.0,890.5678392388232,890.5678392388232,0.0,1122.123681890684,1122.123681890684,0.0,0
18.0,1.0,158.0,198.0,11682.0168018291,0.0,11682.0168018291,14605.2394731254,0.0,14605.2394731254,49245.074030708,ra,0.0,0.0,-0.0,0.0,0.0,0.0,243.4626535056606,0.0,243.4626535056606,339.85723402828825,0.0,339.85723402828825,0
18.0,0.0,157.0,199.0,10952.7903248772,10952.7903248772,0.0,20251.5452871353,20251.5452871353,0.0,52243.2225994162,ra,0.0,-0.0,0.0,0.0,0.0,0.0,1122.123681890684,1122.123681890684,0.0,1255.783880785777,1255.783880785777,0.0,0
18.0,1.0,161.0,200.0,8533.4929596628,0.0,8533.4929596628,24236.9624499093,0.0,24236.9624499093,69644.2700043588,ra,0.0,0.0,-0.0,0.0,0.0,0.0,83.49870133625922,0.0,83.49870133625922,243.4626535056606,0.0,243.4626535056606,0
18.0,0.0,162.0,201.0,8972.23316325207,8972.23316325207,0.0,35053.1448326828,35053.1448326828,0.0,69682.0105996121,ra,0.0,0.0,0.0,0.0,0.0,0.0,1255.783880785777,1255.783880785777,0.0,1487.1346366814835,1487.1346366814835,0.0,0
18.0,2.0,167.0,202.0,17024.72901544851,8263.2955761644,8761.43343928411,24914.051197294502,12262.7328130128,12651.3183842817,76811.9776614867,ra,19.0,0.0,19.0,950.0000000000002,656.4705789022927,293.5294210977075,1780.664057779191,1487.1346366814835,293.5294210977075,995.0967956813347,911.5980943450755,83.49870133625922,1
18.0,0.0,175.0,203.0,7912.19781312535,7912.19781312535,0.0,24398.9554548074,24398.9554548074,0.0,91803.7907317536,ra,0.0,-0.0,0.0,0.0,0.0,0.0,911.5980943450755,911.5980943450755,0.0,1072.6312003468045,1072.6312003468045,0.0,0
18.0,1.0,176.0,204.0,8875.83878859374,0.0,8875.83878859374,35715.6984760086,0.0,35715.6984760086,91872.4611970398,ra,0.0,0.0,-0.0,0.0,0.0,0.0,57.805811156050744,0.0,57.805811156050744,293.5294210977075,0.0,293.5294210977075,0
18.0,2.0,190.0,205.0,47292.9371799686,22515.082655355,24777.8545246136,95089.04874416921,62094.805880694,32994.2428634752,121334.732705969,ra,34.0,34.0,0.0,1700.0,620.1034943569699,1079.89650564303,1992.571514246949,1072.6312003468045,919.9403139001444,920.1592359584654,862.3534248024147,57.805811156050744,1
18.0,2.0,11.0,206.0,53098.002767233804,24816.3642256391,28281.6385415947,22501.5672879359,22501.5672879359,0.0,126075.531741563,link,0.0,0.0,0.0,0.0,0.0,0.0,1782.293738702559,862.3534248024147,919.9403139001444,1930.8040828029361,1010.8637689027917,919.9403139001444,0
19.0,2.0,7.0,207.0,19888.0,9830.0,10058.0,4268.91694,0.0,4268.91694,0.0,link,0.0,0.0,0.0,0.0,0.0,0.0,1308.622058377711,1094.904625261711,213.717433116,1336.7969101817112,1094.904625261711,241.89228492,0
19.0,1.0,130.0,208.0,10058.0,0.0,10058.0,17404.16204,0.0,17404.16204,7445.46706764246,ra,0.0,0.0,-0.0,0.0,0.0,0.0,98.84996365199999,0.0,98.84996365199999,213.717433116,0.0,213.717433116,0
19.0,0.0,134.0,209.0,9830.0,9830.0,0.0,31635.2992,31635.2992,0.0,16091.2031866585,ra,27.0,27.0,0.0,1303.697599981711,1303.697599981711,0.0,1094.904625261711,1094.904625261711,0.0,0.0,0.0,0.0,1
19.0,1.0,133.0,210.0,10058.0,0.0,10058.0,14977.26722,0.0,14977.26722,16097.3995823694,ra,0.0,0.0,-0.0,0.0,0.0,0.0,0.0,0.0,0.0,98.84996365199999,0.0,98.84996365199999,0
19.0,2.0,0.0,211.0,19888.0,9830.0,10058.0,4184.3361,4184.3361,0.0,18219.577121931,link,0.0,0.0,0.0,0.0,0.0,0.0,0.0,0.0,0.0,27.616618260000003,27.616618260000003,0.0,0
20.0,2.0,0.0,212.0,19481.0003447438,9701.00019990513,9780.00014483867,31718.9360412727,0.0,31718.9360412727,0.0,link,0.0,0.0,0.0,0.0,0.0,0.0,0.0,0.0,0.0,209.34497787239982,0.0,209.34497787239982,0
20.0,1.0,149.0,213.0,9780.00074312627,0.0,9780.00074312627,41311.2760660871,0.0,41311.2760660871,1524.74512441346,ra,23.0,0.0,23.0,1132.332309636656,0.0,1132.332309636656,859.677887600481,0.0,859.677887600481,0.0,0.0,0.0,1
20.0,0.0,150.0,214.0,9701.00332077514,9701.00332077514,0.0,5083.71262198212,5083.71262198212,0.0,2620.22338885237,ra,0.0,-0.0,0.0,0.0,0.0,0.0,0.0,0.0,0.0,33.55250330508199,33.55250330508199,0.0,0
20.0,0.0,163.0,215.0,10133.9989103389,10133.9989103389,0.0,38952.505983054,38952.505983054,0.0,22308.8999344534,ra,0.0,-0.0,0.0,0.0,0.0,0.0,33.55250330508199,33.55250330508199,0.0,290.63904279323833,290.63904279323833,0.0,0
20.0,1.0,164.0,216.0,10094.128472639,0.0,10094.128472639,2982.31331156508,0.0,2982.31331156508,22364.4498639692,ra,1.0,0.0,1.0,17.281287572550205,0.0,17.281287572550205,857.2759073167017,0.0,857.2759073167017,859.677887600481,0.0,859.677887600481,1
20.0,2.0,8.0,217.0,21962.979690817003,10983.9900500203,10978.9896407967,31884.879589547,31884.879589547,0.0,37253.2284842051,link,0.0,0.0,0.0,0.0,0.0,0.0,1147.91495010994,290.63904279323833,857.2759073167017,1358.3551554009503,501.07924808424855,857.2759073167017,0
21.0,2.0,8.0,218.0,21649.000000000102,11074.0,10575.0000000001,7431.68671999561,0.0,7431.68671999561,0.0,link,0.0,0.0,0.0,0.0,0.0,0.0,1296.764668713581,827.0922520937897,469.67241661979125,1345.813801065552,827.0922520937897,518.7215489717622,0
21.0,0.0,168.0,219.0,11074.0000000038,11074.0000000038,0.0,5284.5128000004,5284.5128000004,0.0,2386.04494997369,ra,0.0,-0.0,0.0,0.0,0.0,0.0,827.0922520937897,827.0922520937897,0.0,861.9700365737924,861.9700365737924,0.0,0
21.0,0.0,169.0,220.0,11074.000000012,11074.000000012,0.0,1386.57554000089,1386.57554000089,0.0,3012.12908443473,ra,0.0,-0.0,0.0,0.0,0.0,0.0,861.9700365737924,861.9700365737924,0.0,871.1214351377982,871.1214351377982,0.0,0
21.0,1.0,170.0,221.0,10575.0000000169,0.0,10575.0000000169,17781.8883775489,0.0,17781.8883775489,3039.09831202883,ra,0.0,0.0,-0.0,0.0,0.0,0.0,352.3119533279685,0.0,352.3119533279685,469.67241661979125,0.0,469.67241661979125,0
21.0,1.0,172.0,222.0,10575.0000113916,0.0,10575.0000113916,8256.88444286018,0.0,8256.88444286018,6552.72944512765,ra,0.0,0.0,-0.0,0.0,0.0,0.0,297.81651600509133,0.0,297.81651600509133,352.3119533279685,0.0,352.3119533279685,0
21.0,0.0,173.0,223.0,11074.0000108703,11074.0000108703,0.0,8128.86970117104,8128.86970117104,0.0,6682.42135103473,ra,0.0,0.0,0.0,0.0,0.0,0.0,871.1214351377982,871.1214351377982,0.0,924.7719751655271,924.7719751655271,0.0,0
21.0,1.0,177.0,224.0,11462.2327375431,0.0,11462.2327375431,24369.6785444533,0.0,24369.6785444533,17934.8030239513,ra,0.0,0.0,0.0,0.0,0.0,0.0,136.97663761169954,0.0,136.97663761169954,297.81651600509133,0.0,297.81651600509133,0
21.0,1.0,179.0,225.0,11511.932296797,0.0,11511.932296797,7431.26400122676,0.0,7431.26400122676,21523.4301002063,ra,0.0,0.0,-0.0,0.0,0.0,0.0,87.93029520360292,0.0,87.93029520360292,136.97663761169954,0.0,136.97663761169954,0
21.0,0.0,180.0,226.0,11776.9561689664,11776.9561689664,0.0,33780.0918498022,33780.0918498022,0.0,21602.960316319,ra,0.0,-0.0,0.0,0.0,0.0,0.0,924.7719751655271,924.7719751655271,0.0,1147.7205813742214,1147.7205813742214,0.0,0
21.0,2.0,183.0,227.0,23288.9999999286,11776.9999999694,11511.9999999592,24431.43923242101,18003.8484824192,6427.59075000181,29246.6421925882,ra,15.0,15.0,0.0,749.9999999999999,699.7966409539638,50.2033590460361,1243.4321366738486,1147.7205813742214,95.7115552996271,654.6796356078274,566.7493404042245,87.93029520360292,1
21.0,2.0,10.0,228.0,23288.9999999998,11776.9999999999,11511.9999999999,7602.76011999671,7602.76011999671,0.0,32474.4736101551,link,0.0,0.0,0.0,0.0,0.0,0.0,662.4608957038516,566.7493404042245,95.7115552996271,712.6391124958299,616.9275571962028,95.7115552996271,0
22.0,2.0,8.0,229.0,18089.34980232114,9293.63667702267,8795.71312529847,50832.0723555467,0.0,50832.0723555467,0.0,link,0.0,0.0,0.0,0.0,0.0,0.0,1196.6742489337794,601.2216193380855,595.4526295956938,1532.1659264803875,601.2216193380855,930.9443071423019,0
22.0,2.0,9.0,230.0,22551.7599214391,11229.4921808602,11322.2677405789,51972.8061182546,51972.8061182546,0.0,25496.1440920557,link,0.0,0.0,0.0,0.0,0.0,0.0,1196.6742489337794,601.2216193380855,595.4526295956938,1539.6947693142597,944.242139718566,595.4526295956938,0
24.0,2.0,9.0,233.0,25786.108144857702,12922.6073175015,12863.5008273562,6204.50134751721,0.0,6204.50134751721,0.0,link,0.0,0.0,0.0,0.0,0.0,0.0,1458.084590196313,884.6376852273611,573.4469049689518,1499.0342990899264,884.6376852273611,614.3966138625653,0
24.0,0.0,184.0,234.0,12911.6129537198,12911.6129537198,0.0,18090.429727144,18090.429727144,0.0,7001.12487688288,ra,2.0,2.0,0.0,100.0,100.0,0.0,884.6376852273611,884.6376852273611,0.0,904.0345205187915,904.0345205187915,0.0,1
24.0,1.0,186.0,235.0,12846.4691022428,0.0,12846.4691022428,33996.7215934133,0.0,33996.7215934133,7412.43177077668,ra,0.0,0.0,-0.0,0.0,0.0,0.0,349.068542452424,0.0,349.068542452424,573.4469049689518,0.0,573.4469049689518,0
24.0,1.0,189.0,236.0,12797.6950404071,0.0,12797.6950404071,8262.45858933682,0.0,8262.45858933682,10447.761196687,ra,0.0,0.0,-0.0,0.0,0.0,0.0,294.536315762801,0.0,294.536315762801,349.068542452424,0.0,349.068542452424,0
24.0,0.0,197.0,237.0,9570.73893282761,9570.73893282761,0.0,55115.4602453017,55115.4602453017,0.0,30840.5691895132,ra,3.0,3.0,0.0,149.99999909228,149.99999909228,0.0,904.0345205187915,904.0345205187915,0.0,1117.7965590455026,1117.7965590455026,0.0,1
24.0,1.0,198.0,238.0,9946.42620888775,0.0,9946.42620888775,44626.7145095153,0.0,44626.7145095153,30857.3340619152,ra,0.0,0.0,-0.0,0.0,0.0,0.0,0.0,0.0,0.0,294.536315762801,0.0,294.536315762801,0
24.0,2.0,210.0,239.0,15887.70615160749,7870.70573058493,8017.00042102256,90039.7330100835,43367.7917068959,46671.9413031876,55766.1486133563,ra,17.0,17.0,0.0,849.9999999999999,368.66264771676526,481.3373522832346,1291.0990987276991,1117.7965590455026,173.3025396821965,1035.3613365942504,1035.3613365942504,0.0,1
24.0,1.0,213.0,240.0,8321.88022874515,0.0,8321.88022874515,7786.61290276462,0.0,7786.61290276462,60869.9211900911,ra,0.0,0.0,-0.0,0.0,0.0,0.0,121.91089452395005,0.0,121.91089452395005,173.3025396821965,0.0,173.3025396821965,0
24.0,0.0,214.0,241.0,8366.57069978269,8366.57069978269,0.0,9134.05861319777,9134.05861319777,0.0,61482.2045354548,ra,0.0,-0.0,0.0,0.0,0.0,0.0,1035.3613365942504,1035.3613365942504,0.0,1095.6461234413555,1095.6461234413555,0.0,0
24.0,2.0,226.0,242.0,28294.0206982518,14163.5504368669,14130.4702613849,52155.546104176596,33092.1003001113,19063.4458040653,76000.7341358558,ra,27.0,0.0,27.0,1343.8772143849005,60.28478684710528,1283.5924275377952,2375.3307031962695,1095.6461234413555,1279.6845797549142,1375.6800930989348,1253.7691985749848,121.91089452395005,1
24.0,2.0,15.0,243.0,28738.6713502246,14383.3123439625,14355.3590062621,6217.55359002561,6217.55359002561,0.0,78175.474803374,link,0.0,0.0,0.0,0.0,0.0,0.0,2533.4537783298993,1253.7691985749848,1279.6845797549142,2574.4896320240678,1294.8050522691537,1279.6845797549142,0
25.0,2.0,9.0,244.0,18444.994544675952,9036.99752648209,9407.99701819386,18226.3650365836,0.0,18226.3650365836,0.0,link,0.0,0.0,0.0,0.0,0.0,0.0,1061.037884882899,629.9401664412137,431.09771844168534,1181.3318941243508,629.9401664412137,551.3917276831371,0
25.0,0.0,181.0,245.0,9638.76325800112,9638.76325800112,0.0,44040.98297035,44040.98297035,0.0,25610.5675707886,ra,19.0,19.0,0.0,920.6106540455236,920.6106540455236,0.0,629.9401664412137,629.9401664412137,0.0,0.0,0.0,0.0,1
25.0,1.0,182.0,246.0,9527.61677341169,0.0,9527.61677341169,45025.019800587,0.0,45025.019800587,25630.3354942948,ra,1.0,0.0,1.0,50.000000000000014,0.0,50.000000000000014,183.93258775781112,0.0,183.93258775781112,431.09771844168534,0.0,431.09771844168534,1
25.0,2.0,10.0,247.0,19006.7279100321,9665.34291491844,9341.38499511366,18711.1790913528,18711.1790913528,0.0,35248.1726115327,link,0.0,0.0,0.0,0.0,0.0,0.0,183.93258775781112,0.0,183.93258775781112,307.4263697607396,123.49378200292846,183.93258775781112,0
26.0,2.0,10.0,248.0,39799.090315948604,19727.656489473,20071.4338264756,12745.358204922,0.0,12745.358204922,0.0,link,0.0,0.0,0.0,0.0,0.0,0.0,558.5393424539258,551.717951374052,6.82139107987382,642.658706606411,551.717951374052,90.94075523235902,0
26.0,0.0,185.0,249.0,19971.0637528884,19971.0637528884,0.0,15800.7935872806,15800.7935872806,0.0,3979.73029800346,ra,0.0,-0.0,0.0,0.0,0.0,0.0,551.717951374052,551.717951374052,0.0,656.0031890501039,656.0031890501039,0.0,0
26.0,1.0,191.0,250.0,29655.4467390276,0.0,29655.4467390276,95904.7756863211,0.0,95904.7756863211,21983.5670709269,ra,30.0,0.0,30.0,1499.9999981845601,0.0,1499.9999981845601,873.849871550155,0.0,873.849871550155,6.82139107987382,0.0,6.82139107987382,1
26.0,2.0,11.0,251.0,61239.0276416527,31319.7944712375,29919.2331704152,94740.9379804083,94740.9379804083,0.0,24120.7762535988,link,0.0,0.0,0.0,0.0,0.0,0.0,1529.8530606002587,656.0031890501039,873.849871550155,2155.1432512709534,1281.2933797207986,873.849871550155,0
27.0,2.0,11.0,252.0,68446.95855219441,33632.3321209786,34814.6264312158,15604.4145583224,0.0,15604.4145583224,0.0,link,0.0,0.0,0.0,0.0,0.0,0.0,1788.6054203338645,1150.4821595778014,638.123260756063,1891.5945564187923,1150.4821595778014,741.1123968409909,0
27.0,0.0,199.0,253.0,29715.9548515929,29715.9548515929,0.0,99181.0191956301,99181.0191956301,0.0,15398.2814879574,ra,0.0,-0.0,0.0,0.0,0.0,0.0,1150.4821595778014,1150.4821595778014,0.0,1805.0768862689602,1805.0768862689602,0.0,0
27.0,1.0,200.0,254.0,27462.2259431798,0.0,27462.2259431798,73895.6909969349,0.0,73895.6909969349,15788.2300471589,ra,0.0,0.0,-0.0,0.0,0.0,0.0,150.41170017629267,0.0,150.41170017629267,638.123260756063,0.0,638.123260756063,0
27.0,2.0,209.0,255.0,39803.000772140804,18775.2599855575,21027.7407865833,147146.58632751892,81555.23447022,65591.3518572989,32030.5850885025,ra,28.0,28.0,0.0,1400.0,817.7282928006421,582.2717071993579,2104.857371386438,1805.0768862689602,299.78048511747795,1676.024841148063,1525.6131409717702,150.41170017629267,1
27.0,0.0,211.0,256.0,16952.9432638946,16952.9432638946,0.0,22760.4501055564,22760.4501055564,0.0,38562.6549711216,ra,0.0,-0.0,0.0,0.0,0.0,0.0,1525.6131409717702,1525.6131409717702,0.0,1675.8321116684424,1675.8321116684424,0.0,0
27.0,0.0,217.0,257.0,14923.34787731,14923.34787731,0.0,43893.2158975543,43893.2158975543,0.0,51994.455333056,ra,0.0,-0.0,0.0,0.0,0.0,0.0,1675.8321116684424,1675.8321116684424,0.0,1965.5273365923008,1965.5273365923008,0.0,0
27.0,1.0,216.0,258.0,16064.7865328213,0.0,16064.7865328213,22960.6587850728,0.0,22960.6587850728,52217.7859827402,ra,0.0,0.0,-0.0,0.0,0.0,0.0,148.24013713599732,0.0,148.24013713599732,299.78048511747795,0.0,299.78048511747795,0
27.0,1.0,220.0,259.0,15273.5497081432,0.0,15273.5497081432,22460.6268387875,0.0,22460.6268387875,72827.5521510141,ra,0.0,0.0,-0.0,0.0,0.0,0.0,-1.7053025658242404e-13,0.0,-1.7053025658242404e-13,148.24013713599732,0.0,148.24013713599732,0
27.0,0.0,222.0,260.0,13969.7949387614,13969.7949387614,0.0,63036.7155561026,63036.7155561026,0.0,72993.5375681565,ra,0.0,-0.0,0.0,0.0,0.0,0.0,1965.5273365923008,1965.5273365923008,0.0,2381.569659262578,2381.569659262578,0.0,0
27.0,2.0,223.0,261.0,28115.7326932638,13396.479626617,14719.2530666468,86413.1671617678,19998.6352809813,66414.5318807865,80453.8359529617,ra,30.0,30.0,0.0,1500.0,332.7538667771595,1167.2461332228406,3110.479882072228,2381.569659262578,728.9102228096499,2180.806785339895,2180.806785339895,-1.7053025658242404e-13,1
27.0,1.0,224.0,262.0,15546.2889831198,0.0,15546.2889831198,73136.6101997202,0.0,73136.6101997202,88033.8072308468,ra,0.0,0.0,-0.0,0.0,0.0,0.0,246.20859549149665,0.0,246.20859549149665,728.9102228096499,0.0,728.9102228096499,0
27.0,0.0,225.0,263.0,14240.8796108091,14240.8796108091,0.0,20993.7231683195,20993.7231683195,0.0,88042.5953486906,ra,0.0,-0.0,0.0,0.0,0.0,0.0,2180.806785339895,2180.806785339895,0.0,2319.365358250804,2319.365358250804,0.0,0
27.0,0.0,228.0,264.0,16210.1141141057,16210.1141141057,0.0,33843.4145817759,33843.4145817759,0.0,99290.1862589441,ra,0.0,-0.0,0.0,0.0,0.0,0.0,2319.365358250804,2319.365358250804,0.0,2542.731894490525,2542.731894490525,0.0,0
27.0,2.0,230.0,265.0,34177.789667498,16266.7915147338,17910.9981527642,106511.5480033828,25899.7969382603,80611.7510651225,107271.26953268,ra,73.0,0.0,73.0,3609.1447664366497,1192.8592741946106,2416.2854922420393,4673.188425194252,2542.731894490525,2130.4565307037274,1767.0198755799286,1520.8112800884319,246.20859549149665,1
27.0,0.0,231.0,266.0,18725.9999778317,18725.9999778317,0.0,62859.5735281175,62859.5735281175,0.0,124467.354651869,ra,0.0,-0.0,0.0,0.0,0.0,0.0,1520.8112800884319,1520.8112800884319,0.0,1935.6844653740072,1935.6844653740072,0.0,0
27.0,1.0,229.0,267.0,21167.9999889026,0.0,21167.9999889026,101642.528773758,0.0,101642.528773758,125208.618296011,ra,0.0,0.0,-0.0,0.0,0.0,0.0,1459.6158407969244,0.0,1459.6158407969244,2130.4565307037274,0.0,2130.4565307037274,0
27.0,2.0,15.0,268.0,39893.9999998457,18725.9999999336,21167.9999999121,16580.5621766321,16580.5621766321,0.0,128894.513137464,link,0.0,0.0,0.0,0.0,0.0,0.0,3395.3003061709314,1935.6844653740072,1459.6158407969244,3504.7320165367037,2045.116175739779,1459.6158407969244,0
28.0,2.0,11.0,269.0,61992.2787513973,31725.312247826,30266.9665035713,8215.23262979123,0.0,8215.23262979123,0.0,link,0.0,0.0,0.0,0.0,0.0,0.0,1936.8021337702835,1040.009934781693,896.7921989885905,1991.0226691269054,1040.009934781693,951.0127343452126,0
28.0,0.0,192.0,270.0,30439.2241679383,30439.2241679383,0.0,21455.6670568085,21455.6670568085,0.0,3445.55910715547,ra,1.0,1.0,0.0,50.0,50.0,0.0,1040.009934781693,1040.009934781693,0.0,1131.6173373566292,1131.6173373566292,0.0,1
28.0,1.0,193.0,271.0,26291.6779728645,0.0,26291.6779728645,39598.8087581442,0.0,39598.8087581442,7393.84594775699,ra,0.0,0.0,-0.0,0.0,0.0,0.0,635.4400611848388,0.0,635.4400611848388,896.7921989885905,0.0,896.7921989885905,0
28.0,0.0,195.0,272.0,18498.9087746208,18498.9087746208,0.0,79345.3149314,79345.3149314,0.0,21968.3457181098,ra,0.0,-0.0,0.0,0.0,0.0,0.0,1131.6173373566292,1131.6173373566292,0.0,1655.296415903869,1655.296415903869,0.0,0
28.0,1.0,196.0,273.0,17419.1863324911,0.0,17419.1863324911,53858.9068737316,0.0,53858.9068737316,22264.116411145,ra,0.0,0.0,-0.0,0.0,0.0,0.0,279.97127581821024,0.0,279.97127581821024,635.4400611848388,0.0,635.4400611848388,0
28.0,1.0,203.0,274.0,9355.61733758555,0.0,9355.61733758555,42419.8902754864,0.0,42419.8902754864,35869.2262752123,ra,0.0,0.0,-0.0,0.0,0.0,0.0,0.0,0.0,0.0,279.97127581821024,0.0,279.97127581821024,0
28.0,0.0,202.0,275.0,10322.6895163413,10322.6895163413,0.0,44652.0581963835,44652.0581963835,0.0,35908.1959799376,ra,39.0,39.0,0.0,1950.0,1950.0,0.0,1655.296415903869,1655.296415903869,0.0,0.0,0.0,0.0,1
28.0,2.0,0.0,276.0,16044.98321671642,8425.39921826346,7619.58399845296,9007.1853967425,9007.1853967425,0.0,40879.2796779836,link,0.0,0.0,0.0,0.0,0.0,0.0,0.0,0.0,0.0,59.44742361850049,59.44742361850049,0.0,0
30.0,2.0,12.0,279.0,31173.0077127878,15334.6891591729,15838.3185536149,27460.4467656701,0.0,27460.4467656701,0.0,link,0.0,0.0,0.0,0.0,0.0,0.0,1957.01130232281,1479.506137996538,477.50516432627194,2138.2502509762326,1479.506137996538,658.7441129796946,0
30.0,0.0,201.0,280.0,15342.1685357064,15342.1685357064,0.0,5774.00459913302,5774.00459913302,0.0,1882.30501330568,ra,0.0,-0.0,0.0,0.0,0.0,0.0,1479.506137996538,1479.506137996538,0.0,1517.614568350816,1517.614568350816,0.0,0
30.0,1.0,204.0,281.0,15008.3801891543,0.0,15008.3801891543,48539.0941140661,0.0,48539.0941140661,15325.3757236118,ra,0.0,0.0,-0.0,0.0,0.0,0.0,157.14714317343572,0.0,157.14714317343572,477.50516432627194,0.0,477.50516432627194,0
30.0,0.0,205.0,282.0,14615.1043928834,14615.1043928834,0.0,42470.7835812159,42470.7835812159,0.0,15632.2115214018,ra,0.0,-0.0,0.0,0.0,0.0,0.0,1517.614568350816,1517.614568350816,0.0,1797.921739986841,1797.921739986841,0.0,0
30.0,2.0,13.0,283.0,18934.3901725728,9143.1385769236,9791.2515956492,25362.3331074238,25362.3331074238,0.0,27311.5905726122,link,0.0,0.0,0.0,0.0,0.0,0.0,1955.0688831602768,1797.921739986841,157.14714317343572,2122.4602816692736,1965.313138495838,157.14714317343572,0
31.0,2.0,12.0,284.0,61211.2617744492,30941.9007084376,30269.3610660116,11697.5766277116,0.0,11697.5766277116,0.0,link,0.0,0.0,0.0,0.0,0.0,0.0,3996.19442870702,2209.606141560504,1786.5882871465162,4073.3984344499177,2209.6061415605045,1863.792292889413,0
31.0,1.0,208.0,285.0,29780.0349085717,0.0,29780.0349085717,72754.3270050161,0.0,72754.3270050161,10173.7794302971,ra,0.0,0.0,-0.0,0.0,0.0,0.0,1306.4097289134104,0.0,1306.4097289134104,1786.5882871465162,0.0,1786.5882871465162,0
31.0,0.0,207.0,286.0,30402.9541425937,30402.9541425937,0.0,62397.0411602338,62397.0411602338,0.0,10175.4293545811,ra,0.0,-0.0,0.0,0.0,0.0,0.0,2209.6061415605045,2209.6061415605045,0.0,2621.4266132180474,2621.4266132180474,0.0,0
31.0,2.0,212.0,287.0,62402.9342497772,31525.7279110326,30877.2063387446,136331.4092642348,75248.3837478545,61083.0255163803,22337.1483709023,ra,1.0,0.0,1.0,49.98059445092655,2.842170943040401e-14,49.980594450926525,3574.6689681742746,2621.4266132180474,953.242354956227,4424.475674867297,3118.0659459538865,1306.4097289134104,1
31.0,2.0,14.0,288.0,62766.261417807,31611.057809806,31155.203608001,11902.9605248606,11902.9605248606,0.0,24222.213413882,link,0.0,0.0,0.0,0.0,0.0,0.0,4071.3083009101138,3118.0659459538865,953.242354956227,4149.867840374194,3196.625485417967,953.242354956227,0
32.0,2.0,13.0,289.0,24034.0,12223.0,11811.0,23190.0367499885,0.0,23190.0367499885,0.0,link,0.0,0.0,0.0,0.0,0.0,0.0,1969.4060391193498,1965.313138495838,4.09290062351164,2122.4602816692736,1965.313138495838,157.14714317343572,0
32.0,2.0,206.0,290.0,24034.0000000012,12223.0000000006,11811.0000000006,82091.99852463797,5549.73092000006,76542.2676046379,2270.21285318104,ra,84.0,84.0,0.0,4200.0,1991.6022433438807,2208.39775665612,3672.624829584859,1965.313138495838,1707.311691089021,14.432019847469348,10.33911922395771,4.09290062351164,1
32.0,1.0,221.0,291.0,17574.9999998822,0.0,17574.9999998822,5362.66644000006,0.0,5362.66644000006,28816.082062451,ra,0.0,0.0,-0.0,0.0,0.0,0.0,1671.9180925850208,0.0,1671.9180925850208,1707.311691089021,0.0,1707.311691089021,0
32.0,2.0,16.0,292.0,35472.0,17897.0,17575.0,102128.704967993,102128.704967993,0.0,35413.5690178666,link,0.0,0.0,0.0,0.0,0.0,0.0,1682.2572118089784,10.33911922395771,1671.9180925850208,2356.3066645977324,684.3885720127115,1671.9180925850208,0
33.0,2.0,14.0,293.0,25491.3919282071,13297.3329457903,12194.0589824168,49298.1104224123,0.0,49298.1104224123,0.0,link,0.0,0.0,0.0,0.0,0.0,0.0,1329.4164495689804,1329.4164495689804,0.0,1654.7839783569016,1329.4164495689804,325.3675287879211,0
33.0,2.0,215.0,294.0,25513.5709485368,13302.6381126901,12210.9328358467,18270.234913790802,9529.17913715675,8741.05577663405,3582.74329905444,ra,29.0,29.0,0.0,1449.9999999999998,1392.309031874215,57.69096812578472,1329.4164495689804,1329.4164495689804,0.0,0.0,0.0,0.0,1
33.0,2.0,0.0,295.0,27433.9391849649,13761.9854531938,13671.9537317711,50762.0194878173,50762.0194878173,0.0,22213.6117866395,link,0.0,0.0,0.0,0.0,0.0,0.0,0.0,0.0,0.0,335.0293286195942,335.0293286195942,0.0,0
34.0,2.0,14.0,296.0,40290.9817282687,40289.5340857765,1.44764249220084,47009.7465792213,0.0,47009.7465792213,0.0,link,0.0,0.0,0.0,0.0,0.0,0.0,3244.3762389406616,2396.987388022101,847.3888509185603,3554.6405663635223,2396.987388022101,1157.653178341421,0
34.0,2.0,219.0,297.0,40084.6794214896,20069.2583308031,20015.4210906865,122570.63369373631,94769.8337207351,27800.7999730012,14615.9886216738,ra,0.0,-0.0,0.0,0.0,0.0,0.0,3060.8909591188535,2396.987388022101,663.9035710967523,3869.857141497513,3022.4682905789527,847.3888509185603,0
34.0,1.0,227.0,298.0,19833.8652373147,0.0,19833.8652373147,21349.1131097913,0.0,21349.1131097913,19958.1076890932,ra,0.0,0.0,-0.0,0.0,0.0,0.0,522.9994245721297,0.0,522.9994245721297,663.9035710967523,0.0,663.9035710967523,0
34.0,0.0,235.0,299.0,19233.9789959859,19233.9789959859,0.0,47763.747289987,47763.747289987,0.0,26934.1491638682,ra,67.0,67.0,0.0,3337.709022692867,3337.709022692867,0.0,3022.4682905789527,3022.4682905789527,0.0,0.0,0.0,0.0,1
34.0,1.0,236.0,300.0,19715.5870318337,0.0,19715.5870318337,22822.0437484395,0.0,22822.0437484395,27007.4041804783,ra,0.0,0.0,-0.0,0.0,0.0,0.0,372.373935832429,0.0,372.373935832429,522.9994245721297,0.0,522.9994245721297,0
34.0,2.0,20.0,301.0,42848.933143860995,20473.5804606555,22375.3526832055,44942.6925531694,44942.6925531694,0.0,38220.8594846279,link,0.0,0.0,0.0,0.0,0.0,0.0,372.373935832429,0.0,372.373935832429,668.995706683347,296.621770850918,372.373935832429,0
35.0,2.0,0.0,302.0,13637.0,6766.0,6871.0,48240.5351899999,0.0,48240.5351899999,0.0,link,0.0,0.0,0.0,0.0,0.0,0.0,731.5544907697385,0.0,731.5544907697385,1049.9420230237376,0.0,1049.9420230237376,0
35.0,0.0,218.0,303.0,6766.0,6766.0,0.0,15563.62682,15563.62682,0.0,11501.3526660994,ra,0.0,-0.0,0.0,0.0,0.0,0.0,0.0,0.0,0.0,102.71993701199999,102.71993701199999,0.0,0
35.0,2.0,16.0,304.0,13637.0,6766.0,6871.0,31939.71492,31939.71492,0.0,35104.4629542217,link,0.0,0.0,0.0,0.0,0.0,0.0,834.2744277817385,102.71993701199999,731.5544907697385,1045.0765462537386,313.52205548399996,731.5544907697385,0
36.0,2.0,15.0,305.0,63592.0,31158.0,32434.0,25270.30242,0.0,25270.30242,0.0,link,0.0,0.0,0.0,0.0,0.0,0.0,3574.735476261212,2171.0701398451533,1403.665336416059,3741.5194722332126,2171.0701398451533,1570.449332388059,0
36.0,0.0,237.0,306.0,31158.0,31158.0,0.0,37254.99744,37254.99744,0.0,5978.40628225615,ra,49.0,49.0,0.0,2416.953122949153,2416.953122949153,0.0,2171.0701398451533,2171.0701398451533,0.0,0.0,0.0,0.0,1
36.0,1.0,238.0,307.0,32434.0,0.0,32434.0,44659.9963,0.0,44659.9963,6884.76410576914,ra,0.0,0.0,-0.0,0.0,0.0,0.0,1108.909360836059,0.0,1108.909360836059,1403.665336416059,0.0,1403.665336416059,0
36.0,2.0,17.0,308.0,63592.0,31158.0,32434.0,29924.1432,29924.1432,0.0,10780.4149902554,link,0.0,0.0,0.0,0.0,0.0,0.0,1108.909360836059,0.0,1108.909360836059,1306.408705956059,197.49934512,1108.909360836059,0
37.0,2.0,16.0,309.0,61280.6441162145,31014.1744637331,30266.4696524814,61506.4401406688,0.0,61506.4401406688,0.0,link,0.0,0.0,0.0,0.0,0.0,0.0,2524.1386677069004,762.2596083886334,1761.8790593182669,2930.0811726353145,762.2596083886334,2167.821564246681,0
37.0,0.0,232.0,310.0,31188.9181978021,31188.9181978021,0.0,9525.29339943545,9525.29339943545,0.0,1531.60155183027,ra,0.0,-0.0,0.0,0.0,0.0,0.0,762.2596083886334,762.2596083886334,0.0,825.1265448249073,825.1265448249073,0.0,0
37.0,2.0,18.0,311.0,64809.525076994905,32882.2900340846,31927.2350429103,53540.460073465,53540.460073465,0.0,9891.28354449013,link,0.0,0.0,0.0,0.0,0.0,0.0,2587.0056041431744,825.1265448249073,1761.8790593182669,2940.372640628043,1178.4935813097763,1761.8790593182669,0
38.0,2.0,17.0,312.0,73980.9084088181,36437.7364219997,37543.1719868184,171637.919263567,0.0,171637.919263567,0.0,link,0.0,0.0,0.0,0.0,0.0,0.0,483.75230401118887,416.4072543087849,67.34504970240397,1616.562571150731,416.4072543087849,1200.155316841946,0
38.0,1.0,233.0,313.0,38288.3848812199,0.0,38288.3848812199,71264.0127216205,0.0,71264.0127216205,5385.57294187173,ra,46.0,0.0,46.0,2261.797084730912,0.0,2261.797084730912,1858.7996504706216,0.0,1858.7996504706216,67.34504970240397,0.0,67.34504970240397,1
38.0,0.0,234.0,314.0,38355.5663129252,38355.5663129252,0.0,52380.024504807,52380.024504807,0.0,7097.78606046679,ra,0.0,-0.0,0.0,0.0,0.0,0.0,416.4072543087849,416.4072543087849,0.0,762.1154160405111,762.1154160405111,0.0,0
38.0,1.0,239.0,315.0,41712.9401712972,0.0,41712.9401712972,40622.2291022271,0.0,40622.2291022271,14257.7141698898,ra,0.0,0.0,-0.0,0.0,0.0,0.0,1590.6929383959227,0.0,1590.6929383959227,1858.7996504706216,0.0,1858.7996504706216,0
38.0,0.0,240.0,316.0,40728.8663078391,40728.8663078391,0.0,56977.7970121151,56977.7970121151,0.0,14300.5054996462,ra,1.0,1.0,0.0,39.35217864584243,39.35217864584243,0.0,762.1154160405111,762.1154160405111,0.0,1098.8166976746284,1098.8166976746284,0.0,1
38.0,2.0,22.0,317.0,105896.4428578996,51540.438437961,54356.0044199386,164600.439599617,164600.439599617,0.0,31585.4341675124,link,0.0,0.0,0.0,0.0,0.0,0.0,2689.509636070551,1098.8166976746284,1590.6929383959227,3775.872537428023,2185.1795990321,1590.6929383959227,0
39.0,2.0,17.0,318.0,25562.2788538132,12328.3002896388,13233.9785641744,39766.6592704558,0.0,39766.6592704558,0.0,link,0.0,0.0,0.0,0.0,0.0,0.0,626.1461171210555,380.4720575615829,245.67405955947254,888.6060683060637,380.4720575615829,508.13401074448075,0
39.0,2.0,24.0,319.0,21529.4529436522,10591.5844792127,10937.8684644395,37947.3758159135,37947.3758159135,0.0,17071.729881247,link,0.0,0.0,0.0,0.0,0.0,0.0,626.1461171210555,380.4720575615829,245.67405955947254,876.5987975060846,630.924737946612,245.67405955947254,0
40.0,2.0,18.0,320.0,25932.8384078479,12821.1458632264,13111.6925446215,33495.9188990446,0.0,33495.9188990446,0.0,link,0.0,0.0,0.0,0.0,0.0,0.0,1189.9353911669768,945.9784183699389,243.9569727970379,1411.0084559006712,945.9784183699389,465.0300375307322,0
40.0,2.0,26.0,321.0,22387.8945153677,11334.7070106569,11053.1875047108,33432.5339456627,33432.5339456627,0.0,13785.5992106443,link,0.0,0.0,0.0,0.0,0.0,0.0,1189.9353911669768,945.9784183699389,243.9569727970379,1410.5901152083504,1166.6331424113125,243.9569727970379,0
41.0,2.0,18.0,322.0,65100.0643805413,32409.6776559215,32690.3867246198,170953.765242591,0.0,170953.765242591,0.0,link,0.0,0.0,0.0,0.0,0.0,0.0,2099.2923382866343,1081.6266650200187,1017.6656732666155,3227.5871888877346,1081.6266650200187,2145.960523867716,0
41.0,0.0,241.0,323.0,32828.8089278736,32828.8089278736,0.0,10359.5962090881,10359.5962090881,0.0,1588.99980042748,ra,0.0,-0.0,0.0,0.0,0.0,0.0,1081.6266650200187,1081.6266650200187,0.0,1150.0,1150.0,0.0,0
41.0,0.0,242.0,324.0,32828.8089278736,32828.8089278736,0.0,0.0,0.0,0.0,1588.99980042748,ra,23.0,23.0,0.0,1150.0,1150.0,0.0,1150.0,1150.0,0.0,0.0,0.0,0.0,1
41.0,2.0,25.0,325.0,107717.843361102,52411.8634929897,55305.9798681123,160387.907504592,160387.907504592,0.0,19664.6825171201,link,0.0,0.0,0.0,0.0,0.0,0.0,1017.6656732666155,0.0,1017.6656732666155,2076.2258627969227,1058.560189530307,1017.6656732666155,0
42.0,2.0,0.0,326.0,64323.0,34358.0,29965.0,5842.87535,0.0,5842.87535,0.0,link,0.0,0.0,0.0,0.0,0.0,0.0,785.1993782372327,0.0,785.1993782372327,823.7623555472326,0.0,823.7623555472326,0
42.0,2.0,21.0,327.0,64323.0,34358.0,29965.0,6699.46642,6699.46642,0.0,974.993087217836,link,0.0,0.0,0.0,0.0,0.0,0.0,785.1993782372327,0.0,785.1993782372327,829.4158566092327,44.216478372,785.1993782372327,0
43.0,2.0,20.0,328.0,150198.49863614672,75767.4489434685,74431.0496926782,5130.77431917987,0.0,5130.77431917987,0.0,link,0.0,0.0,0.0,0.0,0.0,0.0,1364.270137139747,1364.270137139747,-7.105427357601002e-15,1398.1332476463342,1364.270137139747,33.86311050658713,0
43.0,2.0,243.0,329.0,143910.6207571261,71622.8655725805,72287.7551845456,293911.014155205,147233.481063914,146677.533091291,10005.6920912667,ra,85.0,0.0,85.0,4250.000000000001,765.6870429158328,3484.312957084168,3880.5113758213943,1364.270137139747,2516.2412386816472,1570.3240692457466,1570.3240692457466,-7.105427357601002e-15,1
43.0,2.0,22.0,330.0,143835.3128743358,71573.2272359724,72262.0856383634,5082.7022288147,5082.7022288147,0.0,10360.6755425037,link,0.0,0.0,0.0,0.0,0.0,0.0,4086.565307927394,1570.3240692457466,2516.2412386816472,4120.111142637571,1603.8699039559235,2516.2412386816472,0
44.0,2.0,20.0,331.0,153959.0,74263.0,79696.0,69973.088,0.0,69973.088,0.0,link,0.0,0.0,0.0,0.0,0.0,0.0,1550.7147949660855,241.39660733406762,1309.318187632018,2012.5371757660855,241.39660733406762,1771.140568432018,0
44.0,2.0,21.0,332.0,153959.0,74263.0,79696.0,65202.914,65202.914,0.0,4390.04714603225,link,0.0,0.0,0.0,0.0,0.0,0.0,1550.7147949660855,241.39660733406762,1309.318187632018,1981.0540273660856,671.7358397340677,1309.318187632018,0
45.0,2.0,20.0,333.0,62196.7600253059,32348.664026557,29848.0959987489,35568.6331504501,0.0,35568.6331504501,0.0,link,0.0,0.0,0.0,0.0,0.0,0.0,358.33774827625035,358.33774827625035,0.0,593.090727069221,358.33774827625035,234.75297879297065,0
45.0,2.0,249.0,334.0,59803.760630072604,31496.7732925594,28306.9873375132,120388.03113917299,62891.5126741653,57496.5184650077,9849.37897275001,ra,33.0,0.0,33.0,1649.9999999999998,738.8087878928984,911.1912121071014,890.0519385143009,358.33774827625035,531.7141902380506,34.612944032842876,34.612944032842876,0.0,1
45.0,2.0,27.0,335.0,59265.8366310976,31619.7156039958,27646.1210271018,40175.3552202939,40175.3552202939,0.0,16227.5537304541,link,0.0,0.0,0.0,0.0,0.0,0.0,566.3271342708935,34.612944032842876,531.7141902380506,831.4844787248333,299.7702884867826,531.7141902380506,0
46.0,2.0,21.0,336.0,122056.3633115633,58092.1447118619,63964.2185997014,125585.212894561,0.0,125585.212894561,0.0,link,0.0,0.0,0.0,0.0,0.0,0.0,1473.2877821570812,461.79246974900025,1011.495312408081,2302.150187261184,461.79246974900025,1840.3577175121836,0
46.0,2.0,23.0,337.0,131872.7061463396,62497.919354533,69374.7867918066,113560.887875182,113560.887875182,0.0,9404.55520736285,link,0.0,0.0,0.0,0.0,0.0,0.0,1473.2877821570812,461.79246974900025,1011.495312408081,2222.7896421332825,1211.2943297252016,1011.495312408081,0
47.0,2.0,22.0,338.0,38579.2955378498,18952.692150841,19626.6033870088,35264.3833285467,0.0,35264.3833285467,0.0,link,0.0,0.0,0.0,0.0,0.0,0.0,1745.5138947048954,830.1870752918784,915.3268194130169,1978.2588246733035,830.1870752918784,1148.071749381425,0
47.0,2.0,248.0,339.0,35162.6248298969,17399.4597199651,17763.1651099318,148712.7599086786,73267.708596875,75445.0513118036,19815.1127809066,ra,27.0,0.0,27.0,1333.375805834708,1313.7539520312534,19.621853803454478,1267.1984098504458,830.1870752918784,437.0113345585675,915.3268194130169,0.0,915.3268194130169,1
47.0,2.0,28.0,340.0,35062.119983040204,16961.1414488018,18100.9785342384,33513.0307108643,33513.0307108643,0.0,29618.3313222541,link,0.0,0.0,0.0,0.0,0.0,0.0,437.0113345585675,0.0,437.0113345585675,658.1973372502719,221.1860026917044,437.0113345585675,0
48.0,2.0,24.0,341.0,16009.99993438885,7856.99996682075,8152.9999675681,17621.4274880079,0.0,17621.4274880079,0.0,link,0.0,0.0,0.0,0.0,0.0,0.0,385.514108166349,385.514108166349,0.0,501.8155295872011,385.514108166349,116.30142142085212,0
48.0,1.0,245.0,342.0,8152.99812236847,0.0,8152.99812236847,23278.983850966,0.0,23278.983850966,2543.44255785523,ra,4.0,0.0,4.0,181.01326095506997,0.0,181.01326095506997,27.37196753869439,0.0,27.37196753869439,0.0,0.0,0.0,1
48.0,0.0,244.0,343.0,7856.99618755383,7856.99618755383,0.0,4674.91452637685,4674.91452637685,0.0,2975.04995056242,ra,0.0,-0.0,0.0,0.0,0.0,0.0,385.514108166349,385.514108166349,0.0,416.36854404043623,416.36854404043623,0.0,0
48.0,0.0,246.0,344.0,5883.74136844686,5883.74136844686,0.0,20247.1902969036,20247.1902969036,0.0,17336.8862422761,ra,11.0,11.0,0.0,549.9999990922801,549.9999990922801,0.0,416.36854404043623,416.36854404043623,0.0,0.0,0.0,0.0,1
48.0,1.0,247.0,345.0,5988.23778260399,0.0,5988.23778260399,4147.26780889309,0.0,4147.26780889309,18620.0569912817,ra,0.0,0.0,0.0,0.0,0.0,0.0,0.0,0.0,0.0,27.37196753869439,0.0,27.37196753869439,0
48.0,2.0,0.0,346.0,10228.9496360124,5180.36917753558,5048.58045847682,19145.8378925061,19145.8378925061,0.0,34790.8303429051,link,0.0,0.0,0.0,0.0,0.0,0.0,0.0,0.0,0.0,126.36253009054026,126.36253009054026,0.0,0
50.0,2.0,23.0,349.0,167288.29083468,89420.7692084569,77867.5216262231,41550.5817573207,0.0,41550.5817573207,0.0,link,0.0,0.0,0.0,0.0,0.0,0.0,2053.071934375843,1241.595239984475,811.4766943913678,2327.3057739741594,1241.595239984475,1085.7105339896843,0
50.0,2.0,25.0,350.0,167733.1420677742,89424.5683491475,78308.5737186267,47581.8014679367,47581.8014679367,0.0,2660.51340881896,link,0.0,0.0,0.0,0.0,0.0,0.0,2053.071934375843,1241.595239984475,811.4766943913678,2367.111824064225,1555.6351296728571,811.4766943913678,0
51.0,2.0,23.0,351.0,68004.42841151671,33685.4721908872,34318.9562206295,52129.9727835405,0.0,52129.9727835405,0.0,link,0.0,0.0,0.0,0.0,0.0,0.0,984.6528079841153,686.3124698389064,298.3403381452088,1328.7106283554826,686.3124698389064,642.3981585165761,0
51.0,0.0,250.0,352.0,33100.9959033154,33100.9959033154,0.0,15663.2590937338,15663.2590937338,0.0,2344.99727996629,ra,3.0,3.0,0.0,150.00000000000003,150.00000000000003,0.0,686.3124698389064,686.3124698389064,0.0,639.6899798575495,639.6899798575495,0.0,1
51.0,2.0,27.0,353.0,64426.2356563276,31754.4889250316,32671.746731296,35255.8800869775,35255.8800869775,0.0,7784.58868214326,link,0.0,0.0,0.0,0.0,0.0,0.0,938.0303180027583,639.6899798575495,298.3403381452088,1170.71912657681,872.378788431601,298.3403381452088,0
53.0,2.0,24.0,356.0,26623.0,13216.0,13407.0,26024.19363,0.0,26024.19363,0.0,link,0.0,0.0,0.0,0.0,0.0,0.0,607.5811374228651,447.6894035112539,159.89173391161123,779.340815380865,447.6894035112539,331.6514118696112,0
53.0,2.0,28.0,357.0,26623.0,13216.0,13407.0,25653.44544,25653.44544,0.0,9705.48649135397,link,0.0,0.0,0.0,0.0,0.0,0.0,607.5811374228651,447.6894035112539,159.89173391161123,776.8938773268651,617.0021434152538,159.89173391161123,0
54.0,2.0,25.0,358.0,63790.743083652196,33602.5555376766,30188.1875459756,18293.3815866498,0.0,18293.3815866498,0.0,link,0.0,0.0,0.0,0.0,0.0,0.0,905.7892700170696,905.7892700170695,5.684341886080802e-14,1026.5255884889582,905.7892700170695,120.73631847188872,0
54.0,2.0,251.0,359.0,33762.4415586177,17029.2127372484,16733.2288213693,143708.3600468043,74285.6194355129,69422.7406112914,14118.0595783865,ra,40.0,40.0,0.0,2000.0,833.9772705589398,1166.0227294410602,1613.6219114236064,905.7892700170695,707.8326414065369,562.0970877325149,562.0970877325148,5.684341886080802e-14,1
54.0,2.0,26.0,360.0,32484.7744574449,16371.3543459377,16113.4201115072,18591.4298505205,18591.4298505205,0.0,19751.6727385701,link,0.0,0.0,0.0,0.0,0.0,0.0,1269.9297291390517,562.0970877325148,707.8326414065369,1392.6331661524869,684.80052474595,707.8326414065369,0
55.0,2.0,26.0,361.0,35611.1999360093,17306.4999689679,18304.6999670414,73039.0805412178,0.0,73039.0805412178,0.0,link,0.0,0.0,0.0,0.0,0.0,0.0,1104.4428317355657,1104.4428317355657,0.0,1586.5007633076032,1104.4428317355657,482.05793157203743,0
55.0,2.0,252.0,362.0,34335.6700861098,16687.9002306099,17647.7698554999,76134.3235747623,37000.2975059509,39134.0260688114,10714.2329169781,ra,33.0,33.0,0.0,1606.929367328997,1348.6447952748417,258.2845720541552,1104.4428317355657,1104.4428317355657,0.0,0.0,0.0,0.0,1
55.0,2.0,0.0,363.0,9015.00027880696,4116.00014201232,4899.00013679464,67645.4786360998,67645.4786360998,0.0,47911.3668726574,link,0.0,0.0,0.0,0.0,0.0,0.0,0.0,0.0,0.0,446.46015899825863,446.46015899825863,0.0,0
56.0,2.0,27.0,364.0,67553.5172847849,34432.267085203,33121.2501995819,47340.4741943391,0.0,47340.4741943391,0.0,link,0.0,0.0,0.0,0.0,0.0,0.0,654.5416782177622,654.5416782177622,0.0,966.9888079004002,654.5416782177622,312.44712968263804,0
56.0,1.0,254.0,365.0,28345.0537807391,0.0,28345.0537807391,28589.2240380979,0.0,28589.2240380979,14670.9425066938,ra,26.0,0.0,26.0,1256.2570506926395,0.0,1256.2570506926395,1067.5681720411935,0.0,1067.5681720411935,0.0,0.0,0.0,1
56.0,0.0,253.0,366.0,28758.648000424,28758.648000424,0.0,92704.4471237499,92704.4471237499,0.0,14715.488271793,ra,0.0,-0.0,0.0,0.0,0.0,0.0,654.5416782177622,654.5416782177622,0.0,1266.3910292345113,1266.3910292345113,0.0,0
56.0,2.0,255.0,367.0,47006.1040822862,24072.8864014428,22933.2176808434,119446.7612876768,29374.1347670111,90072.6265206657,20490.1826432686,ra,0.0,0.0,-0.0,0.0,0.0,0.0,1739.4798662393114,1266.3910292345113,473.0888370048001,2527.828490737978,1460.2603186967845,1067.5681720411935,0
56.0,2.0,29.0,368.0,45237.3265637856,23422.054813021,21815.2717507646,50206.3138071986,50206.3138071986,0.0,31051.5111500156,link,0.0,0.0,0.0,0.0,0.0,0.0,1933.3491557015846,1460.2603186967845,473.0888370048001,2264.7108268290954,1791.6219898242953,473.0888370048001,0
57.0,2.0,28.0,369.0,21608.0,10785.0,10823.0,13286.09834,0.0,13286.09834,0.0,link,0.0,0.0,0.0,0.0,0.0,0.0,328.97332668077945,328.97332668077945,0.0,416.6615757247795,328.97332668077945,87.688249044,0
57.0,2.0,0.0,370.0,21608.0,10785.0,10823.0,13239.4503,13239.4503,0.0,6137.90628624439,link,0.0,0.0,0.0,0.0,0.0,0.0,328.97332668077945,328.97332668077945,0.0,416.35369866077946,416.35369866077946,0.0,0
59.0,2.0,29.0,373.0,41763.642422810604,21836.3114479028,19927.3309749078,1283.84597521334,0.0,1283.84597521334,0.0,link,0.0,0.0,0.0,0.0,0.0,0.0,1933.4467433262892,1435.9454163259304,497.50132700035874,1941.9201267626972,1435.9454163259304,505.97471043676677,0
59.0,1.0,256.0,374.0,19216.4932546755,0.0,19216.4932546755,45601.2363147721,0.0,45601.2363147721,7511.21430842872,ra,0.0,0.0,-0.0,0.0,0.0,0.0,196.5331673228629,0.0,196.5331673228629,497.50132700035874,0.0,497.50132700035874,0
59.0,0.0,257.0,375.0,20475.1773120066,20475.1773120066,0.0,35822.2262049974,35822.2262049974,0.0,8275.34026605958,ra,0.0,-0.0,0.0,0.0,0.0,0.0,1435.9454163259304,1435.9454163259304,0.0,1672.3721092789133,1672.3721092789133,0.0,0
59.0,0.0,259.0,376.0,11226.9471972143,11226.9471972143,0.0,49806.4401420284,49806.4401420284,0.0,25939.71611319,ra,41.0,41.0,0.0,2001.0946142163007,2001.0946142163007,0.0,1672.3721092789133,1672.3721092789133,0.0,0.0,0.0,0.0,1
59.0,1.0,260.0,377.0,8142.41876965786,0.0,8142.41876965786,29777.7526246762,0.0,29777.7526246762,26235.4919576393,ra,0.0,0.0,-0.0,0.0,0.0,0.0,0.0,0.0,0.0,196.5331673228629,0.0,196.5331673228629,0
59.0,2.0,0.0,378.0,19030.16772086208,11064.8956674036,7965.27205345848,2435.90780092023,2435.90780092023,0.0,27032.7504548799,link,0.0,0.0,0.0,0.0,0.0,0.0,0.0,0.0,0.0,16.076991486073513,16.076991486073513,0.0,0
60.0,2.0,29.0,379.0,15204.99963875321,7325.99983936264,7878.99979939057,11795.2375990215,0.0,11795.2375990215,0.0,link,0.0,0.0,0.0,0.0,0.0,0.0,688.1524309561989,577.2817230200362,110.87070793616267,766.0009991097409,577.2817230200362,188.71927608970458,0
60.0,2.0,258.0,380.0,13825.298552554461,6712.48148642337,7112.81706613109,32434.0617440321,15635.4696324923,16798.5921115398,10738.6315701673,ra,14.0,14.0,0.0,680.4758225944854,680.4758225944854,0.0,577.2817230200362,577.2817230200362,0.0,110.87070793616267,0.0,110.87070793616267,1
60.0,2.0,0.0,381.0,9900.0011340695,4967.00050429217,4933.00062977733,11762.8859764568,11762.8859764568,0.0,22135.2935483001,link,0.0,0.0,0.0,0.0,0.0,0.0,0.0,0.0,0.0,77.63504744461488,77.63504744461488,0.0,0
