Time of calculation: 20210907-164810; value of objective: 176.89531859080944;  acc=20;  ec=0.25;  e_tax=0.15;  cfix=50000;  cvar=10000;  eta=0.003;  cars=20;  i=0.05;  T=10
highway,name,dist_along_highway,direction,asfinag_type,traffic_flow,traffic_flow_0,energy_demand,energy_demand_0,pXi_dir,pYi_dir,pYi_dir_0,pE_charged,pE_charged_0,pE_input,pE_input_0,pE_output,pE_output_0,traffic_flow_1,energy_demand_1,pYi_dir_1,pE_charged_1,pE_input_1,pE_output_1
A1,'Parkplatz Großraum’,18630.868491944,2.0,2.0,25490.00000000002,12193.00000000001,59974.325349551305,45433.23590445468,1.0,1.0,1.0,103.35397604528032,103.35397604528032,0.0,0.0,76.56900000337362,32.94573166808374,13297.00000000001,14541.089445096624,-0.0,0.0,0.0,43.62326833528987
A1,'Steinhäusl',24098.6768115261,2.0,0.0,63195.99999999913,31485.99999999933,111561.50482266734,34431.882550071685,0.0,1.0,0.0,275.0121351530768,0.0,76.56900000337362,32.94573166808374,136.2413793182988,136.2413793182988,31709.9999999998,77129.62227259565,1.0,275.0121351530768,43.62326833528987,0.0
A1,'Kesselhof',36260.395870592,1.0,1.0,30234.999996719125,0.0,109130.9556998184,0.0,1.0,1.0,0.0,327.3928670994552,0.0,0.0,0.0,0.0,0.0,30234.999996719125,109130.9556998184,1.0,327.3928670994552,0.0,0.0
A1,'Kirchstetten',36262.0457582593,0.0,1.0,29897.99999542764,29897.99999542764,72732.0809427628,72732.0809427628,1.0,1.0,1.0,354.4376221465872,354.4376221465872,136.2413793182988,136.2413793182988,0.0,0.0,0.0,0.0,0.0,0.0,0.0,0.0
A1,'St. Pölten',54307.519355239,2.0,0.0,71148.0,35583.0,227454.84943410664,128422.41740026572,1.0,2.0,1.0,546.1231689840212,249.0258728824984,0.0,0.0,136.2413793182988,136.2413793182988,35565.0,99032.43203384092,1.0,297.0972961015228,0.0,0.0
A1,'Roggendorf',68150.1264307181,0.0,1.0,28377.0,28377.0,78562.33219617409,78562.33219617409,1.0,1.0,1.0,371.9283759068211,371.9283759068211,136.2413793182988,136.2413793182988,0.0,0.0,0.0,0.0,0.0,0.0,0.0,0.0
A1,'Schallaburg',68230.25688284212,1.0,1.0,29188.0,0.0,136934.36037638842,0.0,1.0,1.0,0.0,400.0,0.0,0.0,0.0,10.803081129165264,0.0,29188.0,136934.36037638842,1.0,400.0,0.0,10.803081129165264
A1,'Ornding',79331.7433566839,0.0,1.0,27048.0,27048.0,60488.07492270462,60488.07492270462,1.0,1.0,1.0,181.46422476811387,181.46422476811387,0.0,0.0,0.0,0.0,0.0,0.0,0.0,0.0,0.0,0.0
A1,'Ybbs',91687.56131897827,1.0,0.0,27161.40445083877,0.0,104129.25066774736,0.0,1.0,1.0,0.0,186.94945381410855,0.0,10.803081129165264,0.0,136.2413793182988,0.0,27161.40445083877,104129.25066774736,1.0,186.94945381410855,10.803081129165264,136.2413793182988
A1,'Kemmelbach',92757.6672485543,0.0,0.0,26898.000000000207,26898.000000000207,72226.10016870651,72226.10016870651,1.0,1.0,1.0,216.67830050611954,216.67830050611954,0.0,0.0,0.0,0.0,0.0,0.0,0.0,0.0,0.0,0.0
A1,'Viehdorf',110788.117558731,0.0,1.0,25545.0,25545.0,92117.57063469278,92117.57063469278,1.0,1.0,1.0,212.41305696927463,212.41305696927463,0.0,0.0,63.9396549348037,63.9396549348037,0.0,0.0,0.0,0.0,0.0,0.0
A1,'Amstetten',110856.16706177368,1.0,1.0,25407.0,0.0,56128.53142796268,0.0,1.0,1.0,0.0,304.6269736021868,0.0,136.2413793182988,0.0,0.0,0.0,25407.0,56128.53142796268,1.0,304.6269736021868,136.2413793182988,0.0
A1,'Parkplatz Zeillern’,115669.740972646,0.0,2.0,24685.0,24685.0,24100.57479449837,24100.57479449837,-0.0,0.0,-0.0,0.0,0.0,63.9396549348037,63.9396549348037,136.2413793182988,136.2413793182988,0.0,0.0,0.0,0.0,0.0,0.0
A1,'Oed',121902.04643123144,1.0,2.0,26849.692063066555,0.0,69822.67372138261,0.0,1.0,1.0,0.0,209.46802116414784,0.0,0.0,0.0,0.0,0.0,26849.692063066555,69822.67372138261,1.0,209.46802116414784,0.0,0.0
A1,'Strengberg',127419.883969473,0.0,0.0,25773.0,25773.0,60567.28709144443,60567.28709144443,1.0,1.0,1.0,317.9432405926321,317.9432405926321,136.2413793182988,136.2413793182988,0.0,0.0,0.0,0.0,0.0,0.0,0.0,0.0
A1,'Haag',134904.5556513331,1.0,0.0,28172.0,0.0,72532.38382040545,0.0,1.0,1.0,0.0,217.59715146121636,0.0,0.0,0.0,0.0,0.0,28172.0,72532.38382040545,1.0,217.59715146121636,0.0,0.0
A1,'Ennsblick',138438.777669938,0.0,2.0,27181.0,27181.0,59900.9099344678,59900.9099344678,1.0,1.0,1.0,43.46135048510459,43.46135048510459,0.0,0.0,136.2413793182988,136.2413793182988,0.0,0.0,0.0,0.0,0.0,0.0
A1,'Parkplatz Ennsdorf’,144219.521808836,0.0,2.0,26232.408315204048,26232.408315204048,30328.56812345904,30328.56812345904,1.0,1.0,1.0,172.4083802825046,172.4083802825046,136.2413793182988,136.2413793182988,54.81870340617134,54.81870340617134,0.0,0.0,0.0,0.0,0.0,0.0
A1,'Enns Süd',147777.689227296,1.0,1.0,29648.737115098505,0.0,86236.69930607454,0.0,1.0,1.0,0.0,258.71009791822365,0.0,0.0,0.0,0.0,0.0,29648.737115098505,86236.69930607454,1.0,258.71009791822365,0.0,0.0
A1,'Enns Nord',148036.797393782,0.0,1.0,29791.88732837659,29791.88732837659,22744.768825614865,22744.768825614865,-0.0,0.0,-0.0,0.0,0.0,54.81870340617134,54.81870340617134,123.05300988301593,123.05300988301593,0.0,0.0,0.0,0.0,0.0,0.0
A1,'Ansfelden Nord',162316.504436048,0.0,0.0,48225.58896718505,48225.58896718505,137729.45647842763,137729.45647842763,1.0,1.0,1.0,400.0,400.0,123.05300988301593,123.05300988301593,136.2413793182988,136.2413793182988,0.0,0.0,0.0,0.0,0.0,0.0
A1,'Ansfelden Süd',162320.75373815486,1.0,0.0,46681.64620523784,0.0,108599.64670259575,0.0,1.0,1.0,0.0,325.79894010778725,0.0,0.0,0.0,0.0,0.0,46681.64620523784,108599.64670259575,1.0,325.79894010778725,0.0,0.0
A1,'Allhaming Nord',173899.962969708,0.0,1.0,22478.0,22478.0,52074.59618392183,52074.59618392183,1.0,1.0,1.0,292.4651678700643,292.4651678700643,136.2413793182988,136.2413793182988,0.0,0.0,0.0,0.0,0.0,0.0,0.0,0.0
A1,'Allhaming Süd',173952.69643198498,1.0,1.0,22273.000000000004,0.0,132032.00498622246,0.0,1.0,1.0,0.0,396.09601495866735,0.0,0.0,0.0,0.0,0.0,22273.000000000004,132032.00498622246,1.0,396.09601495866735,0.0,0.0
A1,'Lindach Süd',203592.17135368893,1.0,0.0,24205.0,0.0,88500.71292866129,0.0,1.0,1.0,0.0,260.1414193891571,0.0,0.0,0.0,5.360719396826823,0.0,24205.0,88500.71292866129,1.0,260.1414193891571,0.0,5.360719396826823
A1,'Lindach Nord',203639.738600817,0.0,0.0,24091.0,24091.0,143292.1869458095,143292.1869458095,1.0,1.0,1.0,293.6351815191297,293.6351815191297,0.0,0.0,136.2413793182988,136.2413793182988,0.0,0.0,0.0,0.0,0.0,0.0
A1,'Hainbach Süd',221873.6654517392,1.0,1.0,16641.0,0.0,43626.88664049066,0.0,1.0,0.0,0.0,0.0,0.0,5.360719396826823,0.0,136.2413793182988,0.0,16641.0,43626.88664049066,-0.0,0.0,5.360719396826823,136.2413793182988
A1,'Hainbach Nord',222093.800281812,0.0,1.0,15023.0,15023.0,55447.073726717535,55447.073726717535,1.0,1.0,1.0,299.5294425086307,299.5294425086307,136.2413793182988,136.2413793182988,3.0531579898206758,3.0531579898206758,0.0,0.0,0.0,0.0,0.0,0.0
A1,'Straß',234981.9181530464,1.0,1.0,16828.674835497062,0.0,52286.93331258196,0.0,1.0,1.0,0.0,262.248564767434,0.0,136.2413793182988,0.0,30.853614488610717,0.0,16828.674835497062,52286.93331258196,1.0,262.248564767434,136.2413793182988,30.853614488610717
A1,'Wildenhag Nord',235066.348665036,0.0,2.0,17111.546808170722,17111.546808170722,44396.07377615938,44396.07377615938,-0.0,0.0,-0.0,0.0,0.0,3.0531579898206758,3.0531579898206758,136.2413793182988,136.2413793182988,0.0,0.0,0.0,0.0,0.0,0.0
A1,'Oberwang',242460.019486016,0.0,1.0,15727.0,15727.0,23256.052200310536,23256.052200310536,1.0,1.0,1.0,145.79534261240997,145.79534261240997,136.2413793182988,136.2413793182988,60.21419330682046,60.21419330682046,0.0,0.0,0.0,0.0,0.0,0.0
A1,'Mondsee',250516.989637787,2.0,0.0,31060.001681777,15727.000882328592,60471.650280388814,25342.39533715945,0.0,0.0,0.0,0.0,0.0,91.06780779543118,60.21419330682046,272.4827586365976,136.2413793182988,15333.00079944841,35129.25494322937,0.0,0.0,30.853614488610717,136.2413793182988
A1,‘Parkplatz Ölgraben’,260279.124098433,0.0,2.0,18793.0,18793.0,36691.95858378413,36691.95858378413,1.0,1.0,1.0,187.0069834438711,187.0069834438711,136.2413793182988,136.2413793182988,59.31027162578009,59.31027162578009,0.0,0.0,0.0,0.0,0.0,0.0
A1,'Vetterbach',261972.4299011484,1.0,2.0,18111.0,0.0,24972.45872010333,0.0,1.0,1.0,0.0,211.15875547860878,0.0,136.2413793182988,0.0,0.0,0.0,18111.0,24972.45872010333,1.0,211.15875547860878,136.2413793182988,0.0
A1,'Enzersberg',266135.990207015,0.0,2.0,21891.999995182963,21891.999995182963,25643.70256417291,25643.70256417291,0.0,0.0,0.0,0.0,0.0,59.31027162578009,59.31027162578009,136.2413793182988,136.2413793182988,0.0,0.0,0.0,0.0,0.0,0.0
A1,'Salzburger Vorland',268866.709267308,1.0,2.0,21776.0,0.0,38740.09283187072,0.0,1.0,0.0,0.0,0.0,0.0,0.0,0.0,116.22027849561218,0.0,21776.0,38740.09283187072,0.0,0.0,0.0,116.22027849561218
A1,'Söllheim',277761.8444693356,1.0,0.0,28864.53746412181,0.0,82339.63927518326,0.0,1.0,1.0,0.0,363.23919632116196,0.0,116.22027849561218,0.0,0.0,0.0,28864.53746412181,82339.63927518326,1.0,363.23919632116196,116.22027849561218,0.0
A1,'Kasern',279165.959129779,0.0,0.0,38922.8495638266,38922.8495638266,101432.70404041585,101432.70404041585,1.0,1.0,1.0,304.2981121212475,304.2981121212475,136.2413793182988,136.2413793182988,136.2413793182988,136.2413793182988,0.0,0.0,0.0,0.0,0.0,0.0
A1,'Walserberg Nord',291924.308206547,0.0,0.0,12964.000000008587,12964.000000008587,33079.84748626592,33079.84748626592,1.0,1.0,1.0,235.48092177709657,235.48092177709657,136.2413793182988,136.2413793182988,0.0,0.0,0.0,0.0,0.0,0.0,0.0,0.0
A1,'Walserberg Süd',292024.9587453794,1.0,0.0,14880.00000000295,0.0,866.4299233484943,0.0,1.0,1.0,0.0,2.599289770045483,0.0,0.0,0.0,0.0,0.0,14880.00000000295,866.4299233484943,1.0,2.599289770045483,0.0,0.0
A10,'Glanegg/West',1770.48717284199,0.0,2.0,30225.0,30225.0,10702.59495982983,10702.59495982983,0.0,0.0,-0.0,0.0,0.0,0.0,0.0,32.10778487948949,32.10778487948949,0.0,0.0,0.0,0.0,0.0,0.0
A10,'Untersberg/Ost',1898.0363624747013,1.0,2.0,30061.000000000004,0.0,79010.53992075191,0.0,1.0,1.0,0.0,100.79024044395692,0.0,0.0,0.0,136.2413793182988,0.0,30061.000000000004,79010.53992075191,1.0,100.79024044395692,0.0,136.2413793182988
A10,'Bruderloch',15039.738222152006,1.0,2.0,24652.0,0.0,55144.783875779045,0.0,1.0,1.0,0.0,301.67573094563596,0.0,136.2413793182988,0.0,0.0,0.0,24652.0,55144.783875779045,1.0,301.67573094563596,136.2413793182988,0.0
A10,'Golling Ost',26224.385284414508,1.0,0.0,19647.000947721,0.0,83619.98278708423,0.0,1.0,1.0,0.0,203.83960470938038,0.0,0.0,0.0,47.02034365187231,0.0,19647.000947721,83619.98278708423,1.0,203.83960470938038,0.0,47.02034365187231
A10,'Golling West',26258.7424632438,0.0,0.0,19875.000668287423,19875.000668287423,97340.81805238585,97340.81805238585,1.0,1.0,1.0,187.88885971834821,187.88885971834821,32.10778487948949,32.10778487948949,136.2413793182988,136.2413793182988,0.0,0.0,0.0,0.0,0.0,0.0
A10,'Werfen',37817.9338569016,0.0,2.0,18631.68277998504,18631.68277998504,43073.43744795307,43073.43744795307,1.0,1.0,1.0,223.73536351104002,223.73536351104002,136.2413793182988,136.2413793182988,41.72632815111804,41.72632815111804,0.0,0.0,0.0,0.0,0.0,0.0
A10,'Klausgraben West’,47504.5194915941,0.0,2.0,16224.0,16224.0,31431.033067450226,31431.033067450226,0.0,0.0,0.0,0.0,0.0,41.72632815111804,41.72632815111804,136.0194273534687,136.0194273534687,0.0,0.0,0.0,0.0,0.0,0.0
A10,'Klausgraben Ost’,47504.98251388223,1.0,2.0,16076.0,0.0,29740.34522214217,0.0,1.0,0.0,0.0,0.0,0.0,47.02034365187231,0.0,136.2413793182988,0.0,16076.0,29740.34522214217,0.0,0.0,47.02034365187231,136.2413793182988
A10,'Eben Nord',56754.9032721997,2.0,0.0,31317.14723412229,15997.1632592005,29666.83094409501,29595.979909721613,1.0,1.0,1.0,225.02931904746384,225.02931904746384,139.93196477668837,136.241379318299,3.9031385615095604,0.0,15319.983974921792,70.85103437339785,-0.0,0.0,3.690585458389367,3.9031385615095604
A10,'Eben Süd',56778.0270021231,2.0,0.0,31290.578291916747,15997.416619605658,62778.68389280418,73.98398827676816,-0.0,1.0,-0.0,320.66489357349167,0.0,272.2608066717675,136.0194273534687,139.93196477668837,136.241379318299,15293.16167231109,62704.69990452741,1.0,320.66489357349167,136.2413793182988,3.690585458389367
A10,'Rohr',68791.6930993305,0.0,2.0,10976.0,10976.0,26372.39981658969,26372.39981658969,0.0,0.0,0.0,0.0,0.0,0.0,0.0,79.11719944976906,79.11719944976906,0.0,0.0,0.0,0.0,0.0,0.0
A10,'Tauernalm',77278.9218622281,2.0,0.0,21522.867721662766,10903.654559151322,62621.10903795552,18508.36211902574,-0.0,0.0,-0.0,0.0,0.0,83.02033801127862,79.11719944976906,270.88366512514506,134.64228580684627,10619.213162511443,44112.74691892978,-0.0,0.0,3.9031385615095604,136.2413793182988
A10,'Lungau',95447.7334893185,0.0,0.0,10877.0,10877.0,39524.43281357246,39524.43281357246,1.0,1.0,1.0,253.21558424756364,253.21558424756364,134.64228580684627,134.64228580684627,0.0,0.0,0.0,0.0,0.0,0.0,0.0,0.0
A10,'Lanschütz',98049.1739721768,1.0,1.0,10558.5,0.0,33491.7098286983,0.0,1.0,1.0,0.0,211.14103077308505,0.0,136.2413793182988,0.0,25.575478031308663,0.0,10558.5,33491.7098286983,1.0,211.14103077308505,136.2413793182988,25.575478031308663
A10,'Rennweg',109897.179457003,0.0,2.0,6878.0,6878.0,19876.6578731468,19876.6578731468,-0.0,0.0,-0.0,0.0,0.0,0.0,0.0,59.62997361944033,59.62997361944033,0.0,0.0,0.0,0.0,0.0,0.0
A10,'Ried’,113909.24397676944,1.0,2.0,7303.0,0.0,13765.28940829897,0.0,1.0,0.0,0.0,0.0,0.0,25.575478031308663,0.0,66.87134625620557,0.0,7303.0,13765.28940829897,-0.0,0.0,25.575478031308663,66.87134625620557
A10,'Eisentratten',123333.651349287,2.0,0.0,14181.0,6877.999999999999,41606.55508905694,18483.210735025867,-0.0,0.0,-0.0,0.0,0.0,126.50131987564589,59.62997361944033,251.32098514281674,115.07960582451793,7303.0,23123.34435403108,-0.0,0.0,66.87134625620557,136.2413793182988
A10,'Seeboden',139165.05238586848,1.0,2.0,14455.0,0.0,36156.36436141982,0.0,1.0,1.0,0.0,176.5649771260157,0.0,136.2413793182988,0.0,68.14549527654259,0.0,14455.0,36156.36436141982,1.0,176.5649771260157,136.2413793182988,68.14549527654259
A10,'Wolfsberg',139712.580635197,0.0,2.0,14500.0,14500.0,47498.89492913899,47498.89492913899,1.0,1.0,1.0,257.5762906119349,257.5762906119349,115.07960582451793,115.07960582451793,0.0,0.0,0.0,0.0,0.0,0.0,0.0,0.0
A10,'Kamering',151671.57758871172,1.0,2.0,14749.703862513725,0.0,22698.62801391875,0.0,1.0,0.0,0.0,0.0,0.0,68.14549527654259,0.0,136.2413793182988,0.0,14749.703862513725,22698.62801391875,-0.0,0.0,68.14549527654259,136.2413793182988
A10,'Feistritz an der Drau',159366.182248405,2.0,0.0,29679.0,14929.0,122093.03941770023,58681.72369671648,1.0,2.0,1.0,502.5204975713995,176.04517109014944,136.2413793182988,0.0,0.0,0.0,14750.0,63411.31572098375,1.0,326.4753264812501,136.2413793182988,0.0
A11,'St. Niklas/Nord',2126.475415772853,1.0,2.0,7502.999999999998,0.0,10409.086151425914,0.0,1.0,0.0,0.0,0.0,0.0,0.0,0.0,31.227258454277745,0.0,7502.999999999998,10409.086151425914,-0.0,0.0,0.0,31.227258454277745
A11,'Rosegg',9063.09153694166,2.0,0.0,9108.5,4306.5,19444.034231287984,7806.040740767851,1.0,2.0,1.0,89.55936114814169,23.418122222303555,31.227258454277745,0.0,0.0,0.0,4802.0,11637.993490520132,1.0,66.14123892583814,31.227258454277745,0.0
A12,'Langkampfen Süd',2098.380581805528,1.0,2.0,11349.585916642442,0.0,27244.807627465067,0.0,1.0,0.0,0.0,0.0,0.0,0.0,0.0,81.73442288239521,0.0,11349.585916642442,27244.807627465067,-0.0,0.0,0.0,81.73442288239521
A12,'Angath Süd',14100.9363699928,2.0,0.0,39222.99999999994,19907.99999999997,56148.108726317056,56144.28825076325,1.0,1.0,1.0,32.203298743955486,32.203298743955486,81.73442288239521,0.0,217.97545031739088,136.22956600833427,19314.99999999997,3.820475553803405,-0.0,0.0,81.73442288239521,81.74588430905662
A12,'Angath Nord',14101.9253618524,2.0,0.0,39222.99999999994,19907.99999999997,86003.91804074345,3.93776998818332,0.0,1.0,0.0,339.7458251213224,0.0,217.97545031739088,136.22956600833427,136.2413793182988,136.2413793182988,19314.99999999997,85999.98027075526,1.0,339.7458251213224,81.74588430905662,0.0
A12,'Münster Nord',35800.7780144102,0.0,1.0,18334.0,18334.0,79565.35290639894,79565.35290639894,1.0,1.0,1.0,374.93743803749567,374.93743803749567,136.2413793182988,136.2413793182988,0.0,0.0,0.0,0.0,0.0,0.0,0.0,0.0
A12,'Münster Süd',36364.41054713728,1.0,1.0,18162.0,0.0,51027.09845672941,0.0,1.0,1.0,0.0,83.54298497407999,0.0,0.0,0.0,69.53831039610824,0.0,18162.0,51027.09845672941,1.0,83.54298497407999,0.0,69.53831039610824
A12,'Vomp',50412.174685648846,1.0,0.0,24431.999999991072,0.0,22234.35630739686,0.0,1.0,0.0,0.0,0.0,0.0,69.53831039610824,0.0,136.2413793182988,0.0,24431.999999991072,22234.35630739686,-0.0,0.0,69.53831039610824,136.2413793182988
A12,'Weer',54863.9041356906,0.0,0.0,24110.000189607712,24110.000189607712,91922.39487971723,91922.39487971723,1.0,1.0,1.0,139.5258053208529,139.5258053208529,0.0,0.0,136.2413793182988,136.2413793182988,0.0,0.0,0.0,0.0,0.0,0.0
A12,'Weer Süd',54962.42769551398,1.0,1.0,24141.001987531265,0.0,44418.90300224902,0.0,1.0,1.0,0.0,133.25670900674706,0.0,136.2413793182988,0.0,136.2413793182988,0.0,24141.001987531265,44418.90300224902,1.0,133.25670900674706,136.2413793182988,136.2413793182988
A12,'Volders/Karlskirche',64162.31571697871,1.0,2.0,27543.0,0.0,89230.8737530959,0.0,1.0,1.0,0.0,400.0,0.0,136.2413793182988,0.0,3.9340005775865166,0.0,27543.0,89230.8737530959,1.0,400.0,136.2413793182988,3.9340005775865166
A12,'Hall in Tirol',66219.4051681823,0.0,2.0,28148.000000002427,28148.000000002427,63926.9286125208,63926.9286125208,1.0,1.0,1.0,319.09875168810856,319.09875168810856,136.2413793182988,136.2413793182988,8.923413467752681,8.923413467752681,0.0,0.0,0.0,0.0,0.0,0.0
A12,'Ampaß',72190.0469737862,0.0,0.0,35539.999996608014,35539.999996608014,42439.32195018204,42439.32195018204,0.0,0.0,0.0,0.0,0.0,8.923413467752681,8.923413467752681,136.2413793182988,136.2413793182988,0.0,0.0,0.0,0.0,0.0,0.0
A12,'Sieglanger',80360.78243322166,1.0,2.0,31124.79343149019,0.0,96002.72792906982,0.0,1.0,1.0,0.0,291.942184364796,0.0,3.9340005775865166,0.0,0.0,0.0,31124.79343149019,96002.72792906982,1.0,291.942184364796,3.9340005775865166,0.0
A12,'Kematen',85979.7305910282,0.0,2.0,27475.052704552163,27475.052704552163,75774.45683256471,75774.45683256471,1.0,1.0,1.0,363.56474981599297,363.56474981599297,136.2413793182988,136.2413793182988,0.0,0.0,0.0,0.0,0.0,0.0,0.0,0.0
A12,'Zirl-Inzing',91908.2028374514,0.0,1.0,12.040962292989608,12.040962292989608,14.27690215484344,14.27690215484344,-0.0,0.0,-0.0,0.0,0.0,0.0,0.0,0.04283070646453032,0.04283070646453032,0.0,0.0,0.0,0.0,0.0,0.0
A12,'Pettnau',95783.0097550487,2.0,0.0,110.94908174423618,55.26010321034831,126.29895509263295,42.8244460373196,-0.0,0.0,-0.0,0.0,0.0,0.04283070646453032,0.04283070646453032,0.42172757174242925,0.17130404457648915,55.68897853388787,83.47450905531335,-0.0,0.0,0.0,0.2504235271659401
A12,'Telfs Süd',103277.71618107129,1.0,2.0,13364.77793940172,0.0,40593.43969968125,0.0,1.0,1.0,0.0,122.03074262620969,0.0,0.2504235271659401,0.0,0.0,0.0,13364.77793940172,40593.43969968125,1.0,122.03074262620969,0.2504235271659401,0.0
A12,'Telfs Nord',103285.022651291,0.0,2.0,14213.46393941228,14213.46393941228,21325.917954749177,21325.917954749177,-0.0,0.0,-0.0,0.0,0.0,0.17130404457648915,0.17130404457648915,64.14905790882402,64.14905790882402,0.0,0.0,0.0,0.0,0.0,0.0
A12,'Haiming Süd',118464.44052611433,1.0,2.0,10702.0,0.0,32071.44946573905,0.0,1.0,0.0,0.0,0.0,0.0,0.0,0.0,96.21434839721708,0.0,10702.0,32071.44946573905,0.0,0.0,0.0,96.21434839721708
A12,'Imst Süd',133448.2984338601,1.0,2.0,9240.0,0.0,3679.211043330161,0.0,1.0,0.0,0.0,0.0,0.0,96.21434839721708,0.0,107.25198152720756,0.0,9240.0,3679.211043330161,-0.0,0.0,96.21434839721708,107.25198152720756
A12,'Imst Nord',133786.71793032,0.0,2.0,10262.0,10262.0,62601.679390679135,62601.679390679135,1.0,1.0,1.0,125.88746248787206,125.88746248787206,64.14905790882402,64.14905790882402,126.06663359298936,126.06663359298936,0.0,0.0,0.0,0.0,0.0,0.0
A12,'Mils',135439.213500597,2.0,0.0,19502.000000000833,10262.00000000003,21880.454342200093,3391.5819084364844,0.0,1.0,0.0,162.7185988284984,0.0,233.3186151201969,126.06663359298936,136.2413793182988,136.2413793182988,9240.000000000804,18488.87243376361,1.0,162.7185988284984,107.25198152720756,0.0
A12,'Kronburg Zams',142654.069747162,0.0,2.0,10312.0,10312.0,14879.919522915665,14879.919522915665,1.0,1.0,1.0,180.8811378870458,180.8811378870458,136.2413793182988,136.2413793182988,0.0,0.0,0.0,0.0,0.0,0.0,0.0,0.0
A13,'Patsch',6206.23253742273,0.0,2.0,21023.0,21023.0,26094.725326847616,26094.725326847616,-0.0,0.0,-0.0,0.0,0.0,0.0,0.0,78.28417598054286,78.28417598054286,0.0,0.0,0.0,0.0,0.0,0.0
A13,'Europabrücke',8216.48207038687,2.0,0.0,41638.0,21023.0,32388.52662410629,8452.295186301024,-0.0,0.0,-0.0,0.0,0.0,78.28417598054286,78.28417598054286,175.44975585286173,103.64106153944593,20615.0,23936.231437805265,-0.0,0.0,0.0,71.8086943134158
A13,'Gschleirs',14022.01964928701,1.0,2.0,14822.0,0.0,8546.704281737466,0.0,1.0,1.0,0.0,89.22455705725704,0.0,71.8086943134158,0.0,8.224250101371162,0.0,14822.0,8546.704281737466,1.0,89.22455705725704,71.8086943134158,8.224250101371162
A13,'Matrei West',16740.4669423396,0.0,0.0,15161.0,15161.0,25846.426928735076,25846.426928735076,1.0,1.0,1.0,163.9968181316819,163.9968181316819,103.64106153944593,103.64106153944593,17.18352419396928,17.18352419396928,0.0,0.0,0.0,0.0,0.0,0.0
A13,'Matrei Ost',16905.1340338969,2.0,0.0,29983.0,15161.0,16734.88229651622,499.30355502003806,-0.0,0.0,-0.0,0.0,0.0,25.40777429534044,17.18352419396928,75.61242118488912,18.681434859029395,14822.0,16235.578741496183,-0.0,0.0,8.224250101371162,56.93098632585971
A13,'Wipptalerhof Ost',22381.98558614899,1.0,2.0,10896.000000000471,0.0,2559.258804025108,0.0,1.0,0.0,0.0,0.0,0.0,56.93098632585971,0.0,64.60876273793504,0.0,10896.000000000471,2559.258804025108,0.0,0.0,56.93098632585971,64.60876273793504
A13,'Wipptalerhof West',22510.6658632038,0.0,2.0,11615.000000000608,11615.000000000608,13021.650439480618,13021.650439480618,-0.0,0.0,-0.0,0.0,0.0,18.681434859029395,18.681434859029395,57.74638617747125,57.74638617747125,0.0,0.0,0.0,0.0,0.0,0.0
A13,'Plon',23556.38848814284,1.0,2.0,10896.000000525348,0.0,9061.729580812427,0.0,1.0,0.0,0.0,0.0,0.0,64.60876273793504,0.0,91.79395148037227,0.0,10896.000000525348,9061.729580812427,-0.0,0.0,64.60876273793504,91.79395148037227
A13,'Nößlach',27714.6711516779,2.0,1.0,23614.719600115088,12027.916375220364,15947.459093046526,12518.668085194196,-0.0,0.0,-0.0,0.0,0.0,149.5403376578435,57.74638617747125,197.38271493698284,95.30239043305384,11586.803224894726,3428.791007852329,-0.0,0.0,91.79395148037227,102.080324503929
A13,'Gries Ost',29194.281593531843,1.0,0.0,11601.99774413572,0.0,11387.018271456627,0.0,1.0,0.0,0.0,0.0,0.0,102.080324503929,0.0,136.24137931829884,0.0,11601.99774413572,11387.018271456627,-0.0,0.0,102.080324503929,136.24137931829884
A13,'Gries West',29475.082108025,0.0,0.0,12036.99974796117,12036.99974796117,4238.013247571624,4238.013247571624,-0.0,0.0,-0.0,0.0,0.0,95.30239043305384,95.30239043305384,108.01643017576872,108.01643017576872,0.0,0.0,0.0,0.0,0.0,0.0
A13,'Brennersee - Fröhlich',32553.8800139104,0.0,2.0,12036.999999999998,12036.999999999998,7411.89807862851,7411.89807862851,-0.0,0.0,-0.0,0.0,0.0,108.01643017576872,108.01643017576872,130.25212441165425,130.25212441165425,0.0,0.0,0.0,0.0,0.0,0.0
A13,'Brennersee',33383.1640141658,0.0,0.0,12037.0,12037.0,1996.4183022148509,1996.4183022148509,-0.0,0.0,-0.0,0.0,0.0,130.25212441165425,130.25212441165425,136.2413793182988,136.2413793182988,0.0,0.0,0.0,0.0,0.0,0.0
A13,'Brennerpaß',34101.6339834305,2.0,0.0,23639.0,12037.0,2518.35924678212,1729.6446040078497,1.0,2.0,1.0,280.037836376944,141.43031313032236,272.4827586365976,136.2413793182988,0.0,0.0,11602.0,788.7146427742703,1.0,138.60752324662164,136.24137931829884,0.0
A14,'Hörbranz’,243.611315270031,2.0,1.0,11914.47538487758,11914.47538487758,580.5002038524873,580.5002038524873,0.0,0.0,-0.0,0.0,0.0,0.0,0.0,1.7415006115574618,1.7415006115574618,0.0,0.0,0.0,0.0,0.0,0.0
A14,'Dornbirn Ost',14950.2843690996,0.0,2.0,22911.03673497288,22911.03673497288,67389.02531710501,67389.02531710501,1.0,1.0,1.0,203.9085765628725,203.9085765628725,1.7415006115574618,1.7415006115574618,0.0,0.0,0.0,0.0,0.0,0.0,0.0,0.0
A14,'Dornbirn West',15133.748470007851,1.0,2.0,22722.016745829165,0.0,41625.833131294086,0.0,1.0,0.0,0.0,0.0,0.0,0.0,0.0,124.87749939388226,0.0,22722.016745829165,41625.833131294086,-0.0,0.0,0.0,124.87749939388226
A14,'Hohenems',24293.5500837741,2.0,0.0,53333.40958305027,26852.092271153047,99887.79432069209,50177.24661686807,1.0,2.0,1.0,424.5408823559586,150.53173985060423,124.87749939388226,0.0,0.0,0.0,26481.317311897223,49710.54770382402,1.0,274.00914250535436,124.87749939388226,0.0
A14,'Rankweil West',33309.0188255742,0.0,2.0,22794.137882745563,22794.137882745563,41099.967515634846,41099.967515634846,0.0,0.0,0.0,0.0,0.0,0.0,0.0,123.29990254690453,123.29990254690453,0.0,0.0,0.0,0.0,0.0,0.0
A14,'Rankweil Ost',33679.515879646875,1.0,2.0,21949.59270656767,0.0,56638.93075952544,0.0,1.0,1.0,0.0,102.33584178601677,0.0,0.0,0.0,67.58095049255957,0.0,21949.59270656767,56638.93075952544,1.0,102.33584178601677,0.0,67.58095049255957
A14,'Schlins Ost',46581.56183482721,1.0,2.0,13492.0,0.0,22886.80960857976,0.0,1.0,0.0,0.0,0.0,0.0,67.58095049255957,0.0,136.24137931829884,0.0,13492.0,22886.80960857976,0.0,0.0,67.58095049255957,136.24137931829884
A14,'Schlins West',46706.4427723299,0.0,2.0,13115.0,13115.0,35141.4430123402,35141.4430123402,1.0,1.0,1.0,228.72423158392513,228.72423158392513,123.29990254690453,123.29990254690453,0.0,0.0,0.0,0.0,0.0,0.0,0.0,0.0
A14,'Nüziders',55063.184132699935,1.0,2.0,13282.144454187704,0.0,16978.23001179576,0.0,1.0,1.0,0.0,187.17606935368613,0.0,136.24137931829884,0.0,0.0,0.0,13282.144454187704,16978.23001179576,1.0,187.17606935368613,136.24137931829884,0.0
A2,'Guntramsdorf',14491.7204156085,2.0,0.0,106539.06083225424,54671.885978190505,341487.50792376685,158457.9372379927,1.0,3.0,1.0,781.1888422892212,368.34150955019754,0.0,0.0,243.27368148207938,107.03230216378057,51867.174854063735,183029.57068577415,2.0,412.84733273902367,0.0,136.2413793182988
A2,'Leobersdorf',32135.78635912251,1.0,1.0,39540.0,0.0,56942.7469960044,0.0,1.0,1.0,0.0,307.06962030631206,0.0,136.2413793182988,0.0,0.0,0.0,39540.0,56942.7469960044,1.0,307.06962030631206,136.2413793182988,0.0
A2,'Triestingtal',32178.6647084555,0.0,1.0,40445.0,40445.0,143069.6923848394,143069.6923848394,1.0,1.0,1.0,400.0,400.0,107.03230216378057,107.03230216378057,136.2413793182988,136.2413793182988,0.0,0.0,0.0,0.0,0.0,0.0
A2,'Föhrenberg',39336.43721850597,1.0,0.0,39539.98215618593,0.0,93778.97588690846,0.0,1.0,1.0,0.0,145.09554834242658,0.0,0.0,0.0,136.2413793182988,0.0,39539.98215618593,93778.97588690846,1.0,145.09554834242658,0.0,136.2413793182988
A2,'Bad Fischau',41055.0424707906,0.0,0.0,37535.00000001001,37535.00000001001,66634.96786186735,66634.96786186735,1.0,1.0,1.0,336.1462829039009,336.1462829039009,136.2413793182988,136.2413793182988,0.0,0.0,0.0,0.0,0.0,0.0,0.0,0.0
A2,'Steinfeld',50293.5581403013,0.0,1.0,32434.00031526797,32434.00031526797,59928.40402750363,59928.40402750363,1.0,1.0,1.0,179.7852120825109,179.7852120825109,0.0,0.0,0.0,0.0,0.0,0.0,0.0,0.0,0.0,0.0
A2,'Wr. Neustadt',51195.19015325369,1.0,1.0,31158.00000000052,0.0,64946.245808602434,0.0,1.0,1.0,0.0,331.08011674410614,0.0,136.2413793182988,0.0,0.0,0.0,31158.00000000052,64946.245808602434,1.0,331.08011674410614,136.2413793182988,0.0
A2,'Witzelsberg',60871.6252483588,0.0,2.0,21168.0000351488,21168.0000351488,44783.30498303353,44783.30498303353,0.0,0.0,0.0,0.0,0.0,0.0,0.0,134.3499149491006,134.3499149491006,0.0,0.0,0.0,0.0,0.0,0.0
A2,'Gleissenfeld',61617.27209185715,1.0,2.0,18726.0,0.0,64345.96758390277,0.0,1.0,1.0,0.0,193.03790275170832,0.0,0.0,0.0,0.0,0.0,18726.0,64345.96758390277,1.0,193.03790275170832,0.0,0.0
A2,'Zöbern',78798.1883537131,2.0,0.0,34076.0,17853.0,89918.35315876396,64008.58622397808,1.0,1.0,1.0,326.3756736210348,326.3756736210348,134.3499149491006,134.3499149491006,77.72930080435764,0.0,16222.999999999998,25909.76693478588,0.0,0.0,0.0,77.72930080435764
A2,'Schäffern Ost',86783.69255601408,1.0,1.0,16223.0,0.0,36516.98737256809,0.0,1.0,1.0,0.0,187.28026292206192,0.0,77.72930080435764,0.0,0.0,0.0,16223.0,36516.98737256809,1.0,187.28026292206192,77.72930080435764,0.0
A2,'Pinkafeld/Ost',98038.38878130166,1.0,2.0,14325.0,0.0,21727.470606480947,0.0,1.0,0.0,0.0,0.0,0.0,0.0,0.0,65.18241181944265,0.0,14325.0,21727.470606480947,-0.0,0.0,0.0,65.18241181944265
A2,'Pinkafeld/West',98046.5759014359,0.0,2.0,15628.999999999998,15628.999999999998,60166.60979667192,60166.60979667192,1.0,1.0,1.0,177.4068127182614,177.4068127182614,0.0,0.0,3.0930166717543557,3.0930166717543557,0.0,0.0,0.0,0.0,0.0,0.0
A2,'Loipersdorf',105622.148155292,2.0,0.0,27899.0,14612.0,41927.32661100403,22138.85235466905,-0.0,0.0,-0.0,0.0,0.0,68.275428491197,3.0930166717543557,194.0574083242091,69.5095737357615,13287.0,19788.474256334976,-0.0,0.0,65.18241181944265,124.54783458844759
A2,'St. Johann/Süd',113068.7027787336,1.0,2.0,13287.000477266132,0.0,55839.649052042776,0.0,1.0,1.0,0.0,292.0667817445759,0.0,124.54783458844759,0.0,0.0,0.0,13287.000477266132,55839.649052042776,1.0,292.0667817445759,124.54783458844759,0.0
A2,'St. Johann/Nord',113233.643056353,0.0,2.0,14612.067329295864,14612.067329295864,22243.9351941791,22243.9351941791,-0.0,0.0,-0.0,0.0,0.0,69.5095737357615,69.5095737357615,136.2413793182988,136.2413793182988,0.0,0.0,0.0,0.0,0.0,0.0
A2,'Hainersdorf',133858.629815434,0.0,1.0,16034.999999999998,16034.999999999998,66144.33253637272,66144.33253637272,1.0,1.0,1.0,334.674376927417,334.674376927417,136.2413793182988,136.2413793182988,0.0,0.0,0.0,0.0,0.0,0.0,0.0,0.0
A2,'Bad Blumau',134081.5902049001,1.0,1.0,14879.0,0.0,39913.51522050828,0.0,1.0,1.0,0.0,119.74054566152483,0.0,0.0,0.0,0.0,0.0,14879.0,39913.51522050828,1.0,119.74054566152483,0.0,0.0
A2,'Ilztal/Nord ',147494.29106534377,1.0,2.0,16946.156088329924,0.0,22142.864532986783,0.0,1.0,0.0,0.0,0.0,0.0,0.0,0.0,66.4285935989603,0.0,16946.156088329924,22142.864532986783,-0.0,0.0,0.0,66.4285935989603
A2,'Arnwiesen',154027.591129845,2.0,0.0,36495.0010822289,19529.0004964994,135214.80430038273,78775.931104602,1.0,2.0,1.0,472.0730065001085,236.327793313806,66.4285935989603,0.0,0.0,0.0,16966.000585729496,56438.87319578073,1.0,235.7452131863025,66.4285935989603,0.0
A2,'Laßnitzhöhe Nord',170265.381017141,0.0,1.0,27470.0,27470.0,89210.41764080411,89210.41764080411,1.0,1.0,1.0,267.63125292241233,267.63125292241233,0.0,0.0,0.0,0.0,0.0,0.0,0.0,0.0,0.0,0.0
A2,'Laßnitzhöhe Süd',170660.52501152034,1.0,1.0,29743.0,0.0,119872.94775893964,0.0,1.0,1.0,0.0,359.61884327681895,0.0,0.0,0.0,0.0,0.0,29743.0,119872.94775893964,1.0,359.61884327681895,0.0,0.0
A2,'Kaiserwald',190811.98043951,2.0,0.0,42649.00410506857,21967.00248080555,212311.14271654992,90269.44009665956,1.0,2.0,1.0,500.692048831351,134.56694097167986,0.0,0.0,136.2413793182988,136.2413793182988,20682.001624263023,122041.70261989038,1.0,366.1251078596711,0.0,0.0
A2,'Herzogberg Nord',220248.196603865,0.0,1.0,8807.00000002098,8807.00000002098,51848.951152018446,51848.951152018446,1.0,1.0,1.0,271.70541753959156,271.70541753959156,136.2413793182988,136.2413793182988,20.082815234762606,20.082815234762606,0.0,0.0,0.0,0.0,0.0,0.0
A2,'Herzogberg Süd',220316.30619024337,1.0,1.0,8120.999999999229,0.0,24362.12024956784,0.0,1.0,0.0,0.0,0.0,0.0,0.0,0.0,73.08636074870353,0.0,8120.999999999229,24362.12024956784,-0.0,0.0,0.0,73.08636074870353
A2,'Pack',235315.764538704,2.0,0.0,16928.0,8807.0,38160.31715828317,26540.01416042541,0.0,0.0,0.0,0.0,0.0,93.16917598346613,20.082815234762606,207.65012745831564,99.70285771603884,8121.0,11620.30299785776,-0.0,0.0,73.08636074870353,107.9472697422768
A2,'Twimberg Süd',242470.24243419603,1.0,2.0,9188.999999999998,0.0,32127.247870774765,0.0,1.0,1.0,0.0,204.3290133546011,0.0,107.9472697422768,0.0,0.0,0.0,9188.999999999998,32127.247870774765,1.0,204.3290133546011,107.9472697422768,0.0
A2,'Twimberg Nord',242509.803050667,0.0,2.0,8465.0,8465.0,12179.507200753324,12179.507200753324,-0.0,0.0,-0.0,0.0,0.0,99.70285771603884,99.70285771603884,136.2413793182988,136.2413793182988,0.0,0.0,0.0,0.0,0.0,0.0
A2,'Fischering',259951.60486252053,1.0,2.0,10919.0,0.0,19551.33767538838,0.0,1.0,0.0,0.0,0.0,0.0,0.0,0.0,58.6540130261651,0.0,10919.0,19551.33767538838,-0.0,0.0,0.0,58.6540130261651
A2,'St. Ändra',262955.564385614,0.0,2.0,11358.00000168869,11358.00000168869,46444.591455370966,46444.591455370966,1.0,1.0,1.0,275.5751536844117,275.5751536844117,136.2413793182988,136.2413793182988,0.0,0.0,0.0,0.0,0.0,0.0,0.0,0.0
A2,'Gönitz/Süd',268904.5024151299,1.0,2.0,11607.0,0.0,37377.393330790575,0.0,1.0,1.0,0.0,170.78619301853684,0.0,58.6540130261651,0.0,0.0,0.0,11607.0,37377.393330790575,1.0,170.78619301853684,58.6540130261651,0.0
A2,'Gönitz/Nord',268950.328363809,0.0,2.0,12420.0,12420.0,14890.993721836305,14890.993721836305,-0.0,0.0,-0.0,0.0,0.0,0.0,0.0,44.672981165508915,44.672981165508915,0.0,0.0,0.0,0.0,0.0,0.0
A2,'Haimburg Nord',279134.371458674,0.0,2.0,10779.0,10779.0,21954.76010391007,21954.76010391007,0.0,0.0,0.0,0.0,0.0,44.672981165508915,44.672981165508915,110.53726147723913,110.53726147723913,0.0,0.0,0.0,0.0,0.0,0.0
A2,'Völkermarkt',285005.731557368,2.0,0.0,21133.0,10779.0,43435.933157853426,12657.478100764496,1.0,1.0,1.0,148.50969577953262,148.50969577953262,110.53726147723913,110.53726147723913,92.33536517126679,0.0,10354.0,30778.45505708893,0.0,0.0,0.0,92.33536517126679
A2,'Grafenstein Nord',299840.502393441,0.0,1.0,13362.0,13362.0,39644.441582321415,39644.441582321415,0.0,0.0,0.0,0.0,0.0,0.0,0.0,118.93332474696425,118.93332474696425,0.0,0.0,0.0,0.0,0.0,0.0
A2,'Grafenstein Süd',299868.8062420735,1.0,1.0,13588.0,0.0,64499.09491933329,0.0,1.0,1.0,0.0,222.11873116977006,0.0,92.33536517126679,0.0,63.713918759496636,0.0,13588.0,64499.09491933329,1.0,222.11873116977006,92.33536517126679,63.713918759496636
A2,'Krumpendorf/Nord',319007.818757861,0.0,2.0,19027.00404912327,19027.00404912327,72939.3212153292,72939.3212153292,1.0,1.0,1.0,337.75128839295184,337.75128839295184,118.93332474696425,118.93332474696425,0.0,0.0,0.0,0.0,0.0,0.0,0.0,0.0
A2,'Karawankenblick/Süd',323602.6504131558,1.0,2.0,19384.999372588507,0.0,24175.820186267407,0.0,1.0,0.0,0.0,0.0,0.0,63.713918759496636,0.0,136.24137931829887,0.0,19384.999372588507,24175.820186267407,-0.0,0.0,63.713918759496636,136.24137931829887
A2,'Wörthersee',329838.353526062,2.0,0.0,38076.99999701492,19452.999998289542,75344.6192070109,42137.27856545779,1.0,2.0,1.0,181.56290500991673,81.94088308525734,136.24137931829887,0.0,180.71233192941486,44.47095261111603,18623.99999872538,33207.340641553106,1.0,99.62202192465938,136.24137931829887,136.2413793182988
A2,'Sternberg/Nord',338742.74377299,0.0,2.0,17176.999989573145,17176.999989573145,30590.1422357276,30590.1422357276,0.0,0.0,0.0,0.0,0.0,44.47095261111603,44.47095261111603,136.2413793182988,136.2413793182988,0.0,0.0,0.0,0.0,0.0,0.0
A2,'Sternberg/Süd',338753.5545150617,1.0,2.0,19615.999955893047,0.0,0.0,0.0,1.0,0.0,0.0,0.0,0.0,136.2413793182988,0.0,136.2413793182988,0.0,19615.999955893047,0.0,-0.0,0.0,136.2413793182988,136.2413793182988
A2,'Federaun/Nord',351427.395415953,0.0,2.0,16516.999999999996,16516.999999999996,41902.47823736397,41902.47823736397,1.0,1.0,1.0,261.94881403039074,261.94881403039074,136.2413793182988,136.2413793182988,0.0,0.0,0.0,0.0,0.0,0.0,0.0,0.0
A2,'Federaun/Süd',352548.7130626719,1.0,2.0,14962.99999999167,0.0,53969.28273959185,0.0,1.0,1.0,0.0,298.14922753707435,0.0,136.2413793182988,0.0,0.0,0.0,14962.99999999167,53969.28273959185,1.0,298.14922753707435,136.2413793182988,0.0
A2,'Dreiländereck Süd',363852.388836953,2.0,0.0,29010.99995582863,9394.99999993558,73068.57514847304,23346.56263789885,-0.0,1.0,-0.0,149.1660375317226,0.0,0.0,0.0,70.03968791369654,70.03968791369654,19615.999955893047,49722.0125105742,1.0,149.1660375317226,0.0,0.0
A2,'Dreiländereck Nord',363908.232330081,2.0,0.0,24357.999999829466,9394.999999829468,3460.5851131577715,104.92992358564643,1.0,2.0,1.0,80.42144325316985,70.35447768445349,70.03968791369654,70.03968791369654,0.0,0.0,14963.0,3355.655189572125,1.0,10.066965568716375,0.0,0.0
