Time of calculation: 20210928-125703; value of objective: -1170.8325459187301;  acc=20.0;  ec=0.25;  e_tax=0.15;  cfix=50000;  cvar=10000;  eta=0.011; mu=0.15; tf_at_peak=0.14;  hours_of_constant_charging=20;  i=0.05;  T=10
highway,name,asfinag_position,direction,asfinag_type,traffic_flow,traffic_flow_0,energy_demand,energy_demand_0,pXi_dir,pYi_dir,pYi_dir_0,pE_charged,pE_charged_0,pE_input,pE_input_0,pE_output,pE_output_0,traffic_flow_1,energy_demand_1,pYi_dir_1,pE_charged_1,pE_input_1,pE_output_1
A1,'Parkplatz Großraum’,27.42,2.0,2.0,25490.0,12193.0,59974.3253495514,45433.2359044547,0.0,0.0,0.0,0.0,0.0,0.0,0.0,13.854069155746375,10.495077493929037,13297.0,14541.0894450967,0.0,0.0,0.0,3.358991661817338
A1,'Steinhäusl',32.7,2.0,0.0,63195.9999999991,31485.9999999993,111561.5048226672,34431.8825500717,0.0,0.0,0.0,0.0,0.0,13.854069155746375,10.495077493929037,39.6247767697825,18.4488423629956,31709.9999999998,77129.6222725955,0.0,0.0,3.358991661817338,21.1759344067869
A1,'Kesselhof',44.88,1.0,1.0,30234.9999967191,0.0,109130.955699818,0.0,0.0,0.0,0.0,0.0,0.0,21.1759344067869,0.0,46.38518517344486,0.0,30234.9999967191,109130.955699818,0.0,0.0,21.1759344067869,46.38518517344486
A1,'Kirchstetten',44.88,0.0,1.0,29897.9999954276,29897.9999954276,72732.0809427628,72732.0809427628,0.0,0.0,0.0,0.0,0.0,18.4488423629956,18.4488423629956,35.249953060773805,35.249953060773805,0.0,0.0,0.0,0.0,0.0,0.0
A1,'St. Pölten',62.9,2.0,1.0,71148.0,35583.0,227454.8494341069,128422.417400266,0.0,0.0,0.0,0.0,0.0,81.63513823421866,35.249953060773805,134.17720845349737,64.91553148023524,35565.0,99032.4320338409,0.0,0.0,46.38518517344486,69.26167697326211
A1,'Schallaburg',76.81,1.0,1.0,29188.0,0.0,136934.360376389,0.0,0.0,0.0,0.0,0.0,0.0,69.26167697326211,0.0,100.89351422020808,0.0,29188.0,136934.360376389,0.0,0.0,69.26167697326211,100.89351422020808
A1,'Roggendorf',76.82,0.0,1.0,28377.0,28377.0,78562.3321961741,78562.3321961741,0.0,0.0,0.0,0.0,0.0,64.91553148023524,64.91553148023524,83.06343021755146,83.06343021755146,0.0,0.0,0.0,0.0,0.0,0.0
A1,'Ornding',88.04,0.0,1.0,27048.0,27048.0,60488.0749227046,60488.0749227046,0.0,0.0,0.0,0.0,0.0,83.06343021755146,83.06343021755146,97.03617552469622,97.03617552469622,0.0,0.0,0.0,0.0,0.0,0.0
A1,'Ybbs',100.32,1.0,0.0,27161.4044508388,0.0,104129.250667749,0.0,1.0,3.0,0.0,124.9473711244581,0.0,100.89351422020808,0.0,0.0,0.0,27161.4044508388,104129.250667749,3.0,124.9473711244581,100.89351422020808,0.0
A1,'Kemmelbach',101.38,0.0,0.0,26898.0000000002,26898.0000000002,72226.1001687065,72226.1001687065,0.0,0.0,0.0,0.0,0.0,97.03617552469622,97.03617552469622,113.7204046636676,113.7204046636676,0.0,0.0,0.0,0.0,0.0,0.0
A1,'Viehdorf',118.17,0.0,1.0,25545.0,25545.0,92117.5706346928,92117.5706346928,1.0,3.0,3.0,124.49962677103537,124.49962677103537,113.7204046636676,113.7204046636676,10.499936709246274,10.499936709246274,0.0,0.0,0.0,0.0,0.0,0.0
A1,'Amstetten',119.36,1.0,1.0,25407.0,0.0,56128.5314279588,0.0,0.0,0.0,0.0,0.0,0.0,0.0,0.0,12.965690759858482,0.0,25407.0,56128.5314279588,0.0,0.0,0.0,12.965690759858482
A1,'Parkplatz Zeillern’,124.31,0.0,2.0,24685.0,24685.0,24100.5747944984,24100.5747944984,0.0,0.0,0.0,0.0,0.0,10.499936709246274,10.499936709246274,16.067169486775406,16.067169486775406,0.0,0.0,0.0,0.0,0.0,0.0
A1,'Oed',130.52,1.0,2.0,26849.6920630665,0.0,69822.6737213844,0.0,0.0,0.0,0.0,0.0,0.0,12.965690759858482,0.0,29.09472838949828,0.0,26849.6920630665,69822.6737213844,0.0,0.0,12.965690759858482,29.09472838949828
A1,'Strengberg',136.0,0.0,0.0,25773.0,25773.0,60567.2870914444,60567.2870914444,0.0,0.0,0.0,0.0,0.0,16.067169486775406,16.067169486775406,30.058212804899064,30.058212804899064,0.0,0.0,0.0,0.0,0.0,0.0
A1,'Haag',143.54,1.0,0.0,28172.0,0.0,72532.3838204059,0.0,0.0,0.0,0.0,0.0,0.0,29.09472838949828,0.0,45.849709052012045,0.0,28172.0,72532.3838204059,0.0,0.0,29.09472838949828,45.849709052012045
A1,'Ennsblick',147.1,0.0,2.0,27181.0,27181.0,59900.9099344678,59900.9099344678,0.0,0.0,0.0,0.0,0.0,30.058212804899064,30.058212804899064,43.89532299976113,43.89532299976113,0.0,0.0,0.0,0.0,0.0,0.0
A1,'Parkplatz Ennsdorf’,152.88,0.0,2.0,26232.408315204,26232.408315204,30328.568123459,30328.568123459,0.0,0.0,0.0,0.0,0.0,43.89532299976113,43.89532299976113,50.901222236280155,50.901222236280155,0.0,0.0,0.0,0.0,0.0,0.0
A1,'Enns Süd',156.19,1.0,1.0,29648.7371150985,0.0,86236.6993060754,0.0,0.0,0.0,0.0,0.0,0.0,45.849709052012045,0.0,65.77038659171546,0.0,29648.7371150985,86236.6993060754,0.0,0.0,45.849709052012045,65.77038659171546
A1,'Enns Nord',156.79,0.0,1.0,29791.8873283766,29791.8873283766,22744.7688256149,22744.7688256149,0.0,0.0,0.0,0.0,0.0,50.901222236280155,50.901222236280155,56.1552638349972,56.1552638349972,0.0,0.0,0.0,0.0,0.0,0.0
A1,'Ansfelden Süd',170.93,1.0,0.0,46681.6462052378,0.0,108599.646702595,0.0,0.0,0.0,0.0,0.0,0.0,65.77038659171546,0.0,90.8569049800149,0.0,46681.6462052378,108599.646702595,0.0,0.0,65.77038659171546,90.8569049800149
A1,'Ansfelden Nord',171.01,0.0,0.0,48225.5889671851,48225.5889671851,137729.456478428,137729.456478428,0.0,0.0,0.0,0.0,0.0,56.1552638349972,56.1552638349972,87.97076828151407,87.97076828151407,0.0,0.0,0.0,0.0,0.0,0.0
A1,'Allhaming Süd',182.59,1.0,1.0,22273.0,0.0,132032.004986223,0.0,1.0,3.0,0.0,121.35629813183242,0.0,90.8569049800149,0.0,0.0,0.0,22273.0,132032.004986223,3.0,121.35629813183242,90.8569049800149,0.0
A1,'Allhaming Nord',182.6,0.0,1.0,22478.0,22478.0,52074.5961839218,52074.5961839218,1.0,2.0,2.0,100.0,100.0,87.97076828151407,87.97076828151407,0.0,0.0,0.0,0.0,0.0,0.0,0.0,0.0
A1,'Lindach Nord',212.26,0.0,0.0,24091.0,24091.0,143292.18694581,143292.18694581,0.0,0.0,0.0,0.0,0.0,0.0,0.0,33.100495184482114,33.100495184482114,0.0,0.0,0.0,0.0,0.0,0.0
A1,'Lindach Süd',212.27,1.0,0.0,24205.0,0.0,88500.7129286602,0.0,0.0,0.0,0.0,0.0,0.0,0.0,0.0,20.443664686520503,0.0,24205.0,88500.7129286602,0.0,0.0,0.0,20.443664686520503
A1,'Hainbach Süd',230.7,1.0,1.0,16641.0,0.0,43626.8866404899,0.0,0.0,0.0,0.0,0.0,0.0,20.443664686520503,0.0,30.52147550047367,0.0,16641.0,43626.8866404899,0.0,0.0,20.443664686520503,30.52147550047367
A1,'Hainbach Nord',230.72,0.0,1.0,15023.0,15023.0,55447.0737267175,55447.0737267175,0.0,0.0,0.0,0.0,0.0,33.100495184482114,33.100495184482114,45.90876921535386,45.90876921535386,0.0,0.0,0.0,0.0,0.0,0.0
A1,'Straß',243.67,1.0,1.0,16828.6748354971,0.0,52286.933312582,0.0,0.0,0.0,0.0,0.0,0.0,30.52147550047367,0.0,42.59975709568011,0.0,16828.6748354971,52286.933312582,0.0,0.0,30.52147550047367,42.59975709568011
A1,'Wildenhag Nord',243.76,0.0,2.0,17111.5468081707,17111.5468081707,44396.0737761594,44396.0737761594,0.0,0.0,0.0,0.0,0.0,45.90876921535386,45.90876921535386,56.164262257646676,56.164262257646676,0.0,0.0,0.0,0.0,0.0,0.0
A1,'Oberwang',251.03,0.0,1.0,15727.0,15727.0,23256.0522003105,23256.0522003105,0.0,0.0,0.0,0.0,0.0,56.164262257646676,56.164262257646676,61.5364103159184,61.5364103159184,0.0,0.0,0.0,0.0,0.0,0.0
A1,'Mondsee',259.23,2.0,0.0,31060.001681777,15727.0008823286,60471.650280389,25342.3953371595,1.0,3.0,2.0,117.39050363880224,67.39050363880224,104.1361674115985,61.5364103159184,0.7146149875661294,0.0,15333.0007994484,35129.2549432295,1.0,50.0,42.59975709568011,0.7146149875661294
A1,‘Parkplatz Ölgraben’,268.98,0.0,2.0,18793.0,18793.0,36691.9585837841,36691.9585837841,0.0,0.0,0.0,0.0,0.0,0.0,0.0,8.475842432854128,8.475842432854128,0.0,0.0,0.0,0.0,0.0,0.0
A1,'Vetterbach',270.63,1.0,2.0,18111.0,0.0,24972.4587201048,0.0,0.0,0.0,0.0,0.0,0.0,0.7146149875661294,0.0,6.483252951910339,0.0,18111.0,24972.4587201048,0.0,0.0,0.7146149875661294,6.483252951910339
A1,'Enzersberg',274.82,0.0,2.0,21891.999995183,21891.999995183,25643.7025641729,25643.7025641729,0.0,0.0,0.0,0.0,0.0,8.475842432854128,8.475842432854128,14.399537725178067,14.399537725178067,0.0,0.0,0.0,0.0,0.0,0.0
A1,'Salzburger Vorland',277.55,1.0,2.0,21776.0,0.0,38740.0928318722,0.0,0.0,0.0,0.0,0.0,0.0,6.483252951910339,0.0,15.432214396072817,0.0,21776.0,38740.0928318722,0.0,0.0,6.483252951910339,15.432214396072817
A1,'Söllheim',286.46,1.0,0.0,28864.5374641219,0.0,82339.639275179,0.0,0.0,0.0,0.0,0.0,0.0,15.432214396072817,0.0,34.45267106863916,0.0,28864.5374641219,82339.639275179,0.0,0.0,15.432214396072817,34.45267106863916
A1,'Kasern',287.89,0.0,0.0,38922.8495638266,38922.8495638266,101432.704040416,101432.704040416,0.0,0.0,0.0,0.0,0.0,14.399537725178067,14.399537725178067,37.830492358514164,37.830492358514164,0.0,0.0,0.0,0.0,0.0,0.0
A1,'Walserberg Süd',300.71,1.0,0.0,14880.000000003,0.0,866.429923349707,0.0,1.0,1.0,0.0,34.65281638093295,0.0,34.45267106863916,0.0,0.0,0.0,14880.000000003,866.429923349707,1.0,34.65281638093295,34.45267106863916,0.0
A1,'Walserberg Nord',300.73,0.0,0.0,12964.0000000086,12964.0000000086,33079.8474862659,33079.8474862659,1.0,1.0,1.0,45.471937127841585,45.471937127841585,37.830492358514164,37.830492358514164,0.0,0.0,0.0,0.0,0.0,0.0,0.0,0.0
A10,'Glanegg/West',4.28,0.0,2.0,30225.0,30225.0,10702.5949598298,10702.5949598298,0.0,0.0,-0.0,0.0,0.0,0.0,0.0,2.4722994357206836,2.4722994357206836,0.0,0.0,0.0,0.0,0.0,0.0
A10,'Untersberg/Ost',4.37,1.0,2.0,30061.0,0.0,79010.5399207519,0.0,0.0,0.0,0.0,0.0,0.0,0.0,0.0,18.251434721693688,0.0,30061.0,79010.5399207519,-0.0,0.0,0.0,18.251434721693688
A10,'Bruderloch',17.53,1.0,2.0,24652.0,0.0,55144.783875779,0.0,0.0,0.0,0.0,0.0,0.0,18.251434721693688,0.0,30.989879796998668,0.0,24652.0,55144.783875779,-0.0,0.0,18.251434721693688,30.989879796998668
A10,'Golling Ost',28.76,1.0,0.0,19647.000947721,0.0,83619.9827870841,0.0,0.0,0.0,0.0,0.0,0.0,30.989879796998668,0.0,50.306095820815095,0.0,19647.000947721,83619.9827870841,-0.0,0.0,30.989879796998668,50.306095820815095
A10,'Golling West',28.82,0.0,0.0,19875.0006682874,19875.0006682874,97340.8180523858,97340.8180523858,0.0,0.0,-0.0,0.0,0.0,2.4722994357206836,2.4722994357206836,24.958028405821832,24.958028405821832,0.0,0.0,0.0,0.0,0.0,0.0
A10,'Werfen',40.34,0.0,2.0,19354.0,19354.0,44743.3180465706,44743.3180465706,0.0,0.0,-0.0,0.0,0.0,24.958028405821832,24.958028405821832,35.29373487457964,35.29373487457964,0.0,0.0,0.0,0.0,0.0,0.0
A10,'Klausgraben West’,50.01,0.0,2.0,16224.0,16224.0,31431.0330674502,31431.0330674502,0.0,0.0,-0.0,0.0,0.0,35.29373487457964,35.29373487457964,42.55430351316069,42.55430351316069,0.0,0.0,0.0,0.0,0.0,0.0
A10,'Klausgraben Ost’,50.01,1.0,2.0,16076.0,0.0,29740.3452221424,0.0,0.0,0.0,0.0,0.0,0.0,50.306095820815095,0.0,57.176115567130026,0.0,16076.0,29740.3452221424,-0.0,0.0,50.306095820815095,57.176115567130026
A10,'Eben Süd',59.21,2.0,0.0,31555.3674870556,15997.4166196057,63864.36698273087,73.9839882767682,1.0,2.0,1.0,92.57139381445268,42.57139381445263,99.73041908029072,42.55430351316069,21.911694038848864,0.0,15557.9508674499,63790.3829944541,1.0,50.00000000000006,57.176115567130026,21.911694038848864
A10,'Eben Nord',59.32,2.0,0.0,31554.1611930787,15997.1632592005,29667.92707344997,29595.9799097216,0.0,0.0,-0.0,0.0,0.0,21.911694038848864,0.0,28.764985192815736,6.836671359145618,15556.9979338782,71.9471637283723,-0.0,0.0,21.911694038848864,21.928313833670117
A10,'Rohr',71.25,0.0,2.0,10976.0,10976.0,26372.3998165897,26372.3998165897,0.0,0.0,-0.0,0.0,0.0,6.836671359145618,6.836671359145618,12.928695716777836,12.928695716777836,0.0,0.0,0.0,0.0,0.0,0.0
A10,'Tauernalm',79.79,2.0,0.0,21522.867721662602,10903.6545591513,62621.1090379549,18508.3621190257,1.0,2.0,1.0,36.34285880898935,9.723123897268525,34.857009550447955,12.928695716777836,12.979626929226189,7.48100346900425,10619.2131625113,44112.7469189292,1.0,26.619734911720826,21.928313833670117,5.49862346022194
A10,'Lungau',97.91,0.0,0.0,10877.0,10877.0,39524.4328135725,39524.4328135725,0.0,0.0,-0.0,0.0,0.0,7.48100346900425,7.48100346900425,16.611147448939498,16.611147448939498,0.0,0.0,0.0,0.0,0.0,0.0
A10,'Lanschütz',100.6,1.0,1.0,10558.5,0.0,33491.7098286973,0.0,0.0,0.0,0.0,0.0,0.0,5.49862346022194,0.0,13.235208430651015,0.0,10558.5,33491.7098286973,-0.0,0.0,5.49862346022194,13.235208430651015
A10,'Rennweg',112.45,0.0,2.0,6878.0,6878.0,19876.6578731468,19876.6578731468,0.0,0.0,-0.0,0.0,0.0,16.611147448939498,16.611147448939498,21.202655417636407,21.202655417636407,0.0,0.0,0.0,0.0,0.0,0.0
A10,'Ried’,116.47,1.0,2.0,7303.0,0.0,13765.2894082998,0.0,0.0,0.0,0.0,0.0,0.0,13.235208430651015,0.0,16.41499028396827,0.0,7303.0,13765.2894082998,-0.0,0.0,13.235208430651015,16.41499028396827
A10,'Eisentratten',125.92,2.0,0.0,14181.0,6878.0,41606.5550890561,18483.2107350259,0.0,0.0,-0.0,0.0,0.0,37.61764570160467,21.202655417636407,47.22875992717664,25.47227709742739,7303.0,23123.3443540302,-0.0,0.0,16.41499028396827,21.756482829749245
A10,'Seeboden',141.72,1.0,2.0,14455.0,0.0,36156.364361422,0.0,0.0,0.0,0.0,0.0,0.0,21.756482829749245,0.0,30.10860299723773,0.0,14455.0,36156.364361422,-0.0,0.0,21.756482829749245,30.10860299723773
A10,'Wolfsberg',142.25,0.0,2.0,14500.0,14500.0,47498.894929139,47498.894929139,0.0,0.0,-0.0,0.0,0.0,25.47227709742739,25.47227709742739,36.444521826058505,36.444521826058505,0.0,0.0,0.0,0.0,0.0,0.0
A10,'Kamering',154.29,1.0,2.0,14749.7038625137,0.0,22698.628013918,0.0,0.0,0.0,0.0,0.0,0.0,30.10860299723773,0.0,35.35198606845279,0.0,14749.7038625137,22698.628013918,-0.0,0.0,30.10860299723773,35.35198606845279
A10,'Feistritz an der Drau',162.01,2.0,0.0,29679.0,14929.0,122093.0394177002,58681.7236967165,1.0,2.0,1.0,100.00000000000003,50.000000000000014,71.7965078945113,36.444521826058505,0.0,0.0,14750.0,63411.3157209837,1.0,50.00000000000002,35.35198606845279,0.0
A11,'St. Niklas/Nord',2.11,1.0,2.0,7503.0,0.0,10409.0861514259,0.0,0.0,0.0,0.0,0.0,0.0,0.0,0.0,2.4044989009793825,0.0,7503.0,10409.0861514259,-0.0,0.0,0.0,2.4044989009793825
A11,'Rosegg',9.04,2.0,0.0,9108.5,4306.5,19444.03423128795,7806.04074076785,1.0,2.0,1.0,6.8960708084069,1.8031954111173734,2.4044989009793825,0.0,0.0,0.0,4802.0,11637.9934905201,1.0,5.092875397289526,2.4044989009793825,0.0
A12,'Langkampfen Süd',9.32,1.0,2.0,11349.5859166424,0.0,27244.8076274651,0.0,0.0,0.0,0.0,0.0,0.0,0.0,0.0,6.293550561944438,0.0,11349.5859166424,27244.8076274651,-0.0,0.0,0.0,6.293550561944438
A12,'Angath Süd',14.1,2.0,0.0,39223.0,19908.0,56148.10872631693,56144.2882507633,0.0,0.0,-0.0,0.0,0.0,6.293550561944438,0.0,19.26376367772366,12.96933058592632,19315.0,3.82047555363476,-0.0,0.0,6.293550561944438,6.29443309179734
A12,'Angath Nord',14.22,2.0,0.0,39223.0,19908.0,86003.91804074359,3.93776998818332,0.0,0.0,-0.0,0.0,0.0,19.26376367772366,12.96933058592632,39.13066874513545,12.97024021079361,19315.0,85999.9802707554,-0.0,0.0,6.29443309179734,26.16042853434184
A12,'Münster Nord',35.71,0.0,1.0,18334.0,18334.0,79565.3529063989,79565.3529063989,0.0,0.0,-0.0,0.0,0.0,12.97024021079361,12.97024021079361,31.34983673217176,31.34983673217176,0.0,0.0,0.0,0.0,0.0,0.0
A12,'Münster Süd',36.25,1.0,1.0,18162.0,0.0,51027.0984567292,0.0,0.0,0.0,0.0,0.0,0.0,26.16042853434184,0.0,37.947688277846446,0.0,18162.0,51027.0984567292,-0.0,0.0,26.16042853434184,37.947688277846446
A12,'Vomp',50.47,1.0,0.0,24431.9999999911,0.0,22234.3563073972,0.0,0.0,0.0,0.0,0.0,0.0,37.947688277846446,0.0,43.0838245848552,0.0,24431.9999999911,22234.3563073972,-0.0,0.0,37.947688277846446,43.0838245848552
A12,'Weer',54.8,0.0,0.0,24110.0001896077,24110.0001896077,91922.3948797172,91922.3948797172,0.0,0.0,-0.0,0.0,0.0,31.34983673217176,31.34983673217176,52.58390994938648,52.58390994938648,0.0,0.0,0.0,0.0,0.0,0.0
A12,'Weer Süd',55.0,1.0,1.0,24141.0019875313,0.0,44418.9030022489,0.0,0.0,0.0,0.0,0.0,0.0,43.0838245848552,0.0,53.3445911783747,0.0,24141.0019875313,44418.9030022489,-0.0,0.0,43.0838245848552,53.3445911783747
A12,'Volders/Karlskirche',64.18,1.0,2.0,27543.0,0.0,89230.8737530962,0.0,0.0,0.0,0.0,0.0,0.0,53.3445911783747,0.0,73.95692301533992,0.0,27543.0,89230.8737530962,-0.0,0.0,53.3445911783747,73.95692301533992
A12,'Hall in Tirol',66.28,0.0,2.0,28148.0000000024,28148.0000000024,63926.9286125208,63926.9286125208,0.0,0.0,-0.0,0.0,0.0,52.58390994938648,52.58390994938648,67.35103045887878,67.35103045887878,0.0,0.0,0.0,0.0,0.0,0.0
A12,'Ampaß',72.07,0.0,0.0,35539.999996608,35539.999996608,42439.321950182,42439.321950182,0.0,0.0,-0.0,0.0,0.0,67.35103045887878,67.35103045887878,77.1545138293709,77.1545138293709,0.0,0.0,0.0,0.0,0.0,0.0
A12,'Sieglanger',80.39,1.0,2.0,31124.7934314905,0.0,96002.7279290709,0.0,1.0,2.0,0.0,96.1335531669553,0.0,73.95692301533992,0.0,0.0,0.0,31124.7934314905,96002.7279290709,2.0,96.1335531669553,73.95692301533992,0.0
A12,'Kematen',86.01,0.0,2.0,27475.0527045522,27475.0527045522,75774.4568325647,75774.4568325647,1.0,2.0,2.0,77.34459069706676,77.34459069706676,77.1545138293709,77.1545138293709,17.313822660626585,17.313822660626585,0.0,0.0,0.0,0.0,0.0,0.0
A12,'Zirl-Inzing',91.77,0.0,1.0,20799.0,20799.0,24661.2588506712,24661.2588506712,0.0,0.0,-0.0,0.0,0.0,17.313822660626585,17.313822660626585,23.010573455131635,23.010573455131635,0.0,0.0,0.0,0.0,0.0,0.0
A12,'Pettnau',95.81,2.0,0.0,37922.0,18889.0,43167.5950545956,14638.2455732991,0.0,0.0,-0.0,0.0,0.0,23.010573455131635,23.010573455131635,32.982287912743224,26.39200818256373,19033.0,28529.3494812965,-0.0,0.0,0.0,6.590279730179498
A12,'Telfs Süd',103.3,1.0,2.0,13364.7779394021,0.0,40593.4396996822,0.0,0.0,0.0,0.0,0.0,0.0,6.590279730179498,0.0,15.967364300806087,0.0,13364.7779394021,40593.4396996822,-0.0,0.0,6.590279730179498,15.967364300806087
A12,'Telfs Nord',103.33,0.0,2.0,14213.4639394123,14213.4639394123,21325.9179547492,21325.9179547492,0.0,0.0,-0.0,0.0,0.0,26.39200818256373,26.39200818256373,31.31829523011079,31.31829523011079,0.0,0.0,0.0,0.0,0.0,0.0
A12,'Haiming Süd',118.5,1.0,2.0,10702.0,0.0,32071.4494657395,0.0,0.0,0.0,0.0,0.0,0.0,15.967364300806087,0.0,23.375869127391912,0.0,10702.0,32071.4494657395,-0.0,0.0,15.967364300806087,23.375869127391912
A12,'Imst Süd',133.49,1.0,2.0,9240.0,0.0,3679.21104332994,0.0,0.0,0.0,0.0,0.0,0.0,23.375869127391912,0.0,24.225766878401128,0.0,9240.0,3679.21104332994,-0.0,0.0,23.375869127391912,24.225766878401128
A12,'Imst Nord',133.84,0.0,2.0,10262.0,10262.0,62601.6793906791,62601.6793906791,0.0,0.0,-0.0,0.0,0.0,31.31829523011079,31.31829523011079,45.77928316935766,45.77928316935766,0.0,0.0,0.0,0.0,0.0,0.0
A12,'Mils',135.51,2.0,0.0,19502.0000000008,10262.0,21880.454342200483,3391.58190843648,0.0,1.0,-0.0,28.496696410600613,0.0,70.00505004775879,45.77928316935766,46.562738590206486,46.562738590206486,9240.0000000008,18488.872433764,1.0,28.496696410600613,24.225766878401128,0.0
A12,'Kronburg Zams',142.7,0.0,2.0,10312.0,10312.0,14879.9195229157,14879.9195229157,1.0,1.0,1.0,50.000000000000014,50.000000000000014,46.562738590206486,46.562738590206486,0.0,0.0,0.0,0.0,0.0,0.0,0.0,0.0
A13,'Patsch',6.24,0.0,2.0,21023.0,21023.0,26094.7253268476,26094.7253268476,0.0,0.0,0.0,0.0,0.0,0.0,0.0,6.027881550501795,6.027881550501795,0.0,0.0,0.0,0.0,0.0,0.0
A13,'Europabrücke',8.27,2.0,0.0,41638.0,21023.0,32388.52662410622,8452.29518630102,0.0,0.0,0.0,0.0,0.0,6.027881550501795,6.027881550501795,13.509631200670333,7.980361738537331,20615.0,23936.2314378052,-0.0,0.0,0.0,5.529269462133001
A13,'Gschleirs',14.05,1.0,2.0,14822.0,0.0,8546.70428173758,0.0,0.0,0.0,0.0,0.0,0.0,5.529269462133001,0.0,7.503558151214382,0.0,14822.0,8546.70428173758,-0.0,0.0,5.529269462133001,7.503558151214382
A13,'Matrei West',16.79,0.0,0.0,15161.0,15161.0,25846.4269287351,25846.4269287351,0.0,0.0,0.0,0.0,0.0,7.980361738537331,7.980361738537331,13.95088635907514,13.95088635907514,0.0,0.0,0.0,0.0,0.0,0.0
A13,'Matrei Ost',16.95,2.0,0.0,29983.0,15161.0,16734.882296516138,499.303555020038,0.0,0.0,-0.0,0.0,0.0,21.454444510289523,13.95088635907514,25.32020232078475,14.06622548028477,14822.0,16235.5787414961,-0.0,0.0,7.503558151214382,11.25397684049998
A13,'Wipptalerhof Ost',22.41,1.0,2.0,10896.0000000005,0.0,2559.258804025,0.0,0.0,0.0,0.0,0.0,0.0,11.25397684049998,0.0,11.845165624229756,0.0,10896.0000000005,2559.258804025,-0.0,0.0,11.25397684049998,11.845165624229756
A13,'Wipptalerhof West',22.56,0.0,2.0,11615.0000000006,11615.0000000006,13021.6504394806,13021.6504394806,0.0,0.0,-0.0,0.0,0.0,14.06622548028477,14.06622548028477,17.07422673180479,17.07422673180479,0.0,0.0,0.0,0.0,0.0,0.0
A13,'Plon',23.61,1.0,2.0,10896.0000005253,0.0,9061.7295808126,0.0,0.0,0.0,0.0,0.0,0.0,11.845165624229756,0.0,13.938425157397466,0.0,10896.0000005253,9061.7295808126,-0.0,0.0,11.845165624229756,13.938425157397466
A13,'Nößlach',26.91,2.0,1.0,23614.719600115102,12027.9163752204,15947.45909304634,12518.6680851942,0.0,0.0,-0.0,0.0,0.0,31.012651889202253,17.07422673180479,34.69651493969596,19.96603905948465,11586.8032248947,3428.79100785214,-0.0,0.0,13.938425157397466,14.73047588021131
A13,'Gries Ost',29.15,1.0,0.0,11601.9977441357,0.0,11387.0182714568,0.0,0.0,0.0,0.0,0.0,0.0,14.73047588021131,0.0,17.36087710091783,0.0,11601.9977441357,11387.0182714568,-0.0,0.0,14.73047588021131,17.36087710091783
A13,'Gries West',29.54,0.0,0.0,12036.9997479612,12036.9997479612,4238.01324757162,4238.01324757162,0.0,0.0,-0.0,0.0,0.0,19.96603905948465,19.96603905948465,20.945020119673696,20.945020119673696,0.0,0.0,0.0,0.0,0.0,0.0
A13,'Brennersee - Fröhlich',32.6,0.0,2.0,12037.0,12037.0,7411.89807862851,7411.89807862851,0.0,0.0,-0.0,0.0,0.0,20.945020119673696,20.945020119673696,22.65716857583688,22.65716857583688,0.0,0.0,0.0,0.0,0.0,0.0
A13,'Brennersee',33.44,0.0,0.0,12037.0,12037.0,1996.41830221485,1996.41830221485,0.0,0.0,-0.0,0.0,0.0,22.65716857583688,22.65716857583688,23.11834120364851,23.11834120364851,0.0,0.0,0.0,0.0,0.0,0.0
A13,'Brennerpaß',34.16,2.0,0.0,23639.0,12037.0,2518.3592467820868,1729.64460400785,1.0,2.0,1.0,41.060959290573,23.517889107174323,40.47921830456634,23.11834120364851,0.0,0.0,11602.0,788.714642774237,1.0,17.54307018339868,17.36087710091783,0.0
A14,'Hörbranz’,0.0,2.0,1.0,11914.4753848776,11914.4753848776,580.500203852487,580.500203852487,0.0,0.0,-0.0,0.0,0.0,0.0,0.0,0.13409554708992447,0.13409554708992447,0.0,0.0,0.0,0.0,0.0,0.0
A14,'Dornbirn West',15.07,1.0,2.0,22722.0167458292,0.0,41625.8331312937,0.0,0.0,0.0,0.0,0.0,0.0,0.0,0.0,9.615567453328845,0.0,22722.0167458292,41625.8331312937,-0.0,0.0,0.0,9.615567453328845
A14,'Dornbirn Ost',15.27,0.0,2.0,22911.0367349729,22911.0367349729,67389.025317105,67389.025317105,0.0,0.0,-0.0,0.0,0.0,0.13409554708992447,0.13409554708992447,15.700960395341179,15.700960395341179,0.0,0.0,0.0,0.0,0.0,0.0
A14,'Hohenems',24.48,2.0,0.0,53333.409583050205,26852.092271153,99887.7943206925,50177.2466168681,0.0,0.0,-0.0,0.0,0.0,25.316527848670024,15.700960395341179,48.39060833674999,27.29190436383771,26481.3173118972,49710.5477038244,-0.0,0.0,9.615567453328845,21.098703972912283
A14,'Rankweil West',33.46,0.0,2.0,22794.1378827456,22794.1378827456,41099.9675156349,41099.9675156349,0.0,0.0,-0.0,0.0,0.0,27.29190436383771,27.29190436383771,36.785996859949364,36.785996859949364,0.0,0.0,0.0,0.0,0.0,0.0
A14,'Rankweil Ost',33.82,1.0,2.0,21949.8295700582,0.0,56639.5419642533,0.0,0.0,0.0,0.0,0.0,0.0,21.098703972912283,0.0,34.18243816665479,0.0,21949.8295700582,56639.5419642533,-0.0,0.0,21.098703972912283,34.18243816665479
A14,'Schlins West',46.72,0.0,2.0,13115.0,13115.0,35141.4430123402,35141.4430123402,1.0,1.0,1.0,44.903670195799954,44.903670195799954,36.785996859949364,36.785996859949364,0.0,0.0,0.0,0.0,0.0,0.0,0.0,0.0
A14,'Schlins Ost',46.85,1.0,2.0,13492.0,0.0,22886.8096085797,0.0,0.0,0.0,0.0,0.0,0.0,34.18243816665479,0.0,39.4692911862367,0.0,13492.0,22886.8096085797,-0.0,0.0,34.18243816665479,39.4692911862367
A14,'Nüziders',55.2,1.0,2.0,13282.1444541878,0.0,16978.2300117959,0.0,1.0,1.0,0.0,43.39126231896155,0.0,39.4692911862367,0.0,0.0,0.0,13282.1444541878,16978.2300117959,1.0,43.39126231896155,39.4692911862367,0.0
A2,'Guntramsdorf',14.43,2.0,0.0,106539.0608322543,54671.8859781905,341487.507923768,158457.937237993,1.0,2.0,1.0,69.0329356288137,26.753104800399623,0.0,0.0,9.850678701576708,9.850678701576758,51867.1748540638,183029.570685775,1.0,42.27983082841408,0.0,-4.973799150320701e-14
A2,'Triestingtal',32.08,0.0,1.0,40445.0,40445.0,143069.692384839,143069.692384839,0.0,0.0,0.0,0.0,0.0,9.850678701576758,9.850678701576758,42.89977764247456,42.89977764247456,0.0,0.0,0.0,0.0,0.0,0.0
A2,'Leobersdorf',32.08,1.0,1.0,39540.0,0.0,56942.7469960047,0.0,0.0,0.0,0.0,0.0,0.0,-4.973799150320701e-14,0.0,13.153774556077039,0.0,39540.0,56942.7469960047,0.0,0.0,-4.973799150320701e-14,13.153774556077039
A2,'Föhrenberg',39.31,1.0,0.0,39539.9821561859,0.0,93778.9758869083,0.0,0.0,0.0,0.0,0.0,0.0,13.153774556077039,0.0,34.816717985952856,0.0,39539.9821561859,93778.9758869083,0.0,0.0,13.153774556077039,34.816717985952856
A2,'Bad Fischau',40.93,0.0,0.0,37535.00000001,37535.00000001,66634.9678618674,66634.9678618674,0.0,0.0,0.0,0.0,0.0,42.89977764247456,42.89977764247456,58.292455218565934,58.292455218565934,0.0,0.0,0.0,0.0,0.0,0.0
A2,'Steinfeld',50.35,0.0,1.0,32434.000315268,32434.000315268,59928.4040275036,59928.4040275036,0.0,0.0,-0.0,0.0,0.0,58.292455218565934,58.292455218565934,72.13591654891927,72.13591654891927,0.0,0.0,0.0,0.0,0.0,0.0
A2,'Wr. Neustadt',51.18,1.0,1.0,31158.0000000005,0.0,64946.2458086027,0.0,0.0,0.0,0.0,0.0,0.0,34.816717985952856,0.0,49.81930076774008,0.0,31158.0000000005,64946.2458086027,0.0,0.0,34.816717985952856,49.81930076774008
A2,'Witzelsberg',60.84,0.0,2.0,21168.0000351488,21168.0000351488,44783.3049830335,44783.3049830335,0.0,0.0,-0.0,0.0,0.0,72.13591654891927,72.13591654891927,82.48086,82.48086,0.0,0.0,0.0,0.0,0.0,0.0
A2,'Gleissenfeld',61.52,1.0,2.0,18726.0,0.0,64345.9675839028,0.0,0.0,0.0,0.0,0.0,0.0,49.81930076774008,0.0,64.68321927962162,0.0,18726.0,64345.9675839028,-0.0,0.0,49.81930076774008,64.68321927962162
A2,'Zöbern',78.76,2.0,0.0,34076.0,17853.0,89918.3531587639,64008.5862239781,1.0,4.0,2.0,167.9352188592961,97.26684341773895,147.16407927962163,82.48086,0.0,0.0,16223.0,25909.7669347858,2.0,70.66837544155715,64.68321927962162,0.0
A2,'Schäffern Ost',86.7,1.0,1.0,16223.0,0.0,36516.9873725682,0.0,0.0,0.0,0.0,0.0,0.0,0.0,0.0,8.435424083063253,0.0,16223.0,36516.9873725682,-0.0,0.0,0.0,8.435424083063253
A2,'Pinkafeld/Ost',97.98,1.0,2.0,14325.0,0.0,21727.4706064822,0.0,0.0,0.0,0.0,0.0,0.0,8.435424083063253,0.0,13.45446979316064,0.0,14325.0,21727.4706064822,-0.0,0.0,8.435424083063253,13.45446979316064
A2,'Pinkafeld/West',98.0,0.0,2.0,15629.0,15629.0,60166.6097966719,60166.6097966719,0.0,0.0,-0.0,0.0,0.0,0.0,0.0,13.89848686303121,13.89848686303121,0.0,0.0,0.0,0.0,0.0,0.0
A2,'Loipersdorf',105.5,2.0,0.0,27899.0,14612.0,41927.3266110039,22138.8523546691,0.0,0.0,-0.0,0.0,0.0,27.35295665619185,13.89848686303121,37.03816910333375,19.01256175695977,13287.0,19788.4742563348,-0.0,0.0,13.45446979316064,18.02560734637398
A2,'St. Johann/Süd',113.05,1.0,2.0,13287.0004772661,0.0,55839.6490520415,0.0,0.0,0.0,0.0,0.0,0.0,18.02560734637398,0.0,30.92456627739557,0.0,13287.0004772661,55839.6490520415,-0.0,0.0,18.02560734637398,30.92456627739557
A2,'St. Johann/Nord',113.24,0.0,2.0,14612.0673292959,14612.0673292959,22243.9351941791,22243.9351941791,0.0,0.0,0.0,0.0,0.0,19.01256175695977,19.01256175695977,24.150910786815142,24.150910786815142,0.0,0.0,0.0,0.0,0.0,0.0
A2,'Hainersdorf',133.87,0.0,1.0,16035.0,16035.0,66144.3325363727,66144.3325363727,0.0,0.0,0.0,0.0,0.0,24.150910786815142,24.150910786815142,39.430251602717235,39.430251602717235,0.0,0.0,0.0,0.0,0.0,0.0
A2,'Bad Blumau',134.06,1.0,1.0,14879.0,0.0,39913.5152205092,0.0,0.0,0.0,0.0,0.0,0.0,30.92456627739557,0.0,40.14458829333319,0.0,14879.0,39913.5152205092,-0.0,0.0,30.92456627739557,40.14458829333319
A2,'Ilztal/Nord ',147.5,1.0,2.0,16946.15608833,0.0,22142.864532986,0.0,0.0,0.0,0.0,0.0,0.0,40.14458829333319,0.0,45.25959000045296,0.0,16946.15608833,22142.864532986,-0.0,0.0,40.14458829333319,45.25959000045296
A2,'Arnwiesen',154.1,2.0,0.0,36495.001082228904,19529.0004964994,135214.8043003815,78775.931104602,0.0,0.0,0.0,0.0,0.0,84.6898416031702,39.430251602717235,115.92446139655831,57.627491687880294,16966.0005857295,56438.8731957795,-0.0,0.0,45.25959000045296,58.29696970867802
A2,'Laßnitzhöhe Nord',170.16,0.0,1.0,27470.0,27470.0,89210.4176408041,89210.4176408041,0.0,0.0,0.0,0.0,0.0,57.627491687880294,57.627491687880294,78.23509816290604,78.23509816290604,0.0,0.0,0.0,0.0,0.0,0.0
A2,'Laßnitzhöhe Süd',170.65,1.0,1.0,29743.0,0.0,119872.947758941,0.0,0.0,0.0,0.0,0.0,0.0,58.29696970867802,0.0,85.98762064099338,0.0,29743.0,119872.947758941,-0.0,0.0,58.29696970867802,85.98762064099338
A2,'Kaiserwald',190.77,2.0,0.0,42649.004105068496,21967.0024808055,212311.14271654858,90269.4400966596,1.0,5.0,2.0,202.1429334095136,99.08733882523441,164.22271880389943,78.23509816290604,11.123659361908555,0.0,20682.001624263,122041.702619889,3.0,103.05559458427919,85.98762064099338,11.123659361908555
A2,'Herzogberg Nord',220.13,0.0,1.0,8807.00000002098,8807.00000002098,51848.9511520184,51848.9511520184,0.0,0.0,-0.0,0.0,0.0,0.0,0.0,11.977107716115839,11.977107716115839,0.0,0.0,0.0,0.0,0.0,0.0
A2,'Herzogberg Süd',220.19,1.0,1.0,8120.99999999923,0.0,24362.1202495681,0.0,0.0,0.0,0.0,0.0,0.0,11.123659361908555,0.0,16.751309139558785,0.0,8120.99999999923,24362.1202495681,-0.0,0.0,11.123659361908555,16.751309139558785
A2,'Pack',235.21,2.0,0.0,16928.0,8807.0,38160.3171582835,26540.0141604254,0.0,0.0,0.0,0.0,0.0,28.728416855674624,11.977107716115839,37.543450119238116,18.107850987174107,8121.0,11620.3029978581,-0.0,0.0,16.751309139558785,19.435599132064006
A2,'Twimberg Süd',242.34,1.0,2.0,9189.0,0.0,32127.2478707757,0.0,0.0,0.0,0.0,0.0,0.0,19.435599132064006,0.0,26.85699339021319,0.0,9189.0,32127.2478707757,-0.0,0.0,19.435599132064006,26.85699339021319
A2,'Twimberg Nord',242.44,0.0,2.0,8465.0,8465.0,12179.5072007533,12179.5072007533,0.0,0.0,-0.0,0.0,0.0,18.107850987174107,18.107850987174107,20.92131715054812,20.92131715054812,0.0,0.0,0.0,0.0,0.0,0.0
A2,'Fischering',259.85,1.0,2.0,10919.0,0.0,19551.3376753875,0.0,0.0,0.0,0.0,0.0,0.0,26.85699339021319,0.0,31.3733523932277,0.0,10919.0,19551.3376753875,-0.0,0.0,26.85699339021319,31.3733523932277
A2,'St. Ändra',262.91,0.0,2.0,11358.0000016887,11358.0000016887,46444.591455371,46444.591455371,0.0,0.0,-0.0,0.0,0.0,20.92131715054812,20.92131715054812,31.65001777673882,31.65001777673882,0.0,0.0,0.0,0.0,0.0,0.0
A2,'Gönitz/Süd',268.86,1.0,2.0,11607.0,0.0,37377.3933307914,0.0,0.0,0.0,0.0,0.0,0.0,31.3733523932277,0.0,40.007530252640514,0.0,11607.0,37377.3933307914,-0.0,0.0,31.3733523932277,40.007530252640514
A2,'Gönitz/Nord',268.89,0.0,2.0,12420.0,12420.0,14890.9937218363,14890.9937218363,0.0,0.0,-0.0,0.0,0.0,31.65001777673882,31.65001777673882,35.08983732648301,35.08983732648301,0.0,0.0,0.0,0.0,0.0,0.0
A2,'Haimburg Nord',279.17,0.0,2.0,10779.0,10779.0,21954.7601039101,21954.7601039101,0.0,0.0,-0.0,0.0,0.0,35.08983732648301,35.08983732648301,40.16138691048624,40.16138691048624,0.0,0.0,0.0,0.0,0.0,0.0
A2,'Völkermarkt',285.09,2.0,0.0,21133.0,10779.0,43435.9331578516,12657.4781007645,0.0,0.0,-0.0,0.0,0.0,80.16891716312676,40.16138691048624,90.20261772259028,43.08526435176263,10354.0,30778.4550570871,-0.0,0.0,40.007530252640514,47.11735337082764
A2,'Grafenstein Nord',300.0,0.0,1.0,13362.0,13362.0,39644.4415823214,39644.4415823214,0.0,0.0,0.0,0.0,0.0,43.08526435176263,43.08526435176263,52.24313035727887,52.24313035727887,0.0,0.0,0.0,0.0,0.0,0.0
A2,'Grafenstein Süd',300.0,1.0,1.0,13588.0,0.0,64499.0949193352,0.0,0.0,0.0,0.0,0.0,0.0,47.11735337082764,0.0,62.01664429719407,0.0,13588.0,64499.0949193352,-0.0,0.0,47.11735337082764,62.01664429719407
A2,'Krumpendorf/Nord',329.28,0.0,2.0,19027.0040491233,19027.0040491233,72939.3212153292,72939.3212153292,0.0,0.0,0.0,0.0,0.0,52.24313035727887,52.24313035727887,69.09211355801992,69.09211355801992,0.0,0.0,0.0,0.0,0.0,0.0
A2,'Karawankenblick/Süd',333.84,1.0,2.0,19384.9993725885,0.0,24175.8201862661,0.0,0.0,0.0,0.0,0.0,0.0,62.01664429719407,0.0,67.60125876022154,0.0,19384.9993725885,24175.8201862661,-0.0,0.0,62.01664429719407,67.60125876022154
A2,'Wörthersee',340.13,2.0,0.0,38076.9999970149,19452.9999982895,75344.6192070124,42137.2785654578,1.0,3.0,2.0,107.55977620606728,57.55977620606729,136.69337231824147,69.09211355801992,46.53820314899403,21.26604870057338,18623.9999987254,33207.3406415546,1.0,50.0,67.60125876022154,25.27215444842065
A2,'Sternberg/Süd',349.01,1.0,2.0,19615.999955893,0.0,0.0,0.0,0.0,0.0,0.0,0.0,0.0,25.27215444842065,0.0,25.27215444842065,0.0,19615.999955893,0.0,-0.0,0.0,25.27215444842065,25.27215444842065
A2,'Sternberg/Nord',349.03,0.0,2.0,17176.9999895731,17176.9999895731,30590.1422357276,30590.1422357276,0.0,0.0,0.0,0.0,0.0,21.26604870057338,21.26604870057338,28.332371557026455,28.332371557026455,0.0,0.0,0.0,0.0,0.0,0.0
A2,'Federaun/Nord',361.73,0.0,2.0,16517.0,16517.0,41902.478237364,41902.478237364,0.0,0.0,0.0,0.0,0.0,28.332371557026455,28.332371557026455,38.011844029857535,38.011844029857535,0.0,0.0,0.0,0.0,0.0,0.0
A2,'Federaun/Süd',362.78,1.0,2.0,14962.9999999917,0.0,53969.2827395915,0.0,0.0,0.0,0.0,0.0,0.0,25.27215444842065,0.0,37.739058761266286,0.0,14962.9999999917,53969.2827395915,-0.0,0.0,25.27215444842065,37.739058761266286
A2,'Dreiländereck Süd',374.17,2.0,0.0,29010.999955828578,9394.99999993558,73068.5751484735,23346.5626378988,0.0,0.0,-0.0,0.0,0.0,75.75090279112382,38.011844029857535,92.6297436504212,43.404899999212155,19615.999955893,49722.0125105747,-0.0,0.0,37.739058761266286,49.22484365120904
A2,'Dreiländereck Nord',374.27,2.0,0.0,24357.99999982947,9394.99999982947,3460.585113156896,104.929923585646,1.0,2.0,1.0,93.42913881156045,43.42913881156044,92.6297436504212,43.404899999212155,0.0,0.0,14963.0,3355.65518957125,1.0,50.0,49.22484365120904,0.0
A21,'Alland',14.68,2.0,0.0,40163.5,20093.0,103417.5875090444,49420.3388937723,0.0,0.0,-0.0,0.0,0.0,0.0,0.0,23.889462714589257,11.416098284461402,20070.5,53997.2486152721,-0.0,0.0,0.0,12.473364430127857
A21,'Dornbach',19.96,1.0,2.0,19174.4834449889,0.0,20444.3562415576,0.0,0.0,0.0,0.0,0.0,0.0,12.473364430127857,0.0,17.196010721927664,0.0,19174.4834449889,20444.3562415576,-0.0,0.0,12.473364430127857,17.196010721927664
A21,'Hinterbrühl',26.99,0.0,1.0,19730.9622844667,19730.9622844667,44502.271823292,44502.271823292,1.0,1.0,1.0,21.696123075641857,21.696123075641857,11.416098284461402,11.416098284461402,0.0,0.0,0.0,0.0,0.0,0.0,0.0,0.0
A21,'Sparbach',26.99,1.0,2.0,19671.3778540705,0.0,27694.9433992778,0.0,1.0,1.0,0.0,23.593542647160834,0.0,17.196010721927664,0.0,0.0,0.0,19671.3778540705,27694.9433992778,1.0,23.593542647160834,17.196010721927664,0.0
A22,'Korneuburg West',18.04,1.0,0.0,32131.000000493,0.0,63932.2189343836,0.0,0.0,0.0,0.0,0.0,0.0,0.0,0.0,14.768342573842611,0.0,32131.000000493,63932.2189343836,-0.0,0.0,0.0,14.768342573842611
A22,'Korneuburg Ost',18.12,0.0,0.0,32321.0,32321.0,116866.419778724,116866.419778724,1.0,1.0,1.0,26.996142968885245,26.996142968885245,0.0,0.0,0.0,0.0,0.0,0.0,0.0,0.0,0.0,0.0
A22,'Stockerau',28.09,1.0,0.0,30190.0075840983,0.0,9009.75771256432,0.0,1.0,1.0,0.0,16.84959660544497,0.0,14.768342573842611,0.0,0.0,0.0,30190.0075840983,9009.75771256432,1.0,16.84959660544497,14.768342573842611,0.0
A25,'Pucking',5.97,0.0,1.0,21620.0,21620.0,25350.6414168089,25350.6414168089,0.0,0.0,-0.0,0.0,0.0,0.0,0.0,5.855998167282856,5.855998167282856,0.0,0.0,0.0,0.0,0.0,0.0
A25,'Sinnersdorf/Süd',6.11,1.0,2.0,21271.0,0.0,28981.9325780941,0.0,0.0,0.0,0.0,0.0,0.0,0.0,0.0,6.694826425539738,0.0,21271.0,28981.9325780941,-0.0,0.0,0.0,6.694826425539738
A25,'Wels',13.06,2.0,0.0,49975.503210327704,25078.4821988703,71240.92245977151,35488.4900930985,1.0,2.0,1.0,29.00747768102981,14.05383937878861,12.550824592822593,5.855998167282856,0.0,0.0,24897.0210114574,35752.432366673,1.0,14.953638302241199,6.694826425539738,0.0
A3,'Hornstein',28.0,2.0,0.0,35088.0,17427.0,114520.7625990136,66852.1746092717,1.0,2.0,1.0,26.454296160372138,15.44285233474176,0.0,0.0,0.0,0.0,17661.0,47668.5879897419,1.0,11.01144382563038,0.0,0.0
A4,'Simmering',2.45,0.0,0.0,35371.7896917694,35371.7896917694,22257.8385743495,22257.8385743495,0.0,0.0,-0.0,0.0,0.0,0.0,0.0,5.141560710674733,5.141560710674733,0.0,0.0,0.0,0.0,0.0,0.0
A4,'Fischamend',22.33,0.0,1.0,28227.0,28227.0,112756.864089742,112756.864089742,0.0,0.0,-0.0,0.0,0.0,5.141560710674733,5.141560710674733,31.188396315405136,31.188396315405136,0.0,0.0,0.0,0.0,0.0,0.0
A4,'Maria Ellend',22.48,1.0,1.0,27990.0,0.0,32591.6448755632,0.0,0.0,0.0,0.0,0.0,0.0,0.0,0.0,7.5286699662551,0.0,27990.0,32591.6448755632,-0.0,0.0,0.0,7.5286699662551
A4,'Göttlesbrunn',28.04,2.0,0.0,47550.0,24272.0,112197.1085476203,28046.5470728656,1.0,2.0,1.0,26.417423989034724,15.279255617249534,38.71706628166024,31.188396315405136,38.21717436712581,22.387893071987556,23278.0,84150.5614747547,1.0,11.138168371785188,7.5286699662551,15.829281295138248
A4,'Parndorf',46.23,1.0,2.0,19928.0,0.0,74634.9733086667,0.0,0.0,0.0,0.0,0.0,0.0,15.829281295138248,0.0,33.069960129440254,0.0,19928.0,74634.9733086667,0.0,0.0,15.829281295138248,33.069960129440254
A4,'Neusiedl',47.01,0.0,2.0,21837.0,21837.0,82260.7844099831,82260.7844099831,0.0,0.0,-0.0,0.0,0.0,22.387893071987556,22.387893071987556,41.39013427069365,41.39013427069365,0.0,0.0,0.0,0.0,0.0,0.0
A4,'Nickelsdorf Süd',64.65,0.0,0.0,10545.0002054832,10545.0002054832,37272.1460143132,37272.1460143132,1.0,1.0,1.0,50.0,50.0,41.39013427069365,41.39013427069365,0.0,0.0,0.0,0.0,0.0,0.0,0.0,0.0
A4,'Nickelsdorf Nord',64.97,1.0,0.0,7158.00002801737,0.0,1140.78448822744,0.0,1.0,1.0,0.0,33.33348134622079,0.0,33.069960129440254,0.0,0.0,0.0,7158.00002801737,1140.78448822744,1.0,33.33348134622079,33.069960129440254,0.0
A5,'Hochleithen',10.63,2.0,0.0,35611.2,17306.5,171050.4446671828,34873.9690442298,1.0,2.0,1.0,39.51265271811923,8.055886849217083,0.0,0.0,0.0,0.0,18304.7,136176.475622953,1.0,31.456765868902142,0.0,0.0
A6,'Potzneusiedl',10.8,2.0,0.0,15204.99999997072,7325.99999998698,33671.234605376696,15733.5392613832,1.0,2.0,1.0,7.778055193842016,3.634447569379519,0.0,0.0,0.0,0.0,7878.99999998374,17937.6953439935,1.0,4.143607624462498,0.0,0.0
A7,'Engerwitzdorf',25.71,1.0,1.0,19344.0,0.0,4050.24228695362,0.0,1.0,1.0,0.0,0.9356059682862863,0.0,0.0,0.0,0.0,0.0,19344.0,4050.24228695362,1.0,0.9356059682862863,0.0,0.0
A7,'Denk',25.76,0.0,1.0,18851.0,18851.0,97075.8948382568,97075.8948382568,1.0,1.0,1.0,22.42453170763732,22.42453170763732,0.0,0.0,0.0,0.0,0.0,0.0,0.0,0.0,0.0,0.0
A8,'Voralpenkreuz',0.17,2.0,0.0,20453.0,10081.0,35002.97696040161,882.177656304013,0.0,0.0,-0.0,0.0,0.0,0.0,0.0,8.085687677852773,0.203783038606227,10372.0,34120.7993040976,-0.0,0.0,0.0,7.881904639246546
A8,'Oberham/Süd',16.76,1.0,2.0,24053.9987668495,0.0,18977.6357391317,0.0,0.0,0.0,0.0,0.0,0.0,7.881904639246546,0.0,12.265738494985968,0.0,24053.9987668495,18977.6357391317,-0.0,0.0,7.881904639246546,12.265738494985968
A8,'Oberham/Nord',18.32,0.0,2.0,21938.9594740121,21938.9594740121,79070.5212042674,79070.5212042674,0.0,0.0,-0.0,0.0,0.0,0.203783038606227,0.203783038606227,18.469073436791994,18.469073436791994,0.0,0.0,0.0,0.0,0.0,0.0
A8,'Schnittering/Süd',20.68,1.0,2.0,17695.5680773093,0.0,46433.724359523,0.0,0.0,0.0,0.0,0.0,0.0,12.265738494985968,0.0,22.99192882203578,0.0,17695.5680773093,46433.724359523,-0.0,0.0,12.265738494985968,22.99192882203578
A8,'Kematen/Nord',24.85,0.0,2.0,16374.0,16374.0,21401.0445813279,21401.0445813279,0.0,0.0,-0.0,0.0,0.0,18.469073436791994,18.469073436791994,23.41271473507874,23.41271473507874,0.0,0.0,0.0,0.0,0.0,0.0
A8,'Aistersheim',33.81,2.0,0.0,30956.0,14979.0,60874.300241769204,26835.8621905234,1.0,2.0,1.0,10.823268733862044,3.25979665324439,46.404643557114525,23.41271473507874,49.643338179101164,26.352002247845256,15977.0,34038.4380512458,1.0,7.563472080617654,22.99192882203578,23.291335931255908
A8,'Gotthaming',43.74,0.0,2.0,13574.0021264066,13574.0021264066,26867.9601020947,26867.9601020947,0.0,0.0,-0.0,0.0,0.0,26.352002247845256,26.352002247845256,32.55850103142913,32.55850103142913,0.0,0.0,0.0,0.0,0.0,0.0
A8,'Renhartsberg',44.47,1.0,2.0,14008.0000000001,0.0,14392.7026850084,0.0,0.0,0.0,0.0,0.0,0.0,23.291335931255908,0.0,26.616050251492847,0.0,14008.0000000001,14392.7026850084,-0.0,0.0,23.291335931255908,26.616050251492847
A8,'Grübl/Süd’,49.59,1.0,2.0,14008.0,0.0,20419.6304148242,0.0,0.0,0.0,0.0,0.0,0.0,26.616050251492847,0.0,31.332984877317237,0.0,14008.0,20419.6304148242,-0.0,0.0,26.616050251492847,31.332984877317237
A8,'Grübl/Nord',49.61,0.0,2.0,13574.0,13574.0,15944.8924629993,15944.8924629993,0.0,0.0,-0.0,0.0,0.0,32.55850103142913,32.55850103142913,36.24177119038197,36.24177119038197,0.0,0.0,0.0,0.0,0.0,0.0
A8,'Murau West',56.77,1.0,1.0,14172.0,0.0,41708.9211386976,0.0,0.0,0.0,0.0,0.0,0.0,31.332984877317237,0.0,40.967745660356385,0.0,14172.0,41708.9211386976,-0.0,0.0,31.332984877317237,40.967745660356385
A8,'Murau Ost',56.88,0.0,1.0,13536.0,13536.0,19847.6823609433,19847.6823609433,0.0,0.0,-0.0,0.0,0.0,36.24177119038197,36.24177119038197,40.82658581575987,40.82658581575987,0.0,0.0,0.0,0.0,0.0,0.0
A8,'Marienkirchen/Schärding’,71.6,1.0,1.0,10055.2342807957,0.0,6370.45169055732,0.0,0.0,0.0,0.0,0.0,0.0,40.967745660356385,0.0,42.43932000087513,0.0,10055.2342807957,6370.45169055732,-0.0,0.0,40.967745660356385,42.43932000087513
A8,'Dietrichshofen/Ost',72.06,0.0,2.0,8836.92333674456,8836.92333674456,26734.753655044,26734.753655044,1.0,1.0,1.0,47.00231391007504,47.00231391007504,40.82658581575987,40.82658581575987,0.0,0.0,0.0,0.0,0.0,0.0,0.0,0.0
A8,'Suben West',74.77,1.0,0.0,9186.00000018942,0.0,2309.50376076126,0.0,1.0,1.0,0.0,42.97281536961098,0.0,42.43932000087513,0.0,0.0,0.0,9186.00000018942,2309.50376076126,1.0,42.97281536961098,42.43932000087513,0.0
A9,'Maisdorf/Ost',12.66,1.0,2.0,10503.0,0.0,49687.4935362851,0.0,0.0,0.0,0.0,0.0,0.0,0.0,0.0,11.477811006881858,0.0,10503.0,49687.4935362851,-0.0,0.0,0.0,11.477811006881858
A9,'Maisdorf/West',12.73,0.0,2.0,11055.0,11055.0,28126.5824568507,28126.5824568507,0.0,0.0,-0.0,0.0,0.0,0.0,0.0,6.497240547532512,6.497240547532512,0.0,0.0,0.0,0.0,0.0,0.0
A9,'St. Pankraz',36.36,2.0,0.0,13974.0,7033.0,59101.108124232705,33173.7001423159,0.0,0.0,-0.0,0.0,0.0,17.97505155441437,6.497240547532512,31.627407531112134,14.16036528040749,6941.0,25927.4079819168,-0.0,0.0,11.477811006881858,17.467042250704644
A9,'Pyhrn-Priel Ost’,55.03,1.0,1.0,7591.97161176799,0.0,16849.293094569,0.0,0.0,0.0,0.0,0.0,0.0,17.467042250704644,0.0,21.359228955550083,0.0,7591.97161176799,16849.293094569,-0.0,0.0,17.467042250704644,21.359228955550083
A9,'Pyhrn-Priel West',55.04,0.0,1.0,8230.85522813332,8230.85522813332,31192.3019866198,31192.3019866198,0.0,0.0,-0.0,0.0,0.0,14.16036528040749,14.16036528040749,21.365787039316665,21.365787039316665,0.0,0.0,0.0,0.0,0.0,0.0
A9,'Ardning Ost',65.96,1.0,2.0,13083.9999998773,0.0,31041.4589923437,0.0,0.0,0.0,0.0,0.0,0.0,21.359228955550083,0.0,28.52980598278149,0.0,13083.9999998773,31041.4589923437,-0.0,0.0,21.359228955550083,28.52980598278149
A9,'Ardning West',66.04,0.0,2.0,13361.9999999834,13361.9999999834,29114.4164492944,29114.4164492944,0.0,0.0,-0.0,0.0,0.0,21.365787039316665,21.365787039316665,28.091217239103702,28.091217239103702,0.0,0.0,0.0,0.0,0.0,0.0
A9,'Rottenmann/Nord',77.91,1.0,2.0,13084.0,0.0,20345.1880841495,0.0,0.0,0.0,0.0,0.0,0.0,28.52980598278149,0.0,33.229544430220024,0.0,13084.0,20345.1880841495,-0.0,0.0,28.52980598278149,33.229544430220024
A9,'Rottenmann/Süd',78.18,0.0,2.0,13362.0,13362.0,32196.6325731684,32196.6325731684,0.0,0.0,-0.0,0.0,0.0,28.091217239103702,28.091217239103702,35.528639363505604,35.528639363505604,0.0,0.0,0.0,0.0,0.0,0.0
A9,'Trieben',85.7,2.0,0.0,20906.0,10619.0,29194.7856077996,15971.5609430567,1.0,2.0,1.0,69.96851262134284,39.218069941351715,68.75818379372564,35.528639363505604,5.533666647784509,0.0,10287.0,13223.2246647429,1.0,30.750442679991124,33.229544430220024,5.533666647784509
A9,'Gaishorn',92.11,1.0,1.0,10287.0,0.0,59758.322392657,0.0,0.0,0.0,0.0,0.0,0.0,5.533666647784509,0.0,19.337839120488276,0.0,10287.0,59758.322392657,-0.0,0.0,5.533666647784509,19.337839120488276
A9,'Treglwang',94.03,0.0,2.0,10619.0,10619.0,17705.3900050014,17705.3900050014,0.0,0.0,-0.0,0.0,0.0,0.0,0.0,4.089945091155248,4.089945091155248,0.0,0.0,0.0,0.0,0.0,0.0
A9,'Kalwang',106.26,0.0,1.0,10953.0,10953.0,26930.4863629944,26930.4863629944,0.0,0.0,-0.0,0.0,0.0,4.089945091155248,4.089945091155248,10.310887441006955,10.310887441006955,0.0,0.0,0.0,0.0,0.0,0.0
A9,'Kammern Nord',121.18,1.0,2.0,10926.0,0.0,175.988980444872,0.0,0.0,0.0,0.0,0.0,0.0,19.337839120488276,0.0,19.37849257497104,0.0,10926.0,175.988980444872,-0.0,0.0,19.337839120488276,19.37849257497104
A9,'Kammern Süd',121.26,2.0,0.0,21954.0,11028.0,64341.428073255505,32914.0144496087,0.0,0.0,-0.0,0.0,0.0,29.689380015977996,10.310887441006955,44.55224990090001,17.914024778866562,10926.0,31427.4136236468,-0.0,0.0,19.37849257497104,26.63822512203345
A9,'St. Michael',135.01,0.0,2.0,11073.0049655244,11073.0049655244,30404.0043093092,30404.0043093092,0.0,0.0,-0.0,0.0,0.0,17.914024778866562,17.914024778866562,24.937349774316676,24.937349774316676,0.0,0.0,0.0,0.0,0.0,0.0
A9,'Ortnerhof Süd’,135.65,0.0,2.0,11073.9994440636,11073.9994440636,1386.65109811539,1386.65109811539,0.0,0.0,-0.0,0.0,0.0,24.937349774316676,24.937349774316676,25.25766617798133,25.25766617798133,0.0,0.0,0.0,0.0,0.0,0.0
A9,'Ortnerhof Nord',135.65,1.0,2.0,10574.9998730129,0.0,7705.62811144795,0.0,0.0,0.0,0.0,0.0,0.0,26.63822512203345,0.0,28.418225215777927,0.0,10574.9998730129,7705.62811144795,-0.0,0.0,26.63822512203345,28.418225215777927
A9,'Hinterlainsach/Ost',139.16,0.0,2.0,11074.0,11074.0,7841.72166568702,7841.72166568702,0.0,0.0,-0.0,0.0,0.0,25.25766617798133,25.25766617798133,27.069103882755034,27.069103882755034,0.0,0.0,0.0,0.0,0.0,0.0
A9,'Hinterlainsach/West',139.3,1.0,2.0,10575.0,0.0,31388.7335234428,0.0,0.0,0.0,0.0,0.0,0.0,28.418225215777927,0.0,35.66902265969321,0.0,10575.0,31388.7335234428,-0.0,0.0,28.418225215777927,35.66902265969321
A9,'Kleintal',150.57,0.0,2.0,11777.0,11777.0,26809.3360642933,26809.3360642933,0.0,0.0,-0.0,0.0,0.0,27.069103882755034,27.069103882755034,33.26206051360716,33.26206051360716,0.0,0.0,0.0,0.0,0.0,0.0
A9,'Übelbach 1',154.16,1.0,2.0,11512.0,0.0,17781.9235231718,0.0,0.0,0.0,0.0,0.0,0.0,35.66902265969321,0.0,39.776646993545896,0.0,11512.0,17781.9235231718,-0.0,0.0,35.66902265969321,39.776646993545896
A9,'Übelbach 2',154.24,0.0,2.0,11777.0,11777.0,8639.97767636247,8639.97767636247,0.0,0.0,-0.0,0.0,0.0,33.26206051360716,33.26206051360716,35.25789535684689,35.25789535684689,0.0,0.0,0.0,0.0,0.0,0.0
A9,'Deutschfeistritz',161.95,2.0,0.0,23289.000114064198,11777.0000550153,76050.6525493734,18003.9283967324,0.0,0.0,-0.0,0.0,0.0,75.03454235039278,35.25789535684689,92.60224308929804,39.41680281649207,11512.0000590489,58046.724152641,-0.0,0.0,39.776646993545896,53.18544027280596
A9,'Eggenfeld',169.13,0.0,2.0,20432.1080698656,20432.1080698656,29453.135965858,29453.135965858,0.0,0.0,-0.0,0.0,0.0,39.41680281649207,39.41680281649207,46.22047722460527,46.22047722460527,0.0,0.0,0.0,0.0,0.0,0.0
A9,'Feldkirchen',186.97,1.0,2.0,29999.0102815467,0.0,57184.4442484991,0.0,0.0,0.0,0.0,0.0,0.0,53.18544027280596,0.0,66.39504689420926,0.0,29999.0102815467,57184.4442484991,-0.0,0.0,53.18544027280596,66.39504689420926
A9,'Premstätten',192.48,0.0,1.0,32302.5116708696,32302.5116708696,152381.317083486,152381.317083486,0.0,0.0,-0.0,1.1723955140041653e-12,1.1723955140041653e-12,46.22047722460527,46.22047722460527,81.42056147088937,81.42056147088937,0.0,0.0,0.0,0.0,0.0,0.0
A9,'Thalerhof',196.52,1.0,2.0,26113.2658741873,0.0,77662.2651232488,0.0,0.0,0.0,0.0,0.0,0.0,66.39504689420926,0.0,84.33503013767974,0.0,26113.2658741873,77662.2651232488,-0.0,0.0,66.39504689420926,84.33503013767974
A9,'Gralla West',211.06,0.0,0.0,20689.0,20689.0,76643.5863777935,76643.5863777935,1.0,2.0,2.0,61.061049924157224,61.061049924157224,81.42056147088937,81.42056147088937,38.064180000002445,38.064180000002445,0.0,0.0,0.0,0.0,0.0,0.0
A9,'Gralla Ost',211.45,1.0,0.0,19399.0,0.0,52785.1051627529,0.0,1.0,2.0,0.0,96.52838943027567,0.0,84.33503013767974,0.0,0.0,0.0,19399.0,52785.1051627529,2.0,96.52838943027567,84.33503013767974,0.0
A9,'Straß Ost’,225.02,1.0,2.0,7452.00000000078,0.0,7466.9835977584,0.0,1.0,1.0,0.0,1.7248732110821905,0.0,0.0,0.0,0.0,0.0,7452.00000000078,7466.9835977584,1.0,1.7248732110821905,0.0,0.0
A9,'Straß West',225.02,0.0,2.0,8239.00000000051,8239.00000000051,22970.085281965,22970.085281965,1.0,1.0,1.0,43.37026970013636,43.37026970013636,38.064180000002445,38.064180000002445,0.0,0.0,0.0,0.0,0.0,0.0,0.0,0.0
S16,'Schnann',18.9,2.0,0.0,9860.99996031521,4941.99999999999,43437.3063097745,18700.073610348,0.0,0.0,-0.0,0.0,0.0,0.0,0.0,10.034017757557908,4.319717003990388,4918.99996031522,24737.2326994265,-0.0,0.0,0.0,5.714300753567521
S16,'Klösterle',44.17,1.0,0.0,4439.00000026553,0.0,13183.2372957264,0.0,0.0,0.0,0.0,0.0,0.0,5.714300753567521,0.0,8.75962856888032,0.0,4439.00000026553,13183.2372957264,-0.0,0.0,5.714300753567521,8.75962856888032
S16,'Innerbraz',54.99,0.0,0.0,5392.0,5392.0,38789.0895145232,38789.0895145232,0.0,0.0,-0.0,0.0,0.0,4.319717003990388,4.319717003990388,13.279996681845248,13.279996681845248,0.0,0.0,0.0,0.0,0.0,0.0
S16,'Radin Süd',59.01,1.0,2.0,5252.0,0.0,3038.65560533498,0.0,1.0,1.0,0.0,9.4615580137127,0.0,8.75962856888032,0.0,0.0,0.0,5252.0,3038.65560533498,1.0,9.4615580137127,8.75962856888032,0.0
S16,'Radin Nord',59.03,0.0,2.0,5392.0,5392.0,4366.47563598932,4366.47563598932,1.0,1.0,1.0,14.28865255375878,14.28865255375878,13.279996681845248,13.279996681845248,0.0,0.0,0.0,0.0,0.0,0.0,0.0,0.0
S1A,'Schwechat',9.85,2.0,0.0,61703.499999875596,31463.4999999758,98660.2094337553,39041.5229588917,1.0,2.0,1.0,22.790508379197473,9.018591803503982,0.0,0.0,0.0,0.0,30239.9999998998,59618.6864748636,1.0,13.77191657569349,0.0,0.0
S1B,'Deutsch Wagram',39.05,2.0,0.0,32604.8333333334,16237.9666666667,73145.99870320685,9677.10465852084,1.0,2.0,1.0,16.89672570044078,2.2354111761183137,0.0,0.0,0.0,0.0,16366.8666666667,63468.894044686,1.0,14.661314524322465,0.0,0.0
S3,'Hollabrunn',23.6,1.0,2.0,6766.0,0.0,15563.6304365099,0.0,1.0,1.0,0.0,3.595198630833787,0.0,0.0,0.0,0.0,0.0,6766.0,15563.6304365099,1.0,3.595198630833787,0.0,0.0
S31,‘Mattersburg’,52.09,1.0,2.0,8153.0,0.0,26231.7185760427,0.0,0.0,0.0,0.0,0.0,0.0,0.0,0.0,6.059526991065863,0.0,8153.0,26231.7185760427,-0.0,0.0,0.0,6.059526991065863
S31,'Forchtenstein’,52.45,0.0,2.0,7857.0,7857.0,29576.2970950276,29576.2970950276,0.0,0.0,-0.0,0.0,0.0,0.0,0.0,6.832124628951376,6.832124628951376,0.0,0.0,0.0,0.0,0.0,0.0
S31,'Kobersdorf',66.91,0.0,2.0,6223.99999959079,6223.99999959079,17886.0953980026,17886.0953980026,1.0,1.0,1.0,10.963812665889975,10.963812665889975,6.832124628951376,6.832124628951376,0.0,0.0,0.0,0.0,0.0,0.0,0.0,0.0
S31,'Tschurndorf',68.14,1.0,2.0,6566.99981701551,0.0,21185.2830579882,0.0,1.0,1.0,0.0,10.953327377461136,0.0,6.059526991065863,0.0,0.0,0.0,6566.99981701551,21185.2830579882,1.0,10.953327377461136,6.059526991065863,0.0
S33,'St. Pölten Ost',1.84,0.0,0.0,15332.0,15332.0,42162.7134503831,42162.7134503831,0.0,0.0,-0.0,0.0,0.0,0.0,0.0,9.739586807038494,9.739586807038494,0.0,0.0,0.0,0.0,0.0,0.0
S33,'Inzersdorf',15.28,1.0,1.0,15650.3644596231,0.0,47979.5381659785,0.0,1.0,1.0,0.0,11.083273316341034,0.0,0.0,0.0,0.0,0.0,15650.3644596231,47979.5381659785,1.0,11.083273316341034,0.0,0.0
S33,'Herzogenburg',15.69,0.0,1.0,15657.3198933445,15657.3198933445,36041.873172353,36041.873172353,1.0,1.0,1.0,18.065259509852037,18.065259509852037,9.739586807038494,9.739586807038494,0.0,0.0,0.0,0.0,0.0,0.0,0.0,0.0
S35,'Frohnleiten West',26.82,0.0,2.0,9816.0,9816.0,51001.4723618157,51001.4723618157,1.0,1.0,1.0,11.781340115579427,11.781340115579427,0.0,0.0,0.0,0.0,0.0,0.0,0.0,0.0,0.0,0.0
S35,'Frohnleiten Ost',26.82,1.0,2.0,9690.0,0.0,18587.0306660648,0.0,1.0,1.0,0.0,4.293604083860968,0.0,0.0,0.0,0.0,0.0,9690.0,18587.0306660648,1.0,4.293604083860968,0.0,0.0
S36,'St. Marein Nord',14.89,0.0,0.0,10113.0,10113.0,30156.5054856072,30156.5054856072,0.0,0.0,-0.0,0.0,0.0,0.0,0.0,6.966152767175263,6.966152767175263,0.0,0.0,0.0,0.0,0.0,0.0
S36,'St. Marein Süd',14.97,1.0,0.0,10133.0,0.0,39904.3447834717,0.0,0.0,0.0,0.0,0.0,0.0,0.0,0.0,9.217903644981963,0.0,10133.0,39904.3447834717,-0.0,0.0,0.0,9.217903644981963
S36,'Strettweg',34.61,1.0,2.0,9701.0,0.0,5373.27834651624,0.0,1.0,1.0,0.0,10.459130943027214,0.0,9.217903644981963,0.0,0.0,0.0,9701.0,5373.27834651624,1.0,10.459130943027214,9.217903644981963,0.0
S36,'Hauswald',35.77,0.0,2.0,9740.5,9740.5,40577.7359324679,40577.7359324679,1.0,1.0,1.0,16.33960976757535,16.33960976757535,6.966152767175263,6.966152767175263,0.0,0.0,0.0,0.0,0.0,0.0,0.0,0.0
S37,'Hunnenbrunnen',285.19,0.0,2.0,19888.0,10058.0,36142.46463235457,4295.79554357207,0.0,1.0,-0.0,7.356580559508757,0.0,0.0,0.0,0.9923287705651482,0.9923287705651482,9830.0,31846.6690887825,1.0,7.356580559508757,0.0,0.0
S37,'Zollfeld',293.91,0.0,2.0,10058.0,10058.0,17382.6063387542,17382.6063387542,1.0,1.0,1.0,5.0077108348173685,5.0077108348173685,0.9923287705651482,0.9923287705651482,0.0,0.0,0.0,0.0,0.0,0.0,0.0,0.0
S5,'Zaina',6.3,0.0,2.0,17736.0,17736.0,22057.7426519245,22057.7426519245,0.0,0.0,-0.0,0.0,0.0,0.0,0.0,5.0953385525945585,5.0953385525945585,0.0,0.0,0.0,0.0,0.0,0.0
S5,'Grafenwörth',32.85,2.0,0.0,24240.0,12017.0,92944.8042105512,63800.3420828639,1.0,2.0,1.0,26.565588325231886,19.83321757373612,5.0953385525945585,5.0953385525945585,0.0,0.0,12223.0,29144.4621276873,1.0,6.7323707514957665,0.0,0.0
S6,'Natschbach',3.22,2.0,0.0,28895.0,14441.0,49805.03843322327,7829.40012364227,0.0,0.0,-0.0,0.0,0.0,0.0,0.0,11.504963878074575,1.8085914285613645,14454.0,41975.638309581,-0.0,0.0,0.0,9.69637244951321
S6,'Gloggnitz Süd',17.81,1.0,2.0,7935.5,0.0,9081.29725430135,0.0,0.0,0.0,0.0,0.0,0.0,9.69637244951321,0.0,11.794152115256827,0.0,7935.5,9081.29725430135,-0.0,0.0,9.69637244951321,11.794152115256827
S6,'Gloggnitz Nord',18.44,0.0,2.0,8009.0,8009.0,24242.6211560244,24242.6211560244,0.0,0.0,-0.0,0.0,0.0,1.8085914285613645,1.8085914285613645,7.408636915603001,7.408636915603001,0.0,0.0,0.0,0.0,0.0,0.0
S6,'Schottwien',23.57,2.0,0.0,15944.5,8009.0,47842.38487070691,8181.60195944931,0.0,0.0,-0.0,0.0,0.0,19.202789030859826,7.408636915603001,30.254379935993136,9.298586968235792,7935.5,39660.7829112576,0.0,0.0,11.794152115256827,20.955792967757343
S6,'Schwöbing Nord',48.55,0.0,0.0,9945.0,9945.0,49668.1515643949,49668.1515643949,0.0,0.0,-0.0,0.0,0.0,9.298586968235792,9.298586968235792,20.771929979611016,20.771929979611016,0.0,0.0,0.0,0.0,0.0,0.0
S6,'Schwöbing Süd',48.57,1.0,0.0,9757.0,0.0,46526.2086406298,0.0,0.0,0.0,0.0,0.0,0.0,20.955792967757343,0.0,31.703347163742837,0.0,9757.0,46526.2086406298,-0.0,0.0,20.955792967757343,31.703347163742837
S6,'St. Marein',68.99,0.0,0.0,12864.0,12864.0,52521.6000726417,52521.6000726417,0.0,0.0,-0.0,0.0,0.0,20.771929979611016,20.771929979611016,32.90441959639124,32.90441959639124,0.0,0.0,0.0,0.0,0.0,0.0
S6,'Kapfenberg Nord',72.03,0.0,2.0,12864.0,12864.0,7831.34579629671,7831.34579629671,1.0,1.0,1.0,34.713460475335786,34.713460475335786,32.90441959639124,32.90441959639124,0.0,0.0,0.0,0.0,0.0,0.0,0.0,0.0
S6,'Kapfenberg Süd',72.45,1.0,1.0,12893.5,0.0,83967.4089500264,0.0,1.0,2.0,0.0,51.099818631198936,0.0,31.703347163742837,0.0,0.0,0.0,12893.5,83967.4089500264,2.0,51.099818631198936,31.703347163742837,0.0
