Time of calculation: 20210916-175131; value of objective: 8214.34583743396;  acc=20;  ec=0.25;  e_tax=0.15;  cfix=50000;  cvar=10000;  eta=0.01;  hours_of_constant_charging=20;  i=0.05;  T=10
highway,name,asfinag_position,direction,asfinag_type,traffic_flow,traffic_flow_1,energy_demand,energy_demand_1,pXi_dir,pYi_dir,pYi_dir_1,pE_charged,pE_charged_1,pE_input,pE_input_1,pE_output,pE_output_1,traffic_flow_0,energy_demand_0,pYi_dir_0,pE_charged_0,pE_input_0,pE_output_0
A1,'Parkplatz Großraum’,27.42,2.0,2.0,25490.00000000002,13297.00000000001,59974.325349551335,14541.089445096652,1.0,1.0,-0.0,454.3323590445468,0.0,0.0,0.0,145.4108944509665,145.4108944509665,12193.00000000001,45433.23590445468,1.0,454.3323590445468,0.0,0.0
A1,'Steinhäusl',32.7,2.0,0.0,63195.99999999913,31709.9999999998,111561.50482266714,77129.62227259546,0.0,1.0,1.0,916.7071171769212,916.7071171769212,145.4108944509665,145.4108944509665,344.3188255007169,0.0,31485.99999999933,34431.882550071685,-0.0,0.0,0.0,344.3188255007169
A1,'Kirchstetten',44.88,0.0,1.0,29897.99999542764,0.0,72732.0809427628,0.0,1.0,1.0,0.0,788.3238089310021,0.0,344.3188255007169,0.0,283.3158259973428,0.0,29897.99999542764,72732.0809427628,1.0,788.3238089310021,344.3188255007169,283.3158259973428
A1,'Kesselhof',44.88,1.0,1.0,30234.999996719125,30234.999996719125,109130.95569981833,109130.95569981833,1.0,1.0,1.0,1000.0,1000.0,0.0,0.0,91.30955699818333,91.30955699818333,0.0,0.0,0.0,0.0,0.0,0.0
A1,'St. Pölten',62.9,2.0,0.0,71148.0,35565.0,227454.84943410664,99032.43203384092,1.0,2.0,1.0,2000.0,1000.0,374.62538299552614,91.30955699818333,649.1738773365926,81.63387733659249,35583.0,128422.41740026572,1.0,1000.0,283.3158259973428,567.5400000000001
A1,'Schallaburg',76.81,1.0,1.0,29188.0,29188.0,136934.36037638868,136934.36037638868,1.0,1.0,1.0,1000.0,1000.0,81.63387733659249,81.63387733659249,450.9774811004794,450.9774811004794,0.0,0.0,0.0,0.0,0.0,0.0
A1,'Roggendorf',76.82,0.0,1.0,28377.0,0.0,78562.33219617409,0.0,1.0,1.0,0.0,1000.0,0.0,567.5400000000001,0.0,353.16332196174096,0.0,28377.0,78562.33219617409,1.0,1000.0,567.5400000000001,353.16332196174096
A1,'Ornding',88.04,0.0,1.0,27048.0,0.0,60488.07492270462,0.0,1.0,1.0,0.0,958.0440711887871,0.0,353.16332196174096,0.0,0.0,0.0,27048.0,60488.07492270462,1.0,958.0440711887871,353.16332196174096,0.0
A1,'Ybbs',100.32,1.0,0.0,27161.40445083877,27161.40445083877,104129.25066774894,104129.25066774894,1.0,1.0,1.0,1000.0,1000.0,450.9774811004794,450.9774811004794,492.2699877779688,492.2699877779688,0.0,0.0,0.0,0.0,0.0,0.0
A1,'Kemmelbach',101.38,0.0,0.0,26898.000000000207,0.0,72226.10016870651,0.0,1.0,1.0,0.0,722.2610016870651,0.0,0.0,0.0,0.0,0.0,26898.000000000207,72226.10016870651,1.0,722.2610016870651,0.0,0.0
A1,'Viehdorf',118.17,0.0,1.0,25545.0,0.0,92117.57063469278,0.0,1.0,1.0,0.0,668.4814542919114,0.0,0.0,0.0,252.69425205501634,0.0,25545.0,92117.57063469278,1.0,668.4814542919114,0.0,252.69425205501634
A1,'Amstetten',119.36,1.0,1.0,25407.0,25407.0,56128.53142795883,56128.53142795883,1.0,1.0,1.0,1000.0,1000.0,492.2699877779688,492.2699877779688,53.55530205755713,53.55530205755713,0.0,0.0,0.0,0.0,0.0,0.0
A1,'Parkplatz Zeillern’,124.31,0.0,2.0,24685.0,0.0,24100.57479449837,0.0,0.0,0.0,0.0,0.0,0.0,252.69425205501634,0.0,493.70000000000005,0.0,24685.0,24100.57479449837,0.0,0.0,252.69425205501634,493.70000000000005
A1,'Oed',130.52,1.0,2.0,26849.69206306653,26849.69206306653,69822.67372138443,69822.67372138443,1.0,1.0,1.0,751.7820392714015,751.7820392714015,53.55530205755713,53.55530205755713,0.0,0.0,0.0,0.0,0.0,0.0,0.0,0.0
A1,'Strengberg',136.0,0.0,0.0,25773.0,0.0,60567.28709144443,0.0,1.0,1.0,0.0,1000.0,0.0,493.70000000000005,0.0,99.37287091444432,0.0,25773.0,60567.28709144443,1.0,1000.0,493.70000000000005,99.37287091444432
A1,'Haag',143.54,1.0,0.0,28172.0,28172.0,72532.38382040594,72532.38382040594,1.0,1.0,1.0,725.3238382040595,725.3238382040595,0.0,0.0,0.0,0.0,0.0,0.0,0.0,0.0,0.0,0.0
A1,'Ennsblick',147.1,0.0,2.0,27181.0,0.0,59900.9099344678,0.0,1.0,1.0,0.0,698.3819702591223,0.0,99.37287091444432,0.0,0.0,0.0,27181.0,59900.9099344678,1.0,698.3819702591223,99.37287091444432,0.0
A1,'Parkplatz Ennsdorf’,152.88,0.0,2.0,26232.408315204048,0.0,30328.56812345904,0.0,0.0,0.0,0.0,0.0,0.0,0.0,0.0,303.2856812345904,0.0,26232.408315204048,30328.56812345904,0.0,0.0,0.0,303.2856812345904
A1,'Enns Süd',156.19,1.0,1.0,29648.737115098505,29648.737115098505,86236.6993060754,86236.6993060754,1.0,1.0,1.0,862.366993060754,862.366993060754,0.0,0.0,0.0,0.0,0.0,0.0,0.0,0.0,0.0,0.0
A1,'Enns Nord',156.79,0.0,1.0,29791.88732837659,0.0,22744.768825614865,0.0,0.0,0.0,0.0,0.0,0.0,303.2856812345904,0.0,530.733369490739,0.0,29791.88732837659,22744.768825614865,0.0,0.0,303.2856812345904,530.733369490739
A1,'Ansfelden Süd',170.93,1.0,0.0,46681.64620523784,46681.64620523784,108599.64670259466,108599.64670259466,1.0,1.0,1.0,1000.0,1000.0,0.0,0.0,85.99646702594669,85.99646702594669,0.0,0.0,0.0,0.0,0.0,0.0
A1,'Ansfelden Nord',171.01,0.0,0.0,48225.58896718505,0.0,137729.45647842763,0.0,1.0,2.0,0.0,1458.4679342750155,0.0,530.733369490739,0.0,449.56000000000006,0.0,48225.58896718505,137729.45647842763,2.0,1458.4679342750155,530.733369490739,449.56000000000006
A1,'Allhaming Süd',182.59,1.0,1.0,22273.0,22273.0,132032.00498622254,132032.00498622254,1.0,1.0,1.0,1000.0,1000.0,85.99646702594669,85.99646702594669,406.3165168881722,406.3165168881722,0.0,0.0,0.0,0.0,0.0,0.0
A1,'Allhaming Nord',182.6,0.0,1.0,22478.0,0.0,52074.59618392183,0.0,1.0,1.0,0.0,970.3059618392184,0.0,449.56000000000006,0.0,0.0,0.0,22478.0,52074.59618392183,1.0,970.3059618392184,449.56000000000006,0.0
A1,'Lindach Nord',212.26,0.0,0.0,24091.0,0.0,143292.1869458095,0.0,1.0,2.0,0.0,1432.921869458095,0.0,0.0,0.0,0.0,0.0,24091.0,143292.1869458095,2.0,1432.921869458095,0.0,0.0
A1,'Lindach Süd',212.27,1.0,0.0,24205.0,24205.0,88500.71292866017,88500.71292866017,1.0,1.0,1.0,958.5036461747738,958.5036461747738,406.3165168881722,406.3165168881722,332.82000000000005,332.82000000000005,0.0,0.0,0.0,0.0,0.0,0.0
A1,'Hainbach Süd',230.7,1.0,1.0,16641.0,16641.0,43626.88664048988,43626.88664048988,1.0,1.0,1.0,769.0888664048989,769.0888664048989,332.82000000000005,332.82000000000005,0.0,0.0,0.0,0.0,0.0,0.0,0.0,0.0
A1,'Hainbach Nord',230.72,0.0,1.0,15023.0,0.0,55447.073726717535,0.0,1.0,1.0,0.0,554.4707372671754,0.0,0.0,0.0,0.0,0.0,15023.0,55447.073726717535,1.0,554.4707372671754,0.0,0.0
A1,'Straß',243.67,1.0,1.0,16828.67483549712,16828.67483549712,52286.93331258195,52286.93331258195,1.0,1.0,1.0,522.8693331258195,522.8693331258195,0.0,0.0,0.0,0.0,0.0,0.0,0.0,0.0,0.0,0.0
A1,'Wildenhag Nord',243.76,0.0,2.0,17111.546808170722,0.0,44396.07377615938,0.0,1.0,1.0,0.0,443.9607377615938,0.0,0.0,0.0,0.0,0.0,17111.546808170722,44396.07377615938,1.0,443.9607377615938,0.0,0.0
A1,'Oberwang',251.03,0.0,1.0,15727.0,0.0,23256.052200310536,0.0,0.0,0.0,0.0,0.0,0.0,0.0,0.0,232.56052200310538,0.0,15727.0,23256.052200310536,0.0,0.0,0.0,232.56052200310538
A1,'Mondsee',259.23,2.0,0.0,31060.001681777,15333.000799448411,60471.650280389,35129.25494322955,1.0,2.0,1.0,724.7816120080433,238.79713663334348,232.56052200310538,0.0,112.49541279895203,112.49541279895203,15727.000882328592,25342.39533715945,1.0,485.98447537469985,232.56052200310538,0.0
A1,‘Parkplatz Ölgraben’,268.98,0.0,2.0,18793.0,0.0,36691.95858378413,0.0,0.0,0.0,0.0,0.0,0.0,0.0,0.0,366.9195858378413,0.0,18793.0,36691.95858378413,0.0,0.0,0.0,366.9195858378413
A1,'Vetterbach',270.63,1.0,2.0,18111.0,18111.0,24972.45872010481,24972.45872010481,0.0,0.0,0.0,0.0,0.0,112.49541279895203,112.49541279895203,362.22000000000014,362.22000000000014,0.0,0.0,0.0,0.0,0.0,0.0
A1,'Enzersberg',274.82,0.0,2.0,21891.999995182963,0.0,25643.70256417291,0.0,1.0,1.0,0.0,378.403651883557,0.0,366.9195858378413,0.0,244.95295959601333,0.0,21891.999995182963,25643.70256417291,1.0,378.403651883557,366.9195858378413,244.95295959601333
A1,'Salzburger Vorland',277.55,1.0,2.0,21776.0,21776.0,38740.09283187224,38740.09283187224,1.0,1.0,1.0,314.1009283187226,314.1009283187226,362.22000000000014,362.22000000000014,435.52,435.52,0.0,0.0,0.0,0.0,0.0,0.0
A1,'Söllheim',286.46,1.0,0.0,28864.537464121862,28864.537464121862,82339.63927517904,82339.63927517904,1.0,1.0,1.0,961.3163927517314,961.3163927517314,435.52,435.52,297.6000000000591,297.6000000000591,0.0,0.0,0.0,0.0,0.0,0.0
A1,'Kasern',287.89,0.0,0.0,38922.8495638266,0.0,101432.70404041585,0.0,1.0,1.0,0.0,1000.0,0.0,244.95295959601333,0.0,259.28000000017187,0.0,38922.8495638266,101432.70404041585,1.0,1000.0,244.95295959601333,259.28000000017187
A1,'Walserberg Süd',300.71,1.0,0.0,14880.00000000295,14880.00000000295,866.4299233497069,866.4299233497069,1.0,1.0,1.0,306.26429923355613,306.26429923355613,297.6000000000591,297.6000000000591,0.0,0.0,0.0,0.0,0.0,0.0,0.0,0.0
A1,'Walserberg Nord',300.73,0.0,0.0,12964.000000008587,0.0,33079.84748626592,0.0,1.0,1.0,0.0,590.0784748628311,0.0,259.28000000017187,0.0,0.0,0.0,12964.000000008587,33079.84748626592,1.0,590.0784748628311,259.28000000017187,0.0
A10,'Glanegg/West',4.28,0.0,2.0,30225.0,0.0,10702.59495982983,0.0,0.0,0.0,0.0,0.0,0.0,0.0,0.0,107.02594959829831,0.0,30225.0,10702.59495982983,0.0,0.0,0.0,107.02594959829831
A10,'Untersberg/Ost',4.37,1.0,2.0,30061.0,30061.0,79010.53992075186,79010.53992075186,1.0,1.0,1.0,790.1053992075186,790.1053992075186,0.0,0.0,0.0,0.0,0.0,0.0,0.0,0.0,0.0,0.0
A10,'Bruderloch',17.53,1.0,2.0,24652.0,24652.0,55144.78387577903,55144.78387577903,1.0,1.0,1.0,551.4478387577905,551.4478387577905,0.0,0.0,0.0,0.0,0.0,0.0,0.0,0.0,0.0,0.0
A10,'Golling Ost',28.76,1.0,0.0,19647.00094772099,19647.00094772099,83619.98278708411,83619.98278708411,1.0,1.0,1.0,822.4442627432666,822.4442627432666,0.0,0.0,13.755565127574528,13.755565127574528,0.0,0.0,0.0,0.0,0.0,0.0
A10,'Golling West',28.82,0.0,0.0,19875.000668287423,0.0,97340.81805238585,0.0,1.0,1.0,0.0,693.3541301221568,0.0,107.02594959829831,0.0,387.08000000000004,0.0,19875.000668287423,97340.81805238585,1.0,693.3541301221568,107.02594959829831,387.08000000000004
A10,'Werfen',40.34,0.0,2.0,19354.0,0.0,44743.31804657062,0.0,1.0,1.0,0.0,834.5131804657062,0.0,387.08000000000004,0.0,0.0,0.0,19354.0,44743.31804657062,1.0,834.5131804657062,387.08000000000004,0.0
A10,'Klausgraben Ost’,50.01,1.0,2.0,16076.0,16076.0,29740.34522214243,29740.34522214243,0.0,0.0,-0.0,0.0,0.0,13.755565127574528,13.755565127574528,311.1590173489988,311.1590173489988,0.0,0.0,0.0,0.0,0.0,0.0
A10,'Klausgraben West’,50.01,0.0,2.0,16224.0,0.0,31431.033067450226,0.0,0.0,0.0,0.0,0.0,0.0,0.0,0.0,314.31033067450227,0.0,16224.0,31431.033067450226,0.0,0.0,0.0,314.31033067450227
A10,'Eben Süd',59.21,2.0,0.0,31555.3674870556,15557.95086744994,63864.366982730906,63790.382994454136,0.0,1.0,1.0,949.0628472935402,949.0628472935402,625.4693480235011,311.1590173489988,315.05017055726995,0.0,15997.416619605658,73.98398827676816,0.0,0.0,314.31033067450227,315.05017055726995
A10,'Eben Nord',59.32,2.0,0.0,31554.16119307871,15556.997933878209,29667.927073449984,71.94716372837226,1.0,1.0,0.0,611.0099696544861,0.0,315.05017055726995,0.0,0.7194716372837227,0.7194716372837227,15997.1632592005,29595.979909721613,1.0,611.0099696544861,315.05017055726995,0.0
A10,'Rohr',71.25,0.0,2.0,10976.0,0.0,26372.39981658969,0.0,1.0,1.0,0.0,263.7239981658969,0.0,0.0,0.0,0.0,0.0,10976.0,26372.39981658969,1.0,263.7239981658969,0.0,0.0
A10,'Tauernalm',79.79,2.0,0.0,21522.867721662667,10619.213162511343,62621.10903795498,44112.74691892924,0.0,1.0,1.0,441.84694082657614,441.84694082657614,0.7194716372837227,0.7194716372837227,185.0836211902574,0.0,10903.654559151322,18508.36211902574,0.0,0.0,0.0,185.0836211902574
A10,'Lungau',97.91,0.0,0.0,10877.0,0.0,39524.43281357246,0.0,1.0,1.0,0.0,580.327949325982,0.0,185.0836211902574,0.0,0.0,0.0,10877.0,39524.43281357246,1.0,580.327949325982,185.0836211902574,0.0
A10,'Lanschütz',100.6,1.0,1.0,10558.5,10558.5,33491.70982869735,33491.70982869735,1.0,1.0,1.0,326.5099923699715,326.5099923699715,0.0,0.0,8.407105917002042,8.407105917002042,0.0,0.0,0.0,0.0,0.0,0.0
A10,'Rennweg',112.45,0.0,2.0,6878.0,0.0,19876.6578731468,0.0,1.0,1.0,0.0,198.766578731468,0.0,0.0,0.0,0.0,0.0,6878.0,19876.6578731468,1.0,198.766578731468,0.0,0.0
A10,'Ried’,116.47,1.0,2.0,7303.0,7303.0,13765.2894082998,13765.2894082998,0.0,0.0,0.0,0.0,0.0,8.407105917002042,8.407105917002042,146.06000000000003,146.06000000000003,0.0,0.0,0.0,0.0,0.0,0.0
A10,'Eisentratten',125.92,2.0,0.0,14180.999999999998,7302.999999999999,41606.555089056084,23123.34435403022,1.0,2.0,1.0,562.1255508905609,377.2934435403023,146.06000000000003,146.06000000000003,0.0,0.0,6877.999999999999,18483.210735025867,1.0,184.83210735025867,0.0,0.0
A10,'Seeboden',141.72,1.0,2.0,14455.0,14455.0,36156.364361422005,36156.364361422005,1.0,1.0,1.0,361.56364361422004,361.56364361422004,0.0,0.0,0.0,0.0,0.0,0.0,0.0,0.0,0.0,0.0
A10,'Wolfsberg',142.25,0.0,2.0,14500.0,0.0,47498.89492913899,0.0,1.0,1.0,0.0,474.9889492913899,0.0,0.0,0.0,0.0,0.0,14500.0,47498.89492913899,1.0,474.9889492913899,0.0,0.0
A10,'Kamering',154.29,1.0,2.0,14749.703862513728,14749.703862513728,22698.628013917983,22698.628013917983,0.0,0.0,0.0,0.0,0.0,0.0,0.0,226.98628013917983,226.98628013917983,0.0,0.0,0.0,0.0,0.0,0.0
A10,'Feistritz an der Drau',162.01,2.0,0.0,29679.0,14750.0,122093.03941770014,63411.31572098366,1.0,2.0,1.0,1447.9166743161813,861.0994373490164,226.98628013917983,226.98628013917983,0.0,0.0,14929.0,58681.72369671648,1.0,586.8172369671648,0.0,0.0
A11,'St. Niklas/Nord',2.11,1.0,2.0,7502.999999999997,7502.999999999997,10409.086151425912,10409.086151425912,1.0,1.0,1.0,104.09086151425913,104.09086151425913,0.0,0.0,0.0,0.0,0.0,0.0,0.0,0.0,0.0,0.0
A11,'Rosegg',9.04,2.0,0.0,9108.5,4802.0,19444.03423128799,11637.99349052014,1.0,2.0,1.0,194.44034231287992,116.37993490520142,0.0,0.0,0.0,0.0,4306.5,7806.040740767851,1.0,78.06040740767851,0.0,0.0
A12,'Langkampfen Süd',9.32,1.0,2.0,11349.585916642443,11349.585916642443,27244.807627465096,27244.807627465096,1.0,1.0,1.0,45.45635794180211,45.45635794180211,0.0,0.0,226.99171833284888,226.99171833284888,0.0,0.0,0.0,0.0,0.0,0.0
A12,'Angath Süd',14.1,2.0,0.0,39222.99999999994,19314.99999999997,56148.10872631689,3.820475553634762,1.0,1.0,-0.0,561.4428825076326,0.0,226.99171833284888,226.99171833284888,227.02992308838523,227.02992308838523,19907.99999999997,56144.28825076325,1.0,561.4428825076326,0.0,0.0
A12,'Angath Nord',14.22,2.0,0.0,39222.99999999994,19314.99999999997,86003.9180407436,85999.98027075542,0.0,1.0,1.0,723.7897257959394,723.7897257959394,227.02992308838523,227.02992308838523,363.2793776998819,363.24000000000007,19907.99999999997,3.93776998818332,-0.0,0.0,0.0,0.03937769988181117
A12,'Münster Nord',35.71,0.0,1.0,18334.0,0.0,79565.35290639894,0.0,1.0,1.0,0.0,633.3593776998817,0.0,0.03937769988181117,0.0,162.3335290639895,0.0,18334.0,79565.35290639894,1.0,633.3593776998817,0.03937769988181117,162.3335290639895
A12,'Münster Süd',36.25,1.0,1.0,18162.0,18162.0,51027.0984567292,51027.0984567292,1.0,1.0,1.0,613.0345078906386,613.0345078906386,363.24000000000007,363.24000000000007,260.47647667665353,260.47647667665353,0.0,0.0,0.0,0.0,0.0,0.0
A12,'Vomp',50.47,1.0,0.0,24431.999999991072,24431.999999991072,22234.356307397185,22234.356307397185,0.0,0.0,0.0,0.0,0.0,260.47647667665353,260.47647667665353,482.82003975062537,482.82003975062537,0.0,0.0,0.0,0.0,0.0,0.0
A12,'Weer',54.8,0.0,0.0,24110.000189607712,0.0,91922.39487971723,0.0,1.0,1.0,0.0,1000.0,0.0,162.3335290639895,0.0,81.55747786116189,0.0,24110.000189607712,91922.39487971723,1.0,1000.0,162.3335290639895,81.55747786116189
A12,'Weer Süd',55.0,1.0,1.0,24141.001987531265,24141.001987531265,44418.90300224888,44418.90300224888,1.0,1.0,1.0,927.0090697731141,927.0090697731141,482.82003975062537,482.82003975062537,0.0,0.0,0.0,0.0,0.0,0.0,0.0,0.0
A12,'Volders/Karlskirche',64.18,1.0,2.0,27543.0,27543.0,89230.87375309618,89230.87375309618,1.0,1.0,1.0,517.1799602493746,517.1799602493746,0.0,0.0,375.1287772815872,375.1287772815872,0.0,0.0,0.0,0.0,0.0,0.0
A12,'Hall in Tirol',66.28,0.0,2.0,28148.000000002427,0.0,63926.9286125208,0.0,1.0,1.0,0.0,720.82676398637,0.0,81.55747786116189,0.0,0.0,0.0,28148.000000002427,63926.9286125208,1.0,720.82676398637,81.55747786116189,0.0
A12,'Ampaß',72.07,0.0,0.0,35539.999996608014,0.0,42439.32195018204,0.0,0.0,0.0,0.0,0.0,0.0,0.0,0.0,424.39321950182045,0.0,35539.999996608014,42439.32195018204,-0.0,0.0,0.0,424.39321950182045
A12,'Sieglanger',80.39,1.0,2.0,31124.793431490507,31124.793431490507,96002.72792907088,96002.72792907088,1.0,1.0,1.0,954.4960565722961,954.4960565722961,375.1287772815872,375.1287772815872,380.66,380.66,0.0,0.0,0.0,0.0,0.0,0.0
A12,'Kematen',86.01,0.0,2.0,27475.052704552163,0.0,75774.45683256471,0.0,1.0,2.0,0.0,1182.1377878274675,0.0,424.39321950182045,0.0,0.0,0.0,27475.052704552163,75774.45683256471,2.0,1182.1377878274675,424.39321950182045,0.0
A12,'Zirl-Inzing',91.77,0.0,1.0,20799.0,0.0,24661.258850671245,0.0,0.0,0.0,0.0,0.0,0.0,0.0,0.0,246.6125885067123,0.0,20799.0,24661.258850671245,0.0,0.0,0.0,246.6125885067123
A12,'Pettnau',95.81,2.0,0.0,37922.0,19033.0,43167.59505459553,28529.34948129648,1.0,2.0,1.0,774.679260264422,665.9534948129649,627.2725885067123,380.66,284.26927878824563,0.0,18889.0,14638.245573299051,1.0,108.72576545145719,246.6125885067123,284.26927878824563
A12,'Telfs Süd',103.3,1.0,2.0,13364.77793940206,13364.77793940206,40593.43969968221,40593.43969968221,1.0,1.0,1.0,405.9343969968221,405.9343969968221,0.0,0.0,0.0,0.0,0.0,0.0,0.0,0.0,0.0,0.0
A12,'Telfs Nord',103.33,0.0,2.0,14213.46393941228,0.0,21325.917954749177,0.0,1.0,1.0,0.0,497.5284583357374,0.0,284.26927878824563,0.0,0.0,0.0,14213.46393941228,21325.917954749177,1.0,497.5284583357374,284.26927878824563,0.0
A12,'Haiming Süd',118.5,1.0,2.0,10702.0,10702.0,32071.449465739544,32071.449465739544,1.0,1.0,1.0,172.70660509067878,172.70660509067878,0.0,0.0,148.00788956671667,148.00788956671667,0.0,0.0,0.0,0.0,0.0,0.0
A12,'Imst Süd',133.49,1.0,2.0,9240.0,9240.0,3679.211043329945,3679.211043329945,0.0,0.0,0.0,0.0,0.0,148.00788956671667,148.00788956671667,184.80000000001613,184.80000000001613,0.0,0.0,0.0,0.0,0.0,0.0
A12,'Imst Nord',133.84,0.0,2.0,10262.0,0.0,62601.679390679135,0.0,1.0,1.0,0.0,626.0167939067913,0.0,0.0,0.0,0.0,0.0,10262.0,62601.679390679135,1.0,626.0167939067913,0.0,0.0
A12,'Mils',135.51,2.0,0.0,19502.000000000833,9240.000000000804,21880.454342200468,18488.872433763983,0.0,1.0,1.0,369.68872433765597,369.68872433765597,184.80000000001613,184.80000000001613,33.91581908436484,0.0,10262.00000000003,3391.5819084364844,0.0,0.0,0.0,33.91581908436484
A12,'Kronburg Zams',142.7,0.0,2.0,10312.0,0.0,14879.919522915665,0.0,1.0,1.0,0.0,182.7150143135215,0.0,33.91581908436484,0.0,0.0,0.0,10312.0,14879.919522915665,1.0,182.7150143135215,33.91581908436484,0.0
A13,'Patsch',6.24,0.0,2.0,21023.0,0.0,26094.725326847616,0.0,0.0,0.0,0.0,0.0,0.0,0.0,0.0,260.9472532684762,0.0,21023.0,26094.725326847616,-0.0,0.0,0.0,260.9472532684762
A13,'Europabrücke',8.27,2.0,0.0,41638.0,20615.0,32388.526624106256,23936.231437805232,1.0,2.0,1.0,373.85956232691456,28.389357195428147,260.9472532684762,0.0,210.97295718262419,210.97295718262419,21023.0,8452.295186301024,1.0,345.4702051314864,260.9472532684762,0.0
A13,'Gschleirs',14.05,1.0,2.0,14822.0,14822.0,8546.704281737584,8546.704281737584,0.0,0.0,-0.0,0.0,0.0,210.97295718262419,210.97295718262419,296.44000000000005,296.44000000000005,0.0,0.0,0.0,0.0,0.0,0.0
A13,'Matrei West',16.79,0.0,0.0,15161.0,0.0,25846.426928735076,0.0,0.0,0.0,0.0,0.0,0.0,0.0,0.0,258.4642692873507,0.0,15161.0,25846.426928735076,0.0,0.0,0.0,258.4642692873507
A13,'Matrei Ost',16.95,2.0,0.0,29983.0,14822.0,16734.882296516167,16235.578741496129,1.0,2.0,1.0,620.1695966473064,458.79578741496135,554.9042692873508,296.44000000000005,102.083495605206,0.0,15161.0,499.30355502003806,1.0,161.37380923234508,258.4642692873507,102.083495605206
A13,'Wipptalerhof Ost',22.41,1.0,2.0,10896.000000000471,10896.000000000471,2559.258804024997,2559.258804024997,0.0,0.0,0.0,0.0,0.0,0.0,0.0,25.59258804024997,25.59258804024997,0.0,0.0,0.0,0.0,0.0,0.0
A13,'Wipptalerhof West',22.56,0.0,2.0,11615.000000000608,0.0,13021.650439480618,0.0,0.0,0.0,0.0,0.0,0.0,102.083495605206,0.0,232.30000000001218,0.0,11615.000000000608,13021.650439480618,0.0,0.0,102.083495605206,232.30000000001218
A13,'Plon',23.61,1.0,2.0,10896.000000525348,10896.000000525348,9061.729580812602,9061.729580812602,0.0,0.0,0.0,0.0,0.0,25.59258804024997,25.59258804024997,116.209883848376,116.209883848376,0.0,0.0,0.0,0.0,0.0,0.0
A13,'Nößlach',26.91,2.0,1.0,23614.71960011509,11586.803224894727,15947.459093046333,3428.7910078521363,1.0,1.0,0.0,253.20997713610393,0.0,348.5098838483882,116.209883848376,254.77449764274758,150.49779392689737,12027.916375220364,12518.668085194196,1.0,253.20997713610393,232.30000000001218,104.2767037158502
A13,'Gries Ost',29.15,1.0,0.0,11601.99774413572,11601.99774413572,11387.01827145676,11387.01827145676,1.0,1.0,1.0,32.328021758750495,32.328021758750495,150.49779392689737,150.49779392689737,232.03995488271448,232.03995488271448,0.0,0.0,0.0,0.0,0.0,0.0
A13,'Gries West',29.54,0.0,0.0,12036.99974796117,0.0,4238.013247571624,0.0,0.0,0.0,0.0,0.0,0.0,104.2767037158502,0.0,146.65683619156644,0.0,12036.99974796117,4238.013247571624,0.0,0.0,104.2767037158502,146.65683619156644
A13,'Brennersee - Fröhlich',32.6,0.0,2.0,12036.999999999998,0.0,7411.89807862851,0.0,0.0,0.0,0.0,0.0,0.0,146.65683619156644,0.0,220.77581697785155,0.0,12036.999999999998,7411.89807862851,0.0,0.0,146.65683619156644,220.77581697785155
A13,'Brennersee',33.44,0.0,0.0,12037.0,0.0,1996.4183022148509,0.0,0.0,0.0,0.0,0.0,0.0,220.77581697785155,0.0,240.74000000000004,0.0,12037.0,1996.4183022148509,0.0,0.0,220.77581697785155,240.74000000000004
A13,'Brennerpaß',34.16,2.0,0.0,23639.0,11602.0,2518.3592467820863,788.7146427742366,1.0,2.0,1.0,497.9635473505354,239.92710131045686,472.7799548827145,232.03995488271448,0.0,0.0,12037.0,1729.6446040078497,1.0,258.03644604007854,240.74000000000004,0.0
A14,'Hörbranz’,0.0,2.0,1.0,11914.47538487758,0.0,580.5002038524873,0.0,0.0,0.0,0.0,0.0,0.0,0.0,0.0,5.805002038524873,0.0,11914.47538487758,580.5002038524873,-0.0,0.0,0.0,5.805002038524873
A14,'Dornbirn West',15.07,1.0,2.0,22722.01674582917,22722.01674582917,41625.83313129372,41625.83313129372,0.0,0.0,-0.0,0.0,0.0,0.0,0.0,416.25833131293723,416.25833131293723,0.0,0.0,0.0,0.0,0.0,0.0
A14,'Dornbirn Ost',15.27,0.0,2.0,22911.03673497288,0.0,67389.02531710501,0.0,1.0,1.0,0.0,679.6952552095751,0.0,5.805002038524873,0.0,0.0,0.0,22911.03673497288,67389.02531710501,1.0,679.6952552095751,5.805002038524873,0.0
A14,'Hohenems',24.48,2.0,0.0,53333.40958305029,26481.317311897245,99887.79432069242,49710.54770382436,1.0,2.0,1.0,1415.1362745198617,913.3638083511809,416.25833131293723,416.25833131293723,0.0,0.0,26852.092271153047,50177.24661686807,1.0,501.7724661686807,0.0,0.0
A14,'Rankweil West',33.46,0.0,2.0,22794.137882745563,0.0,41099.967515634846,0.0,1.0,1.0,0.0,410.9996751563485,0.0,0.0,0.0,0.0,0.0,22794.137882745563,41099.967515634846,1.0,410.9996751563485,0.0,0.0
A14,'Rankweil Ost',33.82,1.0,2.0,21949.829570058195,21949.829570058195,56639.54196425326,56639.54196425326,1.0,1.0,1.0,529.6206266445745,529.6206266445745,0.0,0.0,36.774792997958116,36.774792997958116,0.0,0.0,0.0,0.0,0.0,0.0
A14,'Schlins West',46.72,0.0,2.0,13115.0,0.0,35141.4430123402,0.0,1.0,1.0,0.0,351.414430123402,0.0,0.0,0.0,0.0,0.0,13115.0,35141.4430123402,1.0,351.414430123402,0.0,0.0
A14,'Schlins Ost',46.85,1.0,2.0,13492.000000000002,13492.000000000002,22886.809608579704,22886.809608579704,0.0,0.0,0.0,0.0,0.0,36.774792997958116,36.774792997958116,265.64288908375516,265.64288908375516,0.0,0.0,0.0,0.0,0.0,0.0
A14,'Nüziders',55.2,1.0,2.0,13282.144454187755,13282.144454187755,16978.23001179592,16978.23001179592,1.0,1.0,1.0,435.4251892017144,435.4251892017144,265.64288908375516,265.64288908375516,0.0,0.0,0.0,0.0,0.0,0.0,0.0,0.0
A2,'Guntramsdorf',14.43,2.0,0.0,106539.0608322543,51867.17485406379,341487.5079237672,183029.57068577447,1.0,3.0,2.0,2830.295706857745,1830.2957068577448,0.0,0.0,584.579372379927,0.0,54671.885978190505,158457.9372379927,1.0,1000.0,0.0,584.579372379927
A2,'Triestingtal',32.08,0.0,1.0,40445.0,0.0,143069.6923848394,0.0,1.0,2.0,0.0,1264.576296228121,0.0,584.579372379927,0.0,750.7000000002002,0.0,40445.0,143069.6923848394,2.0,1264.576296228121,584.579372379927,750.7000000002002
A2,'Leobersdorf',32.08,1.0,1.0,39540.0,39540.0,56942.74699600472,56942.74699600472,0.0,0.0,-0.0,0.0,0.0,0.0,0.0,569.4274699600473,569.4274699600473,0.0,0.0,0.0,0.0,0.0,0.0
A2,'Föhrenberg',39.31,1.0,0.0,39539.98215618593,39539.98215618593,93778.97588690832,93778.97588690832,1.0,1.0,1.0,884.05722882912,884.05722882912,569.4274699600473,569.4274699600473,623.1600000000104,623.1600000000104,0.0,0.0,0.0,0.0,0.0,0.0
A2,'Bad Fischau',40.93,0.0,0.0,37535.00000001001,0.0,66634.96786186735,0.0,1.0,1.0,0.0,1000.0,0.0,750.7000000002002,0.0,417.0496786188737,0.0,37535.00000001001,66634.96786186735,1.0,1000.0,750.7000000002002,417.0496786188737
A2,'Steinfeld',50.35,0.0,1.0,32434.00031526797,0.0,59928.40402750363,0.0,1.0,1.0,0.0,592.9737181909339,0.0,417.0496786188737,0.0,423.3600007029761,0.0,32434.00031526797,59928.40402750363,1.0,592.9737181909339,417.0496786188737,423.3600007029761
A2,'Wr. Neustadt',51.18,1.0,1.0,31158.00000000052,31158.00000000052,64946.24580860265,64946.24580860265,1.0,1.0,1.0,1000.0,1000.0,623.1600000000104,623.1600000000104,272.622458086037,272.622458086037,0.0,0.0,0.0,0.0,0.0,0.0
A2,'Witzelsberg',60.84,0.0,2.0,21168.0000351488,0.0,44783.30498303353,0.0,1.0,1.0,0.0,871.1930505333114,0.0,423.3600007029761,0.0,0.0,0.0,21168.0000351488,44783.30498303353,1.0,871.1930505333114,423.3600007029761,0.0
A2,'Gleissenfeld',61.52,1.0,2.0,18726.0,18726.0,64345.96758390275,64345.96758390275,1.0,1.0,1.0,850.7198032729223,850.7198032729223,272.622458086037,272.622458086037,65.36233065214219,65.36233065214219,0.0,0.0,0.0,0.0,0.0,0.0
A2,'Zöbern',78.76,2.0,0.0,34076.0,16223.0,89918.35315876387,25909.766934785785,1.0,1.0,-0.0,640.0858622397808,0.0,65.36233065214219,65.36233065214219,324.46000000000004,324.46000000000004,17853.0,64008.58622397808,1.0,640.0858622397808,0.0,0.0
A2,'Schäffern Ost',86.7,1.0,1.0,16223.0,16223.0,36516.98737256819,36516.98737256819,1.0,1.0,1.0,641.1645797905038,641.1645797905038,324.46000000000004,324.46000000000004,48.465293935178096,48.465293935178096,0.0,0.0,0.0,0.0,0.0,0.0
A2,'Pinkafeld/Ost',97.98,1.0,2.0,14325.0,14325.0,21727.470606482195,21727.470606482195,0.0,0.0,0.0,0.0,0.0,48.465293935178096,48.465293935178096,265.74,265.74,0.0,0.0,0.0,0.0,0.0,0.0
A2,'Pinkafeld/West',98.0,0.0,2.0,15628.999999999998,0.0,60166.60979667192,0.0,1.0,1.0,0.0,601.6660979667192,0.0,0.0,0.0,0.0,0.0,15628.999999999998,60166.60979667192,1.0,601.6660979667192,0.0,0.0
A2,'Loipersdorf',105.5,2.0,0.0,27899.0,13287.0,41927.32661100383,19788.474256334783,1.0,2.0,1.0,419.2732661100383,197.88474256334783,265.74,265.74,265.74,265.74,14612.0,22138.85235466905,1.0,221.3885235466905,0.0,0.0
A2,'St. Johann/Süd',113.05,1.0,2.0,13287.000477266132,13287.000477266132,55839.64905204145,55839.64905204145,1.0,1.0,1.0,824.1364905204146,824.1364905204146,265.74,265.74,0.0,0.0,0.0,0.0,0.0,0.0,0.0,0.0
A2,'St. Johann/Nord',113.24,0.0,2.0,14612.067329295864,0.0,22243.9351941791,0.0,0.0,0.0,0.0,0.0,0.0,0.0,0.0,222.43935194179093,0.0,14612.067329295864,22243.9351941791,0.0,0.0,0.0,222.43935194179093
A2,'Hainersdorf',133.87,0.0,1.0,16034.999999999998,0.0,66144.33253637272,0.0,1.0,1.0,0.0,883.8826773055182,0.0,222.43935194179093,0.0,0.0,0.0,16034.999999999998,66144.33253637272,1.0,883.8826773055182,222.43935194179093,0.0
A2,'Bad Blumau',134.06,1.0,1.0,14879.0,14879.0,39913.51522050923,39913.51522050923,1.0,1.0,1.0,399.1351522050923,399.1351522050923,0.0,0.0,0.0,0.0,0.0,0.0,0.0,0.0,0.0,0.0
A2,'Ilztal/Nord ',147.5,1.0,2.0,16946.156088329964,16946.156088329964,22142.86453298605,22142.86453298605,0.0,0.0,0.0,0.0,0.0,0.0,0.0,221.4286453298605,221.4286453298605,0.0,0.0,0.0,0.0,0.0,0.0
A2,'Arnwiesen',154.1,2.0,0.0,36495.0010822289,16966.000585729496,135214.80430038154,56438.87319577954,1.0,2.0,1.0,1573.576688333676,785.8173772876559,221.4286453298605,221.4286453298605,0.0,0.0,19529.0004964994,78775.931104602,1.0,787.75931104602,0.0,0.0
A2,'Laßnitzhöhe Nord',170.16,0.0,1.0,27470.0,0.0,89210.41764080411,0.0,1.0,1.0,0.0,892.1041764080411,0.0,0.0,0.0,0.0,0.0,27470.0,89210.41764080411,1.0,892.1041764080411,0.0,0.0
A2,'Laßnitzhöhe Süd',170.65,1.0,1.0,29743.0,29743.0,119872.94775894134,119872.94775894134,1.0,1.0,1.0,785.0894451041529,785.0894451041529,0.0,0.0,413.6400324852605,413.6400324852605,0.0,0.0,0.0,0.0,0.0,0.0
A2,'Kaiserwald',190.77,2.0,0.0,42649.00410506857,20682.001624263023,212311.14271654858,122041.70261988904,1.0,3.0,2.0,2360.6114596503267,1634.057058684151,413.6400324852605,413.6400324852605,176.14000000041963,0.0,21967.00248080555,90269.44009665956,1.0,726.554400966176,0.0,176.14000000041963
A2,'Herzogberg Nord',220.13,0.0,1.0,8807.00000002098,0.0,51848.951152018446,0.0,1.0,1.0,0.0,694.6295115206041,0.0,176.14000000041963,0.0,0.0,0.0,8807.00000002098,51848.951152018446,1.0,694.6295115206041,176.14000000041963,0.0
A2,'Herzogberg Süd',220.19,1.0,1.0,8120.999999999229,8120.999999999229,24362.120249568077,24362.120249568077,1.0,1.0,1.0,197.4042324742617,197.4042324742617,0.0,0.0,46.21697002141909,46.21697002141909,0.0,0.0,0.0,0.0,0.0,0.0
A2,'Pack',235.21,2.0,0.0,16928.0,8120.999999999999,38160.3171582835,11620.302997858087,1.0,1.0,0.0,217.89521361178734,0.0,46.21697002141909,46.21697002141909,209.9249279924667,162.41999999999996,8807.0,26540.01416042541,1.0,217.89521361178734,0.0,47.50492799246675
A2,'Twimberg Süd',242.34,1.0,2.0,9189.0,9189.0,32127.24787077568,32127.24787077568,1.0,1.0,1.0,483.6924787077568,483.6924787077568,162.41999999999996,162.41999999999996,0.0,0.0,0.0,0.0,0.0,0.0,0.0,0.0
A2,'Twimberg Nord',242.44,0.0,2.0,8465.0,0.0,12179.507200753324,0.0,0.0,0.0,0.0,0.0,0.0,47.50492799246675,0.0,169.29999999999998,0.0,8465.0,12179.507200753324,0.0,0.0,47.50492799246675,169.29999999999998
A2,'Fischering',259.85,1.0,2.0,10919.0,10919.0,19551.337675387487,19551.337675387487,0.0,0.0,0.0,0.0,0.0,0.0,0.0,195.51337675387487,195.51337675387487,0.0,0.0,0.0,0.0,0.0,0.0
A2,'St. Ändra',262.91,0.0,2.0,11358.00000168869,0.0,46444.591455370966,0.0,1.0,1.0,0.0,567.0758517720726,0.0,169.29999999999998,0.0,66.670062781637,0.0,11358.00000168869,46444.591455370966,1.0,567.0758517720726,169.29999999999998,66.670062781637
A2,'Gönitz/Süd',268.86,1.0,2.0,11607.0,11607.0,37377.39333079138,37377.39333079138,1.0,1.0,1.0,569.2873100617887,569.2873100617887,195.51337675387487,195.51337675387487,0.0,0.0,0.0,0.0,0.0,0.0,0.0,0.0
A2,'Gönitz/Nord',268.89,0.0,2.0,12420.0,0.0,14890.993721836305,0.0,0.0,0.0,0.0,0.0,0.0,66.670062781637,0.0,215.58000000000004,0.0,12420.0,14890.993721836305,0.0,0.0,66.670062781637,215.58000000000004
A2,'Haimburg Nord',279.17,0.0,2.0,10779.0,0.0,21954.76010391007,0.0,1.0,1.0,0.0,346.12238204674566,0.0,215.58000000000004,0.0,89.00521899235508,0.0,10779.0,21954.76010391007,1.0,346.12238204674566,215.58000000000004,89.00521899235508
A2,'Völkermarkt',285.09,2.0,0.0,21133.0,10354.0,43435.933157851614,30778.45505708712,0.0,1.0,1.0,307.7845505708712,307.7845505708712,89.00521899235508,0.0,215.58000000000004,0.0,10779.0,12657.478100764496,0.0,0.0,89.00521899235508,215.58000000000004
A2,'Grafenstein Süd',300.0,1.0,1.0,13587.999999999998,13587.999999999998,64499.09491933518,64499.09491933518,1.0,1.0,1.0,644.9909491933518,644.9909491933518,0.0,0.0,0.0,0.0,0.0,0.0,0.0,0.0,0.0,0.0
A2,'Grafenstein Nord',300.0,0.0,1.0,13362.0,0.0,39644.441582321415,0.0,1.0,1.0,0.0,612.0244158232142,0.0,215.58000000000004,0.0,0.0,0.0,13362.0,39644.441582321415,1.0,612.0244158232142,215.58000000000004,0.0
A2,'Krumpendorf/Nord',329.28,0.0,2.0,19027.00404912327,0.0,72939.3212153292,0.0,1.0,1.0,0.0,729.393212153292,0.0,0.0,0.0,0.0,0.0,19027.00404912327,72939.3212153292,1.0,729.393212153292,0.0,0.0
A2,'Karawankenblick/Süd',333.84,1.0,2.0,19384.999372588507,19384.999372588507,24175.820186266053,24175.820186266053,0.0,0.0,0.0,0.0,0.0,0.0,0.0,241.75820186266054,241.75820186266054,0.0,0.0,0.0,0.0,0.0,0.0
A2,'Wörthersee',340.13,2.0,0.0,38076.99999701492,18623.999998725383,75344.61920701242,33207.340641554634,1.0,2.0,1.0,695.9443939329512,274.5716082783734,241.75820186266054,241.75820186266054,299.2599999998335,299.2599999998335,19452.999998289542,42137.27856545779,1.0,421.3727856545779,0.0,0.0
A2,'Sternberg/Süd',349.01,1.0,2.0,19615.999955893047,19615.999955893047,0.0,0.0,0.0,0.0,0.0,0.0,0.0,299.2599999998335,299.2599999998335,299.2599999998335,299.2599999998335,0.0,0.0,0.0,0.0,0.0,0.0
A2,'Sternberg/Nord',349.03,0.0,2.0,17176.999989573145,0.0,30590.1422357276,0.0,0.0,0.0,0.0,0.0,0.0,0.0,0.0,305.901422357276,0.0,17176.999989573145,30590.1422357276,0.0,0.0,0.0,305.901422357276
A2,'Federaun/Nord',361.73,0.0,2.0,16516.999999999996,0.0,41902.47823736397,0.0,1.0,1.0,0.0,724.9262047309157,0.0,305.901422357276,0.0,0.0,0.0,16516.999999999996,41902.47823736397,1.0,724.9262047309157,305.901422357276,0.0
A2,'Federaun/Süd',362.78,1.0,2.0,14962.999999991674,14962.999999991674,53969.28273959152,53969.28273959152,1.0,1.0,1.0,838.9528273957488,838.9528273957488,299.2599999998335,299.2599999998335,0.0,0.0,0.0,0.0,0.0,0.0,0.0,0.0
A2,'Dreiländereck Süd',374.17,2.0,0.0,29010.99995582863,19615.999955893047,73068.57514847351,49722.012510574656,1.0,2.0,1.0,730.6857514847351,497.22012510574655,0.0,0.0,0.0,0.0,9394.99999993558,23346.56263789885,1.0,233.4656263789885,0.0,0.0
A2,'Dreiländereck Nord',374.27,2.0,0.0,24357.99999982947,14963.000000000002,3460.5851131569007,3355.655189571254,1.0,2.0,1.0,34.60585113156901,33.556551895712545,0.0,0.0,0.0,0.0,9394.999999829468,104.92992358564643,1.0,1.0492992358564643,0.0,0.0
A21,'Alland',14.68,2.0,0.0,40163.5,20070.5,103417.58750904436,53997.24861527208,1.0,2.0,1.0,855.1297686062408,360.92637966851805,0.0,0.0,179.04610648420282,179.04610648420282,20093.0,49420.33889377227,1.0,494.2033889377227,0.0,0.0
A21,'Dornbach',19.96,1.0,2.0,19174.48344498892,19174.48344498892,20444.35624155757,20444.35624155757,0.0,0.0,0.0,0.0,0.0,179.04610648420282,179.04610648420282,383.48966889977845,383.48966889977845,0.0,0.0,0.0,0.0,0.0,0.0
A21,'Sparbach',26.99,1.0,2.0,19671.37785407049,19671.37785407049,27694.943399277778,27694.943399277778,1.0,1.0,1.0,660.4391028925562,660.4391028925562,383.48966889977845,383.48966889977845,0.0,0.0,0.0,0.0,0.0,0.0,0.0,0.0
A21,'Hinterbrühl',26.99,0.0,1.0,19730.962284466663,0.0,44502.271823291965,0.0,1.0,1.0,0.0,445.02271823291966,0.0,0.0,0.0,0.0,0.0,19730.962284466663,44502.271823291965,1.0,445.02271823291966,0.0,0.0
A22,'Korneuburg West',18.04,1.0,0.0,32131.000000493023,32131.000000493023,63932.21893438356,63932.21893438356,1.0,1.0,1.0,639.3221893438357,639.3221893438357,0.0,0.0,0.0,0.0,0.0,0.0,0.0,0.0,0.0,0.0
A22,'Korneuburg Ost',18.12,0.0,0.0,32321.000000000007,0.0,116866.4197787237,0.0,1.0,2.0,0.0,1168.664197787237,0.0,0.0,0.0,0.0,0.0,32321.000000000007,116866.4197787237,2.0,1168.664197787237,0.0,0.0
A22,'Stockerau',28.09,1.0,0.0,30190.007584098337,30190.007584098337,9009.757712564318,9009.757712564318,1.0,1.0,1.0,90.09757712564318,90.09757712564318,0.0,0.0,0.0,0.0,0.0,0.0,0.0,0.0,0.0,0.0
A25,'Pucking',5.97,0.0,1.0,21620.0,0.0,25350.64141680889,0.0,0.0,0.0,0.0,0.0,0.0,0.0,0.0,253.5064141680889,0.0,21620.0,25350.64141680889,-0.0,0.0,0.0,253.5064141680889
A25,'Sinnersdorf/Süd',6.11,1.0,2.0,21271.0,21271.0,28981.93257809412,28981.93257809412,0.0,0.0,-0.0,0.0,0.0,0.0,0.0,289.8193257809412,289.8193257809412,0.0,0.0,0.0,0.0,0.0,0.0
A25,'Wels',13.06,2.0,0.0,49975.503210327646,24897.02101145736,71240.92245977157,35752.43236667305,1.0,2.0,1.0,1255.7349645467457,647.3436494476716,543.3257399490301,289.8193257809412,0.0,0.0,25078.48219887029,35488.490093098524,1.0,608.3913150990741,253.5064141680889,0.0
A3,'Hornstein',28.0,2.0,0.0,35088.0,17661.0,114520.76259901357,47668.58798974191,1.0,2.0,1.0,1145.2076259901357,476.68587989741906,0.0,0.0,0.0,0.0,17427.0,66852.17460927166,1.0,668.5217460927166,0.0,0.0
A4,'Simmering',2.45,0.0,0.0,35371.78969176939,0.0,22257.83857434953,0.0,0.0,0.0,0.0,0.0,0.0,0.0,0.0,222.57838574349532,0.0,35371.78969176939,22257.83857434953,-0.0,0.0,0.0,222.57838574349532
A4,'Fischamend',22.33,0.0,1.0,28227.0,0.0,112756.86408974236,0.0,1.0,1.0,0.0,1000.0,0.0,222.57838574349532,0.0,350.14702664091897,0.0,28227.0,112756.86408974236,1.0,1000.0,222.57838574349532,350.14702664091897
A4,'Maria Ellend',22.48,1.0,1.0,27990.0,27990.0,32591.644875563223,32591.644875563223,0.0,0.0,-0.0,0.0,0.0,0.0,0.0,325.91644875563225,325.91644875563225,0.0,0.0,0.0,0.0,0.0,0.0
A4,'Göttlesbrunn',28.04,2.0,0.0,47550.0,23278.0,112197.1085476203,84150.56147475471,1.0,2.0,1.0,1242.3203373597412,1000.0,676.0634753965512,325.91644875563225,555.7142235130129,167.4220635031793,24272.0,28046.547072865586,1.0,242.3203373597412,350.14702664091897,388.29216000983365
A4,'Parndorf',46.23,1.0,2.0,19928.0,19928.0,74634.97330866668,74634.97330866668,1.0,1.0,1.0,770.6117960294986,770.6117960294986,167.4220635031793,167.4220635031793,143.16000056034747,143.16000056034747,0.0,0.0,0.0,0.0,0.0,0.0
A4,'Neusiedl',47.01,0.0,2.0,21837.0,0.0,82260.78440998313,0.0,1.0,1.0,0.0,1000.0,0.0,388.29216000983365,0.0,210.90000410966496,0.0,21837.0,82260.78440998313,1.0,1000.0,388.29216000983365,210.90000410966496
A4,'Nickelsdorf Süd',64.65,0.0,0.0,10545.000205483248,0.0,37272.146014313184,0.0,1.0,1.0,0.0,583.6214642527968,0.0,210.90000410966496,0.0,0.0,0.0,10545.000205483248,37272.146014313184,1.0,583.6214642527968,210.90000410966496,0.0
A4,'Nickelsdorf Nord',64.97,1.0,0.0,7158.000028017371,7158.000028017371,1140.7844882274428,1140.7844882274428,1.0,1.0,1.0,154.5678454426219,154.5678454426219,143.16000056034747,143.16000056034747,0.0,0.0,0.0,0.0,0.0,0.0,0.0,0.0
A5,'Hochleithen',10.63,2.0,0.0,35611.2,18304.7,171050.44466718304,136176.4756229533,1.0,3.0,2.0,1710.5044466718307,1361.764756229533,0.0,0.0,0.0,0.0,17306.5,34873.96904422976,1.0,348.73969044229756,0.0,0.0
A6,'Potzneusiedl',10.8,2.0,0.0,15204.999999970727,7878.999999983744,33671.23460537669,17937.695343993484,1.0,2.0,1.0,336.7123460537669,179.37695343993485,0.0,0.0,0.0,0.0,7325.999999986983,15733.539261383205,1.0,157.33539261383206,0.0,0.0
A7,'Engerwitzdorf',25.71,1.0,1.0,19344.0,19344.0,4050.242286953621,4050.242286953621,1.0,1.0,1.0,40.50242286953621,40.50242286953621,0.0,0.0,0.0,0.0,0.0,0.0,0.0,0.0,0.0,0.0
A7,'Denk',25.76,0.0,1.0,18851.0,0.0,97075.89483825683,0.0,1.0,1.0,0.0,970.7589483825684,0.0,0.0,0.0,0.0,0.0,18851.0,97075.89483825683,1.0,970.7589483825684,0.0,0.0
A8,'Voralpenkreuz',0.17,2.0,0.0,20453.0,10372.0,35002.97696040159,34120.79930409758,0.0,1.0,1.0,341.2079930409758,341.2079930409758,0.0,0.0,8.821776563040132,0.0,10081.0,882.1776563040131,-0.0,0.0,0.0,8.821776563040132
A8,'Oberham/Süd',16.76,1.0,2.0,24053.99876684948,24053.99876684948,18977.635739131696,18977.635739131696,0.0,0.0,0.0,0.0,0.0,0.0,0.0,189.776357391317,189.776357391317,0.0,0.0,0.0,0.0,0.0,0.0
A8,'Oberham/Nord',18.32,0.0,2.0,21938.95947401208,0.0,79070.52120426737,0.0,1.0,1.0,0.0,799.5269886057138,0.0,8.821776563040132,0.0,0.0,0.0,21938.95947401208,79070.52120426737,1.0,799.5269886057138,8.821776563040132,0.0
A8,'Schnittering/Süd',20.68,1.0,2.0,17695.568077309275,17695.568077309275,46433.72435952304,46433.72435952304,1.0,1.0,1.0,654.1136009865475,654.1136009865475,189.776357391317,189.776357391317,0.0,0.0,0.0,0.0,0.0,0.0,0.0,0.0
A8,'Kematen/Nord',24.85,0.0,2.0,16374.0,0.0,21401.04458132792,0.0,0.0,0.0,0.0,0.0,0.0,0.0,0.0,214.01044581327918,0.0,16374.0,21401.04458132792,0.0,0.0,0.0,214.01044581327918
A8,'Aistersheim',33.81,2.0,0.0,30956.0,15977.0,60874.30024176926,34038.438051245816,1.0,2.0,1.0,415.0404325529206,204.15140736253937,214.01044581327918,0.0,407.7130156780512,136.2329731499188,14979.0,26835.862190523447,1.0,210.88902519038126,214.01044581327918,271.4800425281324
A8,'Gotthaming',43.74,0.0,2.0,13574.002126406618,0.0,26867.96010209468,0.0,1.0,1.0,0.0,428.8885681790726,0.0,271.4800425281324,0.0,111.2710753700066,0.0,13574.002126406618,26867.96010209468,1.0,428.8885681790726,271.4800425281324,111.2710753700066
A8,'Renhartsberg',44.47,1.0,2.0,14008.000000000133,14008.000000000133,14392.702685008398,14392.702685008398,0.0,0.0,0.0,0.0,0.0,136.2329731499188,136.2329731499188,280.1600000000028,280.1600000000028,0.0,0.0,0.0,0.0,0.0,0.0
A8,'Grübl/Süd’,49.59,1.0,2.0,14008.0,14008.0,20419.630414824154,20419.630414824154,1.0,1.0,1.0,204.19630414824428,204.19630414824428,280.1600000000028,280.1600000000028,280.1600000000001,280.1600000000001,0.0,0.0,0.0,0.0,0.0,0.0
A8,'Grübl/Nord',49.61,0.0,2.0,13574.000000000002,0.0,15944.892462999343,0.0,0.0,0.0,0.0,0.0,0.0,111.2710753700066,0.0,270.72,0.0,13574.000000000002,15944.892462999343,0.0,0.0,111.2710753700066,270.72
A8,'Murau West',56.77,1.0,1.0,14172.0,14172.0,41708.92113869764,41708.92113869764,1.0,1.0,1.0,697.2492113869764,697.2492113869764,280.1600000000001,280.1600000000001,0.0,0.0,0.0,0.0,0.0,0.0,0.0,0.0
A8,'Murau Ost',56.88,0.0,1.0,13536.0,0.0,19847.682360943298,0.0,1.0,1.0,0.0,469.196823609433,0.0,270.72,0.0,0.0,0.0,13536.0,19847.682360943298,1.0,469.196823609433,270.72,0.0
A8,'Marienkirchen/Schärding’,71.6,1.0,1.0,10055.234280795672,10055.234280795672,6370.451690557319,6370.451690557319,0.0,0.0,0.0,0.0,0.0,0.0,0.0,63.7045169055732,63.7045169055732,0.0,0.0,0.0,0.0,0.0,0.0
A8,'Dietrichshofen/Ost',72.06,0.0,2.0,8836.923336744558,0.0,26734.753655044016,0.0,1.0,1.0,0.0,267.34753655044017,0.0,0.0,0.0,0.0,0.0,8836.923336744558,26734.753655044016,1.0,267.34753655044017,0.0,0.0
A8,'Suben West',74.77,1.0,0.0,9186.000000189424,9186.000000189424,2309.5037607612567,2309.5037607612567,1.0,1.0,1.0,86.79955451318577,86.79955451318577,63.7045169055732,63.7045169055732,0.0,0.0,0.0,0.0,0.0,0.0,0.0,0.0
A9,'Maisdorf/Ost',12.66,1.0,2.0,10503.0,10503.0,49687.49353628505,49687.49353628505,1.0,1.0,1.0,358.05493536285053,358.05493536285053,0.0,0.0,138.82,138.82,0.0,0.0,0.0,0.0,0.0,0.0
A9,'Maisdorf/West',12.73,0.0,2.0,11055.0,0.0,28126.582456850745,0.0,1.0,1.0,0.0,140.60582456850744,0.0,0.0,0.0,140.66000000000003,0.0,11055.0,28126.582456850745,1.0,140.60582456850744,0.0,140.66000000000003
A9,'St. Pankraz',36.36,2.0,0.0,13974.0,6941.0,59101.108124232705,25927.407981916764,1.0,2.0,1.0,870.4910812423271,398.09407981916763,279.48,138.82,0.0,0.0,7033.0,33173.700142315945,1.0,472.3970014231595,140.66000000000003,0.0
A9,'Pyhrn-Priel Ost’,55.03,1.0,1.0,7591.971611767987,7591.971611767987,16849.293094569046,16849.293094569046,1.0,1.0,1.0,168.49293094569046,168.49293094569046,0.0,0.0,0.0,0.0,0.0,0.0,0.0,0.0,0.0,0.0
A9,'Pyhrn-Priel West',55.04,0.0,1.0,8230.855228133318,0.0,31192.30198661983,0.0,1.0,1.0,0.0,311.92301986619833,0.0,0.0,0.0,0.0,0.0,8230.855228133318,31192.30198661983,1.0,311.92301986619833,0.0,0.0
A9,'Ardning Ost',65.96,1.0,2.0,13083.999999877302,13083.999999877302,31041.45899234372,31041.45899234372,1.0,1.0,1.0,308.1264707649324,308.1264707649324,0.0,0.0,2.2881191585047995,2.2881191585047995,0.0,0.0,0.0,0.0,0.0,0.0
A9,'Ardning West',66.04,0.0,2.0,13361.999999983376,0.0,29114.41644929437,0.0,1.0,1.0,0.0,291.14416449294373,0.0,0.0,0.0,0.0,0.0,13361.999999983376,29114.41644929437,1.0,291.14416449294373,0.0,0.0
A9,'Rottenmann/Nord',77.91,1.0,2.0,13084.0,13084.0,20345.18808414952,20345.18808414952,0.0,0.0,0.0,0.0,0.0,2.2881191585047995,2.2881191585047995,205.73999999999998,205.73999999999998,0.0,0.0,0.0,0.0,0.0,0.0
A9,'Rottenmann/Süd',78.18,0.0,2.0,13362.0,0.0,32196.632573168365,0.0,1.0,1.0,0.0,321.96632573168364,0.0,0.0,0.0,0.0,0.0,13362.0,32196.632573168365,1.0,321.96632573168364,0.0,0.0
A9,'Trieben',85.7,2.0,0.0,20906.0,10287.0,29194.785607799568,13223.224664742887,1.0,2.0,1.0,462.3617561280097,337.97224664742885,205.73999999999998,205.73999999999998,35.326099949985945,0.0,10619.0,15971.560943056678,1.0,124.38950948058084,0.0,35.326099949985945
A9,'Gaishorn',92.11,1.0,1.0,10287.0,10287.0,59758.32239265699,59758.32239265699,1.0,1.0,1.0,391.84322392657,391.84322392657,0.0,0.0,205.74,205.74,0.0,0.0,0.0,0.0,0.0,0.0
A9,'Treglwang',94.03,0.0,2.0,10619.0,0.0,17705.39000500141,0.0,0.0,0.0,0.0,0.0,0.0,35.326099949985945,0.0,212.38000000000005,0.0,10619.0,17705.39000500141,0.0,0.0,35.326099949985945,212.38000000000005
A9,'Kalwang',106.26,0.0,1.0,10953.0,0.0,26930.486362994383,0.0,1.0,1.0,0.0,481.6848636299439,0.0,212.38000000000005,0.0,0.0,0.0,10953.0,26930.486362994383,1.0,481.6848636299439,212.38000000000005,0.0
A9,'Kammern Nord',121.18,1.0,2.0,10926.0,10926.0,175.9889804448717,175.9889804448717,0.0,0.0,-0.0,0.0,0.0,205.74,205.74,207.4998898044487,207.4998898044487,0.0,0.0,0.0,0.0,0.0,0.0
A9,'Kammern Süd',121.26,2.0,0.0,21954.0,10926.0,64341.42807325543,31427.413623646764,1.0,2.0,1.0,850.914170537003,521.7740260409164,207.4998898044487,207.4998898044487,0.0,0.0,11028.0,32914.014449608665,1.0,329.14014449608663,0.0,0.0
A9,'St. Michael',135.01,0.0,2.0,11073.004965524444,0.0,30404.004309309235,0.0,1.0,1.0,0.0,174.84377073111648,0.0,0.0,0.0,129.1962723619759,0.0,11073.004965524444,30404.004309309235,1.0,174.84377073111648,0.0,129.1962723619759
A9,'Ortnerhof Nord',135.65,1.0,2.0,10574.999873012946,10574.999873012946,7705.628111447948,7705.628111447948,0.0,0.0,0.0,0.0,0.0,0.0,0.0,77.05628111447948,77.05628111447948,0.0,0.0,0.0,0.0,0.0,0.0
A9,'Ortnerhof Süd’,135.65,0.0,2.0,11073.999444063618,0.0,1386.6510981153897,0.0,0.0,0.0,0.0,0.0,0.0,129.1962723619759,0.0,143.0627833431298,0.0,11073.999444063618,1386.6510981153897,0.0,0.0,129.1962723619759,143.0627833431298
A9,'Hinterlainsach/Ost',139.16,0.0,2.0,11074.0,0.0,7841.721665687022,0.0,0.0,0.0,0.0,0.0,0.0,143.0627833431298,0.0,221.48000000000005,0.0,11074.0,7841.721665687022,0.0,0.0,143.0627833431298,221.48000000000005
A9,'Hinterlainsach/West',139.3,1.0,2.0,10575.0,10575.0,31388.73352344284,31388.73352344284,1.0,1.0,1.0,390.9436163489079,390.9436163489079,77.05628111447948,77.05628111447948,0.0,0.0,0.0,0.0,0.0,0.0,0.0,0.0
A9,'Kleintal',150.57,0.0,2.0,11777.0,0.0,26809.336064293304,0.0,1.0,1.0,0.0,489.57336064293304,0.0,221.48000000000005,0.0,0.0,0.0,11777.0,26809.336064293304,1.0,489.57336064293304,221.48000000000005,0.0
A9,'Übelbach 1',154.16,1.0,2.0,11512.0,11512.0,17781.923523171823,17781.923523171823,0.0,0.0,0.0,0.0,0.0,0.0,0.0,177.81923523171824,177.81923523171824,0.0,0.0,0.0,0.0,0.0,0.0
A9,'Übelbach 2',154.24,0.0,2.0,11777.0,0.0,8639.97767636247,0.0,0.0,0.0,0.0,0.0,0.0,0.0,0.0,86.3997767636247,0.0,11777.0,8639.97767636247,0.0,0.0,0.0,86.3997767636247
A9,'Deutschfeistritz',161.95,2.0,0.0,23289.000114064176,11512.00005904891,76050.65254937344,58046.72415264104,1.0,2.0,1.0,910.6147357503453,758.2864767581287,264.21901199534295,177.81923523171824,114.11080173873205,0.0,11777.000055015264,18003.928396732397,1.0,152.3282589922166,86.3997767636247,114.11080173873205
A9,'Eggenfeld',169.13,0.0,2.0,20432.1080698656,0.0,29453.135965858,0.0,0.0,0.0,0.0,0.0,0.0,114.11080173873205,0.0,408.64216139731207,0.0,20432.1080698656,29453.135965858,0.0,0.0,114.11080173873205,408.64216139731207
A9,'Feldkirchen',186.97,1.0,2.0,29999.01028154669,29999.01028154669,57184.44424849908,57184.44424849908,1.0,1.0,1.0,571.8444424849909,571.8444424849909,0.0,0.0,0.0,0.0,0.0,0.0,0.0,0.0,0.0,0.0
A9,'Premstätten',192.48,0.0,1.0,32302.511670869648,0.0,152381.31708348572,0.0,1.0,2.0,0.0,1932.4553322321692,0.0,408.64216139731207,0.0,0.0,0.0,32302.511670869648,152381.31708348572,2.0,1932.4553322321692,408.64216139731207,0.0
A9,'Thalerhof',196.52,1.0,2.0,26113.265874187266,26113.265874187266,77662.26512324884,77662.26512324884,1.0,1.0,1.0,388.64265123248845,388.64265123248845,0.0,0.0,387.98,387.98,0.0,0.0,0.0,0.0,0.0,0.0
A9,'Gralla West',211.06,0.0,0.0,20689.0,0.0,76643.58637779353,0.0,1.0,1.0,0.0,601.655863777925,0.0,0.0,0.0,164.7800000000103,0.0,20689.0,76643.58637779353,1.0,601.655863777925,0.0,164.7800000000103
A9,'Gralla Ost',211.45,1.0,0.0,19399.0,19399.0,52785.10516275293,52785.10516275293,1.0,1.0,1.0,915.8310516275293,915.8310516275293,387.98,387.98,0.0,0.0,0.0,0.0,0.0,0.0,0.0,0.0
A9,'Straß West',225.02,0.0,2.0,8239.000000000515,0.0,22970.085281964966,0.0,1.0,1.0,0.0,394.48085281965996,0.0,164.7800000000103,0.0,0.0,0.0,8239.000000000515,22970.085281964966,1.0,394.48085281965996,164.7800000000103,0.0
A9,'Straß Ost’,225.02,1.0,2.0,7452.000000000777,7452.000000000777,7466.983597758399,7466.983597758399,1.0,1.0,1.0,74.66983597758399,74.66983597758399,0.0,0.0,0.0,0.0,0.0,0.0,0.0,0.0,0.0,0.0
S16,'Schnann',18.9,2.0,0.0,9860.99996031521,4918.999960315217,43437.30630977449,24737.232699426502,1.0,2.0,1.0,246.7530630924344,158.59232698895443,0.0,0.0,187.62000000531043,88.7800000053106,4941.999999999992,18700.073610347983,1.0,88.16073610347998,0.0,98.83999999999985
S16,'Klösterle',44.17,1.0,0.0,4439.000000265529,4439.000000265529,13183.237295726443,13183.237295726443,1.0,1.0,1.0,220.61237296257502,220.61237296257502,88.7800000053106,88.7800000053106,0.0,0.0,0.0,0.0,0.0,0.0,0.0,0.0
S16,'Innerbraz',54.99,0.0,0.0,5391.999999999998,0.0,38789.08951452321,0.0,1.0,1.0,0.0,486.730895145232,0.0,98.83999999999985,0.0,0.0,0.0,5391.999999999998,38789.08951452321,1.0,486.730895145232,98.83999999999985,0.0
S16,'Radin Süd',59.01,1.0,2.0,5252.0,5252.0,3038.655605334979,3038.655605334979,1.0,1.0,1.0,30.386556053349793,30.386556053349793,0.0,0.0,0.0,0.0,0.0,0.0,0.0,0.0,0.0,0.0
S16,'Radin Nord',59.03,0.0,2.0,5392.0,0.0,4366.475635989322,0.0,1.0,1.0,0.0,43.66475635989322,0.0,0.0,0.0,0.0,0.0,5392.0,4366.475635989322,1.0,43.66475635989322,0.0,0.0
S1A,'Schwechat',9.85,2.0,0.0,61703.49999987559,30239.99999989978,98660.20943375537,59618.68647486362,1.0,2.0,1.0,986.6020943375537,596.1868647486363,0.0,0.0,0.0,0.0,31463.499999975807,39041.52295889174,1.0,390.41522958891744,0.0,0.0
S1B,'Deutsch Wagram',39.05,2.0,0.0,32604.83333333333,16366.866666666663,73145.99870320682,63468.89404468598,1.0,2.0,1.0,731.4599870320682,634.6889404468598,0.0,0.0,0.0,0.0,16237.966666666664,9677.10465852084,1.0,96.77104658520841,0.0,0.0
S3,'Hollabrunn',23.6,1.0,2.0,6766.0,6766.0,15563.630436509862,15563.630436509862,1.0,1.0,1.0,155.63630436509862,155.63630436509862,0.0,0.0,0.0,0.0,0.0,0.0,0.0,0.0,0.0,0.0
S31,‘Mattersburg’,52.09,1.0,2.0,8153.0,8153.0,26231.718576042676,26231.718576042676,1.0,1.0,1.0,262.31718576042675,262.31718576042675,0.0,0.0,0.0,0.0,0.0,0.0,0.0,0.0,0.0,0.0
S31,'Forchtenstein’,52.45,0.0,2.0,7857.0,0.0,29576.297095027607,0.0,1.0,1.0,0.0,295.7629709502761,0.0,0.0,0.0,0.0,0.0,7857.0,29576.297095027607,1.0,295.7629709502761,0.0,0.0
S31,'Kobersdorf',66.91,0.0,2.0,6223.999999590788,0.0,17886.095398002628,0.0,1.0,1.0,0.0,178.8609539800263,0.0,0.0,0.0,0.0,0.0,6223.999999590788,17886.095398002628,1.0,178.8609539800263,0.0,0.0
S31,'Tschurndorf',68.14,1.0,2.0,6566.999817015507,6566.999817015507,21185.283057988152,21185.283057988152,1.0,1.0,1.0,211.85283057988153,211.85283057988153,0.0,0.0,0.0,0.0,0.0,0.0,0.0,0.0,0.0,0.0
S33,'St. Pölten Ost',1.84,0.0,0.0,15332.000000000002,0.0,42162.713450383104,0.0,1.0,1.0,0.0,421.62713450383103,0.0,0.0,0.0,0.0,0.0,15332.000000000002,42162.713450383104,1.0,421.62713450383103,0.0,0.0
S33,'Inzersdorf',15.28,1.0,1.0,15650.364459623052,15650.364459623052,47979.53816597848,47979.53816597848,1.0,1.0,1.0,479.7953816597848,479.7953816597848,0.0,0.0,0.0,0.0,0.0,0.0,0.0,0.0,0.0,0.0
S33,'Herzogenburg',15.69,0.0,1.0,15657.319893344473,0.0,36041.87317235301,0.0,1.0,1.0,0.0,360.4187317235301,0.0,0.0,0.0,0.0,0.0,15657.319893344473,36041.87317235301,1.0,360.4187317235301,0.0,0.0
S35,'Frohnleiten West',26.82,0.0,2.0,9816.0,0.0,51001.472361815664,0.0,1.0,1.0,0.0,510.01472361815667,0.0,0.0,0.0,0.0,0.0,9816.0,51001.472361815664,1.0,510.01472361815667,0.0,0.0
S35,'Frohnleiten Ost',26.82,1.0,2.0,9690.0,9690.0,18587.030666064784,18587.030666064784,1.0,1.0,1.0,185.87030666064786,185.87030666064786,0.0,0.0,0.0,0.0,0.0,0.0,0.0,0.0,0.0,0.0
S36,'St. Marein Nord',14.89,0.0,0.0,10113.0,0.0,30156.505485607195,0.0,1.0,1.0,0.0,301.565054856072,0.0,0.0,0.0,0.0,0.0,10113.0,30156.505485607195,1.0,301.565054856072,0.0,0.0
S36,'St. Marein Süd',14.97,1.0,0.0,10133.0,10133.0,39904.344783471744,39904.344783471744,1.0,1.0,1.0,399.0434478347174,399.0434478347174,0.0,0.0,0.0,0.0,0.0,0.0,0.0,0.0,0.0,0.0
S36,'Strettweg',34.61,1.0,2.0,9701.0,9701.0,5373.278346516238,5373.278346516238,1.0,1.0,1.0,53.732783465162385,53.732783465162385,0.0,0.0,0.0,0.0,0.0,0.0,0.0,0.0,0.0,0.0
S36,'Hauswald',35.77,0.0,2.0,9740.5,0.0,40577.73593246791,0.0,1.0,1.0,0.0,405.77735932467914,0.0,0.0,0.0,0.0,0.0,9740.5,40577.73593246791,1.0,405.77735932467914,0.0,0.0
S37,'Hunnenbrunnen',285.19,0.0,2.0,19888.0,9830.0,36142.46463235457,31846.6690887825,0.0,1.0,1.0,318.466690887825,318.466690887825,0.0,0.0,42.95795543572072,0.0,10058.000000000002,4295.795543572071,-0.0,0.0,0.0,42.95795543572072
S37,'Zollfeld',293.91,0.0,2.0,10058.0,0.0,17382.606338754165,0.0,1.0,1.0,0.0,216.7840188232624,0.0,42.95795543572072,0.0,0.0,0.0,10058.0,17382.606338754165,1.0,216.7840188232624,42.95795543572072,0.0
S5,'Zaina',6.3,0.0,2.0,17736.0,0.0,22057.74265192454,0.0,0.0,0.0,0.0,0.0,0.0,0.0,0.0,220.57742651924536,0.0,17736.0,22057.74265192454,-0.0,0.0,0.0,220.57742651924536
S5,'Grafenwörth',32.85,2.0,0.0,24240.0,12223.0,92944.80421055126,29144.46212768733,1.0,2.0,1.0,1150.0254686247579,291.4446212768733,220.57742651924536,0.0,0.0,0.0,12017.0,63800.34208286393,1.0,858.5808473478846,220.57742651924536,0.0
S6,'Natschbach',3.22,2.0,0.0,28895.0,14454.000000000002,49805.03843322329,41975.63830958102,0.0,1.0,1.0,419.75638309581024,419.75638309581024,0.0,0.0,78.29400123642269,0.0,14441.0,7829.400123642268,-0.0,0.0,0.0,78.29400123642269
S6,'Gloggnitz Süd',17.81,1.0,2.0,7935.5,7935.5,9081.297254301347,9081.297254301347,0.0,0.0,0.0,0.0,0.0,0.0,0.0,90.81297254301347,90.81297254301347,0.0,0.0,0.0,0.0,0.0,0.0
S6,'Gloggnitz Nord',18.44,0.0,2.0,8009.0,0.0,24242.62115602437,0.0,1.0,1.0,0.0,242.35623239115944,0.0,78.29400123642269,0.0,78.36398040550695,0.0,8009.0,24242.62115602437,1.0,242.35623239115944,78.29400123642269,78.36398040550695
S6,'Schottwien',23.57,2.0,0.0,15944.5,7935.5,47842.38487070686,39660.78291125756,0.0,1.0,1.0,487.42080165558906,487.42080165558906,169.1769529485204,90.81297254301347,160.18,0.0,8009.0,8181.6019594493055,0.0,0.0,78.36398040550695,160.18
S6,'Schwöbing Nord',48.55,0.0,0.0,9945.0,0.0,49668.15156439487,0.0,1.0,1.0,0.0,656.8615156439487,0.0,160.18,0.0,0.0,0.0,9945.0,49668.15156439487,1.0,656.8615156439487,160.18,0.0
S6,'Schwöbing Süd',48.57,1.0,0.0,9757.0,9757.0,46526.20864062981,46526.20864062981,1.0,1.0,1.0,465.2620864062982,465.2620864062982,0.0,0.0,0.0,0.0,0.0,0.0,0.0,0.0,0.0,0.0
S6,'St. Marein',68.99,0.0,0.0,12864.0,0.0,52521.60007264168,0.0,1.0,1.0,0.0,525.2160007264168,0.0,0.0,0.0,0.0,0.0,12864.0,52521.60007264168,1.0,525.2160007264168,0.0,0.0
S6,'Kapfenberg Nord',72.03,0.0,2.0,12864.0,0.0,7831.345796296708,0.0,1.0,1.0,0.0,78.31345796296708,0.0,0.0,0.0,0.0,0.0,12864.0,7831.345796296708,1.0,78.31345796296708,0.0,0.0
S6,'Kapfenberg Süd',72.45,1.0,1.0,12893.5,12893.5,83967.40895002644,83967.40895002644,1.0,1.0,1.0,839.6740895002644,839.6740895002644,0.0,0.0,0.0,0.0,0.0,0.0,0.0,0.0,0.0,0.0
