Time of calculation: 20210929-145804; value of objective: 33648.21149192512;  acc=20.0;  ec=0.25;  e_tax=0.15;  cfix=150000;  cvar=10000;  eta=0.011;  hours_of_constant_charging=20;  i=0.05;  T=5
highway,name,asfinag_position,direction,asfinag_type,traffic_flow,traffic_flow_0,energy_demand,energy_demand_0,pXi_dir,pYi_dir,pYi_dir_0,pE_charged,pE_charged_0,pE_input,pE_input_0,pE_output,pE_output_0,traffic_flow_1,energy_demand_1,pYi_dir_1,pE_charged_1,pE_input_1,pE_output_1
A1,'Steinhäusl',32.7,2.0,0.0,63195.99999999913,31485.99999999933,228883.80989013438,151754.18761753893,1.0,2.0,1.0,1848.42584499855,1000.0,0.0,0.0,669.2960637929282,669.2960637929282,31709.9999999998,77129.62227259546,1.0,848.42584499855,0.0,0.0
A1,'Kesselhof',44.88,1.0,1.0,30234.999996719125,0.0,109130.95569981833,0.0,1.0,1.0,0.0,999.9999999999998,0.0,0.0,0.0,200.44051269800184,0.0,30234.999996719125,109130.95569981833,1.0,999.9999999999998,0.0,200.44051269800184
A1,'Kirchstetten',44.88,0.0,1.0,29897.99999542764,29897.99999542764,72732.0809427628,72732.0809427628,1.0,1.0,1.0,1000.0,1000.0,669.2960637929282,669.2960637929282,469.3489541633189,469.3489541633189,0.0,0.0,0.0,0.0,0.0,0.0
A1,'St. Pölten',62.9,2.0,0.0,71148.0,35583.0,227454.84943410664,128422.41740026572,1.0,2.0,1.0,2000.0,1000.0,669.7894668613208,469.3489541633189,1171.7928106364936,881.9955455662418,35565.0,99032.43203384092,1.0,1000.0,200.44051269800184,289.7972650702518
A1,'Schallaburg',76.81,1.0,1.0,29188.0,0.0,136934.36037638868,0.0,1.0,1.0,0.0,1000.0,0.0,289.7972650702518,0.0,796.0752292105271,0.0,29188.0,136934.36037638868,1.0,1000.0,289.7972650702518,796.0752292105271
A1,'Roggendorf',76.82,0.0,1.0,28377.0,28377.0,78562.33219617409,78562.33219617409,1.0,1.0,1.0,1000.0,1000.0,881.9955455662418,881.9955455662418,746.1811997241567,746.1811997241567,0.0,0.0,0.0,0.0,0.0,0.0
A1,'Ornding',88.04,0.0,1.0,27048.0,27048.0,60488.07492270462,60488.07492270462,1.0,1.0,1.0,1000.0,1000.0,746.1811997241567,746.1811997241567,411.55002387390743,411.55002387390743,0.0,0.0,0.0,0.0,0.0,0.0
A1,'Ybbs',100.32,1.0,0.0,27161.40445083877,0.0,104129.25066774894,0.0,1.0,1.0,0.0,1000.0,0.0,796.0752292105271,0.0,941.4969865557655,0.0,27161.40445083877,104129.25066774894,1.0,1000.0,796.0752292105271,941.4969865557655
A1,'Kemmelbach',101.38,0.0,0.0,26898.000000000207,26898.000000000207,72226.10016870651,72226.10016870651,1.0,1.0,1.0,1000.0,1000.0,411.55002387390743,411.55002387390743,206.03712572967902,206.03712572967902,0.0,0.0,0.0,0.0,0.0,0.0
A1,'Viehdorf',118.17,0.0,1.0,25545.0,25545.0,92117.57063469278,92117.57063469278,1.0,1.0,1.0,1000.0,1000.0,206.03712572967902,206.03712572967902,219.33040271129948,219.33040271129948,0.0,0.0,0.0,0.0,0.0,0.0
A1,'Amstetten',119.36,1.0,1.0,25407.0,0.0,122199.48177898517,0.0,1.0,1.0,0.0,1000.0,0.0,941.4969865557655,0.0,1285.6912861246021,0.0,25407.0,122199.48177898517,1.0,1000.0,941.4969865557655,1285.6912861246021
A1,'Strengberg',136.0,0.0,0.0,25773.0,25773.0,85730.10314081071,85730.10314081071,1.0,1.0,1.0,1000.0,1000.0,219.33040271129948,219.33040271129948,162.36153726021723,162.36153726021723,0.0,0.0,0.0,0.0,0.0,0.0
A1,'Haag',143.54,1.0,0.0,28172.0,0.0,72532.38382040594,0.0,1.0,1.0,0.0,1000.0,0.0,1285.6912861246021,0.0,1083.5475081490674,0.0,28172.0,72532.38382040594,1.0,1000.0,1285.6912861246021,1083.5475081490674
A1,'Enns Süd',156.19,1.0,1.0,29648.737115098505,0.0,86236.6993060754,0.0,1.0,1.0,0.0,1000.0,0.0,1083.5475081490674,0.0,1032.1512005158968,0.0,29648.737115098505,86236.6993060754,1.0,1000.0,1083.5475081490674,1032.1512005158968
A1,'Enns Nord',156.79,0.0,1.0,29791.88732837659,29791.88732837659,122843.35235918174,122843.35235918174,1.0,1.0,1.0,1000.0,1000.0,162.36153726021723,162.36153726021723,513.6384132112163,513.6384132112163,0.0,0.0,0.0,0.0,0.0,0.0
A1,'Ansfelden Süd',170.93,1.0,0.0,46681.64620523784,0.0,108599.64670259466,0.0,1.0,1.0,0.0,1000.0,0.0,1032.1512005158968,0.0,1226.747314244438,0.0,46681.64620523784,108599.64670259466,1.0,1000.0,1032.1512005158968,1226.747314244438
A1,'Ansfelden Nord',171.01,0.0,0.0,48225.58896718505,48225.58896718505,137729.45647842763,137729.45647842763,1.0,1.0,1.0,999.9999999999998,999.9999999999998,513.6384132112163,513.6384132112163,1028.6624344739203,1028.6624344739203,0.0,0.0,0.0,0.0,0.0,0.0
A1,'Allhaming Süd',182.59,1.0,1.0,22273.0,0.0,132032.00498622254,0.0,1.0,1.0,0.0,1000.0,0.0,1226.747314244438,0.0,1679.0993690928858,0.0,22273.0,132032.00498622254,1.0,1000.0,1226.747314244438,1679.0993690928858
A1,'Allhaming Nord',182.6,0.0,1.0,22478.0,22478.0,52074.59618392183,52074.59618392183,1.0,1.0,1.0,1000.0,1000.0,1028.6624344739203,1028.6624344739203,601.4829924970603,601.4829924970603,0.0,0.0,0.0,0.0,0.0,0.0
A1,'Lindach Nord',212.26,0.0,0.0,24091.0,24091.0,143292.1869458095,143292.1869458095,1.0,1.0,1.0,1000.0,1000.0,601.4829924970603,601.4829924970603,1177.6970489009645,1177.6970489009645,0.0,0.0,0.0,0.0,0.0,0.0
A1,'Lindach Süd',212.27,1.0,0.0,24205.0,0.0,88500.71292866017,0.0,1.0,1.0,0.0,999.9999999999999,0.0,1679.0993690928858,0.0,1652.6072113081477,0.0,24205.0,88500.71292866017,1.0,999.9999999999999,1679.0993690928858,1652.6072113081477
A1,'Hainbach Süd',230.7,1.0,1.0,16641.0,0.0,43626.88664048988,0.0,1.0,1.0,0.0,1000.0,0.0,1652.6072113081477,0.0,1132.5029643535363,0.0,16641.0,43626.88664048988,1.0,1000.0,1652.6072113081477,1132.5029643535363
A1,'Hainbach Nord',230.72,0.0,1.0,15023.0,15023.0,55447.073726717535,55447.073726717535,1.0,1.0,1.0,771.0401733375475,771.0401733375475,1177.6970489009645,1177.6970489009645,1016.57468655731,1016.57468655731,0.0,0.0,0.0,0.0,0.0,0.0
A1,'Straß',243.67,1.0,1.0,16828.67483549712,0.0,52286.93331258195,0.0,1.0,1.0,0.0,1000.0,0.0,1132.5029643535363,0.0,707.6592307919377,0.0,16828.67483549712,52286.93331258195,1.0,1000.0,1132.5029643535363,707.6592307919377
A1,'Oberwang',251.03,0.0,1.0,15727.0,15727.0,64059.905884903295,64059.905884903295,1.0,1.0,1.0,1000.0,1000.0,1016.57468655731,1016.57468655731,721.2336512912461,721.2336512912461,0.0,0.0,0.0,0.0,0.0,0.0
A1,'Mondsee',259.23,2.0,0.0,31060.001681777,15727.000882328592,108891.47151975876,25342.39533715945,1.0,2.0,1.0,2000.0,1000.0,1428.8928820831838,721.2336512912461,626.6990688005301,0.0,15333.000799448411,83549.07618259931,1.0,1000.0,707.6592307919377,626.6990688005301
A1,'Söllheim',286.46,1.0,0.0,28864.537464121862,0.0,82339.63927517904,0.0,1.0,1.0,0.0,541.9658299843462,0.0,626.6990688005301,0.0,990.4692708431533,0.0,28864.537464121862,82339.63927517904,1.0,541.9658299843462,626.6990688005301,990.4692708431533
A1,'Kasern',287.89,0.0,0.0,38922.8495638266,38922.8495638266,223019.90593909277,223019.90593909277,1.0,2.0,2.0,1817.0972876789451,1817.0972876789451,0.0,0.0,636.1216776510748,636.1216776510748,0.0,0.0,0.0,0.0,0.0,0.0
A1,'Walserberg Süd',300.71,1.0,0.0,14880.00000000295,0.0,866.4299233497069,0.0,1.0,1.0,0.0,1000.0,0.0,990.4692708431533,0.0,0.0,0.0,14880.00000000295,866.4299233497069,1.0,1000.0,990.4692708431533,0.0
A1,'Walserberg Nord',300.73,0.0,0.0,12964.000000008587,12964.000000008587,33079.84748626592,33079.84748626592,1.0,1.0,1.0,1000.0,1000.0,636.1216776510748,636.1216776510748,0.0,0.0,0.0,0.0,0.0,0.0,0.0,0.0
A10,'Golling Ost',28.76,1.0,0.0,19647.00094772099,0.0,119966.62316808572,0.0,1.0,1.0,0.0,1000.0,0.0,0.0,0.0,319.63285484894277,0.0,19647.00094772099,119966.62316808572,1.0,1000.0,0.0,319.63285484894277
A10,'Golling West',28.82,0.0,0.0,19875.000668287423,19875.000668287423,104378.50480107158,104378.50480107158,1.0,1.0,1.0,1000.0,1000.0,0.0,0.0,148.16355281178744,148.16355281178744,0.0,0.0,0.0,0.0,0.0,0.0
A10,'Eben Süd',59.21,2.0,0.0,31555.3674870556,15997.416619605658,63864.366982730906,73.98398827676816,0.0,1.0,-0.0,1000.0,0.0,467.7964076607302,148.16355281178744,170.30444447077002,148.97737668283185,15557.95086744994,63790.382994454136,1.0,1000.0,319.63285484894277,21.327067787938176
A10,'Eben Nord',59.32,2.0,0.0,31554.16119307871,15997.1632592005,97642.35981166828,97570.41264793991,1.0,1.0,1.0,1000.0,1000.0,170.30444447077002,148.97737668283185,244.37040239912116,222.25191581017089,15556.997933878209,71.94716372837226,-0.0,0.0,21.327067787938176,22.118486588950272
A10,'Tauernalm',79.79,2.0,0.0,21522.867721662667,10903.654559151322,88819.6820605424,44706.93514161317,1.0,2.0,1.0,1221.3869050650876,714.0282023679157,244.37040239912116,222.25191581017089,0.0,0.0,10619.213162511343,44112.74691892924,1.0,507.35870269717185,22.118486588950272,0.0
A10,'Lungau',97.91,0.0,0.0,10877.0,10877.0,39524.43281357246,39524.43281357246,1.0,1.0,1.0,434.768760949297,434.768760949297,0.0,0.0,0.0,0.0,0.0,0.0,0.0,0.0,0.0,0.0
A10,'Lanschütz',100.6,1.0,1.0,10558.5,0.0,53393.23087724362,0.0,1.0,1.0,0.0,587.3255396496799,0.0,0.0,0.0,0.0,0.0,10558.5,53393.23087724362,1.0,587.3255396496799,0.0,0.0
A10,'Eisentratten',125.92,2.0,0.0,14180.999999999998,6877.999999999999,90988.98323942441,38359.86860817266,1.0,2.0,1.0,1000.8788156336686,421.95855468989924,0.0,0.0,0.0,0.0,7302.999999999999,52629.11463125176,1.0,578.9202609437693,0.0,0.0
A10,'Feistritz an der Drau',162.01,2.0,0.0,29679.0,14929.0,170997.24647957023,107585.93075858656,1.0,3.0,2.0,1880.9697112752722,1183.445238344452,0.0,0.0,0.0,0.0,14750.0,63411.31572098366,1.0,697.5244729308201,0.0,0.0
A11,'Rosegg',9.04,2.0,0.0,9108.5,4306.5,19444.03423128799,7806.040740767851,1.0,2.0,1.0,213.8843765441679,85.86644814844635,0.0,0.0,0.0,0.0,4802.0,11637.99349052014,1.0,128.01792839572155,0.0,0.0
A12,'Angath Süd',14.1,2.0,0.0,39222.99999999994,19907.99999999997,56148.10872631689,56144.28825076325,1.0,1.0,1.0,492.849368198654,492.849368198654,0.0,0.0,124.77982779083166,124.73780255974168,19314.99999999997,3.820475553634762,-0.0,0.0,0.0,0.04202523108998238
A12,'Angath Nord',14.22,2.0,0.0,39222.99999999994,19907.99999999997,86003.9180407436,3.93776998818332,0.0,1.0,-0.0,0.0,0.0,124.77982779083166,124.73780255974168,1070.8229262390112,124.78111802961166,19314.99999999997,85999.98027075542,1.0,0.0,0.04202523108998238,946.0418082093995
A12,'Münster Nord',35.71,0.0,1.0,18334.0,18334.0,79565.35290639894,79565.35290639894,1.0,1.0,1.0,1000.0,1000.0,124.78111802961166,124.78111802961166,0.0,0.0,0.0,0.0,0.0,0.0,0.0,0.0
A12,'Münster Süd',36.25,1.0,1.0,18162.0,0.0,51027.0984567292,0.0,1.0,1.0,0.0,751.9178106147898,0.0,946.0418082093995,0.0,755.422080618631,0.0,18162.0,51027.0984567292,1.0,751.9178106147898,946.0418082093995,755.422080618631
A12,'Vomp',50.47,1.0,0.0,24431.999999991072,0.0,22234.356307397185,0.0,1.0,1.0,0.0,1000.0,0.0,755.422080618631,0.0,0.0,0.0,24431.999999991072,22234.356307397185,1.0,1000.0,755.422080618631,0.0
A12,'Weer',54.8,0.0,0.0,24110.000189607712,24110.000189607712,91922.39487971723,91922.39487971723,1.0,1.0,1.0,1000.0,1000.0,0.0,0.0,11.1463436768895,11.1463436768895,0.0,0.0,0.0,0.0,0.0,0.0
A12,'Weer Süd',55.0,1.0,1.0,24141.001987531265,0.0,197089.950526282,0.0,1.0,1.0,0.0,1000.0,0.0,0.0,0.0,1167.9894557891016,0.0,24141.001987531265,197089.950526282,1.0,1000.0,0.0,1167.9894557891016
A12,'Ampaß',72.07,0.0,0.0,35539.999996608014,35539.999996608014,123154.22328142951,123154.22328142951,1.0,1.0,1.0,1000.0,1000.0,11.1463436768895,11.1463436768895,365.84279977261417,365.84279977261417,0.0,0.0,0.0,0.0,0.0,0.0
A12,'Zirl-Inzing',91.77,0.0,1.0,20799.0,20799.0,82023.58476167452,82023.58476167452,1.0,1.0,1.0,1000.0,1000.0,365.84279977261417,365.84279977261417,268.10223215103383,268.10223215103383,0.0,0.0,0.0,0.0,0.0,0.0
A12,'Pettnau',95.81,2.0,0.0,37922.0,18889.0,165593.5507511032,14638.245573299051,1.0,2.0,1.0,1429.1229334573234,429.12293345732337,1436.0916879401354,268.10223215103383,1828.4978127449472,0.0,19033.0,150955.30517780414,1.0,1000.0,1167.9894557891016,1828.4978127449472
A12,'Mils',135.51,2.0,0.0,19502.000000000833,10262.00000000003,99879.26500112754,81390.39256736355,1.0,4.0,1.0,2927.1697277573503,895.294318240999,1828.4978127449472,0.0,0.0,0.0,9240.000000000804,18488.872433763983,3.0,2031.875409516351,1828.4978127449472,0.0
A13,'Europabrücke',8.27,2.0,0.0,41638.0,21023.0,70370.3325587005,34547.02051314864,1.0,2.0,1.0,0.0,0.0,0.0,0.0,774.0736581457054,380.017225644635,20615.0,35823.31204555185,1.0,0.0,0.0,394.05643250107033
A13,'Matrei West',16.79,0.0,0.0,15161.0,15161.0,25846.426928735076,25846.426928735076,1.0,1.0,1.0,0.0,0.0,380.017225644635,380.017225644635,664.3279218607208,664.3279218607208,0.0,0.0,0.0,0.0,0.0,0.0
A13,'Matrei Ost',16.95,2.0,0.0,29983.0,15161.0,36929.252580801745,499.30355502003806,0.0,1.0,0.0,794.7858717846691,0.0,1058.384354361791,664.3279218607208,669.8202609659412,669.8202609659412,14822.0,36429.94902578171,1.0,794.7858717846691,394.05643250107033,0.0
A13,'Nößlach',26.91,2.0,1.0,12027.916375220364,12027.916375220364,26003.24170150209,26003.24170150209,1.0,1.0,1.0,955.8559196824642,955.8559196824642,669.8202609659412,669.8202609659412,0.0,0.0,0.0,0.0,0.0,0.0,0.0,0.0
A13,'Gries Ost',29.15,1.0,0.0,11601.99774413572,0.0,11387.01827145676,0.0,1.0,1.0,0.0,125.25720098602436,0.0,0.0,0.0,0.0,0.0,11601.99774413572,11387.01827145676,1.0,125.25720098602436,0.0,0.0
A13,'Gries West',29.54,0.0,0.0,12036.99974796117,12036.99974796117,4238.013247571624,4238.013247571624,1.0,1.0,1.0,46.61814572328786,46.61814572328786,0.0,0.0,0.0,0.0,0.0,0.0,0.0,0.0,0.0,0.0
A13,'Brennersee',33.44,0.0,0.0,12037.0,12037.0,9408.316380843364,9408.316380843364,1.0,1.0,1.0,103.491480189277,103.491480189277,0.0,0.0,0.0,0.0,0.0,0.0,0.0,0.0,0.0,0.0
A13,'Brennerpaß',34.16,2.0,0.0,23639.0,12037.0,2518.3592467820863,1729.6446040078497,1.0,2.0,1.0,27.70195171460295,19.026090644086345,0.0,0.0,0.0,0.0,11602.0,788.7146427742366,1.0,8.675861070516602,0.0,0.0
A14,'Hörbranz’,0.0,2.0,1.0,11914.47538487758,11914.47538487758,580.5002038524873,580.5002038524873,0.0,0.0,-0.0,0.0,0.0,0.0,0.0,6.38550224237747,6.38550224237747,0.0,0.0,0.0,0.0,0.0,0.0
A14,'Hohenems',24.48,2.0,0.0,53333.40958305029,26852.092271153047,325972.7230756362,129158.23498549042,1.0,5.0,2.0,3592.0854560743755,1427.126087082772,6.38550224237747,6.38550224237747,0.0,0.0,26481.317311897245,196814.48809014575,3.0,2164.9593689916032,0.0,0.0
A2,'Guntramsdorf',14.43,2.0,0.0,106539.0608322543,54671.885978190505,341487.5079237672,158457.9372379927,1.0,2.0,1.0,2000.0,1000.0,0.0,0.0,1756.3625871614386,743.0373096179196,51867.17485406379,183029.57068577447,1.0,1000.0,0.0,1013.325277543519
A2,'Triestingtal',32.08,0.0,1.0,40445.0,40445.0,143069.6923848394,143069.6923848394,1.0,1.0,1.0,1000.0,1000.0,743.0373096179196,743.0373096179196,1316.803925851153,1316.803925851153,0.0,0.0,0.0,0.0,0.0,0.0
A2,'Leobersdorf',32.08,1.0,1.0,39540.0,0.0,56942.74699600472,0.0,1.0,1.0,0.0,999.9999999999999,0.0,1013.325277543519,0.0,639.6954944995709,0.0,39540.0,56942.74699600472,1.0,999.9999999999999,1013.325277543519,639.6954944995709
A2,'Föhrenberg',39.31,1.0,0.0,39539.98215618593,0.0,93778.97588690832,0.0,1.0,1.0,0.0,1000.0,0.0,639.6954944995709,0.0,671.2642292555624,0.0,39539.98215618593,93778.97588690832,1.0,1000.0,639.6954944995709,671.2642292555624
A2,'Bad Fischau',40.93,0.0,0.0,37535.00000001001,37535.00000001001,66634.96786186735,66634.96786186735,1.0,1.0,1.0,999.9999999999999,999.9999999999999,1316.803925851153,1316.803925851153,1049.788572331694,1049.788572331694,0.0,0.0,0.0,0.0,0.0,0.0
A2,'Steinfeld',50.35,0.0,1.0,32434.00031526797,32434.00031526797,59928.40402750363,59928.40402750363,1.0,1.0,1.0,1000.0,1000.0,1049.788572331694,1049.788572331694,709.0010166342339,709.0010166342339,0.0,0.0,0.0,0.0,0.0,0.0
A2,'Wr. Neustadt',51.18,1.0,1.0,31158.00000000052,0.0,172010.8435859857,0.0,1.0,1.0,0.0,1000.0,0.0,671.2642292555624,0.0,1563.3835087014052,0.0,31158.00000000052,172010.8435859857,1.0,1000.0,671.2642292555624,1563.3835087014052
A2,'Zöbern',78.76,2.0,0.0,34076.0,17853.0,127688.39957479399,101778.6326400082,1.0,2.0,1.0,2000.0,1000.0,2272.384525335639,709.0010166342339,1676.9569206583728,828.565975674324,16223.0,25909.766934785785,1.0,1000.0,1563.3835087014052,848.3909449840487
A2,'Schäffern Ost',86.7,1.0,1.0,16223.0,0.0,61123.2530374171,0.0,1.0,1.0,0.0,1000.0,0.0,848.3909449840487,0.0,520.7467283956368,0.0,16223.0,61123.2530374171,1.0,1000.0,848.3909449840487,520.7467283956368
A2,'Loipersdorf',105.5,2.0,0.0,27899.0,14612.0,154018.46142676251,78390.34012413416,1.0,2.0,1.0,2000.0,1000.0,1349.3127040699608,828.565975674324,1043.5157797643483,690.8597170397998,13287.0,75628.12130262834,1.0,1000.0,520.7467283956368,352.6560627245484
A2,'Hainersdorf',133.87,0.0,1.0,16034.999999999998,16034.999999999998,90554.39668407534,90554.39668407534,1.0,1.0,1.0,1000.0,1000.0,690.8597170397998,690.8597170397998,686.9580805646285,686.9580805646285,0.0,0.0,0.0,0.0,0.0,0.0
A2,'Bad Blumau',134.06,1.0,1.0,14879.0,0.0,59355.30955245131,0.0,1.0,1.0,0.0,1000.0,0.0,352.6560627245484,0.0,5.564467801512819,0.0,14879.0,59355.30955245131,1.0,1000.0,352.6560627245484,5.564467801512819
A2,'Arnwiesen',154.1,2.0,0.0,36495.0010822289,19529.0004964994,135214.80430038154,78775.931104602,1.0,2.0,1.0,1626.3920729550878,1000.0,692.5225483661413,686.9580805646285,553.4933227152504,553.4933227152504,16966.000585729496,56438.87319577954,1.0,626.3920729550877,5.564467801512819,0.0
A2,'Laßnitzhöhe Nord',170.16,0.0,1.0,27470.0,27470.0,89210.41764080411,89210.41764080411,1.0,1.0,1.0,1000.0,1000.0,553.4933227152504,553.4933227152504,534.8079167640956,534.8079167640956,0.0,0.0,0.0,0.0,0.0,0.0
A2,'Laßnitzhöhe Süd',170.65,1.0,1.0,29743.0,0.0,119872.94775894134,0.0,1.0,1.0,0.0,1000.0,0.0,0.0,0.0,318.6024253483547,0.0,29743.0,119872.94775894134,1.0,1000.0,0.0,318.6024253483547
A2,'Kaiserwald',190.77,2.0,0.0,42649.00410506857,21967.00248080555,212311.14271654858,90269.44009665956,1.0,2.0,1.0,2000.0,1000.0,853.4103421124503,534.8079167640956,1188.8329119944847,527.7717578273506,20682.001624263023,122041.70261988904,1.0,1000.0,318.6024253483547,661.061154167134
A2,'Herzogberg Nord',220.13,0.0,1.0,8807.00000002098,8807.00000002098,51848.951152018446,51848.951152018446,1.0,1.0,1.0,1000.0,1000.0,527.7717578273506,527.7717578273506,98.11022049955352,98.11022049955352,0.0,0.0,0.0,0.0,0.0,0.0
A2,'Herzogberg Süd',220.19,1.0,1.0,8120.999999999229,0.0,24362.120249568077,0.0,1.0,1.0,0.0,816.8153656612374,0.0,661.061154167134,0.0,112.22911125114535,0.0,8120.999999999229,24362.120249568077,1.0,816.8153656612374,661.061154167134,112.22911125114535
A2,'Pack',235.21,2.0,0.0,16928.0,8807.0,107246.45859213948,26540.01416042541,1.0,2.0,1.0,1390.050376264233,390.050376264233,210.33933175069888,98.11022049955352,0.0,0.0,8120.999999999999,80706.44443171406,1.0,1000.0,112.22911125114535,0.0
A2,'Völkermarkt',285.09,2.0,0.0,21133.0,10779.0,137900.08595592296,107121.63089883584,1.0,2.0,1.0,1338.5630056279583,1000.0,0.0,0.0,178.33793988719412,178.33793988719412,10354.0,30778.45505708712,1.0,338.5630056279583,0.0,0.0
A2,'Grafenstein Süd',300.0,1.0,1.0,13587.999999999998,0.0,81445.24169896843,0.0,1.0,1.0,0.0,895.8976586886527,0.0,0.0,0.0,0.0,0.0,13587.999999999998,81445.24169896843,1.0,895.8976586886527,0.0,0.0
A2,'Grafenstein Nord',300.0,0.0,1.0,13362.0,13362.0,39644.441582321415,39644.441582321415,1.0,1.0,1.0,614.4267972927296,614.4267972927296,178.33793988719412,178.33793988719412,0.0,0.0,0.0,0.0,0.0,0.0,0.0,0.0
A2,'Wörthersee',340.13,2.0,0.0,38076.99999701492,19452.999998289542,149916.98024786788,116709.63960631324,1.0,2.0,1.0,1365.280747057101,1000.0,0.0,0.0,283.8060356694457,283.8060356694457,18623.999998725383,33207.340641554634,1.0,365.28074705710094,0.0,0.0
A2,'Dreiländereck Süd',374.17,2.0,0.0,29010.99995582863,9394.99999993558,113634.3848593006,63912.37234872594,1.0,2.0,1.0,177.51645483744187,0.0,283.8060356694457,283.8060356694457,1356.2678142843101,986.842131505431,19615.999955893047,49722.012510574656,1.0,177.51645483744187,0.0,369.42568277887915
A2,'Dreiländereck Nord',374.27,2.0,0.0,24357.99999982947,9394.999999829468,57429.86785277845,104.92992358564643,1.0,2.0,1.0,1987.996360664873,987.9963606648731,1356.2678142843101,986.842131505431,0.0,0.0,14963.000000000002,57324.937929192805,1.0,1000.0,369.42568277887915,0.0
A21,'Alland',14.68,2.0,0.0,40163.5,20093.0,103417.58750904436,49420.33889377227,1.0,2.0,1.0,1137.5934625994878,543.623727831495,0.0,0.0,0.0,0.0,20070.5,53997.24861527208,1.0,593.9697347679928,0.0,0.0
A21,'Hinterbrühl',26.99,0.0,1.0,19730.962284466663,19730.962284466663,44502.271823291965,44502.271823291965,1.0,1.0,1.0,489.5249900562116,489.5249900562116,0.0,0.0,0.0,0.0,0.0,0.0,0.0,0.0,0.0,0.0
A22,'Korneuburg West',18.04,1.0,0.0,32131.000000493023,0.0,63932.21893438356,0.0,1.0,1.0,0.0,703.2544082782191,0.0,0.0,0.0,0.0,0.0,32131.000000493023,63932.21893438356,1.0,703.2544082782191,0.0,0.0
A22,'Korneuburg Ost',18.12,0.0,0.0,32321.000000000007,32321.000000000007,116866.4197787237,116866.4197787237,1.0,2.0,2.0,1285.5306175659607,1285.5306175659607,0.0,0.0,0.0,0.0,0.0,0.0,0.0,0.0,0.0,0.0
A22,'Stockerau',28.09,1.0,0.0,30190.007584098337,0.0,9009.757712564318,0.0,1.0,1.0,0.0,99.10733483820749,0.0,0.0,0.0,0.0,0.0,30190.007584098337,9009.757712564318,1.0,99.10733483820749,0.0,0.0
A25,'Pucking',5.97,0.0,1.0,21620.0,21620.0,25350.64141680889,25350.64141680889,1.0,1.0,1.0,278.85705558489775,278.85705558489775,0.0,0.0,0.0,0.0,0.0,0.0,0.0,0.0,0.0,0.0
A25,'Wels',13.06,2.0,0.0,49975.503210327646,25078.48219887029,71240.92245977157,35488.490093098524,1.0,2.0,1.0,783.6501470574872,390.37339102408373,0.0,0.0,0.0,0.0,24897.02101145736,35752.43236667305,1.0,393.2767560334035,0.0,0.0
A3,'Hornstein',28.0,2.0,0.0,35088.0,17427.0,114520.76259901357,66852.17460927166,1.0,2.0,1.0,1259.7283885891493,735.3739207019883,0.0,0.0,0.0,0.0,17661.0,47668.58798974191,1.0,524.3544678871609,0.0,0.0
A4,'Simmering',2.45,0.0,0.0,35371.78969176939,35371.78969176939,22257.83857434953,22257.83857434953,1.0,1.0,1.0,244.83622431784482,244.83622431784482,0.0,0.0,0.0,0.0,0.0,0.0,0.0,0.0,0.0,0.0
A4,'Fischamend',22.33,0.0,1.0,28227.0,28227.0,112756.86408974236,112756.86408974236,1.0,1.0,1.0,1000.0,1000.0,0.0,0.0,240.3255049871659,240.3255049871659,0.0,0.0,0.0,0.0,0.0,0.0
A4,'Maria Ellend',22.48,1.0,1.0,27990.0,0.0,32591.644875563223,0.0,1.0,1.0,0.0,358.50809363119544,0.0,0.0,0.0,0.0,0.0,27990.0,32591.644875563223,1.0,358.50809363119544,0.0,0.0
A4,'Göttlesbrunn',28.04,2.0,0.0,47550.0,24272.0,199378.60737736453,28046.547072865586,1.0,2.0,1.0,1395.7885806826957,395.78858068269574,240.3255049871659,240.3255049871659,1037.7016054554797,153.0489421059916,23278.0,171332.06030449894,1.0,1000.0,0.0,884.6526633494882
A4,'Nickelsdorf Süd',64.65,0.0,0.0,10545.000205483248,10545.000205483248,76995.55071763713,76995.55071763713,1.0,1.0,1.0,1000.0,1000.0,153.0489421059916,153.0489421059916,0.0,0.0,0.0,0.0,0.0,0.0,0.0,0.0
A4,'Nickelsdorf Nord',64.97,1.0,0.0,7158.000028017371,0.0,1140.7844882274428,0.0,1.0,1.0,0.0,897.2012927199901,0.0,884.6526633494882,0.0,0.0,0.0,7158.000028017371,1140.7844882274428,1.0,897.2012927199901,884.6526633494882,0.0
A5,'Hochleithen',10.63,2.0,0.0,35611.2,17306.5,171050.44466718304,34873.96904422976,1.0,3.0,1.0,1881.5548913390135,383.6136594865273,0.0,0.0,0.0,0.0,18304.7,136176.4756229533,2.0,1497.9412318524862,0.0,0.0
A6,'Potzneusiedl',10.8,2.0,0.0,15204.999999970727,7325.999999986983,33671.23460537669,15733.539261383205,1.0,2.0,1.0,370.38358065914355,173.06893187521524,0.0,0.0,0.0,0.0,7878.999999983744,17937.695343993484,1.0,197.3146487839283,0.0,0.0
A7,'Engerwitzdorf',25.71,1.0,1.0,19344.0,0.0,4050.242286953621,0.0,1.0,1.0,0.0,44.55266515648982,0.0,0.0,0.0,0.0,0.0,19344.0,4050.242286953621,1.0,44.55266515648982,0.0,0.0
A7,'Denk',25.76,0.0,1.0,18851.0,18851.0,97075.89483825683,97075.89483825683,1.0,2.0,2.0,1067.8348432208252,1067.8348432208252,0.0,0.0,0.0,0.0,0.0,0.0,0.0,0.0,0.0,0.0
A8,'Voralpenkreuz',0.17,2.0,0.0,20453.0,10081.0,70402.5195645118,882.1776563040131,0.0,1.0,-0.0,764.7237609902854,0.0,0.0,0.0,9.703954219344144,9.703954219344144,10372.0,69520.34190820777,1.0,764.7237609902854,0.0,0.0
A8,'Aistersheim',33.81,2.0,0.0,30956.0,14979.0,174143.73401582515,100399.65305081414,1.0,2.0,1.0,1811.1848906151208,1000.0,9.703954219344144,9.703954219344144,114.10013777829965,114.10013777829965,15977.0,73744.08096501099,1.0,811.1848906151208,0.0,0.0
A8,'Murau West',56.77,1.0,1.0,14172.0,0.0,41708.92113869764,0.0,1.0,1.0,0.0,458.798132525674,0.0,0.0,0.0,0.0,0.0,14172.0,41708.92113869764,1.0,458.798132525674,0.0,0.0
A8,'Murau Ost',56.88,0.0,1.0,13536.0,13536.0,62540.67745073653,62540.67745073653,1.0,1.0,1.0,802.0475897364015,802.0475897364015,114.10013777829965,114.10013777829965,0.0,0.0,0.0,0.0,0.0,0.0,0.0,0.0
A8,'Marienkirchen/Schärding’,71.6,1.0,1.0,10055.234280795672,0.0,6370.451690557319,0.0,1.0,1.0,0.0,70.0749685961305,0.0,0.0,0.0,0.0,0.0,10055.234280795672,6370.451690557319,1.0,70.0749685961305,0.0,0.0
A8,'Suben West',74.77,1.0,0.0,9186.000000189424,0.0,2309.5037607612567,0.0,1.0,1.0,0.0,25.40454136837382,0.0,0.0,0.0,0.0,0.0,9186.000000189424,2309.5037607612567,1.0,25.40454136837382,0.0,0.0
A9,'St. Pankraz',36.36,2.0,0.0,13974.0,7033.0,76994.75393328123,51067.34595136446,1.0,2.0,1.0,0.0,0.0,0.0,0.0,846.9422932660934,561.7408054650091,6941.0,25927.407981916764,1.0,0.0,0.0,285.2014878010844
A9,'Pyhrn-Priel Ost’,55.03,1.0,1.0,7591.971611767987,0.0,46666.31891472245,0.0,1.0,1.0,0.0,0.0,0.0,285.2014878010844,0.0,798.5309958630312,0.0,7591.971611767987,46666.31891472245,1.0,0.0,285.2014878010844,798.5309958630312
A9,'Pyhrn-Priel West',55.04,0.0,1.0,8230.855228133318,8230.855228133318,31192.30198661983,31192.30198661983,1.0,1.0,1.0,113.63754322476979,113.63754322476979,561.7408054650091,561.7408054650091,791.2185840930574,791.2185840930574,0.0,0.0,0.0,0.0,0.0,0.0
A9,'Trieben',85.7,2.0,0.0,20906.0,10619.0,77919.67930409627,64696.454639353375,1.0,2.0,1.0,1603.1506736683455,1000.0,1589.7495799560886,791.2185840930574,843.7153786328022,502.8795851259445,10287.0,13223.224664742887,1.0,603.1506736683453,798.5309958630312,340.8357935068576
A9,'Gaishorn',92.11,1.0,1.0,10287.0,0.0,59924.01877210385,0.0,1.0,1.0,0.0,1000.0,0.0,340.8357935068576,0.0,0.0,0.0,10287.0,59924.01877210385,1.0,1000.0,340.8357935068576,0.0
A9,'Kalwang',106.26,0.0,1.0,10953.0,10953.0,45192.7649885505,45192.7649885505,1.0,1.0,1.0,1000.0,1000.0,502.8795851259445,502.8795851259445,0.0,0.0,0.0,0.0,0.0,0.0,0.0,0.0
A9,'Kammern Süd',121.26,2.0,0.0,21954.0,11028.0,121610.15295791501,32914.014449608665,1.0,2.0,1.0,1337.7116825370651,362.0541589456953,0.0,0.0,0.0,0.0,10926.0,88696.13850830635,1.0,975.6575235913698,0.0,0.0
A9,'Deutschfeistritz',161.95,2.0,0.0,23289.000114064176,11777.000055015264,209832.80544527044,95604.4689815088,1.0,2.0,1.0,1083.1322588085075,83.13225880850746,0.0,0.0,1225.028601089467,968.5168999880893,11512.00005904891,114228.33646376162,1.0,1000.0,0.0,256.51170110137775
A9,'Premstätten',192.48,0.0,1.0,32302.511670869648,32302.511670869648,198945.786350562,198945.786350562,1.0,2.0,2.0,2000.0,2000.0,968.5168999880893,968.5168999880893,1156.9205498442711,1156.9205498442711,0.0,0.0,0.0,0.0,0.0,0.0
A9,'Gralla West',211.06,0.0,0.0,20689.0,20689.0,76643.58637779353,76643.58637779353,1.0,2.0,2.0,2000.0,2000.0,1156.9205498442711,1156.9205498442711,0.0,0.0,0.0,0.0,0.0,0.0,0.0,0.0
A9,'Gralla Ost',211.45,1.0,0.0,19399.0,0.0,72223.11037113996,0.0,1.0,2.0,0.0,1050.9659151839173,0.0,256.51170110137775,0.0,0.0,0.0,19399.0,72223.11037113996,2.0,1050.9659151839173,256.51170110137775,0.0
S16,'Schnann',18.9,2.0,0.0,9860.99996031521,4941.999999999992,43437.30630977449,18700.073610347983,1.0,2.0,1.0,477.81036940751926,205.70080971382777,0.0,0.0,0.0,0.0,4918.999960315217,24737.232699426502,1.0,272.1095596936915,0.0,0.0
S16,'Klösterle',44.17,1.0,0.0,4439.000000265529,0.0,15751.5145677921,0.0,1.0,1.0,0.0,173.26666024571307,0.0,0.0,0.0,0.0,0.0,4439.000000265529,15751.5145677921,1.0,173.26666024571307,0.0,0.0
S16,'Innerbraz',54.99,0.0,0.0,5391.999999999998,5391.999999999998,38789.08951452321,38789.08951452321,1.0,1.0,1.0,426.67998465975535,426.67998465975535,0.0,0.0,0.0,0.0,0.0,0.0,0.0,0.0,0.0,0.0
S1A,'Schwechat',9.85,2.0,0.0,61703.49999987559,31463.499999975807,98660.20943375537,39041.52295889174,1.0,2.0,1.0,1085.262303771309,429.4567525478091,0.0,0.0,0.0,0.0,30239.99999989978,59618.68647486362,1.0,655.8055512234998,0.0,0.0
S1B,'Deutsch Wagram',39.05,2.0,0.0,32604.83333333333,16237.966666666664,73145.99870320682,9677.10465852084,1.0,2.0,1.0,804.605985735275,106.44815124372924,0.0,0.0,0.0,0.0,16366.866666666663,63468.89404468598,1.0,698.1578344915457,0.0,0.0
S33,'St. Pölten Ost',1.84,0.0,0.0,15332.000000000002,15332.000000000002,42162.713450383104,42162.713450383104,1.0,1.0,1.0,463.7898479542141,463.7898479542141,0.0,0.0,0.0,0.0,0.0,0.0,0.0,0.0,0.0,0.0
S33,'Inzersdorf',15.28,1.0,1.0,15650.364459623052,0.0,47979.53816597848,0.0,1.0,1.0,0.0,527.7749198257633,0.0,0.0,0.0,0.0,0.0,15650.364459623052,47979.53816597848,1.0,527.7749198257633,0.0,0.0
S33,'Herzogenburg',15.69,0.0,1.0,15657.319893344473,15657.319893344473,36041.87317235301,36041.87317235301,1.0,1.0,1.0,396.4606048958831,396.4606048958831,0.0,0.0,0.0,0.0,0.0,0.0,0.0,0.0,0.0,0.0
S36,'St. Marein Nord',14.89,0.0,0.0,10113.0,10113.0,30156.505485607195,30156.505485607195,1.0,1.0,1.0,331.72156034167915,331.72156034167915,0.0,0.0,0.0,0.0,0.0,0.0,0.0,0.0,0.0,0.0
S36,'St. Marein Süd',14.97,1.0,0.0,10133.0,0.0,45516.90322953391,0.0,1.0,1.0,0.0,500.685935524873,0.0,0.0,0.0,0.0,0.0,10133.0,45516.90322953391,1.0,500.685935524873,0.0,0.0
S5,'Grafenwörth',32.85,2.0,0.0,24240.0,12017.0,107889.9944139893,78745.53228630197,1.0,2.0,1.0,1186.7899385538822,866.2008551493216,0.0,0.0,0.0,0.0,12223.0,29144.46212768733,1.0,320.5890834045606,0.0,0.0
S6,'Natschbach',3.22,2.0,0.0,28895.0,14441.0,66346.034024386,7829.400123642268,1.0,2.0,1.0,643.682972908181,0.0,0.0,0.0,86.12340136006495,86.12340136006495,14454.000000000002,58516.63390074373,1.0,643.682972908181,0.0,0.0
S6,'Schottwien',23.57,2.0,0.0,15944.5,8009.0,72085.00602673124,32424.223115473676,1.0,2.0,1.0,879.0584676541084,442.7898556302753,86.12340136006495,86.12340136006495,0.0,0.0,7935.5,39660.78291125756,1.0,436.2686120238331,0.0,0.0
S6,'Schwöbing Nord',48.55,0.0,0.0,9945.0,9945.0,49668.15156439487,49668.15156439487,1.0,1.0,1.0,546.3496672083436,546.3496672083436,0.0,0.0,0.0,0.0,0.0,0.0,0.0,0.0,0.0,0.0
S6,'Schwöbing Süd',48.57,1.0,0.0,9757.0,0.0,46526.20864062981,0.0,1.0,1.0,0.0,511.7882950469279,0.0,0.0,0.0,0.0,0.0,9757.0,46526.20864062981,1.0,511.7882950469279,0.0,0.0
S6,'St. Marein',68.99,0.0,0.0,12864.0,12864.0,52521.60007264168,52521.60007264168,1.0,1.0,1.0,577.7376007990584,577.7376007990584,0.0,0.0,0.0,0.0,0.0,0.0,0.0,0.0,0.0,0.0
S6,'Kapfenberg Süd',72.45,1.0,1.0,12893.5,0.0,83967.40895002644,0.0,1.0,1.0,0.0,923.6414984502908,0.0,0.0,0.0,0.0,0.0,12893.5,83967.40895002644,1.0,923.6414984502908,0.0,0.0
