Time of calculation: 20211005-224404; value of objective: 10983.03800335657;  acc=20.0;  ec=0.25;  e_tax=0.15;  cfix=50000;  cvar=10000;  eta=0.01;  mu=0.5;  hours_of_constant_charging=20;  i=0.05;  T=10
highway,name,asfinag_position,direction,asfinag_type,traffic_flow,traffic_flow_0,traffic_flow_1,energy_demand,energy_demand_0,energy_demand_1,pXi_dir,pYi_dir,pYi_dir_0,pYi_dir_1,pE_charged,pE_charged_0,pE_charged_1,pE_input,pE_input_0,pE_input_1,pE_output,pE_output_0,pE_output_1
A1,'Steinhäusl',32.7,2.0,0.0,63195.99999999913,31485.99999999933,31709.9999999998,228883.80989013438,151754.18761753893,77129.62227259546,0.0,1.0,-0.0,1.0,426.46505003126777,0.0,426.46505003126777,40.81693866829045,0.0,40.81693866829045,758.7709380876947,758.7709380876947,0.0
A1,'Kirchstetten',44.88,0.0,1.0,29897.99999542764,29897.99999542764,0.0,72732.0809427628,72732.0809427628,0.0,1.0,1.0,1.0,0.0,157.35509078370774,157.35509078370774,0.0,758.7709380876947,758.7709380876947,0.0,965.0762520178009,965.0762520178009,0.0
A1,'Kesselhof',44.88,1.0,1.0,30234.999996719125,0.0,30234.999996719125,109130.95569981833,0.0,109130.95569981833,1.0,1.0,0.0,1.0,1000.0000000000034,0.0,1000.0000000000034,495.16216016920225,0.0,495.16216016920225,40.81693866829045,0.0,40.81693866829045
A1,'St. Pölten',62.9,2.0,0.0,71148.0,35583.0,35565.0,227454.84943410664,128422.41740026572,99032.43203384092,1.0,1.0,1.0,0.0,1000.0000000000023,1000.0,2.3305801732931286e-12,965.0762520178009,965.0762520178009,0.0,1102.350499188332,607.1883390191296,495.16216016920225
A1,'Schallaburg',76.81,1.0,1.0,29188.0,0.0,29188.0,136934.36037638868,0.0,136934.36037638868,1.0,1.0,0.0,1.0,684.6718018819435,0.0,684.6718018819435,0.0,0.0,0.0,0.0,0.0,0.0
A1,'Roggendorf',76.82,0.0,1.0,28377.0,28377.0,0.0,78562.33219617409,78562.33219617409,0.0,1.0,1.0,1.0,0.0,1000.0,1000.0,0.0,607.1883390191296,607.1883390191296,0.0,0.0,0.0,0.0
A1,'Ornding',88.04,0.0,1.0,27048.0,27048.0,0.0,60488.07492270462,60488.07492270462,0.0,0.0,0.0,-0.0,0.0,0.0,0.0,0.0,0.0,0.0,0.0,302.4403746135231,302.4403746135231,0.0
A1,'Ybbs',100.32,1.0,0.0,27161.40445083877,0.0,27161.40445083877,104129.25066774894,0.0,104129.25066774894,1.0,1.0,0.0,1.0,520.6462533387447,0.0,520.6462533387447,0.0,0.0,0.0,0.0,0.0,0.0
A1,'Kemmelbach',101.38,0.0,0.0,26898.000000000207,26898.000000000207,0.0,72226.10016870651,72226.10016870651,0.0,1.0,1.0,1.0,0.0,663.5708754570556,663.5708754570556,0.0,302.4403746135231,302.4403746135231,0.0,0.0,0.0,0.0
A1,'Viehdorf',118.17,0.0,1.0,25545.0,25545.0,0.0,92117.57063469278,92117.57063469278,0.0,1.0,1.0,1.0,0.0,460.5878531734639,460.5878531734639,0.0,0.0,0.0,0.0,0.0,0.0,0.0
A1,'Amstetten',119.36,1.0,1.0,25407.0,0.0,25407.0,122199.48177898517,0.0,122199.48177898517,1.0,1.0,0.0,1.0,610.9974088949258,0.0,610.9974088949258,0.0,0.0,0.0,0.0,0.0,0.0
A1,'Strengberg',136.0,0.0,0.0,25773.0,25773.0,0.0,85730.10314081071,85730.10314081071,0.0,1.0,1.0,1.0,0.0,428.65051570405353,428.65051570405353,0.0,0.0,0.0,0.0,0.0,0.0,0.0
A1,'Haag',143.54,1.0,0.0,28172.0,0.0,28172.0,72532.38382040594,0.0,72532.38382040594,1.0,1.0,0.0,1.0,362.66191910202974,0.0,362.66191910202974,0.0,0.0,0.0,0.0,0.0,0.0
A1,'Enns Süd',156.19,1.0,1.0,29648.737115098505,0.0,29648.737115098505,86236.6993060754,0.0,86236.6993060754,1.0,1.0,0.0,1.0,431.183496530377,0.0,431.183496530377,0.0,0.0,0.0,0.0,0.0,0.0
A1,'Enns Nord',156.79,0.0,1.0,29791.88732837659,29791.88732837659,0.0,122843.35235918174,122843.35235918174,0.0,1.0,1.0,1.0,0.0,614.2167617959087,614.2167617959087,0.0,0.0,0.0,0.0,0.0,0.0,0.0
A1,'Ansfelden Süd',170.93,1.0,0.0,46681.64620523784,0.0,46681.64620523784,108599.64670259466,0.0,108599.64670259466,1.0,1.0,0.0,1.0,542.9982335129733,0.0,542.9982335129733,0.0,0.0,0.0,0.0,0.0,0.0
A1,'Ansfelden Nord',171.01,0.0,0.0,48225.58896718505,48225.58896718505,0.0,137729.45647842763,137729.45647842763,0.0,1.0,1.0,1.0,0.0,688.6472823921382,688.6472823921382,0.0,0.0,0.0,0.0,0.0,0.0,0.0
A1,'Allhaming Süd',182.59,1.0,1.0,22273.0,0.0,22273.0,132032.00498622254,0.0,132032.00498622254,1.0,1.0,0.0,1.0,660.1600249311127,0.0,660.1600249311127,0.0,0.0,0.0,0.0,0.0,0.0
A1,'Allhaming Nord',182.6,0.0,1.0,22478.0,22478.0,0.0,52074.59618392183,52074.59618392183,0.0,0.0,0.0,-0.0,0.0,0.0,0.0,0.0,0.0,0.0,0.0,260.3729809196092,260.3729809196092,0.0
A1,'Lindach Nord',212.26,0.0,0.0,24091.0,24091.0,0.0,143292.1869458095,143292.1869458095,0.0,1.0,1.0,1.0,0.0,976.8339156486567,976.8339156486567,0.0,260.3729809196092,260.3729809196092,0.0,0.0,0.0,0.0
A1,'Lindach Süd',212.27,1.0,0.0,24205.0,0.0,24205.0,88500.71292866017,0.0,88500.71292866017,1.0,1.0,0.0,1.0,1000.0,0.0,1000.0,557.4964353566991,0.0,557.4964353566991,0.0,0.0,0.0
A1,'Hainbach Süd',230.7,1.0,1.0,16641.0,0.0,16641.0,43626.88664048988,0.0,43626.88664048988,0.0,0.0,0.0,-0.0,0.0,0.0,0.0,339.3620021542497,0.0,339.3620021542497,557.4964353566991,0.0,557.4964353566991
A1,'Hainbach Nord',230.72,0.0,1.0,15023.0,15023.0,0.0,55447.073726717535,55447.073726717535,0.0,0.0,0.0,-0.0,0.0,0.0,0.0,0.0,0.0,0.0,0.0,277.2353686335877,277.2353686335877,0.0
A1,'Straß',243.67,1.0,1.0,16828.67483549712,0.0,16828.67483549712,52286.93331258195,0.0,52286.93331258195,0.0,0.0,0.0,-0.0,0.0,0.0,0.0,77.92733559133995,0.0,77.92733559133995,339.3620021542497,0.0,339.3620021542497
A1,'Oberwang',251.03,0.0,1.0,15727.0,15727.0,0.0,64059.905884903295,64059.905884903295,0.0,1.0,1.0,1.0,0.0,597.5348980581042,597.5348980581042,0.0,277.2353686335877,277.2353686335877,0.0,0.0,0.0,0.0
A1,'Mondsee',259.23,2.0,0.0,31060.001681777,15727.000882328592,15333.000799448411,108891.47151975876,25342.39533715945,83549.07618259931,0.0,1.0,0.0,1.0,755.8483913143018,1.3642420526593924e-12,755.8483913143004,416.0303459926438,0.0,416.0303459926438,204.63931227713584,126.71197668579589,77.92733559133995
A1,'Söllheim',286.46,1.0,0.0,28864.537464121862,0.0,28864.537464121862,82339.63927517904,0.0,82339.63927517904,1.0,1.0,0.0,1.0,0.0,0.0,0.0,4.332149616748534,0.0,4.332149616748534,416.0303459926438,0.0,416.0303459926438
A1,'Kasern',287.89,0.0,0.0,38922.8495638266,38922.8495638266,0.0,223019.90593909277,223019.90593909277,0.0,1.0,1.0,1.0,0.0,1000.0,1000.0,0.0,126.71197668579589,126.71197668579589,0.0,241.81150638125968,241.81150638125968,0.0
A1,'Walserberg Süd',300.71,1.0,0.0,14880.00000000295,0.0,14880.00000000295,866.4299233497069,0.0,866.4299233497069,0.0,0.0,0.0,-0.0,0.0,0.0,0.0,0.0,0.0,0.0,4.332149616748534,0.0,4.332149616748534
A1,'Walserberg Nord',300.73,0.0,0.0,12964.000000008587,12964.000000008587,0.0,33079.84748626592,33079.84748626592,0.0,1.0,1.0,1.0,0.0,407.21074381258927,407.21074381258927,0.0,241.81150638125968,241.81150638125968,0.0,0.0,0.0,0.0
A10,'Golling Ost',28.76,1.0,0.0,19647.00094772099,0.0,19647.00094772099,119966.62316808572,0.0,119966.62316808572,1.0,1.0,0.0,1.0,599.8331158404286,0.0,599.8331158404286,0.0,0.0,0.0,0.0,0.0,0.0
A10,'Golling West',28.82,0.0,0.0,19875.000668287423,19875.000668287423,0.0,104378.50480107158,104378.50480107158,0.0,1.0,1.0,1.0,0.0,521.8925240053582,521.8925240053582,0.0,0.0,0.0,0.0,-2.2737367544323206e-13,-2.2737367544323206e-13,0.0
A10,'Eben Süd',59.21,2.0,0.0,31555.3674870556,15997.416619605658,15557.95086744994,63864.366982730906,73.98398827676816,63790.382994454136,0.0,1.0,0.0,1.0,387.04369153295,0.0,387.04369153295,68.09177656067914,-2.2737367544323206e-13,68.09177656067936,0.36991994138361406,0.36991994138361406,0.0
A10,'Eben Nord',59.32,2.0,0.0,31554.16119307871,15997.1632592005,15556.997933878209,97642.35981166828,97570.41264793991,71.94716372837226,1.0,1.0,1.0,0.0,488.22198318108735,488.2219831810832,4.1306957854203574e-12,68.10196068342525,0.36991994138361406,67.73204074204163,68.09177656067936,0.0,68.09177656067936
A10,'Tauernalm',79.79,2.0,0.0,21522.867721662667,10903.654559151322,10619.213162511343,88819.6820605424,44706.93514161317,44112.74691892924,0.0,1.0,0.0,1.0,999.9999999999998,0.0,999.9999999999998,847.1683061473952,0.0,847.1683061473952,291.2667164501075,223.53467570806583,67.73204074204163
A10,'Lungau',97.91,0.0,0.0,10877.0,10877.0,0.0,39524.43281357246,39524.43281357246,0.0,0.0,0.0,0.0,0.0,0.0,0.0,0.0,223.53467570806583,223.53467570806583,0.0,421.1568397759281,421.1568397759281,0.0
A10,'Lanschütz',100.6,1.0,1.0,10558.5,0.0,10558.5,53393.23087724362,0.0,53393.23087724362,0.0,0.0,0.0,0.0,0.0,0.0,0.0,580.2021517611771,0.0,580.2021517611771,847.1683061473952,0.0,847.1683061473952
A10,'Eisentratten',125.92,2.0,0.0,14180.999999999998,6877.999999999999,7302.999999999999,90988.98323942441,38359.86860817266,52629.11463125176,1.0,1.0,1.0,0.0,612.9561828167914,612.9561828167914,0.0,738.2134183808464,421.1568397759281,317.0565786049183,580.2021517611771,0.0,580.2021517611771
A10,'Feistritz an der Drau',162.01,2.0,0.0,29679.0,14929.0,14750.0,170997.24647957023,107585.93075858656,63411.31572098366,1.0,1.0,1.0,0.0,537.9296537929329,537.9296537929329,0.0,0.0,0.0,0.0,317.0565786049183,0.0,317.0565786049183
A11,'Rosegg',9.04,2.0,0.0,9108.5,4306.5,4802.0,19444.03423128799,7806.040740767851,11637.99349052014,1.0,2.0,1.0,1.0,97.22017115643996,39.030203703839256,58.189967452600705,0.0,0.0,0.0,0.0,0.0,0.0
A12,'Angath Süd',14.1,2.0,0.0,39222.99999999994,19907.99999999997,19314.99999999997,56148.10872631689,56144.28825076325,3.820475553634762,0.0,1.0,0.0,1.0,0.01910237776817381,0.0,0.01910237776817381,0.0,0.0,0.0,280.7214412538163,280.7214412538163,0.0
A12,'Angath Nord',14.22,2.0,0.0,39222.99999999994,19907.99999999997,19314.99999999997,86003.9180407436,3.93776998818332,85999.98027075542,0.0,1.0,-0.0,1.0,796.307175174409,0.0,796.307175174409,647.0287150744482,280.7214412538163,366.30727382063196,280.7411301037572,280.7411301037572,0.0
A12,'Münster Nord',35.71,0.0,1.0,18334.0,18334.0,0.0,79565.35290639894,79565.35290639894,0.0,1.0,1.0,1.0,0.0,138.17986903433814,138.17986903433814,0.0,280.7411301037572,280.7411301037572,0.0,540.3880256014138,540.3880256014138,0.0
A12,'Münster Süd',36.25,1.0,1.0,18162.0,0.0,18162.0,51027.0984567292,0.0,51027.0984567292,0.0,0.0,0.0,-0.0,0.0,0.0,0.0,111.17178153698593,0.0,111.17178153698593,366.30727382063196,0.0,366.30727382063196
A12,'Vomp',50.47,1.0,0.0,24431.999999991072,0.0,24431.999999991072,22234.356307397185,0.0,22234.356307397185,0.0,0.0,0.0,-0.0,0.0,0.0,0.0,0.0,0.0,0.0,111.17178153698593,0.0,111.17178153698593
A12,'Weer',54.8,0.0,0.0,24110.000189607712,24110.000189607712,0.0,91922.39487971723,91922.39487971723,0.0,1.0,1.0,1.0,0.0,1000.0,1000.0,0.0,540.3880256014138,540.3880256014138,0.0,0.0,0.0,0.0
A12,'Weer Süd',55.0,1.0,1.0,24141.001987531265,0.0,24141.001987531265,197089.950526282,0.0,197089.950526282,1.0,1.0,0.0,1.0,985.44975263141,0.0,985.44975263141,0.0,0.0,0.0,0.0,0.0,0.0
A12,'Ampaß',72.07,0.0,0.0,35539.999996608014,35539.999996608014,0.0,123154.22328142951,123154.22328142951,0.0,1.0,1.0,1.0,0.0,615.7711164071476,615.7711164071476,0.0,0.0,0.0,0.0,0.0,0.0,0.0
A12,'Zirl-Inzing',91.77,0.0,1.0,20799.0,20799.0,0.0,82023.58476167452,82023.58476167452,0.0,1.0,1.0,1.0,0.0,410.1179238083726,410.1179238083726,0.0,0.0,0.0,0.0,0.0,0.0,0.0
A12,'Pettnau',95.81,2.0,0.0,37922.0,18889.0,19033.0,165593.5507511032,14638.245573299051,150955.30517780414,0.0,1.0,0.0,1.0,847.2208880578406,0.0,847.2208880578406,92.44436216881992,0.0,92.44436216881992,73.19122786649496,73.19122786649496,0.0
A12,'Mils',135.51,2.0,0.0,19502.000000000833,10262.00000000003,9240.000000000804,99879.26500112754,81390.39256736355,18488.872433763983,1.0,1.0,1.0,-0.0,480.1431907033127,480.1431907033127,0.0,73.19122786649496,73.19122786649496,0.0,92.44436216881992,0.0,92.44436216881992
A13,'Europabrücke',8.27,2.0,0.0,41638.0,21023.0,20615.0,70370.3325587005,34547.02051314864,35823.31204555185,0.0,1.0,-0.0,1.0,422.1449699278228,0.0,422.1449699278228,243.02840970006352,0.0,243.02840970006352,172.73510256574318,172.73510256574318,0.0
A13,'Matrei West',16.79,0.0,0.0,15161.0,15161.0,0.0,25846.426928735076,25846.426928735076,0.0,0.0,0.0,-0.0,0.0,0.0,0.0,0.0,172.73510256574318,172.73510256574318,0.0,301.96723720941856,301.96723720941856,0.0
A13,'Matrei Ost',16.95,2.0,0.0,29983.0,15161.0,14822.0,36929.252580801745,499.30355502003806,36429.94902578171,0.0,0.0,-0.0,-0.0,0.0,0.0,0.0,362.8459017805735,301.96723720941856,60.878664571154985,547.4921646845822,304.46375498451874,243.02840970006352
A13,'Nößlach',26.91,2.0,1.0,12027.916375220364,12027.916375220364,0.0,26003.24170150209,26003.24170150209,0.0,0.0,0.0,-0.0,0.0,0.0,0.0,0.0,304.46375498451874,304.46375498451874,0.0,434.47996349202924,434.47996349202924,0.0
A13,'Gries Ost',29.15,1.0,0.0,11601.99774413572,0.0,11601.99774413572,11387.01827145676,0.0,11387.01827145676,0.0,0.0,0.0,-0.0,0.0,0.0,0.0,3.943573213871183,0.0,3.943573213871183,60.878664571154985,0.0,60.878664571154985
A13,'Gries West',29.54,0.0,0.0,12036.99974796117,12036.99974796117,0.0,4238.013247571624,4238.013247571624,0.0,0.0,0.0,-0.0,0.0,0.0,0.0,0.0,434.47996349202924,434.47996349202924,0.0,455.67002972988735,455.67002972988735,0.0
A13,'Brennersee',33.44,0.0,0.0,12037.0,12037.0,0.0,9408.316380843364,9408.316380843364,0.0,0.0,0.0,-0.0,0.0,0.0,0.0,0.0,455.67002972988735,455.67002972988735,0.0,502.71161163410414,502.71161163410414,0.0
A13,'Brennerpaß',34.16,2.0,0.0,23639.0,12037.0,11602.0,2518.3592467820863,1729.6446040078497,788.7146427742366,1.0,1.0,1.0,-0.0,511.3598346541434,511.3598346541434,0.0,502.71161163410414,502.71161163410414,0.0,3.943573213871183,0.0,3.943573213871183
A14,'Hörbranz’,0.0,2.0,1.0,11914.47538487758,11914.47538487758,0.0,580.5002038524873,580.5002038524873,0.0,0.0,0.0,-0.0,0.0,0.0,0.0,0.0,0.0,0.0,0.0,2.902501019262445,2.902501019262445,0.0
A14,'Hohenems',24.48,2.0,0.0,53333.40958305029,26852.092271153047,26481.317311897245,325972.7230756362,129158.23498549042,196814.48809014575,1.0,2.0,1.0,1.0,1632.7661163974433,648.6936759467145,984.0724404507288,2.902501019262445,2.902501019262445,0.0,0.0,0.0,0.0
A2,'Guntramsdorf',14.43,2.0,0.0,106539.0608322543,54671.885978190505,51867.17485406379,341487.5079237672,158457.9372379927,183029.57068577447,0.0,2.0,-0.0,2.0,1199.861588408896,0.0,1199.861588408896,284.7137349800237,0.0,284.7137349800237,792.2896861899635,792.2896861899635,0.0
A2,'Triestingtal',32.08,0.0,1.0,40445.0,40445.0,0.0,143069.6923848394,143069.6923848394,0.0,1.0,1.0,1.0,0.0,840.8129874234972,840.8129874234972,0.0,792.2896861899635,792.2896861899635,0.0,666.8251606906633,666.8251606906633,0.0
A2,'Leobersdorf',32.08,1.0,1.0,39540.0,0.0,39540.0,56942.74699600472,0.0,56942.74699600472,0.0,0.0,0.0,-0.0,0.0,0.0,0.0,0.0,0.0,0.0,284.7137349800237,0.0,284.7137349800237
A2,'Föhrenberg',39.31,1.0,0.0,39539.98215618593,0.0,39539.98215618593,93778.97588690832,0.0,93778.97588690832,1.0,1.0,0.0,1.0,1000.0,0.0,1000.0,531.1051205654585,0.0,531.1051205654585,0.0,0.0,0.0
A2,'Bad Fischau',40.93,0.0,0.0,37535.00000001001,37535.00000001001,0.0,66634.96786186735,66634.96786186735,0.0,1.0,1.0,1.0,0.0,1000.0,1000.0,0.0,666.8251606906633,666.8251606906633,0.0,0.0,0.0,0.0
A2,'Steinfeld',50.35,0.0,1.0,32434.00031526797,32434.00031526797,0.0,59928.40402750363,59928.40402750363,0.0,0.0,0.0,-0.0,0.0,0.0,0.0,0.0,0.0,0.0,0.0,299.64202013751816,299.64202013751816,0.0
A2,'Wr. Neustadt',51.18,1.0,1.0,31158.00000000052,0.0,31158.00000000052,172010.8435859857,0.0,172010.8435859857,1.0,1.0,0.0,1.0,1000.0,0.0,1000.0,671.05090263553,0.0,671.05090263553,531.1051205654585,0.0,531.1051205654585
A2,'Zöbern',78.76,2.0,0.0,34076.0,17853.0,16223.0,127688.39957479399,101778.6326400082,25909.766934785785,0.0,1.0,-0.0,1.0,999.9999999999999,0.0,999.9999999999999,1841.144088099119,299.64202013751816,1541.502067961601,1479.5860859730892,808.5351833375591,671.05090263553
A2,'Schäffern Ost',86.7,1.0,1.0,16223.0,0.0,16223.0,61123.2530374171,0.0,61123.2530374171,0.0,0.0,0.0,-0.0,0.0,0.0,0.0,1235.8858027745155,0.0,1235.8858027745155,1541.502067961601,0.0,1541.502067961601
A2,'Loipersdorf',105.5,2.0,0.0,27899.0,14612.0,13287.0,154018.46142676251,78390.34012413416,75628.12130262834,1.0,1.0,1.0,0.0,1000.0,1000.0,0.0,1666.280379598933,808.5351833375591,857.7451962613738,1436.3726867327455,200.48688395823,1235.8858027745155
A2,'Hainersdorf',133.87,0.0,1.0,16034.999999999998,16034.999999999998,0.0,90554.39668407534,90554.39668407534,0.0,1.0,1.0,1.0,0.0,653.2588673786067,653.2588673786067,0.0,200.48688395823,200.48688395823,0.0,0.0,0.0,0.0
A2,'Bad Blumau',134.06,1.0,1.0,14879.0,0.0,14879.0,59355.30955245131,0.0,59355.30955245131,0.0,0.0,0.0,-0.0,0.0,0.0,0.0,560.9686484991173,0.0,560.9686484991173,857.7451962613738,0.0,857.7451962613738
A2,'Arnwiesen',154.1,2.0,0.0,36495.0010822289,19529.0004964994,16966.000585729496,135214.80430038154,78775.931104602,56438.87319577954,1.0,1.0,1.0,-0.0,393.87965552301,393.87965552301,0.0,278.77428252021963,0.0,278.77428252021963,560.9686484991173,0.0,560.9686484991173
A2,'Laßnitzhöhe Nord',170.16,0.0,1.0,27470.0,27470.0,0.0,89210.41764080411,89210.41764080411,0.0,1.0,1.0,1.0,0.0,446.05208820402055,446.05208820402055,0.0,0.0,0.0,0.0,0.0,0.0,0.0
A2,'Laßnitzhöhe Süd',170.65,1.0,1.0,29743.0,0.0,29743.0,119872.94775894134,0.0,119872.94775894134,1.0,1.0,0.0,1.0,718.5317319672192,0.0,718.5317319672192,397.94127569273223,0.0,397.94127569273223,278.77428252021963,0.0,278.77428252021963
A2,'Kaiserwald',190.77,2.0,0.0,42649.00410506857,21967.00248080555,20682.001624263023,212311.14271654858,90269.44009665956,122041.70261988904,0.0,1.0,0.0,1.0,1000.0,-6.8833827526759706e-12,1000.0000000000069,787.732762593294,0.0,787.732762593294,849.288476176037,451.3472004833047,397.94127569273223
A2,'Herzogberg Nord',220.13,0.0,1.0,8807.00000002098,8807.00000002098,0.0,51848.951152018446,51848.951152018446,0.0,0.0,0.0,-0.0,0.0,0.0,0.0,0.0,451.3472004833047,451.3472004833047,0.0,710.5919562433969,710.5919562433969,0.0
A2,'Herzogberg Süd',220.19,1.0,1.0,8120.999999999229,0.0,8120.999999999229,24362.120249568077,0.0,24362.120249568077,0.0,0.0,0.0,-0.0,0.0,0.0,0.0,665.9221613454536,0.0,665.9221613454536,787.732762593294,0.0,787.732762593294
A2,'Pack',235.21,2.0,0.0,16928.0,8807.0,8120.999999999999,107246.45859213948,26540.01416042541,80706.44443171406,1.0,1.0,1.0,0.0,843.2920270455253,843.2920270455239,1.3642420526593924e-12,972.9818954302816,710.5919562433969,262.3899391868847,665.9221613454536,0.0,665.9221613454536
A2,'Völkermarkt',285.09,2.0,0.0,21133.0,10779.0,10354.0,137900.08595592296,107121.63089883584,30778.45505708712,1.0,1.0,1.0,0.0,535.6081544941792,535.6081544941792,0.0,108.4976639014491,0.0,108.4976639014491,262.3899391868847,0.0,262.3899391868847
A2,'Grafenstein Nord',300.0,0.0,1.0,13362.0,13362.0,0.0,39644.441582321415,39644.441582321415,0.0,0.0,0.0,-0.0,0.0,0.0,0.0,0.0,0.0,0.0,0.0,198.2222079116071,198.2222079116071,0.0
A2,'Grafenstein Süd',300.0,1.0,1.0,13587.999999999998,0.0,13587.999999999998,81445.24169896843,0.0,81445.24169896843,1.0,1.0,0.0,1.0,1000.0000000000035,0.0,1000.0000000000035,701.2714554066106,0.0,701.2714554066106,108.4976639014491,0.0,108.4976639014491
A2,'Wörthersee',340.13,2.0,0.0,38076.99999701492,19452.999998289542,18623.999998725383,149916.98024786788,116709.63960631324,33207.340641554634,1.0,1.0,1.0,0.0,781.7704059431733,781.7704059431733,0.0,733.4569601104445,198.2222079116071,535.2347521988373,701.2714554066106,0.0,701.2714554066106
A2,'Dreiländereck Süd',374.17,2.0,0.0,29010.99995582863,9394.99999993558,19615.999955893047,113634.3848593006,63912.37234872594,49722.012510574656,1.0,1.0,1.0,0.0,319.5618617436297,319.5618617436297,0.0,286.62468964596405,0.0,286.62468964596405,535.2347521988373,0.0,535.2347521988373
A2,'Dreiländereck Nord',374.27,2.0,0.0,24357.99999982947,9394.999999829468,14963.000000000002,57429.86785277845,104.92992358564643,57324.937929192805,1.0,1.0,1.0,-0.0,0.5246496179282322,0.5246496179282322,0.0,0.0,0.0,0.0,286.62468964596405,0.0,286.62468964596405
A21,'Alland',14.68,2.0,0.0,40163.5,20093.0,20070.5,103417.58750904436,49420.33889377227,53997.24861527208,0.0,1.0,-0.0,1.0,269.98624307636044,0.0,269.98624307636044,0.0,0.0,0.0,247.10169446886135,247.10169446886135,0.0
A21,'Hinterbrühl',26.99,0.0,1.0,19730.962284466663,19730.962284466663,0.0,44502.271823291965,44502.271823291965,0.0,1.0,1.0,1.0,0.0,469.61305358532115,469.61305358532115,0.0,247.10169446886135,247.10169446886135,0.0,0.0,0.0,0.0
A22,'Korneuburg West',18.04,1.0,0.0,32131.000000493023,0.0,32131.000000493023,63932.21893438356,0.0,63932.21893438356,1.0,1.0,0.0,1.0,364.70988323473944,0.0,364.70988323473944,45.048788562821585,0.0,45.048788562821585,0.0,0.0,0.0
A22,'Korneuburg Ost',18.12,0.0,0.0,32321.000000000007,32321.000000000007,0.0,116866.4197787237,116866.4197787237,0.0,1.0,1.0,1.0,0.0,584.3320988936185,584.3320988936185,0.0,0.0,0.0,0.0,0.0,0.0,0.0
A22,'Stockerau',28.09,1.0,0.0,30190.007584098337,0.0,30190.007584098337,9009.757712564318,0.0,9009.757712564318,0.0,0.0,0.0,-0.0,0.0,0.0,0.0,0.0,0.0,0.0,45.048788562821585,0.0,45.048788562821585
A25,'Pucking',5.97,0.0,1.0,21620.0,21620.0,0.0,25350.64141680889,25350.64141680889,0.0,0.0,0.0,-0.0,0.0,0.0,0.0,0.0,0.0,0.0,0.0,126.75320708404445,126.75320708404445,0.0
A25,'Wels',13.06,2.0,0.0,49975.503210327646,25078.48219887029,24897.02101145736,71240.92245977157,35488.490093098524,35752.43236667305,1.0,2.0,1.0,1.0,482.95781938290224,304.19565754953703,178.76216183336524,126.75320708404445,126.75320708404445,0.0,0.0,0.0,0.0
A3,'Hornstein',28.0,2.0,0.0,35088.0,17427.0,17661.0,114520.76259901357,66852.17460927166,47668.58798974191,1.0,2.0,1.0,1.0,572.6038129950679,334.2608730463583,238.34293994870953,0.0,0.0,0.0,0.0,0.0,0.0
A4,'Simmering',2.45,0.0,0.0,35371.78969176939,35371.78969176939,0.0,22257.83857434953,22257.83857434953,0.0,0.0,0.0,-0.0,0.0,0.0,0.0,0.0,0.0,0.0,0.0,111.28919287174766,111.28919287174766,0.0
A4,'Fischamend',22.33,0.0,1.0,28227.0,28227.0,0.0,112756.86408974236,112756.86408974236,0.0,1.0,1.0,1.0,0.0,675.0735133204595,675.0735133204595,0.0,111.28919287174766,111.28919287174766,0.0,0.0,0.0,0.0
A4,'Maria Ellend',22.48,1.0,1.0,27990.0,0.0,27990.0,32591.644875563223,0.0,32591.644875563223,1.0,1.0,0.0,1.0,162.95822437781612,0.0,162.95822437781612,0.0,0.0,0.0,0.0,0.0,0.0
A4,'Göttlesbrunn',28.04,2.0,0.0,47550.0,24272.0,23278.0,199378.60737736453,28046.547072865586,171332.06030449894,0.0,1.0,0.0,1.0,862.364223963632,0.0,862.364223963632,5.703922441137214,0.0,5.703922441137214,140.23273536432794,140.23273536432794,0.0
A4,'Nickelsdorf Süd',64.65,0.0,0.0,10545.000205483248,10545.000205483248,0.0,76995.55071763713,76995.55071763713,0.0,1.0,1.0,1.0,0.0,525.2104889525136,525.2104889525136,0.0,140.23273536432794,140.23273536432794,0.0,0.0,0.0,0.0
A4,'Nickelsdorf Nord',64.97,1.0,0.0,7158.000028017371,0.0,7158.000028017371,1140.7844882274428,0.0,1140.7844882274428,0.0,0.0,0.0,-0.0,0.0,0.0,0.0,0.0,0.0,0.0,5.703922441137214,0.0,5.703922441137214
A5,'Hochleithen',10.63,2.0,0.0,35611.2,17306.5,18304.7,171050.44466718304,34873.96904422976,136176.4756229533,1.0,2.0,1.0,1.0,855.2522233359153,174.36984522114878,680.8823781147665,0.0,0.0,0.0,0.0,0.0,0.0
A6,'Potzneusiedl',10.8,2.0,0.0,15204.999999970727,7325.999999986983,7878.999999983744,33671.23460537669,15733.539261383205,17937.695343993484,1.0,2.0,1.0,1.0,168.35617302688345,78.66769630691603,89.68847671996743,0.0,0.0,0.0,0.0,0.0,0.0
A7,'Engerwitzdorf',25.71,1.0,1.0,19344.0,0.0,19344.0,4050.242286953621,0.0,4050.242286953621,1.0,1.0,0.0,1.0,20.251211434768106,0.0,20.251211434768106,0.0,0.0,0.0,0.0,0.0,0.0
A7,'Denk',25.76,0.0,1.0,18851.0,18851.0,0.0,97075.89483825683,97075.89483825683,0.0,1.0,1.0,1.0,0.0,485.3794741912842,485.3794741912842,0.0,0.0,0.0,0.0,0.0,0.0,0.0
A8,'Voralpenkreuz',0.17,2.0,0.0,20453.0,10081.0,10372.0,70402.5195645118,882.1776563040131,69520.34190820777,0.0,1.0,-0.0,1.0,968.266497316175,0.0,968.266497316175,620.6647877751361,0.0,620.6647877751361,4.410888281520066,4.410888281520066,0.0
A8,'Aistersheim',33.81,2.0,0.0,30956.0,14979.0,15977.0,174143.73401582515,100399.65305081414,73744.08096501099,0.0,1.0,-0.0,1.0,0.0,0.0,0.0,256.35527123160114,4.410888281520066,251.9443829500811,1127.073941310727,506.4091535355908,620.6647877751361
A8,'Murau West',56.77,1.0,1.0,14172.0,0.0,14172.0,41708.92113869764,0.0,41708.92113869764,0.0,0.0,0.0,-0.0,0.0,0.0,0.0,43.399777256592884,0.0,43.399777256592884,251.9443829500811,0.0,251.9443829500811
A8,'Murau Ost',56.88,0.0,1.0,13536.0,13536.0,0.0,62540.67745073653,62540.67745073653,0.0,1.0,1.0,1.0,0.0,819.1125407892735,819.1125407892735,0.0,506.4091535355908,506.4091535355908,0.0,0.0,0.0,0.0
A8,'Marienkirchen/Schärding’,71.6,1.0,1.0,10055.234280795672,0.0,10055.234280795672,6370.451690557319,0.0,6370.451690557319,0.0,0.0,0.0,-0.0,0.0,0.0,0.0,11.547518803806284,0.0,11.547518803806284,43.399777256592884,0.0,43.399777256592884
A8,'Suben West',74.77,1.0,0.0,9186.000000189424,0.0,9186.000000189424,2309.5037607612567,0.0,2309.5037607612567,0.0,0.0,0.0,-0.0,0.0,0.0,0.0,0.0,0.0,0.0,11.547518803806284,0.0,11.547518803806284
A9,'St. Pankraz',36.36,2.0,0.0,13974.0,7033.0,6941.0,76994.75393328123,51067.34595136446,25927.407981916764,0.0,1.0,-0.0,1.0,1000.0,0.0,1000.0,870.3629600904162,0.0,870.3629600904162,255.3367297568223,255.3367297568223,0.0
A9,'Pyhrn-Priel Ost’,55.03,1.0,1.0,7591.971611767987,0.0,7591.971611767987,46666.31891472245,0.0,46666.31891472245,0.0,0.0,0.0,-0.0,0.0,0.0,0.0,637.0313655168039,0.0,637.0313655168039,870.3629600904162,0.0,870.3629600904162
A9,'Pyhrn-Priel West',55.04,0.0,1.0,8230.855228133318,8230.855228133318,0.0,31192.30198661983,31192.30198661983,0.0,0.0,0.0,-0.0,0.0,0.0,0.0,0.0,255.3367297568223,255.3367297568223,0.0,411.2982396899215,411.2982396899215,0.0
A9,'Trieben',85.7,2.0,0.0,20906.0,10619.0,10287.0,77919.67930409627,64696.454639353375,13223.224664742887,0.0,1.0,0.0,1.0,172.18554420896146,0.0,172.18554420896146,1154.3990260919725,411.2982396899215,743.100786402051,1371.8118784034923,734.7805128866884,637.0313655168039
A9,'Gaishorn',92.11,1.0,1.0,10287.0,0.0,10287.0,59924.01877210385,0.0,59924.01877210385,0.0,0.0,0.0,-0.0,0.0,0.0,0.0,443.48069254153177,0.0,443.48069254153177,743.100786402051,0.0,743.100786402051
A9,'Kalwang',106.26,0.0,1.0,10953.0,10953.0,0.0,45192.7649885505,45192.7649885505,0.0,0.0,0.0,-0.0,0.0,0.0,0.0,0.0,734.7805128866884,734.7805128866884,0.0,960.7443378294408,960.7443378294408,0.0
A9,'Kammern Süd',121.26,2.0,0.0,21954.0,11028.0,10926.0,121610.15295791501,32914.014449608665,88696.13850830635,1.0,1.0,1.0,-0.0,1000.0,1000.0,0.0,960.7443378294408,960.7443378294408,0.0,568.7951026190159,125.31441007748413,443.48069254153177
A9,'Deutschfeistritz',161.95,2.0,0.0,23289.000114064176,11777.000055015264,11512.00005904891,209832.80544527044,95604.4689815088,114228.33646376162,0.0,1.0,-0.0,1.0,571.1416823188081,0.0,571.1416823188081,125.31441007748413,125.31441007748413,0.0,603.3367549850282,603.3367549850282,0.0
A9,'Premstätten',192.48,0.0,1.0,32302.511670869648,32302.511670869648,0.0,198945.786350562,198945.786350562,0.0,1.0,1.0,1.0,0.0,999.9999999999999,999.9999999999999,0.0,603.3367549850282,603.3367549850282,0.0,598.0656867378383,598.0656867378383,0.0
A9,'Gralla West',211.06,0.0,0.0,20689.0,20689.0,0.0,76643.58637779353,76643.58637779353,0.0,1.0,1.0,1.0,0.0,981.283618626806,981.283618626806,0.0,598.0656867378383,598.0656867378383,0.0,0.0,0.0,0.0
A9,'Gralla Ost',211.45,1.0,0.0,19399.0,0.0,19399.0,72223.11037113996,0.0,72223.11037113996,1.0,1.0,0.0,1.0,361.11555185569983,0.0,361.11555185569983,0.0,0.0,0.0,0.0,0.0,0.0
S16,'Schnann',18.9,2.0,0.0,9860.99996031521,4941.999999999992,4918.999960315217,43437.30630977449,18700.073610347983,24737.232699426502,0.0,1.0,-0.0,1.0,202.44373633609302,0.0,202.44373633609302,78.75757283896051,0.0,78.75757283896051,93.50036805173991,93.50036805173991,0.0
S16,'Klösterle',44.17,1.0,0.0,4439.000000265529,0.0,4439.000000265529,15751.5145677921,0.0,15751.5145677921,0.0,0.0,0.0,-0.0,0.0,0.0,0.0,0.0,0.0,0.0,78.75757283896051,0.0,78.75757283896051
S16,'Innerbraz',54.99,0.0,0.0,5391.999999999998,5391.999999999998,0.0,38789.08951452321,38789.08951452321,0.0,1.0,1.0,1.0,0.0,287.445815624356,287.445815624356,0.0,93.50036805173991,93.50036805173991,0.0,0.0,0.0,0.0
S1A,'Schwechat',9.85,2.0,0.0,61703.49999987559,31463.499999975807,30239.99999989978,98660.20943375537,39041.52295889174,59618.68647486362,1.0,2.0,1.0,1.0,493.30104716877685,195.20761479445872,298.0934323743181,0.0,0.0,0.0,0.0,0.0,0.0
S1B,'Deutsch Wagram',39.05,2.0,0.0,32604.83333333333,16237.966666666664,16366.866666666663,73145.99870320682,9677.10465852084,63468.89404468598,1.0,2.0,1.0,1.0,365.7299935160341,48.385523292604205,317.3444702234299,0.0,0.0,0.0,0.0,0.0,0.0
S33,'St. Pölten Ost',1.84,0.0,0.0,15332.000000000002,15332.000000000002,0.0,42162.713450383104,42162.713450383104,0.0,0.0,0.0,-0.0,0.0,0.0,0.0,0.0,0.0,0.0,0.0,210.81356725191552,210.81356725191552,0.0
S33,'Inzersdorf',15.28,1.0,1.0,15650.364459623052,0.0,15650.364459623052,47979.53816597848,0.0,47979.53816597848,1.0,1.0,0.0,1.0,239.8976908298924,0.0,239.8976908298924,0.0,0.0,0.0,0.0,0.0,0.0
S33,'Herzogenburg',15.69,0.0,1.0,15657.319893344473,15657.319893344473,0.0,36041.87317235301,36041.87317235301,0.0,1.0,1.0,1.0,0.0,391.02293311368055,391.02293311368055,0.0,210.81356725191552,210.81356725191552,0.0,0.0,0.0,0.0
S36,'St. Marein Nord',14.89,0.0,0.0,10113.0,10113.0,0.0,30156.505485607195,30156.505485607195,0.0,1.0,1.0,1.0,0.0,150.782527428036,150.782527428036,0.0,0.0,0.0,0.0,0.0,0.0,0.0
S36,'St. Marein Süd',14.97,1.0,0.0,10133.0,0.0,10133.0,45516.90322953391,0.0,45516.90322953391,1.0,1.0,0.0,1.0,227.58451614766958,0.0,227.58451614766958,0.0,0.0,0.0,0.0,0.0,0.0
S5,'Grafenwörth',32.85,2.0,0.0,24240.0,12017.0,12223.0,107889.9944139893,78745.53228630197,29144.46212768733,1.0,2.0,1.0,1.0,539.4499720699465,393.72766143150983,145.72231063843665,0.0,0.0,0.0,0.0,0.0,0.0
S6,'Natschbach',3.22,2.0,0.0,28895.0,14441.0,14454.000000000002,66346.034024386,7829.400123642268,58516.63390074373,0.0,1.0,-0.0,1.0,292.58316950371864,0.0,292.58316950371864,0.0,0.0,0.0,39.147000618211344,39.147000618211344,0.0
S6,'Schottwien',23.57,2.0,0.0,15944.5,8009.0,7935.5,72085.00602673124,32424.223115473676,39660.78291125756,0.0,1.0,-0.0,1.0,850.7720025095691,0.0,850.7720025095691,691.6150885714926,39.147000618211344,652.4680879532813,201.26811619557972,201.26811619557972,0.0
S6,'Schwöbing Nord',48.55,0.0,0.0,9945.0,9945.0,0.0,49668.15156439487,49668.15156439487,0.0,0.0,0.0,-0.0,0.0,0.0,0.0,0.0,201.26811619557972,201.26811619557972,0.0,449.6088740175541,449.6088740175541,0.0
S6,'Schwöbing Süd',48.57,1.0,0.0,9757.0,0.0,9757.0,46526.20864062981,0.0,46526.20864062981,0.0,0.0,0.0,-0.0,0.0,0.0,0.0,419.8370447501322,0.0,419.8370447501322,652.4680879532813,0.0,652.4680879532813
S6,'St. Marein',68.99,0.0,0.0,12864.0,12864.0,0.0,52521.60007264168,52521.60007264168,0.0,1.0,1.0,1.0,0.0,712.2168743807625,712.2168743807625,0.0,449.6088740175541,449.6088740175541,0.0,0.0,0.0,0.0
S6,'Kapfenberg Süd',72.45,1.0,1.0,12893.5,0.0,12893.5,83967.40895002644,0.0,83967.40895002644,1.0,1.0,0.0,1.0,0.0,0.0,0.0,0.0,0.0,0.0,419.8370447501322,0.0,419.8370447501322
