Autobahn,Name,Standort,Richtung,Art,Fluss,Fluss_0,Energiebedarf,Energiebedarf_0,pXi_dir,pYi_dir,pYi_dir_0,pE_charged,pE_charged_0,pE_input,pE_input_0,pE_output,pE_output_0,Fluss_1,Energiebedarf_1,pYi_dir_1,pE_charged_1,pE_input_1,pE_output_1
'A01','Strengberg',136.01,0.0,0.0,29403.6,29403.6,104912.2,104912.2,1.0,1.0,1.0,151.12479206896552,151.12479206896552,0.0,0.0,163.6118079310345,163.6118079310345,0.0,0.0,0.0,0.0,0.0,0.0
'A01','Kasern',287.89,0.0,0.0,38738.1,38738.1,39822.8,39822.8,0.0,0.0,0.0,0.0,0.0,10.891599999999983,10.891599999999983,130.36,130.36,0.0,0.0,0.0,0.0,0.0,0.0
'A01','Enns Nord',156.79,0.0,1.0,33848.3,33848.3,65598.0,65598.0,1.0,1.0,1.0,196.794,196.794,0.0,0.0,0.0,0.0,0.0,0.0,0.0,0.0,0.0,0.0
'A01','Ornding',88.04,0.0,1.0,30279.0,30279.0,67946.1,67946.1,1.0,1.0,1.0,367.4501079310345,367.4501079310345,163.6118079310345,163.6118079310345,0.0,0.0,0.0,0.0,0.0,0.0,0.0,0.0
'A01','Oberwang',251.03,0.0,1.0,17666.7,17666.7,25687.4,25687.4,1.0,1.0,1.0,240.6740079310345,240.6740079310345,163.6118079310345,163.6118079310345,0.0,0.0,0.0,0.0,0.0,0.0,0.0,0.0
'A01','Oed',130.52,1.0,2.0,28409.8,0.0,63410.8,0.0,1.0,1.0,0.0,353.8442079310345,0.0,163.6118079310345,0.0,0.0,0.0,28409.8,63410.8,1.0,353.8442079310345,163.6118079310345,0.0
'A01','Lindach Nord',212.26,0.0,0.0,24719.7,24719.7,146637.5,146637.5,1.0,2.0,2.0,439.9125,439.9125,163.6118079310345,163.6118079310345,163.6118079310345,163.6118079310345,0.0,0.0,0.0,0.0,0.0,0.0
'A01','Walserberg Nord',300.73,0.0,0.0,35000.0,35000.0,89880.0,89880.0,1.0,1.0,1.0,400.0,400.0,130.36,130.36,0.0,0.0,0.0,0.0,0.0,0.0,0.0,0.0
'A01','Allhaming Süd',182.59,1.0,1.0,23679.1,0.0,55219.7,0.0,1.0,1.0,0.0,329.27090793103446,0.0,163.6118079310345,0.0,0.0,0.0,23679.1,55219.7,1.0,329.27090793103446,163.6118079310345,0.0
'A01','Schallaburg',76.81,1.0,1.0,30759.4,0.0,85572.7,0.0,1.0,1.0,0.0,256.7181,0.0,0.0,0.0,0.0,0.0,30759.4,85572.7,1.0,256.7181,0.0,0.0
'A01','Amstetten',119.36,1.0,1.0,27461.8,0.0,104574.6,0.0,1.0,1.0,0.0,153.87659206896558,0.0,3.76460000000003,0.0,163.6118079310345,0.0,27461.8,104574.6,1.0,153.87659206896558,3.76460000000003,163.6118079310345
'A01','Straß',243.67,1.0,1.0,18482.3,0.0,47943.0,0.0,1.0,0.0,0.0,0.0,0.0,19.782807931034483,0.0,163.6118079310345,0.0,18482.3,47943.0,0.0,0.0,19.782807931034483,163.6118079310345
'A01','Steinhäusl',32.7,2.0,0.0,69001.9,35485.5,451272.4,232075.4,1.0,4.0,2.0,1353.8172,696.2262,0.0,0.0,0.0,0.0,33516.4,219197.0,2.0,657.591,0.0,0.0
'A01','Kesselhof',44.88,1.0,1.0,33069.5,0.0,80557.2,0.0,1.0,1.0,0.0,241.6716,0.0,0.0,0.0,0.0,0.0,33069.5,80557.2,1.0,241.6716,0.0,0.0
'A01','St. Pölten',62.9,2.0,0.0,63702.2,32433.6,229582.6,116890.6,1.0,2.0,1.0,688.7478000000001,350.6718,0.0,0.0,0.0,0.0,31268.6,112692.0,1.0,338.076,0.0,0.0
'A01','Enzersberg',274.82,0.0,2.0,24120.0,24120.0,28172.2,28172.2,0.0,0.0,0.0,0.0,0.0,79.0952079310345,79.0952079310345,163.6118079310345,163.6118079310345,0.0,0.0,0.0,0.0,0.0,0.0
'A01','Ansfelden Süd',170.93,1.0,0.0,48152.0,0.0,141952.1,0.0,1.0,1.0,0.0,262.24449206896554,0.0,0.0,0.0,163.6118079310345,0.0,48152.0,141952.1,1.0,262.24449206896554,0.0,163.6118079310345
'A01','Wildenhag Nord',243.76,0.0,2.0,18415.6,18415.6,48028.0,48028.0,-0.0,0.0,-0.0,0.0,0.0,19.527807931034488,19.527807931034488,163.6118079310345,163.6118079310345,0.0,0.0,0.0,0.0,0.0,0.0
'A01','Vetterbach',270.63,1.0,2.0,20198.5,0.0,46052.6,0.0,1.0,1.0,0.0,138.1578,0.0,0.0,0.0,0.0,0.0,20198.5,46052.6,1.0,138.1578,0.0,0.0
'A01','Hainbach Süd',230.7,1.0,1.0,18126.8,0.0,66815.5,0.0,1.0,1.0,0.0,344.2755,0.0,163.6118079310345,0.0,19.782807931034483,0.0,18126.8,66815.5,1.0,344.2755,163.6118079310345,19.782807931034483
'A01','Ansfelden Nord',171.01,0.0,0.0,50956.5,50956.5,144920.4,144920.4,1.0,2.0,2.0,432.1683920689655,432.1683920689655,0.0,0.0,2.5928079310344856,2.5928079310344856,0.0,0.0,0.0,0.0,0.0,0.0
'A01','Roggendorf',76.82,0.0,1.0,32256.6,32256.6,89802.2,89802.2,1.0,1.0,1.0,105.79479206896548,105.79479206896548,0.0,0.0,163.6118079310345,163.6118079310345,0.0,0.0,0.0,0.0,0.0,0.0
'A01','Salzburger Vorland',277.55,1.0,2.0,24172.0,0.0,33454.0,0.0,1.0,0.0,0.0,0.0,0.0,0.0,0.0,100.362,0.0,24172.0,33454.0,0.0,0.0,0.0,100.362
'A01','Mondsee',259.23,2.0,0.0,35244.600000000006,17666.7,83675.9,28973.5,0.0,1.0,0.0,327.7190079310345,0.0,163.6118079310345,0.0,86.92049999999998,86.92049999999998,17577.9,54702.4,1.0,327.7190079310345,163.6118079310345,0.0
'A01','Hainbach Nord',230.72,0.0,1.0,16696.6,16696.6,61644.0,61644.0,1.0,1.0,1.0,329.016,329.016,163.6118079310345,163.6118079310345,19.527807931034488,19.527807931034488,0.0,0.0,0.0,0.0,0.0,0.0
'A01','Viehdorf',118.17,0.0,1.0,28743.0,28743.0,96518.8,96518.8,1.0,1.0,1.0,289.5564,289.5564,0.0,0.0,0.0,0.0,0.0,0.0,0.0,0.0,0.0,0.0
'A01','Kirchstetten',44.88,0.0,1.0,34900.0,34900.0,85016.4,85016.4,1.0,1.0,1.0,255.04920000000004,255.04920000000004,0.0,0.0,0.0,0.0,0.0,0.0,0.0,0.0,0.0,0.0
'A01','Enns Süd',156.19,1.0,1.0,31463.9,0.0,79603.7,0.0,1.0,1.0,0.0,238.8111,0.0,0.0,0.0,0.0,0.0,31463.9,79603.7,1.0,238.8111,0.0,0.0
'A01','Haag',143.54,1.0,0.0,28068.7,0.0,73090.8,0.0,1.0,1.0,0.0,219.2724,0.0,0.0,0.0,0.0,0.0,28068.7,73090.8,1.0,219.2724,0.0,0.0
'A01','Walserberg Süd',300.71,1.0,0.0,22448.8,0.0,63979.1,0.0,1.0,1.0,0.0,191.9373,0.0,0.0,0.0,0.0,0.0,22448.8,63979.1,1.0,191.9373,0.0,0.0
'A01','Salzburger Tor',282.75,0.0,2.0,31497.8,31497.8,49955.5,49955.5,1.0,1.0,1.0,302.58670793103454,302.58670793103454,163.6118079310345,163.6118079310345,10.891599999999983,10.891599999999983,0.0,0.0,0.0,0.0,0.0,0.0
'A01','Schafbergblick',268.98,0.0,2.0,20637.0,20637.0,40242.1,40242.1,1.0,1.0,1.0,128.55159206896548,128.55159206896548,86.92049999999998,86.92049999999998,79.0952079310345,79.0952079310345,0.0,0.0,0.0,0.0,0.0,0.0
'A01','Ybbs',100.32,1.0,0.0,28623.6,0.0,134588.2,0.0,1.0,1.0,0.0,400.0,0.0,0.0,0.0,3.76460000000003,0.0,28623.6,134588.2,1.0,400.0,0.0,3.76460000000003
'A01','Lindach Süd',212.27,1.0,0.0,24974.8,0.0,148250.5,0.0,1.0,1.0,0.0,281.13969206896553,0.0,0.0,0.0,163.6118079310345,0.0,24974.8,148250.5,1.0,281.13969206896553,0.0,163.6118079310345
'A01','Söllheim',286.46,1.0,0.0,31201.5,0.0,55601.0,0.0,1.0,1.0,0.0,267.16499999999996,0.0,100.362,0.0,0.0,0.0,31201.5,55601.0,1.0,267.16499999999996,100.362,0.0
'A01','Allhaming Nord',182.6,0.0,1.0,23154.9,23154.9,53673.0,53673.0,0.0,0.0,0.0,0.0,0.0,2.5928079310344856,2.5928079310344856,163.6118079310345,163.6118079310345,0.0,0.0,0.0,0.0,0.0,0.0
'A01','Ennsblick',147.1,0.0,2.0,29708.0,29708.0,65892.3,65892.3,1.0,1.0,1.0,361.28870793103454,361.28870793103454,163.6118079310345,163.6118079310345,0.0,0.0,0.0,0.0,0.0,0.0,0.0,0.0
'A01','Kemmelbach',101.38,0.0,0.0,29778.2,29778.2,79448.3,79448.3,1.0,1.0,1.0,238.34490000000002,238.34490000000002,0.0,0.0,0.0,0.0,0.0,0.0,0.0,0.0,0.0,0.0
'A02','Bad Fischau',40.93,0.0,0.0,35799.0,35799.0,63364.3,63364.3,1.0,1.0,1.0,353.7047079310345,353.7047079310345,163.6118079310345,163.6118079310345,0.0,0.0,0.0,0.0,0.0,0.0,0.0,0.0
'A02','Loipersdorf',105.5,2.0,0.0,32242.5,15465.3,48430.9,23198.0,0.0,0.0,0.0,0.0,0.0,22.053807931034484,22.053807931034484,167.34650793103435,91.64780793103449,16777.2,25232.9,0.0,0.0,0.0,75.69869999999986
'A02','Gönitz/Süd',268.86,1.0,2.0,12462.4,0.0,22457.2,0.0,1.0,0.0,0.0,0.0,0.0,0.0,0.0,67.3716,0.0,12462.4,22457.2,0.0,0.0,0.0,67.3716
'A02','Wörthersee',340.13,2.0,0.0,38965.5,19346.4,66662.4,41981.6,1.0,2.0,1.0,429.36620000000005,224.21640000000002,294.71920793103453,163.6118079310345,65.34020793103448,65.34020793103448,19619.1,24680.8,1.0,205.14980000000003,131.10740000000004,0.0
'A02','Föhrenberg',39.31,1.0,0.0,41904.8,0.0,60594.4,0.0,1.0,1.0,0.0,345.3950079310345,0.0,163.6118079310345,0.0,0.0,0.0,41904.8,60594.4,1.0,345.3950079310345,163.6118079310345,0.0
'A02','Triestingtal',32.08,0.0,1.0,39374.6,39374.6,138992.4,138992.4,1.0,1.0,1.0,400.0,400.0,146.6346079310345,146.6346079310345,163.6118079310345,163.6118079310345,0.0,0.0,0.0,0.0,0.0,0.0
'A02','Leobersdorf',32.08,1.0,1.0,41904.8,0.0,147924.0,0.0,1.0,1.0,0.0,400.0,0.0,119.83980793103444,0.0,163.6118079310345,0.0,41904.8,147924.0,1.0,400.0,119.83980793103444,163.6118079310345
'A02','Völkermarkt',285.09,2.0,0.0,22687.4,11177.6,50595.2,13234.3,0.0,1.0,0.0,179.4543,0.0,178.54199999999994,111.17039999999994,150.87329999999994,150.87329999999994,11509.8,37360.9,1.0,179.4543,67.3716,0.0
'A02','Federaun/Süd',362.78,1.0,2.0,16681.9,0.0,45942.0,0.0,1.0,1.0,0.0,145.52709206896546,0.0,102.2058,0.0,94.50470793103453,0.0,16681.9,45942.0,1.0,145.52709206896546,102.2058,94.50470793103453
'A02','Zöbern',78.76,2.0,0.0,39077.4,19177.5,137347.0,68732.0,1.0,2.0,1.0,717.0065079310345,369.8078079310345,304.9655079310345,163.6118079310345,0.0,0.0,19899.9,68615.0,1.0,347.19870000000003,141.3537,0.0
'A02','Dreiländereck Nord',374.27,2.0,0.0,16441.5,7346.9,328.8,146.9,1.0,2.0,1.0,328.21001586206904,164.0525079310345,327.22361586206904,163.61180793103452,0.0,0.0,9094.6,181.9,1.0,164.15750793103453,163.61180793103452,0.0
'A02','Haimburg Nord',279.17,0.0,2.0,11177.6,11177.6,22981.1,22981.1,0.0,0.0,0.0,0.0,0.0,42.22709999999995,42.22709999999995,111.17039999999994,111.17039999999994,0.0,0.0,0.0,0.0,0.0,0.0
'A02','Fischering',259.85,1.0,2.0,11825.6,0.0,41413.2,0.0,1.0,1.0,0.0,254.4495,0.0,130.2099,0.0,0.0,0.0,11825.6,41413.2,1.0,254.4495,130.2099,0.0
'A02','Herzogberg Süd',220.19,1.0,1.0,9308.4,0.0,54770.8,0.0,1.0,1.0,0.0,327.9242079310345,0.0,163.6118079310345,0.0,0.0,0.0,9308.4,54770.8,1.0,327.9242079310345,163.6118079310345,0.0
'A02','Grafenstein Nord',300.0,0.0,1.0,12796.6,12796.6,38159.5,38159.5,1.0,1.0,1.0,101.73999206896545,101.73999206896545,150.87329999999994,150.87329999999994,163.6118079310345,163.6118079310345,0.0,0.0,0.0,0.0,0.0,0.0
'A02','Pack',235.21,2.0,0.0,18365.199999999997,9056.8,55277.9,27315.4,1.0,1.0,1.0,120.06729206896551,120.06729206896551,159.5451,159.5451,205.3115079310345,121.42400793103448,9308.4,27962.5,0.0,0.0,0.0,83.8875
'A02','Twimberg Nord',242.44,0.0,2.0,9725.2,9725.2,14062.6,14062.6,0.0,0.0,0.0,0.0,0.0,121.42400793103448,121.42400793103448,163.6118079310345,163.6118079310345,0.0,0.0,0.0,0.0,0.0,0.0
'A02','St. Johann/Süd',113.05,1.0,2.0,16777.3,0.0,25333.7,0.0,1.0,0.0,0.0,0.0,0.0,75.69869999999986,0.0,151.69979999999987,0.0,16777.3,25333.7,0.0,0.0,75.69869999999986,151.69979999999987
'A02','Laßnitzhöhe Süd',170.65,1.0,1.0,30600.0,0.0,101286.0,0.0,1.0,1.0,0.0,303.858,0.0,0.0,0.0,0.0,0.0,30600.0,101286.0,1.0,303.858,0.0,0.0
'A02','Witzelsberg',60.84,0.0,2.0,21809.0,21809.0,45755.3,45755.3,0.0,0.0,0.0,0.0,0.0,26.345907931034475,26.345907931034475,163.6118079310345,163.6118079310345,0.0,0.0,0.0,0.0,0.0,0.0
'A02','Gleissenfeld',61.52,1.0,2.0,22784.3,0.0,47117.9,0.0,1.0,0.0,0.0,0.0,0.0,0.0,0.0,141.3537,0.0,22784.3,47117.9,0.0,0.0,0.0,141.3537
'A02','Wr. Neustadt',51.18,1.0,1.0,32210.7,0.0,76468.3,0.0,1.0,1.0,0.0,229.40490000000003,0.0,0.0,0.0,0.0,0.0,32210.7,76468.3,1.0,229.40490000000003,0.0,0.0
'A02','Pinkafeld/Ost',97.98,1.0,2.0,18238.9,0.0,41146.9,0.0,1.0,1.0,0.0,218.244,0.0,94.8033,0.0,0.0,0.0,18238.9,41146.9,1.0,218.244,94.8033,0.0
'A02','Twimberg Süd',242.34,1.0,2.0,10828.0,0.0,15440.8,0.0,1.0,0.0,0.0,0.0,0.0,83.8875,0.0,130.2099,0.0,10828.0,15440.8,-0.0,0.0,83.8875,130.2099
'A02','St. Johann/Nord',113.24,0.0,2.0,15496.1,15496.1,23988.0,23988.0,0.0,0.0,0.0,0.0,0.0,91.64780793103449,91.64780793103449,163.6118079310345,163.6118079310345,0.0,0.0,0.0,0.0,0.0,0.0
'A02','Laßnitzhöhe Nord',170.16,0.0,1.0,27978.1,27978.1,89865.7,89865.7,1.0,1.0,1.0,269.5971,269.5971,0.0,0.0,0.0,0.0,0.0,0.0,0.0,0.0,0.0,0.0
'A02','Pinkafeld/West',98.0,0.0,2.0,16285.0,16285.0,62664.7,62664.7,1.0,1.0,1.0,165.9402920689655,165.9402920689655,0.0,0.0,22.053807931034484,22.053807931034484,0.0,0.0,0.0,0.0,0.0,0.0
'A02','Schäffern Ost',86.7,1.0,1.0,19899.9,0.0,31601.1,0.0,1.0,0.0,0.0,0.0,0.0,0.0,0.0,94.8033,0.0,19899.9,31601.1,0.0,0.0,0.0,94.8033
'A02','Kaiserwald',190.77,2.0,0.0,44576.4,21735.9,181505.5,89595.3,1.0,2.0,1.0,380.9046920689655,268.7859,0.0,0.0,163.6118079310345,0.0,22840.5,91910.2,1.0,112.11879206896549,0.0,163.6118079310345
'A02','Arnwiesen',154.1,2.0,0.0,40422.2,20052.7,162774.1,81133.3,1.0,2.0,1.0,488.32230000000004,243.3999,0.0,0.0,0.0,0.0,20369.5,81640.8,1.0,244.9224,0.0,0.0
'A02','Herzogberg Nord',220.13,0.0,1.0,9056.8,9056.8,53181.7,53181.7,0.0,0.0,0.0,0.0,0.0,0.0,0.0,159.5451,159.5451,0.0,0.0,0.0,0.0,0.0,0.0
'A02','Karawankenblick/Süd',333.84,1.0,2.0,19951.9,0.0,135034.4,0.0,1.0,1.0,0.0,400.0,0.0,126.00420000000001,0.0,131.10740000000004,0.0,19951.9,135034.4,1.0,400.0,126.00420000000001,131.10740000000004
'A02','Steinfeld',50.35,0.0,1.0,30928.5,30928.5,58269.4,58269.4,1.0,1.0,1.0,148.46229206896552,148.46229206896552,0.0,0.0,26.345907931034475,26.345907931034475,0.0,0.0,0.0,0.0,0.0,0.0
'A02','Dreiländereck Süd',374.17,2.0,0.0,18399.6,8287.3,43654.4,20618.7,0.0,0.0,0.0,0.0,0.0,196.26041586206904,101.75570793103451,327.22361586206904,163.61180793103452,10112.3,23035.7,0.0,0.0,94.50470793103453,163.61180793103452
'A02','Krumpendorf/Nord',329.28,0.0,2.0,19323.8,19323.8,113160.2,113160.2,1.0,1.0,1.0,339.4806,339.4806,163.6118079310345,163.6118079310345,163.6118079310345,163.6118079310345,0.0,0.0,0.0,0.0,0.0,0.0
'A02','Gönitz/Nord',268.89,0.0,2.0,11769.0,11769.0,14075.7,14075.7,0.0,0.0,0.0,0.0,0.0,0.0,0.0,42.22709999999995,42.22709999999995,0.0,0.0,0.0,0.0,0.0,0.0
'A02','St. Ändra',262.91,0.0,2.0,11102.2,11102.2,45452.5,45452.5,1.0,1.0,1.0,299.9693079310345,299.9693079310345,163.6118079310345,163.6118079310345,0.0,0.0,0.0,0.0,0.0,0.0,0.0,0.0
'A02','Sternberg/Süd',349.01,1.0,2.0,19182.8,0.0,34068.6,0.0,1.0,0.0,0.0,0.0,0.0,0.0,0.0,102.2058,0.0,19182.8,34068.6,0.0,0.0,0.0,102.2058
'A02','Bad Blumau',134.06,1.0,1.0,18332.6,0.0,77033.5,0.0,1.0,1.0,0.0,382.8002999999999,0.0,151.69979999999987,0.0,0.0,0.0,18332.6,77033.5,1.0,382.8002999999999,151.69979999999987,0.0
'A02','Grafenstein Süd',300.0,1.0,1.0,14085.0,0.0,42001.4,0.0,1.0,0.0,0.0,0.0,0.0,0.0,0.0,126.00420000000001,0.0,14085.0,42001.4,-0.0,0.0,0.0,126.00420000000001
'A02','Federaun/Nord',361.73,0.0,2.0,16828.0,16828.0,42743.2,42743.2,1.0,1.0,1.0,190.08569999999997,190.08569999999997,163.6118079310345,163.6118079310345,101.75570793103451,101.75570793103451,0.0,0.0,0.0,0.0,0.0,0.0
'A02','Hainersdorf',133.87,0.0,1.0,16894.1,16894.1,69705.2,69705.2,1.0,1.0,1.0,372.72740793103446,372.72740793103446,163.6118079310345,163.6118079310345,0.0,0.0,0.0,0.0,0.0,0.0,0.0,0.0
'A02','Sternberg/Nord',349.03,0.0,2.0,18402.9,18402.9,32757.2,32757.2,0.0,0.0,0.0,0.0,0.0,65.34020793103448,65.34020793103448,163.6118079310345,163.6118079310345,0.0,0.0,0.0,0.0,0.0,0.0
'A02','Guntramsdorf',14.43,2.0,0.0,104884.29999999999,52598.2,302696.1,151798.4,1.0,2.0,1.0,641.6138841379311,308.7605920689655,0.0,0.0,266.47441586206895,146.6346079310345,52286.1,150897.7,1.0,332.85329206896563,0.0,119.83980793103444
'A03','Hornstein',28.0,2.0,0.0,36474.399999999994,18204.1,204256.5,101943.0,1.0,2.0,1.0,612.7695,305.829,0.0,0.0,0.0,0.0,18270.3,102313.5,1.0,306.9405,0.0,0.0
'A04','Parndorf',46.23,1.0,2.0,24533.5,0.0,89252.8,0.0,1.0,1.0,0.0,267.75839999999994,0.0,163.6118079310345,0.0,163.61180793103458,0.0,24533.5,89252.8,1.0,267.75839999999994,163.6118079310345,163.61180793103458
'A04','Göttlesbrunn',28.04,2.0,0.0,63242.4,30845.4,71250.9,35225.4,-0.0,0.0,-0.0,0.0,0.0,87.44200793103448,31.9067,301.1947079310345,137.5829,32397.0,36025.5,-0.0,0.0,55.53530793103448,163.6118079310345
'A04','Maria Ellend',22.48,1.0,1.0,32397.0,0.0,145657.1,0.0,1.0,1.0,0.0,381.43599206896556,0.0,0.0,0.0,55.53530793103448,0.0,32397.0,145657.1,1.0,381.43599206896556,0.0,55.53530793103448
'A04','Nickelsdorf Süd',64.65,0.0,0.0,12000.0,12000.0,42336.0,42336.0,1.0,1.0,1.0,290.61980793103453,290.61980793103453,163.61180793103455,163.61180793103455,0.0,0.0,0.0,0.0,0.0,0.0,0.0,0.0
'A04','Nickelsdorf Nord',64.97,1.0,0.0,13000.0,0.0,48724.0,0.0,1.0,1.0,0.0,309.7838079310346,0.0,163.61180793103458,0.0,0.0,0.0,13000.0,48724.0,1.0,309.7838079310346,163.61180793103458,0.0
'A04','Simmering',2.45,0.0,0.0,43525.9,43525.9,21327.7,21327.7,-0.0,0.0,-0.0,0.0,0.0,0.0,0.0,63.9831,63.9831,0.0,0.0,0.0,0.0,0.0,0.0
'A04','Fischamend',22.33,0.0,1.0,30845.4,30845.4,122641.2,122641.2,1.0,1.0,1.0,400.0,400.0,63.9831,63.9831,31.9067,31.9067,0.0,0.0,0.0,0.0,0.0,0.0
'A04','Neusiedl',47.01,0.0,2.0,22936.9,22936.9,87022.7,87022.7,1.0,1.0,1.0,235.03919206896546,235.03919206896546,137.5829,137.5829,163.61180793103455,163.61180793103455,0.0,0.0,0.0,0.0,0.0,0.0
'A05','Hochleithen',10.63,2.0,0.0,35417.0,17911.1,75296.5,38078.9,1.0,2.0,1.0,225.8895,114.23670000000001,0.0,0.0,0.0,0.0,17505.9,37217.6,1.0,111.6528,0.0,0.0
'A06','Potzneusiedl',10.8,2.0,0.0,21270.7,10794.7,45944.7,23316.6,1.0,2.0,1.0,137.83409999999998,69.9498,0.0,0.0,0.0,0.0,10476.0,22628.1,1.0,67.8843,0.0,0.0
'A07','Denk',25.76,0.0,1.0,19957.2,19957.2,102819.3,102819.3,1.0,1.0,1.0,308.4579,308.4579,0.0,0.0,0.0,0.0,0.0,0.0,0.0,0.0,0.0,0.0
'A07','Engerwitzdorf',25.71,1.0,1.0,19668.0,0.0,101132.9,0.0,1.0,1.0,0.0,303.39869999999996,0.0,0.0,0.0,0.0,0.0,19668.0,101132.9,1.0,303.39869999999996,0.0,0.0
'A08','Suben West',74.77,1.0,0.0,12508.9,0.0,45031.9,0.0,1.0,1.0,0.0,298.7075079310345,0.0,163.61180793103452,0.0,0.0,0.0,12508.9,45031.9,1.0,298.7075079310345,163.61180793103452,0.0
'A08','Oberham/Süd',16.76,1.0,2.0,24268.0,0.0,80521.1,0.0,1.0,1.0,0.0,122.12139206896549,0.0,1.0884,0.0,120.53030793103454,0.0,24268.0,80521.1,1.0,122.12139206896549,1.0884,120.53030793103454
'A08','Voralpenkreuz',0.17,2.0,0.0,22077.6,11405.9,750.6,387.8,0.0,0.0,-0.0,0.0,0.0,0.0,0.0,2.2518000000000002,1.1634,10671.7,362.8,-0.0,0.0,0.0,1.0884
'A08','Oberham/Nord',18.32,0.0,2.0,26226.5,26226.5,95202.1,95202.1,1.0,1.0,1.0,286.76970000000006,286.76970000000006,1.1634,1.1634,0.0,0.0,0.0,0.0,0.0,0.0,0.0,0.0
'A08','Gotthaming',43.74,0.0,2.0,17566.8,17566.8,34887.7,34887.7,0.0,0.0,0.0,0.0,0.0,0.0,0.0,104.66309999999996,104.66309999999996,0.0,0.0,0.0,0.0,0.0,0.0
'A08','Kematen/Nord',24.85,0.0,2.0,21055.7,21055.7,27498.7,27498.7,0.0,0.0,0.0,0.0,0.0,0.0,0.0,82.4961,82.4961,0.0,0.0,0.0,0.0,0.0,0.0
'A08','Renhartsberg',44.47,1.0,2.0,14652.4,0.0,31238.9,0.0,1.0,0.0,0.0,0.0,0.0,0.0,0.0,93.7167,0.0,14652.4,31238.9,0.0,0.0,0.0,93.7167
'A08','Aistersheim',33.81,2.0,0.0,36618.5,19539.4,79864.29999999999,35014.7,1.0,2.0,1.0,485.70080793103455,187.5402,246.10790793103456,82.4961,0.0,0.0,17079.1,44849.6,1.0,298.1606079310345,163.61180793103455,0.0
'A08','Murau Ost',56.88,0.0,1.0,17830.8,17830.8,46859.4,46859.4,1.0,1.0,1.0,245.24129999999997,245.24129999999997,104.66309999999996,104.66309999999996,0.0,0.0,0.0,0.0,0.0,0.0,0.0,0.0
'A08','Dietrichshofen/Ost',72.06,0.0,2.0,15138.3,15138.3,45959.9,45959.9,1.0,1.0,1.0,137.8797,137.8797,0.0,0.0,0.0,0.0,0.0,0.0,0.0,0.0,0.0,0.0
'A08','Murau West',56.77,1.0,1.0,15380.1,0.0,37835.1,0.0,1.0,1.0,0.0,43.61019206896549,0.0,93.7167,0.0,163.61180793103452,0.0,15380.1,37835.1,1.0,43.61019206896549,93.7167,163.61180793103452
'A08','Schnittering/Süd',20.68,1.0,2.0,18316.9,0.0,14360.5,0.0,1.0,0.0,0.0,0.0,0.0,120.53030793103454,0.0,163.61180793103455,0.0,18316.9,14360.5,-0.0,0.0,120.53030793103454,163.61180793103455
'A09','Rottenmann/Nord',77.91,1.0,2.0,11788.4,0.0,28174.2,0.0,1.0,1.0,0.0,186.25899206896554,0.0,161.202,0.0,59.46560793103448,0.0,11788.4,28174.2,1.0,186.25899206896554,161.202,59.46560793103448
'A09','Übelbach 2',154.24,0.0,2.0,11971.7,11971.7,8787.3,8787.3,0.0,0.0,0.0,0.0,0.0,137.24990793103453,137.24990793103453,163.6118079310345,163.6118079310345,0.0,0.0,0.0,0.0,0.0,0.0
'A09','Kammern Nord',121.18,1.0,2.0,12700.9,0.0,73842.8,0.0,1.0,1.0,0.0,385.14020793103447,0.0,163.61180793103446,0.0,0.0,0.0,12700.9,73842.8,1.0,385.14020793103447,163.61180793103446,0.0
'A09','Ortnerhof/West',135.65,1.0,2.0,14001.2,0.0,40295.5,0.0,1.0,0.0,0.0,0.0,0.0,0.6096,0.0,121.49609999999979,0.0,14001.2,40295.5,-0.0,0.0,0.6096,121.49609999999979
'A09','Gralla West',211.06,0.0,0.0,20457.8,20457.8,76021.3,76021.3,1.0,1.0,1.0,391.6757079310345,391.6757079310345,163.6118079310345,163.6118079310345,0.0,0.0,0.0,0.0,0.0,0.0,0.0,0.0
'A09','Straß West',225.02,0.0,2.0,11166.0,11166.0,31175.4,31175.4,1.0,1.0,1.0,93.5262,93.5262,0.0,0.0,0.0,0.0,0.0,0.0,0.0,0.0,0.0,0.0
'A09','Kleintal',150.57,0.0,2.0,11971.7,11971.7,27319.4,27319.4,0.0,0.0,0.0,0.0,0.0,55.29170793103452,55.29170793103452,137.24990793103453,137.24990793103453,0.0,0.0,0.0,0.0,0.0,0.0
'A09','Maisdorf/West',12.73,0.0,2.0,10766.5,10766.5,27411.5,27411.5,0.0,0.0,0.0,0.0,0.0,0.0,0.0,82.2345,82.2345,0.0,0.0,0.0,0.0,0.0,0.0
'A09','Kalwang',106.26,0.0,1.0,10938.5,10938.5,26755.6,26755.6,1.0,1.0,1.0,181.9158,181.9158,163.6118079310345,163.6118079310345,61.96280793103449,61.96280793103449,0.0,0.0,0.0,0.0,0.0,0.0
'A09','Ardning West',66.04,0.0,2.0,7526.8,7526.8,16559.0,16559.0,-0.0,0.0,-0.0,0.0,0.0,89.3121,89.3121,138.9891,138.9891,0.0,0.0,0.0,0.0,0.0,0.0
'A09','Feldkirchen',186.97,1.0,2.0,29468.6,0.0,147461.0,0.0,1.0,1.0,0.0,400.0,0.0,121.22880793103451,0.0,163.6118079310345,0.0,29468.6,147461.0,1.0,400.0,121.22880793103451,163.6118079310345
'A09','Rottenmann/Süd',78.18,0.0,2.0,11271.6,11271.6,27367.4,27367.4,1.0,1.0,1.0,160.65069206896553,160.65069206896553,138.9891,138.9891,60.44060793103449,60.44060793103449,0.0,0.0,0.0,0.0,0.0,0.0
'A09','Premstätten',192.48,0.0,1.0,29891.5,29891.5,139593.3,139593.3,1.0,1.0,1.0,400.0000000000002,400.0000000000002,144.83190793103472,144.83190793103472,163.6118079310345,163.6118079310345,0.0,0.0,0.0,0.0,0.0,0.0
'A09','Gaishorn',92.11,1.0,1.0,12223.7,0.0,15670.8,0.0,1.0,0.0,0.0,0.0,0.0,116.59940793103446,0.0,163.61180793103446,0.0,12223.7,15670.8,0.0,0.0,116.59940793103446,163.61180793103446
'A09','St. Michael',135.01,0.0,2.0,13232.9,13232.9,36390.6,36390.6,1.0,1.0,1.0,245.259,245.259,163.6118079310345,163.6118079310345,27.52460793103452,27.52460793103452,0.0,0.0,0.0,0.0,0.0,0.0
'A09','Maisdorf/Ost',12.66,1.0,2.0,12209.9,0.0,30915.5,0.0,1.0,0.0,0.0,0.0,0.0,0.0,0.0,92.7465,0.0,12209.9,30915.5,0.0,0.0,0.0,92.7465
'A09','Eggenfeld',169.13,0.0,2.0,22115.1,22115.1,31757.3,31757.3,-0.0,0.0,-0.0,0.0,0.0,49.56000793103472,49.56000793103472,144.83190793103472,144.83190793103472,0.0,0.0,0.0,0.0,0.0,0.0
'A09','Kammern Süd',121.26,2.0,0.0,23995.199999999997,11294.3,34086.2,33883.0,0.0,0.0,0.0,0.0,0.0,61.96280793103449,61.96280793103449,164.2214079310345,163.6118079310345,12700.9,203.2,-0.0,0.0,0.0,0.6096
'A09','Trieben',85.7,2.0,0.0,23072.4,10848.7,35361.1,16316.5,-0.0,0.0,-0.0,0.0,0.0,119.90621586206896,60.44060793103449,225.98951586206897,109.39010793103449,12223.7,19044.6,0.0,0.0,59.46560793103448,116.59940793103446
'A09','Gralla Ost',211.45,1.0,0.0,22788.5,0.0,68046.3,0.0,1.0,1.0,0.0,204.1389,0.0,0.0,0.0,0.0,0.0,22788.5,68046.3,1.0,204.1389,0.0,0.0
'A09','Pyhrn-Priel West',55.04,0.0,1.0,7968.6,7968.6,29770.7,29770.7,0.0,0.0,0.0,0.0,0.0,0.0,0.0,89.3121,89.3121,0.0,0.0,0.0,0.0,0.0,0.0
'A09','Thalerhof',196.52,1.0,2.0,25429.7,0.0,48570.7,0.0,1.0,1.0,0.0,309.32390793103446,0.0,163.6118079310345,0.0,0.0,0.0,25429.7,48570.7,1.0,309.32390793103446,163.6118079310345,0.0
'A09','Übelbach 1',154.16,1.0,2.0,13465.8,0.0,40020.3,0.0,1.0,1.0,0.0,210.9101920689653,0.0,149.13899999999978,0.0,58.289707931034506,0.0,13465.8,40020.3,1.0,210.9101920689653,149.13899999999978,58.289707931034506
'A09','Deutschfeistritz',161.95,2.0,0.0,25437.5,11971.7,39440.100000000006,18460.4,1.0,1.0,1.0,169.43299999999977,169.43299999999977,221.901515862069,163.6118079310345,170.7888158620692,49.56000793103472,13465.8,20979.7,0.0,0.0,58.289707931034506,121.22880793103451
'A09','St. Pankraz',36.36,2.0,0.0,20088.3,9088.3,95091.4,42951.4,1.0,2.0,1.0,460.25520000000006,211.08870000000002,174.981,82.2345,0.0,0.0,11000.0,52140.0,1.0,249.1665,92.7465,0.0
'A09','Ardning Ost',65.96,1.0,2.0,9076.7,0.0,53734.0,0.0,1.0,0.0,0.0,0.0,0.0,0.0,0.0,161.202,0.0,9076.7,53734.0,0.0,0.0,0.0,161.202
'A09','Hinterlainsach/Ost',139.16,0.0,2.0,11151.5,11151.5,9255.7,9255.7,-0.0,0.0,-0.0,0.0,0.0,27.52460793103452,27.52460793103452,55.29170793103452,55.29170793103452,0.0,0.0,0.0,0.0,0.0,0.0
'A09','Hinterlainsach/West',139.3,1.0,2.0,12622.3,0.0,9214.3,0.0,1.0,0.0,0.0,0.0,0.0,121.49609999999979,0.0,149.13899999999978,0.0,12622.3,9214.3,-0.0,0.0,121.49609999999979,149.13899999999978
'A09','Treglwang',94.03,0.0,2.0,10848.7,10848.7,18073.9,18073.9,0.0,0.0,0.0,0.0,0.0,109.39010793103449,109.39010793103449,163.6118079310345,163.6118079310345,0.0,0.0,0.0,0.0,0.0,0.0
'A10','Buchberg',46.5,0.0,2.0,35799.0,35799.0,44104.4,44104.4,-0.0,0.0,-0.0,0.0,0.0,0.0,0.0,132.3132,132.3132,0.0,0.0,0.0,0.0,0.0,0.0
'A10','Seeboden',141.72,1.0,2.0,20457.0,0.0,64644.1,0.0,1.0,1.0,0.0,347.55959999999993,0.0,163.6118079310345,0.0,9.984507931034557,0.0,20457.0,64644.1,1.0,347.55959999999993,163.6118079310345,9.984507931034557
'A10','Rohr',71.25,0.0,2.0,21809.0,21809.0,52036.3,52036.3,1.0,1.0,1.0,158.1501,158.1501,2.0412,2.0412,0.0,0.0,0.0,0.0,0.0,0.0,0.0,0.0
'A10','Lanschütz',100.6,1.0,1.0,18238.9,0.0,75910.2,0.0,1.0,1.0,0.0,391.3424079310345,0.0,163.6118079310345,0.0,0.0,0.0,18238.9,75910.2,1.0,391.3424079310345,163.6118079310345,0.0
'A10','Wolfsberg',142.25,0.0,2.0,18559.6,18559.6,60615.7,60615.7,1.0,1.0,1.0,315.8832,315.8832,134.03609999999998,134.03609999999998,0.0,0.0,0.0,0.0,0.0,0.0,0.0,0.0
'A10','Hohenwerfen',40.34,0.0,2.0,35799.0,35799.0,82481.0,82481.0,1.0,1.0,1.0,247.443,247.443,0.0,0.0,0.0,0.0,0.0,0.0,0.0,0.0,0.0,0.0
'A10','Eben Nord',59.32,2.0,0.0,63139.2,30928.5,1389.0,680.4,-0.0,0.0,-0.0,0.0,0.0,161.4860079310345,0.0,165.6530079310345,2.0412,32210.7,708.6,-0.0,0.0,161.4860079310345,163.6118079310345
'A10','Untersberg/Ost',4.37,1.0,2.0,76136.3,0.0,66543.1,0.0,1.0,1.0,0.0,199.62930000000003,0.0,0.0,0.0,0.0,0.0,76136.3,66543.1,1.0,199.62930000000003,0.0,0.0
'A10','Bruderloch',17.53,1.0,2.0,52276.1,0.0,137590.6,0.0,1.0,1.0,0.0,400.0,0.0,0.0,0.0,12.771799999999985,0.0,52276.1,137590.6,1.0,400.0,0.0,12.771799999999985
'A10','Lungau',97.91,0.0,0.0,16285.0,16285.0,59016.9,59016.9,1.0,1.0,1.0,111.70419206896545,111.70419206896545,98.26529999999994,98.26529999999994,163.6118079310345,163.6118079310345,0.0,0.0,0.0,0.0,0.0,0.0
'A10','Eisentratten',125.92,2.0,0.0,35113.7,16584.5,138510.4,44678.7,0.0,1.0,0.0,117.88329206896549,0.0,0.0,0.0,297.64790793103447,134.03609999999998,18529.2,93831.7,1.0,117.88329206896549,0.0,163.6118079310345
'A10','Feistritz an der Drau',162.01,2.0,0.0,49887.4,24538.2,136114.1,96975.0,1.0,2.0,1.0,571.9541079310345,290.925,163.61180793103455,0.0,0.0,0.0,25349.2,39139.1,1.0,281.02910793103456,163.61180793103455,0.0
'A10','Tauernalm',79.79,2.0,0.0,39077.4,19177.5,114225.4,32755.1,0.0,1.0,0.0,244.41090000000003,0.0,163.6118079310345,0.0,261.8771079310344,98.26529999999994,19899.9,81470.3,1.0,244.41090000000003,163.6118079310345,163.6118079310345
'A10','Rennweg',112.45,0.0,2.0,15465.3,15465.3,44973.1,44973.1,1.0,1.0,1.0,298.5311079310345,298.5311079310345,163.6118079310345,163.6118079310345,0.0,0.0,0.0,0.0,0.0,0.0,0.0,0.0
'A10','Eben Süd',59.21,2.0,0.0,63139.2,30928.5,274783.69999999995,78620.4,1.0,3.0,1.0,958.7900999999999,368.1744,295.9250079310345,132.3132,161.4860079310345,0.0,32210.7,196163.3,2.0,590.6157,163.6118079310345,161.4860079310345
'A10','Golling West',28.82,0.0,0.0,47112.4,47112.4,231227.9,231227.9,1.0,2.0,2.0,693.6837,693.6837,0.0,0.0,0.0,0.0,0.0,0.0,0.0,0.0,0.0,0.0
'A10','Kamering',154.29,1.0,2.0,20369.6,0.0,51209.1,0.0,1.0,0.0,0.0,0.0,0.0,9.984507931034557,0.0,163.61180793103455,0.0,20369.6,51209.1,0.0,0.0,9.984507931034557,163.61180793103455
'A10','Glanegg/West',4.28,0.0,2.0,79078.4,79078.4,67691.1,67691.1,1.0,1.0,1.0,203.07330000000002,203.07330000000002,0.0,0.0,0.0,0.0,0.0,0.0,0.0,0.0,0.0,0.0
'A10','Golling Ost',28.76,1.0,0.0,47115.8,0.0,105822.1,0.0,1.0,1.0,0.0,166.62629206896554,0.0,12.771799999999985,0.0,163.6118079310345,0.0,47115.8,105822.1,1.0,166.62629206896554,12.771799999999985,163.6118079310345
'A11','Rosegg',9.04,2.0,0.0,157427.0,79388.1,251695.6,143533.7,1.0,3.0,2.0,830.6011000000001,430.60110000000003,75.51429999999999,0.0,0.0,0.0,78038.9,108161.9,1.0,400.0,75.51429999999999,0.0
'A11','St. Niklas/Nord',2.11,1.0,2.0,76136.3,0.0,32129.5,0.0,1.0,1.0,0.0,20.87420000000003,0.0,0.0,0.0,75.51429999999999,0.0,76136.3,32129.5,1.0,20.87420000000003,0.0,75.51429999999999
'A12','Haiming Süd',118.5,1.0,2.0,18529.2,0.0,56328.7,0.0,1.0,1.0,0.0,244.3827,0.0,75.3966,0.0,0.0,0.0,18529.2,56328.7,1.0,244.3827,75.3966,0.0
'A12','Telfs Süd',103.3,1.0,2.0,16777.2,0.0,25132.2,0.0,1.0,0.0,0.0,0.0,0.0,0.0,0.0,75.3966,0.0,16777.2,25132.2,0.0,0.0,0.0,75.3966
'A12','Imst Süd',133.49,1.0,2.0,18332.6,0.0,54961.1,0.0,1.0,1.0,0.0,164.8833,0.0,0.0,0.0,0.0,0.0,18332.6,54961.1,1.0,164.8833,0.0,0.0
'A12','Langkampfen Süd',9.32,1.0,2.0,77953.1,0.0,145304.6,0.0,1.0,1.0,0.0,272.30199206896555,0.0,0.0,0.0,163.6118079310345,0.0,77953.1,145304.6,1.0,272.30199206896555,0.0,163.6118079310345
'A12','Vomp',50.47,1.0,0.0,32210.7,0.0,91607.3,0.0,1.0,1.0,0.0,400.0,0.0,163.61180793103472,0.0,38.433707931034746,0.0,32210.7,91607.3,1.0,400.0,163.61180793103472,38.433707931034746
'A12','Kronburg Zams',142.7,0.0,2.0,18559.6,18559.6,26688.7,26688.7,1.0,1.0,1.0,169.86940793103446,169.86940793103446,89.80330793103445,89.80330793103445,0.0,0.0,0.0,0.0,0.0,0.0,0.0,0.0
'A12','Volders/Karlskirche',64.18,1.0,2.0,22784.3,0.0,41831.9,0.0,1.0,1.0,0.0,251.47810793103477,0.0,125.98240793103476,0.0,0.0,0.0,22784.3,41831.9,1.0,251.47810793103477,125.98240793103476,0.0
'A12','Zirl-Inzing',91.77,0.0,1.0,16285.0,16285.0,18760.3,18760.3,1.0,1.0,1.0,165.53520000000594,165.53520000000594,163.6118079310345,163.6118079310345,54.357507931028536,54.357507931028536,0.0,0.0,0.0,0.0,0.0,0.0
'A12','Angath Süd',14.1,2.0,0.0,105107.70000000001,52708.4,198731.40000000002,148637.7,1.0,2.0,1.0,707.9465999999998,400.0,163.6118079310345,0.0,51.85940793103475,45.91310000000004,52399.3,50093.7,1.0,307.94659999999976,163.6118079310345,5.946307931034712
'A12','Imst Nord',133.84,0.0,2.0,16894.1,16894.1,103087.9,103087.9,1.0,1.0,1.0,400.0,400.0,163.6118079310345,163.6118079310345,72.87550793103446,72.87550793103446,0.0,0.0,0.0,0.0,0.0,0.0
'A12','Weer',54.8,0.0,0.0,30928.5,30928.5,118085.2,118085.2,1.0,2.0,2.0,498.2635920689655,498.2635920689655,157.39929999999998,157.39929999999998,13.391307931034476,13.391307931034476,0.0,0.0,0.0,0.0,0.0,0.0
'A12','Hall in Tirol',66.28,0.0,2.0,21809.0,21809.0,50073.5,50073.5,0.0,0.0,0.0,0.0,0.0,13.391307931034476,13.391307931034476,163.6118079310345,163.6118079310345,0.0,0.0,0.0,0.0,0.0,0.0
'A12','Weer Süd',55.0,1.0,1.0,32210.7,0.0,29182.9,0.0,1.0,0.0,0.0,0.0,0.0,38.433707931034746,0.0,125.98240793103476,0.0,32210.7,29182.9,0.0,0.0,38.433707931034746,125.98240793103476
'A12','Angath Nord',14.22,2.0,0.0,104962.29999999999,52636.7,2519.1,1263.3,0.0,0.0,0.0,0.0,0.0,51.85940793103475,45.91310000000004,59.41670793103474,49.70300000000003,52325.6,1255.8,-0.0,0.0,5.946307931034712,9.713707931034712
'A12','Ampaß',72.07,0.0,0.0,21809.0,21809.0,25254.8,25254.8,1.0,1.0,1.0,236.16449999999998,236.16449999999998,163.6118079310345,163.6118079310345,3.2117079310345105,3.2117079310345105,0.0,0.0,0.0,0.0,0.0,0.0
'A12','Telfs Nord',103.33,0.0,2.0,15465.3,15465.3,23259.8,23259.8,0.0,0.0,0.0,0.0,0.0,93.83240793103451,93.83240793103451,163.6118079310345,163.6118079310345,0.0,0.0,0.0,0.0,0.0,0.0
'A12','Pettnau',95.81,2.0,0.0,34523.9,16285.0,69407.0,13158.3,0.0,1.0,0.0,168.74609999999998,0.0,54.357507931028536,54.357507931028536,93.83240793103451,93.83240793103451,18238.9,56248.7,1.0,168.74609999999998,0.0,0.0
'A12','Kematen',86.01,0.0,2.0,19177.5,19177.5,53466.7,53466.7,0.0,0.0,0.0,0.0,0.0,3.2117079310345105,3.2117079310345105,163.6118079310345,163.6118079310345,0.0,0.0,0.0,0.0,0.0,0.0
'A12','Mils',135.51,2.0,0.0,35226.7,16894.1,13049.0,5642.6,0.0,1.0,0.0,22.2192,0.0,72.87550793103446,72.87550793103446,89.80330793103445,89.80330793103445,18332.6,7406.4,1.0,22.2192,0.0,0.0
'A12','Münster Süd',36.25,1.0,1.0,41904.8,0.0,184632.7,0.0,1.0,1.0,0.0,400.0,0.0,9.713707931034712,0.0,163.61180793103472,0.0,41904.8,184632.7,1.0,400.0,9.713707931034712,163.61180793103472
'A12','Sieglanger',80.39,1.0,2.0,19899.9,0.0,64515.6,0.0,1.0,1.0,0.0,193.5468,0.0,0.0,0.0,0.0,0.0,19899.9,64515.6,1.0,193.5468,0.0,0.0
'A12','Münster Nord',35.71,0.0,1.0,39374.6,39374.6,169232.1,169232.1,1.0,1.0,1.0,400.00000000000006,400.00000000000006,49.70300000000003,49.70300000000003,157.39929999999998,157.39929999999998,0.0,0.0,0.0,0.0,0.0,0.0
'A13','Wipptalerhof Ost',22.41,1.0,2.0,18001.4,0.0,19657.5,0.0,1.0,1.0,0.0,98.77350000000001,0.0,39.801,0.0,0.0,0.0,18001.4,19657.5,1.0,98.77350000000001,39.801,0.0
'A13','Europabrücke',8.27,2.0,0.0,54017.600000000006,25838.7,57098.4,10490.5,-0.0,0.0,-0.0,0.0,0.0,96.74010000000001,96.74010000000001,268.0353,128.2116,28178.9,46607.9,-0.0,0.0,0.0,139.8237
'A13','Gries Ost',29.15,1.0,0.0,19283.1,0.0,5476.4,0.0,1.0,0.0,0.0,0.0,0.0,58.55579999999948,0.0,74.98499999999947,0.0,19283.1,5476.4,-0.0,0.0,58.55579999999948,74.98499999999947
'A13','Matrei Ost',16.95,2.0,0.0,43172.5,20298.4,13916.5,649.5,-0.0,0.0,-0.0,0.0,0.0,161.66330793103458,161.66330793103458,203.4128079310346,163.61180793103458,22874.1,13267.0,-0.0,0.0,0.0,39.801
'A13','Nößlach West',26.91,2.0,1.0,36544.3,18298.1,27961.9,15919.4,-0.0,0.0,-0.0,0.0,0.0,57.56720793103398,44.60630793103449,141.45290793103396,92.3645079310345,18246.2,12042.5,-0.0,0.0,12.960899999999484,49.08839999999948
'A13','Wipptalerhof West',22.56,0.0,2.0,18324.9,18324.9,20560.6,20560.6,1.0,1.0,1.0,180.68730000000008,180.68730000000008,163.61180793103458,163.61180793103458,44.60630793103449,44.60630793103449,0.0,0.0,0.0,0.0,0.0,0.0
'A13','Patsch',6.24,0.0,2.0,25838.7,25838.7,25787.0,25787.0,-0.0,0.0,-0.0,0.0,0.0,19.3791,19.3791,96.74010000000001,96.74010000000001,0.0,0.0,0.0,0.0,0.0,0.0
'A13','Brennersee',33.44,0.0,0.0,18184.6,18184.6,3055.0,3055.0,-0.0,0.0,-0.0,0.0,0.0,154.4468079310345,154.4468079310345,163.61180793103452,163.61180793103452,0.0,0.0,0.0,0.0,0.0,0.0
'A13','Gschleirs',14.05,1.0,2.0,22874.1,0.0,26442.4,0.0,1.0,1.0,0.0,219.1509,0.0,139.8237,0.0,0.0,0.0,22874.1,26442.4,1.0,219.1509,139.8237,0.0
'A13','Nößlach Ost',27.73,1.0,2.0,19242.8,0.0,3155.8,0.0,1.0,0.0,0.0,0.0,0.0,49.08839999999948,0.0,58.55579999999948,0.0,19242.8,3155.8,-0.0,0.0,49.08839999999948,58.55579999999948
'A13','Berg Isel',1.25,0.0,2.0,25838.7,25838.7,6459.7,6459.7,-0.0,0.0,-0.0,0.0,0.0,0.0,0.0,19.3791,19.3791,0.0,0.0,0.0,0.0,0.0,0.0
'A13','Brennerpaß',34.16,2.0,0.0,37467.7,18184.6,21940.3,2618.6,1.0,2.0,1.0,304.417707931034,171.4676079310345,238.596807931034,163.61180793103452,0.0,0.0,19283.1,19321.7,1.0,132.95009999999948,74.98499999999947,0.0
'A13','Plon',23.61,1.0,2.0,18001.4,0.0,4320.3,0.0,1.0,0.0,0.0,0.0,0.0,0.0,0.0,12.960899999999484,0.0,18001.4,4320.3,-0.0,0.0,0.0,12.960899999999484
'A13','Matrei West',16.79,0.0,0.0,20298.4,20298.4,34588.5,34588.5,1.0,1.0,1.0,70.31379206896543,70.31379206896543,128.2116,128.2116,161.66330793103458,161.66330793103458,0.0,0.0,0.0,0.0,0.0,0.0
'A13','Gries West',29.54,0.0,0.0,18184.6,18184.6,9565.1,9565.1,-0.0,0.0,-0.0,0.0,0.0,92.3645079310345,92.3645079310345,121.0598079310345,121.0598079310345,0.0,0.0,0.0,0.0,0.0,0.0
'A13','Brennersee - Fröhlich',32.6,0.0,2.0,18184.6,18184.6,11129.0,11129.0,-0.0,0.0,-0.0,0.0,0.0,121.0598079310345,121.0598079310345,154.4468079310345,154.4468079310345,0.0,0.0,0.0,0.0,0.0,0.0
'A14','Dornbirn West',15.07,1.0,2.0,27252.2,0.0,82138.3,0.0,1.0,1.0,0.0,244.32189206896555,0.0,0.0,0.0,2.093007931034464,0.0,27252.2,82138.3,1.0,244.32189206896555,0.0,2.093007931034464
'A14','Nüziders',55.2,1.0,2.0,13860.4,0.0,23146.8,0.0,1.0,1.0,0.0,177.21869999999998,0.0,107.77829999999999,0.0,0.0,0.0,13860.4,23146.8,1.0,177.21869999999998,107.77829999999999,0.0
'A14','Hohenems',24.48,2.0,0.0,56557.9,27950.2,105324.0,51484.4,1.0,1.0,1.0,318.06500793103453,318.06500793103453,165.70481586206895,163.6118079310345,163.6118079310345,0.0,28607.7,53839.6,0.0,0.0,2.093007931034464,163.6118079310345
'A14','Schlins Ost',46.85,1.0,2.0,13785.9,0.0,35926.1,0.0,1.0,0.0,0.0,0.0,0.0,0.0,0.0,107.77829999999999,0.0,13785.9,35926.1,0.0,0.0,0.0,107.77829999999999
'A14','Rankweil West',33.46,0.0,2.0,22493.7,22493.7,40398.6,40398.6,0.0,0.0,0.0,0.0,0.0,0.0,0.0,121.19579999999999,121.19579999999999,0.0,0.0,0.0,0.0,0.0,0.0
'A14','Dornbirn Ost',15.27,0.0,2.0,26498.3,26498.3,80925.7,80925.7,1.0,1.0,1.0,79.1652920689655,79.1652920689655,0.0,0.0,163.6118079310345,163.6118079310345,0.0,0.0,0.0,0.0,0.0,0.0
'A14','Schlins West',46.72,0.0,2.0,13355.7,13355.7,35419.2,35419.2,1.0,1.0,1.0,227.4534,227.4534,121.19579999999999,121.19579999999999,0.0,0.0,0.0,0.0,0.0,0.0,0.0,0.0
'A14','Rankweil Ost',33.82,1.0,2.0,21626.3,0.0,40397.8,0.0,1.0,1.0,0.0,284.8052079310345,0.0,163.6118079310345,0.0,0.0,0.0,21626.3,40397.8,1.0,284.8052079310345,163.6118079310345,0.0
'A21','Sparbach',26.99,1.0,2.0,23869.6,0.0,33560.6,0.0,1.0,1.0,0.0,173.82030000000003,0.0,73.13850000000004,0.0,0.0,0.0,23869.6,33560.6,1.0,173.82030000000003,73.13850000000004,0.0
'A21','Hinterbrühl',26.99,0.0,1.0,21466.1,21466.1,52849.5,52849.5,1.0,1.0,1.0,158.5485,158.5485,0.0,0.0,0.0,0.0,0.0,0.0,0.0,0.0,0.0,0.0
'A21','Dornbach',19.96,1.0,2.0,23086.6,0.0,24379.5,0.0,1.0,0.0,0.0,0.0,0.0,0.0,0.0,73.13850000000004,0.0,23086.6,24379.5,0.0,0.0,0.0,73.13850000000004
'A21','Alland',14.68,2.0,0.0,44161.6,21084.0,129658.5,61902.7,1.0,2.0,1.0,388.9755,185.7081,0.0,0.0,0.0,0.0,23077.6,67755.8,1.0,203.2674,0.0,0.0
'A22','Korneuburg Ost',18.12,0.0,0.0,31493.9,31493.9,114134.0,114134.0,1.0,1.0,1.0,342.402,342.402,0.0,0.0,0.0,0.0,0.0,0.0,0.0,0.0,0.0,0.0
'A22','Stockerau',28.09,1.0,0.0,29258.4,0.0,58809.4,0.0,1.0,1.0,0.0,176.4282,0.0,0.0,0.0,0.0,0.0,29258.4,58809.4,1.0,176.4282,0.0,0.0
'A22','Korneuburg West',18.04,1.0,0.0,31303.8,0.0,112944.0,0.0,1.0,1.0,0.0,338.832,0.0,0.0,0.0,0.0,0.0,31303.8,112944.0,1.0,338.832,0.0,0.0
'A25','Sinnersdorf/Nord',5.97,0.0,2.0,27000.0,27000.0,32238.0,32238.0,0.0,0.0,-0.0,0.0,0.0,0.0,0.0,96.714,96.714,0.0,0.0,0.0,0.0,0.0,0.0
'A25','Sinnersdorf/Süd',6.11,1.0,2.0,25000.0,0.0,30550.0,0.0,1.0,0.0,0.0,0.0,0.0,0.0,0.0,91.65,0.0,25000.0,30550.0,-0.0,0.0,0.0,91.65
'A25','Wels',13.06,2.0,0.0,52458.0,27060.0,53541.6,18238.4,1.0,2.0,1.0,409.61400000000003,212.05440000000002,248.9892,157.3392,0.0,0.0,25398.0,35303.2,1.0,197.5596,91.65,0.0
'A25','Traunau/Nord',9.69,0.0,2.0,27161.9,27161.9,20208.4,20208.4,0.0,0.0,-0.0,0.0,0.0,96.714,96.714,157.3392,157.3392,0.0,0.0,0.0,0.0,0.0,0.0
'S01','Schwechat',9.85,2.0,0.0,69313.20000000001,35128.3,136547.0,69202.8,1.0,2.0,1.0,409.641,207.60840000000002,0.0,0.0,0.0,0.0,34184.9,67344.2,1.0,202.0326,0.0,0.0
'S01','Deutsch Wagram',39.05,2.0,0.0,30874.5,15600.9,180307.3,91109.5,1.0,2.0,1.0,540.9219,273.3285,0.0,0.0,0.0,0.0,15273.6,89197.8,1.0,267.59340000000003,0.0,0.0
'S04','Pöttsching',5.43,2.0,0.0,20490.1,10314.1,22252.2,11201.1,1.0,2.0,1.0,66.7566,33.603300000000004,0.0,0.0,0.0,0.0,10176.0,11051.1,1.0,33.1533,0.0,0.0
'S05','Zaina',6.3,0.0,2.0,16321.8,16321.8,20565.4,20565.4,0.0,0.0,-0.0,0.0,0.0,0.0,0.0,61.696200000000005,61.696200000000005,0.0,0.0,0.0,0.0,0.0,0.0
'S05','Grafenwörth',32.85,2.0,0.0,24009.4,12017.9,142599.5,63815.2,1.0,2.0,1.0,489.49469999999997,253.1418,61.696200000000005,61.696200000000005,0.0,0.0,11991.5,78784.3,1.0,236.3529,0.0,0.0
'S06','Schwöbing Süd',48.57,1.0,0.0,9245.4,0.0,46226.9,0.0,1.0,1.0,0.0,260.0679,0.0,121.3872,0.0,0.0,0.0,9245.4,46226.9,1.0,260.0679,121.3872,0.0
'S06','Gloggnitz Süd',17.81,1.0,2.0,7838.2,0.0,22871.9,0.0,1.0,0.0,0.0,0.0,0.0,25.6827,0.0,94.2984,0.0,7838.2,22871.9,-0.0,0.0,25.6827,94.2984
'S06','Schwöbing Nord',48.55,0.0,0.0,9208.4,9208.4,46005.1,46005.1,1.0,1.0,1.0,258.7026000000001,258.7026000000001,120.68730000000004,120.68730000000004,0.0,0.0,0.0,0.0,0.0,0.0,0.0,0.0
'S06','St. Marein',68.99,0.0,0.0,11881.3,11881.3,48570.8,48570.8,1.0,1.0,1.0,145.7124,145.7124,0.0,0.0,0.0,0.0,0.0,0.0,0.0,0.0,0.0,0.0
'S06','Gloggnitz Nord',18.44,0.0,2.0,7830.9,7830.9,23837.2,23837.2,-0.0,0.0,-0.0,0.0,0.0,25.0722,25.0722,96.58380000000004,96.58380000000004,0.0,0.0,0.0,0.0,0.0,0.0
'S06','Kapfenberg Süd',72.45,1.0,0.0,12525.6,0.0,59822.4,0.0,1.0,1.0,0.0,179.46720000000002,0.0,0.0,0.0,0.0,0.0,12525.6,59822.4,1.0,179.46720000000002,0.0,0.0
'S06','Schottwien',23.57,2.0,0.0,15669.099999999999,7830.9,17064.1,8034.5,-0.0,0.0,-0.0,0.0,0.0,190.88220000000004,96.58380000000004,242.07450000000006,120.68730000000004,7838.2,9029.6,-0.0,0.0,94.2984,121.3872
'S06','Natschbach',3.22,2.0,0.0,26270.699999999997,12977.3,16918.3,8357.4,-0.0,0.0,-0.0,0.0,0.0,0.0,0.0,50.7549,25.0722,13293.4,8560.9,-0.0,0.0,0.0,25.6827
'S16','Klösterle',44.17,1.0,0.0,5086.4,0.0,25706.8,0.0,1.0,0.0,0.0,0.0,0.0,60.68070000000001,0.0,137.80110000000002,0.0,5086.4,25706.8,-0.0,0.0,60.68070000000001,137.80110000000002
'S16','Radin Nord',59.03,0.0,2.0,6040.9,6040.9,4881.1,4881.1,1.0,1.0,1.0,178.25510793103453,178.25510793103453,163.61180793103452,163.61180793103452,0.0,0.0,0.0,0.0,0.0,0.0,0.0,0.0
'S16','Innerbraz',54.99,0.0,0.0,6040.9,6040.9,43603.4,43603.4,1.0,1.0,1.0,27.769892068965504,27.769892068965504,60.5715,60.5715,163.61180793103452,163.61180793103452,0.0,0.0,0.0,0.0,0.0,0.0
'S16','Schnann',18.9,2.0,0.0,10692.4,5341.4,40417.4,20190.5,-0.0,0.0,-0.0,0.0,0.0,0.0,0.0,121.25220000000002,60.5715,5351.0,20226.9,-0.0,0.0,0.0,60.68070000000001
'S16','Radin Süd',59.01,1.0,2.0,5564.8,0.0,16516.4,0.0,1.0,1.0,0.0,187.35030000000003,0.0,137.80110000000002,0.0,0.0,0.0,5564.8,16516.4,1.0,187.35030000000003,137.80110000000002,0.0
'S31','Kobersdorf',66.91,0.0,2.0,4911.6,4911.6,65726.5,65726.5,1.0,1.0,1.0,197.1795,197.1795,0.0,0.0,0.0,0.0,0.0,0.0,0.0,0.0,0.0,0.0
'S31','Tschurndorf',68.14,1.0,2.0,4934.1,0.0,67241.8,0.0,1.0,1.0,0.0,201.7254,0.0,0.0,0.0,0.0,0.0,4934.1,67241.8,1.0,201.7254,0.0,0.0
'S33','Herzogenburg',15.69,0.0,1.0,15601.6,15601.6,43216.5,43216.5,1.0,1.0,1.0,146.3988,146.3988,16.749300000000005,16.749300000000005,0.0,0.0,0.0,0.0,0.0,0.0,0.0,0.0
'S33','Inzersdorf',15.28,1.0,1.0,15166.9,0.0,46349.9,0.0,1.0,1.0,0.0,139.0497,0.0,0.0,0.0,0.0,0.0,15166.9,46349.9,1.0,139.0497,0.0,0.0
'S33','St. Pölten Ost',1.84,0.0,0.0,15171.4,15171.4,5583.1,5583.1,0.0,0.0,-0.0,0.0,0.0,0.0,0.0,16.749300000000005,16.749300000000005,0.0,0.0,0.0,0.0,0.0,0.0
'S35','Fronleiten Ost',26.82,1.0,2.0,9725.7,0.0,52168.8,0.0,1.0,1.0,0.0,156.5064,0.0,0.0,0.0,0.0,0.0,9725.7,52168.8,1.0,156.5064,0.0,0.0
'S35','Fronleiten West',26.82,0.0,2.0,10041.7,10041.7,53863.7,53863.7,1.0,1.0,1.0,161.59109999999998,161.59109999999998,0.0,0.0,0.0,0.0,0.0,0.0,0.0,0.0,0.0,0.0
'S36','St. Marein Süd',14.97,1.0,0.0,10272.1,0.0,30754.6,0.0,1.0,0.0,0.0,0.0,0.0,0.0,0.0,92.2638,0.0,10272.1,30754.6,-0.0,0.0,0.0,92.2638
'S36','Hauswald',35.77,0.0,2.0,9884.9,9884.9,41279.5,41279.5,1.0,1.0,1.0,212.8446,212.8446,89.0061,89.0061,0.0,0.0,0.0,0.0,0.0,0.0,0.0,0.0
'S36','St. Marein Nord',14.89,0.0,0.0,9962.6,9962.6,29668.7,29668.7,0.0,0.0,-0.0,0.0,0.0,0.0,0.0,89.0061,89.0061,0.0,0.0,0.0,0.0,0.0,0.0
'S36','Strettweg',34.61,1.0,2.0,9887.4,0.0,38837.7,0.0,1.0,1.0,0.0,208.7769,0.0,92.2638,0.0,0.0,0.0,9887.4,38837.7,1.0,208.7769,92.2638,0.0
