Time of calculation: 20210907-164921; value of objective: 138.52276212812922;  acc=20;  ec=0.25;  e_tax=0.15;  cfix=50000;  cvar=10000;  eta=0.003;  cars=20;  i=0.05;  T=10
highway,name,dist_along_highway,direction,asfinag_type,traffic_flow,traffic_flow_0,energy_demand,energy_demand_0,pXi_dir,pYi_dir,pYi_dir_0,pE_charged,pE_charged_0,pE_input,pE_input_0,pE_output,pE_output_0,traffic_flow_1,energy_demand_1,pYi_dir_1,pE_charged_1,pE_input_1,pE_output_1
A1,'Parkplatz Großraum’,18630.868491944,2.0,2.0,25490.00000000002,12193.00000000001,59974.325349551305,45433.23590445468,1.0,1.0,1.0,136.29970771336406,136.29970771336406,0.0,0.0,43.62326833528987,0.0,13297.00000000001,14541.089445096624,-0.0,0.0,0.0,43.62326833528987
A1,'Steinhäusl',24098.6768115261,2.0,0.0,63195.99999999913,31485.99999999933,111561.50482266734,34431.882550071685,0.0,1.0,0.0,275.0121351530768,0.0,43.62326833528987,0.0,103.29564765021507,103.29564765021507,31709.9999999998,77129.62227259565,1.0,275.0121351530768,43.62326833528987,0.0
A1,'Kesselhof',36260.395870592,1.0,1.0,30234.999996719125,0.0,109130.9556998184,0.0,1.0,1.0,0.0,327.3928670994552,0.0,0.0,0.0,0.0,0.0,30234.999996719125,109130.9556998184,1.0,327.3928670994552,0.0,0.0
A1,'Kirchstetten',36262.0457582593,0.0,1.0,29897.99999542764,29897.99999542764,72732.0809427628,72732.0809427628,1.0,1.0,1.0,321.4918904785035,321.4918904785035,103.29564765021507,103.29564765021507,0.0,0.0,0.0,0.0,0.0,0.0,0.0,0.0
A1,'St. Pölten',54307.519355239,2.0,0.0,71148.0,35583.0,227454.84943410664,128422.41740026572,1.0,2.0,1.0,546.6523649689027,249.55506886737996,0.0,0.0,135.71218333341724,135.71218333341724,35565.0,99032.43203384092,1.0,297.0972961015228,0.0,0.0
A1,'Roggendorf',68150.1264307181,0.0,1.0,28377.0,28377.0,78562.33219617409,78562.33219617409,1.0,1.0,1.0,371.39917992193955,371.39917992193955,135.71218333341724,135.71218333341724,0.0,0.0,0.0,0.0,0.0,0.0,0.0,0.0
A1,'Schallaburg',68230.25688284212,1.0,1.0,29188.0,0.0,136934.36037638842,0.0,1.0,1.0,0.0,400.0,0.0,0.0,0.0,10.803081129165264,0.0,29188.0,136934.36037638842,1.0,400.0,0.0,10.803081129165264
A1,'Ornding',79331.7433566839,0.0,1.0,27048.0,27048.0,60488.07492270462,60488.07492270462,1.0,1.0,1.0,181.46422476811387,181.46422476811387,0.0,0.0,0.0,0.0,0.0,0.0,0.0,0.0,0.0,0.0
A1,'Ybbs',91687.56131897827,1.0,0.0,27161.40445083877,0.0,104129.25066774736,0.0,1.0,1.0,0.0,187.47864979899012,0.0,10.803081129165264,0.0,135.71218333341724,0.0,27161.40445083877,104129.25066774736,1.0,187.47864979899012,10.803081129165264,135.71218333341724
A1,'Kemmelbach',92757.6672485543,0.0,0.0,26898.000000000207,26898.000000000207,72226.10016870651,72226.10016870651,1.0,1.0,1.0,216.67830050611954,216.67830050611954,0.0,0.0,0.0,0.0,0.0,0.0,0.0,0.0,0.0,0.0
A1,'Viehdorf',110788.117558731,0.0,1.0,25545.0,25545.0,92117.57063469278,92117.57063469278,1.0,1.0,1.0,276.3527119040783,276.3527119040783,0.0,0.0,0.0,0.0,0.0,0.0,0.0,0.0,0.0,0.0
A1,'Amstetten',110856.16706177368,1.0,1.0,25407.0,0.0,56128.53142796268,0.0,1.0,1.0,0.0,304.09777761730527,0.0,135.71218333341724,0.0,0.0,0.0,25407.0,56128.53142796268,1.0,304.09777761730527,135.71218333341724,0.0
A1,'Parkplatz Zeillern’,115669.740972646,0.0,2.0,24685.0,24685.0,24100.57479449837,24100.57479449837,-0.0,0.0,-0.0,0.0,0.0,0.0,0.0,72.30172438349511,72.30172438349511,0.0,0.0,0.0,0.0,0.0,0.0
A1,'Oed',121902.04643123144,1.0,2.0,26849.692063066555,0.0,69822.67372138261,0.0,1.0,1.0,0.0,209.46802116414784,0.0,0.0,0.0,0.0,0.0,26849.692063066555,69822.67372138261,1.0,209.46802116414784,0.0,0.0
A1,'Strengberg',127419.883969473,0.0,0.0,25773.0,25773.0,60567.28709144443,60567.28709144443,1.0,1.0,1.0,254.0035856578284,254.0035856578284,72.30172438349511,72.30172438349511,0.0,0.0,0.0,0.0,0.0,0.0,0.0,0.0
A1,'Haag',134904.5556513331,1.0,0.0,28172.0,0.0,72532.38382040545,0.0,1.0,1.0,0.0,217.59715146121636,0.0,0.0,0.0,0.0,0.0,28172.0,72532.38382040545,1.0,217.59715146121636,0.0,0.0
A1,'Ennsblick',138438.777669938,0.0,2.0,27181.0,27181.0,59900.9099344678,59900.9099344678,1.0,1.0,1.0,43.99054646998616,43.99054646998616,0.0,0.0,135.71218333341724,135.71218333341724,0.0,0.0,0.0,0.0,0.0,0.0
A1,'Parkplatz Ennsdorf’,144219.521808836,0.0,2.0,26232.408315204048,26232.408315204048,30328.56812345904,30328.56812345904,1.0,1.0,1.0,172.40838028250465,172.40838028250465,135.71218333341724,135.71218333341724,54.28950742128974,54.28950742128974,0.0,0.0,0.0,0.0,0.0,0.0
A1,'Enns Süd',147777.689227296,1.0,1.0,29648.737115098505,0.0,86236.69930607454,0.0,1.0,1.0,0.0,258.71009791822365,0.0,0.0,0.0,0.0,0.0,29648.737115098505,86236.69930607454,1.0,258.71009791822365,0.0,0.0
A1,'Enns Nord',148036.797393782,0.0,1.0,29791.88732837659,29791.88732837659,22744.768825614865,22744.768825614865,-0.0,0.0,-0.0,0.0,0.0,54.28950742128974,54.28950742128974,122.52381389813434,122.52381389813434,0.0,0.0,0.0,0.0,0.0,0.0
A1,'Ansfelden Nord',162316.504436048,0.0,0.0,48225.58896718505,48225.58896718505,137729.45647842763,137729.45647842763,1.0,1.0,1.0,400.0,400.0,122.52381389813434,122.52381389813434,135.71218333341724,135.71218333341724,0.0,0.0,0.0,0.0,0.0,0.0
A1,'Ansfelden Süd',162320.75373815486,1.0,0.0,46681.64620523784,0.0,108599.64670259575,0.0,1.0,1.0,0.0,325.79894010778725,0.0,0.0,0.0,0.0,0.0,46681.64620523784,108599.64670259575,1.0,325.79894010778725,0.0,0.0
A1,'Allhaming Nord',173899.962969708,0.0,1.0,22478.0,22478.0,52074.59618392183,52074.59618392183,1.0,1.0,1.0,291.93597188518277,291.93597188518277,135.71218333341724,135.71218333341724,0.0,0.0,0.0,0.0,0.0,0.0,0.0,0.0
A1,'Allhaming Süd',173952.69643198498,1.0,1.0,22273.000000000004,0.0,132032.00498622246,0.0,1.0,1.0,0.0,396.09601495866735,0.0,0.0,0.0,0.0,0.0,22273.000000000004,132032.00498622246,1.0,396.09601495866735,0.0,0.0
A1,'Lindach Süd',203592.17135368893,1.0,0.0,24205.0,0.0,88500.71292866129,0.0,1.0,1.0,0.0,260.6706153740387,0.0,0.0,0.0,4.8315234119452555,0.0,24205.0,88500.71292866129,1.0,260.6706153740387,0.0,4.8315234119452555
A1,'Lindach Nord',203639.738600817,0.0,0.0,24091.0,24091.0,143292.1869458095,143292.1869458095,1.0,1.0,1.0,294.16437750401127,294.16437750401127,0.0,0.0,135.71218333341724,135.71218333341724,0.0,0.0,0.0,0.0,0.0,0.0
A1,'Hainbach Süd',221873.6654517392,1.0,1.0,16641.0,0.0,43626.88664049066,0.0,1.0,0.0,0.0,0.0,0.0,4.8315234119452555,0.0,135.71218333341724,0.0,16641.0,43626.88664049066,-0.0,0.0,4.8315234119452555,135.71218333341724
A1,'Hainbach Nord',222093.800281812,0.0,1.0,15023.0,15023.0,55447.073726717535,55447.073726717535,1.0,1.0,1.0,299.5294425086307,299.5294425086307,135.71218333341724,135.71218333341724,2.523962004939108,2.523962004939108,0.0,0.0,0.0,0.0,0.0,0.0
A1,'Straß',234981.9181530464,1.0,1.0,16828.674835497062,0.0,52286.93331258196,0.0,1.0,1.0,0.0,262.24856476743395,0.0,135.71218333341724,0.0,30.324418503729206,0.0,16828.674835497062,52286.93331258196,1.0,262.24856476743395,135.71218333341724,30.324418503729206
A1,'Wildenhag Nord',235066.348665036,0.0,2.0,17111.546808170722,17111.546808170722,44396.07377615938,44396.07377615938,-0.0,0.0,-0.0,0.0,0.0,2.523962004939108,2.523962004939108,135.71218333341724,135.71218333341724,0.0,0.0,0.0,0.0,0.0,0.0
A1,'Oberwang',242460.019486016,0.0,1.0,15727.0,15727.0,23256.052200310536,23256.052200310536,1.0,1.0,1.0,205.48033993434885,205.48033993434885,135.71218333341724,135.71218333341724,0.0,0.0,0.0,0.0,0.0,0.0,0.0,0.0
A1,'Mondsee',250516.989637787,2.0,0.0,31060.001681777,15727.000882328592,60471.650280388814,25342.39533715945,0.0,0.0,0.0,0.0,0.0,30.324418503729206,0.0,211.7393693448957,76.02718601147836,15333.00079944841,35129.25494322937,0.0,0.0,30.324418503729206,135.71218333341733
A1,‘Parkplatz Ölgraben’,260279.124098433,0.0,2.0,18793.0,18793.0,36691.95858378413,36691.95858378413,1.0,1.0,1.0,186.10306176283075,186.10306176283075,76.02718601147836,76.02718601147836,0.0,0.0,0.0,0.0,0.0,0.0,0.0,0.0
A1,'Vetterbach',261972.4299011484,1.0,2.0,18111.0,0.0,24972.45872010333,0.0,1.0,1.0,0.0,210.6295594937273,0.0,135.71218333341733,0.0,0.0,0.0,18111.0,24972.45872010333,1.0,210.6295594937273,135.71218333341733,0.0
A1,'Enzersberg',266135.990207015,0.0,2.0,21891.999995182963,21891.999995182963,25643.70256417291,25643.70256417291,-0.0,0.0,-0.0,0.0,0.0,0.0,0.0,76.93110769251871,76.93110769251871,0.0,0.0,0.0,0.0,0.0,0.0
A1,'Salzburger Vorland',268866.709267308,1.0,2.0,21776.0,0.0,38740.09283187072,0.0,1.0,0.0,0.0,0.0,0.0,0.0,0.0,116.22027849561223,0.0,21776.0,38740.09283187072,0.0,0.0,0.0,116.22027849561223
A1,'Söllheim',277761.8444693356,1.0,0.0,28864.53746412181,0.0,82339.63927518326,0.0,1.0,1.0,0.0,363.239196321162,0.0,116.22027849561223,0.0,0.0,0.0,28864.53746412181,82339.63927518326,1.0,363.239196321162,116.22027849561223,0.0
A1,'Kasern',279165.959129779,0.0,0.0,38922.8495638266,38922.8495638266,101432.70404041585,101432.70404041585,1.0,1.0,1.0,245.517036480349,245.517036480349,76.93110769251871,76.93110769251871,135.71218333341724,135.71218333341724,0.0,0.0,0.0,0.0,0.0,0.0
A1,'Walserberg Nord',291924.308206547,0.0,0.0,12964.000000008587,12964.000000008587,33079.84748626592,33079.84748626592,1.0,1.0,1.0,234.951725792215,234.951725792215,135.71218333341724,135.71218333341724,0.0,0.0,0.0,0.0,0.0,0.0,0.0,0.0
A1,'Walserberg Süd',292024.9587453794,1.0,0.0,14880.00000000295,0.0,866.4299233484943,0.0,1.0,1.0,0.0,2.599289770045483,0.0,0.0,0.0,0.0,0.0,14880.00000000295,866.4299233484943,1.0,2.599289770045483,0.0,0.0
A10,'Glanegg/West',1770.48717284199,0.0,2.0,30225.0,30225.0,10702.59495982983,10702.59495982983,0.0,0.0,-0.0,0.0,0.0,0.0,0.0,32.10778487948949,32.10778487948949,0.0,0.0,0.0,0.0,0.0,0.0
A10,'Untersberg/Ost',1898.0363624747013,1.0,2.0,30061.000000000004,0.0,79010.53992075191,0.0,1.0,1.0,0.0,101.31943642883849,0.0,0.0,0.0,135.71218333341724,0.0,30061.000000000004,79010.53992075191,1.0,101.31943642883849,0.0,135.71218333341724
A10,'Bruderloch',15039.738222152006,1.0,2.0,24652.0,0.0,55144.783875779045,0.0,1.0,1.0,0.0,301.14653496075437,0.0,135.71218333341724,0.0,0.0,0.0,24652.0,55144.783875779045,1.0,301.14653496075437,135.71218333341724,0.0
A10,'Golling Ost',26224.385284414508,1.0,0.0,19647.000947721,0.0,83619.98278708423,0.0,1.0,1.0,0.0,250.8599483612527,0.0,0.0,0.0,0.0,0.0,19647.000947721,83619.98278708423,1.0,250.8599483612527,0.0,0.0
A10,'Golling West',26258.7424632438,0.0,0.0,19875.000668287423,19875.000668287423,97340.81805238585,97340.81805238585,1.0,1.0,1.0,324.130239036647,324.130239036647,32.10778487948949,32.10778487948949,0.0,0.0,0.0,0.0,0.0,0.0,0.0,0.0
A10,'Werfen',37817.9338569016,0.0,2.0,18631.68277998504,18631.68277998504,43073.43744795307,43073.43744795307,1.0,1.0,1.0,88.02318017762279,88.02318017762279,0.0,0.0,41.197132166236415,41.197132166236415,0.0,0.0,0.0,0.0,0.0,0.0
A10,'Klausgraben West’,47504.5194915941,0.0,2.0,16224.0,16224.0,31431.033067450226,31431.033067450226,0.0,0.0,0.0,0.0,0.0,41.197132166236415,41.197132166236415,135.4902313685871,135.4902313685871,0.0,0.0,0.0,0.0,0.0,0.0
A10,'Klausgraben Ost’,47504.98251388223,1.0,2.0,16076.0,0.0,29740.34522214217,0.0,1.0,0.0,0.0,0.0,0.0,0.0,0.0,89.2210356664265,0.0,16076.0,29740.34522214217,0.0,0.0,0.0,89.2210356664265
A10,'Eben Nord',56754.9032721997,2.0,0.0,31317.14723412229,15997.1632592005,29666.83094409501,29595.979909721613,1.0,1.0,1.0,224.50012306258225,224.50012306258225,138.87357280692524,135.7121833334174,3.373942576628021,0.0,15319.983974921792,70.85103437339785,-0.0,0.0,3.1613894735078274,3.373942576628021
A10,'Eben Süd',56778.0270021231,2.0,0.0,31290.578291916747,15997.416619605658,62778.68389280418,73.98398827676816,-0.0,1.0,-0.0,274.1737459065009,0.0,224.7112670350136,135.4902313685871,138.87357280692524,135.7121833334174,15293.16167231109,62704.69990452741,1.0,274.1737459065009,89.2210356664265,3.1613894735078274
A10,'Rohr',68791.6930993305,0.0,2.0,10976.0,10976.0,26372.39981658969,26372.39981658969,0.0,0.0,0.0,0.0,0.0,0.0,0.0,79.11719944976906,79.11719944976906,0.0,0.0,0.0,0.0,0.0,0.0
A10,'Tauernalm',77278.9218622281,2.0,0.0,21522.867721662766,10903.654559151322,62621.10903795552,18508.36211902574,-0.0,0.0,-0.0,0.0,0.0,82.49114202639709,79.11719944976906,270.3544691402635,134.64228580684627,10619.213162511443,44112.74691892978,-0.0,0.0,3.373942576628021,135.71218333341724
A10,'Lungau',95447.7334893185,0.0,0.0,10877.0,10877.0,39524.43281357246,39524.43281357246,1.0,1.0,1.0,253.21558424756364,253.21558424756364,134.64228580684627,134.64228580684627,0.0,0.0,0.0,0.0,0.0,0.0,0.0,0.0
A10,'Lanschütz',98049.1739721768,1.0,1.0,10558.5,0.0,33491.7098286983,0.0,1.0,1.0,0.0,211.14103077308505,0.0,135.71218333341724,0.0,25.046282046427095,0.0,10558.5,33491.7098286983,1.0,211.14103077308505,135.71218333341724,25.046282046427095
A10,'Rennweg',109897.179457003,0.0,2.0,6878.0,6878.0,19876.6578731468,19876.6578731468,-0.0,0.0,-0.0,0.0,0.0,0.0,0.0,59.629973619440214,59.629973619440214,0.0,0.0,0.0,0.0,0.0,0.0
A10,'Ried’,113909.24397676944,1.0,2.0,7303.0,0.0,13765.28940829897,0.0,1.0,0.0,0.0,0.0,0.0,25.046282046427095,0.0,66.342150271324,0.0,7303.0,13765.28940829897,-0.0,0.0,25.046282046427095,66.342150271324
A10,'Eisentratten',123333.651349287,2.0,0.0,14181.0,6877.999999999999,41606.55508905694,18483.210735025867,-0.0,0.0,-0.0,0.0,0.0,125.97212389076421,59.629973619440214,250.79178915793506,115.07960582451781,7303.0,23123.34435403108,-0.0,0.0,66.342150271324,135.71218333341724
A10,'Seeboden',139165.05238586848,1.0,2.0,14455.0,0.0,36156.36436141982,0.0,1.0,1.0,0.0,244.1812764176767,0.0,135.71218333341724,0.0,0.0,0.0,14455.0,36156.36436141982,1.0,244.1812764176767,135.71218333341724,0.0
A10,'Wolfsberg',139712.580635197,0.0,2.0,14500.0,14500.0,47498.89492913899,47498.89492913899,1.0,1.0,1.0,257.5762906119348,257.5762906119348,115.07960582451781,115.07960582451781,0.0,0.0,0.0,0.0,0.0,0.0,0.0,0.0
A10,'Kamering',151671.57758871172,1.0,2.0,14749.703862513725,0.0,22698.62801391875,0.0,1.0,0.0,0.0,0.0,0.0,0.0,0.0,68.09588404175622,0.0,14749.703862513725,22698.62801391875,-0.0,0.0,0.0,68.09588404175622
A10,'Feistritz an der Drau',159366.182248405,2.0,0.0,29679.0,14929.0,122093.03941770023,58681.72369671648,1.0,2.0,1.0,434.3750022948569,176.04517109014944,68.09588404175622,0.0,0.0,0.0,14750.0,63411.31572098375,1.0,258.3298312047075,68.09588404175622,0.0
A11,'St. Niklas/Nord',2126.475415772853,1.0,2.0,7502.999999999998,0.0,10409.086151425914,0.0,1.0,0.0,0.0,0.0,0.0,0.0,0.0,31.227258454277745,0.0,7502.999999999998,10409.086151425914,-0.0,0.0,0.0,31.227258454277745
A11,'Rosegg',9063.09153694166,2.0,0.0,9108.5,4306.5,19444.034231287984,7806.040740767851,1.0,2.0,1.0,89.55936114814169,23.418122222303555,31.227258454277745,0.0,0.0,0.0,4802.0,11637.993490520132,1.0,66.14123892583814,31.227258454277745,0.0
A12,'Langkampfen Süd',2098.380581805528,1.0,2.0,11349.585916642442,0.0,27244.807627465067,0.0,1.0,0.0,0.0,0.0,0.0,0.0,0.0,81.73442288239521,0.0,11349.585916642442,27244.807627465067,-0.0,0.0,0.0,81.73442288239521
A12,'Angath Süd',14100.9363699928,2.0,0.0,39222.99999999994,19907.99999999997,56148.108726317056,56144.28825076325,1.0,1.0,1.0,32.732494728837054,32.732494728837054,81.73442288239521,0.0,217.44625433250934,135.7003700234527,19314.99999999997,3.820475553803405,-0.0,0.0,81.73442288239521,81.74588430905662
A12,'Angath Nord',14101.9253618524,2.0,0.0,39222.99999999994,19907.99999999997,86003.91804074345,3.93776998818332,0.0,1.0,0.0,339.7458251213224,0.0,217.44625433250934,135.7003700234527,135.71218333341724,135.71218333341724,19314.99999999997,85999.98027075526,1.0,339.7458251213224,81.74588430905662,0.0
A12,'Münster Nord',35800.7780144102,0.0,1.0,18334.0,18334.0,79565.35290639894,79565.35290639894,1.0,1.0,1.0,374.40824205261407,374.40824205261407,135.71218333341724,135.71218333341724,0.0,0.0,0.0,0.0,0.0,0.0,0.0,0.0
A12,'Münster Süd',36364.41054713728,1.0,1.0,18162.0,0.0,51027.09845672941,0.0,1.0,1.0,0.0,84.07218095896152,0.0,0.0,0.0,69.0091144112267,0.0,18162.0,51027.09845672941,1.0,84.07218095896152,0.0,69.0091144112267
A12,'Vomp',50412.174685648846,1.0,0.0,24431.999999991072,0.0,22234.35630739686,0.0,1.0,0.0,0.0,0.0,0.0,69.0091144112267,0.0,135.71218333341727,0.0,24431.999999991072,22234.35630739686,-0.0,0.0,69.0091144112267,135.71218333341727
A12,'Weer',54863.9041356906,0.0,0.0,24110.000189607712,24110.000189607712,91922.39487971723,91922.39487971723,1.0,1.0,1.0,140.05500130573446,140.05500130573446,0.0,0.0,135.71218333341724,135.71218333341724,0.0,0.0,0.0,0.0,0.0,0.0
A12,'Weer Süd',54962.42769551398,1.0,1.0,24141.001987531265,0.0,44418.90300224902,0.0,1.0,1.0,0.0,133.2567090067471,0.0,135.71218333341727,0.0,135.71218333341724,0.0,24141.001987531265,44418.90300224902,1.0,133.2567090067471,135.71218333341727,135.71218333341724
A12,'Volders/Karlskirche',64162.31571697871,1.0,2.0,27543.0,0.0,89230.8737530959,0.0,1.0,1.0,0.0,400.0,0.0,135.71218333341724,0.0,3.4048045927049486,0.0,27543.0,89230.8737530959,1.0,400.0,135.71218333341724,3.4048045927049486
A12,'Hall in Tirol',66219.4051681823,0.0,2.0,28148.000000002427,28148.000000002427,63926.9286125208,63926.9286125208,1.0,1.0,1.0,327.4929691709797,327.4929691709797,135.71218333341724,135.71218333341724,0.0,0.0,0.0,0.0,0.0,0.0,0.0,0.0
A12,'Ampaß',72190.0469737862,0.0,0.0,35539.999996608014,35539.999996608014,42439.32195018204,42439.32195018204,0.0,0.0,0.0,0.0,0.0,0.0,0.0,127.31796585054613,127.31796585054613,0.0,0.0,0.0,0.0,0.0,0.0
A12,'Sieglanger',80360.78243322166,1.0,2.0,31124.79343149019,0.0,96002.72792906982,0.0,1.0,1.0,0.0,291.41298837991445,0.0,3.4048045927049486,0.0,0.0,0.0,31124.79343149019,96002.72792906982,1.0,291.41298837991445,3.4048045927049486,0.0
A12,'Kematen',85979.7305910282,0.0,2.0,27475.052704552163,27475.052704552163,75774.45683256471,75774.45683256471,1.0,1.0,1.0,354.64133634824026,354.64133634824026,127.31796585054613,127.31796585054613,0.0,0.0,0.0,0.0,0.0,0.0,0.0,0.0
A12,'Zirl-Inzing',91908.2028374514,0.0,1.0,12.040962292989608,12.040962292989608,14.27690215484344,14.27690215484344,-0.0,0.0,-0.0,0.0,0.0,0.0,0.0,0.04283070646453032,0.04283070646453032,0.0,0.0,0.0,0.0,0.0,0.0
A12,'Pettnau',95783.0097550487,2.0,0.0,110.94908174423618,55.26010321034831,126.29895509263295,42.8244460373196,-0.0,0.0,-0.0,0.0,0.0,0.04283070646453032,0.04283070646453032,0.42172757174242925,0.17130404457648915,55.68897853388787,83.47450905531335,-0.0,0.0,0.0,0.2504235271659401
A12,'Telfs Süd',103277.71618107129,1.0,2.0,13364.77793940172,0.0,40593.43969968125,0.0,1.0,1.0,0.0,122.03074262620969,0.0,0.2504235271659401,0.0,0.0,0.0,13364.77793940172,40593.43969968125,1.0,122.03074262620969,0.2504235271659401,0.0
A12,'Telfs Nord',103285.022651291,0.0,2.0,14213.46393941228,14213.46393941228,21325.917954749177,21325.917954749177,-0.0,0.0,-0.0,0.0,0.0,0.17130404457648915,0.17130404457648915,64.14905790882402,64.14905790882402,0.0,0.0,0.0,0.0,0.0,0.0
A12,'Haiming Süd',118464.44052611433,1.0,2.0,10702.0,0.0,32071.44946573905,0.0,1.0,0.0,0.0,0.0,0.0,0.0,0.0,96.21434839721697,0.0,10702.0,32071.44946573905,0.0,0.0,0.0,96.21434839721697
A12,'Imst Süd',133448.2984338601,1.0,2.0,9240.0,0.0,3679.211043330161,0.0,1.0,0.0,0.0,0.0,0.0,96.21434839721697,0.0,107.25198152720745,0.0,9240.0,3679.211043330161,-0.0,0.0,96.21434839721697,107.25198152720745
A12,'Imst Nord',133786.71793032,0.0,2.0,10262.0,10262.0,62601.679390679135,62601.679390679135,1.0,1.0,1.0,251.95409608086143,251.95409608086143,64.14905790882402,64.14905790882402,0.0,0.0,0.0,0.0,0.0,0.0,0.0,0.0
A12,'Mils',135439.213500597,2.0,0.0,19502.000000000833,10262.00000000003,21880.454342200093,3391.5819084364844,0.0,1.0,0.0,162.71859882849827,0.0,107.25198152720745,0.0,10.17474572530945,10.17474572530945,9240.000000000804,18488.87243376361,1.0,162.71859882849827,107.25198152720745,0.0
A12,'Kronburg Zams',142654.069747162,0.0,2.0,10312.0,10312.0,14879.919522915665,14879.919522915665,1.0,1.0,1.0,54.81450429405645,54.81450429405645,10.17474572530945,10.17474572530945,0.0,0.0,0.0,0.0,0.0,0.0,0.0,0.0
A13,'Patsch',6206.23253742273,0.0,2.0,21023.0,21023.0,26094.725326847616,26094.725326847616,-0.0,0.0,-0.0,0.0,0.0,0.0,0.0,78.28417598054286,78.28417598054286,0.0,0.0,0.0,0.0,0.0,0.0
A13,'Europabrücke',8216.48207038687,2.0,0.0,41638.0,21023.0,32388.52662410629,8452.295186301024,-0.0,0.0,-0.0,0.0,0.0,78.28417598054286,78.28417598054286,175.44975585286173,103.64106153944593,20615.0,23936.231437805265,-0.0,0.0,0.0,71.8086943134158
A13,'Gschleirs',14022.01964928701,1.0,2.0,14822.0,0.0,8546.704281737466,0.0,1.0,1.0,0.0,89.75375304213856,0.0,71.8086943134158,0.0,7.695054116489651,0.0,14822.0,8546.704281737466,1.0,89.75375304213856,71.8086943134158,7.695054116489651
A13,'Matrei West',16740.4669423396,0.0,0.0,15161.0,15161.0,25846.426928735076,25846.426928735076,1.0,1.0,1.0,164.52601411656343,164.52601411656343,103.64106153944593,103.64106153944593,16.654328209087712,16.654328209087712,0.0,0.0,0.0,0.0,0.0,0.0
A13,'Matrei Ost',16905.1340338969,2.0,0.0,29983.0,15161.0,16734.88229651622,499.30355502003806,-0.0,0.0,-0.0,0.0,0.0,24.349382325577363,16.654328209087712,74.55402921512604,18.152238874147827,14822.0,16235.578741496183,-0.0,0.0,7.695054116489651,56.4017903409782
A13,'Wipptalerhof Ost',22381.98558614899,1.0,2.0,10896.000000000471,0.0,2559.258804025108,0.0,1.0,0.0,0.0,0.0,0.0,56.4017903409782,0.0,64.07956675305353,0.0,10896.000000000471,2559.258804025108,0.0,0.0,56.4017903409782,64.07956675305353
A13,'Wipptalerhof West',22510.6658632038,0.0,2.0,11615.000000000608,11615.000000000608,13021.650439480618,13021.650439480618,-0.0,0.0,-0.0,0.0,0.0,18.152238874147827,18.152238874147827,57.21719019258968,57.21719019258968,0.0,0.0,0.0,0.0,0.0,0.0
A13,'Plon',23556.38848814284,1.0,2.0,10896.000000525348,0.0,9061.729580812427,0.0,1.0,0.0,0.0,0.0,0.0,64.07956675305353,0.0,91.2647554954907,0.0,10896.000000525348,9061.729580812427,-0.0,0.0,64.07956675305353,91.2647554954907
A13,'Nößlach',27714.6711516779,2.0,1.0,23614.719600115088,12027.916375220364,15947.459093046526,12518.668085194196,-0.0,0.0,-0.0,0.0,0.0,148.48194568808037,57.21719019258968,196.3243229672197,94.77319444817228,11586.803224894726,3428.791007852329,-0.0,0.0,91.2647554954907,101.55112851904744
A13,'Gries Ost',29194.281593531843,1.0,0.0,11601.99774413572,0.0,11387.018271456627,0.0,1.0,0.0,0.0,0.0,0.0,101.55112851904744,0.0,135.71218333341727,0.0,11601.99774413572,11387.018271456627,-0.0,0.0,101.55112851904744,135.71218333341727
A13,'Gries West',29475.082108025,0.0,0.0,12036.99974796117,12036.99974796117,4238.013247571624,4238.013247571624,-0.0,0.0,-0.0,0.0,0.0,94.77319444817228,94.77319444817228,107.48723419088715,107.48723419088715,0.0,0.0,0.0,0.0,0.0,0.0
A13,'Brennersee - Fröhlich',32553.8800139104,0.0,2.0,12036.999999999998,12036.999999999998,7411.89807862851,7411.89807862851,-0.0,0.0,-0.0,0.0,0.0,107.48723419088715,107.48723419088715,129.72292842677268,129.72292842677268,0.0,0.0,0.0,0.0,0.0,0.0
A13,'Brennersee',33383.1640141658,0.0,0.0,12037.0,12037.0,1996.4183022148509,1996.4183022148509,-0.0,0.0,-0.0,0.0,0.0,129.72292842677268,129.72292842677268,135.71218333341724,135.71218333341724,0.0,0.0,0.0,0.0,0.0,0.0
A13,'Brennerpaß',34101.6339834305,2.0,0.0,23639.0,12037.0,2518.35924678212,1729.6446040078497,1.0,2.0,1.0,278.97944440718084,140.9011171454408,271.42436666683454,135.71218333341724,0.0,0.0,11602.0,788.7146427742703,1.0,138.07832726174007,135.71218333341727,0.0
A14,'Hörbranz’,243.611315270031,2.0,1.0,11914.47538487758,11914.47538487758,580.5002038524873,580.5002038524873,0.0,0.0,-0.0,0.0,0.0,0.0,0.0,1.7415006115574618,1.7415006115574618,0.0,0.0,0.0,0.0,0.0,0.0
A14,'Dornbirn Ost',14950.2843690996,0.0,2.0,22911.03673497288,22911.03673497288,67389.02531710501,67389.02531710501,1.0,1.0,1.0,203.9085765628725,203.9085765628725,1.7415006115574618,1.7415006115574618,0.0,0.0,0.0,0.0,0.0,0.0,0.0,0.0
A14,'Dornbirn West',15133.748470007851,1.0,2.0,22722.016745829165,0.0,41625.833131294086,0.0,1.0,0.0,0.0,0.0,0.0,0.0,0.0,124.87749939388226,0.0,22722.016745829165,41625.833131294086,-0.0,0.0,0.0,124.87749939388226
A14,'Hohenems',24293.5500837741,2.0,0.0,53333.40958305027,26852.092271153047,99887.79432069209,50177.24661686807,1.0,2.0,1.0,424.5408823559586,150.53173985060423,124.87749939388226,0.0,0.0,0.0,26481.317311897223,49710.54770382402,1.0,274.00914250535436,124.87749939388226,0.0
A14,'Rankweil West',33309.0188255742,0.0,2.0,22794.137882745563,22794.137882745563,41099.967515634846,41099.967515634846,0.0,0.0,0.0,0.0,0.0,0.0,0.0,123.29990254690453,123.29990254690453,0.0,0.0,0.0,0.0,0.0,0.0
A14,'Rankweil Ost',33679.515879646875,1.0,2.0,21949.59270656767,0.0,56638.93075952544,0.0,1.0,1.0,0.0,102.86503777089834,0.0,0.0,0.0,67.051754507678,0.0,21949.59270656767,56638.93075952544,1.0,102.86503777089834,0.0,67.051754507678
A14,'Schlins Ost',46581.56183482721,1.0,2.0,13492.0,0.0,22886.80960857976,0.0,1.0,0.0,0.0,0.0,0.0,67.051754507678,0.0,135.71218333341727,0.0,13492.0,22886.80960857976,0.0,0.0,67.051754507678,135.71218333341727
A14,'Schlins West',46706.4427723299,0.0,2.0,13115.0,13115.0,35141.4430123402,35141.4430123402,1.0,1.0,1.0,228.72423158392513,228.72423158392513,123.29990254690453,123.29990254690453,0.0,0.0,0.0,0.0,0.0,0.0,0.0,0.0
A14,'Nüziders',55063.184132699935,1.0,2.0,13282.144454187704,0.0,16978.23001179576,0.0,1.0,1.0,0.0,186.64687336880456,0.0,135.71218333341727,0.0,0.0,0.0,13282.144454187704,16978.23001179576,1.0,186.64687336880456,135.71218333341727,0.0
A2,'Guntramsdorf',14491.7204156085,2.0,0.0,106539.06083225424,54671.885978190505,341487.50792376685,158457.9372379927,1.0,3.0,1.0,782.2472342589845,368.8707055350792,0.0,0.0,242.21528951231613,106.50310617889892,51867.174854063735,183029.57068577415,2.0,413.37652872390527,0.0,135.71218333341722
A2,'Leobersdorf',32135.78635912251,1.0,1.0,39540.0,0.0,56942.7469960044,0.0,1.0,1.0,0.0,306.54042432143046,0.0,135.71218333341722,0.0,0.0,0.0,39540.0,56942.7469960044,1.0,306.54042432143046,135.71218333341722,0.0
A2,'Triestingtal',32178.6647084555,0.0,1.0,40445.0,40445.0,143069.6923848394,143069.6923848394,1.0,1.0,1.0,400.0,400.0,106.50310617889892,106.50310617889892,135.71218333341724,135.71218333341724,0.0,0.0,0.0,0.0,0.0,0.0
A2,'Föhrenberg',39336.43721850597,1.0,0.0,39539.98215618593,0.0,93778.97588690846,0.0,1.0,1.0,0.0,145.62474432730815,0.0,0.0,0.0,135.71218333341724,0.0,39539.98215618593,93778.97588690846,1.0,145.62474432730815,0.0,135.71218333341724
A2,'Bad Fischau',41055.0424707906,0.0,0.0,37535.00000001001,37535.00000001001,66634.96786186735,66634.96786186735,1.0,1.0,1.0,335.6170869190193,335.6170869190193,135.71218333341724,135.71218333341724,0.0,0.0,0.0,0.0,0.0,0.0,0.0,0.0
A2,'Steinfeld',50293.5581403013,0.0,1.0,32434.00031526797,32434.00031526797,59928.40402750363,59928.40402750363,1.0,1.0,1.0,179.7852120825109,179.7852120825109,0.0,0.0,0.0,0.0,0.0,0.0,0.0,0.0,0.0,0.0
A2,'Wr. Neustadt',51195.19015325369,1.0,1.0,31158.00000000052,0.0,64946.245808602434,0.0,1.0,1.0,0.0,330.55092075922454,0.0,135.71218333341724,0.0,0.0,0.0,31158.00000000052,64946.245808602434,1.0,330.55092075922454,135.71218333341724,0.0
A2,'Witzelsberg',60871.6252483588,0.0,2.0,21168.0000351488,21168.0000351488,44783.30498303353,44783.30498303353,0.0,0.0,0.0,0.0,0.0,0.0,0.0,134.3499149491006,134.3499149491006,0.0,0.0,0.0,0.0,0.0,0.0
A2,'Gleissenfeld',61617.27209185715,1.0,2.0,18726.0,0.0,64345.96758390277,0.0,1.0,1.0,0.0,193.03790275170832,0.0,0.0,0.0,0.0,0.0,18726.0,64345.96758390277,1.0,193.03790275170832,0.0,0.0
A2,'Zöbern',78798.1883537131,2.0,0.0,34076.0,17853.0,89918.35315876396,64008.58622397808,1.0,1.0,1.0,326.3756736210348,326.3756736210348,134.3499149491006,134.3499149491006,77.72930080435764,0.0,16222.999999999998,25909.76693478588,0.0,0.0,0.0,77.72930080435764
A2,'Schäffern Ost',86783.69255601408,1.0,1.0,16223.0,0.0,36516.98737256809,0.0,1.0,1.0,0.0,187.28026292206192,0.0,77.72930080435764,0.0,0.0,0.0,16223.0,36516.98737256809,1.0,187.28026292206192,77.72930080435764,0.0
A2,'Pinkafeld/Ost',98038.38878130166,1.0,2.0,14325.0,0.0,21727.470606480947,0.0,1.0,0.0,0.0,0.0,0.0,0.0,0.0,65.1824118194427,0.0,14325.0,21727.470606480947,-0.0,0.0,0.0,65.1824118194427
A2,'Pinkafeld/West',98046.5759014359,0.0,2.0,15628.999999999998,15628.999999999998,60166.60979667192,60166.60979667192,1.0,1.0,1.0,177.93600870314296,177.93600870314296,0.0,0.0,2.5638206868727877,2.5638206868727877,0.0,0.0,0.0,0.0,0.0,0.0
A2,'Loipersdorf',105622.148155292,2.0,0.0,27899.0,14612.0,41927.32661100403,22138.85235466905,-0.0,0.0,-0.0,0.0,0.0,67.7462325063155,2.5638206868727877,193.52821233932758,68.98037775087994,13287.0,19788.474256334976,-0.0,0.0,65.1824118194427,124.54783458844764
A2,'St. Johann/Süd',113068.7027787336,1.0,2.0,13287.000477266132,0.0,55839.649052042776,0.0,1.0,1.0,0.0,292.06678174457596,0.0,124.54783458844764,0.0,0.0,0.0,13287.000477266132,55839.649052042776,1.0,292.06678174457596,124.54783458844764,0.0
A2,'St. Johann/Nord',113233.643056353,0.0,2.0,14612.067329295864,14612.067329295864,22243.9351941791,22243.9351941791,-0.0,0.0,-0.0,0.0,0.0,68.98037775087994,68.98037775087994,135.71218333341724,135.71218333341724,0.0,0.0,0.0,0.0,0.0,0.0
A2,'Hainersdorf',133858.629815434,0.0,1.0,16034.999999999998,16034.999999999998,66144.33253637272,66144.33253637272,1.0,1.0,1.0,334.1451809425354,334.1451809425354,135.71218333341724,135.71218333341724,0.0,0.0,0.0,0.0,0.0,0.0,0.0,0.0
A2,'Bad Blumau',134081.5902049001,1.0,1.0,14879.0,0.0,39913.51522050828,0.0,1.0,1.0,0.0,119.74054566152483,0.0,0.0,0.0,0.0,0.0,14879.0,39913.51522050828,1.0,119.74054566152483,0.0,0.0
A2,'Ilztal/Nord ',147494.29106534377,1.0,2.0,16946.156088329924,0.0,22142.864532986783,0.0,1.0,0.0,0.0,0.0,0.0,0.0,0.0,66.42859359896033,0.0,16946.156088329924,22142.864532986783,-0.0,0.0,0.0,66.42859359896033
A2,'Arnwiesen',154027.591129845,2.0,0.0,36495.0010822289,19529.0004964994,135214.80430038273,78775.931104602,1.0,2.0,1.0,472.07300650010853,236.327793313806,66.42859359896033,0.0,0.0,0.0,16966.000585729496,56438.87319578073,1.0,235.74521318630252,66.42859359896033,0.0
A2,'Laßnitzhöhe Nord',170265.381017141,0.0,1.0,27470.0,27470.0,89210.41764080411,89210.41764080411,1.0,1.0,1.0,267.63125292241233,267.63125292241233,0.0,0.0,0.0,0.0,0.0,0.0,0.0,0.0,0.0,0.0
A2,'Laßnitzhöhe Süd',170660.52501152034,1.0,1.0,29743.0,0.0,119872.94775893964,0.0,1.0,1.0,0.0,359.61884327681895,0.0,0.0,0.0,0.0,0.0,29743.0,119872.94775893964,1.0,359.61884327681895,0.0,0.0
A2,'Kaiserwald',190811.98043951,2.0,0.0,42649.00410506857,21967.00248080555,212311.14271654992,90269.44009665956,1.0,2.0,1.0,501.22124481623257,135.09613695656142,0.0,0.0,135.71218333341724,135.71218333341724,20682.001624263023,122041.70261989038,1.0,366.1251078596711,0.0,0.0
A2,'Herzogberg Nord',220248.196603865,0.0,1.0,8807.00000002098,8807.00000002098,51848.951152018446,51848.951152018446,1.0,1.0,1.0,271.7054175395915,271.7054175395915,135.71218333341724,135.71218333341724,19.553619249881038,19.553619249881038,0.0,0.0,0.0,0.0,0.0,0.0
A2,'Herzogberg Süd',220316.30619024337,1.0,1.0,8120.999999999229,0.0,24362.12024956784,0.0,1.0,0.0,0.0,0.0,0.0,0.0,0.0,73.08636074870353,0.0,8120.999999999229,24362.12024956784,-0.0,0.0,0.0,73.08636074870353
A2,'Pack',235315.764538704,2.0,0.0,16928.0,8807.0,38160.31715828317,26540.01416042541,0.0,0.0,0.0,0.0,0.0,92.63997999858456,19.553619249881038,207.12093147343407,99.17366173115727,8121.0,11620.30299785776,-0.0,0.0,73.08636074870353,107.9472697422768
A2,'Twimberg Süd',242470.24243419603,1.0,2.0,9188.999999999998,0.0,32127.247870774765,0.0,1.0,1.0,0.0,127.27084304734899,0.0,107.9472697422768,0.0,77.05817030725211,0.0,9188.999999999998,32127.247870774765,1.0,127.27084304734899,107.9472697422768,77.05817030725211
A2,'Twimberg Nord',242509.803050667,0.0,2.0,8465.0,8465.0,12179.507200753324,12179.507200753324,-0.0,0.0,-0.0,0.0,0.0,99.17366173115727,99.17366173115727,135.71218333341724,135.71218333341724,0.0,0.0,0.0,0.0,0.0,0.0
A2,'Fischering',259951.60486252053,1.0,2.0,10919.0,0.0,19551.33767538838,0.0,1.0,0.0,0.0,0.0,0.0,77.05817030725211,0.0,135.71218333341724,0.0,10919.0,19551.33767538838,-0.0,0.0,77.05817030725211,135.71218333341724
A2,'St. Ändra',262955.564385614,0.0,2.0,11358.00000168869,11358.00000168869,46444.591455370966,46444.591455370966,1.0,1.0,1.0,275.04595769953016,275.04595769953016,135.71218333341724,135.71218333341724,0.0,0.0,0.0,0.0,0.0,0.0,0.0,0.0
A2,'Gönitz/Süd',268904.5024151299,1.0,2.0,11607.0,0.0,37377.393330790575,0.0,1.0,1.0,0.0,247.84436332578898,0.0,135.71218333341724,0.0,0.0,0.0,11607.0,37377.393330790575,1.0,247.84436332578898,135.71218333341724,0.0
A2,'Gönitz/Nord',268950.328363809,0.0,2.0,12420.0,12420.0,14890.993721836305,14890.993721836305,-0.0,0.0,-0.0,0.0,0.0,0.0,0.0,44.672981165508915,44.672981165508915,0.0,0.0,0.0,0.0,0.0,0.0
A2,'Haimburg Nord',279134.371458674,0.0,2.0,10779.0,10779.0,21954.76010391007,21954.76010391007,0.0,0.0,0.0,0.0,0.0,44.672981165508915,44.672981165508915,110.53726147723913,110.53726147723913,0.0,0.0,0.0,0.0,0.0,0.0
A2,'Völkermarkt',285005.731557368,2.0,0.0,21133.0,10779.0,43435.933157853426,12657.478100764496,1.0,1.0,1.0,148.50969577953262,148.50969577953262,110.53726147723913,110.53726147723913,92.33536517126682,0.0,10354.0,30778.45505708893,0.0,0.0,0.0,92.33536517126682
A2,'Grafenstein Nord',299840.502393441,0.0,1.0,13362.0,13362.0,39644.441582321415,39644.441582321415,0.0,0.0,0.0,0.0,0.0,0.0,0.0,118.93332474696419,118.93332474696419,0.0,0.0,0.0,0.0,0.0,0.0
A2,'Grafenstein Süd',299868.8062420735,1.0,1.0,13588.0,0.0,64499.09491933329,0.0,1.0,1.0,0.0,222.64792715465165,0.0,92.33536517126682,0.0,63.18472277461504,0.0,13588.0,64499.09491933329,1.0,222.64792715465165,92.33536517126682,63.18472277461504
A2,'Krumpendorf/Nord',319007.818757861,0.0,2.0,19027.00404912327,19027.00404912327,72939.3212153292,72939.3212153292,1.0,1.0,1.0,202.03910505953453,202.03910505953453,118.93332474696419,118.93332474696419,135.71218333341724,135.71218333341724,0.0,0.0,0.0,0.0,0.0,0.0
A2,'Karawankenblick/Süd',323602.6504131558,1.0,2.0,19384.999372588507,0.0,24175.820186267407,0.0,1.0,0.0,0.0,0.0,0.0,63.18472277461504,0.0,135.71218333341727,0.0,19384.999372588507,24175.820186267407,-0.0,0.0,63.18472277461504,135.71218333341727
A2,'Wörthersee',329838.353526062,2.0,0.0,38076.99999701492,19452.999998289542,75344.6192070109,42137.27856545779,1.0,2.0,1.0,317.80428432821543,218.18226240355608,271.42436666683454,135.71218333341724,179.65393995965178,43.94175662623452,18623.99999872538,33207.340641553106,1.0,99.62202192465935,135.71218333341727,135.71218333341724
A2,'Sternberg/Nord',338742.74377299,0.0,2.0,17176.999989573145,17176.999989573145,30590.1422357276,30590.1422357276,0.0,0.0,0.0,0.0,0.0,43.94175662623452,43.94175662623452,135.71218333341733,135.71218333341733,0.0,0.0,0.0,0.0,0.0,0.0
A2,'Sternberg/Süd',338753.5545150617,1.0,2.0,19615.999955893047,0.0,0.0,0.0,1.0,0.0,0.0,0.0,0.0,135.71218333341724,0.0,135.71218333341724,0.0,19615.999955893047,0.0,-0.0,0.0,135.71218333341724,135.71218333341724
A2,'Federaun/Nord',351427.395415953,0.0,2.0,16516.999999999996,16516.999999999996,41902.47823736397,41902.47823736397,1.0,1.0,1.0,195.74712262578853,195.74712262578853,135.71218333341733,135.71218333341733,65.6724954197207,65.6724954197207,0.0,0.0,0.0,0.0,0.0,0.0
A2,'Federaun/Süd',352548.7130626719,1.0,2.0,14962.99999999167,0.0,53969.28273959185,0.0,1.0,1.0,0.0,297.6200315521928,0.0,135.71218333341724,0.0,0.0,0.0,14962.99999999167,53969.28273959185,1.0,297.6200315521928,135.71218333341724,0.0
A2,'Dreiländereck Süd',363852.388836953,2.0,0.0,29010.99995582863,9394.99999993558,73068.57514847304,23346.56263789885,-0.0,1.0,-0.0,149.1660375317226,0.0,65.6724954197207,65.6724954197207,135.71218333341727,135.71218333341727,19615.999955893047,49722.0125105742,1.0,149.1660375317226,0.0,0.0
A2,'Dreiländereck Nord',363908.232330081,2.0,0.0,24357.999999829466,9394.999999829468,3460.5851131577715,104.92992358564643,1.0,2.0,1.0,146.09393867289057,136.0269731041742,135.71218333341727,135.71218333341727,0.0,0.0,14963.0,3355.655189572125,1.0,10.066965568716375,0.0,0.0
A21,'Alland',13443.6090856171,2.0,0.0,38347.01545025679,19649.001272009093,72808.10192312147,52830.69840473668,1.0,1.0,1.0,158.49209521421005,158.49209521421005,0.0,0.0,59.93221055515438,0.0,18698.014178247697,19977.403518384792,-0.0,0.0,0.0,59.93221055515438
A21,'Dornbach',18785.72812776258,1.0,2.0,19947.846112205218,0.0,28123.65630230806,0.0,1.0,1.0,0.0,144.30317946207856,0.0,59.93221055515438,0.0,0.0,0.0,19947.846112205218,28123.65630230806,1.0,144.30317946207856,59.93221055515438,0.0
A21,'Hinterbrühl',25761.7696153155,0.0,1.0,20093.0,20093.0,49501.759904646,49501.759904646,1.0,1.0,1.0,148.505279713938,148.505279713938,0.0,0.0,0.0,0.0,0.0,0.0,0.0,0.0,0.0,0.0
A21,'Sparbach',25835.024614238988,1.0,2.0,20048.0,0.0,44928.76590709927,0.0,1.0,1.0,0.0,134.7862977212978,0.0,0.0,0.0,0.0,0.0,20048.0,44928.76590709927,1.0,134.7862977212978,0.0,0.0
A22,'Korneuburg Ost',18079.0228920398,0.0,0.0,32321.000000000007,32321.000000000007,116866.4197787237,116866.4197787237,1.0,1.0,1.0,350.59925933617114,350.59925933617114,0.0,0.0,0.0,0.0,0.0,0.0,0.0,0.0,0.0,0.0
A22,'Korneuburg West',18079.022892039822,1.0,0.0,32131.000000493023,0.0,63932.21893438343,0.0,1.0,1.0,0.0,191.7966568031503,0.0,0.0,0.0,0.0,0.0,32131.000000493023,63932.21893438343,1.0,191.7966568031503,0.0,0.0
A22,'Stockerau',28027.704684296903,1.0,0.0,30190.007584098334,0.0,9009.757712564297,0.0,1.0,1.0,0.0,27.02927313769289,0.0,0.0,0.0,0.0,0.0,30190.007584098334,9009.757712564297,1.0,27.02927313769289,0.0,0.0
A25,'Pucking',5862.77553580224,0.0,1.0,21620.0,21620.0,25350.64141680889,25350.64141680889,0.0,0.0,-0.0,0.0,0.0,0.0,0.0,76.05192425042667,76.05192425042667,0.0,0.0,0.0,0.0,0.0,0.0
A25,'Sinnersdorf/Süd',6125.71571093971,1.0,2.0,21271.0,0.0,28981.93257809431,0.0,1.0,0.0,0.0,0.0,0.0,0.0,0.0,86.94579773428293,0.0,21271.0,28981.93257809431,-0.0,0.0,0.0,86.94579773428293
A25,'Wels',12938.2615663518,2.0,0.0,49975.50321032763,25078.48219887029,71240.92245977133,35488.490093098524,1.0,2.0,1.0,376.7204893640236,182.51739452972225,162.99772198470959,76.05192425042667,0.0,0.0,24897.021011457346,35752.4323666728,1.0,194.20309483430134,86.94579773428293,0.0
