Time of calculation: 20210916-174745; value of objective: 603810.3871804674;  acc=20;  ec=0.25;  e_tax=0.15;  cfix=50000;  cvar=10000;  eta=0.5;  hours_of_constant_charging=20;  i=0.05;  T=10
highway,name,asfinag_position,direction,asfinag_type,traffic_flow,traffic_flow_1,energy_demand,energy_demand_1,pXi_dir,pYi_dir,pYi_dir_1,pE_charged,pE_charged_1,pE_input,pE_input_1,pE_output,pE_output_1,traffic_flow_0,energy_demand_0,pYi_dir_0,pE_charged_0,pE_input_0,pE_output_0
A1,'Parkplatz Großraum’,27.42,2.0,2.0,25490.00000000002,13297.00000000001,59974.325349551335,14541.089445096652,1.0,29.0,7.0,29000.0,7000.0,0.0,0.0,987.1626747756673,270.5447225483258,12193.00000000001,45433.23590445468,22.0,22000.0,0.0,716.6179522273414
A1,'Steinhäusl',32.7,2.0,0.0,63195.99999999913,31709.9999999998,111561.50482266714,77129.62227259546,0.0,9.0,9.0,9000.0,9000.0,987.1626747756673,270.5447225483258,47767.91508610924,29835.35585884606,31485.99999999933,34431.882550071685,-0.0,0.0,716.6179522273414,17932.559227263184
A1,'Kesselhof',44.88,1.0,1.0,30234.999996719125,30234.999996719125,109130.95569981833,109130.95569981833,1.0,84.0,84.0,84000.0,84000.0,29835.35585884606,29835.35585884606,400.83370875522087,400.83370875522087,0.0,0.0,0.0,0.0,0.0,0.0
A1,'Kirchstetten',44.88,0.0,1.0,29897.99999542764,0.0,72732.0809427628,0.0,1.0,55.0,0.0,54298.5996986447,0.0,17932.559227263184,0.0,-1.1641532182693481e-10,0.0,29897.99999542764,72732.0809427628,55.0,54298.5996986447,17932.559227263184,-1.1641532182693481e-10
A1,'St. Pölten',62.9,2.0,0.0,71148.0,35565.0,227454.84943410664,99032.43203384092,1.0,57.0,21.0,57000.0,21000.0,400.83370875510445,400.83370875522087,57128.258425808424,28917.04972567568,35583.0,128422.41740026572,36.0,36000.0,-1.1641532182693481e-10,28211.208700132745
A1,'Schallaburg',76.81,1.0,1.0,29188.0,29188.0,136934.36037638868,136934.36037638868,1.0,72.0,72.0,72000.0,72000.0,28917.04972567568,28917.04972567568,25384.22991387002,25384.22991387002,0.0,0.0,0.0,0.0,0.0,0.0
A1,'Roggendorf',76.82,0.0,1.0,28377.0,0.0,78562.33219617409,0.0,1.0,41.0,0.0,41000.0,0.0,28211.208700132745,0.0,26492.37479821979,0.0,28377.0,78562.33219617409,41.0,41000.0,28211.208700132745,26492.37479821979
A1,'Ornding',88.04,0.0,1.0,27048.0,0.0,60488.07492270462,0.0,1.0,30.0,0.0,30000.0,0.0,26492.37479821979,0.0,26736.4122595721,0.0,27048.0,60488.07492270462,30.0,30000.0,26492.37479821979,26736.4122595721
A1,'Ybbs',100.32,1.0,0.0,27161.40445083877,27161.40445083877,104129.25066774894,104129.25066774894,1.0,53.0,53.0,53000.0,53000.0,25384.22991387002,25384.22991387002,24448.85524774449,24448.85524774449,0.0,0.0,0.0,0.0,0.0,0.0
A1,'Kemmelbach',101.38,0.0,0.0,26898.000000000207,0.0,72226.10016870651,0.0,1.0,39.0,0.0,39000.0,0.0,26736.4122595721,0.0,23849.462343925356,0.0,26898.000000000207,72226.10016870651,39.0,39000.0,26736.4122595721,23849.462343925356
A1,'Viehdorf',118.17,0.0,1.0,25545.0,0.0,92117.57063469278,0.0,1.0,58.0,0.0,58000.0,0.0,23849.462343925356,0.0,11908.247661271744,0.0,25545.0,92117.57063469278,58.0,58000.0,23849.462343925356,11908.247661271744
A1,'Amstetten',119.36,1.0,1.0,25407.0,25407.0,56128.53142795883,56128.53142795883,1.0,29.0,29.0,29000.0,29000.0,24448.85524774449,24448.85524774449,23513.120961723904,23513.120961723904,0.0,0.0,0.0,0.0,0.0,0.0
A1,'Parkplatz Zeillern’,124.31,0.0,2.0,24685.0,0.0,24100.57479449837,0.0,0.0,0.0,0.0,0.0,0.0,11908.247661271744,0.0,23958.53505852093,0.0,24685.0,24100.57479449837,-0.0,0.0,11908.247661271744,23958.53505852093
A1,'Oed',130.52,1.0,2.0,26849.69206306653,26849.69206306653,69822.67372138443,69822.67372138443,1.0,33.0,33.0,33000.0,33000.0,23513.120961723904,23513.120961723904,25424.45782241612,25424.45782241612,0.0,0.0,0.0,0.0,0.0,0.0
A1,'Strengberg',136.0,0.0,0.0,25773.0,0.0,60567.28709144443,0.0,1.0,54.0,0.0,54000.0,0.0,23958.53505852093,0.0,242.17860424314495,0.0,25773.0,60567.28709144443,54.0,54000.0,23958.53505852093,242.17860424314495
A1,'Haag',143.54,1.0,0.0,28172.0,28172.0,72532.38382040594,72532.38382040594,1.0,35.0,35.0,35000.0,35000.0,25424.45782241612,25424.45782241612,26690.64973261909,26690.64973261909,0.0,0.0,0.0,0.0,0.0,0.0
A1,'Ennsblick',147.1,0.0,2.0,27181.0,0.0,59900.9099344678,0.0,1.0,28.0,0.0,28000.0,0.0,242.17860424314495,0.0,2192.6335714770466,0.0,27181.0,59900.9099344678,28.0,28000.0,242.17860424314495,2192.6335714770466
A1,'Parkplatz Ennsdorf’,152.88,0.0,2.0,26232.408315204048,0.0,30328.56812345904,0.0,0.0,0.0,0.0,0.0,0.0,2192.6335714770466,0.0,17356.91763320657,0.0,26232.408315204048,30328.56812345904,-0.0,0.0,2192.6335714770466,17356.91763320657
A1,'Enns Süd',156.19,1.0,1.0,29648.737115098505,29648.737115098505,86236.6993060754,86236.6993060754,1.0,42.0,42.0,41356.02951779906,41356.02951779906,26690.64973261909,26690.64973261909,28452.969867857726,28452.969867857726,0.0,0.0,0.0,0.0,0.0,0.0
A1,'Enns Nord',156.79,0.0,1.0,29791.88732837659,0.0,22744.768825614865,0.0,0.0,0.0,0.0,0.0,0.0,17356.91763320657,0.0,28729.302046014003,0.0,29791.88732837659,22744.768825614865,0.0,0.0,17356.91763320657,28729.302046014003
A1,'Ansfelden Süd',170.93,1.0,0.0,46681.64620523784,46681.64620523784,108599.64670259466,108599.64670259466,1.0,61.0,61.0,61000.0,61000.0,28452.969867857726,28452.969867857726,21752.793219155057,21752.793219155057,0.0,0.0,0.0,0.0,0.0,0.0
A1,'Ansfelden Nord',171.01,0.0,0.0,48225.58896718505,0.0,137729.45647842763,0.0,1.0,77.0,0.0,76254.4218500935,0.0,28729.302046014003,0.0,21339.608435134334,0.0,48225.58896718505,137729.45647842763,77.0,76254.4218500935,28729.302046014003,21339.608435134334
A1,'Allhaming Süd',182.59,1.0,1.0,22273.0,22273.0,132032.00498622254,132032.00498622254,1.0,66.0,66.0,66000.0,66000.0,21752.793219155057,21752.793219155057,21768.79571226633,21768.79571226633,0.0,0.0,0.0,0.0,0.0,0.0
A1,'Allhaming Nord',182.6,0.0,1.0,22478.0,0.0,52074.59618392183,0.0,1.0,25.0,0.0,25000.0,0.0,21339.608435134334,0.0,22376.90652709525,0.0,22478.0,52074.59618392183,25.0,25000.0,21339.608435134334,22376.90652709525
A1,'Lindach Nord',212.26,0.0,0.0,24091.0,0.0,143292.1869458095,0.0,1.0,79.0,0.0,79000.0,0.0,22376.90652709525,0.0,15022.999999999996,0.0,24091.0,143292.1869458095,79.0,79000.0,22376.90652709525,15022.999999999996
A1,'Lindach Süd',212.27,1.0,0.0,24205.0,24205.0,88500.71292866017,88500.71292866017,1.0,50.0,50.0,50000.0,50000.0,21768.79571226633,21768.79571226633,16019.152176596415,16019.152176596415,0.0,0.0,0.0,0.0,0.0,0.0
A1,'Hainbach Süd',230.7,1.0,1.0,16641.0,16641.0,43626.88664048988,43626.88664048988,1.0,22.0,22.0,22000.0,22000.0,16019.152176596415,16019.152176596415,15832.595496841355,15832.595496841355,0.0,0.0,0.0,0.0,0.0,0.0
A1,'Hainbach Nord',230.72,0.0,1.0,15023.0,0.0,55447.073726717535,0.0,1.0,28.0,0.0,27845.59985159372,0.0,15022.999999999996,0.0,14900.937011765045,0.0,15023.0,55447.073726717535,28.0,27845.59985159372,15022.999999999996,14900.937011765045
A1,'Straß',243.67,1.0,1.0,16828.67483549712,16828.67483549712,52286.93331258195,52286.93331258195,1.0,27.0,27.0,27000.0,27000.0,15832.595496841355,15832.595496841355,14976.062153132329,14976.062153132329,0.0,0.0,0.0,0.0,0.0,0.0
A1,'Wildenhag Nord',243.76,0.0,2.0,17111.546808170722,0.0,44396.07377615938,0.0,1.0,33.0,0.0,33000.0,0.0,14900.937011765045,0.0,4098.973899844734,0.0,17111.546808170722,44396.07377615938,33.0,33000.0,14900.937011765045,4098.973899844734
A1,'Oberwang',251.03,0.0,1.0,15727.0,0.0,23256.052200310536,0.0,0.0,0.0,0.0,0.0,0.0,4098.973899844734,0.0,15727.000000000002,0.0,15727.0,23256.052200310536,0.0,0.0,4098.973899844734,15727.000000000002
A1,'Mondsee',259.23,2.0,0.0,31060.001681777,15333.000799448411,60471.650280389,35129.25494322955,1.0,60.0,32.0,59951.176960471785,32000.0,30703.06215313233,14976.062153132329,987.710332855042,540.6896247471032,15727.000882328592,25342.39533715945,28.0,27951.17696047179,15727.000000000002,447.02070810793884
A1,‘Parkplatz Ölgraben’,268.98,0.0,2.0,18793.0,0.0,36691.95858378413,0.0,0.0,0.0,0.0,0.0,0.0,447.02070810793884,0.0,18793.000000000004,0.0,18793.0,36691.95858378413,0.0,0.0,447.02070810793884,18793.000000000004
A1,'Vetterbach',270.63,1.0,2.0,18111.0,18111.0,24972.45872010481,24972.45872010481,1.0,11.0,11.0,11000.0,11000.0,540.6896247471032,540.6896247471032,2026.9189847995076,2026.9189847995076,0.0,0.0,0.0,0.0,0.0,0.0
A1,'Enzersberg',274.82,0.0,2.0,21891.999995182963,0.0,25643.70256417291,0.0,1.0,10.0,0.0,10000.0,0.0,18793.000000000004,0.0,21614.851282086456,0.0,21891.999995182963,25643.70256417291,10.0,10000.0,18793.000000000004,21614.851282086456
A1,'Salzburger Vorland',277.55,1.0,2.0,21776.0,21776.0,38740.09283187224,38740.09283187224,0.0,0.0,-0.0,0.0,0.0,2026.9189847995076,2026.9189847995076,21396.96540073563,21396.96540073563,0.0,0.0,0.0,0.0,0.0,0.0
A1,'Söllheim',286.46,1.0,0.0,28864.537464121862,28864.537464121862,82339.63927517904,82339.63927517904,1.0,62.0,62.0,62000.0,62000.0,21396.96540073563,21396.96540073563,566.7850383251466,566.7850383251466,0.0,0.0,0.0,0.0,0.0,0.0
A1,'Kasern',287.89,0.0,0.0,38922.8495638266,0.0,101432.70404041585,0.0,1.0,72.0,0.0,71871.12704542733,0.0,21614.851282086456,0.0,460.0762568670398,0.0,38922.8495638266,101432.70404041585,72.0,71871.12704542733,21614.851282086456,460.0762568670398
A1,'Walserberg Süd',300.71,1.0,0.0,14880.00000000295,14880.00000000295,866.4299233497069,866.4299233497069,1.0,1.0,1.0,1000.0,1000.0,566.7850383251466,566.7850383251466,0.0,0.0,0.0,0.0,0.0,0.0,0.0,0.0
A1,'Walserberg Nord',300.73,0.0,0.0,12964.000000008587,0.0,33079.84748626592,0.0,1.0,17.0,0.0,17000.0,0.0,460.0762568670398,0.0,0.0,0.0,12964.000000008587,33079.84748626592,17.0,17000.0,460.0762568670398,0.0
A10,'Glanegg/West',4.28,0.0,2.0,30225.0,0.0,10702.59495982983,0.0,0.0,0.0,0.0,0.0,0.0,0.0,0.0,5351.297479914915,0.0,30225.0,10702.59495982983,-0.0,0.0,0.0,5351.297479914915
A10,'Untersberg/Ost',4.37,1.0,2.0,30061.0,30061.0,79010.53992075186,79010.53992075186,1.0,39.0,39.0,39000.0,39000.0,0.0,0.0,505.269960375932,505.269960375932,0.0,0.0,0.0,0.0,0.0,0.0
A10,'Bruderloch',17.53,1.0,2.0,24652.0,24652.0,55144.78387577903,55144.78387577903,1.0,9.0,9.0,9000.0,9000.0,505.269960375932,505.269960375932,19077.661898265447,19077.661898265447,0.0,0.0,0.0,0.0,0.0,0.0
A10,'Golling Ost',28.76,1.0,0.0,19647.00094772099,19647.00094772099,83619.98278708411,83619.98278708411,1.0,61.0,61.0,60887.65329180751,60887.65329180751,19077.661898265447,19077.661898265447,-3.637978807091713e-12,-3.637978807091713e-12,0.0,0.0,0.0,0.0,0.0,0.0
A10,'Golling West',28.82,0.0,0.0,19875.000668287423,0.0,97340.81805238585,0.0,1.0,54.0,0.0,53393.36552939316,0.0,5351.297479914915,0.0,628.3409767146804,0.0,19875.000668287423,97340.81805238585,54.0,53393.36552939316,5351.297479914915,628.3409767146804
A10,'Werfen',40.34,0.0,2.0,19354.0,0.0,44743.31804657062,0.0,1.0,23.0,0.0,22999.999999999996,0.0,628.3409767146804,0.0,-7.275957614183426e-12,0.0,19354.0,44743.31804657062,23.0,22999.999999999996,628.3409767146804,-7.275957614183426e-12
A10,'Klausgraben Ost’,50.01,1.0,2.0,16076.0,16076.0,29740.34522214243,29740.34522214243,0.0,0.0,-0.0,0.0,0.0,-3.637978807091713e-12,-3.637978807091713e-12,14870.172611071212,14870.172611071212,0.0,0.0,0.0,0.0,0.0,0.0
A10,'Klausgraben West’,50.01,0.0,2.0,16224.0,0.0,31431.033067450226,0.0,0.0,0.0,0.0,0.0,0.0,-7.275957614183426e-12,0.0,15715.516533725106,0.0,16224.0,31431.033067450226,0.0,0.0,-7.275957614183426e-12,15715.516533725106
A10,'Eben Süd',59.21,2.0,0.0,31555.3674870556,15557.95086744994,63864.366982730906,63790.382994454136,0.0,32.0,32.0,32000.0,32000.0,30585.689144796317,14870.172611071212,30517.872636161766,14765.36410829828,15997.416619605658,73.98398827676816,0.0,0.0,15715.516533725106,15752.508527863489
A10,'Eben Nord',59.32,2.0,0.0,31554.16119307871,15556.997933878209,29667.927073449984,71.94716372837226,1.0,25.0,5.0,25000.0,5000.0,30517.872636161766,14765.36410829828,20351.83617288676,9801.337690162465,15997.1632592005,29595.979909721613,20.0,20000.0,15752.508527863489,10550.498482724295
A10,'Rohr',71.25,0.0,2.0,10976.0,0.0,26372.39981658969,0.0,1.0,14.0,0.0,14000.0,0.0,10550.498482724295,0.0,9736.69839101914,0.0,10976.0,26372.39981658969,14.0,14000.0,10550.498482724295,9736.69839101914
A10,'Tauernalm',79.79,2.0,0.0,21522.867721662667,10619.213162511343,62621.10903795498,44112.74691892924,1.0,31.0,22.0,30603.56606397576,21603.56606397576,19538.036081181606,9801.337690162465,20245.024536183337,10254.145085651326,10903.654559151322,18508.36211902574,9.0,9000.0,9736.69839101914,9990.87945053201
A10,'Lungau',97.91,0.0,0.0,10877.0,0.0,39524.43281357246,0.0,1.0,24.0,0.0,24000.0,0.0,9990.87945053201,0.0,5753.095857318238,0.0,10877.0,39524.43281357246,24.0,24000.0,9990.87945053201,5753.095857318238
A10,'Lanschütz',100.6,1.0,1.0,10558.5,10558.5,33491.70982869735,33491.70982869735,1.0,27.0,27.0,27000.0,27000.0,10254.145085651326,10254.145085651326,0.0,0.0,0.0,0.0,0.0,0.0,0.0,0.0
A10,'Rennweg',112.45,0.0,2.0,6878.0,0.0,19876.6578731468,0.0,1.0,10.0,0.0,10000.0,0.0,5753.095857318238,0.0,5691.424793891638,0.0,6878.0,19876.6578731468,10.0,10000.0,5753.095857318238,5691.424793891638
A10,'Ried’,116.47,1.0,2.0,7303.0,7303.0,13765.2894082998,13765.2894082998,0.0,0.0,-0.0,0.0,0.0,0.0,0.0,6882.6447041499,6882.6447041499,0.0,0.0,0.0,0.0,0.0,0.0
A10,'Eisentratten',125.92,2.0,0.0,14180.999999999998,7302.999999999999,41606.555089056084,23123.34435403022,1.0,22.0,12.0,21023.339474332308,12000.000000000002,12574.069498041537,6882.6447041499,12354.007568237275,6444.316881165008,6877.999999999999,18483.210735025867,10.0,9023.339474332304,5691.424793891638,5909.690687072267
A10,'Seeboden',141.72,1.0,2.0,14455.0,14455.0,36156.364361422005,36156.364361422005,1.0,22.0,22.0,22000.0,22000.0,6444.316881165008,6444.316881165008,2522.499061876011,2522.499061876011,0.0,0.0,0.0,0.0,0.0,0.0
A10,'Wolfsberg',142.25,0.0,2.0,14500.0,0.0,47498.89492913899,0.0,1.0,29.0,0.0,29000.0,0.0,5909.690687072267,0.0,659.1381516417605,0.0,14500.0,47498.89492913899,29.0,29000.0,5909.690687072267,659.1381516417605
A10,'Kamering',154.29,1.0,2.0,14749.703862513728,14749.703862513728,22698.628013917983,22698.628013917983,0.0,0.0,-0.0,0.0,0.0,2522.499061876011,2522.499061876011,13871.813068835003,13871.813068835003,0.0,0.0,0.0,0.0,0.0,0.0
A10,'Feistritz an der Drau',162.01,2.0,0.0,29679.0,14750.0,122093.03941770014,63411.31572098366,1.0,76.0,46.0,75577.47092932684,45577.47092932683,14530.951220476763,13871.813068835003,0.0,0.0,14929.0,58681.72369671648,30.0,30000.0,659.1381516417605,0.0
A11,'St. Niklas/Nord',2.11,1.0,2.0,7502.999999999997,7502.999999999997,10409.086151425912,10409.086151425912,1.0,1.0,1.0,1000.0,1000.0,0.0,0.0,4204.543075712956,4204.543075712956,0.0,0.0,0.0,0.0,0.0,0.0
A11,'Rosegg',9.04,2.0,0.0,9108.5,4802.0,19444.03423128799,11637.99349052014,1.0,15.0,11.0,13926.560191356952,10023.539820973027,4204.543075712956,4204.543075712956,0.0,0.0,4306.5,7806.040740767851,4.0,3903.0203703839256,0.0,0.0
A12,'Langkampfen Süd',9.32,1.0,2.0,11349.585916642443,11349.585916642443,27244.807627465096,27244.807627465096,1.0,3.0,3.0,3000.0,3000.0,0.0,0.0,10622.403813732548,10622.403813732548,0.0,0.0,0.0,0.0,0.0,0.0
A12,'Angath Süd',14.1,2.0,0.0,39222.99999999994,19314.99999999997,56148.10872631689,3.820475553634762,1.0,20.0,10.0,19137.85341525167,9137.853415251675,10622.403813732548,10622.403813732548,19558.60476163932,1486.4606362576906,19907.99999999997,56144.28825076325,10.0,9999.999999999995,0.0,18072.14412538163
A12,'Angath Nord',14.22,2.0,0.0,39222.99999999994,19314.99999999997,86003.9180407436,85999.98027075542,0.0,44.0,44.0,44000.00000000001,44000.0,19558.60476163932,1486.4606362576906,18560.563782011115,486.4507716354001,19907.99999999997,3.93776998818332,0.0,3.944118023901905e-12,18072.14412538163,18074.113010375717
A12,'Münster Nord',35.71,0.0,1.0,18334.0,0.0,79565.35290639894,0.0,1.0,40.0,0.0,40000.0,0.0,18074.113010375717,0.0,17856.789463575187,0.0,18334.0,79565.35290639894,40.0,40000.0,18074.113010375717,17856.789463575187
A12,'Münster Süd',36.25,1.0,1.0,18162.0,18162.0,51027.0984567292,51027.0984567292,1.0,26.0,26.0,26000.0,26000.0,486.4507716354001,486.4507716354001,1.82449682732573e-12,1.82449682732573e-12,0.0,0.0,0.0,0.0,0.0,0.0
A12,'Vomp',50.47,1.0,0.0,24431.999999991072,24431.999999991072,22234.356307397185,22234.356307397185,1.0,10.0,10.0,9999.999999999996,9999.999999999996,1.82449682732573e-12,1.82449682732573e-12,1117.1781536985982,1117.1781536985982,0.0,0.0,0.0,0.0,0.0,0.0
A12,'Weer',54.8,0.0,0.0,24110.000189607712,0.0,91922.39487971723,0.0,1.0,64.0,0.0,63817.986903433804,0.0,17856.789463575187,0.0,0.0,0.0,24110.000189607712,91922.39487971723,64.0,63817.986903433804,17856.789463575187,0.0
A12,'Weer Süd',55.0,1.0,1.0,24141.001987531265,24141.001987531265,44418.90300224888,44418.90300224888,0.0,0.0,0.0,0.0,0.0,1117.1781536985982,1117.1781536985982,23326.629654823035,23326.629654823035,0.0,0.0,0.0,0.0,0.0,0.0
A12,'Volders/Karlskirche',64.18,1.0,2.0,27543.0,27543.0,89230.87375309618,89230.87375309618,1.0,41.0,41.0,41000.0,41000.0,23326.629654823035,23326.629654823035,26942.066531371125,26942.066531371125,0.0,0.0,0.0,0.0,0.0,0.0
A12,'Hall in Tirol',66.28,0.0,2.0,28148.000000002427,0.0,63926.9286125208,0.0,1.0,26.0,0.0,26000.0,0.0,0.0,0.0,5963.464306260401,0.0,28148.000000002427,63926.9286125208,26.0,26000.0,0.0,5963.464306260401
A12,'Ampaß',72.07,0.0,0.0,35539.999996608014,0.0,42439.32195018204,0.0,0.0,0.0,0.0,0.0,0.0,5963.464306260401,0.0,27183.125281351422,0.0,35539.999996608014,42439.32195018204,-0.0,0.0,5963.464306260401,27183.125281351422
A12,'Sieglanger',80.39,1.0,2.0,31124.793431490507,31124.793431490507,96002.72792907088,96002.72792907088,1.0,56.0,56.0,55910.43049590656,55910.43049590656,26942.066531371125,26942.066531371125,19033.0,19033.0,0.0,0.0,0.0,0.0,0.0,0.0
A12,'Kematen',86.01,0.0,2.0,27475.052704552163,0.0,75774.45683256471,0.0,1.0,65.0,0.0,64819.65529800916,0.0,27183.125281351422,0.0,250.69839962462174,0.0,27475.052704552163,75774.45683256471,65.0,64819.65529800916,27183.125281351422,250.69839962462174
A12,'Zirl-Inzing',91.77,0.0,1.0,20799.0,0.0,24661.258850671245,0.0,0.0,0.0,0.0,0.0,0.0,250.69839962462174,0.0,12581.327824960244,0.0,20799.0,24661.258850671245,0.0,0.0,250.69839962462174,12581.327824960244
A12,'Pettnau',95.81,2.0,0.0,37922.0,19033.0,43167.59505459553,28529.34948129648,1.0,26.0,20.0,26000.0,20000.0,31614.327824960244,19033.0,27198.12535225801,13297.67474064824,18889.0,14638.245573299051,6.0,6000.0,12581.327824960244,13900.45061160977
A12,'Telfs Süd',103.3,1.0,2.0,13364.77793940206,13364.77793940206,40593.43969968221,40593.43969968221,1.0,23.0,23.0,23000.0,23000.0,13297.67474064824,13297.67474064824,10594.394590489344,10594.394590489344,0.0,0.0,0.0,0.0,0.0,0.0
A12,'Telfs Nord',103.33,0.0,2.0,14213.46393941228,0.0,21325.917954749177,0.0,1.0,15.0,0.0,15000.0,0.0,13900.45061160977,0.0,9563.409588984357,0.0,14213.46393941228,21325.917954749177,15.0,15000.0,13900.45061160977,9563.409588984357
A12,'Haiming Süd',118.5,1.0,2.0,10702.0,10702.0,32071.449465739544,32071.449465739544,1.0,20.0,20.0,20000.0,20000.0,10594.394590489344,10594.394590489344,6630.119323359117,6630.119323359117,0.0,0.0,0.0,0.0,0.0,0.0
A12,'Imst Süd',133.49,1.0,2.0,9240.0,9240.0,3679.211043329945,3679.211043329945,0.0,0.0,0.0,0.0,0.0,6630.119323359117,6630.119323359117,8469.72484502409,8469.72484502409,0.0,0.0,0.0,0.0,0.0,0.0
A12,'Imst Nord',133.84,0.0,2.0,10262.0,0.0,62601.679390679135,0.0,1.0,31.0,0.0,31000.0,0.0,9563.409588984357,0.0,9864.249284323925,0.0,10262.0,62601.679390679135,31.0,31000.0,9563.409588984357,9864.249284323925
A12,'Mils',135.51,2.0,0.0,19502.000000000833,9240.000000000804,21880.454342200468,18488.872433763983,1.0,20.0,18.0,19714.16106190608,17714.16106190608,18333.974129348015,8469.72484502409,9560.040238542168,0.0,10262.00000000003,3391.5819084364844,2.0,2000.0,9864.249284323925,9560.040238542168
A12,'Kronburg Zams',142.7,0.0,2.0,10312.0,0.0,14879.919522915665,0.0,1.0,17.0,0.0,17000.0,0.0,9560.040238542168,0.0,0.0,0.0,10312.0,14879.919522915665,17.0,17000.0,9560.040238542168,0.0
A13,'Patsch',6.24,0.0,2.0,21023.0,0.0,26094.725326847616,0.0,0.0,0.0,0.0,0.0,0.0,0.0,0.0,13047.362663423808,0.0,21023.0,26094.725326847616,0.0,0.0,0.0,13047.362663423808
A13,'Europabrücke',8.27,2.0,0.0,41638.0,20615.0,32388.526624106256,23936.231437805232,1.0,28.0,12.0,27968.115718902664,11968.115718902665,13047.362663423808,0.0,1273.5102565742727,-4.9112713895738125e-11,21023.0,8452.295186301024,16.0,16000.0,13047.362663423808,1273.5102565743218
A13,'Gschleirs',14.05,1.0,2.0,14822.0,14822.0,8546.704281737584,8546.704281737584,0.0,0.0,0.0,0.0,0.0,-4.9112713895738125e-11,-4.9112713895738125e-11,4273.352140868743,4273.352140868743,0.0,0.0,0.0,0.0,0.0,0.0
A13,'Matrei West',16.79,0.0,0.0,15161.0,0.0,25846.426928735076,0.0,0.0,0.0,0.0,0.0,0.0,1273.5102565743218,0.0,14196.72372094186,0.0,15161.0,25846.426928735076,-0.0,0.0,1273.5102565743218,14196.72372094186
A13,'Matrei Ost',16.95,2.0,0.0,29983.0,14822.0,16734.882296516167,16235.578741496129,1.0,18.0,8.0,16647.83642170184,7305.635703510259,18470.075861810605,4273.352140868743,10189.680588366846,5085.505808106548,15161.0,499.30355502003806,10.0,9342.20071819158,14196.72372094186,5104.174780260299
A13,'Wipptalerhof Ost',22.41,1.0,2.0,10896.000000000471,10896.000000000471,2559.258804024997,2559.258804024997,0.0,0.0,-0.0,0.0,0.0,5085.505808106548,5085.505808106548,6365.135210119047,6365.135210119047,0.0,0.0,0.0,0.0,0.0,0.0
A13,'Wipptalerhof West',22.56,0.0,2.0,11615.000000000608,0.0,13021.650439480618,0.0,0.0,0.0,0.0,0.0,0.0,5104.174780260299,0.0,11615.000000000608,0.0,11615.000000000608,13021.650439480618,-0.0,0.0,5104.174780260299,11615.000000000608
A13,'Plon',23.61,1.0,2.0,10896.000000525348,10896.000000525348,9061.729580812602,9061.729580812602,0.0,0.0,-0.0,0.0,0.0,6365.135210119047,6365.135210119047,10896.000000525348,10896.000000525348,0.0,0.0,0.0,0.0,0.0,0.0
A13,'Nößlach',26.91,2.0,1.0,23614.71960011509,11586.803224894727,15947.459093046333,3428.7910078521363,1.0,27.0,13.0,26172.716663260544,12610.395504451419,22511.000000525957,10896.000000525348,4312.01288378858,-1.8189894035458565e-12,12027.916375220364,12518.668085194196,14.0,13562.321158809125,11615.000000000608,4312.012883788582
A13,'Gries Ost',29.15,1.0,0.0,11601.99774413572,11601.99774413572,11387.01827145676,11387.01827145676,0.0,0.0,0.0,0.0,0.0,-1.8189894035458565e-12,-1.8189894035458565e-12,5693.509135728378,5693.509135728378,0.0,0.0,0.0,0.0,0.0,0.0
A13,'Gries West',29.54,0.0,0.0,12036.99974796117,0.0,4238.013247571624,0.0,0.0,0.0,0.0,0.0,0.0,4312.012883788582,0.0,6431.019507574394,0.0,12036.99974796117,4238.013247571624,0.0,0.0,4312.012883788582,6431.019507574394
A13,'Brennersee - Fröhlich',32.6,0.0,2.0,12036.999999999998,0.0,7411.89807862851,0.0,0.0,0.0,0.0,0.0,0.0,6431.019507574394,0.0,10136.96854688865,0.0,12036.999999999998,7411.89807862851,0.0,0.0,6431.019507574394,10136.96854688865
A13,'Brennersee',33.44,0.0,0.0,12037.0,0.0,1996.4183022148509,0.0,0.0,0.0,0.0,0.0,0.0,10136.96854688865,0.0,11135.177697996076,0.0,12037.0,1996.4183022148509,0.0,0.0,10136.96854688865,11135.177697996076
A13,'Brennerpaß',34.16,2.0,0.0,23639.0,11602.0,2518.3592467820863,788.7146427742366,1.0,19.0,7.0,18087.866457115495,6087.866457115497,16828.686833724452,5693.509135728378,0.0,0.0,12037.0,1729.6446040078497,12.0,12000.0,11135.177697996076,0.0
A14,'Hörbranz’,0.0,2.0,1.0,11914.47538487758,0.0,580.5002038524873,0.0,0.0,0.0,0.0,0.0,0.0,0.0,0.0,290.25010192624364,0.0,11914.47538487758,580.5002038524873,-0.0,0.0,0.0,290.25010192624364
A14,'Dornbirn West',15.07,1.0,2.0,22722.01674582917,22722.01674582917,41625.83313129372,41625.83313129372,0.0,0.0,0.0,0.0,0.0,0.0,0.0,20812.91656564686,20812.91656564686,0.0,0.0,0.0,0.0,0.0,0.0
A14,'Dornbirn Ost',15.27,0.0,2.0,22911.03673497288,0.0,67389.02531710501,0.0,1.0,34.0,0.0,33194.0913329003,0.0,290.25010192624364,0.0,790.671427578447,0.0,22911.03673497288,67389.02531710501,34.0,33194.0913329003,290.25010192624364,790.671427578447
A14,'Hohenems',24.48,2.0,0.0,53333.40958305029,26481.317311897245,99887.79432069242,49710.54770382436,1.0,70.0,45.0,69920.4812098735,44920.4812098735,21603.58799322531,20812.91656564686,1627.0039436980333,747.7092076855515,26852.092271153047,50177.24661686807,25.0,25000.0,790.671427578447,879.2947360124817
A14,'Rankweil West',33.46,0.0,2.0,22794.137882745563,0.0,41099.967515634846,0.0,1.0,20.0,0.0,20000.0,0.0,879.2947360124817,0.0,1429.278493829901,0.0,22794.137882745563,41099.967515634846,20.0,20000.0,879.2947360124817,1429.278493829901
A14,'Rankweil Ost',33.82,1.0,2.0,21949.829570058195,21949.829570058195,56639.54196425326,56639.54196425326,1.0,28.0,28.0,28000.0,28000.0,747.7092076855515,747.7092076855515,1067.4801898121805,1067.4801898121805,0.0,0.0,0.0,0.0,0.0,0.0
A14,'Schlins West',46.72,0.0,2.0,13115.0,0.0,35141.4430123402,0.0,1.0,19.0,0.0,19000.0,0.0,1429.278493829901,0.0,0.0,0.0,13115.0,35141.4430123402,19.0,19000.0,1429.278493829901,0.0
A14,'Schlins Ost',46.85,1.0,2.0,13492.000000000002,13492.000000000002,22886.809608579704,22886.809608579704,0.0,0.0,0.0,0.0,0.0,1067.4801898121805,1067.4801898121805,12510.884994102033,12510.884994102033,0.0,0.0,0.0,0.0,0.0,0.0
A14,'Nüziders',55.2,1.0,2.0,13282.144454187755,13282.144454187755,16978.23001179592,16978.23001179592,1.0,21.0,21.0,20999.999999999993,20999.999999999993,12510.884994102033,12510.884994102033,0.0,0.0,0.0,0.0,0.0,0.0,0.0,0.0
A2,'Guntramsdorf',14.43,2.0,0.0,106539.0608322543,51867.17485406379,341487.5079237672,183029.57068577447,1.0,170.0,91.0,169717.64678434317,90717.64678434317,0.0,0.0,1026.1071775404125,797.1385585440585,54671.885978190505,158457.9372379927,79.0,79000.0,0.0,228.96861899635405
A2,'Leobersdorf',32.08,1.0,1.0,39540.0,39540.0,56942.74699600472,56942.74699600472,0.0,0.0,0.0,0.0,0.0,797.1385585440585,797.1385585440585,29268.512056546417,29268.512056546417,0.0,0.0,0.0,0.0,0.0,0.0
A2,'Triestingtal',32.08,0.0,1.0,40445.0,0.0,143069.6923848394,0.0,1.0,35.0,0.0,35000.0,0.0,228.96861899635405,0.0,36763.81481141606,0.0,40445.0,143069.6923848394,35.0,35000.0,228.96861899635405,36763.81481141606
A2,'Föhrenberg',39.31,1.0,0.0,39539.98215618593,39539.98215618593,93778.97588690832,93778.97588690832,1.0,45.0,45.0,45000.0,45000.0,29268.512056546417,29268.512056546417,31158.000000000575,31158.000000000575,0.0,0.0,0.0,0.0,0.0,0.0
A2,'Bad Fischau',40.93,0.0,0.0,37535.00000001001,0.0,66634.96786186735,0.0,1.0,39.0,0.0,39000.0,0.0,36763.81481141606,0.0,31081.298742349732,0.0,37535.00000001001,66634.96786186735,39.0,39000.0,36763.81481141606,31081.298742349732
A2,'Steinfeld',50.35,0.0,1.0,32434.00031526797,0.0,59928.40402750363,0.0,1.0,61.0,0.0,60812.44635960734,0.0,31081.298742349732,0.0,233.0543964942063,0.0,32434.00031526797,59928.40402750363,61.0,60812.44635960734,31081.298742349732,233.0543964942063
A2,'Wr. Neustadt',51.18,1.0,1.0,31158.00000000052,31158.00000000052,64946.24580860265,64946.24580860265,1.0,46.0,46.0,45581.10669625328,45581.10669625328,31158.000000000575,31158.000000000575,18050.016208048626,18050.016208048626,0.0,0.0,0.0,0.0,0.0,0.0
A2,'Witzelsberg',60.84,0.0,2.0,21168.0000351488,0.0,44783.30498303353,0.0,1.0,5.0,0.0,4999.999999999998,0.0,233.0543964942063,0.0,17624.706888010973,0.0,21168.0000351488,44783.30498303353,5.0,4999.999999999998,233.0543964942063,17624.706888010973
A2,'Gleissenfeld',61.52,1.0,2.0,18726.0,18726.0,64345.96758390275,64345.96758390275,1.0,34.0,34.0,34000.0,34000.0,18050.016208048626,18050.016208048626,16223.000000000002,16223.000000000002,0.0,0.0,0.0,0.0,0.0,0.0
A2,'Zöbern',78.76,2.0,0.0,34076.0,16223.0,89918.35315876387,25909.766934785785,1.0,47.0,13.0,47000.0,13000.0,33847.70688801097,16223.000000000002,31806.88346739291,16177.883467392894,17853.0,64008.58622397808,34.0,34000.0,17624.706888010973,15629.000000000015
A2,'Schäffern Ost',86.7,1.0,1.0,16223.0,16223.0,36516.98737256819,36516.98737256819,1.0,34.0,34.0,33907.34958508548,33907.34958508548,16177.883467392894,16177.883467392894,529.027568591513,529.027568591513,0.0,0.0,0.0,0.0,0.0,0.0
A2,'Pinkafeld/Ost',97.98,1.0,2.0,14325.0,14325.0,21727.470606482195,21727.470606482195,0.0,0.0,0.0,0.0,0.0,529.027568591513,529.027568591513,11392.76287183261,11392.76287183261,0.0,0.0,0.0,0.0,0.0,0.0
A2,'Pinkafeld/West',98.0,0.0,2.0,15628.999999999998,0.0,60166.60979667192,0.0,1.0,45.0,0.0,45000.0,0.0,15629.000000000015,0.0,712.3048983359731,0.0,15628.999999999998,60166.60979667192,45.0,45000.0,15629.000000000015,712.3048983359731
A2,'Loipersdorf',105.5,2.0,0.0,27899.0,13287.0,41927.32661100383,19788.474256334783,1.0,17.0,8.0,17000.0,8000.000000000002,12105.067770168584,11392.76287183261,16068.731075670497,13287.0,14612.0,22138.85235466905,9.0,9000.0,712.3048983359731,2781.7310756704974
A2,'St. Johann/Süd',113.05,1.0,2.0,13287.000477266132,13287.000477266132,55839.64905204145,55839.64905204145,1.0,28.0,28.0,27919.82404875459,27919.82404875459,13287.0,13287.0,13287.000477266134,13287.000477266134,0.0,0.0,0.0,0.0,0.0,0.0
A2,'St. Johann/Nord',113.24,0.0,2.0,14612.067329295864,0.0,22243.9351941791,0.0,0.0,0.0,0.0,0.0,0.0,2781.7310756704974,0.0,13903.698672760047,0.0,14612.067329295864,22243.9351941791,0.0,0.0,2781.7310756704974,13903.698672760047
A2,'Hainersdorf',133.87,0.0,1.0,16034.999999999998,0.0,66144.33253637272,0.0,1.0,32.0,0.0,32000.0,0.0,13903.698672760047,0.0,14975.864940946407,0.0,16034.999999999998,66144.33253637272,32.0,32000.0,13903.698672760047,14975.864940946407
A2,'Bad Blumau',134.06,1.0,1.0,14879.0,14879.0,39913.51522050923,39913.51522050923,1.0,33.0,33.0,32568.626366174016,32568.626366174016,13287.000477266134,13287.000477266134,675.1317213467338,675.1317213467338,0.0,0.0,0.0,0.0,0.0,0.0
A2,'Ilztal/Nord ',147.5,1.0,2.0,16946.156088329964,16946.156088329964,22142.86453298605,22142.86453298605,0.0,0.0,0.0,0.0,0.0,675.1317213467338,675.1317213467338,11746.563987839758,11746.563987839758,0.0,0.0,0.0,0.0,0.0,0.0
A2,'Arnwiesen',154.1,2.0,0.0,36495.0010822289,16966.000585729496,135214.80430038154,56438.87319577954,1.0,59.0,23.0,59000.0,23000.0,26722.428928786165,11746.563987839758,35329.83107897693,16966.000585729525,19529.0004964994,78775.931104602,36.0,36000.0,14975.864940946407,18363.830493247406
A2,'Laßnitzhöhe Nord',170.16,0.0,1.0,27470.0,0.0,89210.41764080411,0.0,1.0,42.0,0.0,41610.291346263315,0.0,18363.830493247406,0.0,21358.74796738615,0.0,27470.0,89210.41764080411,42.0,41610.291346263315,18363.830493247406,21358.74796738615
A2,'Laßnitzhöhe Süd',170.65,1.0,1.0,29743.0,29743.0,119872.94775894134,119872.94775894134,1.0,57.0,57.0,57000.0,57000.0,16966.000585729525,16966.000585729525,19902.474465200197,19902.474465200197,0.0,0.0,0.0,0.0,0.0,0.0
A2,'Kaiserwald',190.77,2.0,0.0,42649.00410506857,20682.001624263023,212311.14271654858,122041.70261988904,1.0,131.0,73.0,130802.3257751455,72802.3257751455,41261.22243258635,19902.474465200197,16614.468015715156,8120.999999999229,21967.00248080555,90269.44009665956,58.0,58000.0,21358.74796738615,8493.468015715927
A2,'Herzogberg Nord',220.13,0.0,1.0,8807.00000002098,0.0,51848.951152018446,0.0,1.0,26.0,0.0,26000.0,0.0,8493.468015715927,0.0,8417.94359172515,0.0,8807.00000002098,51848.951152018446,26.0,26000.0,8493.468015715927,8417.94359172515
A2,'Herzogberg Süd',220.19,1.0,1.0,8120.999999999229,8120.999999999229,24362.120249568077,24362.120249568077,1.0,20.0,20.0,19742.886144808388,19742.886144808388,8120.999999999229,8120.999999999229,559.1739799748784,559.1739799748784,0.0,0.0,0.0,0.0,0.0,0.0
A2,'Pack',235.21,2.0,0.0,16928.0,8120.999999999999,38160.3171582835,11620.302997858087,1.0,26.0,6.0,26000.0,6000.0,8977.11757170003,559.1739799748784,2057.276150841777,369.325478903922,8807.0,26540.01416042541,20.0,20000.0,8417.94359172515,1687.950671937855
A2,'Twimberg Süd',242.34,1.0,2.0,9189.0,9189.0,32127.24787077568,32127.24787077568,1.0,16.0,16.0,16000.0,16000.0,369.325478903922,369.325478903922,432.9494142917629,432.9494142917629,0.0,0.0,0.0,0.0,0.0,0.0
A2,'Twimberg Nord',242.44,0.0,2.0,8465.0,0.0,12179.507200753324,0.0,0.0,0.0,0.0,0.0,0.0,1687.950671937855,0.0,7777.704272314517,0.0,8465.0,12179.507200753324,0.0,0.0,1687.950671937855,7777.704272314517
A2,'Fischering',259.85,1.0,2.0,10919.0,10919.0,19551.337675387487,19551.337675387487,0.0,0.0,0.0,1.0040422874409843e-11,1.0040422874409843e-11,432.9494142917629,432.9494142917629,10208.618251985496,10208.618251985496,0.0,0.0,0.0,0.0,0.0,0.0
A2,'St. Ändra',262.91,0.0,2.0,11358.00000168869,0.0,46444.591455370966,0.0,1.0,31.0,0.0,31000.0,0.0,7777.704272314517,0.0,0.0,0.0,11358.00000168869,46444.591455370966,31.0,31000.0,7777.704272314517,0.0
A2,'Gönitz/Süd',268.86,1.0,2.0,11607.0,11607.0,37377.39333079138,37377.39333079138,1.0,28.0,28.0,27999.99999999998,27999.99999999998,10208.618251985496,10208.618251985496,897.3149173812071,897.3149173812071,0.0,0.0,0.0,0.0,0.0,0.0
A2,'Gönitz/Nord',268.89,0.0,2.0,12420.0,0.0,14890.993721836305,0.0,0.0,0.0,0.0,0.0,0.0,0.0,0.0,7445.496860918152,0.0,12420.0,14890.993721836305,0.0,0.0,0.0,7445.496860918152
A2,'Haimburg Nord',279.17,0.0,2.0,10779.0,0.0,21954.76010391007,0.0,1.0,8.0,0.0,8000.0,0.0,7445.496860918152,0.0,10422.876912873187,0.0,10779.0,21954.76010391007,8.0,8000.0,7445.496860918152,10422.876912873187
A2,'Völkermarkt',285.09,2.0,0.0,21133.0,10354.0,43435.933157851614,30778.45505708712,1.0,12.0,6.0,11972.615963255434,6000.0,11320.191830254395,897.3149173812071,21065.54244592477,10286.542445924768,10779.0,12657.478100764496,6.0,5972.615963255434,10422.876912873187,10779.000000000002
A2,'Grafenstein Nord',300.0,0.0,1.0,13362.0,0.0,39644.441582321415,0.0,1.0,30.0,0.0,30000.0,0.0,10779.000000000002,0.0,601.2207911607093,0.0,13362.0,39644.441582321415,30.0,30000.0,10779.000000000002,601.2207911607093
A2,'Grafenstein Süd',300.0,1.0,1.0,13587.999999999998,13587.999999999998,64499.09491933518,64499.09491933518,1.0,36.0,36.0,36000.0,36000.0,10286.542445924768,10286.542445924768,6536.089905592356,6536.089905592356,0.0,0.0,0.0,0.0,0.0,0.0
A2,'Krumpendorf/Nord',329.28,0.0,2.0,19027.00404912327,0.0,72939.3212153292,0.0,1.0,37.0,0.0,36111.577198842235,0.0,601.2207911607093,0.0,959.3041999830748,0.0,19027.00404912327,72939.3212153292,37.0,36111.577198842235,601.2207911607093,959.3041999830748
A2,'Karawankenblick/Süd',333.84,1.0,2.0,19384.999372588507,19384.999372588507,24175.820186266053,24175.820186266053,0.0,0.0,0.0,0.0,0.0,6536.089905592356,6536.089905592356,18623.999998725383,18623.999998725383,0.0,0.0,0.0,0.0,0.0,0.0
A2,'Wörthersee',340.13,2.0,0.0,38076.99999701492,18623.999998725383,75344.61920701242,33207.340641554634,1.0,56.0,35.0,56000.0,35000.0,19583.304198708458,18623.999998725383,1255.6138022146697,227.6703195027003,19452.999998289542,42137.27856545779,21.0,21000.0,959.3041999830748,1027.9434827119694
A2,'Sternberg/Süd',349.01,1.0,2.0,19615.999955893047,19615.999955893047,0.0,0.0,0.0,0.0,0.0,0.0,0.0,227.6703195027003,227.6703195027003,227.6703195027003,227.6703195027003,0.0,0.0,0.0,0.0,0.0,0.0
A2,'Sternberg/Nord',349.03,0.0,2.0,17176.999989573145,0.0,30590.1422357276,0.0,0.0,0.0,0.0,0.0,0.0,1027.9434827119694,0.0,16323.014600575769,0.0,17176.999989573145,30590.1422357276,-0.0,0.0,1027.9434827119694,16323.014600575769
A2,'Federaun/Nord',361.73,0.0,2.0,16516.999999999996,0.0,41902.47823736397,0.0,1.0,28.0,0.0,28000.0,0.0,16323.014600575769,0.0,9274.253719257753,0.0,16516.999999999996,41902.47823736397,28.0,28000.0,16323.014600575769,9274.253719257753
A2,'Federaun/Süd',362.78,1.0,2.0,14962.999999991674,14962.999999991674,53969.28273959152,53969.28273959152,1.0,27.0,27.0,27000.0,27000.0,227.6703195027003,227.6703195027003,212.31168929846172,212.31168929846172,0.0,0.0,0.0,0.0,0.0,0.0
A2,'Dreiländereck Süd',374.17,2.0,0.0,29010.99995582863,19615.999955893047,73068.57514847351,49722.012510574656,1.0,45.0,25.0,44751.14553937141,24751.145539371417,9486.565408556215,212.31168929846172,1269.7074434215497,322.17240521437293,9394.99999993558,23346.56263789885,20.0,20000.0,9274.253719257753,947.5350382071767
A2,'Dreiländereck Nord',374.27,2.0,0.0,24357.99999982947,14963.000000000002,3460.5851131569007,3355.655189571254,1.0,3.0,2.0,3000.0,2000.0,1269.7074434215497,322.17240521437293,0.0,0.0,9394.999999829468,104.92992358564643,1.0,1000.0,947.5350382071767,0.0
A21,'Alland',14.68,2.0,0.0,40163.5,20070.5,103417.58750904436,53997.24861527208,1.0,32.0,27.0,31998.62430763604,26998.62430763604,0.0,0.0,19710.169446886135,0.0,20093.0,49420.33889377227,5.0,5000.0,0.0,19710.169446886135
A21,'Dornbach',19.96,1.0,2.0,19174.48344498892,19174.48344498892,20444.35624155757,20444.35624155757,0.0,0.0,-0.0,0.0,0.0,0.0,0.0,10222.178120778786,10222.178120778786,0.0,0.0,0.0,0.0,0.0,0.0
A21,'Hinterbrühl',26.99,0.0,1.0,19730.962284466663,0.0,44502.271823291965,0.0,1.0,42.0,0.0,41961.30535853212,0.0,19710.169446886135,0.0,0.0,0.0,19730.962284466663,44502.271823291965,42.0,41961.30535853212,19710.169446886135,0.0
A21,'Sparbach',26.99,1.0,2.0,19671.37785407049,19671.37785407049,27694.943399277778,27694.943399277778,1.0,25.0,25.0,24069.649820417675,24069.649820417675,10222.178120778786,10222.178120778786,0.0,0.0,0.0,0.0,0.0,0.0,0.0,0.0
A22,'Korneuburg West',18.04,1.0,0.0,32131.000000493023,32131.000000493023,63932.21893438356,63932.21893438356,1.0,2.0,2.0,2000.0,2000.0,0.0,0.0,29966.10946719178,29966.10946719178,0.0,0.0,0.0,0.0,0.0,0.0
A22,'Korneuburg Ost',18.12,0.0,0.0,32321.000000000007,0.0,116866.4197787237,0.0,1.0,59.0,0.0,58433.20988936185,0.0,0.0,0.0,0.0,0.0,32321.000000000007,116866.4197787237,59.0,58433.20988936185,0.0,0.0
A22,'Stockerau',28.09,1.0,0.0,30190.007584098337,30190.007584098337,9009.757712564318,9009.757712564318,1.0,35.0,35.0,34470.98832347394,34470.98832347394,29966.10946719178,29966.10946719178,0.0,0.0,0.0,0.0,0.0,0.0,0.0,0.0
A25,'Pucking',5.97,0.0,1.0,21620.0,0.0,25350.64141680889,0.0,0.0,0.0,0.0,0.0,0.0,0.0,0.0,12675.320708404444,0.0,21620.0,25350.64141680889,0.0,0.0,0.0,12675.320708404444
A25,'Sinnersdorf/Süd',6.11,1.0,2.0,21271.0,21271.0,28981.93257809412,28981.93257809412,0.0,0.0,0.0,0.0,0.0,0.0,0.0,14490.96628904706,14490.96628904706,0.0,0.0,0.0,0.0,0.0,0.0
A25,'Wels',13.06,2.0,0.0,49975.503210327646,24897.02101145736,71240.92245977157,35752.43236667305,1.0,64.0,33.0,62786.74822733729,32367.182472383585,27166.286997451505,14490.96628904706,0.0,0.0,25078.48219887029,35488.490093098524,31.0,30419.565754953706,12675.320708404444,0.0
A3,'Hornstein',28.0,2.0,0.0,35088.0,17661.0,114520.76259901357,47668.58798974191,1.0,58.0,24.0,57260.381299506786,23834.293994870954,0.0,0.0,0.0,0.0,17427.0,66852.17460927166,34.0,33426.08730463583,0.0,0.0
A4,'Simmering',2.45,0.0,0.0,35371.78969176939,0.0,22257.83857434953,0.0,0.0,0.0,0.0,0.0,0.0,0.0,0.0,11128.919287174765,0.0,35371.78969176939,22257.83857434953,0.0,0.0,0.0,11128.919287174765
A4,'Fischamend',22.33,0.0,1.0,28227.0,0.0,112756.86408974236,0.0,1.0,68.0,0.0,67507.35133204595,0.0,11128.919287174765,0.0,0.0,0.0,28227.0,112756.86408974236,68.0,67507.35133204595,11128.919287174765,0.0
A4,'Maria Ellend',22.48,1.0,1.0,27990.0,27990.0,32591.644875563223,32591.644875563223,0.0,0.0,0.0,0.0,0.0,0.0,0.0,16295.822437781611,16295.822437781611,0.0,0.0,0.0,0.0,0.0,0.0
A4,'Göttlesbrunn',28.04,2.0,0.0,47550.0,23278.0,112197.1085476203,84150.56147475471,1.0,73.0,59.0,72160.8419237399,58371.10317515896,16295.822437781611,16295.822437781611,233.53478785184416,0.0,24272.0,28046.547072865586,14.0,13789.738748580949,0.0,233.53478785184416
A4,'Parndorf',46.23,1.0,2.0,19928.0,19928.0,74634.97330866668,74634.97330866668,1.0,37.0,37.0,36887.87889844706,36887.87889844706,0.0,0.0,429.6077558862786,429.6077558862786,0.0,0.0,0.0,0.0,0.0,0.0
A4,'Neusiedl',47.01,0.0,2.0,21837.0,0.0,82260.78440998313,0.0,1.0,41.0,0.0,41000.0,0.0,233.53478785184416,0.0,363.9269928434078,0.0,21837.0,82260.78440998313,41.0,41000.0,233.53478785184416,363.9269928434078
A4,'Nickelsdorf Süd',64.65,0.0,0.0,10545.000205483248,0.0,37272.146014313184,0.0,1.0,19.0,0.0,19000.0,0.0,363.9269928434078,0.0,0.0,0.0,10545.000205483248,37272.146014313184,19.0,19000.0,363.9269928434078,0.0
A4,'Nickelsdorf Nord',64.97,1.0,0.0,7158.000028017371,7158.000028017371,1140.7844882274428,1140.7844882274428,1.0,1.0,1.0,1000.0,1000.0,429.6077558862786,429.6077558862786,0.0,0.0,0.0,0.0,0.0,0.0,0.0,0.0
A5,'Hochleithen',10.63,2.0,0.0,35611.2,18304.7,171050.44466718304,136176.4756229533,1.0,87.0,69.0,85525.22233359152,68088.23781147665,0.0,0.0,0.0,0.0,17306.5,34873.96904422976,18.0,17436.98452211488,0.0,0.0
A6,'Potzneusiedl',10.8,2.0,0.0,15204.999999970727,7878.999999983744,33671.23460537669,17937.695343993484,1.0,17.0,9.0,16835.617302688344,8968.847671996742,0.0,0.0,0.0,0.0,7325.999999986983,15733.539261383205,8.0,7866.769630691602,0.0,0.0
A7,'Engerwitzdorf',25.71,1.0,1.0,19344.0,19344.0,4050.242286953621,4050.242286953621,1.0,3.0,3.0,2025.1211434768104,2025.1211434768104,0.0,0.0,0.0,0.0,0.0,0.0,0.0,0.0,0.0,0.0
A7,'Denk',25.76,0.0,1.0,18851.0,0.0,97075.89483825683,0.0,1.0,49.0,0.0,48537.94741912842,0.0,0.0,0.0,0.0,0.0,18851.0,97075.89483825683,49.0,48537.94741912842,0.0,0.0
A8,'Voralpenkreuz',0.17,2.0,0.0,20453.0,10372.0,35002.97696040159,34120.79930409758,0.0,17.0,17.0,17000.0,17000.0,0.0,0.0,501.48848020079555,60.399652048788994,10081.0,882.1776563040131,-0.0,0.0,0.0,441.08882815200656
A8,'Oberham/Süd',16.76,1.0,2.0,24053.99876684948,24053.99876684948,18977.635739131696,18977.635739131696,0.0,0.0,0.0,0.0,0.0,60.399652048788994,60.399652048788994,9549.217521614635,9549.217521614635,0.0,0.0,0.0,0.0,0.0,0.0
A8,'Oberham/Nord',18.32,0.0,2.0,21938.95947401208,0.0,79070.52120426737,0.0,1.0,36.0,0.0,36000.00000000001,0.0,441.08882815200656,0.0,3976.349430285687,0.0,21938.95947401208,79070.52120426737,36.0,36000.00000000001,441.08882815200656,3976.349430285687
A8,'Schnittering/Süd',20.68,1.0,2.0,17695.568077309275,17695.568077309275,46433.72435952304,46433.72435952304,1.0,33.0,33.0,32766.079701376155,32766.079701376155,9549.217521614635,9549.217521614635,0.0,0.0,0.0,0.0,0.0,0.0,0.0,0.0
A8,'Kematen/Nord',24.85,0.0,2.0,16374.0,0.0,21401.04458132792,0.0,0.0,0.0,0.0,0.0,0.0,3976.349430285687,0.0,14676.871720949644,0.0,16374.0,21401.04458132792,-0.0,0.0,3976.349430285687,14676.871720949644
A8,'Aistersheim',33.81,2.0,0.0,30956.0,15977.0,60874.30024176926,34038.438051245816,1.0,45.0,17.0,45000.000000000044,17000.00000000002,14676.871720949644,0.0,114.02184183423651,19.219025622890513,14979.0,26835.862190523447,28.0,28000.000000000022,14676.871720949644,94.802816211346
A8,'Gotthaming',43.74,0.0,2.0,13574.002126406618,0.0,26867.96010209468,0.0,1.0,8.0,0.0,8000.0,0.0,94.802816211346,0.0,5528.782867258686,0.0,13574.002126406618,26867.96010209468,8.0,8000.0,94.802816211346,5528.782867258686
A8,'Renhartsberg',44.47,1.0,2.0,14008.000000000133,14008.000000000133,14392.702685008398,14392.702685008398,1.0,4.0,4.0,4000.0000000000346,4000.0000000000346,19.219025622890513,19.219025622890513,3215.570368127055,3215.570368127055,0.0,0.0,0.0,0.0,0.0,0.0
A8,'Grübl/Süd’,49.59,1.0,2.0,14008.0,14008.0,20419.630414824154,20419.630414824154,0.0,0.0,0.0,0.0,0.0,3215.570368127055,3215.570368127055,13425.385575539132,13425.385575539132,0.0,0.0,0.0,0.0,0.0,0.0
A8,'Grübl/Nord',49.61,0.0,2.0,13574.000000000002,0.0,15944.892462999343,0.0,0.0,0.0,0.0,0.0,0.0,5528.782867258686,0.0,13501.229098758358,0.0,13574.000000000002,15944.892462999343,-0.0,0.0,5528.782867258686,13501.229098758358
A8,'Murau West',56.77,1.0,1.0,14172.0,14172.0,41708.92113869764,41708.92113869764,1.0,29.0,29.0,29000.0,29000.0,13425.385575539132,13425.385575539132,5279.846144887952,5279.846144887952,0.0,0.0,0.0,0.0,0.0,0.0
A8,'Murau Ost',56.88,0.0,1.0,13536.0,0.0,19847.682360943298,0.0,1.0,23.0,0.0,22792.447106752017,0.0,13501.229098758358,0.0,632.6231724779918,0.0,13536.0,19847.682360943298,23.0,22792.447106752017,13501.229098758358,632.6231724779918
A8,'Marienkirchen/Schärding’,71.6,1.0,1.0,10055.234280795672,10055.234280795672,6370.451690557319,6370.451690557319,0.0,0.0,0.0,0.0,0.0,5279.846144887952,5279.846144887952,8465.07199016661,8465.07199016661,0.0,0.0,0.0,0.0,0.0,0.0
A8,'Dietrichshofen/Ost',72.06,0.0,2.0,8836.923336744558,0.0,26734.753655044016,0.0,1.0,14.0,0.0,14000.0,0.0,632.6231724779918,0.0,0.0,0.0,8836.923336744558,26734.753655044016,14.0,14000.0,632.6231724779918,0.0
A8,'Suben West',74.77,1.0,0.0,9186.000000189424,9186.000000189424,2309.5037607612567,2309.5037607612567,1.0,10.0,10.0,9619.82387054724,9619.82387054724,8465.07199016661,8465.07199016661,0.0,0.0,0.0,0.0,0.0,0.0,0.0,0.0
A9,'Maisdorf/Ost',12.66,1.0,2.0,10503.0,10503.0,49687.49353628505,49687.49353628505,1.0,24.0,24.0,24000.0,24000.0,0.0,0.0,843.746768142526,843.746768142526,0.0,0.0,0.0,0.0,0.0,0.0
A9,'Maisdorf/West',12.73,0.0,2.0,11055.0,0.0,28126.582456850745,0.0,1.0,14.0,0.0,13650.141299583385,0.0,0.0,0.0,413.1499288419873,0.0,11055.0,28126.582456850745,14.0,13650.141299583385,0.0,413.1499288419873
A9,'St. Pankraz',36.36,2.0,0.0,13974.0,6941.0,59101.108124232705,25927.407981916764,1.0,31.0,14.0,30807.45075910091,13807.45075910091,1256.8966969845133,843.746768142526,-3.9904080040287226e-11,0.0,7033.0,33173.700142315945,17.0,17000.0,413.1499288419873,-3.9904080040287226e-11
A9,'Pyhrn-Priel Ost’,55.03,1.0,1.0,7591.971611767987,7591.971611767987,16849.293094569046,16849.293094569046,1.0,8.0,8.0,8000.0,8000.0,0.0,0.0,424.64654728452297,424.64654728452297,0.0,0.0,0.0,0.0,0.0,0.0
A9,'Pyhrn-Priel West',55.04,0.0,1.0,8230.855228133318,0.0,31192.30198661983,0.0,1.0,15.0,0.0,15000.0,0.0,-3.9904080040287226e-11,0.0,596.1509933098752,0.0,8230.855228133318,31192.30198661983,15.0,15000.0,-3.9904080040287226e-11,596.1509933098752
A9,'Ardning Ost',65.96,1.0,2.0,13083.999999877302,13083.999999877302,31041.45899234372,31041.45899234372,1.0,16.0,16.0,15945.376043456383,15945.376043456383,424.64654728452297,424.64654728452297,0.0,0.0,0.0,0.0,0.0,0.0,0.0,0.0
A9,'Ardning West',66.04,0.0,2.0,13361.999999983376,0.0,29114.41644929437,0.0,1.0,15.0,0.0,15000.0,0.0,596.1509933098752,0.0,153.35921795706065,0.0,13361.999999983376,29114.41644929437,15.0,15000.0,596.1509933098752,153.35921795706065
A9,'Rottenmann/Nord',77.91,1.0,2.0,13084.0,13084.0,20345.18808414952,20345.18808414952,0.0,0.0,0.0,0.0,0.0,0.0,0.0,10172.59404207476,10172.59404207476,0.0,0.0,0.0,0.0,0.0,0.0
A9,'Rottenmann/Süd',78.18,0.0,2.0,13362.0,0.0,32196.632573168365,0.0,1.0,16.0,0.0,16000.0,0.0,153.35921795706065,0.0,251.67550454124296,0.0,13362.0,32196.632573168365,16.0,16000.0,153.35921795706065,251.67550454124296
A9,'Trieben',85.7,2.0,0.0,20906.0,10287.0,29194.785607799568,13223.224664742887,1.0,14.0,7.0,14000.000000000082,7000.000000000053,10424.269546616002,10172.59404207476,11021.662350515704,9784.20637444615,10619.0,15971.560943056678,7.0,7000.000000000029,251.67550454124296,1237.4559760695538
A9,'Gaishorn',92.11,1.0,1.0,10287.0,10287.0,59758.32239265699,59758.32239265699,1.0,30.0,30.0,30000.0,30000.0,9784.20637444615,9784.20637444615,9663.367570774646,9663.367570774646,0.0,0.0,0.0,0.0,0.0,0.0
A9,'Treglwang',94.03,0.0,2.0,10619.0,0.0,17705.39000500141,0.0,0.0,0.0,0.0,0.0,0.0,1237.4559760695538,0.0,10090.150978570258,0.0,10619.0,17705.39000500141,0.0,0.0,1237.4559760695538,10090.150978570258
A9,'Kalwang',106.26,0.0,1.0,10953.0,0.0,26930.486362994383,0.0,1.0,24.0,0.0,23555.39416006745,0.0,10090.150978570258,0.0,0.0,0.0,10953.0,26930.486362994383,24.0,23555.39416006745,10090.150978570258,0.0
A9,'Kammern Nord',121.18,1.0,2.0,10926.0,10926.0,175.9889804448717,175.9889804448717,0.0,0.0,0.0,0.0,0.0,9663.367570774646,9663.367570774646,9751.362060997082,9751.362060997082,0.0,0.0,0.0,0.0,0.0,0.0
A9,'Kammern Süd',121.26,2.0,0.0,21954.0,10926.0,64341.42807325543,31427.413623646764,1.0,36.0,19.0,35199.89028033582,18742.883055531493,9751.362060997082,9751.362060997082,6722.185817288972,6722.185817288972,11028.0,32914.014449608665,17.0,16457.007224804333,0.0,0.0
A9,'St. Michael',135.01,0.0,2.0,11073.004965524444,0.0,30404.004309309235,0.0,1.0,9.0,0.0,8763.84540688371,0.0,0.0,0.0,6438.156747770908,0.0,11073.004965524444,30404.004309309235,9.0,8763.84540688371,0.0,6438.156747770908
A9,'Ortnerhof Süd’,135.65,0.0,2.0,11073.999444063618,0.0,1386.6510981153897,0.0,0.0,0.0,0.0,0.0,0.0,6438.156747770908,0.0,7131.482296828603,0.0,11073.999444063618,1386.6510981153897,-0.0,0.0,6438.156747770908,7131.482296828603
A9,'Ortnerhof Nord',135.65,1.0,2.0,10574.999873012946,10574.999873012946,7705.628111447948,7705.628111447948,0.0,0.0,0.0,0.0,0.0,6722.185817288972,6722.185817288972,10574.999873012946,10574.999873012946,0.0,0.0,0.0,0.0,0.0,0.0
A9,'Hinterlainsach/Ost',139.16,0.0,2.0,11074.0,0.0,7841.721665687022,0.0,0.0,0.0,0.0,0.0,0.0,7131.482296828603,0.0,11052.343129672114,0.0,11074.0,7841.721665687022,-0.0,0.0,7131.482296828603,11052.343129672114
A9,'Hinterlainsach/West',139.3,1.0,2.0,10575.0,10575.0,31388.73352344284,31388.73352344284,1.0,24.0,24.0,24000.0,24000.0,10574.999873012946,10574.999873012946,2269.366634734366,2269.366634734366,0.0,0.0,0.0,0.0,0.0,0.0
A9,'Kleintal',150.57,0.0,2.0,11777.0,0.0,26809.336064293304,0.0,1.0,17.0,0.0,17000.0,0.0,11052.343129672114,0.0,7457.011161818765,0.0,11777.0,26809.336064293304,17.0,17000.0,11052.343129672114,7457.011161818765
A9,'Übelbach 1',154.16,1.0,2.0,11512.0,11512.0,17781.923523171823,17781.923523171823,0.0,0.0,0.0,0.0,0.0,2269.366634734366,2269.366634734366,11160.328396320278,11160.328396320278,0.0,0.0,0.0,0.0,0.0,0.0
A9,'Übelbach 2',154.24,0.0,2.0,11777.0,0.0,8639.97767636247,0.0,0.0,0.0,0.0,0.0,0.0,7457.011161818765,0.0,11777.0,0.0,11777.0,8639.97767636247,0.0,0.0,7457.011161818765,11777.0
A9,'Deutschfeistritz',161.95,2.0,0.0,23289.000114064176,11512.00005904891,76050.65254937344,58046.72415264104,1.0,60.0,40.0,60000.0,40000.0,22937.328396320278,11160.328396320278,962.6546710069997,183.69047264079927,11777.000055015264,18003.928396732397,20.0,20000.0,11777.0,778.9641983662004
A9,'Eggenfeld',169.13,0.0,2.0,20432.1080698656,0.0,29453.135965858,0.0,0.0,0.0,0.0,0.0,0.0,778.9641983662004,0.0,15505.5321812952,0.0,20432.1080698656,29453.135965858,-0.0,0.0,778.9641983662004,15505.5321812952
A9,'Feldkirchen',186.97,1.0,2.0,29999.01028154669,29999.01028154669,57184.44424849908,57184.44424849908,1.0,3.0,3.0,3000.0,3000.0,183.69047264079927,183.69047264079927,25775.91259689034,25775.91259689034,0.0,0.0,0.0,0.0,0.0,0.0
A9,'Premstätten',192.48,0.0,1.0,32302.511670869648,0.0,152381.31708348572,0.0,1.0,92.0,0.0,91503.0265529173,0.0,15505.5321812952,0.0,193.16417012074817,0.0,32302.511670869648,152381.31708348572,92.0,91503.0265529173,15505.5321812952,193.16417012074817
A9,'Thalerhof',196.52,1.0,2.0,26113.265874187266,26113.265874187266,77662.26512324884,77662.26512324884,1.0,46.0,46.0,45733.08953877043,45733.08953877043,25775.91259689034,25775.91259689034,18873.955619744334,18873.955619744334,0.0,0.0,0.0,0.0,0.0,0.0
A9,'Gralla West',211.06,0.0,0.0,20689.0,0.0,76643.58637779353,0.0,1.0,38.0,0.0,38000.0,0.0,193.16417012074817,0.0,514.9573590175169,0.0,20689.0,76643.58637779353,38.0,38000.0,193.16417012074817,514.9573590175169
A9,'Gralla Ost',211.45,1.0,0.0,19399.0,19399.0,52785.10516275293,52785.10516275293,1.0,45.0,45.0,45000.0,45000.0,18873.955619744334,18873.955619744334,266.50820112080055,266.50820112080055,0.0,0.0,0.0,0.0,0.0,0.0
A9,'Straß Ost’,225.02,1.0,2.0,7452.000000000777,7452.000000000777,7466.983597758399,7466.983597758399,1.0,4.0,4.0,4000.0,4000.0,266.50820112080055,266.50820112080055,0.0,0.0,0.0,0.0,0.0,0.0,0.0,0.0
A9,'Straß West',225.02,0.0,2.0,8239.000000000515,0.0,22970.085281964966,0.0,1.0,12.0,0.0,12000.0,0.0,514.9573590175169,0.0,0.0,0.0,8239.000000000515,22970.085281964966,12.0,12000.0,514.9573590175169,0.0
S16,'Schnann',18.9,2.0,0.0,9860.99996031521,4918.999960315217,43437.30630977449,24737.232699426502,1.0,13.0,8.0,13000.0,8000.0,0.0,0.0,8718.653154887243,4368.616349713251,4941.999999999992,18700.073610347983,5.0,5000.0,0.0,4350.0368051739915
S16,'Klösterle',44.17,1.0,0.0,4439.000000265529,4439.000000265529,13183.237295726443,13183.237295726443,1.0,11.0,11.0,10479.562800243963,10479.562800243963,4368.616349713251,4368.616349713251,480.67219733251045,480.67219733251045,0.0,0.0,0.0,0.0,0.0,0.0
S16,'Innerbraz',54.99,0.0,0.0,5391.999999999998,0.0,38789.08951452321,0.0,1.0,23.0,0.0,22927.81938043026,0.0,4350.0368051739915,0.0,816.7621820053391,0.0,5391.999999999998,38789.08951452321,23.0,22927.81938043026,4350.0368051739915,816.7621820053391
S16,'Radin Süd',59.01,1.0,2.0,5252.0,5252.0,3038.655605334979,3038.655605334979,1.0,2.0,2.0,2000.0,2000.0,480.67219733251045,480.67219733251045,0.0,0.0,0.0,0.0,0.0,0.0,0.0,0.0
S16,'Radin Nord',59.03,0.0,2.0,5392.0,0.0,4366.475635989322,0.0,1.0,3.0,0.0,3000.0,0.0,816.7621820053391,0.0,0.0,0.0,5392.0,4366.475635989322,3.0,3000.0,816.7621820053391,0.0
S1A,'Schwechat',9.85,2.0,0.0,61703.49999987559,30239.99999989978,98660.20943375537,59618.68647486362,1.0,50.0,30.0,49330.104716877686,29809.34323743181,0.0,0.0,0.0,0.0,31463.499999975807,39041.52295889174,20.0,19520.76147944587,0.0,0.0
S1B,'Deutsch Wagram',39.05,2.0,0.0,32604.83333333333,16366.866666666663,73145.99870320682,63468.89404468598,1.0,37.0,32.0,36572.99935160341,31734.44702234299,0.0,0.0,0.0,0.0,16237.966666666664,9677.10465852084,5.0,4838.55232926042,0.0,0.0
S3,'Hollabrunn',23.6,1.0,2.0,6766.0,6766.0,15563.630436509862,15563.630436509862,1.0,8.0,8.0,7781.815218254931,7781.815218254931,0.0,0.0,0.0,0.0,0.0,0.0,0.0,0.0,0.0,0.0
S31,‘Mattersburg’,52.09,1.0,2.0,8153.0,8153.0,26231.718576042676,26231.718576042676,1.0,7.0,7.0,6999.999999999996,6999.999999999996,0.0,0.0,6115.859288021342,6115.859288021342,0.0,0.0,0.0,0.0,0.0,0.0
S31,'Forchtenstein’,52.45,0.0,2.0,7857.0,0.0,29576.297095027607,0.0,1.0,9.0,0.0,9000.0,0.0,0.0,0.0,5788.148547513803,0.0,7857.0,29576.297095027607,9.0,9000.0,0.0,5788.148547513803
S31,'Kobersdorf',66.91,0.0,2.0,6223.999999590788,0.0,17886.095398002628,0.0,1.0,15.0,0.0,14731.196246515117,0.0,5788.148547513803,0.0,0.0,0.0,6223.999999590788,17886.095398002628,15.0,14731.196246515117,5788.148547513803,0.0
S31,'Tschurndorf',68.14,1.0,2.0,6566.999817015507,6566.999817015507,21185.283057988152,21185.283057988152,1.0,17.0,17.0,16708.500817015418,16708.500817015418,6115.859288021342,6115.859288021342,0.0,0.0,0.0,0.0,0.0,0.0,0.0,0.0
S33,'St. Pölten Ost',1.84,0.0,0.0,15332.000000000002,0.0,42162.713450383104,0.0,1.0,6.0,0.0,6000.0,0.0,0.0,0.0,15081.356725191552,0.0,15332.000000000002,42162.713450383104,6.0,6000.0,0.0,15081.356725191552
S33,'Inzersdorf',15.28,1.0,1.0,15650.364459623052,15650.364459623052,47979.53816597848,47979.53816597848,1.0,24.0,24.0,23989.76908298924,23989.76908298924,0.0,0.0,0.0,0.0,0.0,0.0,0.0,0.0,0.0,0.0
S33,'Herzogenburg',15.69,0.0,1.0,15657.319893344473,0.0,36041.87317235301,0.0,1.0,34.0,0.0,33102.293311368056,0.0,15081.356725191552,0.0,0.0,0.0,15657.319893344473,36041.87317235301,34.0,33102.293311368056,15081.356725191552,0.0
S35,'Frohnleiten Ost',26.82,1.0,2.0,9690.0,9690.0,18587.030666064784,18587.030666064784,1.0,10.0,10.0,9293.515333032392,9293.515333032392,0.0,0.0,0.0,0.0,0.0,0.0,0.0,0.0,0.0,0.0
S35,'Frohnleiten West',26.82,0.0,2.0,9816.0,0.0,51001.472361815664,0.0,1.0,26.0,0.0,25500.736180907832,0.0,0.0,0.0,0.0,0.0,9816.0,51001.472361815664,26.0,25500.736180907832,0.0,0.0
S36,'St. Marein Nord',14.89,0.0,0.0,10113.0,0.0,30156.505485607195,0.0,1.0,6.0,0.0,6000.0,0.0,0.0,0.0,9078.252742803597,0.0,10113.0,30156.505485607195,6.0,6000.0,0.0,9078.252742803597
S36,'St. Marein Süd',14.97,1.0,0.0,10133.0,10133.0,39904.344783471744,39904.344783471744,1.0,20.0,20.0,19638.81156499399,19638.81156499399,0.0,0.0,313.3608267418822,313.3608267418822,0.0,0.0,0.0,0.0,0.0,0.0
S36,'Strettweg',34.61,1.0,2.0,9701.0,9701.0,5373.278346516238,5373.278346516238,1.0,3.0,3.0,3000.0,3000.0,313.3608267418822,313.3608267418822,0.0,0.0,0.0,0.0,0.0,0.0,0.0,0.0
S36,'Hauswald',35.77,0.0,2.0,9740.5,0.0,40577.73593246791,0.0,1.0,30.0,0.0,29367.120709037554,0.0,9078.252742803597,0.0,0.0,0.0,9740.5,40577.73593246791,30.0,29367.120709037554,9078.252742803597,0.0
S37,'Hunnenbrunnen',285.19,0.0,2.0,19888.0,9830.0,36142.46463235457,31846.6690887825,0.0,16.0,16.0,15923.33454439125,15923.33454439125,0.0,0.0,2147.897771786036,0.0,10058.000000000002,4295.795543572071,0.0,0.0,0.0,2147.897771786036
S37,'Zollfeld',293.91,0.0,2.0,10058.0,0.0,17382.606338754165,0.0,1.0,11.0,0.0,10839.200941163119,0.0,2147.897771786036,0.0,0.0,0.0,10058.0,17382.606338754165,11.0,10839.200941163119,2147.897771786036,0.0
S5,'Zaina',6.3,0.0,2.0,17736.0,0.0,22057.74265192454,0.0,0.0,0.0,0.0,0.0,0.0,0.0,0.0,11028.871325962267,0.0,17736.0,22057.74265192454,0.0,0.0,0.0,11028.871325962267
S5,'Grafenwörth',32.85,2.0,0.0,24240.0,12223.0,92944.80421055126,29144.46212768733,1.0,58.0,15.0,57501.2734312379,14572.231063843665,11028.871325962267,0.0,0.0,0.0,12017.0,63800.34208286393,43.0,42929.042367394235,11028.871325962267,0.0
S6,'Natschbach',3.22,2.0,0.0,28895.0,14454.000000000002,49805.03843322329,41975.63830958102,1.0,25.0,21.0,23743.028369122687,20605.668032898084,0.0,0.0,1159.4908474889585,382.1511218924279,14441.0,7829.400123642268,4.0,3137.3603362246035,0.0,777.3397255965306
S6,'Gloggnitz Süd',17.81,1.0,2.0,7935.5,7935.5,9081.297254301347,9081.297254301347,0.0,0.0,0.0,0.0,0.0,382.1511218924279,382.1511218924279,4922.799749043101,4922.799749043101,0.0,0.0,0.0,0.0,0.0,0.0
S6,'Gloggnitz Nord',18.44,0.0,2.0,8009.0,0.0,24242.62115602437,0.0,1.0,12.0,0.0,12000.0,0.0,777.3397255965306,0.0,898.6503036087156,0.0,8009.0,24242.62115602437,12.0,12000.0,777.3397255965306,898.6503036087156
S6,'Schottwien',23.57,2.0,0.0,15944.5,7935.5,47842.38487070686,39660.78291125756,1.0,21.0,17.0,21000.0,17000.0,5821.450052651817,4922.799749043101,8742.642488005247,7753.191204671879,8009.0,8181.6019594493055,4.0,4000.0,898.6503036087156,989.4512833333683
S6,'Schwöbing Nord',48.55,0.0,0.0,9945.0,0.0,49668.15156439487,0.0,1.0,25.0,0.0,25000.0,0.0,989.4512833333683,0.0,823.527065530805,0.0,9945.0,49668.15156439487,25.0,25000.0,989.4512833333683,823.527065530805
S6,'Schwöbing Süd',48.57,1.0,0.0,9757.0,9757.0,46526.20864062981,46526.20864062981,1.0,31.0,31.0,31000.0,31000.0,7753.191204671879,7753.191204671879,16.295524986780947,16.295524986780947,0.0,0.0,0.0,0.0,0.0,0.0
S6,'St. Marein',68.99,0.0,0.0,12864.0,0.0,52521.60007264168,0.0,1.0,26.0,0.0,26000.0,0.0,823.527065530805,0.0,1084.3271018516461,0.0,12864.0,52521.60007264168,26.0,26000.0,823.527065530805,1084.3271018516461
S6,'Kapfenberg Nord',72.03,0.0,2.0,12864.0,0.0,7831.345796296708,0.0,1.0,5.0,0.0,5000.0,0.0,1084.3271018516461,0.0,0.0,0.0,12864.0,7831.345796296708,5.0,5000.0,1084.3271018516461,0.0
S6,'Kapfenberg Süd',72.45,1.0,1.0,12893.5,12893.5,83967.40895002644,83967.40895002644,1.0,42.0,42.0,42000.0,42000.0,16.295524986780947,16.295524986780947,0.0,0.0,0.0,0.0,0.0,0.0,0.0,0.0
