Time of calculation: 20210929-145126; value of objective: 46981.98876565338;  acc=20.0;  ec=0.25;  e_tax=0.15;  cfix=150000;  cvar=10000;  eta=0.011;  hours_of_constant_charging=20;  i=0.05;  T=5
highway,name,asfinag_position,direction,asfinag_type,traffic_flow,traffic_flow_0,energy_demand,energy_demand_0,pXi_dir,pYi_dir,pYi_dir_0,pE_charged,pE_charged_0,pE_input,pE_input_0,pE_output,pE_output_0,traffic_flow_1,energy_demand_1,pYi_dir_1,pE_charged_1,pE_input_1,pE_output_1
A1,'Parkplatz Großraum’,27.42,2.0,2.0,25490.0,12193.0,59974.3253495514,45433.2359044547,1.0,2.0,1.0,8.37782889461414,0.0,0.0,0.0,651.3397499504512,499.76559494900164,13297.0,14541.0894450967,1.0,8.37782889461414,0.0,151.57415500144955
A1,'Steinhäusl',32.7,2.0,0.0,63195.9999999991,31485.9999999993,111561.5048226672,34431.8825500717,1.0,2.0,1.0,1678.569193370181,678.569193370181,651.3397499504512,499.76559494900164,199.94710962960926,199.94710962960926,31709.9999999998,77129.6222725955,1.0,1000.0,151.57415500144955,0.0
A1,'Kesselhof',44.88,1.0,1.0,30234.9999967191,0.0,109130.955699818,0.0,1.0,1.0,0.0,1000.0,0.0,0.0,0.0,200.44051269799797,0.0,30234.9999967191,109130.955699818,1.0,1000.0,0.0,200.44051269799797
A1,'Kirchstetten',44.88,0.0,1.0,29897.9999954276,29897.9999954276,72732.0809427628,72732.0809427628,1.0,1.0,1.0,1000.0,1000.0,199.94710962960926,199.94710962960926,0.0,0.0,0.0,0.0,0.0,0.0,0.0,0.0
A1,'St. Pölten',62.9,2.0,1.0,71148.0,35583.0,227454.8494341069,128422.417400266,1.0,2.0,1.0,2000.0,1000.0,200.44051269799797,0.0,702.4438564731738,412.6465914029259,35565.0,99032.4320338409,1.0,1000.0,200.44051269799797,289.79726507024793
A1,'Schallaburg',76.81,1.0,1.0,29188.0,0.0,136934.360376389,0.0,1.0,1.0,0.0,1000.0,0.0,289.79726507024793,0.0,796.0752292105269,0.0,29188.0,136934.360376389,1.0,1000.0,289.79726507024793,796.0752292105269
A1,'Roggendorf',76.82,0.0,1.0,28377.0,28377.0,78562.3321961741,78562.3321961741,1.0,1.0,1.0,1000.0,1000.0,412.6465914029259,412.6465914029259,276.832245560841,276.832245560841,0.0,0.0,0.0,0.0,0.0,0.0
A1,'Ornding',88.04,0.0,1.0,27048.0,27048.0,60488.0749227046,60488.0749227046,1.0,1.0,1.0,942.2010697105916,942.2010697105916,276.832245560841,276.832245560841,0.0,0.0,0.0,0.0,0.0,0.0,0.0,0.0
A1,'Ybbs',100.32,1.0,0.0,27161.4044508388,0.0,104129.250667749,0.0,1.0,1.0,0.0,1000.0,0.0,796.0752292105269,0.0,941.496986555766,0.0,27161.4044508388,104129.250667749,1.0,1000.0,796.0752292105269,941.496986555766
A1,'Kemmelbach',101.38,0.0,0.0,26898.0000000002,26898.0000000002,72226.1001687065,72226.1001687065,1.0,1.0,1.0,178.57037883739247,178.57037883739247,0.0,0.0,615.916723018379,615.916723018379,0.0,0.0,0.0,0.0,0.0,0.0
A1,'Viehdorf',118.17,0.0,1.0,25545.0,25545.0,92117.5706346928,92117.5706346928,1.0,1.0,1.0,0.0,0.0,615.916723018379,615.916723018379,1629.2099999999998,1629.2099999999998,0.0,0.0,0.0,0.0,0.0,0.0
A1,'Amstetten',119.36,1.0,1.0,25407.0,0.0,56128.5314279588,0.0,1.0,1.0,0.0,1000.0,0.0,941.496986555766,0.0,558.9108322633127,0.0,25407.0,56128.5314279588,1.0,1000.0,941.496986555766,558.9108322633127
A1,'Parkplatz Zeillern’,124.31,0.0,2.0,24685.0,24685.0,24100.5747944984,24100.5747944984,1.0,1.0,1.0,1000.0,1000.0,1629.2099999999998,1629.2099999999998,894.3163227394821,894.3163227394821,0.0,0.0,0.0,0.0,0.0,0.0
A1,'Oed',130.52,1.0,2.0,26849.6920630665,0.0,69822.6737213844,0.0,1.0,1.0,0.0,1000.0,0.0,558.9108322633127,0.0,326.9602431985411,0.0,26849.6920630665,69822.6737213844,1.0,1000.0,558.9108322633127,326.9602431985411
A1,'Strengberg',136.0,0.0,0.0,25773.0,25773.0,60567.2870914444,60567.2870914444,1.0,1.0,1.0,0.0,0.0,894.3163227394821,894.3163227394821,1560.5564807453704,1560.5564807453704,0.0,0.0,0.0,0.0,0.0,0.0
A1,'Haag',143.54,1.0,0.0,28172.0,0.0,72532.3838204059,0.0,1.0,1.0,0.0,1000.0,0.0,326.9602431985411,0.0,124.81646522300593,0.0,28172.0,72532.3838204059,1.0,1000.0,326.9602431985411,124.81646522300593
A1,'Ennsblick',147.1,0.0,2.0,27181.0,27181.0,59900.9099344678,59900.9099344678,1.0,1.0,1.0,488.1275412210522,488.1275412210522,1560.5564807453704,1560.5564807453704,1731.338948803464,1731.338948803464,0.0,0.0,0.0,0.0,0.0,0.0
A1,'Parkplatz Ennsdorf’,152.88,0.0,2.0,26232.408315204,26232.408315204,30328.568123459,30328.568123459,1.0,1.0,1.0,999.9999999999998,999.9999999999998,1731.338948803464,1731.338948803464,1064.9531981615132,1064.9531981615132,0.0,0.0,0.0,0.0,0.0,0.0
A1,'Enns Süd',156.19,1.0,1.0,29648.7371150985,0.0,86236.6993060754,0.0,1.0,1.0,0.0,1000.0,0.0,124.81646522300593,0.0,73.4201575898353,0.0,29648.7371150985,86236.6993060754,1.0,1000.0,124.81646522300593,73.4201575898353
A1,'Enns Nord',156.79,0.0,1.0,29791.8873283766,29791.8873283766,22744.7688256149,22744.7688256149,1.0,1.0,1.0,1000.0,1000.0,1064.9531981615132,1064.9531981615132,315.14565524327713,315.14565524327713,0.0,0.0,0.0,0.0,0.0,0.0
A1,'Ansfelden Süd',170.93,1.0,0.0,46681.6462052378,0.0,108599.646702595,0.0,1.0,1.0,0.0,1000.0,0.0,73.4201575898353,0.0,268.0162713183802,0.0,46681.6462052378,108599.646702595,1.0,1000.0,73.4201575898353,268.0162713183802
A1,'Ansfelden Nord',171.01,0.0,0.0,48225.5889671851,48225.5889671851,137729.456478428,137729.456478428,1.0,1.0,1.0,1000.0,1000.0,315.14565524327713,315.14565524327713,830.1696765059851,830.1696765059851,0.0,0.0,0.0,0.0,0.0,0.0
A1,'Allhaming Süd',182.59,1.0,1.0,22273.0,0.0,132032.004986223,0.0,1.0,1.0,0.0,595.5701683820953,0.0,268.0162713183802,0.0,1124.798157784738,0.0,22273.0,132032.004986223,1.0,595.5701683820953,268.0162713183802,1124.798157784738
A1,'Allhaming Nord',182.6,0.0,1.0,22478.0,22478.0,52074.5961839218,52074.5961839218,1.0,1.0,1.0,987.6862909330348,987.6862909330348,830.1696765059851,830.1696765059851,415.30394359609,415.30394359609,0.0,0.0,0.0,0.0,0.0,0.0
A1,'Lindach Nord',212.26,0.0,0.0,24091.0,24091.0,143292.18694581,143292.18694581,1.0,1.0,1.0,1000.0,1000.0,415.30394359609,415.30394359609,991.518,991.518,0.0,0.0,0.0,0.0,0.0,0.0
A1,'Lindach Süd',212.27,1.0,0.0,24205.0,0.0,88500.7129286602,0.0,1.0,1.0,0.0,1000.0,0.0,1124.798157784738,0.0,1098.306,0.0,24205.0,88500.7129286602,1.0,1000.0,1124.798157784738,1098.306
A1,'Hainbach Süd',230.7,1.0,1.0,16641.0,0.0,43626.8866404899,0.0,1.0,1.0,0.0,999.9999999999999,0.0,1098.306,0.0,578.2017530453891,0.0,16641.0,43626.8866404899,1.0,999.9999999999999,1098.306,578.2017530453891
A1,'Hainbach Nord',230.72,0.0,1.0,15023.0,15023.0,55447.0737267175,55447.0737267175,1.0,1.0,1.0,609.9178109938924,609.9178109938924,991.518,991.518,991.518,991.518,0.0,0.0,0.0,0.0,0.0,0.0
A1,'Straß',243.67,1.0,1.0,16828.6748354971,0.0,52286.933312582,0.0,1.0,1.0,0.0,1000.0,0.0,578.2017530453891,0.0,153.35801948379105,0.0,16828.6748354971,52286.933312582,1.0,1000.0,578.2017530453891,153.35801948379105
A1,'Wildenhag Nord',243.76,0.0,2.0,17111.5468081707,17111.5468081707,44396.0737761594,44396.0737761594,1.0,1.0,1.0,441.8928115377534,441.8928115377534,991.518,991.518,1037.982,1037.982,0.0,0.0,0.0,0.0,0.0,0.0
A1,'Oberwang',251.03,0.0,1.0,15727.0,15727.0,23256.0522003105,23256.0522003105,1.0,1.0,1.0,1000.0,1000.0,1037.982,1037.982,293.79857420341546,293.79857420341546,0.0,0.0,0.0,0.0,0.0,0.0
A1,'Mondsee',259.23,2.0,0.0,31060.001681777,15727.0008823286,60471.650280389,25342.3953371595,1.0,2.0,1.0,813.1828138432325,572.56492291217,447.1565936872065,293.79857420341546,299.16193292825307,0.0,15333.0007994484,35129.2549432295,1.0,240.61789093106245,153.35801948379105,299.16193292825307
A1,‘Parkplatz Ölgraben’,268.98,0.0,2.0,18793.0,18793.0,36691.9585837841,36691.9585837841,1.0,1.0,1.0,403.61154442162507,403.61154442162507,0.0,0.0,0.0,0.0,0.0,0.0,0.0,0.0,0.0,0.0
A1,'Vetterbach',270.63,1.0,2.0,18111.0,0.0,24972.4587201048,0.0,1.0,1.0,0.0,0.0,0.0,299.16193292825307,0.0,573.8589788494058,0.0,18111.0,24972.4587201048,1.0,0.0,299.16193292825307,573.8589788494058
A1,'Enzersberg',274.82,0.0,2.0,21891.999995183,21891.999995183,25643.7025641729,25643.7025641729,1.0,1.0,1.0,282.0807282059019,282.0807282059019,0.0,0.0,0.0,0.0,0.0,0.0,0.0,0.0,0.0,0.0
A1,'Salzburger Vorland',277.55,1.0,2.0,21776.0,0.0,38740.0928318722,0.0,1.0,1.0,0.0,1000.0,0.0,573.8589788494058,0.0,0.0,0.0,21776.0,38740.0928318722,1.0,1000.0,573.8589788494058,0.0
A1,'Söllheim',286.46,1.0,0.0,28864.5374641219,0.0,82339.639275179,0.0,1.0,1.0,0.0,0.0,0.0,0.0,0.0,905.7360320269689,0.0,28864.5374641219,82339.639275179,1.0,0.0,0.0,905.7360320269689
A1,'Kasern',287.89,0.0,0.0,38922.8495638266,38922.8495638266,101432.704040416,101432.704040416,1.0,1.0,1.0,479.6380667935009,479.6380667935009,0.0,0.0,636.1216776510751,636.1216776510751,0.0,0.0,0.0,0.0,0.0,0.0
A1,'Walserberg Süd',300.71,1.0,0.0,14880.000000003,0.0,866.429923349707,0.0,1.0,1.0,0.0,915.2667611838157,0.0,905.7360320269689,0.0,0.0,0.0,14880.000000003,866.429923349707,1.0,915.2667611838157,905.7360320269689,0.0
A1,'Walserberg Nord',300.73,0.0,0.0,12964.0000000086,12964.0000000086,33079.8474862659,33079.8474862659,1.0,1.0,1.0,1000.0,1000.0,636.1216776510751,636.1216776510751,0.0,0.0,0.0,0.0,0.0,0.0,0.0,0.0
A10,'Glanegg/West',4.28,0.0,2.0,30225.0,30225.0,10702.5949598298,10702.5949598298,1.0,1.0,1.0,117.72854455812778,117.72854455812778,0.0,0.0,0.0,0.0,0.0,0.0,0.0,0.0,0.0,0.0
A10,'Untersberg/Ost',4.37,1.0,2.0,30061.0,0.0,79010.5399207519,0.0,1.0,1.0,0.0,869.1159391282707,0.0,0.0,0.0,0.0,0.0,30061.0,79010.5399207519,1.0,869.1159391282707,0.0,0.0
A10,'Bruderloch',17.53,1.0,2.0,24652.0,0.0,55144.783875779,0.0,1.0,1.0,0.0,0.0,0.0,0.0,0.0,606.592622633569,0.0,24652.0,55144.783875779,1.0,0.0,0.0,606.592622633569
A10,'Golling Ost',28.76,1.0,0.0,19647.000947721,0.0,83619.9827870841,0.0,1.0,1.0,0.0,853.5562307350605,0.0,606.592622633569,0.0,672.8562025564336,0.0,19647.000947721,83619.9827870841,1.0,853.5562307350605,606.592622633569,672.8562025564336
A10,'Golling West',28.82,0.0,0.0,19875.0006682874,19875.0006682874,97340.8180523858,97340.8180523858,1.0,1.0,1.0,510.6204637084545,510.6204637084545,0.0,0.0,560.1285348677893,560.1285348677893,0.0,0.0,0.0,0.0,0.0,0.0
A10,'Werfen',40.34,0.0,2.0,19354.0,19354.0,44743.3180465706,44743.3180465706,1.0,1.0,1.0,1000.0,1000.0,560.1285348677893,560.1285348677893,52.30503338006588,52.30503338006588,0.0,0.0,0.0,0.0,0.0,0.0
A10,'Klausgraben Ost’,50.01,1.0,2.0,16076.0,0.0,29740.3452221424,0.0,1.0,1.0,0.0,1000.0,0.0,672.8562025564336,0.0,0.0,0.0,16076.0,29740.3452221424,1.0,1000.0,672.8562025564336,0.0
A10,'Klausgraben West’,50.01,0.0,2.0,16224.0,16224.0,31431.0330674502,31431.0330674502,1.0,1.0,1.0,0.0,0.0,52.30503338006588,52.30503338006588,398.04639712201805,398.04639712201805,0.0,0.0,0.0,0.0,0.0,0.0
A10,'Eben Süd',59.21,2.0,0.0,31555.3674870556,15997.4166196057,63864.36698273087,73.9839882767682,0.0,1.0,-0.0,1.61756301426135,0.0,398.04639712201805,398.04639712201805,1098.936870917796,398.8602209930625,15557.9508674499,63790.3829944541,1.0,1.61756301426135,0.0,700.0766499247337
A10,'Eben Nord',59.32,2.0,0.0,31554.1611930787,15997.1632592005,29667.92707344997,29595.9799097216,1.0,1.0,1.0,0.0,0.0,1098.936870917796,398.8602209930625,1425.2840687257458,724.416,15556.9979338782,71.9471637283723,-0.0,0.0,700.0766499247337,700.8680687257458
A10,'Rohr',71.25,0.0,2.0,10976.0,10976.0,26372.3998165897,26372.3998165897,1.0,1.0,1.0,1000.0,1000.0,724.416,724.416,14.512397982486732,14.512397982486732,0.0,0.0,0.0,0.0,0.0,0.0
A10,'Tauernalm',79.79,2.0,0.0,21522.867721662602,10903.6545591513,62621.1090379549,18508.3621190257,1.0,2.0,1.0,707.3516661257364,218.1043812917694,715.3804667082326,14.512397982486732,696.861,0.0,10619.2131625113,44112.7469189292,1.0,489.247284833967,700.8680687257458,696.861
A10,'Lungau',97.91,0.0,0.0,10877.0,10877.0,39524.4328135725,39524.4328135725,1.0,1.0,1.0,0.0,0.0,0.0,0.0,434.7687609492975,434.7687609492975,0.0,0.0,0.0,0.0,0.0,0.0
A10,'Lanschütz',100.6,1.0,1.0,10558.5,0.0,33491.7098286973,0.0,1.0,1.0,0.0,583.2718081156702,0.0,696.861,0.0,481.99800000000005,0.0,10558.5,33491.7098286973,1.0,583.2718081156702,696.861,481.99800000000005
A10,'Rennweg',112.45,0.0,2.0,6878.0,6878.0,19876.6578731468,19876.6578731468,1.0,1.0,1.0,653.4119975539122,653.4119975539122,434.7687609492975,434.7687609492975,0.0,0.0,0.0,0.0,0.0,0.0,0.0,0.0
A10,'Ried’,116.47,1.0,2.0,7303.0,0.0,13765.2894082998,0.0,1.0,1.0,0.0,481.99800000000005,0.0,481.99800000000005,0.0,151.41818349129778,0.0,7303.0,13765.2894082998,1.0,481.99800000000005,481.99800000000005,151.41818349129778
A10,'Eisentratten',125.92,2.0,0.0,14181.0,6878.0,41606.5550890561,18483.2107350259,1.0,2.0,1.0,203.31531808528487,203.31531808528487,151.41818349129778,0.0,405.77497138562995,0.0,7303.0,23123.3443540302,1.0,0.0,151.41818349129778,405.77497138562995
A10,'Seeboden',141.72,1.0,2.0,14455.0,0.0,36156.364361422,0.0,1.0,1.0,0.0,803.4949793612719,0.0,405.77497138562995,0.0,0.0,0.0,14455.0,36156.364361422,1.0,803.4949793612719,405.77497138562995,0.0
A10,'Wolfsberg',142.25,0.0,2.0,14500.0,14500.0,47498.894929139,47498.894929139,1.0,1.0,1.0,522.487844220529,522.487844220529,0.0,0.0,0.0,0.0,0.0,0.0,0.0,0.0,0.0,0.0
A10,'Kamering',154.29,1.0,2.0,14749.7038625137,0.0,22698.628013918,0.0,1.0,1.0,0.0,249.684908153098,0.0,0.0,0.0,0.0,0.0,14749.7038625137,22698.628013918,1.0,249.684908153098,0.0,0.0
A10,'Feistritz an der Drau',162.01,2.0,0.0,29679.0,14929.0,122093.0394177002,58681.7236967165,1.0,2.0,1.0,1343.023433594702,645.4989606638815,0.0,0.0,0.0,0.0,14750.0,63411.3157209837,1.0,697.5244729308207,0.0,0.0
A11,'St. Niklas/Nord',2.11,1.0,2.0,7503.0,0.0,10409.0861514259,0.0,1.0,1.0,0.0,114.49994766568489,0.0,0.0,0.0,0.0,0.0,7503.0,10409.0861514259,1.0,114.49994766568489,0.0,0.0
A11,'Rosegg',9.04,2.0,0.0,9108.5,4306.5,19444.03423128795,7806.04074076785,1.0,2.0,1.0,213.88437654416745,85.86644814844635,0.0,0.0,0.0,0.0,4802.0,11637.9934905201,1.0,128.0179283957211,0.0,0.0
A12,'Langkampfen Süd',9.32,1.0,2.0,11349.5859166424,0.0,27244.8076274651,0.0,1.0,1.0,0.0,245.73469211151553,0.0,0.0,0.0,53.95819179060055,0.0,11349.5859166424,27244.8076274651,1.0,245.73469211151553,0.0,53.95819179060055
A12,'Angath Süd',14.1,2.0,0.0,39223.0,19908.0,56148.10872631693,56144.2882507633,1.0,1.0,1.0,617.5871707583963,617.5871707583963,53.95819179060055,0.0,54.00021702169056,0.0,19315.0,3.82047555363476,-0.0,0.0,53.95819179060055,54.00021702169056
A12,'Angath Nord',14.22,2.0,0.0,39223.0,19908.0,86003.91804074359,3.93776998818332,0.0,1.0,-0.0,1000.0,0.0,54.00021702169056,0.0,0.043315469869980916,0.043315469869980916,19315.0,85999.9802707554,1.0,1000.0,54.00021702169056,0.0
A12,'Münster Nord',35.71,0.0,1.0,18334.0,18334.0,79565.3529063989,79565.3529063989,1.0,1.0,1.0,875.2621974402578,875.2621974402578,0.043315469869980916,0.043315469869980916,0.0,0.0,0.0,0.0,0.0,0.0,0.0,0.0
A12,'Münster Süd',36.25,1.0,1.0,18162.0,0.0,51027.0984567292,0.0,1.0,1.0,0.0,0.0,0.0,0.0,0.0,561.2980830240213,0.0,18162.0,51027.0984567292,1.0,0.0,0.0,561.2980830240213
A12,'Vomp',50.47,1.0,0.0,24431.9999999911,0.0,22234.3563073972,0.0,1.0,1.0,0.0,805.8760024053904,0.0,561.2980830240213,0.0,0.0,0.0,24431.9999999911,22234.3563073972,1.0,805.8760024053904,561.2980830240213,0.0
A12,'Weer',54.8,0.0,0.0,24110.0001896077,24110.0001896077,91922.3948797172,91922.3948797172,1.0,1.0,1.0,1000.0,1000.0,0.0,0.0,11.14634367688916,11.14634367688916,0.0,0.0,0.0,0.0,0.0,0.0
A12,'Weer Süd',55.0,1.0,1.0,24141.0019875313,0.0,44418.9030022489,0.0,1.0,1.0,0.0,488.6079330247379,0.0,0.0,0.0,0.0,0.0,24141.0019875313,44418.9030022489,1.0,488.6079330247379,0.0,0.0
A12,'Volders/Karlskirche',64.18,1.0,2.0,27543.0,0.0,89230.8737530962,0.0,1.0,1.0,0.0,781.3916185038379,0.0,0.0,0.0,200.1479927802202,0.0,27543.0,89230.8737530962,1.0,781.3916185038379,0.0,200.1479927802202
A12,'Hall in Tirol',66.28,0.0,2.0,28148.0000000024,28148.0000000024,63926.9286125208,63926.9286125208,1.0,1.0,1.0,641.9601250248317,641.9601250248317,11.14634367688916,11.14634367688916,72.38243338978629,72.38243338978629,0.0,0.0,0.0,0.0,0.0,0.0
A12,'Ampaß',72.07,0.0,0.0,35539.999996608,35539.999996608,42439.321950182,42439.321950182,1.0,1.0,1.0,0.0,0.0,72.38243338978629,72.38243338978629,539.2149748417883,539.2149748417883,0.0,0.0,0.0,0.0,0.0,0.0
A12,'Sieglanger',80.39,1.0,2.0,31124.7934314905,0.0,96002.7279290709,0.0,1.0,1.0,0.0,0.0,0.0,200.1479927802202,0.0,1256.178,0.0,31124.7934314905,96002.7279290709,1.0,0.0,200.1479927802202,1256.178
A12,'Kematen',86.01,0.0,2.0,27475.0527045522,27475.0527045522,75774.4568325647,75774.4568325647,1.0,1.0,1.0,0.0,0.0,539.2149748417883,539.2149748417883,1372.734,1372.734,0.0,0.0,0.0,0.0,0.0,0.0
A12,'Zirl-Inzing',91.77,0.0,1.0,20799.0,20799.0,24661.2588506712,24661.2588506712,1.0,1.0,1.0,397.3338473573831,397.3338473573831,1372.734,1372.734,1246.674,1246.674,0.0,0.0,0.0,0.0,0.0,0.0
A12,'Pettnau',95.81,2.0,0.0,37922.0,18889.0,43167.5950545956,14638.2455732991,1.0,2.0,1.0,1330.2052991022542,642.2797988085312,2502.852,1246.674,1647.4902464982974,765.4149024977588,19033.0,28529.3494812965,1.0,687.925500293723,1256.178,882.0753440005386
A12,'Telfs Süd',103.3,1.0,2.0,13364.7779394021,0.0,40593.4396996822,0.0,1.0,1.0,0.0,681.3891248201771,0.0,882.0753440005386,0.0,647.2140558768656,0.0,13364.7779394021,40593.4396996822,1.0,681.3891248201771,882.0753440005386,647.2140558768656
A12,'Telfs Nord',103.33,0.0,2.0,14213.4639394123,14213.4639394123,21325.9179547492,21325.9179547492,1.0,1.0,1.0,1000.0,1000.0,765.4149024977588,765.4149024977588,0.0,0.0,0.0,0.0,0.0,0.0,0.0,0.0
A12,'Haiming Süd',118.5,1.0,2.0,10702.0,0.0,32071.4494657395,0.0,1.0,1.0,0.0,1000.0,0.0,647.2140558768656,0.0,0.0,0.0,10702.0,32071.4494657395,1.0,1000.0,647.2140558768656,0.0
A12,'Imst Süd',133.49,1.0,2.0,9240.0,0.0,3679.21104332994,0.0,1.0,1.0,0.0,40.47132147662933,0.0,0.0,0.0,0.0,0.0,9240.0,3679.21104332994,1.0,40.47132147662933,0.0,0.0
A12,'Imst Nord',133.84,0.0,2.0,10262.0,10262.0,62601.6793906791,62601.6793906791,1.0,1.0,1.0,11.326473297470102,11.326473297470102,0.0,0.0,677.2919999999999,677.2919999999999,0.0,0.0,0.0,0.0,0.0,0.0
A12,'Mils',135.51,2.0,0.0,19502.0000000008,10262.0,21880.454342200483,3391.58190843648,1.0,2.0,1.0,917.9769977642052,714.5994009928012,677.2919999999999,677.2919999999999,0.0,0.0,9240.0000000008,18488.872433764,1.0,203.377596771404,0.0,0.0
A12,'Kronburg Zams',142.7,0.0,2.0,10312.0,10312.0,14879.9195229157,14879.9195229157,1.0,1.0,1.0,163.67911475207268,163.67911475207268,0.0,0.0,0.0,0.0,0.0,0.0,0.0,0.0,0.0,0.0
A13,'Patsch',6.24,0.0,2.0,21023.0,21023.0,26094.7253268476,26094.7253268476,1.0,1.0,1.0,0.0,0.0,0.0,0.0,287.0419785953236,287.0419785953236,0.0,0.0,0.0,0.0,0.0,0.0
A13,'Europabrücke',8.27,2.0,0.0,41638.0,21023.0,32388.52662410622,8452.29518630102,1.0,2.0,1.0,-2.8421709430404007e-13,-2.8421709430404007e-13,287.0419785953236,287.0419785953236,643.3157714604922,380.0172256446351,20615.0,23936.2314378052,1.0,0.0,0.0,263.29854581585715
A13,'Gschleirs',14.05,1.0,2.0,14822.0,0.0,8546.70428173758,0.0,1.0,1.0,0.0,-2.8421709430404007e-13,0.0,263.29854581585715,0.0,357.3122929149708,0.0,14822.0,8546.70428173758,1.0,-2.8421709430404007e-13,263.29854581585715,357.3122929149708
A13,'Matrei West',16.79,0.0,0.0,15161.0,15161.0,25846.4269287351,25846.4269287351,1.0,1.0,1.0,-2.8421709430404007e-13,-2.8421709430404007e-13,380.0172256446351,380.0172256446351,664.3279218607215,664.3279218607215,0.0,0.0,0.0,0.0,0.0,0.0
A13,'Matrei Ost',16.95,2.0,0.0,29983.0,15161.0,16734.882296516138,499.303555020038,0.0,1.0,0.0,-3.979039320256561e-13,0.0,1021.6402147756924,664.3279218607215,1205.7239200373701,669.8202609659419,14822.0,16235.5787414961,1.0,-3.979039320256561e-13,357.3122929149708,535.9036590714283
A13,'Wipptalerhof Ost',22.41,1.0,2.0,10896.0000000005,0.0,2559.258804025,0.0,1.0,1.0,0.0,564.0555059157033,0.0,535.9036590714283,0.0,0.0,0.0,10896.0000000005,2559.258804025,1.0,564.0555059157033,535.9036590714283,0.0
A13,'Wipptalerhof West',22.56,0.0,2.0,11615.0000000006,11615.0000000006,13021.6504394806,13021.6504394806,1.0,1.0,1.0,813.0584158002284,813.0584158002284,669.8202609659419,669.8202609659419,0.0,0.0,0.0,0.0,0.0,0.0,0.0,0.0
A13,'Plon',23.61,1.0,2.0,10896.0000005253,0.0,9061.7295808126,0.0,1.0,1.0,0.0,99.6790253889386,0.0,0.0,0.0,0.0,0.0,10896.0000005253,9061.7295808126,1.0,99.6790253889386,0.0,0.0
A13,'Nößlach',26.91,2.0,1.0,23614.719600115102,12027.9163752204,15947.45909304634,12518.6680851942,1.0,2.0,1.0,175.42205002350974,137.7053489371362,0.0,0.0,0.0,0.0,11586.8032248947,3428.79100785214,1.0,37.71670108637354,0.0,0.0
A13,'Gries Ost',29.15,1.0,0.0,11601.9977441357,0.0,11387.0182714568,0.0,1.0,1.0,0.0,125.2572009860248,0.0,0.0,0.0,0.0,0.0,11601.9977441357,11387.0182714568,1.0,125.2572009860248,0.0,0.0
A13,'Gries West',29.54,0.0,0.0,12036.9997479612,12036.9997479612,4238.01324757162,4238.01324757162,1.0,1.0,1.0,46.61814572328782,46.61814572328782,0.0,0.0,0.0,0.0,0.0,0.0,0.0,0.0,0.0,0.0
A13,'Brennersee - Fröhlich',32.6,0.0,2.0,12037.0,12037.0,7411.89807862851,7411.89807862851,1.0,1.0,1.0,81.5308788649136,81.5308788649136,0.0,0.0,0.0,0.0,0.0,0.0,0.0,0.0,0.0,0.0
A13,'Brennersee',33.44,0.0,0.0,12037.0,12037.0,1996.41830221485,1996.41830221485,1.0,1.0,1.0,21.96060132436335,21.96060132436335,0.0,0.0,0.0,0.0,0.0,0.0,0.0,0.0,0.0,0.0
A13,'Brennerpaß',34.16,2.0,0.0,23639.0,12037.0,2518.3592467820868,1729.64460400785,1.0,2.0,1.0,27.701951714602956,19.02609064408635,0.0,0.0,0.0,0.0,11602.0,788.714642774237,1.0,8.675861070516605,0.0,0.0
A14,'Hörbranz’,0.0,2.0,1.0,11914.4753848776,11914.4753848776,580.500203852487,580.500203852487,0.0,0.0,-0.0,0.0,0.0,0.0,0.0,6.385502242377356,6.385502242377356,0.0,0.0,0.0,0.0,0.0,0.0
A14,'Dornbirn West',15.07,1.0,2.0,22722.0167458292,0.0,41625.8331312937,0.0,1.0,1.0,0.0,457.8841644442307,0.0,0.0,0.0,0.0,0.0,22722.0167458292,41625.8331312937,1.0,457.8841644442307,0.0,0.0
A14,'Dornbirn Ost',15.27,0.0,2.0,22911.0367349729,22911.0367349729,67389.025317105,67389.025317105,1.0,1.0,1.0,747.6647807305324,747.6647807305324,6.385502242377356,6.385502242377356,0.0,0.0,0.0,0.0,0.0,0.0,0.0,0.0
A14,'Hohenems',24.48,2.0,0.0,53333.409583050205,26852.092271153,99887.7943206925,50177.2466168681,1.0,2.0,1.0,937.4212533353435,390.6052285932751,0.0,0.0,161.34448419227397,161.34448419227397,26481.3173118972,49710.5477038244,1.0,546.8160247420684,0.0,0.0
A14,'Rankweil West',33.46,0.0,2.0,22794.1378827456,22794.1378827456,41099.9675156349,41099.9675156349,1.0,1.0,1.0,0.0,0.0,161.34448419227397,161.34448419227397,613.4441268642579,613.4441268642579,0.0,0.0,0.0,0.0,0.0,0.0
A14,'Rankweil Ost',33.82,1.0,2.0,21949.8295700582,0.0,56639.5419642533,0.0,1.0,1.0,0.0,61.55039743091788,0.0,0.0,0.0,561.4845641758684,0.0,21949.8295700582,56639.5419642533,1.0,61.55039743091788,0.0,561.4845641758684
A14,'Schlins West',46.72,0.0,2.0,13115.0,13115.0,35141.4430123402,35141.4430123402,1.0,1.0,1.0,1000.0,1000.0,613.4441268642579,613.4441268642579,0.0,0.0,0.0,0.0,0.0,0.0,0.0,0.0
A14,'Schlins Ost',46.85,1.0,2.0,13492.0,0.0,22886.8096085797,0.0,1.0,1.0,0.0,0.0,0.0,561.4845641758684,0.0,813.2394698702451,0.0,13492.0,22886.8096085797,1.0,0.0,561.4845641758684,813.2394698702451
A14,'Nüziders',55.2,1.0,2.0,13282.1444541878,0.0,16978.2300117959,0.0,1.0,1.0,0.0,1000.0,0.0,813.2394698702451,0.0,0.0,0.0,13282.1444541878,16978.2300117959,1.0,1000.0,813.2394698702451,0.0
A2,'Guntramsdorf',14.43,2.0,0.0,106539.0608322543,54671.8859781905,341487.507923768,158457.937237993,1.0,2.0,1.0,2000.0,1000.0,0.0,0.0,1756.3625871614477,743.0373096179228,51867.1748540638,183029.570685775,1.0,1000.0,0.0,1013.3252775435249
A2,'Triestingtal',32.08,0.0,1.0,40445.0,40445.0,143069.692384839,143069.692384839,1.0,1.0,1.0,1000.0,1000.0,743.0373096179228,743.0373096179228,1316.8039258511517,1316.8039258511517,0.0,0.0,0.0,0.0,0.0,0.0
A2,'Leobersdorf',32.08,1.0,1.0,39540.0,0.0,56942.7469960047,0.0,1.0,1.0,0.0,1000.0,0.0,1013.3252775435249,0.0,639.6954944995764,0.0,39540.0,56942.7469960047,1.0,1000.0,1013.3252775435249,639.6954944995764
A2,'Föhrenberg',39.31,1.0,0.0,39539.9821561859,0.0,93778.9758869083,0.0,1.0,1.0,0.0,1000.0,0.0,639.6954944995764,0.0,671.2642292555677,0.0,39539.9821561859,93778.9758869083,1.0,1000.0,639.6954944995764,671.2642292555677
A2,'Bad Fischau',40.93,0.0,0.0,37535.00000001,37535.00000001,66634.9678618674,66634.9678618674,1.0,1.0,1.0,999.9999999999999,999.9999999999999,1316.8039258511517,1316.8039258511517,1049.788572331693,1049.788572331693,0.0,0.0,0.0,0.0,0.0,0.0
A2,'Steinfeld',50.35,0.0,1.0,32434.000315268,32434.000315268,59928.4040275036,59928.4040275036,1.0,1.0,1.0,567.544527674751,567.544527674751,1049.788572331693,1049.788572331693,1141.4564889594817,1141.4564889594817,0.0,0.0,0.0,0.0,0.0,0.0
A2,'Wr. Neustadt',51.18,1.0,1.0,31158.0000000005,0.0,64946.2458086027,0.0,1.0,1.0,0.0,149.75693315019726,0.0,671.2642292555677,0.0,1235.9160000000002,0.0,31158.0000000005,64946.2458086027,1.0,149.75693315019726,671.2642292555677,1235.9160000000002
A2,'Witzelsberg',60.84,0.0,2.0,21168.0000351488,21168.0000351488,44783.3049830335,44783.3049830335,1.0,1.0,1.0,1000.0,1000.0,1141.4564889594817,1141.4564889594817,634.0728437728501,634.0728437728501,0.0,0.0,0.0,0.0,0.0,0.0
A2,'Gleissenfeld',61.52,1.0,2.0,18726.0,0.0,64345.9675839028,0.0,1.0,1.0,0.0,873.0036434229307,0.0,1235.9160000000002,0.0,1070.718,0.0,18726.0,64345.9675839028,1.0,873.0036434229307,1235.9160000000002,1070.718
A2,'Zöbern',78.76,2.0,0.0,34076.0,17853.0,89918.3531587639,64008.5862239781,1.0,2.0,1.0,2000.0,1000.0,1704.7908437728502,634.0728437728501,693.892728519253,338.1672922366091,16223.0,25909.7669347858,1.0,1000.0,1070.718,355.72543628264384
A2,'Schäffern Ost',86.7,1.0,1.0,16223.0,0.0,36516.9873725682,0.0,1.0,1.0,0.0,757.412297380894,0.0,355.72543628264384,0.0,0.0,0.0,16223.0,36516.9873725682,1.0,757.412297380894,355.72543628264384,0.0
A2,'Pinkafeld/Ost',97.98,1.0,2.0,14325.0,0.0,21727.4706064822,0.0,1.0,1.0,0.0,193.96950156388075,0.0,0.0,0.0,45.032675107423415,0.0,14325.0,21727.4706064822,1.0,193.96950156388075,0.0,45.032675107423415
A2,'Pinkafeld/West',98.0,0.0,2.0,15629.0,15629.0,60166.6097966719,60166.6097966719,1.0,1.0,1.0,1000.0,1000.0,338.1672922366091,338.1672922366091,0.0,0.0,0.0,0.0,0.0,0.0,0.0,0.0
A2,'Loipersdorf',105.5,2.0,0.0,27899.0,14612.0,41927.3266110039,22138.8523546691,1.0,2.0,1.0,82.33356308805185,82.33356308805185,45.032675107423415,0.0,423.89970474041445,161.19381281330823,13287.0,19788.4742563348,1.0,0.0,45.032675107423415,262.7058919271062
A2,'St. Johann/Süd',113.05,1.0,2.0,13287.0004772661,0.0,55839.6490520415,0.0,1.0,1.0,0.0,0.0,0.0,262.7058919271062,0.0,876.9420314995627,0.0,13287.0004772661,55839.6490520415,1.0,0.0,262.7058919271062,876.9420314995627
A2,'St. Johann/Nord',113.24,0.0,2.0,14612.0673292959,14612.0673292959,22243.9351941791,22243.9351941791,1.0,1.0,1.0,0.0,0.0,161.19381281330823,161.19381281330823,405.8770999492783,405.8770999492783,0.0,0.0,0.0,0.0,0.0,0.0
A2,'Hainersdorf',133.87,0.0,1.0,16035.0,16035.0,66144.3325363727,66144.3325363727,1.0,1.0,1.0,1000.0,1000.0,405.8770999492783,405.8770999492783,133.4647578493781,133.4647578493781,0.0,0.0,0.0,0.0,0.0,0.0
A2,'Bad Blumau',134.06,1.0,1.0,14879.0,0.0,39913.5152205092,0.0,1.0,1.0,0.0,559.5622087880099,0.0,876.9420314995627,0.0,756.428490137154,0.0,14879.0,39913.5152205092,1.0,559.5622087880099,876.9420314995627,756.428490137154
A2,'Ilztal/Nord ',147.5,1.0,2.0,16946.15608833,0.0,22142.864532986,0.0,1.0,1.0,0.0,1000.0,0.0,756.428490137154,0.0,0.0,0.0,16946.15608833,22142.864532986,1.0,1000.0,756.428490137154,0.0
A2,'Arnwiesen',154.1,2.0,0.0,36495.001082228904,19529.0004964994,135214.8043003815,78775.931104602,1.0,2.0,1.0,1620.8276051535745,1000.0,133.4647578493781,133.4647578493781,0.0,0.0,16966.0005857295,56438.8731957795,1.0,620.8276051535745,0.0,0.0
A2,'Laßnitzhöhe Nord',170.16,0.0,1.0,27470.0,27470.0,89210.4176408041,89210.4176408041,1.0,1.0,1.0,393.016435110716,393.016435110716,0.0,0.0,588.2981589381291,588.2981589381291,0.0,0.0,0.0,0.0,0.0,0.0
A2,'Laßnitzhöhe Süd',170.65,1.0,1.0,29743.0,0.0,119872.947758941,0.0,1.0,1.0,0.0,1000.0,0.0,0.0,0.0,318.60242534835083,0.0,29743.0,119872.947758941,1.0,1000.0,0.0,318.60242534835083
A2,'Kaiserwald',190.77,2.0,0.0,42649.004105068496,21967.0024808055,212311.14271654858,90269.4400966596,1.0,3.0,1.0,2125.0751541671807,1000.0,906.9005842864799,588.2981589381291,1117.2480000013338,581.2620000013846,20682.001624263,122041.702619889,2.0,1125.0751541671805,318.60242534835083,535.9859999999492
A2,'Herzogberg Nord',220.13,0.0,1.0,8807.00000002098,8807.00000002098,51848.9511520184,51848.9511520184,1.0,1.0,1.0,999.9999999999999,999.9999999999999,581.2620000013846,581.2620000013846,151.60046267358712,151.60046267358712,0.0,0.0,0.0,0.0,0.0,0.0
A2,'Herzogberg Süd',220.19,1.0,1.0,8120.99999999923,0.0,24362.1202495681,0.0,1.0,1.0,0.0,395.80665572163724,0.0,535.9859999999492,0.0,408.162667023561,0.0,8120.99999999923,24362.1202495681,1.0,395.80665572163724,535.9859999999492,408.162667023561
A2,'Pack',235.21,2.0,0.0,16928.0,8807.0,38160.3171582835,26540.0141604254,1.0,2.0,1.0,434.51218925211987,151.60046267358712,559.7631296971481,151.60046267358712,545.0144291861468,291.9401557646794,8121.0,11620.3029978581,1.0,282.91172657853275,408.162667023561,253.07427342146735
A2,'Twimberg Süd',242.34,1.0,2.0,9189.0,0.0,32127.2478707757,0.0,1.0,1.0,0.0,100.88471442926254,0.0,253.07427342146735,0.0,505.5892855707375,0.0,9189.0,32127.2478707757,1.0,100.88471442926254,253.07427342146735,505.5892855707375
A2,'Twimberg Nord',242.44,0.0,2.0,8465.0,8465.0,12179.5072007533,12179.5072007533,1.0,1.0,1.0,425.9147349729657,425.9147349729657,291.9401557646794,291.9401557646794,0.0,0.0,0.0,0.0,0.0,0.0,0.0,0.0
A2,'Fischering',259.85,1.0,2.0,10919.0,0.0,19551.3376753875,0.0,1.0,1.0,0.0,0.0,0.0,505.5892855707375,0.0,720.654,0.0,10919.0,19551.3376753875,1.0,0.0,505.5892855707375,720.654
A2,'St. Ändra',262.91,0.0,2.0,11358.0000016887,11358.0000016887,46444.591455371,46444.591455371,1.0,1.0,1.0,491.51491460623623,491.51491460623623,0.0,0.0,19.375591402844748,19.375591402844748,0.0,0.0,0.0,0.0,0.0,0.0
A2,'Gönitz/Süd',268.86,1.0,2.0,11607.0,0.0,37377.3933307914,0.0,1.0,1.0,0.0,470.3683322666634,0.0,720.654,0.0,661.4369943720419,0.0,11607.0,37377.3933307914,1.0,470.3683322666634,720.654,661.4369943720419
A2,'Gönitz/Nord',268.89,0.0,2.0,12420.0,12420.0,14890.9937218363,14890.9937218363,1.0,1.0,1.0,-2.842170943040401e-14,-2.842170943040401e-14,19.375591402844748,19.375591402844748,183.17652234304407,183.17652234304407,0.0,0.0,0.0,0.0,0.0,0.0
A2,'Haimburg Nord',279.17,0.0,2.0,10779.0,10779.0,21954.7601039101,21954.7601039101,1.0,1.0,1.0,0.0,0.0,183.17652234304407,183.17652234304407,424.67888348605516,424.67888348605516,0.0,0.0,0.0,0.0,0.0,0.0
A2,'Völkermarkt',285.09,2.0,0.0,21133.0,10779.0,43435.9331578516,12657.4781007645,1.0,2.0,1.0,1000.0,0.0,1086.115877858097,424.67888348605516,563.9111425944646,563.9111425944646,10354.0,30778.4550570871,1.0,1000.0,661.4369943720419,0.0
A2,'Grafenstein Süd',300.0,1.0,1.0,13588.0,0.0,64499.0949193352,0.0,1.0,1.0,0.0,0.0,0.0,0.0,0.0,709.4900441126872,0.0,13588.0,64499.0949193352,1.0,0.0,0.0,709.4900441126872
A2,'Grafenstein Nord',300.0,0.0,1.0,13362.0,13362.0,39644.4415823214,39644.4415823214,1.0,1.0,1.0,1000.0,1000.0,563.9111425944646,563.9111425944646,0.0,0.0,0.0,0.0,0.0,0.0,0.0,0.0
A2,'Krumpendorf/Nord',329.28,0.0,2.0,19027.0040491233,19027.0040491233,72939.3212153292,72939.3212153292,1.0,1.0,1.0,802.3325333686212,802.3325333686212,0.0,0.0,0.0,0.0,0.0,0.0,0.0,0.0,0.0,0.0
A2,'Karawankenblick/Süd',333.84,1.0,2.0,19384.9993725885,0.0,24175.8201862661,0.0,1.0,1.0,0.0,975.4240661616143,0.0,709.4900441126872,0.0,0.0,0.0,19384.9993725885,24175.8201862661,1.0,975.4240661616143,709.4900441126872,0.0
A2,'Wörthersee',340.13,2.0,0.0,38076.9999970149,19452.9999982895,75344.6192070124,42137.2785654578,1.0,2.0,1.0,828.7908112771363,463.51006422003576,0.0,0.0,0.0,0.0,18623.9999987254,33207.3406415546,1.0,365.28074705710054,0.0,0.0
A2,'Sternberg/Süd',349.01,1.0,2.0,19615.999955893,0.0,0.0,0.0,0.0,0.0,0.0,0.0,0.0,0.0,0.0,0.0,0.0,19615.999955893,0.0,-0.0,0.0,0.0,0.0
A2,'Sternberg/Nord',349.03,0.0,2.0,17176.9999895731,17176.9999895731,30590.1422357276,30590.1422357276,1.0,1.0,1.0,177.3488252082592,177.3488252082592,0.0,0.0,159.14273938474435,159.14273938474435,0.0,0.0,0.0,0.0,0.0,0.0
A2,'Federaun/Nord',361.73,0.0,2.0,16517.0,16517.0,41902.478237364,41902.478237364,1.0,1.0,1.0,0.0,0.0,159.14273938474435,159.14273938474435,620.0699999957483,620.0699999957483,0.0,0.0,0.0,0.0,0.0,0.0
A2,'Federaun/Süd',362.78,1.0,2.0,14962.9999999917,0.0,53969.2827395915,0.0,1.0,1.0,0.0,177.51645483711195,0.0,0.0,0.0,416.14565529839456,0.0,14962.9999999917,53969.2827395915,1.0,177.51645483711195,0.0,416.14565529839456
A2,'Dreiländereck Süd',374.17,2.0,0.0,29010.999955828578,9394.99999993558,73068.5751484735,23346.5626378988,1.0,2.0,1.0,876.8821890126351,876.8821890126351,1036.2156552941428,620.0699999957483,963.0877929147163,0.0,19615.999955893,49722.0125105747,1.0,0.0,416.14565529839456,963.0877929147163
A2,'Dreiländereck Nord',374.27,2.0,0.0,24357.99999982947,9394.99999982947,3460.585113156896,104.929923585646,1.0,2.0,1.0,1001.1542291594421,1.154229159442106,963.0877929147163,0.0,0.0,0.0,14963.0,3355.65518957125,1.0,1000.0,963.0877929147163,0.0
A21,'Alland',14.68,2.0,0.0,40163.5,20093.0,103417.5875090444,49420.3388937723,1.0,2.0,1.0,543.6237278314952,543.6237278314952,0.0,0.0,593.9697347679931,0.0,20070.5,53997.2486152721,1.0,0.0,0.0,593.9697347679931
A21,'Dornbach',19.96,1.0,2.0,19174.4834449889,0.0,20444.3562415576,0.0,1.0,1.0,0.0,818.8576534251267,0.0,593.9697347679931,0.0,0.0,0.0,19174.4834449889,20444.3562415576,1.0,818.8576534251267,593.9697347679931,0.0
A21,'Hinterbrühl',26.99,0.0,1.0,19730.9622844667,19730.9622844667,44502.271823292,44502.271823292,1.0,1.0,1.0,489.524990056212,489.524990056212,0.0,0.0,0.0,0.0,0.0,0.0,0.0,0.0,0.0,0.0
A21,'Sparbach',26.99,1.0,2.0,19671.3778540705,0.0,27694.9433992778,0.0,1.0,1.0,0.0,304.6443773920558,0.0,0.0,0.0,0.0,0.0,19671.3778540705,27694.9433992778,1.0,304.6443773920558,0.0,0.0
A22,'Korneuburg West',18.04,1.0,0.0,32131.000000493,0.0,63932.2189343836,0.0,1.0,1.0,0.0,703.2544082782196,0.0,0.0,0.0,0.0,0.0,32131.000000493,63932.2189343836,1.0,703.2544082782196,0.0,0.0
A22,'Korneuburg Ost',18.12,0.0,0.0,32321.0,32321.0,116866.419778724,116866.419778724,1.0,2.0,2.0,1285.530617565964,1285.530617565964,0.0,0.0,0.0,0.0,0.0,0.0,0.0,0.0,0.0,0.0
A22,'Stockerau',28.09,1.0,0.0,30190.0075840983,0.0,9009.75771256432,0.0,1.0,1.0,0.0,99.10733483820752,0.0,0.0,0.0,0.0,0.0,30190.0075840983,9009.75771256432,1.0,99.10733483820752,0.0,0.0
A25,'Pucking',5.97,0.0,1.0,21620.0,21620.0,25350.6414168089,25350.6414168089,1.0,1.0,1.0,278.85705558489786,278.85705558489786,0.0,0.0,0.0,0.0,0.0,0.0,0.0,0.0,0.0,0.0
A25,'Sinnersdorf/Süd',6.11,1.0,2.0,21271.0,0.0,28981.9325780941,0.0,1.0,1.0,0.0,318.8012583590351,0.0,0.0,0.0,0.0,0.0,21271.0,28981.9325780941,1.0,318.8012583590351,0.0,0.0
A25,'Wels',13.06,2.0,0.0,49975.503210327704,25078.4821988703,71240.92245977151,35488.4900930985,1.0,2.0,1.0,783.6501470574864,390.37339102408345,0.0,0.0,0.0,0.0,24897.0210114574,35752.432366673,1.0,393.27675603340293,0.0,0.0
A3,'Hornstein',28.0,2.0,0.0,35088.0,17427.0,114520.7625990136,66852.1746092717,1.0,2.0,1.0,1259.7283885891495,735.3739207019886,0.0,0.0,0.0,0.0,17661.0,47668.5879897419,1.0,524.3544678871609,0.0,0.0
A4,'Simmering',2.45,0.0,0.0,35371.7896917694,35371.7896917694,22257.8385743495,22257.8385743495,1.0,1.0,1.0,244.83622431784445,244.83622431784445,0.0,0.0,0.0,0.0,0.0,0.0,0.0,0.0,0.0,0.0
A4,'Fischamend',22.33,0.0,1.0,28227.0,28227.0,112756.864089742,112756.864089742,1.0,1.0,1.0,863.6997574559425,863.6997574559425,0.0,0.0,376.62574753121925,376.62574753121925,0.0,0.0,0.0,0.0,0.0,0.0
A4,'Maria Ellend',22.48,1.0,1.0,27990.0,0.0,32591.6448755632,0.0,1.0,1.0,0.0,358.5080936311952,0.0,0.0,0.0,0.0,0.0,27990.0,32591.6448755632,1.0,358.5080936311952,0.0,0.0
A4,'Göttlesbrunn',28.04,2.0,0.0,47550.0,24272.0,112197.1085476203,28046.5470728656,1.0,2.0,1.0,925.6561762223016,0.0,376.62574753121925,376.62574753121925,685.1377653327409,685.1377653327409,23278.0,84150.5614747547,1.0,925.6561762223016,0.0,0.0
A4,'Parndorf',46.23,1.0,2.0,19928.0,0.0,74634.9733086667,0.0,1.0,1.0,0.0,348.55670454618723,0.0,0.0,0.0,472.4280018491465,0.0,19928.0,74634.9733086667,1.0,348.55670454618723,0.0,472.4280018491465
A4,'Neusiedl',47.01,0.0,2.0,21837.0,21837.0,82260.7844099831,82260.7844099831,1.0,1.0,1.0,1000.0,1000.0,685.1377653327409,685.1377653327409,590.0063938425549,590.0063938425549,0.0,0.0,0.0,0.0,0.0,0.0
A4,'Nickelsdorf Süd',64.65,0.0,0.0,10545.0002054832,10545.0002054832,37272.1460143132,37272.1460143132,1.0,1.0,1.0,1000.0,1000.0,590.0063938425549,590.0063938425549,0.0,0.0,0.0,0.0,0.0,0.0,0.0,0.0
A4,'Nickelsdorf Nord',64.97,1.0,0.0,7158.00002801737,0.0,1140.78448822744,0.0,1.0,1.0,0.0,484.9766312196483,0.0,472.4280018491465,0.0,0.0,0.0,7158.00002801737,1140.78448822744,1.0,484.9766312196483,472.4280018491465,0.0
A5,'Hochleithen',10.63,2.0,0.0,35611.2,17306.5,171050.4446671828,34873.9690442298,1.0,3.0,1.0,1881.5548913390107,383.6136594865278,0.0,0.0,0.0,0.0,18304.7,136176.475622953,2.0,1497.941231852483,0.0,0.0
A6,'Potzneusiedl',10.8,2.0,0.0,15204.99999997072,7325.99999998698,33671.234605376696,15733.5392613832,1.0,2.0,1.0,370.38358065914366,173.06893187521518,0.0,0.0,0.0,0.0,7878.99999998374,17937.6953439935,1.0,197.31464878392848,0.0,0.0
A7,'Engerwitzdorf',25.71,1.0,1.0,19344.0,0.0,4050.24228695362,0.0,1.0,1.0,0.0,44.552665156489816,0.0,0.0,0.0,0.0,0.0,19344.0,4050.24228695362,1.0,44.552665156489816,0.0,0.0
A7,'Denk',25.76,0.0,1.0,18851.0,18851.0,97075.8948382568,97075.8948382568,1.0,2.0,2.0,1067.8348432208247,1067.8348432208247,0.0,0.0,0.0,0.0,0.0,0.0,0.0,0.0,0.0,0.0
A8,'Voralpenkreuz',0.17,2.0,0.0,20453.0,10081.0,35002.97696040161,882.177656304013,0.0,1.0,-0.0,0.0,0.0,0.0,0.0,385.0327465644177,9.703954219344142,10372.0,34120.7993040976,1.0,0.0,0.0,375.32879234507357
A8,'Oberham/Süd',16.76,1.0,2.0,24053.9987668495,0.0,18977.6357391317,0.0,1.0,1.0,0.0,584.0827854755223,0.0,375.32879234507357,0.0,0.0,0.0,24053.9987668495,18977.6357391317,1.0,584.0827854755223,375.32879234507357,0.0
A8,'Oberham/Nord',18.32,0.0,2.0,21938.9594740121,21938.9594740121,79070.5212042674,79070.5212042674,1.0,1.0,1.0,879.4796874662854,879.4796874662854,9.703954219344142,9.703954219344142,0.0,0.0,0.0,0.0,0.0,0.0,0.0,0.0
A8,'Schnittering/Süd',20.68,1.0,2.0,17695.5680773093,0.0,46433.724359523,0.0,1.0,1.0,0.0,0.0,0.0,0.0,0.0,510.770967954753,0.0,17695.5680773093,46433.724359523,1.0,0.0,0.0,510.770967954753
A8,'Kematen/Nord',24.85,0.0,2.0,16374.0,16374.0,21401.0445813279,21401.0445813279,1.0,1.0,1.0,0.0,0.0,0.0,0.0,235.4114903946069,235.4114903946069,0.0,0.0,0.0,0.0,0.0,0.0
A8,'Aistersheim',33.81,2.0,0.0,30956.0,14979.0,60874.300241769204,26835.8621905234,1.0,2.0,1.0,43.51351605354921,0.0,746.1824583493599,235.4114903946069,1372.2862449552717,530.6059744903642,15977.0,34038.4380512458,1.0,43.51351605354921,510.770967954753,841.6802704649076
A8,'Gotthaming',43.74,0.0,2.0,13574.0021264066,13574.0021264066,26867.9601020947,26867.9601020947,1.0,1.0,1.0,0.0,0.0,530.6059744903642,530.6059744903642,826.1535356134059,826.1535356134059,0.0,0.0,0.0,0.0,0.0,0.0
A8,'Renhartsberg',44.47,1.0,2.0,14008.0000000001,0.0,14392.7026850084,0.0,1.0,1.0,0.0,1000.0,0.0,841.6802704649076,0.0,0.0,0.0,14008.0000000001,14392.7026850084,1.0,1000.0,841.6802704649076,0.0
A8,'Grübl/Süd’,49.59,1.0,2.0,14008.0,0.0,20419.6304148242,0.0,1.0,1.0,0.0,19.768604556223664,0.0,0.0,0.0,204.84733000684253,0.0,14008.0,20419.6304148242,1.0,19.768604556223664,0.0,204.84733000684253
A8,'Grübl/Nord',49.61,0.0,2.0,13574.0,13574.0,15944.8924629993,15944.8924629993,1.0,1.0,1.0,636.6349184516336,636.6349184516336,826.1535356134059,826.1535356134059,364.91243425476466,364.91243425476466,0.0,0.0,0.0,0.0,0.0,0.0
A8,'Murau West',56.77,1.0,1.0,14172.0,0.0,41708.9211386976,0.0,1.0,1.0,0.0,0.0,0.0,204.84733000684253,0.0,663.6454625325161,0.0,14172.0,41708.9211386976,1.0,0.0,204.84733000684253,663.6454625325161
A8,'Murau Ost',56.88,0.0,1.0,13536.0,13536.0,19847.6823609433,19847.6823609433,1.0,1.0,1.0,0.0,0.0,364.91243425476466,364.91243425476466,583.236940225141,583.236940225141,0.0,0.0,0.0,0.0,0.0,0.0
A8,'Marienkirchen/Schärding’,71.6,1.0,1.0,10055.2342807957,0.0,6370.45169055732,0.0,1.0,1.0,0.0,733.7204311286466,0.0,663.6454625325161,0.0,0.0,0.0,10055.2342807957,6370.45169055732,1.0,733.7204311286466,663.6454625325161,0.0
A8,'Dietrichshofen/Ost',72.06,0.0,2.0,8836.92333674456,8836.92333674456,26734.753655044,26734.753655044,1.0,1.0,1.0,877.319230430625,877.319230430625,583.236940225141,583.236940225141,0.0,0.0,0.0,0.0,0.0,0.0,0.0,0.0
A8,'Suben West',74.77,1.0,0.0,9186.00000018942,0.0,2309.50376076126,0.0,1.0,1.0,0.0,25.404541368373856,0.0,0.0,0.0,0.0,0.0,9186.00000018942,2309.50376076126,1.0,25.404541368373856,0.0,0.0
A9,'Maisdorf/Ost',12.66,1.0,2.0,10503.0,0.0,49687.4935362851,0.0,1.0,1.0,0.0,88.45642889913609,0.0,0.0,0.0,458.106,0.0,10503.0,49687.4935362851,1.0,88.45642889913609,0.0,458.106
A9,'Maisdorf/West',12.73,0.0,2.0,11055.0,11055.0,28126.5824568507,28126.5824568507,1.0,1.0,1.0,0.0,0.0,0.0,0.0,309.39240702535767,309.39240702535767,0.0,0.0,0.0,0.0,0.0,0.0
A9,'St. Pankraz',36.36,2.0,0.0,13974.0,7033.0,59101.108124232705,33173.7001423159,1.0,2.0,1.0,495.32659639191735,210.12510859083255,767.4984070253577,309.39240702535767,922.284,464.178,6941.0,25927.4079819168,1.0,285.2014878010848,458.106,458.106
A9,'Pyhrn-Priel Ost’,55.03,1.0,1.0,7591.97161176799,0.0,16849.293094569,0.0,1.0,1.0,0.0,142.37809766357165,0.0,458.106,0.0,501.0701263766873,0.0,7591.97161176799,16849.293094569,1.0,142.37809766357165,458.106,501.0701263766873
A9,'Pyhrn-Priel West',55.04,0.0,1.0,8230.85522813332,8230.85522813332,31192.3019866198,31192.3019866198,1.0,1.0,1.0,264.0568767960187,264.0568767960187,464.178,464.178,543.2364450567991,543.2364450567991,0.0,0.0,0.0,0.0,0.0,0.0
A9,'Ardning Ost',65.96,1.0,2.0,13083.9999998773,0.0,31041.4589923437,0.0,1.0,1.0,0.0,842.526175292468,0.0,501.0701263766873,0.0,0.0,0.0,13083.9999998773,31041.4589923437,1.0,842.526175292468,501.0701263766873,0.0
A9,'Ardning West',66.04,0.0,2.0,13361.9999999834,13361.9999999834,29114.4164492944,29114.4164492944,1.0,1.0,1.0,863.4950259990375,863.4950259990375,543.2364450567991,543.2364450567991,0.0,0.0,0.0,0.0,0.0,0.0,0.0,0.0
A9,'Rottenmann/Nord',77.91,1.0,2.0,13084.0,0.0,20345.1880841495,0.0,1.0,1.0,0.0,223.79706892564448,0.0,0.0,0.0,0.0,0.0,13084.0,20345.1880841495,1.0,223.79706892564448,0.0,0.0
A9,'Rottenmann/Süd',78.18,0.0,2.0,13362.0,13362.0,32196.6325731684,32196.6325731684,1.0,1.0,1.0,354.1629583048524,354.1629583048524,0.0,0.0,0.0,0.0,0.0,0.0,0.0,0.0,0.0,0.0
A9,'Trieben',85.7,2.0,0.0,20906.0,10619.0,29194.7856077996,15971.5609430567,1.0,2.0,1.0,145.45547131217205,1.7053025658242404e-13,0.0,0.0,175.68717037362353,175.68717037362353,10287.0,13223.2246647429,1.0,145.45547131217188,0.0,0.0
A9,'Gaishorn',92.11,1.0,1.0,10287.0,0.0,59758.322392657,0.0,1.0,1.0,0.0,0.0,0.0,0.0,0.0,657.341546319227,0.0,10287.0,59758.322392657,1.0,0.0,0.0,657.341546319227
A9,'Treglwang',94.03,0.0,2.0,10619.0,10619.0,17705.3900050014,17705.3900050014,1.0,1.0,1.0,0.0,0.0,175.68717037362353,175.68717037362353,370.44646042863894,370.44646042863894,0.0,0.0,0.0,0.0,0.0,0.0
A9,'Kalwang',106.26,0.0,1.0,10953.0,10953.0,26930.4863629944,26930.4863629944,1.0,1.0,1.0,632.3616890450639,632.3616890450639,370.44646042863894,370.44646042863894,34.32012137651344,34.32012137651344,0.0,0.0,0.0,0.0,0.0,0.0
A9,'Kammern Nord',121.18,1.0,2.0,10926.0,0.0,175.988980444872,0.0,0.0,0.0,0.0,0.0,0.0,657.341546319227,0.0,659.2774251041205,0.0,10926.0,175.988980444872,-0.0,0.0,657.341546319227,659.2774251041205
A9,'Kammern Süd',121.26,2.0,0.0,21954.0,11028.0,64341.428073255505,32914.0144496087,1.0,2.0,1.0,307.0289833453839,0.0,693.597546480634,34.32012137651344,1094.3242719410605,396.37428032220913,10926.0,31427.4136236468,1.0,307.0289833453839,659.2774251041205,697.9499916188514
A9,'St. Michael',135.01,0.0,2.0,11073.0049655244,11073.0049655244,30404.0043093092,30404.0043093092,1.0,1.0,1.0,0.0,0.0,396.37428032220913,396.37428032220913,730.8183277246103,730.8183277246103,0.0,0.0,0.0,0.0,0.0,0.0
A9,'Ortnerhof Nord',135.65,1.0,2.0,10574.9998730129,0.0,7705.62811144795,0.0,1.0,1.0,0.0,782.7119008447788,0.0,697.9499916188514,0.0,0.0,0.0,10574.9998730129,7705.62811144795,1.0,782.7119008447788,697.9499916188514,0.0
A9,'Ortnerhof Süd’,135.65,0.0,2.0,11073.9994440636,11073.9994440636,1386.65109811539,1386.65109811539,1.0,1.0,1.0,730.8183277246104,730.8183277246104,730.8183277246103,730.8183277246103,15.253162079269146,15.253162079269146,0.0,0.0,0.0,0.0,0.0,0.0
A9,'Hinterlainsach/Ost',139.16,0.0,2.0,11074.0,11074.0,7841.72166568702,7841.72166568702,1.0,1.0,1.0,101.51210040182636,101.51210040182636,15.253162079269146,15.253162079269146,0.0,0.0,0.0,0.0,0.0,0.0,0.0,0.0
A9,'Hinterlainsach/West',139.3,1.0,2.0,10575.0,0.0,31388.7335234428,0.0,1.0,1.0,0.0,345.27606875787075,0.0,0.0,0.0,0.0,0.0,10575.0,31388.7335234428,1.0,345.27606875787075,0.0,0.0
A9,'Kleintal',150.57,0.0,2.0,11777.0,11777.0,26809.3360642933,26809.3360642933,1.0,1.0,1.0,294.9026967072263,294.9026967072263,0.0,0.0,0.0,0.0,0.0,0.0,0.0,0.0,0.0,0.0
A9,'Übelbach 1',154.16,1.0,2.0,11512.0,0.0,17781.9235231718,0.0,1.0,1.0,0.0,195.6011587548898,0.0,0.0,0.0,0.0,0.0,11512.0,17781.9235231718,1.0,195.6011587548898,0.0,0.0
A9,'Übelbach 2',154.24,0.0,2.0,11777.0,11777.0,8639.97767636247,8639.97767636247,1.0,1.0,1.0,9.947598300641403e-14,9.947598300641403e-14,0.0,0.0,95.03975443998706,95.03975443998706,0.0,0.0,0.0,0.0,0.0,0.0
A9,'Deutschfeistritz',161.95,2.0,0.0,23289.000114064198,11777.0000550153,76050.6525493734,18003.9283967324,1.0,2.0,1.0,503.71489236255155,293.08296680404345,95.03975443998706,95.03975443998706,427.8820401205429,0.0,11512.0000590489,58046.724152641,1.0,210.6319255585081,0.0,427.8820401205429
A9,'Eggenfeld',169.13,0.0,2.0,20432.1080698656,20432.1080698656,29453.135965858,29453.135965858,1.0,1.0,1.0,323.984495624438,323.984495624438,0.0,0.0,0.0,0.0,0.0,0.0,0.0,0.0,0.0,0.0
A9,'Feldkirchen',186.97,1.0,2.0,29999.0102815467,0.0,57184.4442484991,0.0,1.0,1.0,0.0,1000.0,0.0,427.8820401205429,0.0,56.91092685403294,0.0,29999.0102815467,57184.4442484991,1.0,1000.0,427.8820401205429,56.91092685403294
A9,'Premstätten',192.48,0.0,1.0,32302.5116708696,32302.5116708696,152381.317083486,152381.317083486,1.0,1.0,1.0,975.4999380740405,975.4999380740405,0.0,0.0,700.6945498443054,700.6945498443054,0.0,0.0,0.0,0.0,0.0,0.0
A9,'Thalerhof',196.52,1.0,2.0,26113.2658741873,0.0,77662.2651232488,0.0,1.0,1.0,0.0,0.0,0.0,56.91092685403294,0.0,911.1958432097697,0.0,26113.2658741873,77662.2651232488,1.0,0.0,56.91092685403294,911.1958432097697
A9,'Gralla West',211.06,0.0,0.0,20689.0,20689.0,76643.5863777935,76643.5863777935,1.0,1.0,1.0,1000.0,1000.0,700.6945498443054,700.6945498443054,543.7740000000337,543.7740000000337,0.0,0.0,0.0,0.0,0.0,0.0
A9,'Gralla Ost',211.45,1.0,0.0,19399.0,0.0,52785.1051627529,0.0,1.0,1.0,0.0,999.9999999999999,0.0,911.1958432097697,0.0,491.83200000005166,0.0,19399.0,52785.1051627529,1.0,999.9999999999999,911.1958432097697,491.83200000005166
A9,'Straß Ost’,225.02,1.0,2.0,7452.00000000078,0.0,7466.9835977584,0.0,1.0,1.0,0.0,573.968819575394,0.0,491.83200000005166,0.0,0.0,0.0,7452.00000000078,7466.9835977584,1.0,573.968819575394,491.83200000005166,0.0
A9,'Straß West',225.02,0.0,2.0,8239.00000000051,8239.00000000051,22970.085281965,22970.085281965,1.0,1.0,1.0,796.4449381016486,796.4449381016486,543.7740000000337,543.7740000000337,0.0,0.0,0.0,0.0,0.0,0.0,0.0,0.0
S16,'Schnann',18.9,2.0,0.0,9860.99996031521,4941.99999999999,43437.3063097745,18700.073610348,1.0,2.0,1.0,0.0,0.0,0.0,0.0,477.8103694075195,205.700809713828,4918.99996031522,24737.2326994265,1.0,0.0,0.0,272.1095596936915
S16,'Klösterle',44.17,1.0,0.0,4439.00000026553,0.0,13183.2372957264,0.0,1.0,1.0,0.0,417.1251699466819,0.0,272.1095596936915,0.0,0.0,0.0,4439.00000026553,13183.2372957264,1.0,417.1251699466819,272.1095596936915,0.0
S16,'Innerbraz',54.99,0.0,0.0,5392.0,5392.0,38789.0895145232,38789.0895145232,1.0,1.0,1.0,632.3807943735832,632.3807943735832,205.700809713828,205.700809713828,0.0,0.0,0.0,0.0,0.0,0.0,0.0,0.0
S16,'Radin Süd',59.01,1.0,2.0,5252.0,0.0,3038.65560533498,0.0,1.0,1.0,0.0,33.42521165868478,0.0,0.0,0.0,0.0,0.0,5252.0,3038.65560533498,1.0,33.42521165868478,0.0,0.0
S16,'Radin Nord',59.03,0.0,2.0,5392.0,5392.0,4366.47563598932,4366.47563598932,1.0,1.0,1.0,48.031231995882514,48.031231995882514,0.0,0.0,0.0,0.0,0.0,0.0,0.0,0.0,0.0,0.0
S1A,'Schwechat',9.85,2.0,0.0,61703.499999875596,31463.4999999758,98660.2094337553,39041.5229588917,1.0,2.0,1.0,1085.2623037713083,429.45675254780866,0.0,0.0,0.0,0.0,30239.9999998998,59618.6864748636,1.0,655.8055512234996,0.0,0.0
S1B,'Deutsch Wagram',39.05,2.0,0.0,32604.8333333334,16237.9666666667,73145.99870320685,9677.10465852084,1.0,2.0,1.0,804.6059857352752,106.44815124372924,0.0,0.0,0.0,0.0,16366.8666666667,63468.894044686,1.0,698.1578344915459,0.0,0.0
S3,'Hollabrunn',23.6,1.0,2.0,6766.0,0.0,15563.6304365099,0.0,1.0,1.0,0.0,171.1999348016089,0.0,0.0,0.0,0.0,0.0,6766.0,15563.6304365099,1.0,171.1999348016089,0.0,0.0
S31,‘Mattersburg’,52.09,1.0,2.0,8153.0,0.0,26231.7185760427,0.0,1.0,1.0,0.0,288.54890433646966,0.0,0.0,0.0,0.0,0.0,8153.0,26231.7185760427,1.0,288.54890433646966,0.0,0.0
S31,'Forchtenstein’,52.45,0.0,2.0,7857.0,7857.0,29576.2970950276,29576.2970950276,1.0,1.0,1.0,325.3392680453036,325.3392680453036,0.0,0.0,0.0,0.0,0.0,0.0,0.0,0.0,0.0,0.0
S31,'Kobersdorf',66.91,0.0,2.0,6223.99999959079,6223.99999959079,17886.0953980026,17886.0953980026,1.0,1.0,1.0,196.74704937802858,196.74704937802858,0.0,0.0,0.0,0.0,0.0,0.0,0.0,0.0,0.0,0.0
S31,'Tschurndorf',68.14,1.0,2.0,6566.99981701551,0.0,21185.2830579882,0.0,1.0,1.0,0.0,233.03811363787014,0.0,0.0,0.0,0.0,0.0,6566.99981701551,21185.2830579882,1.0,233.03811363787014,0.0,0.0
S33,'St. Pölten Ost',1.84,0.0,0.0,15332.0,15332.0,42162.7134503831,42162.7134503831,1.0,1.0,1.0,463.78984795421405,463.78984795421405,0.0,0.0,0.0,0.0,0.0,0.0,0.0,0.0,0.0,0.0
S33,'Inzersdorf',15.28,1.0,1.0,15650.3644596231,0.0,47979.5381659785,0.0,1.0,1.0,0.0,527.7749198257634,0.0,0.0,0.0,0.0,0.0,15650.3644596231,47979.5381659785,1.0,527.7749198257634,0.0,0.0
S33,'Herzogenburg',15.69,0.0,1.0,15657.3198933445,15657.3198933445,36041.873172353,36041.873172353,1.0,1.0,1.0,396.4606048958829,396.4606048958829,0.0,0.0,0.0,0.0,0.0,0.0,0.0,0.0,0.0,0.0
S35,'Frohnleiten West',26.82,0.0,2.0,9816.0,9816.0,51001.4723618157,51001.4723618157,1.0,1.0,1.0,561.0161959799726,561.0161959799726,0.0,0.0,0.0,0.0,0.0,0.0,0.0,0.0,0.0,0.0
S35,'Frohnleiten Ost',26.82,1.0,2.0,9690.0,0.0,18587.0306660648,0.0,1.0,1.0,0.0,204.45733732671277,0.0,0.0,0.0,0.0,0.0,9690.0,18587.0306660648,1.0,204.45733732671277,0.0,0.0
S36,'St. Marein Nord',14.89,0.0,0.0,10113.0,10113.0,30156.5054856072,30156.5054856072,1.0,1.0,1.0,331.72156034167915,331.72156034167915,0.0,0.0,0.0,0.0,0.0,0.0,0.0,0.0,0.0,0.0
S36,'St. Marein Süd',14.97,1.0,0.0,10133.0,0.0,39904.3447834717,0.0,1.0,1.0,0.0,438.94779261818866,0.0,0.0,0.0,0.0,0.0,10133.0,39904.3447834717,1.0,438.94779261818866,0.0,0.0
S36,'Strettweg',34.61,1.0,2.0,9701.0,0.0,5373.27834651624,0.0,1.0,1.0,0.0,59.106061811678615,0.0,0.0,0.0,0.0,0.0,9701.0,5373.27834651624,1.0,59.106061811678615,0.0,0.0
S36,'Hauswald',35.77,0.0,2.0,9740.5,9740.5,40577.7359324679,40577.7359324679,1.0,1.0,1.0,446.3550952571468,446.3550952571468,0.0,0.0,0.0,0.0,0.0,0.0,0.0,0.0,0.0,0.0
S37,'Hunnenbrunnen',285.19,0.0,2.0,19888.0,10058.0,36142.46463235457,4295.79554357207,1.0,2.0,1.0,397.5671109559002,47.25375097929276,0.0,0.0,0.0,0.0,9830.0,31846.6690887825,1.0,350.31335997660744,0.0,0.0
S37,'Zollfeld',293.91,0.0,2.0,10058.0,10058.0,17382.6063387542,17382.6063387542,1.0,1.0,1.0,191.20866972629622,191.20866972629622,0.0,0.0,0.0,0.0,0.0,0.0,0.0,0.0,0.0,0.0
S5,'Zaina',6.3,0.0,2.0,17736.0,17736.0,22057.7426519245,22057.7426519245,1.0,1.0,1.0,242.63516917116948,242.63516917116948,0.0,0.0,0.0,0.0,0.0,0.0,0.0,0.0,0.0,0.0
S5,'Grafenwörth',32.85,2.0,0.0,24240.0,12017.0,92944.8042105512,63800.3420828639,1.0,2.0,1.0,1022.3928463160632,701.8037629115029,0.0,0.0,0.0,0.0,12223.0,29144.4621276873,1.0,320.5890834045603,0.0,0.0
S6,'Natschbach',3.22,2.0,0.0,28895.0,14441.0,49805.03843322327,7829.40012364227,1.0,2.0,1.0,0.0,0.0,0.0,0.0,547.855422765456,86.12340136006496,14454.0,41975.638309581,1.0,0.0,0.0,461.732021405391
S6,'Gloggnitz Süd',17.81,1.0,2.0,7935.5,0.0,9081.29725430135,0.0,1.0,1.0,0.0,37.88329120270576,0.0,461.732021405391,0.0,523.743,0.0,7935.5,9081.29725430135,1.0,37.88329120270576,461.732021405391,523.743
S6,'Gloggnitz Nord',18.44,0.0,2.0,8009.0,8009.0,24242.6211560244,24242.6211560244,1.0,1.0,1.0,0.0,0.0,86.12340136006496,86.12340136006496,352.7922340763334,352.7922340763334,0.0,0.0,0.0,0.0,0.0,0.0
S6,'Schottwien',23.57,2.0,0.0,15944.5,8009.0,47842.38487070691,8181.60195944931,1.0,2.0,1.0,960.0116120238334,-1.1368683772161603e-13,876.5352340763334,352.7922340763334,442.7898556302759,442.7898556302759,7935.5,39660.7829112576,1.0,960.0116120238335,523.743,0.0
S6,'Schwöbing Nord',48.55,0.0,0.0,9945.0,9945.0,49668.1515643949,49668.1515643949,1.0,1.0,1.0,717.8531236376782,717.8531236376782,442.7898556302759,442.7898556302759,271.28639920094156,271.28639920094156,0.0,0.0,0.0,0.0,0.0,0.0
S6,'Schwöbing Süd',48.57,1.0,0.0,9757.0,0.0,46526.2086406298,0.0,1.0,1.0,0.0,511.7882950469277,0.0,0.0,0.0,0.0,0.0,9757.0,46526.2086406298,1.0,511.7882950469277,0.0,0.0
S6,'St. Marein',68.99,0.0,0.0,12864.0,12864.0,52521.6000726417,52521.6000726417,1.0,1.0,1.0,0.0,0.0,271.28639920094156,271.28639920094156,849.0240000000002,849.0240000000002,0.0,0.0,0.0,0.0,0.0,0.0
S6,'Kapfenberg Nord',72.03,0.0,2.0,12864.0,12864.0,7831.34579629671,7831.34579629671,1.0,1.0,1.0,935.168803759264,935.168803759264,849.0240000000002,849.0240000000002,0.0,0.0,0.0,0.0,0.0,0.0,0.0,0.0
S6,'Kapfenberg Süd',72.45,1.0,1.0,12893.5,0.0,83967.4089500264,0.0,1.0,1.0,0.0,923.6414984502903,0.0,0.0,0.0,0.0,0.0,12893.5,83967.4089500264,1.0,923.6414984502903,0.0,0.0
