Time of calculation: 20210907-165223; value of objective: 117.75200789802466;  acc=20;  ec=0.25;  e_tax=0.15;  cfix=50000;  cvar=10000;  eta=0.003;  cars=20;  i=0.05;  T=10
highway,name,dist_along_highway,direction,asfinag_type,traffic_flow,traffic_flow_0,traffic_flow_1,energy_demand,energy_demand_0,energy_demand_1,pXi_dir,pYi_dir,pYi_dir_0,pYi_dir_1,pE_charged,pE_charged_0,pE_charged_1,pE_input,pE_input_0,pE_input_1,pE_output,pE_output_0,pE_output_1
A1,'Parkplatz Großraum’,18630.868491944,2.0,2.0,25490.00000000002,12193.00000000001,13297.00000000001,59974.325349551305,45433.23590445468,14541.089445096624,-0.0,0.0,-0.0,-0.0,0.0,0.0,0.0,0.0,0.0,0.0,179.92297604865394,136.29970771336406,43.62326833528987
A1,'Steinhäusl',24098.6768115261,2.0,0.0,63195.99999999913,31485.99999999933,31709.9999999998,111561.50482266734,34431.882550071685,77129.62227259565,1.0,2.0,1.0,1.0,514.607490516656,239.59535536357913,275.0121351530768,179.92297604865394,136.29970771336406,43.62326833528987,0.0,0.0,0.0
A1,'Kesselhof',36260.395870592,1.0,1.0,30234.999996719125,0.0,30234.999996719125,109130.9556998184,0.0,109130.9556998184,1.0,1.0,0.0,1.0,327.3928670994552,0.0,327.3928670994552,0.0,0.0,0.0,0.0,0.0,0.0
A1,'Kirchstetten',36262.0457582593,0.0,1.0,29897.99999542764,29897.99999542764,0.0,72732.0809427628,72732.0809427628,0.0,1.0,1.0,1.0,0.0,218.1962428282884,218.1962428282884,0.0,0.0,0.0,0.0,0.0,0.0,0.0
A1,'St. Pölten',54307.519355239,2.0,0.0,71148.0,35583.0,35565.0,227454.84943410664,128422.41740026572,99032.43203384092,1.0,2.0,1.0,1.0,545.0671887645344,247.96989266301168,297.0972961015228,0.0,0.0,0.0,137.29735953778552,137.29735953778552,0.0
A1,'Roggendorf',68150.1264307181,0.0,1.0,28377.0,28377.0,0.0,78562.33219617409,78562.33219617409,0.0,1.0,1.0,1.0,0.0,372.98435612630783,372.98435612630783,0.0,137.29735953778552,137.29735953778552,0.0,0.0,0.0,0.0
A1,'Schallaburg',68230.25688284212,1.0,1.0,29188.0,0.0,29188.0,136934.36037638842,0.0,136934.36037638842,1.0,1.0,0.0,1.0,400.0,0.0,400.0,0.0,0.0,0.0,10.803081129165264,0.0,10.803081129165264
A1,'Ornding',79331.7433566839,0.0,1.0,27048.0,27048.0,0.0,60488.07492270462,60488.07492270462,0.0,1.0,1.0,1.0,0.0,181.46422476811387,181.46422476811387,0.0,0.0,0.0,0.0,0.0,0.0,0.0
A1,'Ybbs',91687.56131897827,1.0,0.0,27161.40445083877,0.0,27161.40445083877,104129.25066774736,0.0,104129.25066774736,1.0,1.0,0.0,1.0,185.89347359462184,0.0,185.89347359462184,10.803081129165264,0.0,10.803081129165264,137.29735953778552,0.0,137.29735953778552
A1,'Kemmelbach',92757.6672485543,0.0,0.0,26898.000000000207,26898.000000000207,0.0,72226.10016870651,72226.10016870651,0.0,1.0,1.0,1.0,0.0,216.67830050611954,216.67830050611954,0.0,0.0,0.0,0.0,0.0,0.0,0.0
A1,'Viehdorf',110788.117558731,0.0,1.0,25545.0,25545.0,0.0,92117.57063469278,92117.57063469278,0.0,1.0,1.0,1.0,0.0,276.3527119040783,276.3527119040783,0.0,0.0,0.0,0.0,0.0,0.0,0.0
A1,'Amstetten',110856.16706177368,1.0,1.0,25407.0,0.0,25407.0,56128.53142796268,0.0,56128.53142796268,1.0,1.0,0.0,1.0,305.68295382167355,0.0,305.68295382167355,137.29735953778552,0.0,137.29735953778552,0.0,0.0,0.0
A1,'Parkplatz Zeillern’,115669.740972646,0.0,2.0,24685.0,24685.0,0.0,24100.57479449837,24100.57479449837,0.0,-0.0,0.0,-0.0,0.0,0.0,0.0,0.0,0.0,0.0,0.0,72.30172438349511,72.30172438349511,0.0
A1,'Oed',121902.04643123144,1.0,2.0,26849.692063066555,0.0,26849.692063066555,69822.67372138261,0.0,69822.67372138261,1.0,1.0,0.0,1.0,209.46802116414784,0.0,209.46802116414784,0.0,0.0,0.0,0.0,0.0,0.0
A1,'Strengberg',127419.883969473,0.0,0.0,25773.0,25773.0,0.0,60567.28709144443,60567.28709144443,0.0,1.0,1.0,1.0,0.0,254.0035856578284,254.0035856578284,0.0,72.30172438349511,72.30172438349511,0.0,0.0,0.0,0.0
A1,'Haag',134904.5556513331,1.0,0.0,28172.0,0.0,28172.0,72532.38382040545,0.0,72532.38382040545,1.0,1.0,0.0,1.0,217.59715146121636,0.0,217.59715146121636,0.0,0.0,0.0,0.0,0.0,0.0
A1,'Ennsblick',138438.777669938,0.0,2.0,27181.0,27181.0,0.0,59900.9099344678,59900.9099344678,0.0,1.0,1.0,1.0,0.0,42.405370265617876,42.405370265617876,0.0,0.0,0.0,0.0,137.29735953778552,137.29735953778552,0.0
A1,'Parkplatz Ennsdorf’,144219.521808836,0.0,2.0,26232.408315204048,26232.408315204048,0.0,30328.56812345904,30328.56812345904,0.0,1.0,1.0,1.0,0.0,172.40838028250465,172.40838028250465,0.0,137.29735953778552,137.29735953778552,0.0,55.87468362565802,55.87468362565802,0.0
A1,'Enns Süd',147777.689227296,1.0,1.0,29648.737115098505,0.0,29648.737115098505,86236.69930607454,0.0,86236.69930607454,1.0,1.0,0.0,1.0,258.71009791822365,0.0,258.71009791822365,0.0,0.0,0.0,0.0,0.0,0.0
A1,'Enns Nord',148036.797393782,0.0,1.0,29791.88732837659,29791.88732837659,0.0,22744.768825614865,22744.768825614865,0.0,-0.0,0.0,-0.0,0.0,0.0,0.0,0.0,55.87468362565802,55.87468362565802,0.0,124.10899010250262,124.10899010250262,0.0
A1,'Ansfelden Nord',162316.504436048,0.0,0.0,48225.58896718505,48225.58896718505,0.0,137729.45647842763,137729.45647842763,0.0,1.0,1.0,1.0,0.0,400.0,400.0,0.0,124.10899010250262,124.10899010250262,0.0,137.29735953778552,137.29735953778552,0.0
A1,'Ansfelden Süd',162320.75373815486,1.0,0.0,46681.64620523784,0.0,46681.64620523784,108599.64670259575,0.0,108599.64670259575,1.0,1.0,0.0,1.0,325.79894010778725,0.0,325.79894010778725,0.0,0.0,0.0,0.0,0.0,0.0
A1,'Allhaming Nord',173899.962969708,0.0,1.0,22478.0,22478.0,0.0,52074.59618392183,52074.59618392183,0.0,1.0,1.0,1.0,0.0,293.52114808955105,293.52114808955105,0.0,137.29735953778552,137.29735953778552,0.0,0.0,0.0,0.0
A1,'Allhaming Süd',173952.69643198498,1.0,1.0,22273.000000000004,0.0,22273.000000000004,132032.00498622246,0.0,132032.00498622246,1.0,1.0,0.0,1.0,396.09601495866735,0.0,396.09601495866735,0.0,0.0,0.0,0.0,0.0,0.0
A1,'Lindach Süd',203592.17135368893,1.0,0.0,24205.0,0.0,24205.0,88500.71292866129,0.0,88500.71292866129,1.0,1.0,0.0,1.0,265.5021387859839,0.0,265.5021387859839,0.0,0.0,0.0,0.0,0.0,0.0
A1,'Lindach Nord',203639.738600817,0.0,0.0,24091.0,24091.0,0.0,143292.1869458095,143292.1869458095,0.0,1.0,1.0,1.0,0.0,292.579201299643,292.579201299643,0.0,0.0,0.0,0.0,137.29735953778552,137.29735953778552,0.0
A1,'Hainbach Süd',221873.6654517392,1.0,1.0,16641.0,0.0,16641.0,43626.88664049066,0.0,43626.88664049066,1.0,0.0,0.0,-0.0,0.0,0.0,0.0,0.0,0.0,0.0,130.880659921472,0.0,130.880659921472
A1,'Hainbach Nord',222093.800281812,0.0,1.0,15023.0,15023.0,0.0,55447.073726717535,55447.073726717535,0.0,1.0,1.0,1.0,0.0,299.5294425086307,299.5294425086307,0.0,137.29735953778552,137.29735953778552,0.0,4.109138209307389,4.109138209307389,0.0
A1,'Straß',234981.9181530464,1.0,1.0,16828.674835497062,0.0,16828.674835497062,52286.93331258196,0.0,52286.93331258196,1.0,1.0,0.0,1.0,255.8318651511204,0.0,255.8318651511204,130.880659921472,0.0,130.880659921472,31.909594708097487,0.0,31.909594708097487
A1,'Wildenhag Nord',235066.348665036,0.0,2.0,17111.546808170722,17111.546808170722,0.0,44396.07377615938,44396.07377615938,0.0,-0.0,0.0,-0.0,0.0,0.0,0.0,0.0,4.109138209307389,4.109138209307389,0.0,137.29735953778552,137.29735953778552,0.0
A1,'Oberwang',242460.019486016,0.0,1.0,15727.0,15727.0,0.0,23256.052200310536,23256.052200310536,0.0,1.0,1.0,1.0,0.0,145.79534261240997,145.79534261240997,0.0,137.29735953778552,137.29735953778552,0.0,61.270173526307175,61.270173526307175,0.0
A1,'Mondsee',250516.989637787,2.0,0.0,31060.001681777,15727.000882328592,15333.00079944841,60471.650280388814,25342.39533715945,35129.25494322937,0.0,0.0,0.0,0.0,0.0,0.0,0.0,93.17976823440466,61.270173526307175,31.909594708097487,274.5947190755711,137.29735953778552,137.2973595377856
A1,‘Parkplatz Ölgraben’,260279.124098433,0.0,2.0,18793.0,18793.0,0.0,36691.95858378413,36691.95858378413,0.0,1.0,1.0,1.0,0.0,247.3732352891379,247.3732352891379,0.0,137.29735953778552,137.29735953778552,0.0,0.0,0.0,0.0
A1,'Vetterbach',261972.4299011484,1.0,2.0,18111.0,0.0,18111.0,24972.45872010333,0.0,24972.45872010333,1.0,1.0,0.0,1.0,212.21473569809558,0.0,212.21473569809558,137.2973595377856,0.0,137.2973595377856,0.0,0.0,0.0
A1,'Enzersberg',266135.990207015,0.0,2.0,21891.999995182963,21891.999995182963,0.0,25643.70256417291,25643.70256417291,0.0,0.0,0.0,0.0,0.0,0.0,0.0,0.0,0.0,0.0,0.0,76.93110769251871,76.93110769251871,0.0
A1,'Salzburger Vorland',268866.709267308,1.0,2.0,21776.0,0.0,21776.0,38740.09283187072,0.0,38740.09283187072,1.0,0.0,0.0,0.0,0.0,0.0,0.0,0.0,0.0,0.0,116.22027849561223,0.0,116.22027849561223
A1,'Söllheim',277761.8444693356,1.0,0.0,28864.53746412181,0.0,28864.53746412181,82339.63927518326,0.0,82339.63927518326,1.0,1.0,0.0,1.0,363.239196321162,0.0,363.239196321162,116.22027849561223,0.0,116.22027849561223,0.0,0.0,0.0
A1,'Kasern',279165.959129779,0.0,0.0,38922.8495638266,38922.8495638266,0.0,101432.70404041585,101432.70404041585,0.0,1.0,1.0,1.0,0.0,243.9318602759807,243.9318602759807,0.0,76.93110769251871,76.93110769251871,0.0,137.29735953778552,137.29735953778552,0.0
A1,'Walserberg Nord',291924.308206547,0.0,0.0,12964.000000008587,12964.000000008587,0.0,33079.84748626592,33079.84748626592,0.0,1.0,1.0,1.0,0.0,236.53690199658328,236.53690199658328,0.0,137.29735953778552,137.29735953778552,0.0,0.0,0.0,0.0
A1,'Walserberg Süd',292024.9587453794,1.0,0.0,14880.00000000295,0.0,14880.00000000295,866.4299233484943,0.0,866.4299233484943,1.0,1.0,0.0,1.0,2.599289770045483,0.0,2.599289770045483,0.0,0.0,0.0,0.0,0.0,0.0
A10,'Glanegg/West',1770.48717284199,0.0,2.0,30225.0,30225.0,0.0,10702.59495982983,10702.59495982983,0.0,0.0,0.0,-0.0,0.0,0.0,0.0,0.0,0.0,0.0,0.0,32.10778487948949,32.10778487948949,0.0
A10,'Untersberg/Ost',1898.0363624747013,1.0,2.0,30061.000000000004,0.0,30061.000000000004,79010.53992075191,0.0,79010.53992075191,1.0,1.0,0.0,1.0,99.7342602244702,0.0,99.7342602244702,0.0,0.0,0.0,137.29735953778552,0.0,137.29735953778552
A10,'Bruderloch',15039.738222152006,1.0,2.0,24652.0,0.0,24652.0,55144.783875779045,0.0,55144.783875779045,1.0,1.0,0.0,1.0,302.73171116512265,0.0,302.73171116512265,137.29735953778552,0.0,137.29735953778552,0.0,0.0,0.0
A10,'Golling Ost',26224.385284414508,1.0,0.0,19647.000947721,0.0,19647.000947721,83619.98278708423,0.0,83619.98278708423,1.0,1.0,0.0,1.0,202.78362448989367,0.0,202.78362448989367,0.0,0.0,0.0,48.07632387135902,0.0,48.07632387135902
A10,'Golling West',26258.7424632438,0.0,0.0,19875.000668287423,19875.000668287423,0.0,97340.81805238585,97340.81805238585,0.0,1.0,1.0,1.0,0.0,324.130239036647,324.130239036647,0.0,32.10778487948949,32.10778487948949,0.0,0.0,0.0,0.0
A10,'Werfen',37817.9338569016,0.0,2.0,18631.68277998504,18631.68277998504,0.0,43073.43744795307,43073.43744795307,0.0,1.0,1.0,1.0,0.0,86.43800397325451,86.43800397325451,0.0,0.0,0.0,0.0,42.782308370604696,42.782308370604696,0.0
A10,'Klausgraben West’,47504.5194915941,0.0,2.0,16224.0,16224.0,0.0,31431.033067450226,31431.033067450226,0.0,0.0,0.0,0.0,0.0,0.0,0.0,0.0,42.782308370604696,42.782308370604696,0.0,137.07540757295538,137.07540757295538,0.0
A10,'Klausgraben Ost’,47504.98251388223,1.0,2.0,16076.0,0.0,16076.0,29740.34522214217,0.0,29740.34522214217,1.0,0.0,0.0,0.0,0.0,0.0,0.0,48.07632387135902,0.0,48.07632387135902,137.29735953778552,0.0,137.29735953778552
A10,'Eben Nord',56754.9032721997,2.0,0.0,31317.14723412229,15997.1632592005,15319.983974921792,29666.83094409501,29595.979909721613,70.85103437339785,1.0,1.0,1.0,-0.0,226.08529926695053,226.08529926695053,0.0,142.0439252156618,137.2973595377857,4.7465656778761085,4.959118780996302,0.0,4.959118780996302
A10,'Eben Süd',56778.0270021231,2.0,0.0,31290.578291916747,15997.416619605658,15293.16167231109,62778.68389280418,73.98398827676816,62704.69990452741,-0.0,1.0,-0.0,1.0,320.66489357349167,0.0,320.66489357349167,274.37276711074094,137.07540757295538,137.29735953778552,142.0439252156618,137.2973595377857,4.7465656778761085
A10,'Rohr',68791.6930993305,0.0,2.0,10976.0,10976.0,0.0,26372.39981658969,26372.39981658969,0.0,0.0,0.0,0.0,0.0,0.0,0.0,0.0,0.0,0.0,0.0,79.11719944976906,79.11719944976906,0.0
A10,'Tauernalm',77278.9218622281,2.0,0.0,21522.867721662766,10903.654559151322,10619.213162511443,62621.10903795552,18508.36211902574,44112.74691892978,-0.0,0.0,-0.0,-0.0,0.0,0.0,0.0,84.07631823076537,79.11719944976906,4.959118780996302,271.9396453446318,134.64228580684627,137.29735953778552
A10,'Lungau',95447.7334893185,0.0,0.0,10877.0,10877.0,0.0,39524.43281357246,39524.43281357246,0.0,1.0,1.0,1.0,0.0,253.21558424756364,253.21558424756364,0.0,134.64228580684627,134.64228580684627,0.0,0.0,0.0,0.0
A10,'Lanschütz',98049.1739721768,1.0,1.0,10558.5,0.0,10558.5,33491.7098286983,0.0,33491.7098286983,1.0,1.0,0.0,1.0,211.14103077308505,0.0,211.14103077308505,137.29735953778552,0.0,137.29735953778552,26.631458250795376,0.0,26.631458250795376
A10,'Rennweg',109897.179457003,0.0,2.0,6878.0,6878.0,0.0,19876.6578731468,19876.6578731468,0.0,-0.0,0.0,-0.0,0.0,0.0,0.0,0.0,0.0,0.0,0.0,59.62997361944024,59.62997361944024,0.0
A10,'Ried’,113909.24397676944,1.0,2.0,7303.0,0.0,7303.0,13765.28940829897,0.0,13765.28940829897,1.0,0.0,0.0,-0.0,0.0,0.0,0.0,26.631458250795376,0.0,26.631458250795376,67.92732647569228,0.0,67.92732647569228
A10,'Eisentratten',123333.651349287,2.0,0.0,14181.0,6877.999999999999,7303.0,41606.55508905694,18483.210735025867,23123.34435403108,-0.0,0.0,-0.0,-0.0,0.0,0.0,0.0,127.55730009513252,59.62997361944024,67.92732647569228,252.37696536230337,115.07960582451784,137.29735953778552
A10,'Seeboden',139165.05238586848,1.0,2.0,14455.0,0.0,14455.0,36156.36436141982,0.0,36156.36436141982,1.0,1.0,0.0,1.0,176.56497712601566,0.0,176.56497712601566,137.29735953778552,0.0,137.29735953778552,69.20147549602933,0.0,69.20147549602933
A10,'Wolfsberg',139712.580635197,0.0,2.0,14500.0,14500.0,0.0,47498.89492913899,47498.89492913899,0.0,1.0,1.0,1.0,0.0,257.57629061193484,257.57629061193484,0.0,115.07960582451784,115.07960582451784,0.0,0.0,0.0,0.0
A10,'Kamering',151671.57758871172,1.0,2.0,14749.703862513725,0.0,14749.703862513725,22698.62801391875,0.0,22698.62801391875,1.0,0.0,0.0,-0.0,0.0,0.0,0.0,69.20147549602933,0.0,69.20147549602933,137.29735953778555,0.0,137.29735953778555
A10,'Feistritz an der Drau',159366.182248405,2.0,0.0,29679.0,14929.0,14750.0,122093.03941770023,58681.72369671648,63411.31572098375,1.0,2.0,1.0,1.0,503.57647779088626,176.04517109014944,327.5313067007368,137.29735953778555,0.0,137.29735953778555,0.0,0.0,0.0
A11,'St. Niklas/Nord',2126.475415772853,1.0,2.0,7502.999999999998,0.0,7502.999999999998,10409.086151425914,0.0,10409.086151425914,1.0,0.0,0.0,-0.0,0.0,0.0,0.0,0.0,0.0,0.0,31.227258454277745,0.0,31.227258454277745
A11,'Rosegg',9063.09153694166,2.0,0.0,9108.5,4306.5,4802.0,19444.034231287984,7806.040740767851,11637.993490520132,1.0,2.0,1.0,1.0,89.55936114814169,23.418122222303555,66.14123892583814,31.227258454277745,0.0,31.227258454277745,0.0,0.0,0.0
A12,'Langkampfen Süd',2098.380581805528,1.0,2.0,11349.585916642442,0.0,11349.585916642442,27244.807627465067,0.0,27244.807627465067,1.0,0.0,0.0,-0.0,0.0,0.0,0.0,0.0,0.0,0.0,81.73442288239521,0.0,81.73442288239521
A12,'Angath Süd',14100.9363699928,2.0,0.0,39222.99999999994,19907.99999999997,19314.99999999997,56148.108726317056,56144.28825076325,3.820475553803405,1.0,1.0,1.0,-0.0,31.147318524468773,31.147318524468773,0.0,81.73442288239521,0.0,81.73442288239521,219.03143053687762,137.285546227821,81.74588430905662
A12,'Angath Nord',14101.9253618524,2.0,0.0,39222.99999999994,19907.99999999997,19314.99999999997,86003.91804074345,3.93776998818332,85999.98027075526,0.0,1.0,0.0,1.0,339.7458251213224,0.0,339.7458251213224,219.03143053687762,137.285546227821,81.74588430905662,137.29735953778552,137.29735953778552,0.0
A12,'Münster Nord',35800.7780144102,0.0,1.0,18334.0,18334.0,0.0,79565.35290639894,79565.35290639894,0.0,1.0,1.0,1.0,0.0,375.99341825698235,375.99341825698235,0.0,137.29735953778552,137.29735953778552,0.0,0.0,0.0,0.0
A12,'Münster Süd',36364.41054713728,1.0,1.0,18162.0,0.0,18162.0,51027.09845672941,0.0,51027.09845672941,1.0,1.0,0.0,1.0,82.48700475459324,0.0,82.48700475459324,0.0,0.0,0.0,70.59429061559499,0.0,70.59429061559499
A12,'Vomp',50412.174685648846,1.0,0.0,24431.999999991072,0.0,24431.999999991072,22234.35630739686,0.0,22234.35630739686,1.0,0.0,0.0,-0.0,0.0,0.0,0.0,70.59429061559499,0.0,70.59429061559499,137.29735953778555,0.0,137.29735953778555
A12,'Weer',54863.9041356906,0.0,0.0,24110.000189607712,24110.000189607712,0.0,91922.39487971723,91922.39487971723,0.0,1.0,1.0,1.0,0.0,138.46982510136618,138.46982510136618,0.0,0.0,0.0,0.0,137.29735953778552,137.29735953778552,0.0
A12,'Weer Süd',54962.42769551398,1.0,1.0,24141.001987531265,0.0,24141.001987531265,44418.90300224902,0.0,44418.90300224902,1.0,1.0,0.0,1.0,133.2567090067471,0.0,133.2567090067471,137.29735953778555,0.0,137.29735953778555,137.29735953778552,0.0,137.29735953778552
A12,'Volders/Karlskirche',64162.31571697871,1.0,2.0,27543.0,0.0,27543.0,89230.8737530959,0.0,89230.8737530959,1.0,1.0,0.0,1.0,400.0,0.0,400.0,137.29735953778552,0.0,137.29735953778552,4.98998079707323,0.0,4.98998079707323
A12,'Hall in Tirol',66219.4051681823,0.0,2.0,28148.000000002427,28148.000000002427,0.0,63926.9286125208,63926.9286125208,0.0,1.0,1.0,1.0,0.0,329.07814537534796,329.07814537534796,0.0,137.29735953778552,137.29735953778552,0.0,0.0,0.0,0.0
A12,'Ampaß',72190.0469737862,0.0,0.0,35539.999996608014,35539.999996608014,0.0,42439.32195018204,42439.32195018204,0.0,0.0,0.0,0.0,0.0,0.0,0.0,0.0,0.0,0.0,0.0,127.31796585054613,127.31796585054613,0.0
A12,'Sieglanger',80360.78243322166,1.0,2.0,31124.79343149019,0.0,31124.79343149019,96002.72792906982,0.0,96002.72792906982,1.0,1.0,0.0,1.0,292.99816458428273,0.0,292.99816458428273,4.98998079707323,0.0,4.98998079707323,0.0,0.0,0.0
A12,'Kematen',85979.7305910282,0.0,2.0,27475.052704552163,27475.052704552163,0.0,75774.45683256471,75774.45683256471,0.0,1.0,1.0,1.0,0.0,354.64133634824026,354.64133634824026,0.0,127.31796585054613,127.31796585054613,0.0,0.0,0.0,0.0
A12,'Zirl-Inzing',91908.2028374514,0.0,1.0,12.040962292989608,12.040962292989608,0.0,14.27690215484344,14.27690215484344,0.0,-0.0,0.0,-0.0,0.0,0.0,0.0,0.0,0.0,0.0,0.0,0.04283070646453032,0.04283070646453032,0.0
A12,'Pettnau',95783.0097550487,2.0,0.0,110.94908174423618,55.26010321034831,55.68897853388787,126.29895509263295,42.8244460373196,83.47450905531335,-0.0,0.0,-0.0,-0.0,0.0,0.0,0.0,0.04283070646453032,0.04283070646453032,0.0,0.42172757174242925,0.17130404457648915,0.2504235271659401
A12,'Telfs Süd',103277.71618107129,1.0,2.0,13364.77793940172,0.0,13364.77793940172,40593.43969968125,0.0,40593.43969968125,1.0,1.0,0.0,1.0,122.03074262620969,0.0,122.03074262620969,0.2504235271659401,0.0,0.2504235271659401,0.0,0.0,0.0
A12,'Telfs Nord',103285.022651291,0.0,2.0,14213.46393941228,14213.46393941228,0.0,21325.917954749177,21325.917954749177,0.0,-0.0,0.0,-0.0,0.0,0.0,0.0,0.0,0.17130404457648915,0.17130404457648915,0.0,64.14905790882402,64.14905790882402,0.0
A12,'Haiming Süd',118464.44052611433,1.0,2.0,10702.0,0.0,10702.0,32071.44946573905,0.0,32071.44946573905,1.0,0.0,0.0,0.0,0.0,0.0,0.0,0.0,0.0,0.0,96.21434839721697,0.0,96.21434839721697
A12,'Imst Süd',133448.2984338601,1.0,2.0,9240.0,0.0,9240.0,3679.211043330161,0.0,3679.211043330161,1.0,0.0,0.0,-0.0,0.0,0.0,0.0,96.21434839721697,0.0,96.21434839721697,107.25198152720745,0.0,107.25198152720745
A12,'Imst Nord',133786.71793032,0.0,2.0,10262.0,10262.0,0.0,62601.679390679135,62601.679390679135,0.0,1.0,1.0,1.0,0.0,251.95409608086143,251.95409608086143,0.0,64.14905790882402,64.14905790882402,0.0,0.0,0.0,0.0
A12,'Mils',135439.213500597,2.0,0.0,19502.000000000833,10262.00000000003,9240.000000000804,21880.454342200093,3391.5819084364844,18488.87243376361,0.0,1.0,0.0,1.0,162.71859882849827,0.0,162.71859882849827,107.25198152720745,0.0,107.25198152720745,10.17474572530945,10.17474572530945,0.0
A12,'Kronburg Zams',142654.069747162,0.0,2.0,10312.0,10312.0,0.0,14879.919522915665,14879.919522915665,0.0,1.0,1.0,1.0,0.0,54.81450429405645,54.81450429405645,0.0,10.17474572530945,10.17474572530945,0.0,0.0,0.0,0.0
A13,'Patsch',6206.23253742273,0.0,2.0,21023.0,21023.0,0.0,26094.725326847616,26094.725326847616,0.0,-0.0,0.0,-0.0,0.0,0.0,0.0,0.0,0.0,0.0,0.0,78.28417598054286,78.28417598054286,0.0
A13,'Europabrücke',8216.48207038687,2.0,0.0,41638.0,21023.0,20615.0,32388.52662410629,8452.295186301024,23936.231437805265,-0.0,0.0,-0.0,-0.0,0.0,0.0,0.0,78.28417598054286,78.28417598054286,0.0,175.44975585286173,103.64106153944593,71.8086943134158
A13,'Gschleirs',14022.01964928701,1.0,2.0,14822.0,0.0,14822.0,8546.704281737466,0.0,8546.704281737466,1.0,1.0,0.0,1.0,88.16857683777027,0.0,88.16857683777027,71.8086943134158,0.0,71.8086943134158,9.280230320857932,0.0,9.280230320857932
A13,'Matrei West',16740.4669423396,0.0,0.0,15161.0,15161.0,0.0,25846.426928735076,25846.426928735076,0.0,1.0,1.0,1.0,0.0,162.94083791219515,162.94083791219515,0.0,103.64106153944593,103.64106153944593,0.0,18.239504413455993,18.239504413455993,0.0
A13,'Matrei Ost',16905.1340338969,2.0,0.0,29983.0,15161.0,14822.0,16734.88229651622,499.30355502003806,16235.578741496183,-0.0,0.0,-0.0,-0.0,0.0,0.0,0.0,27.519734734313925,18.239504413455993,9.280230320857932,77.7243816238626,19.737415078516108,57.98696654534648
A13,'Wipptalerhof Ost',22381.98558614899,1.0,2.0,10896.000000000471,0.0,10896.000000000471,2559.258804025108,0.0,2559.258804025108,1.0,0.0,0.0,0.0,0.0,0.0,0.0,57.98696654534648,0.0,57.98696654534648,65.66474295742181,0.0,65.66474295742181
A13,'Wipptalerhof West',22510.6658632038,0.0,2.0,11615.000000000608,11615.000000000608,0.0,13021.650439480618,13021.650439480618,0.0,-0.0,0.0,-0.0,0.0,0.0,0.0,0.0,19.737415078516108,19.737415078516108,0.0,58.802366396957964,58.802366396957964,0.0
A13,'Plon',23556.38848814284,1.0,2.0,10896.000000525348,0.0,10896.000000525348,9061.729580812427,0.0,9061.729580812427,1.0,0.0,0.0,-0.0,0.0,0.0,0.0,65.66474295742181,0.0,65.66474295742181,92.84993169985898,0.0,92.84993169985898
A13,'Nößlach',27714.6711516779,2.0,1.0,23614.719600115088,12027.916375220364,11586.803224894726,15947.459093046526,12518.668085194196,3428.791007852329,-0.0,0.0,-0.0,-0.0,0.0,0.0,0.0,151.65229809681693,58.802366396957964,92.84993169985898,199.49467537595626,96.35837065254056,103.13630472341572
A13,'Gries Ost',29194.281593531843,1.0,0.0,11601.99774413572,0.0,11601.99774413572,11387.018271456627,0.0,11387.018271456627,1.0,0.0,0.0,-0.0,0.0,0.0,0.0,103.13630472341572,0.0,103.13630472341572,137.29735953778555,0.0,137.29735953778555
A13,'Gries West',29475.082108025,0.0,0.0,12036.99974796117,12036.99974796117,0.0,4238.013247571624,4238.013247571624,0.0,-0.0,0.0,-0.0,0.0,0.0,0.0,0.0,96.35837065254056,96.35837065254056,0.0,109.07241039525543,109.07241039525543,0.0
A13,'Brennersee - Fröhlich',32553.8800139104,0.0,2.0,12036.999999999998,12036.999999999998,0.0,7411.89807862851,7411.89807862851,0.0,-0.0,0.0,-0.0,0.0,0.0,0.0,0.0,109.07241039525543,109.07241039525543,0.0,131.30810463114096,131.30810463114096,0.0
A13,'Brennersee',33383.1640141658,0.0,0.0,12037.0,12037.0,0.0,1996.4183022148509,1996.4183022148509,0.0,-0.0,0.0,-0.0,0.0,0.0,0.0,0.0,131.30810463114096,131.30810463114096,0.0,137.29735953778552,137.29735953778552,0.0
A13,'Brennerpaß',34101.6339834305,2.0,0.0,23639.0,12037.0,11602.0,2518.35924678212,1729.6446040078497,788.7146427742703,1.0,2.0,1.0,1.0,282.1497968159174,142.48629334980907,139.66350346610835,274.5947190755711,137.29735953778552,137.29735953778555,0.0,0.0,0.0
A14,'Hörbranz’,243.611315270031,2.0,1.0,11914.47538487758,11914.47538487758,0.0,580.5002038524873,580.5002038524873,0.0,0.0,0.0,-0.0,0.0,0.0,0.0,0.0,0.0,0.0,0.0,1.7415006115574618,1.7415006115574618,0.0
A14,'Dornbirn Ost',14950.2843690996,0.0,2.0,22911.03673497288,22911.03673497288,0.0,67389.02531710501,67389.02531710501,0.0,1.0,1.0,1.0,0.0,203.9085765628725,203.9085765628725,0.0,1.7415006115574618,1.7415006115574618,0.0,0.0,0.0,0.0
A14,'Dornbirn West',15133.748470007851,1.0,2.0,22722.016745829165,0.0,22722.016745829165,41625.833131294086,0.0,41625.833131294086,1.0,0.0,0.0,-0.0,0.0,0.0,0.0,0.0,0.0,0.0,124.87749939388226,0.0,124.87749939388226
A14,'Hohenems',24293.5500837741,2.0,0.0,53333.40958305027,26852.092271153047,26481.317311897223,99887.79432069209,50177.24661686807,49710.54770382402,1.0,2.0,1.0,1.0,424.5408823559586,150.53173985060423,274.00914250535436,124.87749939388226,0.0,124.87749939388226,0.0,0.0,0.0
A14,'Rankweil West',33309.0188255742,0.0,2.0,22794.137882745563,22794.137882745563,0.0,41099.967515634846,41099.967515634846,0.0,0.0,0.0,0.0,0.0,0.0,0.0,0.0,0.0,0.0,0.0,123.29990254690453,123.29990254690453,0.0
A14,'Rankweil Ost',33679.515879646875,1.0,2.0,21949.59270656767,0.0,21949.59270656767,56638.93075952544,0.0,56638.93075952544,1.0,1.0,0.0,1.0,101.27986156653006,0.0,101.27986156653006,0.0,0.0,0.0,68.63693071204628,0.0,68.63693071204628
A14,'Schlins Ost',46581.56183482721,1.0,2.0,13492.0,0.0,13492.0,22886.80960857976,0.0,22886.80960857976,1.0,0.0,0.0,0.0,0.0,0.0,0.0,68.63693071204628,0.0,68.63693071204628,137.29735953778555,0.0,137.29735953778555
A14,'Schlins West',46706.4427723299,0.0,2.0,13115.0,13115.0,0.0,35141.4430123402,35141.4430123402,0.0,1.0,1.0,1.0,0.0,228.72423158392513,228.72423158392513,0.0,123.29990254690453,123.29990254690453,0.0,0.0,0.0,0.0
A14,'Nüziders',55063.184132699935,1.0,2.0,13282.144454187704,0.0,13282.144454187704,16978.23001179576,0.0,16978.23001179576,1.0,1.0,0.0,1.0,188.23204957317284,0.0,188.23204957317284,137.29735953778555,0.0,137.29735953778555,0.0,0.0,0.0
A2,'Guntramsdorf',14491.7204156085,2.0,0.0,106539.06083225424,54671.885978190505,51867.174854063735,341487.50792376685,158457.9372379927,183029.57068577415,1.0,3.0,1.0,2.0,779.0768818502479,367.2855293307109,411.791352519537,0.0,0.0,0.0,245.3856419210527,108.0882823832672,137.2973595377855
A2,'Leobersdorf',32135.78635912251,1.0,1.0,39540.0,0.0,39540.0,56942.7469960044,0.0,56942.7469960044,1.0,1.0,0.0,1.0,308.12560052579875,0.0,308.12560052579875,137.2973595377855,0.0,137.2973595377855,0.0,0.0,0.0
A2,'Triestingtal',32178.6647084555,0.0,1.0,40445.0,40445.0,0.0,143069.6923848394,143069.6923848394,0.0,1.0,1.0,1.0,0.0,400.0,400.0,0.0,108.0882823832672,108.0882823832672,0.0,137.29735953778552,137.29735953778552,0.0
A2,'Föhrenberg',39336.43721850597,1.0,0.0,39539.98215618593,0.0,39539.98215618593,93778.97588690846,0.0,93778.97588690846,1.0,1.0,0.0,1.0,144.03956812293987,0.0,144.03956812293987,0.0,0.0,0.0,137.29735953778552,0.0,137.29735953778552
A2,'Bad Fischau',41055.0424707906,0.0,0.0,37535.00000001001,37535.00000001001,0.0,66634.96786186735,66634.96786186735,0.0,1.0,1.0,1.0,0.0,337.2022631233876,337.2022631233876,0.0,137.29735953778552,137.29735953778552,0.0,0.0,0.0,0.0
A2,'Steinfeld',50293.5581403013,0.0,1.0,32434.00031526797,32434.00031526797,0.0,59928.40402750363,59928.40402750363,0.0,1.0,1.0,1.0,0.0,179.7852120825109,179.7852120825109,0.0,0.0,0.0,0.0,0.0,0.0,0.0
A2,'Wr. Neustadt',51195.19015325369,1.0,1.0,31158.00000000052,0.0,31158.00000000052,64946.245808602434,0.0,64946.245808602434,1.0,1.0,0.0,1.0,332.1360969635928,0.0,332.1360969635928,137.29735953778552,0.0,137.29735953778552,0.0,0.0,0.0
A2,'Witzelsberg',60871.6252483588,0.0,2.0,21168.0000351488,21168.0000351488,0.0,44783.30498303353,44783.30498303353,0.0,0.0,0.0,0.0,0.0,0.0,0.0,0.0,0.0,0.0,0.0,134.3499149491006,134.3499149491006,0.0
A2,'Gleissenfeld',61617.27209185715,1.0,2.0,18726.0,0.0,18726.0,64345.96758390277,0.0,64345.96758390277,1.0,1.0,0.0,1.0,193.03790275170832,0.0,193.03790275170832,0.0,0.0,0.0,0.0,0.0,0.0
A2,'Zöbern',78798.1883537131,2.0,0.0,34076.0,17853.0,16222.999999999998,89918.35315876396,64008.58622397808,25909.76693478588,1.0,1.0,1.0,0.0,326.3756736210348,326.3756736210348,0.0,134.3499149491006,134.3499149491006,0.0,77.72930080435764,0.0,77.72930080435764
A2,'Schäffern Ost',86783.69255601408,1.0,1.0,16223.0,0.0,16223.0,36516.98737256809,0.0,36516.98737256809,1.0,1.0,0.0,1.0,187.28026292206192,0.0,187.28026292206192,77.72930080435764,0.0,77.72930080435764,0.0,0.0,0.0
A2,'Pinkafeld/Ost',98038.38878130166,1.0,2.0,14325.0,0.0,14325.0,21727.470606480947,0.0,21727.470606480947,1.0,0.0,0.0,-0.0,0.0,0.0,0.0,0.0,0.0,0.0,65.1824118194427,0.0,65.1824118194427
A2,'Pinkafeld/West',98046.5759014359,0.0,2.0,15628.999999999998,15628.999999999998,0.0,60166.60979667192,60166.60979667192,0.0,1.0,1.0,1.0,0.0,176.35083249877468,176.35083249877468,0.0,0.0,0.0,0.0,4.148996891241069,4.148996891241069,0.0
A2,'Loipersdorf',105622.148155292,2.0,0.0,27899.0,14612.0,13287.0,41927.32661100403,22138.85235466905,19788.474256334976,-0.0,0.0,-0.0,-0.0,0.0,0.0,0.0,69.33140871068377,4.148996891241069,65.1824118194427,195.11338854369586,70.56555395524822,124.54783458844764
A2,'St. Johann/Süd',113068.7027787336,1.0,2.0,13287.000477266132,0.0,13287.000477266132,55839.649052042776,0.0,55839.649052042776,1.0,1.0,0.0,1.0,292.06678174457596,0.0,292.06678174457596,124.54783458844764,0.0,124.54783458844764,0.0,0.0,0.0
A2,'St. Johann/Nord',113233.643056353,0.0,2.0,14612.067329295864,14612.067329295864,0.0,22243.9351941791,22243.9351941791,0.0,-0.0,0.0,-0.0,0.0,0.0,0.0,0.0,70.56555395524822,70.56555395524822,0.0,137.29735953778552,137.29735953778552,0.0
A2,'Hainersdorf',133858.629815434,0.0,1.0,16034.999999999998,16034.999999999998,0.0,66144.33253637272,66144.33253637272,0.0,1.0,1.0,1.0,0.0,335.73035714690366,335.73035714690366,0.0,137.29735953778552,137.29735953778552,0.0,0.0,0.0,0.0
A2,'Bad Blumau',134081.5902049001,1.0,1.0,14879.0,0.0,14879.0,39913.51522050828,0.0,39913.51522050828,1.0,1.0,0.0,1.0,119.74054566152483,0.0,119.74054566152483,0.0,0.0,0.0,0.0,0.0,0.0
A2,'Ilztal/Nord ',147494.29106534377,1.0,2.0,16946.156088329924,0.0,16946.156088329924,22142.864532986783,0.0,22142.864532986783,1.0,0.0,0.0,-0.0,0.0,0.0,0.0,0.0,0.0,0.0,66.42859359896033,0.0,66.42859359896033
A2,'Arnwiesen',154027.591129845,2.0,0.0,36495.0010822289,19529.0004964994,16966.000585729496,135214.80430038273,78775.931104602,56438.87319578073,1.0,2.0,1.0,1.0,472.07300650010853,236.327793313806,235.74521318630252,66.42859359896033,0.0,66.42859359896033,0.0,0.0,0.0
A2,'Laßnitzhöhe Nord',170265.381017141,0.0,1.0,27470.0,27470.0,0.0,89210.41764080411,89210.41764080411,0.0,1.0,1.0,1.0,0.0,267.63125292241233,267.63125292241233,0.0,0.0,0.0,0.0,0.0,0.0,0.0
A2,'Laßnitzhöhe Süd',170660.52501152034,1.0,1.0,29743.0,0.0,29743.0,119872.94775893964,0.0,119872.94775893964,1.0,1.0,0.0,1.0,359.61884327681895,0.0,359.61884327681895,0.0,0.0,0.0,0.0,0.0,0.0
A2,'Kaiserwald',190811.98043951,2.0,0.0,42649.00410506857,21967.00248080555,20682.001624263023,212311.14271654992,90269.44009665956,122041.70261989038,1.0,2.0,1.0,1.0,499.6360686118643,133.51096075219314,366.1251078596711,0.0,0.0,0.0,137.29735953778552,137.29735953778552,0.0
A2,'Herzogberg Nord',220248.196603865,0.0,1.0,8807.00000002098,8807.00000002098,0.0,51848.951152018446,51848.951152018446,0.0,1.0,1.0,1.0,0.0,271.7054175395915,271.7054175395915,0.0,137.29735953778552,137.29735953778552,0.0,21.13879545424932,21.13879545424932,0.0
A2,'Herzogberg Süd',220316.30619024337,1.0,1.0,8120.999999999229,0.0,8120.999999999229,24362.12024956784,0.0,24362.12024956784,1.0,0.0,0.0,-0.0,0.0,0.0,0.0,0.0,0.0,0.0,73.08636074870353,0.0,73.08636074870353
A2,'Pack',235315.764538704,2.0,0.0,16928.0,8807.0,8121.0,38160.31715828317,26540.01416042541,11620.30299785776,0.0,0.0,0.0,-0.0,0.0,0.0,0.0,94.22515620295285,21.13879545424932,73.08636074870353,208.70610767780235,100.75883793552555,107.9472697422768
A2,'Twimberg Süd',242470.24243419603,1.0,2.0,9188.999999999998,0.0,9188.999999999998,32127.247870774765,0.0,32127.247870774765,1.0,1.0,0.0,1.0,125.68566684298071,0.0,125.68566684298071,107.9472697422768,0.0,107.9472697422768,78.6433465116204,0.0,78.6433465116204
A2,'Twimberg Nord',242509.803050667,0.0,2.0,8465.0,8465.0,0.0,12179.507200753324,12179.507200753324,0.0,-0.0,0.0,-0.0,0.0,0.0,0.0,0.0,100.75883793552555,100.75883793552555,0.0,137.29735953778552,137.29735953778552,0.0
A2,'Fischering',259951.60486252053,1.0,2.0,10919.0,0.0,10919.0,19551.33767538838,0.0,19551.33767538838,1.0,0.0,0.0,-0.0,0.0,0.0,0.0,78.6433465116204,0.0,78.6433465116204,137.29735953778552,0.0,137.29735953778552
A2,'St. Ändra',262955.564385614,0.0,2.0,11358.00000168869,11358.00000168869,0.0,46444.591455370966,46444.591455370966,0.0,1.0,1.0,1.0,0.0,276.63113390389844,276.63113390389844,0.0,137.29735953778552,137.29735953778552,0.0,0.0,0.0,0.0
A2,'Gönitz/Süd',268904.5024151299,1.0,2.0,11607.0,0.0,11607.0,37377.393330790575,0.0,37377.393330790575,1.0,1.0,0.0,1.0,249.42953953015726,0.0,249.42953953015726,137.29735953778552,0.0,137.29735953778552,0.0,0.0,0.0
A2,'Gönitz/Nord',268950.328363809,0.0,2.0,12420.0,12420.0,0.0,14890.993721836305,14890.993721836305,0.0,-0.0,0.0,-0.0,0.0,0.0,0.0,0.0,0.0,0.0,0.0,44.672981165508915,44.672981165508915,0.0
A2,'Haimburg Nord',279134.371458674,0.0,2.0,10779.0,10779.0,0.0,21954.76010391007,21954.76010391007,0.0,0.0,0.0,0.0,0.0,0.0,0.0,0.0,44.672981165508915,44.672981165508915,0.0,110.53726147723913,110.53726147723913,0.0
A2,'Völkermarkt',285005.731557368,2.0,0.0,21133.0,10779.0,10354.0,43435.933157853426,12657.478100764496,30778.45505708893,1.0,1.0,1.0,0.0,148.50969577953262,148.50969577953262,0.0,110.53726147723913,110.53726147723913,0.0,92.33536517126682,0.0,92.33536517126682
A2,'Grafenstein Nord',299840.502393441,0.0,1.0,13362.0,13362.0,0.0,39644.441582321415,39644.441582321415,0.0,-0.0,0.0,-0.0,0.0,0.0,0.0,0.0,0.0,0.0,0.0,118.93332474696419,118.93332474696419,0.0
A2,'Grafenstein Süd',299868.8062420735,1.0,1.0,13588.0,0.0,13588.0,64499.09491933329,0.0,64499.09491933329,1.0,1.0,0.0,1.0,221.06275095028337,0.0,221.06275095028337,92.33536517126682,0.0,92.33536517126682,64.76989897898332,0.0,64.76989897898332
A2,'Krumpendorf/Nord',319007.818757861,0.0,2.0,19027.00404912327,19027.00404912327,0.0,72939.3212153292,72939.3212153292,0.0,1.0,1.0,1.0,0.0,200.45392885516625,200.45392885516625,0.0,118.93332474696419,118.93332474696419,0.0,137.29735953778552,137.29735953778552,0.0
A2,'Karawankenblick/Süd',323602.6504131558,1.0,2.0,19384.999372588507,0.0,19384.999372588507,24175.820186267407,0.0,24175.820186267407,1.0,0.0,0.0,-0.0,0.0,0.0,0.0,64.76989897898332,0.0,64.76989897898332,137.29735953778555,0.0,137.29735953778555
A2,'Wörthersee',329838.353526062,2.0,0.0,38076.99999701492,19452.999998289542,18623.99999872538,75344.6192070109,42137.27856545779,33207.340641553106,1.0,2.0,1.0,1.0,317.80428432821543,218.18226240355608,99.62202192465935,274.5947190755711,137.29735953778552,137.29735953778555,182.82429236838834,45.5269328306028,137.29735953778552
A2,'Sternberg/Nord',338742.74377299,0.0,2.0,17176.999989573145,17176.999989573145,0.0,30590.1422357276,30590.1422357276,0.0,0.0,0.0,0.0,0.0,0.0,0.0,0.0,45.5269328306028,45.5269328306028,0.0,137.2973595377856,137.2973595377856,0.0
A2,'Sternberg/Süd',338753.5545150617,1.0,2.0,19615.999955893047,0.0,19615.999955893047,0.0,0.0,0.0,1.0,0.0,0.0,-0.0,0.0,0.0,0.0,137.29735953778552,0.0,137.29735953778552,137.29735953778552,0.0,137.29735953778552
A2,'Federaun/Nord',351427.395415953,0.0,2.0,16516.999999999996,16516.999999999996,0.0,41902.47823736397,41902.47823736397,0.0,1.0,1.0,1.0,0.0,195.74712262578853,195.74712262578853,0.0,137.2973595377856,137.2973595377856,0.0,67.25767162408899,67.25767162408899,0.0
A2,'Federaun/Süd',352548.7130626719,1.0,2.0,14962.99999999167,0.0,14962.99999999167,53969.28273959185,0.0,53969.28273959185,1.0,1.0,0.0,1.0,299.2052077565611,0.0,299.2052077565611,137.29735953778552,0.0,137.29735953778552,0.0,0.0,0.0
A2,'Dreiländereck Süd',363852.388836953,2.0,0.0,29010.99995582863,9394.99999993558,19615.999955893047,73068.57514847304,23346.56263789885,49722.0125105742,-0.0,1.0,-0.0,1.0,149.1660375317226,0.0,149.1660375317226,67.25767162408899,67.25767162408899,0.0,137.29735953778555,137.29735953778555,0.0
A2,'Dreiländereck Nord',363908.232330081,2.0,0.0,24357.999999829466,9394.999999829468,14963.0,3460.5851131577715,104.92992358564643,3355.655189572125,1.0,2.0,1.0,1.0,147.67911487725885,137.61214930854248,10.066965568716375,137.29735953778555,137.29735953778555,0.0,0.0,0.0,0.0
A21,'Alland',13443.6090856171,2.0,0.0,38347.01545025679,19649.001272009093,18698.014178247697,72808.10192312147,52830.69840473668,19977.403518384792,1.0,1.0,1.0,-0.0,158.49209521421005,158.49209521421005,0.0,0.0,0.0,0.0,59.93221055515438,0.0,59.93221055515438
A21,'Dornbach',18785.72812776258,1.0,2.0,19947.846112205218,0.0,19947.846112205218,28123.65630230806,0.0,28123.65630230806,1.0,1.0,0.0,1.0,144.30317946207856,0.0,144.30317946207856,59.93221055515438,0.0,59.93221055515438,0.0,0.0,0.0
A21,'Hinterbrühl',25761.7696153155,0.0,1.0,20093.0,20093.0,0.0,49501.759904646,49501.759904646,0.0,1.0,1.0,1.0,0.0,148.505279713938,148.505279713938,0.0,0.0,0.0,0.0,0.0,0.0,0.0
A21,'Sparbach',25835.024614238988,1.0,2.0,20048.0,0.0,20048.0,44928.76590709927,0.0,44928.76590709927,1.0,1.0,0.0,1.0,134.7862977212978,0.0,134.7862977212978,0.0,0.0,0.0,0.0,0.0,0.0
A22,'Korneuburg Ost',18079.0228920398,0.0,0.0,32321.000000000007,32321.000000000007,0.0,116866.4197787237,116866.4197787237,0.0,1.0,1.0,1.0,0.0,350.59925933617114,350.59925933617114,0.0,0.0,0.0,0.0,0.0,0.0,0.0
A22,'Korneuburg West',18079.022892039822,1.0,0.0,32131.000000493023,0.0,32131.000000493023,63932.21893438343,0.0,63932.21893438343,1.0,1.0,0.0,1.0,191.7966568031503,0.0,191.7966568031503,0.0,0.0,0.0,0.0,0.0,0.0
A22,'Stockerau',28027.704684296903,1.0,0.0,30190.007584098334,0.0,30190.007584098334,9009.757712564297,0.0,9009.757712564297,1.0,1.0,0.0,1.0,27.02927313769289,0.0,27.02927313769289,0.0,0.0,0.0,0.0,0.0,0.0
A25,'Pucking',5862.77553580224,0.0,1.0,21620.0,21620.0,0.0,25350.64141680889,25350.64141680889,0.0,0.0,0.0,-0.0,0.0,0.0,0.0,0.0,0.0,0.0,0.0,76.05192425042667,76.05192425042667,0.0
A25,'Sinnersdorf/Süd',6125.71571093971,1.0,2.0,21271.0,0.0,21271.0,28981.93257809431,0.0,28981.93257809431,1.0,0.0,0.0,-0.0,0.0,0.0,0.0,0.0,0.0,0.0,86.94579773428293,0.0,86.94579773428293
A25,'Wels',12938.2615663518,2.0,0.0,49975.50321032763,25078.48219887029,24897.021011457346,71240.92245977133,35488.490093098524,35752.4323666728,1.0,2.0,1.0,1.0,376.7204893640236,182.51739452972225,194.20309483430134,162.99772198470959,76.05192425042667,86.94579773428293,0.0,0.0,0.0
A3,'Hornstein',19180.6319530819,2.0,0.0,35088.0,17427.0,17661.0,114520.76259901363,66852.17460927166,47668.587989741965,1.0,2.0,1.0,1.0,343.5622877970409,200.556523827815,143.0057639692259,0.0,0.0,0.0,0.0,0.0,0.0
A5,'Hochleithen',10075.3962511859,2.0,0.0,35611.2,17306.5,18304.7,171050.44466718292,34873.96904422976,136176.47562295318,1.0,3.0,1.0,2.0,513.1513340015488,104.62190713268927,408.52942686885956,0.0,0.0,0.0,0.0,0.0,0.0
