Time of calculation: 20210916-174916; value of objective: 12149.212326168825;  acc=20;  ec=0.25;  e_tax=0.15;  cfix=50000;  cvar=10000;  eta=0.011;  hours_of_constant_charging=20;  i=0.05;  T=10
highway,name,asfinag_position,direction,asfinag_type,traffic_flow,traffic_flow_1,energy_demand,energy_demand_1,pXi_dir,pYi_dir,pYi_dir_1,pE_charged,pE_charged_1,pE_input,pE_input_1,pE_output,pE_output_1,traffic_flow_0,energy_demand_0,pYi_dir_0,pE_charged_0,pE_input_0,pE_output_0
A1,'Parkplatz Großraum’,27.42,2.0,2.0,25490.00000000002,13297.00000000001,59974.325349551335,14541.089445096652,0.0,0.0,0.0,0.0,0.0,0.0,0.0,659.7175788450646,159.95198389606315,12193.00000000001,45433.23590445468,0.0,0.0,0.0,499.76559494900147
A1,'Steinhäusl',32.7,2.0,0.0,63195.99999999913,31709.9999999998,111561.50482266714,77129.62227259546,0.0,0.0,0.0,0.0,0.0,659.7175788450646,159.95198389606315,1886.8941318944032,1008.3778288946132,31485.99999999933,34431.882550071685,0.0,0.0,499.76559494900147,878.51630299979
A1,'Kesselhof',44.88,1.0,1.0,30234.999996719125,30234.999996719125,109130.95569981833,109130.95569981833,0.0,0.0,0.0,0.0,0.0,1008.3778288946132,1008.3778288946132,2208.818341592615,2208.818341592615,0.0,0.0,0.0,0.0,0.0,0.0
A1,'Kirchstetten',44.88,0.0,1.0,29897.99999542764,0.0,72732.0809427628,0.0,0.0,0.0,0.0,0.0,0.0,878.51630299979,0.0,1678.5691933701808,0.0,29897.99999542764,72732.0809427628,0.0,0.0,878.51630299979,1678.5691933701808
A1,'St. Pölten',62.9,2.0,0.0,71148.0,35565.0,227454.84943410664,99032.43203384092,0.0,0.0,0.0,0.0,0.0,3887.387534962796,2208.818341592615,6389.390878737969,3298.175093964865,35583.0,128422.41740026572,0.0,0.0,1678.5691933701808,3091.2157847731037
A1,'Schallaburg',76.81,1.0,1.0,29188.0,29188.0,136934.36037638868,136934.36037638868,0.0,0.0,0.0,0.0,0.0,3298.175093964865,3298.175093964865,4804.453058105146,4804.453058105146,0.0,0.0,0.0,0.0,0.0,0.0
A1,'Roggendorf',76.82,0.0,1.0,28377.0,0.0,78562.33219617409,0.0,0.0,0.0,0.0,0.0,0.0,3091.2157847731037,0.0,3955.4014389310187,0.0,28377.0,78562.33219617409,0.0,0.0,3091.2157847731037,3955.4014389310187
A1,'Ornding',88.04,0.0,1.0,27048.0,0.0,60488.07492270462,0.0,0.0,0.0,0.0,0.0,0.0,3955.4014389310187,0.0,4620.770263080769,0.0,27048.0,60488.07492270462,0.0,0.0,3955.4014389310187,4620.770263080769
A1,'Ybbs',100.32,1.0,0.0,27161.40445083877,27161.40445083877,104129.25066774894,104129.25066774894,1.0,6.0,6.0,5759.832649391584,5759.832649391584,4804.453058105146,4804.453058105146,190.0421660588005,190.0421660588005,0.0,0.0,0.0,0.0,0.0,0.0
A1,'Kemmelbach',101.38,0.0,0.0,26898.000000000207,0.0,72226.10016870651,0.0,0.0,0.0,0.0,0.0,0.0,4620.770263080769,0.0,5415.2573649365495,0.0,26898.000000000207,72226.10016870651,0.0,0.0,4620.770263080769,5415.2573649365495
A1,'Viehdorf',118.17,0.0,1.0,25545.0,0.0,92117.57063469278,0.0,1.0,6.0,0.0,6000.0,0.0,5415.2573649365495,0.0,428.5506419181702,0.0,25545.0,92117.57063469278,6.0,6000.0,5415.2573649365495,428.5506419181702
A1,'Amstetten',119.36,1.0,1.0,25407.0,25407.0,56128.53142795883,56128.53142795883,0.0,0.0,0.0,0.0,0.0,190.0421660588005,190.0421660588005,807.4560117663475,807.4560117663475,0.0,0.0,0.0,0.0,0.0,0.0
A1,'Parkplatz Zeillern’,124.31,0.0,2.0,24685.0,0.0,24100.57479449837,0.0,0.0,0.0,0.0,0.0,0.0,428.5506419181702,0.0,693.6569646576522,0.0,24685.0,24100.57479449837,0.0,0.0,428.5506419181702,693.6569646576522
A1,'Oed',130.52,1.0,2.0,26849.69206306653,26849.69206306653,69822.67372138443,69822.67372138443,0.0,0.0,0.0,0.0,0.0,807.4560117663475,807.4560117663475,1575.5054227015762,1575.5054227015762,0.0,0.0,0.0,0.0,0.0,0.0
A1,'Strengberg',136.0,0.0,0.0,25773.0,0.0,60567.28709144443,0.0,0.0,0.0,0.0,0.0,0.0,693.6569646576522,0.0,1359.8971226635408,0.0,25773.0,60567.28709144443,0.0,0.0,693.6569646576522,1359.8971226635408
A1,'Haag',143.54,1.0,0.0,28172.0,28172.0,72532.38382040594,72532.38382040594,0.0,0.0,0.0,0.0,0.0,1575.5054227015762,1575.5054227015762,2373.3616447260415,2373.3616447260415,0.0,0.0,0.0,0.0,0.0,0.0
A1,'Ennsblick',147.1,0.0,2.0,27181.0,0.0,59900.9099344678,0.0,0.0,0.0,0.0,0.0,0.0,1359.8971226635408,0.0,2018.8071319426867,0.0,27181.0,59900.9099344678,0.0,0.0,1359.8971226635408,2018.8071319426867
A1,'Parkplatz Ennsdorf’,152.88,0.0,2.0,26232.408315204048,0.0,30328.56812345904,0.0,0.0,0.0,0.0,0.0,0.0,2018.8071319426867,0.0,2352.4213813007364,0.0,26232.408315204048,30328.56812345904,0.0,0.0,2018.8071319426867,2352.4213813007364
A1,'Enns Süd',156.19,1.0,1.0,29648.737115098505,29648.737115098505,86236.6993060754,86236.6993060754,0.0,0.0,0.0,0.0,0.0,2373.3616447260415,2373.3616447260415,3321.965337092871,3321.965337092871,0.0,0.0,0.0,0.0,0.0,0.0
A1,'Enns Nord',156.79,0.0,1.0,29791.88732837659,0.0,22744.768825614865,0.0,0.0,0.0,0.0,0.0,0.0,2352.4213813007364,0.0,2602.6138383825,0.0,29791.88732837659,22744.768825614865,0.0,0.0,2352.4213813007364,2602.6138383825
A1,'Ansfelden Süd',170.93,1.0,0.0,46681.64620523784,46681.64620523784,108599.64670259466,108599.64670259466,0.0,0.0,0.0,0.0,0.0,3321.965337092871,3321.965337092871,4516.561450821412,4516.561450821412,0.0,0.0,0.0,0.0,0.0,0.0
A1,'Ansfelden Nord',171.01,0.0,0.0,48225.58896718505,0.0,137729.45647842763,0.0,0.0,0.0,0.0,0.0,0.0,2602.6138383825,0.0,4117.637859645204,0.0,48225.58896718505,137729.45647842763,0.0,0.0,2602.6138383825,4117.637859645204
A1,'Allhaming Süd',182.59,1.0,1.0,22273.0,22273.0,132032.00498622254,132032.00498622254,1.0,5.0,5.0,5000.0,5000.0,4516.561450821412,4516.561450821412,968.9135056698598,968.9135056698598,0.0,0.0,0.0,0.0,0.0,0.0
A1,'Allhaming Nord',182.6,0.0,1.0,22478.0,0.0,52074.59618392183,0.0,0.0,0.0,0.0,0.0,0.0,4117.637859645204,0.0,4690.458417668344,0.0,22478.0,52074.59618392183,0.0,0.0,4117.637859645204,4690.458417668344
A1,'Lindach Nord',212.26,0.0,0.0,24091.0,0.0,143292.1869458095,0.0,1.0,6.0,0.0,5064.8603589370905,0.0,4690.458417668344,0.0,1201.8121151351575,0.0,24091.0,143292.1869458095,6.0,5064.8603589370905,4690.458417668344,1201.8121151351575
A1,'Lindach Süd',212.27,1.0,0.0,24205.0,24205.0,88500.71292866017,88500.71292866017,0.0,0.0,0.0,0.0,0.0,968.9135056698598,968.9135056698598,1942.4213478851216,1942.4213478851216,0.0,0.0,0.0,0.0,0.0,0.0
A1,'Hainbach Süd',230.7,1.0,1.0,16641.0,16641.0,43626.88664048988,43626.88664048988,0.0,0.0,0.0,0.0,0.0,1942.4213478851216,1942.4213478851216,2422.31710093051,2422.31710093051,0.0,0.0,0.0,0.0,0.0,0.0
A1,'Hainbach Nord',230.72,0.0,1.0,15023.0,0.0,55447.073726717535,0.0,0.0,0.0,0.0,0.0,0.0,1201.8121151351575,0.0,1811.7299261290502,0.0,15023.0,55447.073726717535,0.0,0.0,1201.8121151351575,1811.7299261290502
A1,'Straß',243.67,1.0,1.0,16828.67483549712,16828.67483549712,52286.93331258195,52286.93331258195,0.0,0.0,0.0,0.0,0.0,2422.31710093051,2422.31710093051,2997.4733673689116,2997.4733673689116,0.0,0.0,0.0,0.0,0.0,0.0
A1,'Wildenhag Nord',243.76,0.0,2.0,17111.546808170722,0.0,44396.07377615938,0.0,0.0,0.0,0.0,0.0,0.0,1811.7299261290502,0.0,2300.0867376668034,0.0,17111.546808170722,44396.07377615938,0.0,0.0,1811.7299261290502,2300.0867376668034
A1,'Oberwang',251.03,0.0,1.0,15727.0,0.0,23256.052200310536,0.0,0.0,0.0,0.0,0.0,0.0,2300.0867376668034,0.0,2555.903311870219,0.0,15727.0,23256.052200310536,0.0,0.0,2300.0867376668034,2555.903311870219
A1,'Mondsee',259.23,2.0,0.0,31060.001681777,15333.000799448411,60471.650280389,35129.25494322955,1.0,4.0,2.0,4000.0,2000.0,5553.376679239131,2997.4733673689116,2218.5648323234095,1383.8951717444363,15727.000882328592,25342.39533715945,2.0,2000.0,2555.903311870219,834.6696605789732
A1,‘Parkplatz Ölgraben’,268.98,0.0,2.0,18793.0,0.0,36691.95858378413,0.0,0.0,0.0,0.0,0.0,0.0,834.6696605789732,0.0,1238.2812050005987,0.0,18793.0,36691.95858378413,0.0,0.0,834.6696605789732,1238.2812050005987
A1,'Vetterbach',270.63,1.0,2.0,18111.0,18111.0,24972.45872010481,24972.45872010481,0.0,0.0,0.0,0.0,0.0,1383.8951717444363,1383.8951717444363,1658.5922176655893,1658.5922176655893,0.0,0.0,0.0,0.0,0.0,0.0
A1,'Enzersberg',274.82,0.0,2.0,21891.999995182963,0.0,25643.70256417291,0.0,0.0,0.0,0.0,0.0,0.0,1238.2812050005987,0.0,1520.3619332065007,0.0,21891.999995182963,25643.70256417291,0.0,0.0,1238.2812050005987,1520.3619332065007
A1,'Salzburger Vorland',277.55,1.0,2.0,21776.0,21776.0,38740.09283187224,38740.09283187224,0.0,0.0,0.0,0.0,0.0,1658.5922176655893,1658.5922176655893,2084.733238816184,2084.733238816184,0.0,0.0,0.0,0.0,0.0,0.0
A1,'Söllheim',286.46,1.0,0.0,28864.537464121862,28864.537464121862,82339.63927517904,82339.63927517904,0.0,0.0,0.0,0.0,0.0,2084.733238816184,2084.733238816184,2990.469270843153,2990.469270843153,0.0,0.0,0.0,0.0,0.0,0.0
A1,'Kasern',287.89,0.0,0.0,38922.8495638266,0.0,101432.70404041585,0.0,0.0,0.0,0.0,0.0,0.0,1520.3619332065007,0.0,2636.121677651075,0.0,38922.8495638266,101432.70404041585,0.0,0.0,1520.3619332065007,2636.121677651075
A1,'Walserberg Süd',300.71,1.0,0.0,14880.00000000295,14880.00000000295,866.4299233497069,866.4299233497069,1.0,3.0,3.0,3000.0,3000.0,2990.469270843153,2990.469270843153,0.0,0.0,0.0,0.0,0.0,0.0,0.0,0.0
A1,'Walserberg Nord',300.73,0.0,0.0,12964.000000008587,0.0,33079.84748626592,0.0,1.0,3.0,0.0,3000.0,0.0,2636.121677651075,0.0,0.0,0.0,12964.000000008587,33079.84748626592,3.0,3000.0,2636.121677651075,0.0
A10,'Glanegg/West',4.28,0.0,2.0,30225.0,0.0,10702.59495982983,0.0,0.0,0.0,0.0,0.0,0.0,0.0,0.0,117.72854455812812,0.0,30225.0,10702.59495982983,-0.0,0.0,0.0,117.72854455812812
A10,'Untersberg/Ost',4.37,1.0,2.0,30061.0,30061.0,79010.53992075186,79010.53992075186,0.0,0.0,-0.0,0.0,0.0,0.0,0.0,869.1159391282705,869.1159391282705,0.0,0.0,0.0,0.0,0.0,0.0
A10,'Bruderloch',17.53,1.0,2.0,24652.0,24652.0,55144.78387577903,55144.78387577903,0.0,0.0,-0.0,-1.1368683772161603e-12,-1.1368683772161603e-12,869.1159391282705,869.1159391282705,1475.7085617618409,1475.7085617618409,0.0,0.0,0.0,0.0,0.0,0.0
A10,'Golling Ost',28.76,1.0,0.0,19647.00094772099,19647.00094772099,83619.98278708411,83619.98278708411,0.0,0.0,-0.0,0.0,0.0,1475.7085617618409,1475.7085617618409,2395.5283724197675,2395.5283724197675,0.0,0.0,0.0,0.0,0.0,0.0
A10,'Golling West',28.82,0.0,0.0,19875.000668287423,0.0,97340.81805238585,0.0,0.0,0.0,0.0,0.0,0.0,117.72854455812812,0.0,1188.477543134373,0.0,19875.000668287423,97340.81805238585,-0.0,0.0,117.72854455812812,1188.477543134373
A10,'Werfen',40.34,0.0,2.0,19354.0,0.0,44743.31804657062,0.0,0.0,0.0,0.0,0.0,0.0,1188.477543134373,0.0,1680.6540416466498,0.0,19354.0,44743.31804657062,-0.0,0.0,1188.477543134373,1680.6540416466498
A10,'Klausgraben Ost’,50.01,1.0,2.0,16076.0,16076.0,29740.34522214243,29740.34522214243,0.0,0.0,-0.0,0.0,0.0,2395.5283724197675,2395.5283724197675,2722.672169863334,2722.672169863334,0.0,0.0,0.0,0.0,0.0,0.0
A10,'Klausgraben West’,50.01,0.0,2.0,16224.0,0.0,31431.033067450226,0.0,0.0,0.0,0.0,0.0,0.0,1680.6540416466498,0.0,2026.3954053886034,0.0,16224.0,31431.033067450226,-0.0,0.0,1680.6540416466498,2026.3954053886034
A10,'Eben Süd',59.21,2.0,0.0,31555.3674870556,15557.95086744994,63864.366982730906,63790.382994454136,1.0,6.0,4.0,4949.089307294823,3077.9217972128627,4749.067575251937,2722.672169863334,502.4863047671546,346.44458558946707,15997.416619605658,73.98398827676816,2.0,1871.1675100819602,2026.3954053886034,156.04171917768753
A10,'Eben Nord',59.32,2.0,0.0,31554.16119307871,15556.997933878209,29667.927073449984,71.94716372837226,0.0,0.0,-0.0,0.0,0.0,502.4863047671546,346.44458558946707,828.8335025751044,347.23600439047914,15997.1632592005,29595.979909721613,-0.0,0.0,156.04171917768753,481.59749818462524
A10,'Rohr',71.25,0.0,2.0,10976.0,0.0,26372.39981658969,0.0,0.0,0.0,0.0,0.0,0.0,481.59749818462524,0.0,771.6938961671118,0.0,10976.0,26372.39981658969,-0.0,0.0,481.59749818462524,771.6938961671118
A10,'Tauernalm',79.79,2.0,0.0,21522.867721662667,10619.213162511343,62621.10903795498,44112.74691892924,0.0,0.0,-0.0,0.0,0.0,1118.9299005575908,347.23600439047914,1807.7620999750957,832.4762204987007,10903.654559151322,18508.36211902574,-0.0,0.0,771.6938961671118,975.2858794763949
A10,'Lungau',97.91,0.0,0.0,10877.0,0.0,39524.43281357246,0.0,0.0,0.0,0.0,0.0,0.0,975.2858794763949,0.0,1410.054640425692,0.0,10877.0,39524.43281357246,-0.0,0.0,975.2858794763949,1410.054640425692
A10,'Lanschütz',100.6,1.0,1.0,10558.5,10558.5,33491.70982869735,33491.70982869735,0.0,0.0,-0.0,0.0,0.0,832.4762204987007,832.4762204987007,1200.8850286143715,1200.8850286143715,0.0,0.0,0.0,0.0,0.0,0.0
A10,'Rennweg',112.45,0.0,2.0,6878.0,0.0,19876.6578731468,0.0,1.0,1.0,0.0,1000.0000000000009,0.0,1410.054640425692,0.0,628.6978770303059,0.0,6878.0,19876.6578731468,1.0,1000.0000000000009,1410.054640425692,628.6978770303059
A10,'Ried’,116.47,1.0,2.0,7303.0,7303.0,13765.2894082998,13765.2894082998,0.0,0.0,-0.0,0.0,0.0,1200.8850286143715,1200.8850286143715,1352.3032121056692,1352.3032121056692,0.0,0.0,0.0,0.0,0.0,0.0
A10,'Eisentratten',125.92,2.0,0.0,14180.999999999998,7302.999999999999,41606.555089056084,23123.34435403022,0.0,0.0,-0.0,0.0,0.0,1981.0010891359752,1352.3032121056692,2438.673195115592,1606.6600000000017,6877.999999999999,18483.210735025867,-0.0,0.0,628.6978770303059,832.0131951155904
A10,'Seeboden',141.72,1.0,2.0,14455.0,14455.0,36156.364361422005,36156.364361422005,0.0,0.0,-0.0,0.0,0.0,1606.6600000000017,1606.6600000000017,2004.3800079756438,2004.3800079756438,0.0,0.0,0.0,0.0,0.0,0.0
A10,'Wolfsberg',142.25,0.0,2.0,14500.0,0.0,47498.89492913899,0.0,0.0,0.0,0.0,0.0,0.0,832.0131951155904,0.0,1354.5010393361192,0.0,14500.0,47498.89492913899,-0.0,0.0,832.0131951155904,1354.5010393361192
A10,'Kamering',154.29,1.0,2.0,14749.703862513728,14749.703862513728,22698.628013917983,22698.628013917983,0.0,0.0,-0.0,0.0,0.0,2004.3800079756438,2004.3800079756438,2254.0649161287415,2254.0649161287415,0.0,0.0,0.0,0.0,0.0,0.0
A10,'Feistritz an der Drau',162.01,2.0,0.0,29679.0,14750.0,122093.03941770014,63411.31572098366,1.0,5.0,3.0,4951.589389059562,2951.5893890595617,3608.565955464861,2254.0649161287415,0.0,0.0,14929.0,58681.72369671648,2.0,2000.0000000000005,1354.5010393361192,0.0
A11,'St. Niklas/Nord',2.11,1.0,2.0,7502.999999999997,7502.999999999997,10409.086151425912,10409.086151425912,0.0,0.0,-0.0,0.0,0.0,0.0,0.0,114.49994766568503,114.49994766568503,0.0,0.0,0.0,0.0,0.0,0.0
A11,'Rosegg',9.04,2.0,0.0,9108.5,4802.0,19444.03423128799,11637.99349052014,1.0,2.0,1.0,328.38432420985293,242.51787606140658,114.49994766568503,114.49994766568503,0.0,0.0,4306.5,7806.040740767851,1.0,85.86644814844635,0.0,0.0
A12,'Langkampfen Süd',9.32,1.0,2.0,11349.585916642443,11349.585916642443,27244.807627465096,27244.807627465096,0.0,0.0,-0.0,0.0,0.0,0.0,0.0,299.692883902116,299.692883902116,0.0,0.0,0.0,0.0,0.0,0.0
A12,'Angath Süd',14.1,2.0,0.0,39222.99999999994,19314.99999999997,56148.10872631689,3.820475553634762,0.0,0.0,-0.0,0.0,0.0,299.692883902116,299.692883902116,917.3220798916022,299.73490913320654,19907.99999999997,56144.28825076325,-0.0,0.0,0.0,617.5871707583957
A12,'Angath Nord',14.22,2.0,0.0,39222.99999999994,19314.99999999997,86003.9180407436,85999.98027075542,0.0,0.0,-0.0,0.0,0.0,917.3220798916022,299.73490913320654,1863.3651783397845,1245.7346921115175,19907.99999999997,3.93776998818332,-0.0,0.0,617.5871707583957,617.6304862282669
A12,'Münster Nord',35.71,0.0,1.0,18334.0,0.0,79565.35290639894,0.0,0.0,0.0,0.0,0.0,0.0,617.6304862282669,0.0,1492.8493681986554,0.0,18334.0,79565.35290639894,-0.0,0.0,617.6304862282669,1492.8493681986554
A12,'Münster Süd',36.25,1.0,1.0,18162.0,18162.0,51027.0984567292,51027.0984567292,0.0,0.0,-0.0,0.0,0.0,1245.7346921115175,1245.7346921115175,1807.0327751355387,1807.0327751355387,0.0,0.0,0.0,0.0,0.0,0.0
A12,'Vomp',50.47,1.0,0.0,24431.999999991072,24431.999999991072,22234.356307397185,22234.356307397185,0.0,0.0,-0.0,0.0,0.0,1807.0327751355387,1807.0327751355387,2051.610694516909,2051.610694516909,0.0,0.0,0.0,0.0,0.0,0.0
A12,'Weer',54.8,0.0,0.0,24110.000189607712,0.0,91922.39487971723,0.0,0.0,0.0,0.0,0.0,0.0,1492.8493681986554,0.0,2503.995711875548,0.0,24110.000189607712,91922.39487971723,-0.0,0.0,1492.8493681986554,2503.995711875548
A12,'Weer Süd',55.0,1.0,1.0,24141.001987531265,24141.001987531265,44418.90300224888,44418.90300224888,0.0,0.0,-0.0,0.0,0.0,2051.610694516909,2051.610694516909,2540.2186275416475,2540.2186275416475,0.0,0.0,0.0,0.0,0.0,0.0
A12,'Volders/Karlskirche',64.18,1.0,2.0,27543.0,27543.0,89230.87375309618,89230.87375309618,0.0,0.0,-0.0,0.0,0.0,2540.2186275416475,2540.2186275416475,3521.7582388257074,3521.7582388257074,0.0,0.0,0.0,0.0,0.0,0.0
A12,'Hall in Tirol',66.28,0.0,2.0,28148.000000002427,0.0,63926.9286125208,0.0,0.0,0.0,0.0,0.0,0.0,2503.995711875548,0.0,3207.1919266132786,0.0,28148.000000002427,63926.9286125208,-0.0,0.0,2503.995711875548,3207.1919266132786
A12,'Ampaß',72.07,0.0,0.0,35539.999996608014,0.0,42439.32195018204,0.0,0.0,0.0,0.0,0.0,0.0,3207.1919266132786,0.0,3674.0244680652827,0.0,35539.999996608014,42439.32195018204,-0.0,0.0,3207.1919266132786,3674.0244680652827
A12,'Sieglanger',80.39,1.0,2.0,31124.793431490507,31124.793431490507,96002.72792907088,96002.72792907088,1.0,4.0,4.0,4000.0,4000.0,3521.7582388257074,3521.7582388257074,577.7882460454875,577.7882460454875,0.0,0.0,0.0,0.0,0.0,0.0
A12,'Kematen',86.01,0.0,2.0,27475.052704552163,0.0,75774.45683256471,0.0,0.0,0.0,0.0,0.0,0.0,3674.0244680652827,0.0,4507.5434932234975,0.0,27475.052704552163,75774.45683256471,0.0,0.0,3674.0244680652827,4507.5434932234975
A12,'Zirl-Inzing',91.77,0.0,1.0,20799.0,0.0,24661.258850671245,0.0,1.0,4.0,0.0,4000.000000000002,0.0,4507.5434932234975,0.0,778.8173405808793,0.0,20799.0,24661.258850671245,4.0,4000.000000000002,4507.5434932234975,778.8173405808793
A12,'Pettnau',95.81,2.0,0.0,37922.0,19033.0,43167.59505459553,28529.34948129648,0.0,0.0,-0.0,0.0,0.0,1356.6055866263669,577.7882460454875,1831.4491322269173,891.6110903397484,18889.0,14638.245573299051,-0.0,0.0,778.8173405808793,939.8380418871689
A12,'Telfs Süd',103.3,1.0,2.0,13364.77793940206,13364.77793940206,40593.43969968221,40593.43969968221,0.0,0.0,-0.0,0.0,0.0,891.6110903397484,891.6110903397484,1338.1389270362524,1338.1389270362524,0.0,0.0,0.0,0.0,0.0,0.0
A12,'Telfs Nord',103.33,0.0,2.0,14213.46393941228,0.0,21325.917954749177,0.0,0.0,0.0,0.0,0.0,0.0,939.8380418871689,0.0,1174.4231393894097,0.0,14213.46393941228,21325.917954749177,-0.0,0.0,939.8380418871689,1174.4231393894097
A12,'Haiming Süd',118.5,1.0,2.0,10702.0,10702.0,32071.449465739544,32071.449465739544,0.0,0.0,-0.0,0.0,0.0,1338.1389270362524,1338.1389270362524,1690.9248711593873,1690.9248711593873,0.0,0.0,0.0,0.0,0.0,0.0
A12,'Imst Süd',133.49,1.0,2.0,9240.0,9240.0,3679.211043329945,3679.211043329945,0.0,0.0,-0.0,0.0,0.0,1690.9248711593873,1690.9248711593873,1731.3961926360168,1731.3961926360168,0.0,0.0,0.0,0.0,0.0,0.0
A12,'Imst Nord',133.84,0.0,2.0,10262.0,0.0,62601.679390679135,0.0,0.0,0.0,0.0,0.0,0.0,1174.4231393894097,0.0,1863.0416126868804,0.0,10262.0,62601.679390679135,-0.0,0.0,1174.4231393894097,1863.0416126868804
A12,'Mils',135.51,2.0,0.0,19502.000000000833,9240.000000000804,21880.454342200468,18488.872433763983,0.0,2.0,2.0,1934.7737894074207,1934.7737894074207,3594.4378053228975,1731.3961926360168,1900.349013679682,0.0,10262.00000000003,3391.5819084364844,-0.0,0.0,1863.0416126868804,1900.349013679682
A12,'Kronburg Zams',142.7,0.0,2.0,10312.0,0.0,14879.919522915665,0.0,1.0,3.0,0.0,2064.0281284317543,0.0,1900.349013679682,0.0,0.0,0.0,10312.0,14879.919522915665,3.0,2064.0281284317543,1900.349013679682,0.0
A13,'Patsch',6.24,0.0,2.0,21023.0,0.0,26094.725326847616,0.0,0.0,0.0,0.0,0.0,0.0,0.0,0.0,287.04197859532377,0.0,21023.0,26094.725326847616,0.0,0.0,0.0,287.04197859532377
A13,'Europabrücke',8.27,2.0,0.0,41638.0,20615.0,32388.526624106256,23936.231437805232,0.0,0.0,-0.0,0.0,0.0,287.04197859532377,0.0,643.3157714604926,263.29854581585755,21023.0,8452.295186301024,0.0,0.0,287.04197859532377,380.017225644635
A13,'Gschleirs',14.05,1.0,2.0,14822.0,14822.0,8546.704281737584,8546.704281737584,0.0,0.0,-0.0,0.0,0.0,263.29854581585755,263.29854581585755,357.31229291497095,357.31229291497095,0.0,0.0,0.0,0.0,0.0,0.0
A13,'Matrei West',16.79,0.0,0.0,15161.0,0.0,25846.426928735076,0.0,0.0,0.0,0.0,0.0,0.0,380.017225644635,0.0,664.3279218607208,0.0,15161.0,25846.426928735076,0.0,0.0,380.017225644635,664.3279218607208
A13,'Matrei Ost',16.95,2.0,0.0,29983.0,14822.0,16734.882296516167,16235.578741496129,0.0,0.0,0.0,0.0,0.0,1021.6402147756918,357.31229291497095,1205.7239200373697,535.9036590714284,15161.0,499.30355502003806,0.0,0.0,664.3279218607208,669.8202609659412
A13,'Wipptalerhof Ost',22.41,1.0,2.0,10896.000000000471,10896.000000000471,2559.258804024997,2559.258804024997,0.0,0.0,0.0,0.0,0.0,535.9036590714284,535.9036590714284,564.0555059157033,564.0555059157033,0.0,0.0,0.0,0.0,0.0,0.0
A13,'Wipptalerhof West',22.56,0.0,2.0,11615.000000000608,0.0,13021.650439480618,0.0,0.0,0.0,0.0,0.0,0.0,669.8202609659412,0.0,813.058415800228,0.0,11615.000000000608,13021.650439480618,0.0,0.0,669.8202609659412,813.058415800228
A13,'Plon',23.61,1.0,2.0,10896.000000525348,10896.000000525348,9061.729580812602,9061.729580812602,0.0,0.0,-0.0,0.0,0.0,564.0555059157033,564.0555059157033,663.7345313046419,663.7345313046419,0.0,0.0,0.0,0.0,0.0,0.0
A13,'Nößlach',26.91,2.0,1.0,23614.71960011509,11586.803224894727,15947.459093046333,3428.7910078521363,0.0,0.0,-0.0,0.0,0.0,1476.7929471048699,663.7345313046419,1652.2149971283795,701.4512323910154,12027.916375220364,12518.668085194196,0.0,0.0,813.058415800228,950.7637647373641
A13,'Gries Ost',29.15,1.0,0.0,11601.99774413572,11601.99774413572,11387.01827145676,11387.01827145676,0.0,0.0,-0.0,0.0,0.0,701.4512323910154,701.4512323910154,826.7084333770398,826.7084333770398,0.0,0.0,0.0,0.0,0.0,0.0
A13,'Gries West',29.54,0.0,0.0,12036.99974796117,0.0,4238.013247571624,0.0,0.0,0.0,0.0,0.0,0.0,950.7637647373641,0.0,997.381910460652,0.0,12036.99974796117,4238.013247571624,0.0,0.0,950.7637647373641,997.381910460652
A13,'Brennersee - Fröhlich',32.6,0.0,2.0,12036.999999999998,0.0,7411.89807862851,0.0,0.0,0.0,0.0,-5.229594535194337e-12,0.0,997.381910460652,0.0,1078.9127893255709,0.0,12036.999999999998,7411.89807862851,0.0,-5.229594535194337e-12,997.381910460652,1078.9127893255709
A13,'Brennersee',33.44,0.0,0.0,12037.0,0.0,1996.4183022148509,0.0,0.0,0.0,0.0,0.0,0.0,1078.9127893255709,0.0,1100.8733906499344,0.0,12037.0,1996.4183022148509,0.0,0.0,1078.9127893255709,1100.8733906499344
A13,'Brennerpaß',34.16,2.0,0.0,23639.0,11602.0,2518.3592467820863,788.7146427742366,1.0,3.0,1.0,1955.283775741577,835.3842944475564,1927.5818240269741,826.7084333770398,0.0,0.0,12037.0,1729.6446040078497,2.0,1119.8994812940207,1100.8733906499344,0.0
A14,'Hörbranz’,0.0,2.0,1.0,11914.47538487758,0.0,580.5002038524873,0.0,0.0,0.0,0.0,0.0,0.0,0.0,0.0,6.38550224237736,0.0,11914.47538487758,580.5002038524873,-0.0,0.0,0.0,6.38550224237736
A14,'Dornbirn West',15.07,1.0,2.0,22722.01674582917,22722.01674582917,41625.83313129372,41625.83313129372,0.0,0.0,-0.0,0.0,0.0,0.0,0.0,457.8841644442309,457.8841644442309,0.0,0.0,0.0,0.0,0.0,0.0
A14,'Dornbirn Ost',15.27,0.0,2.0,22911.03673497288,0.0,67389.02531710501,0.0,0.0,0.0,0.0,0.0,0.0,6.38550224237736,0.0,747.6647807305325,0.0,22911.03673497288,67389.02531710501,-0.0,0.0,6.38550224237736,747.6647807305325
A14,'Hohenems',24.48,2.0,0.0,53333.40958305029,26481.317311897245,99887.79432069242,49710.54770382436,0.0,0.0,0.0,0.0,0.0,1205.5489451747635,457.8841644442309,2304.31468270238,1004.7001891862989,26852.092271153047,50177.24661686807,0.0,0.0,747.6647807305325,1299.6144935160812
A14,'Rankweil West',33.46,0.0,2.0,22794.137882745563,0.0,41099.967515634846,0.0,0.0,0.0,0.0,0.0,0.0,1299.6144935160812,0.0,1751.7141361880647,0.0,22794.137882745563,41099.967515634846,0.0,0.0,1299.6144935160812,1751.7141361880647
A14,'Rankweil Ost',33.82,1.0,2.0,21949.829570058195,21949.829570058195,56639.54196425326,56639.54196425326,0.0,0.0,0.0,0.0,0.0,1004.7001891862989,1004.7001891862989,1627.7351507930848,1627.7351507930848,0.0,0.0,0.0,0.0,0.0,0.0
A14,'Schlins West',46.72,0.0,2.0,13115.0,0.0,35141.4430123402,0.0,1.0,3.0,0.0,2138.270009323807,0.0,1751.7141361880647,0.0,0.0,0.0,13115.0,35141.4430123402,3.0,2138.270009323807,1751.7141361880647,0.0
A14,'Schlins Ost',46.85,1.0,2.0,13492.000000000002,13492.000000000002,22886.809608579704,22886.809608579704,0.0,0.0,0.0,0.0,0.0,1627.7351507930848,1627.7351507930848,1879.4900564874617,1879.4900564874617,0.0,0.0,0.0,0.0,0.0,0.0
A14,'Nüziders',55.2,1.0,2.0,13282.144454187755,13282.144454187755,16978.23001179592,16978.23001179592,1.0,3.0,3.0,2066.250586617217,2066.250586617217,1879.4900564874617,1879.4900564874617,0.0,0.0,0.0,0.0,0.0,0.0,0.0,0.0
A2,'Guntramsdorf',14.43,2.0,0.0,106539.0608322543,51867.17485406379,341487.5079237672,183029.57068577447,1.0,4.0,2.0,3743.0373096179196,2000.0,0.0,0.0,13.32527754351895,13.32527754351895,54671.885978190505,158457.9372379927,2.0,1743.0373096179196,0.0,0.0
A2,'Triestingtal',32.08,0.0,1.0,40445.0,0.0,143069.6923848394,0.0,0.0,0.0,0.0,0.0,0.0,0.0,0.0,1573.7666162332334,0.0,40445.0,143069.6923848394,0.0,0.0,0.0,1573.7666162332334
A2,'Leobersdorf',32.08,1.0,1.0,39540.0,39540.0,56942.74699600472,56942.74699600472,0.0,0.0,0.0,0.0,0.0,13.32527754351895,13.32527754351895,639.6954944995709,639.6954944995709,0.0,0.0,0.0,0.0,0.0,0.0
A2,'Föhrenberg',39.31,1.0,0.0,39539.98215618593,39539.98215618593,93778.97588690832,93778.97588690832,0.0,0.0,0.0,0.0,0.0,639.6954944995709,639.6954944995709,1671.2642292555624,1671.2642292555624,0.0,0.0,0.0,0.0,0.0,0.0
A2,'Bad Fischau',40.93,0.0,0.0,37535.00000001001,0.0,66634.96786186735,0.0,0.0,0.0,0.0,0.0,0.0,1573.7666162332334,0.0,2306.7512627137744,0.0,37535.00000001001,66634.96786186735,0.0,0.0,1573.7666162332334,2306.7512627137744
A2,'Steinfeld',50.35,0.0,1.0,32434.00031526797,0.0,59928.40402750363,0.0,0.0,0.0,0.0,0.0,0.0,2306.7512627137744,0.0,2965.9637070163144,0.0,32434.00031526797,59928.40402750363,0.0,0.0,2306.7512627137744,2965.9637070163144
A2,'Wr. Neustadt',51.18,1.0,1.0,31158.00000000052,31158.00000000052,64946.24580860265,64946.24580860265,0.0,0.0,0.0,0.0,0.0,1671.2642292555624,1671.2642292555624,2385.6729331501915,2385.6729331501915,0.0,0.0,0.0,0.0,0.0,0.0
A2,'Witzelsberg',60.84,0.0,2.0,21168.0000351488,0.0,44783.30498303353,0.0,0.0,0.0,0.0,0.0,0.0,2965.9637070163144,0.0,3458.580061829683,0.0,21168.0000351488,44783.30498303353,0.0,0.0,2965.9637070163144,3458.580061829683
A2,'Gleissenfeld',61.52,1.0,2.0,18726.0,18726.0,64345.96758390275,64345.96758390275,0.0,0.0,-0.0,0.0,0.0,2385.6729331501915,2385.6729331501915,3093.4785765731217,3093.4785765731217,0.0,0.0,0.0,0.0,0.0,0.0
A2,'Zöbern',78.76,2.0,0.0,34076.0,16223.0,89918.35315876387,25909.766934785785,1.0,8.0,4.0,6941.813942100142,3251.698772622759,6552.058638402805,3093.4785765731217,599.3465810490643,126.78724023300612,17853.0,64008.58622397808,4.0,3690.1151694773835,3458.580061829683,472.55934081605824
A2,'Schäffern Ost',86.7,1.0,1.0,16223.0,16223.0,36516.98737256819,36516.98737256819,0.0,0.0,0.0,0.0,0.0,126.78724023300612,126.78724023300612,528.4741013312562,528.4741013312562,0.0,0.0,0.0,0.0,0.0,0.0
A2,'Pinkafeld/Ost',97.98,1.0,2.0,14325.0,14325.0,21727.470606482195,21727.470606482195,0.0,0.0,0.0,0.0,0.0,528.4741013312562,528.4741013312562,767.4762780025603,767.4762780025603,0.0,0.0,0.0,0.0,0.0,0.0
A2,'Pinkafeld/West',98.0,0.0,2.0,15628.999999999998,0.0,60166.60979667192,0.0,0.0,0.0,0.0,0.0,0.0,472.55934081605824,0.0,1134.3920485794492,0.0,15628.999999999998,60166.60979667192,0.0,0.0,472.55934081605824,1134.3920485794492
A2,'Loipersdorf',105.5,2.0,0.0,27899.0,13287.0,41927.32661100383,19788.474256334783,0.0,0.0,0.0,0.0,0.0,1901.8683265820096,767.4762780025603,2363.0689193030516,985.1494948222429,14612.0,22138.85235466905,0.0,0.0,1134.3920485794492,1377.9194244808086
A2,'St. Johann/Süd',113.05,1.0,2.0,13287.000477266132,13287.000477266132,55839.64905204145,55839.64905204145,0.0,0.0,0.0,0.0,0.0,985.1494948222429,985.1494948222429,1599.3856343946989,1599.3856343946989,0.0,0.0,0.0,0.0,0.0,0.0
A2,'St. Johann/Nord',113.24,0.0,2.0,14612.067329295864,0.0,22243.9351941791,0.0,0.0,0.0,0.0,0.0,0.0,1377.9194244808086,0.0,1622.6027116167786,0.0,14612.067329295864,22243.9351941791,0.0,0.0,1377.9194244808086,1622.6027116167786
A2,'Hainersdorf',133.87,0.0,1.0,16034.999999999998,0.0,66144.33253637272,0.0,0.0,0.0,0.0,0.0,0.0,1622.6027116167786,0.0,2350.1903695168785,0.0,16034.999999999998,66144.33253637272,0.0,0.0,1622.6027116167786,2350.1903695168785
A2,'Bad Blumau',134.06,1.0,1.0,14879.0,14879.0,39913.51522050923,39913.51522050923,0.0,0.0,0.0,0.0,0.0,1599.3856343946989,1599.3856343946989,2038.4343018203003,2038.4343018203003,0.0,0.0,0.0,0.0,0.0,0.0
A2,'Ilztal/Nord ',147.5,1.0,2.0,16946.156088329964,16946.156088329964,22142.86453298605,22142.86453298605,0.0,0.0,0.0,0.0,0.0,2038.4343018203003,2038.4343018203003,2282.005811683147,2282.005811683147,0.0,0.0,0.0,0.0,0.0,0.0
A2,'Arnwiesen',154.1,2.0,0.0,36495.0010822289,16966.000585729496,135214.80430038154,56438.87319577954,0.0,0.0,0.0,0.0,0.0,4632.196181200025,2282.005811683147,6119.559028504222,2902.833416836722,19529.0004964994,78775.931104602,-0.0,0.0,2350.1903695168785,3216.7256116675003
A2,'Laßnitzhöhe Nord',170.16,0.0,1.0,27470.0,0.0,89210.41764080411,0.0,0.0,0.0,0.0,0.0,0.0,3216.7256116675003,0.0,4198.040205716346,0.0,27470.0,89210.41764080411,0.0,0.0,3216.7256116675003,4198.040205716346
A2,'Laßnitzhöhe Süd',170.65,1.0,1.0,29743.0,29743.0,119872.94775894134,119872.94775894134,0.0,0.0,0.0,0.0,0.0,2902.833416836722,2902.833416836722,4221.435842185077,4221.435842185077,0.0,0.0,0.0,0.0,0.0,0.0
A2,'Kaiserwald',190.77,2.0,0.0,42649.00410506857,20682.001624263023,212311.14271654858,122041.70261988904,1.0,10.0,5.0,10000.0,5000.0,8419.476047901422,4221.435842185077,754.8986177834579,563.8945710038561,21967.00248080555,90269.44009665956,5.0,4999.999999999999,4198.040205716346,191.00404677960182
A2,'Herzogberg Nord',220.13,0.0,1.0,8807.00000002098,0.0,51848.951152018446,0.0,0.0,0.0,0.0,0.0,0.0,191.00404677960182,0.0,761.3425094518047,0.0,8807.00000002098,51848.951152018446,0.0,0.0,191.00404677960182,761.3425094518047
A2,'Herzogberg Süd',220.19,1.0,1.0,8120.999999999229,8120.999999999229,24362.120249568077,24362.120249568077,0.0,0.0,0.0,0.0,0.0,563.8945710038561,563.8945710038561,831.8778937491049,831.8778937491049,0.0,0.0,0.0,0.0,0.0,0.0
A2,'Pack',235.21,2.0,0.0,16928.0,8120.999999999999,38160.3171582835,11620.302997858087,0.0,0.0,-0.0,0.0,0.0,1593.2204032009097,831.8778937491049,2012.983891942028,959.7012267255438,8807.0,26540.01416042541,0.0,0.0,761.3425094518047,1053.2826652164842
A2,'Twimberg Süd',242.34,1.0,2.0,9189.0,9189.0,32127.24787077568,32127.24787077568,0.0,0.0,0.0,0.0,0.0,959.7012267255438,959.7012267255438,1313.1009533040763,1313.1009533040763,0.0,0.0,0.0,0.0,0.0,0.0
A2,'Twimberg Nord',242.44,0.0,2.0,8465.0,0.0,12179.507200753324,0.0,0.0,0.0,0.0,0.0,0.0,1053.2826652164842,0.0,1187.2572444247708,0.0,8465.0,12179.507200753324,0.0,0.0,1053.2826652164842,1187.2572444247708
A2,'Fischering',259.85,1.0,2.0,10919.0,10919.0,19551.337675387487,19551.337675387487,0.0,0.0,0.0,0.0,0.0,1313.1009533040763,1313.1009533040763,1528.1656677333385,1528.1656677333385,0.0,0.0,0.0,0.0,0.0,0.0
A2,'St. Ändra',262.91,0.0,2.0,11358.00000168869,0.0,46444.591455370966,0.0,0.0,0.0,0.0,0.0,0.0,1187.2572444247708,0.0,1698.1477504338513,0.0,11358.00000168869,46444.591455370966,0.0,0.0,1187.2572444247708,1698.1477504338513
A2,'Gönitz/Süd',268.86,1.0,2.0,11607.0,11607.0,37377.39333079138,37377.39333079138,0.0,0.0,0.0,0.0,0.0,1528.1656677333385,1528.1656677333385,1939.3169943720436,1939.3169943720436,0.0,0.0,0.0,0.0,0.0,0.0
A2,'Gönitz/Nord',268.89,0.0,2.0,12420.0,0.0,14890.993721836305,0.0,0.0,0.0,0.0,0.0,0.0,1698.1477504338513,0.0,1861.9486813740507,0.0,12420.0,14890.993721836305,0.0,0.0,1698.1477504338513,1861.9486813740507
A2,'Haimburg Nord',279.17,0.0,2.0,10779.0,0.0,21954.76010391007,0.0,0.0,0.0,0.0,0.0,0.0,1861.9486813740507,0.0,2103.4510425170615,0.0,10779.0,21954.76010391007,0.0,0.0,1861.9486813740507,2103.4510425170615
A2,'Völkermarkt',285.09,2.0,0.0,21133.0,10354.0,43435.933157851614,30778.45505708712,0.0,0.0,-0.0,0.0,0.0,4042.768036889105,1939.3169943720436,4520.563301625472,2277.880000000002,10779.0,12657.478100764496,-0.0,0.0,2103.4510425170615,2242.683301625471
A2,'Grafenstein Süd',300.0,1.0,1.0,13587.999999999998,13587.999999999998,64499.09491933518,64499.09491933518,0.0,0.0,0.0,0.0,0.0,2277.880000000002,2277.880000000002,2987.370044112689,2987.370044112689,0.0,0.0,0.0,0.0,0.0,0.0
A2,'Grafenstein Nord',300.0,0.0,1.0,13362.0,0.0,39644.441582321415,0.0,0.0,0.0,0.0,0.0,0.0,2242.683301625471,0.0,2678.7721590310066,0.0,13362.0,39644.441582321415,0.0,0.0,2242.683301625471,2678.7721590310066
A2,'Krumpendorf/Nord',329.28,0.0,2.0,19027.00404912327,0.0,72939.3212153292,0.0,0.0,0.0,0.0,0.0,0.0,2678.7721590310066,0.0,3481.1046923996278,0.0,19027.00404912327,72939.3212153292,0.0,0.0,2678.7721590310066,3481.1046923996278
A2,'Karawankenblick/Süd',333.84,1.0,2.0,19384.999372588507,19384.999372588507,24175.820186266053,24175.820186266053,0.0,0.0,0.0,0.0,0.0,2987.370044112689,2987.370044112689,3253.3040661616155,3253.3040661616155,0.0,0.0,0.0,0.0,0.0,0.0
A2,'Wörthersee',340.13,2.0,0.0,38076.99999701492,18623.999998725383,75344.61920701242,33207.340641554634,1.0,5.0,2.0,5000.0,2000.0,6734.408758561243,3253.3040661616155,2563.19956983838,1618.5848132187166,19452.999998289542,42137.27856545779,3.0,3000.0,3481.1046923996278,944.6147566196634
A2,'Sternberg/Süd',349.01,1.0,2.0,19615.999955893047,19615.999955893047,0.0,0.0,0.0,0.0,0.0,0.0,0.0,1618.5848132187166,1618.5848132187166,1618.5848132187166,1618.5848132187166,0.0,0.0,0.0,0.0,0.0,0.0
A2,'Sternberg/Nord',349.03,0.0,2.0,17176.999989573145,0.0,30590.1422357276,0.0,0.0,0.0,0.0,0.0,0.0,944.6147566196634,0.0,1281.106321212667,0.0,17176.999989573145,30590.1422357276,-0.0,0.0,944.6147566196634,1281.106321212667
A2,'Federaun/Nord',361.73,0.0,2.0,16516.999999999996,0.0,41902.47823736397,0.0,0.0,0.0,0.0,0.0,0.0,1281.106321212667,0.0,1742.0335818236706,0.0,16516.999999999996,41902.47823736397,0.0,0.0,1281.106321212667,1742.0335818236706
A2,'Federaun/Süd',362.78,1.0,2.0,14962.999999991674,14962.999999991674,53969.28273959152,53969.28273959152,0.0,0.0,0.0,0.0,0.0,1618.5848132187166,1618.5848132187166,2212.2469233542233,2212.2469233542233,0.0,0.0,0.0,0.0,0.0,0.0
A2,'Dreiländereck Süd',374.17,2.0,0.0,29010.99995582863,19615.999955893047,73068.57514847351,49722.012510574656,0.0,0.0,0.0,0.0,0.0,3954.280505177894,2212.2469233542233,4758.034831811103,2759.1890609705447,9394.99999993558,23346.56263789885,0.0,0.0,1742.0335818236706,1998.8457708405579
A2,'Dreiländereck Nord',374.27,2.0,0.0,24357.99999982947,14963.000000000002,3460.5851131569007,3355.655189571254,1.0,5.0,3.0,4796.101268055829,2796.1012680558283,4758.034831811103,2759.1890609705447,0.0,0.0,9394.999999829468,104.92992358564643,2.0,2000.0,1998.8457708405579,0.0
A21,'Alland',14.68,2.0,0.0,40163.5,20070.5,103417.58750904436,53997.24861527208,0.0,0.0,0.0,0.0,0.0,0.0,0.0,1137.5934625994878,593.9697347679928,20093.0,49420.33889377227,-0.0,0.0,0.0,543.623727831495
A21,'Dornbach',19.96,1.0,2.0,19174.48344498892,19174.48344498892,20444.35624155757,20444.35624155757,0.0,0.0,0.0,0.0,0.0,593.9697347679928,593.9697347679928,818.8576534251267,818.8576534251267,0.0,0.0,0.0,0.0,0.0,0.0
A21,'Hinterbrühl',26.99,0.0,1.0,19730.962284466663,0.0,44502.271823291965,0.0,1.0,2.0,0.0,1033.1487178877067,0.0,543.623727831495,0.0,0.0,0.0,19730.962284466663,44502.271823291965,2.0,1033.1487178877067,543.623727831495,0.0
A21,'Sparbach',26.99,1.0,2.0,19671.37785407049,19671.37785407049,27694.943399277778,27694.943399277778,1.0,2.0,2.0,1123.5020308171822,1123.5020308171822,818.8576534251267,818.8576534251267,0.0,0.0,0.0,0.0,0.0,0.0,0.0,0.0
A22,'Korneuburg West',18.04,1.0,0.0,32131.000000493023,32131.000000493023,63932.21893438356,63932.21893438356,0.0,0.0,-0.0,0.0,0.0,0.0,0.0,703.2544082782191,703.2544082782191,0.0,0.0,0.0,0.0,0.0,0.0
A22,'Korneuburg Ost',18.12,0.0,0.0,32321.000000000007,0.0,116866.4197787237,0.0,1.0,2.0,0.0,1285.5306175659607,0.0,0.0,0.0,0.0,0.0,32321.000000000007,116866.4197787237,2.0,1285.5306175659607,0.0,0.0
A22,'Stockerau',28.09,1.0,0.0,30190.007584098337,30190.007584098337,9009.757712564318,9009.757712564318,1.0,1.0,1.0,802.3617431164266,802.3617431164266,703.2544082782191,703.2544082782191,0.0,0.0,0.0,0.0,0.0,0.0,0.0,0.0
A25,'Pucking',5.97,0.0,1.0,21620.0,0.0,25350.64141680889,0.0,0.0,0.0,0.0,0.0,0.0,0.0,0.0,278.85705558489775,0.0,21620.0,25350.64141680889,-0.0,0.0,0.0,278.85705558489775
A25,'Sinnersdorf/Süd',6.11,1.0,2.0,21271.0,21271.0,28981.93257809412,28981.93257809412,0.0,0.0,-0.0,0.0,0.0,0.0,0.0,318.80125835903533,318.80125835903533,0.0,0.0,0.0,0.0,0.0,0.0
A25,'Wels',13.06,2.0,0.0,49975.503210327646,24897.02101145736,71240.92245977157,35752.43236667305,1.0,2.0,1.0,1381.3084610014203,712.0780143924388,597.6583139439331,318.80125835903533,0.0,0.0,25078.48219887029,35488.490093098524,1.0,669.2304466089815,278.85705558489775,0.0
A3,'Hornstein',28.0,2.0,0.0,35088.0,17661.0,114520.76259901357,47668.58798974191,1.0,2.0,1.0,1259.7283885891493,524.3544678871609,0.0,0.0,0.0,0.0,17427.0,66852.17460927166,1.0,735.3739207019883,0.0,0.0
A4,'Simmering',2.45,0.0,0.0,35371.78969176939,0.0,22257.83857434953,0.0,0.0,0.0,0.0,0.0,0.0,0.0,0.0,244.83622431784482,0.0,35371.78969176939,22257.83857434953,-0.0,0.0,0.0,244.83622431784482
A4,'Fischamend',22.33,0.0,1.0,28227.0,0.0,112756.86408974236,0.0,0.0,0.0,0.0,0.0,0.0,244.83622431784482,0.0,1485.1617293050108,0.0,28227.0,112756.86408974236,0.0,0.0,244.83622431784482,1485.1617293050108
A4,'Maria Ellend',22.48,1.0,1.0,27990.0,27990.0,32591.644875563223,32591.644875563223,0.0,0.0,-0.0,0.0,0.0,0.0,0.0,358.50809363119544,358.50809363119544,0.0,0.0,0.0,0.0,0.0,0.0
A4,'Göttlesbrunn',28.04,2.0,0.0,47550.0,23278.0,112197.1085476203,84150.56147475471,1.0,2.0,1.0,909.0313004950408,530.3889700850086,1843.6698229362062,358.50809363119544,2168.8067164649888,753.7752997684886,24272.0,28046.547072865586,1.0,378.6423304100322,1485.1617293050108,1415.0314166965002
A4,'Parndorf',46.23,1.0,2.0,19928.0,19928.0,74634.97330866668,74634.97330866668,0.0,0.0,0.0,0.0,0.0,753.7752997684886,753.7752997684886,1574.760006163822,1574.760006163822,0.0,0.0,0.0,0.0,0.0,0.0
A4,'Neusiedl',47.01,0.0,2.0,21837.0,0.0,82260.78440998313,0.0,0.0,0.0,0.0,0.0,0.0,1415.0314166965002,0.0,2319.9000452063146,0.0,21837.0,82260.78440998313,0.0,0.0,1415.0314166965002,2319.9000452063146
A4,'Nickelsdorf Süd',64.65,0.0,0.0,10545.000205483248,0.0,37272.146014313184,0.0,1.0,3.0,0.0,2729.8936513637595,0.0,2319.9000452063146,0.0,0.0,0.0,10545.000205483248,37272.146014313184,3.0,2729.8936513637595,2319.9000452063146,0.0
A4,'Nickelsdorf Nord',64.97,1.0,0.0,7158.000028017371,7158.000028017371,1140.7844882274428,1140.7844882274428,1.0,2.0,2.0,1587.308635534324,1587.308635534324,1574.760006163822,1574.760006163822,0.0,0.0,0.0,0.0,0.0,0.0,0.0,0.0
A5,'Hochleithen',10.63,2.0,0.0,35611.2,18304.7,171050.44466718304,136176.4756229533,1.0,3.0,2.0,1881.5548913390135,1497.9412318524862,0.0,0.0,0.0,0.0,17306.5,34873.96904422976,1.0,383.6136594865273,0.0,0.0
A6,'Potzneusiedl',10.8,2.0,0.0,15204.999999970727,7878.999999983744,33671.23460537669,17937.695343993484,1.0,2.0,1.0,370.38358065914355,197.3146487839283,0.0,0.0,0.0,0.0,7325.999999986983,15733.539261383205,1.0,173.06893187521524,0.0,0.0
A7,'Engerwitzdorf',25.71,1.0,1.0,19344.0,19344.0,4050.242286953621,4050.242286953621,1.0,1.0,1.0,44.55266515648982,44.55266515648982,0.0,0.0,0.0,0.0,0.0,0.0,0.0,0.0,0.0,0.0
A7,'Denk',25.76,0.0,1.0,18851.0,0.0,97075.89483825683,0.0,1.0,2.0,0.0,1067.8348432208252,0.0,0.0,0.0,0.0,0.0,18851.0,97075.89483825683,2.0,1067.8348432208252,0.0,0.0
A8,'Voralpenkreuz',0.17,2.0,0.0,20453.0,10372.0,35002.97696040159,34120.79930409758,0.0,0.0,-0.0,0.0,0.0,0.0,0.0,385.0327465644175,375.32879234507334,10081.0,882.1776563040131,-0.0,0.0,0.0,9.703954219344144
A8,'Oberham/Süd',16.76,1.0,2.0,24053.99876684948,24053.99876684948,18977.635739131696,18977.635739131696,0.0,0.0,-0.0,0.0,0.0,375.32879234507334,375.32879234507334,584.0827854755224,584.0827854755224,0.0,0.0,0.0,0.0,0.0,0.0
A8,'Oberham/Nord',18.32,0.0,2.0,21938.95947401208,0.0,79070.52120426737,0.0,0.0,0.0,0.0,0.0,0.0,9.703954219344144,0.0,879.4796874662851,0.0,21938.95947401208,79070.52120426737,-0.0,0.0,9.703954219344144,879.4796874662851
A8,'Schnittering/Süd',20.68,1.0,2.0,17695.568077309275,17695.568077309275,46433.72435952304,46433.72435952304,0.0,0.0,-0.0,0.0,0.0,584.0827854755224,584.0827854755224,1094.853753430276,1094.853753430276,0.0,0.0,0.0,0.0,0.0,0.0
A8,'Kematen/Nord',24.85,0.0,2.0,16374.0,0.0,21401.04458132792,0.0,0.0,0.0,0.0,0.0,0.0,879.4796874662851,0.0,1114.8911778608922,0.0,16374.0,21401.04458132792,-0.0,0.0,879.4796874662851,1114.8911778608922
A8,'Aistersheim',33.81,2.0,0.0,30956.0,15977.0,60874.30024176926,34038.438051245816,1.0,2.0,1.0,799.9237149308575,406.4898785823148,2209.744931291168,1094.853753430276,2079.4385190197727,1062.786693411665,14979.0,26835.862190523447,1.0,393.4338363485427,1114.8911778608922,1016.6518256081074
A8,'Gotthaming',43.74,0.0,2.0,13574.002126406618,0.0,26867.96010209468,0.0,0.0,0.0,0.0,0.0,0.0,1016.6518256081074,0.0,1312.199386731149,0.0,13574.002126406618,26867.96010209468,-0.0,0.0,1016.6518256081074,1312.199386731149
A8,'Renhartsberg',44.47,1.0,2.0,14008.000000000133,14008.000000000133,14392.702685008398,14392.702685008398,0.0,0.0,-0.0,0.0,0.0,1062.786693411665,1062.786693411665,1221.1064229467574,1221.1064229467574,0.0,0.0,0.0,0.0,0.0,0.0
A8,'Grübl/Süd’,49.59,1.0,2.0,14008.0,14008.0,20419.630414824154,20419.630414824154,0.0,0.0,-0.0,0.0,0.0,1221.1064229467574,1221.1064229467574,1445.722357509823,1445.722357509823,0.0,0.0,0.0,0.0,0.0,0.0
A8,'Grübl/Nord',49.61,0.0,2.0,13574.000000000002,0.0,15944.892462999343,0.0,0.0,0.0,0.0,0.0,0.0,1312.199386731149,0.0,1487.5932038241417,0.0,13574.000000000002,15944.892462999343,-0.0,0.0,1312.199386731149,1487.5932038241417
A8,'Murau West',56.77,1.0,1.0,14172.0,14172.0,41708.92113869764,41708.92113869764,0.0,0.0,-0.0,0.0,0.0,1445.722357509823,1445.722357509823,1904.520490035497,1904.520490035497,0.0,0.0,0.0,0.0,0.0,0.0
A8,'Murau Ost',56.88,0.0,1.0,13536.0,0.0,19847.682360943298,0.0,0.0,0.0,0.0,0.0,0.0,1487.5932038241417,0.0,1705.917709794518,0.0,13536.0,19847.682360943298,-0.0,0.0,1487.5932038241417,1705.917709794518
A8,'Marienkirchen/Schärding’,71.6,1.0,1.0,10055.234280795672,10055.234280795672,6370.451690557319,6370.451690557319,0.0,0.0,-0.0,0.0,0.0,1904.520490035497,1904.520490035497,1974.5954586316275,1974.5954586316275,0.0,0.0,0.0,0.0,0.0,0.0
A8,'Dietrichshofen/Ost',72.06,0.0,2.0,8836.923336744558,0.0,26734.753655044016,0.0,1.0,2.0,0.0,2000.0000000000023,0.0,1705.917709794518,0.0,0.0,0.0,8836.923336744558,26734.753655044016,2.0,2000.0000000000023,1705.917709794518,0.0
A8,'Suben West',74.77,1.0,0.0,9186.000000189424,9186.000000189424,2309.5037607612567,2309.5037607612567,1.0,2.0,2.0,2000.0000000000014,2000.0000000000014,1974.5954586316275,1974.5954586316275,0.0,0.0,0.0,0.0,0.0,0.0,0.0,0.0
A9,'Maisdorf/Ost',12.66,1.0,2.0,10503.0,10503.0,49687.49353628505,49687.49353628505,0.0,0.0,-0.0,0.0,0.0,0.0,0.0,546.5624288991355,546.5624288991355,0.0,0.0,0.0,0.0,0.0,0.0
A9,'Maisdorf/West',12.73,0.0,2.0,11055.0,0.0,28126.582456850745,0.0,0.0,0.0,0.0,0.0,0.0,0.0,0.0,309.3924070253582,0.0,11055.0,28126.582456850745,-0.0,0.0,0.0,309.3924070253582
A9,'St. Pankraz',36.36,2.0,0.0,13974.0,6941.0,59101.108124232705,25927.407981916764,0.0,0.0,-0.0,0.0,0.0,855.9548359244936,546.5624288991355,1506.0670252910538,831.7639167002203,7033.0,33173.700142315945,-0.0,0.0,309.3924070253582,674.3031085908335
A9,'Pyhrn-Priel Ost’,55.03,1.0,1.0,7591.971611767987,7591.971611767987,16849.293094569046,16849.293094569046,0.0,0.0,-0.0,0.0,0.0,831.7639167002203,831.7639167002203,1017.1061407404798,1017.1061407404798,0.0,0.0,0.0,0.0,0.0,0.0
A9,'Pyhrn-Priel West',55.04,0.0,1.0,8230.855228133318,0.0,31192.30198661983,0.0,0.0,0.0,0.0,0.0,0.0,674.3031085908335,0.0,1017.4184304436517,0.0,8230.855228133318,31192.30198661983,-0.0,0.0,674.3031085908335,1017.4184304436517
A9,'Ardning Ost',65.96,1.0,2.0,13083.999999877302,13083.999999877302,31041.45899234372,31041.45899234372,0.0,0.0,-0.0,0.0,0.0,1017.1061407404798,1017.1061407404798,1358.562189656263,1358.562189656263,0.0,0.0,0.0,0.0,0.0,0.0
A9,'Ardning West',66.04,0.0,2.0,13361.999999983376,0.0,29114.41644929437,0.0,0.0,0.0,0.0,0.0,0.0,1017.4184304436517,0.0,1337.6770113858909,0.0,13361.999999983376,29114.41644929437,-0.0,0.0,1017.4184304436517,1337.6770113858909
A9,'Rottenmann/Nord',77.91,1.0,2.0,13084.0,13084.0,20345.18808414952,20345.18808414952,0.0,0.0,-0.0,0.0,0.0,1358.562189656263,1358.562189656263,1582.3592585819076,1582.3592585819076,0.0,0.0,0.0,0.0,0.0,0.0
A9,'Rottenmann/Süd',78.18,0.0,2.0,13362.0,0.0,32196.632573168365,0.0,0.0,0.0,0.0,0.0,0.0,1337.6770113858909,0.0,1691.839969690743,0.0,13362.0,32196.632573168365,-0.0,0.0,1337.6770113858909,1691.839969690743
A9,'Trieben',85.7,2.0,0.0,20906.0,10287.0,29194.785607799568,13223.224664742887,1.0,4.0,2.0,3331.8339343496605,1464.3067942852938,3274.1992282726505,1582.3592585819076,263.5079356087856,263.5079356087856,10619.0,15971.560943056678,2.0,1867.5271400643667,1691.839969690743,0.0
A9,'Gaishorn',92.11,1.0,1.0,10287.0,10287.0,59758.32239265699,59758.32239265699,0.0,0.0,-0.0,0.0,0.0,263.5079356087856,263.5079356087856,920.8494819280124,920.8494819280124,0.0,0.0,0.0,0.0,0.0,0.0
A9,'Treglwang',94.03,0.0,2.0,10619.0,0.0,17705.39000500141,0.0,0.0,0.0,0.0,0.0,0.0,0.0,0.0,194.7592900550155,0.0,10619.0,17705.39000500141,-0.0,0.0,0.0,194.7592900550155
A9,'Kalwang',106.26,0.0,1.0,10953.0,0.0,26930.486362994383,0.0,0.0,0.0,0.0,0.0,0.0,194.7592900550155,0.0,490.9946400479537,0.0,10953.0,26930.486362994383,-0.0,0.0,194.7592900550155,490.9946400479537
A9,'Kammern Nord',121.18,1.0,2.0,10926.0,10926.0,175.9889804448717,175.9889804448717,0.0,0.0,-0.0,0.0,0.0,920.8494819280124,920.8494819280124,922.785360712906,922.785360712906,0.0,0.0,0.0,0.0,0.0,0.0
A9,'Kammern Süd',121.26,2.0,0.0,21954.0,10926.0,64341.42807325543,31427.413623646764,0.0,0.0,-0.0,0.0,0.0,1413.7800007608598,922.785360712906,2121.5357095666695,1268.4869105730204,11028.0,32914.014449608665,-0.0,0.0,490.9946400479537,853.0487989936489
A9,'St. Michael',135.01,0.0,2.0,11073.004965524444,0.0,30404.004309309235,0.0,0.0,0.0,0.0,0.0,0.0,853.0487989936489,0.0,1187.4928463960505,0.0,11073.004965524444,30404.004309309235,-0.0,0.0,853.0487989936489,1187.4928463960505
A9,'Ortnerhof Nord',135.65,1.0,2.0,10574.999873012946,10574.999873012946,7705.628111447948,7705.628111447948,0.0,0.0,-0.0,0.0,0.0,1268.4869105730204,1268.4869105730204,1353.2488197989478,1353.2488197989478,0.0,0.0,0.0,0.0,0.0,0.0
A9,'Ortnerhof Süd’,135.65,0.0,2.0,11073.999444063618,0.0,1386.6510981153897,0.0,0.0,0.0,0.0,0.0,0.0,1187.4928463960505,0.0,1202.7460084753197,0.0,11073.999444063618,1386.6510981153897,-0.0,0.0,1187.4928463960505,1202.7460084753197
A9,'Hinterlainsach/Ost',139.16,0.0,2.0,11074.0,0.0,7841.721665687022,0.0,0.0,0.0,0.0,0.0,0.0,1202.7460084753197,0.0,1289.004946797877,0.0,11074.0,7841.721665687022,-0.0,0.0,1202.7460084753197,1289.004946797877
A9,'Hinterlainsach/West',139.3,1.0,2.0,10575.0,10575.0,31388.73352344284,31388.73352344284,0.0,0.0,-0.0,0.0,0.0,1353.2488197989478,1353.2488197989478,1698.524888556819,1698.524888556819,0.0,0.0,0.0,0.0,0.0,0.0
A9,'Kleintal',150.57,0.0,2.0,11777.0,0.0,26809.336064293304,0.0,0.0,0.0,0.0,0.0,0.0,1289.004946797877,0.0,1583.9076435051034,0.0,11777.0,26809.336064293304,-0.0,0.0,1289.004946797877,1583.9076435051034
A9,'Übelbach 1',154.16,1.0,2.0,11512.0,11512.0,17781.923523171823,17781.923523171823,0.0,0.0,-0.0,0.0,0.0,1698.524888556819,1698.524888556819,1894.126047311709,1894.126047311709,0.0,0.0,0.0,0.0,0.0,0.0
A9,'Übelbach 2',154.24,0.0,2.0,11777.0,0.0,8639.97767636247,0.0,0.0,0.0,0.0,0.0,0.0,1583.9076435051034,0.0,1678.9473979450904,0.0,11777.0,8639.97767636247,-0.0,0.0,1583.9076435051034,1678.9473979450904
A9,'Deutschfeistritz',161.95,2.0,0.0,23289.000114064176,11512.00005904891,76050.65254937344,58046.72415264104,0.0,0.0,-0.0,0.0,0.0,3573.0734452567995,1894.126047311709,4409.630623299908,2532.6400129907606,11777.000055015264,18003.928396732397,-0.0,0.0,1678.9473979450904,1876.9906103091469
A9,'Eggenfeld',169.13,0.0,2.0,20432.1080698656,0.0,29453.135965858,0.0,0.0,0.0,0.0,0.0,0.0,1876.9906103091469,0.0,2200.975105933585,0.0,20432.1080698656,29453.135965858,-0.0,0.0,1876.9906103091469,2200.975105933585
A9,'Feldkirchen',186.97,1.0,2.0,29999.01028154669,29999.01028154669,57184.44424849908,57184.44424849908,0.0,0.0,-0.0,0.0,0.0,2532.6400129907606,2532.6400129907606,3161.6688997242504,3161.6688997242504,0.0,0.0,0.0,0.0,0.0,0.0
A9,'Premstätten',192.48,0.0,1.0,32302.511670869648,0.0,152381.31708348572,0.0,1.0,3.0,0.0,3000.0000000000005,0.0,2200.975105933585,0.0,877.1695938519272,0.0,32302.511670869648,152381.31708348572,3.0,3000.0000000000005,2200.975105933585,877.1695938519272
A9,'Thalerhof',196.52,1.0,2.0,26113.265874187266,26113.265874187266,77662.26512324884,77662.26512324884,1.0,4.0,4.0,4000.0000000000095,4000.0000000000095,3161.6688997242504,3161.6688997242504,15.953816079977969,15.953816079977969,0.0,0.0,0.0,0.0,0.0,0.0
A9,'Gralla West',211.06,0.0,0.0,20689.0,0.0,76643.58637779353,0.0,0.0,0.0,0.0,0.0,0.0,877.1695938519272,0.0,1720.2490440076558,0.0,20689.0,76643.58637779353,-0.0,0.0,877.1695938519272,1720.2490440076558
A9,'Gralla Ost',211.45,1.0,0.0,19399.0,19399.0,52785.10516275293,52785.10516275293,0.0,0.0,-0.0,0.0,0.0,15.953816079977969,15.953816079977969,596.5899728702602,596.5899728702602,0.0,0.0,0.0,0.0,0.0,0.0
A9,'Straß West',225.02,0.0,2.0,8239.000000000515,0.0,22970.085281964966,0.0,1.0,2.0,0.0,1972.9199821092704,0.0,1720.2490440076558,0.0,0.0,0.0,8239.000000000515,22970.085281964966,2.0,1972.9199821092704,1720.2490440076558,0.0
A9,'Straß Ost’,225.02,1.0,2.0,7452.000000000777,7452.000000000777,7466.983597758399,7466.983597758399,1.0,1.0,1.0,678.7267924456027,678.7267924456027,596.5899728702602,596.5899728702602,0.0,0.0,0.0,0.0,0.0,0.0,0.0,0.0
S16,'Schnann',18.9,2.0,0.0,9860.99996031521,4918.999960315217,43437.30630977449,24737.232699426502,0.0,0.0,-0.0,0.0,0.0,0.0,0.0,477.81036940751926,272.1095596936915,4941.999999999992,18700.073610347983,-0.0,0.0,0.0,205.7008097138278
S16,'Klösterle',44.17,1.0,0.0,4439.000000265529,4439.000000265529,13183.237295726443,13183.237295726443,0.0,0.0,-0.0,0.0,0.0,272.1095596936915,272.1095596936915,417.1251699466824,417.1251699466824,0.0,0.0,0.0,0.0,0.0,0.0
S16,'Innerbraz',54.99,0.0,0.0,5391.999999999998,0.0,38789.08951452321,0.0,0.0,0.0,0.0,0.0,0.0,205.7008097138278,0.0,632.3807943735832,0.0,5391.999999999998,38789.08951452321,-0.0,0.0,205.7008097138278,632.3807943735832
S16,'Radin Süd',59.01,1.0,2.0,5252.0,5252.0,3038.655605334979,3038.655605334979,1.0,1.0,1.0,450.55038160536714,450.55038160536714,417.1251699466824,417.1251699466824,0.0,0.0,0.0,0.0,0.0,0.0,0.0,0.0
S16,'Radin Nord',59.03,0.0,2.0,5392.0,0.0,4366.475635989322,0.0,1.0,1.0,0.0,680.4120263694657,0.0,632.3807943735832,0.0,0.0,0.0,5392.0,4366.475635989322,1.0,680.4120263694657,632.3807943735832,0.0
S1A,'Schwechat',9.85,2.0,0.0,61703.49999987559,30239.99999989978,98660.20943375537,59618.68647486362,1.0,2.0,1.0,1085.262303771309,655.8055512234998,0.0,0.0,0.0,0.0,31463.499999975807,39041.52295889174,1.0,429.4567525478091,0.0,0.0
S1B,'Deutsch Wagram',39.05,2.0,0.0,32604.83333333333,16366.866666666663,73145.99870320682,63468.89404468598,1.0,2.0,1.0,804.605985735275,698.1578344915457,0.0,0.0,0.0,0.0,16237.966666666664,9677.10465852084,1.0,106.44815124372924,0.0,0.0
S3,'Hollabrunn',23.6,1.0,2.0,6766.0,6766.0,15563.630436509862,15563.630436509862,1.0,1.0,1.0,171.19993480160846,171.19993480160846,0.0,0.0,0.0,0.0,0.0,0.0,0.0,0.0,0.0,0.0
S31,‘Mattersburg’,52.09,1.0,2.0,8153.0,8153.0,26231.718576042676,26231.718576042676,0.0,0.0,-0.0,0.0,0.0,0.0,0.0,288.54890433646943,288.54890433646943,0.0,0.0,0.0,0.0,0.0,0.0
S31,'Forchtenstein’,52.45,0.0,2.0,7857.0,0.0,29576.297095027607,0.0,0.0,0.0,0.0,0.0,0.0,0.0,0.0,325.33926804530364,0.0,7857.0,29576.297095027607,-0.0,0.0,0.0,325.33926804530364
S31,'Kobersdorf',66.91,0.0,2.0,6223.999999590788,0.0,17886.095398002628,0.0,1.0,1.0,0.0,522.0863174233325,0.0,325.33926804530364,0.0,0.0,0.0,6223.999999590788,17886.095398002628,1.0,522.0863174233325,325.33926804530364,0.0
S31,'Tschurndorf',68.14,1.0,2.0,6566.999817015507,6566.999817015507,21185.283057988152,21185.283057988152,1.0,1.0,1.0,521.5870179743391,521.5870179743391,288.54890433646943,288.54890433646943,0.0,0.0,0.0,0.0,0.0,0.0,0.0,0.0
S33,'St. Pölten Ost',1.84,0.0,0.0,15332.000000000002,0.0,42162.713450383104,0.0,0.0,0.0,0.0,0.0,0.0,0.0,0.0,463.7898479542141,0.0,15332.000000000002,42162.713450383104,-0.0,0.0,0.0,463.7898479542141
S33,'Inzersdorf',15.28,1.0,1.0,15650.364459623052,15650.364459623052,47979.53816597848,47979.53816597848,1.0,1.0,1.0,527.7749198257633,527.7749198257633,0.0,0.0,0.0,0.0,0.0,0.0,0.0,0.0,0.0,0.0
S33,'Herzogenburg',15.69,0.0,1.0,15657.319893344473,0.0,36041.87317235301,0.0,1.0,1.0,0.0,860.2504528500972,0.0,463.7898479542141,0.0,0.0,0.0,15657.319893344473,36041.87317235301,1.0,860.2504528500972,463.7898479542141,0.0
S35,'Frohnleiten Ost',26.82,1.0,2.0,9690.0,9690.0,18587.030666064784,18587.030666064784,1.0,1.0,1.0,204.4573373267126,204.4573373267126,0.0,0.0,0.0,0.0,0.0,0.0,0.0,0.0,0.0,0.0
S35,'Frohnleiten West',26.82,0.0,2.0,9816.0,0.0,51001.472361815664,0.0,1.0,1.0,0.0,561.0161959799723,0.0,0.0,0.0,0.0,0.0,9816.0,51001.472361815664,1.0,561.0161959799723,0.0,0.0
S36,'St. Marein Nord',14.89,0.0,0.0,10113.0,0.0,30156.505485607195,0.0,0.0,0.0,0.0,0.0,0.0,0.0,0.0,331.72156034167915,0.0,10113.0,30156.505485607195,-0.0,0.0,0.0,331.72156034167915
S36,'St. Marein Süd',14.97,1.0,0.0,10133.0,10133.0,39904.344783471744,39904.344783471744,0.0,0.0,-0.0,0.0,0.0,0.0,0.0,438.94779261818917,438.94779261818917,0.0,0.0,0.0,0.0,0.0,0.0
S36,'Strettweg',34.61,1.0,2.0,9701.0,9701.0,5373.278346516238,5373.278346516238,1.0,1.0,1.0,498.0538544298678,498.0538544298678,438.94779261818917,438.94779261818917,0.0,0.0,0.0,0.0,0.0,0.0,0.0,0.0
S36,'Hauswald',35.77,0.0,2.0,9740.5,0.0,40577.73593246791,0.0,1.0,1.0,0.0,778.0766555988262,0.0,331.72156034167915,0.0,0.0,0.0,9740.5,40577.73593246791,1.0,778.0766555988262,331.72156034167915,0.0
S37,'Hunnenbrunnen',285.19,0.0,2.0,19888.0,9830.0,36142.46463235457,31846.6690887825,0.0,1.0,1.0,350.31335997660744,350.31335997660744,0.0,0.0,47.25375097929279,0.0,10058.000000000002,4295.795543572071,-0.0,0.0,0.0,47.25375097929279
S37,'Zollfeld',293.91,0.0,2.0,10058.0,0.0,17382.606338754165,0.0,1.0,1.0,0.0,238.46242070558858,0.0,47.25375097929279,0.0,0.0,0.0,10058.0,17382.606338754165,1.0,238.46242070558858,47.25375097929279,0.0
S5,'Zaina',6.3,0.0,2.0,17736.0,0.0,22057.74265192454,0.0,0.0,0.0,0.0,0.0,0.0,0.0,0.0,242.63516917116988,0.0,17736.0,22057.74265192454,-0.0,0.0,0.0,242.63516917116988
S5,'Grafenwörth',32.85,2.0,0.0,24240.0,12223.0,92944.80421055126,29144.46212768733,1.0,2.0,1.0,1265.0280154872337,320.5890834045606,242.63516917116988,0.0,0.0,0.0,12017.0,63800.34208286393,1.0,944.4389320826731,242.63516917116988,0.0
S6,'Natschbach',3.22,2.0,0.0,28895.0,14454.000000000002,49805.03843322329,41975.63830958102,0.0,0.0,0.0,0.0,0.0,0.0,0.0,547.8554227654562,461.7320214053912,14441.0,7829.400123642268,0.0,0.0,0.0,86.12340136006495
S6,'Gloggnitz Süd',17.81,1.0,2.0,7935.5,7935.5,9081.297254301347,9081.297254301347,0.0,0.0,0.0,0.0,0.0,461.7320214053912,461.7320214053912,561.626291202706,561.626291202706,0.0,0.0,0.0,0.0,0.0,0.0
S6,'Gloggnitz Nord',18.44,0.0,2.0,8009.0,0.0,24242.62115602437,0.0,0.0,0.0,0.0,0.0,0.0,86.12340136006495,0.0,352.792234076333,0.0,8009.0,24242.62115602437,0.0,0.0,86.12340136006495,352.792234076333
S6,'Schottwien',23.57,2.0,0.0,15944.5,7935.5,47842.38487070686,39660.78291125756,0.0,0.0,0.0,0.0,0.0,914.418525279039,561.626291202706,1440.6847588568144,997.8949032265391,8009.0,8181.6019594493055,0.0,0.0,352.792234076333,442.7898556302753
S6,'Schwöbing Nord',48.55,0.0,0.0,9945.0,0.0,49668.15156439487,0.0,0.0,0.0,0.0,0.0,0.0,442.7898556302753,0.0,989.1395228386189,0.0,9945.0,49668.15156439487,0.0,0.0,442.7898556302753,989.1395228386189
S6,'Schwöbing Süd',48.57,1.0,0.0,9757.0,9757.0,46526.20864062981,46526.20864062981,0.0,0.0,0.0,0.0,0.0,997.8949032265391,997.8949032265391,1509.683198273467,1509.683198273467,0.0,0.0,0.0,0.0,0.0,0.0
S6,'St. Marein',68.99,0.0,0.0,12864.0,0.0,52521.60007264168,0.0,0.0,0.0,0.0,0.0,0.0,989.1395228386189,0.0,1566.8771236376774,0.0,12864.0,52521.60007264168,0.0,0.0,989.1395228386189,1566.8771236376774
S6,'Kapfenberg Nord',72.03,0.0,2.0,12864.0,0.0,7831.345796296708,0.0,1.0,2.0,0.0,1653.0219273969412,0.0,1566.8771236376774,0.0,0.0,0.0,12864.0,7831.345796296708,2.0,1653.0219273969412,1566.8771236376774,0.0
S6,'Kapfenberg Süd',72.45,1.0,1.0,12893.5,12893.5,83967.40895002644,83967.40895002644,1.0,3.0,3.0,2433.324696723758,2433.324696723758,1509.683198273467,1509.683198273467,0.0,0.0,0.0,0.0,0.0,0.0,0.0,0.0
