Time of calculation: 20210916-174527; value of objective: 117847.69229252552;  acc=20;  ec=0.25;  e_tax=0.15;  cfix=50000;  cvar=10000;  eta=0.1;  hours_of_constant_charging=20;  i=0.05;  T=10
highway,name,asfinag_position,direction,asfinag_type,traffic_flow,traffic_flow_0,energy_demand,energy_demand_0,pXi_dir,pYi_dir,pYi_dir_0,pE_charged,pE_charged_0,pE_input,pE_input_0,pE_output,pE_output_0,traffic_flow_1,energy_demand_1,pYi_dir_1,pE_charged_1,pE_input_1,pE_output_1
A1,'Parkplatz Großraum’,27.42,2.0,2.0,25490.00000000002,12193.00000000001,59974.325349551335,45433.23590445468,1.0,5.0,4.0,5000.0,3999.9999999999995,0.0,0.0,997.4325349551343,543.3235904454691,13297.00000000001,14541.089445096652,1.0,1000.0,0.0,454.1089445096652
A1,'Steinhäusl',32.7,2.0,0.0,63195.99999999913,31485.99999999933,111561.50482266714,34431.882550071685,1.0,11.0,3.0,10999.999999999949,2999.999999999948,997.4325349551343,543.3235904454691,1153.5830172219007,986.5118454526888,31709.9999999998,77129.62227259546,8.0,8000.0,454.1089445096652,167.07117176921201
A1,'Kirchstetten',44.88,0.0,1.0,29897.99999542764,29897.99999542764,72732.0809427628,72732.0809427628,1.0,3.0,3.0,3000.0000000000523,3000.0000000000523,986.5118454526888,986.5118454526888,5259.719939728917,5259.719939728917,0.0,0.0,0.0,0.0,0.0,0.0
A1,'Kesselhof',44.88,1.0,1.0,30234.999996719125,0.0,109130.95569981833,0.0,1.0,6.0,0.0,6000.0,0.0,167.07117176921201,0.0,5080.166741751045,0.0,30234.999996719125,109130.95569981833,6.0,6000.0,167.07117176921201,5080.166741751045
A1,'St. Pölten',62.9,2.0,0.0,71148.0,35583.0,227454.84943410664,128422.41740026572,1.0,23.0,13.0,23000.0,13000.0,10339.886681479962,5259.719939728917,10085.371624890628,5101.96167975549,35565.0,99032.43203384092,10.0,10000.0,5080.166741751045,4983.409945135138
A1,'Schallaburg',76.81,1.0,1.0,29188.0,0.0,136934.36037638868,0.0,1.0,14.0,0.0,14000.0,0.0,4983.409945135138,0.0,4676.845982774006,0.0,29188.0,136934.36037638868,14.0,14000.0,4983.409945135138,4676.845982774006
A1,'Roggendorf',76.82,0.0,1.0,28377.0,28377.0,78562.33219617409,78562.33219617409,1.0,12.0,12.0,11999.999999999998,11999.999999999998,5101.96167975549,5101.96167975549,958.1948993729009,958.1948993729009,0.0,0.0,0.0,0.0,0.0,0.0
A1,'Ornding',88.04,0.0,1.0,27048.0,27048.0,60488.07492270462,60488.07492270462,1.0,2.0000002471747487,2.0000002471747487,2000.0002471797486,2000.0002471797486,958.1948993729009,958.1948993729009,5007.002144463614,5007.002144463614,0.0,0.0,0.0,0.0,0.0,0.0
A1,'Ybbs',100.32,1.0,0.0,27161.40445083877,0.0,104129.25066774894,0.0,1.0,15.0,0.0,15000.0,0.0,4676.845982774006,0.0,89.77104954890092,0.0,27161.40445083877,104129.25066774894,15.0,15000.0,4676.845982774006,89.77104954890092
A1,'Kemmelbach',101.38,0.0,0.0,26898.000000000207,26898.000000000207,72226.10016870651,72226.10016870651,1.0,7.999999276885255,7.999999276885255,7999.999000094697,7999.999000094697,5007.002144463614,5007.002144463614,4229.613161239568,4229.613161239568,0.0,0.0,0.0,0.0,0.0,0.0
A1,'Viehdorf',118.17,0.0,1.0,25545.0,25545.0,92117.57063469278,92117.57063469278,1.0,12.0,12.0,11463.846381480289,11463.846381480289,4229.613161239568,4229.613161239568,1977.5238432285587,1977.5238432285587,0.0,0.0,0.0,0.0,0.0,0.0
A1,'Amstetten',119.36,1.0,1.0,25407.0,0.0,56128.53142795883,0.0,1.0,6.0,0.0,5632.052454111661,0.0,89.77104954890092,0.0,70.57173823312314,0.0,25407.0,56128.53142795883,6.0,5632.052454111661,89.77104954890092,70.57173823312314
A1,'Parkplatz Zeillern’,124.31,0.0,2.0,24685.0,24685.0,24100.57479449837,24100.57479449837,0.0,0.0,0.0,0.0,0.0,1977.5238432285587,1977.5238432285587,4387.581322678396,4387.581322678396,0.0,0.0,0.0,0.0,0.0,0.0
A1,'Oed',130.52,1.0,2.0,26849.69206306653,0.0,69822.67372138443,0.0,1.0,7.0,0.0,7000.0,0.0,70.57173823312314,0.0,52.839110371566676,0.0,26849.69206306653,69822.67372138443,7.0,7000.0,70.57173823312314,52.839110371566676
A1,'Strengberg',136.0,0.0,0.0,25773.0,25773.0,60567.28709144443,60567.28709144443,1.0,10.0,10.0,10000.000000000015,10000.000000000015,4387.581322678396,4387.581322678396,444.3100318228244,444.3100318228244,0.0,0.0,0.0,0.0,0.0,0.0
A1,'Haag',143.54,1.0,0.0,28172.0,0.0,72532.38382040594,0.0,1.0,7.0,0.0,7000.0,0.0,52.839110371566676,0.0,306.0774924121615,0.0,28172.0,72532.38382040594,7.0,7000.0,52.839110371566676,306.0774924121615
A1,'Ennsblick',147.1,0.0,2.0,27181.0,27181.0,59900.9099344678,59900.9099344678,1.0,6.0,6.0,6000.000000000001,6000.000000000001,444.3100318228244,444.3100318228244,434.40102526960436,434.40102526960436,0.0,0.0,0.0,0.0,0.0,0.0
A1,'Parkplatz Ennsdorf’,152.88,0.0,2.0,26232.408315204048,26232.408315204048,30328.56812345904,30328.56812345904,0.0,0.0,0.0,0.0,0.0,434.40102526960436,434.40102526960436,3467.257837615509,3467.257837615509,0.0,0.0,0.0,0.0,0.0,0.0
A1,'Enns Süd',156.19,1.0,1.0,29648.737115098505,0.0,86236.6993060754,0.0,1.0,3.0,0.0,3000.0,0.0,306.0774924121615,0.0,5929.747423019702,0.0,29648.737115098505,86236.6993060754,3.0,3000.0,306.0774924121615,5929.747423019702
A1,'Enns Nord',156.79,0.0,1.0,29791.88732837659,29791.88732837659,22744.768825614865,22744.768825614865,0.0,0.0,0.0,0.0,0.0,3467.257837615509,3467.257837615509,5741.734720176995,5741.734720176995,0.0,0.0,0.0,0.0,0.0,0.0
A1,'Ansfelden Süd',170.93,1.0,0.0,46681.64620523784,0.0,108599.64670259466,0.0,1.0,13.0,0.0,13000.0,0.0,5929.747423019702,0.0,3789.7120932791695,0.0,46681.64620523784,108599.64670259466,13.0,13000.0,5929.747423019702,3789.7120932791695
A1,'Ansfelden Nord',171.01,0.0,0.0,48225.58896718505,48225.58896718505,137729.45647842763,137729.45647842763,1.0,19.0,19.0,19000.000000000004,19000.000000000004,5741.734720176995,5741.734720176995,514.6803680197554,514.6803680197554,0.0,0.0,0.0,0.0,0.0,0.0
A1,'Allhaming Süd',182.59,1.0,1.0,22273.0,0.0,132032.00498622254,0.0,1.0,17.0,0.0,16992.912591901437,0.0,3789.7120932791695,0.0,-1.2278178473934531e-11,0.0,22273.0,132032.00498622254,17.0,16992.912591901437,3789.7120932791695,-1.2278178473934531e-11
A1,'Allhaming Nord',182.6,0.0,1.0,22478.0,22478.0,52074.59618392183,52074.59618392183,1.0,5.0,5.0,5000.000000000038,5000.000000000038,514.6803680197554,514.6803680197554,722.1399864119003,722.1399864119003,0.0,0.0,0.0,0.0,0.0,0.0
A1,'Lindach Nord',212.26,0.0,0.0,24091.0,24091.0,143292.1869458095,143292.1869458095,1.0,13.0,13.0,13000.0,13000.0,722.1399864119003,722.1399864119003,2051.35868099285,2051.35868099285,0.0,0.0,0.0,0.0,0.0,0.0
A1,'Lindach Süd',212.27,1.0,0.0,24205.0,0.0,88500.71292866017,0.0,1.0,6.0,0.0,6000.0,0.0,-1.2278178473934531e-11,0.0,2850.0712928660055,0.0,24205.0,88500.71292866017,6.0,6000.0,-1.2278178473934531e-11,2850.0712928660055
A1,'Hainbach Süd',230.7,1.0,1.0,16641.0,0.0,43626.88664048988,0.0,1.0,4.0,0.0,4000.0,0.0,2850.0712928660055,0.0,3212.759956914994,0.0,16641.0,43626.88664048988,4.0,4000.0,2850.0712928660055,3212.759956914994
A1,'Hainbach Nord',230.72,0.0,1.0,15023.0,15023.0,55447.073726717535,55447.073726717535,1.0,7.0,7.0,6806.114897467513,6806.114897467513,2051.35868099285,2051.35868099285,789.9511561970903,789.9511561970903,0.0,0.0,0.0,0.0,0.0,0.0
A1,'Straß',243.67,1.0,1.0,16828.67483549712,0.0,52286.93331258195,0.0,1.0,8.0,0.0,8000.0,0.0,3212.759956914994,0.0,441.45328817318887,0.0,16828.67483549712,52286.93331258195,8.0,8000.0,3212.759956914994,441.45328817318887
A1,'Wildenhag Nord',243.76,0.0,2.0,17111.546808170722,17111.546808170722,44396.07377615938,44396.07377615938,1.0,4.999999422728999,4.999999422728999,4999.999145938439,4999.999145938439,789.9511561970903,789.9511561970903,229.55938787458945,229.55938787458945,0.0,0.0,0.0,0.0,0.0,0.0
A1,'Oberwang',251.03,0.0,1.0,15727.0,15727.0,23256.052200310536,23256.052200310536,0.0,0.0,0.0,0.0,0.0,229.55938787458945,229.55938787458945,2555.164607905643,2555.164607905643,0.0,0.0,0.0,0.0,0.0,0.0
A1,'Mondsee',259.23,2.0,0.0,31060.001681777,15727.000882328592,60471.650280389,25342.39533715945,1.0,8.0,5.0,8000.0,5000.0,2996.617896078832,2555.164607905643,1043.782924117732,89.40414162158777,15333.000799448411,35129.25494322955,3.0,3000.0,441.45328817318887,954.3787824961441
A1,‘Parkplatz Ölgraben’,268.98,0.0,2.0,18793.0,18793.0,36691.95858378413,36691.95858378413,0.0,0.0,0.0,0.0,0.0,89.40414162158777,89.40414162158777,3758.600000000001,3758.600000000001,0.0,0.0,0.0,0.0,0.0,0.0
A1,'Vetterbach',270.63,1.0,2.0,18111.0,0.0,24972.45872010481,0.0,1.0,3.0,0.0,3000.000000000005,0.0,954.3787824961441,0.0,451.62465450662,0.0,18111.0,24972.45872010481,3.0,3000.000000000005,954.3787824961441,451.62465450662
A1,'Enzersberg',274.82,0.0,2.0,21891.999995182963,21891.999995182963,25643.70256417291,25643.70256417291,1.0,2.0,2.0,2000.000000000004,2000.000000000004,3758.600000000001,3758.600000000001,4322.970256417288,4322.970256417288,0.0,0.0,0.0,0.0,0.0,0.0
A1,'Salzburger Vorland',277.55,1.0,2.0,21776.0,0.0,38740.09283187224,0.0,0.0,0.0,0.0,0.0,0.0,451.62465450662,0.0,4325.633937693844,0.0,21776.0,38740.09283187224,0.0,0.0,451.62465450662,4325.633937693844
A1,'Söllheim',286.46,1.0,0.0,28864.537464121862,0.0,82339.63927517904,0.0,1.0,11.0,0.0,10646.24085754672,0.0,4325.633937693844,0.0,1913.3570076650294,0.0,28864.537464121862,82339.63927517904,11.0,10646.24085754672,4325.633937693844,1913.3570076650294
A1,'Kasern',287.89,0.0,0.0,38922.8495638266,38922.8495638266,101432.70404041585,101432.70404041585,1.0,14.0,14.0,13774.225409085464,13774.225409085464,4322.970256417288,4322.970256417288,692.0152513734079,692.0152513734079,0.0,0.0,0.0,0.0,0.0,0.0
A1,'Walserberg Süd',300.71,1.0,0.0,14880.00000000295,0.0,866.4299233497069,0.0,1.0,2.0,0.0,2000.0,0.0,1913.3570076650294,0.0,0.0,0.0,14880.00000000295,866.4299233497069,2.0,2000.0,1913.3570076650294,0.0
A1,'Walserberg Nord',300.73,0.0,0.0,12964.000000008587,12964.000000008587,33079.84748626592,33079.84748626592,1.0,4.0,4.0,4000.0,4000.0,692.0152513734079,692.0152513734079,0.0,0.0,0.0,0.0,0.0,0.0,0.0,0.0
A10,'Glanegg/West',4.28,0.0,2.0,30225.0,30225.0,10702.59495982983,10702.59495982983,0.0,0.0,-0.0,0.0,0.0,0.0,0.0,1070.259495982983,1070.259495982983,0.0,0.0,0.0,0.0,0.0,0.0
A10,'Untersberg/Ost',4.37,1.0,2.0,30061.0,0.0,79010.53992075186,0.0,1.0,7.0,0.0,7000.0,0.0,0.0,0.0,901.0539920751871,0.0,30061.0,79010.53992075186,7.0,7000.0,0.0,901.0539920751871
A10,'Bruderloch',17.53,1.0,2.0,24652.0,0.0,55144.78387577903,0.0,1.0,3.0,0.0,3000.0,0.0,901.0539920751871,0.0,3415.53237965309,0.0,24652.0,55144.78387577903,3.0,3000.0,901.0539920751871,3415.53237965309
A10,'Golling Ost',28.76,1.0,0.0,19647.00094772099,0.0,83619.98278708411,0.0,1.0,12.0,0.0,11777.530658361502,0.0,3415.53237965309,0.0,0.0,0.0,19647.00094772099,83619.98278708411,12.0,11777.530658361502,3415.53237965309,0.0
A10,'Golling West',28.82,0.0,0.0,19875.000668287423,19875.000668287423,97340.81805238585,97340.81805238585,1.0,11.0,11.0,10804.34130122157,10804.34130122157,1070.259495982983,1070.259495982983,0.0,0.0,0.0,0.0,0.0,0.0,0.0,0.0
A10,'Werfen',40.34,0.0,2.0,19354.0,19354.0,44743.31804657062,44743.31804657062,1.0,5.0,5.0,4425.400858389661,4425.400858389661,0.0,0.0,48.930946267401396,48.930946267401396,0.0,0.0,0.0,0.0,0.0,0.0
A10,'Klausgraben Ost’,50.01,1.0,2.0,16076.0,0.0,29740.34522214243,0.0,0.0,0.0,0.0,0.0,0.0,0.0,0.0,2974.034522214243,0.0,16076.0,29740.34522214243,0.0,0.0,0.0,2974.034522214243
A10,'Klausgraben West’,50.01,0.0,2.0,16224.0,16224.0,31431.033067450226,31431.033067450226,0.0,0.0,0.0,0.0,0.0,48.930946267401396,48.930946267401396,3192.034253012424,3192.034253012424,0.0,0.0,0.0,0.0,0.0,0.0
A10,'Eben Süd',59.21,2.0,0.0,31555.3674870556,15997.416619605658,63864.366982730906,73.98398827676816,0.0,8.0,0.0,8000.0,0.0,6166.068775226668,3192.034253012424,4552.5054734997575,3199.432651840101,15557.95086744994,63790.382994454136,8.0,8000.0,2974.034522214243,1353.0728216596572
A10,'Eben Nord',59.32,2.0,0.0,31554.16119307871,15997.1632592005,29667.927073449984,29595.979909721613,1.0,4.0,4.0,3963.830642812262,3963.830642812262,4552.5054734997575,3199.432651840101,3555.4675380324948,2195.2000000000003,15556.997933878209,71.94716372837226,0.0,0.0,1353.0728216596572,1360.2675380324945
A10,'Rohr',71.25,0.0,2.0,10976.0,10976.0,26372.39981658969,26372.39981658969,1.0,5.0,5.0,4832.439981658969,4832.439981658969,2195.2000000000003,2195.2000000000003,0.0,0.0,0.0,0.0,0.0,0.0,0.0,0.0
A10,'Tauernalm',79.79,2.0,0.0,21522.867721662667,10903.654559151322,62621.10903795498,18508.36211902574,0.0,5.0,-0.0,4036.6421536251332,0.0,1360.2675380324945,0.0,3585.7362882028597,1850.8362119025742,10619.213162511343,44112.74691892924,5.0,4036.6421536251332,1360.2675380324945,1734.9000763002855
A10,'Lungau',97.91,0.0,0.0,10877.0,10877.0,39524.43281357246,39524.43281357246,1.0,5.0,5.0,4427.6794932598195,4427.6794932598195,1850.8362119025742,1850.8362119025742,1375.6000000000001,1375.6000000000001,0.0,0.0,0.0,0.0,0.0,0.0
A10,'Lanschütz',100.6,1.0,1.0,10558.5,0.0,33491.70982869735,0.0,1.0,5.0,0.0,5000.0,0.0,1734.9000763002855,0.0,84.07105917002036,0.0,10558.5,33491.70982869735,5.0,5000.0,1734.9000763002855,84.07105917002036
A10,'Rennweg',112.45,0.0,2.0,6878.0,6878.0,19876.6578731468,19876.6578731468,1.0,2.0,2.0,1987.66578731468,1987.66578731468,1375.6000000000001,1375.6000000000001,1375.6000000000001,1375.6000000000001,0.0,0.0,0.0,0.0,0.0,0.0
A10,'Ried’,116.47,1.0,2.0,7303.0,0.0,13765.2894082998,0.0,0.0,0.0,0.0,0.0,0.0,84.07105917002036,0.0,1460.6000000000004,0.0,7303.0,13765.2894082998,0.0,0.0,84.07105917002036,1460.6000000000004
A10,'Eisentratten',125.92,2.0,0.0,14180.999999999998,6877.999999999999,41606.555089056084,18483.210735025867,1.0,5.0,2.0,4847.886318537974,1848.3210735025868,2836.2000000000007,1375.6000000000001,2148.969190367635,1375.6000000000001,7302.999999999999,23123.34435403022,3.0,2999.5652450353878,1460.6000000000004,773.3691903676349
A10,'Seeboden',141.72,1.0,2.0,14455.0,0.0,36156.364361422005,0.0,1.0,4.0,0.0,4000.0,0.0,773.3691903676349,0.0,389.00562650983557,0.0,14455.0,36156.364361422005,4.0,4000.0,773.3691903676349,389.00562650983557
A10,'Wolfsberg',142.25,0.0,2.0,14500.0,14500.0,47498.89492913899,47498.89492913899,1.0,6.0,6.0,5993.661862585547,5993.661862585547,1375.6000000000001,1375.6000000000001,131.82763032835192,131.82763032835192,0.0,0.0,0.0,0.0,0.0,0.0
A10,'Kamering',154.29,1.0,2.0,14749.703862513728,0.0,22698.628013917983,0.0,0.0,0.0,0.0,0.0,0.0,389.00562650983557,0.0,2658.8684279016343,0.0,14749.703862513728,22698.628013917983,0.0,0.0,389.00562650983557,2658.8684279016343
A10,'Feistritz an der Drau',162.01,2.0,0.0,29679.0,14929.0,122093.03941770014,58681.72369671648,1.0,15.0,6.0,15000.0,6000.0,2790.696058229986,131.82763032835192,0.0,0.0,14750.0,63411.31572098366,9.0,9000.0,2658.8684279016343,0.0
A11,'St. Niklas/Nord',2.11,1.0,2.0,7502.999999999997,0.0,10409.086151425912,0.0,1.0,1.0,0.0,1000.0,0.0,0.0,0.0,40.908615142591316,0.0,7502.999999999997,10409.086151425912,1.0,1000.0,0.0,40.908615142591316
A11,'Rosegg',9.04,2.0,0.0,9108.5,4306.5,19444.03423128799,7806.040740767851,1.0,3.0,1.0,1985.312038271391,780.6040740767852,40.908615142591316,0.0,0.0,0.0,4802.0,11637.99349052014,2.0,1204.7079641946057,40.908615142591316,0.0
A12,'Langkampfen Süd',9.32,1.0,2.0,11349.585916642443,0.0,27244.807627465096,0.0,1.0,1.0,0.0,1000.0,0.0,0.0,0.0,1724.4807627465098,0.0,11349.585916642443,27244.807627465096,1.0,1000.0,0.0,1724.4807627465098
A12,'Angath Süd',14.1,2.0,0.0,39222.99999999994,19907.99999999997,56148.10872631689,56144.28825076325,1.0,3.0,2.0,3000.0,2000.0,1724.4807627465098,0.0,4339.291635378198,3614.4288250763257,19314.99999999997,3.820475553634762,1.0,1000.0,1724.4807627465098,724.8628103018732
A12,'Angath Nord',14.22,2.0,0.0,39222.99999999994,19907.99999999997,86003.9180407436,3.93776998818332,1.0,11.0,3.0,11000.000000000002,3000.0000000000014,4339.291635378198,3614.4288250763257,1939.6834394525576,614.8226020751422,19314.99999999997,85999.98027075542,8.0,8000.0,724.8628103018732,1324.8608373774155
A12,'Münster Nord',35.71,0.0,1.0,18334.0,18334.0,79565.35290639894,79565.35290639894,1.0,8.0,8.0,8000.0,8000.0,614.8226020751422,614.8226020751422,571.3578927150375,571.3578927150375,0.0,0.0,0.0,0.0,0.0,0.0
A12,'Münster Süd',36.25,1.0,1.0,18162.0,0.0,51027.0984567292,0.0,1.0,6.0,0.0,6000.0,0.0,1324.8608373774155,0.0,427.57068305033636,0.0,18162.0,51027.0984567292,6.0,6000.0,1324.8608373774155,427.57068305033636
A12,'Vomp',50.47,1.0,0.0,24431.999999991072,0.0,22234.356307397185,0.0,0.0,0.0,0.0,0.0,0.0,427.57068305033636,0.0,2651.006313790055,0.0,24431.999999991072,22234.356307397185,0.0,0.0,427.57068305033636,2651.006313790055
A12,'Weer',54.8,0.0,0.0,24110.000189607712,24110.000189607712,91922.39487971723,91922.39487971723,1.0,9.0,9.0,8905.211896046612,8905.211896046612,571.3578927150375,571.3578927150375,858.3854846401482,858.3854846401482,0.0,0.0,0.0,0.0,0.0,0.0
A12,'Weer Süd',55.0,1.0,1.0,24141.001987531265,0.0,44418.90300224888,0.0,1.0,3.0,0.0,2952.488994612867,0.0,2651.006313790055,0.0,4140.407619402076,0.0,24141.001987531265,44418.90300224888,3.0,2952.488994612867,2651.006313790055,4140.407619402076
A12,'Volders/Karlskirche',64.18,1.0,2.0,27543.0,0.0,89230.87375309618,0.0,1.0,8.0,0.0,8000.0,0.0,4140.407619402076,0.0,5063.494994711695,0.0,27543.0,89230.87375309618,8.0,8000.0,4140.407619402076,5063.494994711695
A12,'Hall in Tirol',66.28,0.0,2.0,28148.000000002427,28148.000000002427,63926.9286125208,63926.9286125208,1.0,6.0,6.0,6000.0,6000.0,858.3854846401482,858.3854846401482,1251.0783458922288,1251.0783458922288,0.0,0.0,0.0,0.0,0.0,0.0
A12,'Ampaß',72.07,0.0,0.0,35539.999996608014,35539.999996608014,42439.32195018204,42439.32195018204,0.0,0.0,0.0,0.0,0.0,1251.0783458922288,1251.0783458922288,5495.0105409104335,5495.0105409104335,0.0,0.0,0.0,0.0,0.0,0.0
A12,'Sieglanger',80.39,1.0,2.0,31124.793431490507,0.0,96002.72792907088,0.0,1.0,14.0,0.0,14000.0,0.0,5063.494994711695,0.0,663.7677876187831,0.0,31124.793431490507,96002.72792907088,14.0,14000.0,5063.494994711695,663.7677876187831
A12,'Kematen',86.01,0.0,2.0,27475.052704552163,27475.052704552163,75774.45683256471,75774.45683256471,1.0,13.0,13.0,13000.0,13000.0,5495.0105409104335,5495.0105409104335,72.45622416690448,72.45622416690448,0.0,0.0,0.0,0.0,0.0,0.0
A12,'Zirl-Inzing',91.77,0.0,1.0,20799.0,20799.0,24661.258850671245,24661.258850671245,0.0,0.0,0.0,0.0,0.0,72.45622416690448,72.45622416690448,2538.5821092340293,2538.5821092340293,0.0,0.0,0.0,0.0,0.0,0.0
A12,'Pettnau',95.81,2.0,0.0,37922.0,18889.0,43167.59505459553,14638.245573299051,1.0,3.0,2.0,3000.0,2000.0,3202.3498968528124,2538.5821092340293,4519.109402312366,2002.4066665639346,19033.0,28529.34948129648,1.0,1000.0,663.7677876187831,2516.702735748431
A12,'Telfs Süd',103.3,1.0,2.0,13364.77793940206,0.0,40593.43969968221,0.0,1.0,5.0,0.0,5000.0,0.0,2516.702735748431,0.0,1576.0467057166525,0.0,13364.77793940206,40593.43969968221,5.0,5000.0,2516.702735748431,1576.0467057166525
A12,'Telfs Nord',103.33,0.0,2.0,14213.46393941228,14213.46393941228,21325.917954749177,21325.917954749177,1.0,3.0,3.0,3000.0,3000.0,2002.4066665639346,2002.4066665639346,1134.9984620388525,1134.9984620388525,0.0,0.0,0.0,0.0,0.0,0.0
A12,'Haiming Süd',118.5,1.0,2.0,10702.0,0.0,32071.449465739544,0.0,1.0,4.0,0.0,4000.0,0.0,1576.0467057166525,0.0,783.1916522906072,0.0,10702.0,32071.449465739544,4.0,4000.0,1576.0467057166525,783.1916522906072
A12,'Imst Süd',133.49,1.0,2.0,9240.0,0.0,3679.211043329945,0.0,0.0,0.0,0.0,0.0,0.0,783.1916522906072,0.0,1151.1127566236016,0.0,9240.0,3679.211043329945,0.0,0.0,783.1916522906072,1151.1127566236016
A12,'Imst Nord',133.84,0.0,2.0,10262.0,10262.0,62601.679390679135,62601.679390679135,1.0,7.0,7.0,6222.316544241981,6222.316544241981,1134.9984620388525,1134.9984620388525,1172.849856864785,1172.849856864785,0.0,0.0,0.0,0.0,0.0,0.0
A12,'Mils',135.51,2.0,0.0,19502.000000000833,10262.00000000003,21880.454342200468,3391.5819084364844,0.0,3.0,0.0,3000.0,0.0,2323.9626134883865,1172.849856864785,1512.0080477084334,1512.0080477084334,9240.000000000804,18488.872433763983,3.0,3000.0,1151.1127566236016,0.0
A12,'Kronburg Zams',142.7,0.0,2.0,10312.0,10312.0,14879.919522915665,14879.919522915665,1.0,3.0,3.0,3000.0,3000.0,1512.0080477084334,1512.0080477084334,0.0,0.0,0.0,0.0,0.0,0.0,0.0,0.0
A13,'Patsch',6.24,0.0,2.0,21023.0,21023.0,26094.725326847616,26094.725326847616,0.0,0.0,0.0,0.0,0.0,0.0,0.0,2609.472532684762,2609.472532684762,0.0,0.0,0.0,0.0,0.0,0.0
A13,'Europabrücke',8.27,2.0,0.0,41638.0,21023.0,32388.526624106256,8452.295186301024,1.0,5.0,4.0,4454.702051314865,3454.7020513148645,2609.472532684762,2609.472532684762,1393.6231437805232,0.0,20615.0,23936.231437805232,1.0,1000.0,0.0,1393.6231437805232
A13,'Gschleirs',14.05,1.0,2.0,14822.0,0.0,8546.704281737584,0.0,0.0,0.0,0.0,0.0,0.0,1393.6231437805232,0.0,2248.2935719542816,0.0,14822.0,8546.704281737584,0.0,0.0,1393.6231437805232,2248.2935719542816
A13,'Matrei West',16.79,0.0,0.0,15161.0,15161.0,25846.426928735076,25846.426928735076,0.0,0.0,0.0,0.0,0.0,0.0,0.0,2584.6426928735077,2584.6426928735077,0.0,0.0,0.0,0.0,0.0,0.0
A13,'Matrei Ost',16.95,2.0,0.0,29983.0,15161.0,16734.882296516167,499.30355502003806,1.0,6.0,2.0,5320.605000881244,1726.2023240852764,4832.936264827789,2584.6426928735077,1185.8194935981614,908.3707242902351,14822.0,16235.578741496129,4.0,3594.402676795968,2248.2935719542816,277.44876930792645
A13,'Wipptalerhof Ost',22.41,1.0,2.0,10896.000000000471,0.0,2559.258804024997,0.0,0.0,0.0,0.0,0.0,0.0,277.44876930792645,0.0,533.3746497104262,0.0,10896.000000000471,2559.258804024997,0.0,0.0,277.44876930792645,533.3746497104262
A13,'Wipptalerhof West',22.56,0.0,2.0,11615.000000000608,11615.000000000608,13021.650439480618,13021.650439480618,0.0,0.0,0.0,0.0,0.0,908.3707242902351,908.3707242902351,2210.535768238297,2210.535768238297,0.0,0.0,0.0,0.0,0.0,0.0
A13,'Plon',23.61,1.0,2.0,10896.000000525348,0.0,9061.729580812602,0.0,0.0,0.0,0.0,0.0,0.0,533.3746497104262,0.0,1439.5476077916865,0.0,10896.000000525348,9061.729580812602,0.0,0.0,533.3746497104262,1439.5476077916865
A13,'Nößlach',26.91,2.0,1.0,23614.71960011509,12027.916375220364,15947.459093046333,12518.668085194196,1.0,3.0,3.0,3000.0,3000.0,3650.0833760299834,2210.535768238297,2244.8292853346165,462.40257675771653,11586.803224894727,3428.7910078521363,0.0,0.0,1439.5476077916865,1782.4267085769002
A13,'Gries Ost',29.15,1.0,0.0,11601.99774413572,0.0,11387.01827145676,0.0,1.0,1.0,0.0,1000.0,0.0,1782.4267085769002,0.0,1921.1285357225763,0.0,11601.99774413572,11387.01827145676,1.0,1000.0,1782.4267085769002,1921.1285357225763
A13,'Gries West',29.54,0.0,0.0,12036.99974796117,12036.99974796117,4238.013247571624,4238.013247571624,0.0,0.0,0.0,0.0,0.0,462.40257675771653,462.40257675771653,886.2039015148789,886.2039015148789,0.0,0.0,0.0,0.0,0.0,0.0
A13,'Brennersee - Fröhlich',32.6,0.0,2.0,12036.999999999998,12036.999999999998,7411.89807862851,7411.89807862851,0.0,0.0,0.0,0.0,0.0,886.2039015148789,886.2039015148789,1627.39370937773,1627.39370937773,0.0,0.0,0.0,0.0,0.0,0.0
A13,'Brennersee',33.44,0.0,0.0,12037.0,12037.0,1996.4183022148509,1996.4183022148509,0.0,0.0,0.0,0.0,0.0,1627.39370937773,1627.39370937773,1827.035539599215,1827.035539599215,0.0,0.0,0.0,0.0,0.0,0.0
A13,'Brennerpaß',34.16,2.0,0.0,23639.0,12037.0,2518.3592467820863,1729.6446040078497,1.0,4.0,2.0,4000.0,2000.0,3748.1640753217916,1827.035539599215,0.0,0.0,11602.0,788.7146427742366,2.0,2000.0,1921.1285357225763,0.0
A14,'Hörbranz’,0.0,2.0,1.0,11914.47538487758,11914.47538487758,580.5002038524873,580.5002038524873,0.0,0.0,-0.0,0.0,0.0,0.0,0.0,58.05002038524873,58.05002038524873,0.0,0.0,0.0,0.0,0.0,0.0
A14,'Dornbirn West',15.07,1.0,2.0,22722.01674582917,0.0,41625.83313129372,0.0,0.0,0.0,0.0,0.0,0.0,0.0,0.0,4162.583313129372,0.0,22722.01674582917,41625.83313129372,-0.0,0.0,0.0,4162.583313129372
A14,'Dornbirn Ost',15.27,0.0,2.0,22911.03673497288,22911.03673497288,67389.02531710501,67389.02531710501,1.0,7.0,7.0,6438.818266580061,6438.818266580061,58.05002038524873,58.05002038524873,358.13428551568904,358.13428551568904,0.0,0.0,0.0,0.0,0.0,0.0
A14,'Hohenems',24.48,2.0,0.0,53333.40958305029,26852.092271153047,99887.79432069242,50177.24661686807,1.0,14.0,5.0,14000.0,5000.0,4520.717598645061,358.13428551568904,509.49703071430577,375.858947202496,26481.317311897245,49710.54770382436,9.0,9000.0,4162.583313129372,133.63808351180978
A14,'Rankweil West',33.46,0.0,2.0,22794.137882745563,22794.137882745563,41099.967515634846,41099.967515634846,1.0,4.0,4.0,4000.0,4000.0,375.858947202496,375.858947202496,485.8556987659799,485.8556987659799,0.0,0.0,0.0,0.0,0.0,0.0
A14,'Rankweil Ost',33.82,1.0,2.0,21949.829570058195,0.0,56639.54196425326,0.0,1.0,6.0,0.0,5797.592279937136,0.0,133.63808351180978,0.0,0.0,0.0,21949.829570058195,56639.54196425326,6.0,5797.592279937136,133.63808351180978,0.0
A14,'Schlins West',46.72,0.0,2.0,13115.0,13115.0,35141.4430123402,35141.4430123402,1.0,4.0,4.0,4000.0,4000.0,485.8556987659799,485.8556987659799,0.0,0.0,0.0,0.0,0.0,0.0,0.0,0.0
A14,'Schlins Ost',46.85,1.0,2.0,13492.000000000002,0.0,22886.809608579704,0.0,0.0,0.0,0.0,0.0,0.0,0.0,0.0,2288.6809608579706,0.0,13492.000000000002,22886.809608579704,-0.0,0.0,0.0,2288.6809608579706
A14,'Nüziders',55.2,1.0,2.0,13282.144454187755,0.0,16978.23001179592,0.0,1.0,4.0,0.0,3986.503962037563,0.0,2288.6809608579706,0.0,0.0,0.0,13282.144454187755,16978.23001179592,4.0,3986.503962037563,2288.6809608579706,0.0
A2,'Guntramsdorf',14.43,2.0,0.0,106539.0608322543,54671.885978190505,341487.5079237672,158457.9372379927,1.0,33.0,15.0,33000.0,15000.0,0.0,0.0,1148.7507923767207,845.7937237992719,51867.17485406379,183029.57068577447,18.0,18000.0,0.0,302.9570685774488
A2,'Triestingtal',32.08,0.0,1.0,40445.0,40445.0,143069.6923848394,143069.6923848394,1.0,9.0,9.0,9000.0,9000.0,845.7937237992719,845.7937237992719,6152.762962283214,6152.762962283214,0.0,0.0,0.0,0.0,0.0,0.0
A2,'Leobersdorf',32.08,1.0,1.0,39540.0,0.0,56942.74699600472,0.0,0.0,0.0,0.0,0.0,0.0,302.9570685774488,0.0,5997.2317681779205,0.0,39540.0,56942.74699600472,0.0,0.0,302.9570685774488,5997.2317681779205
A2,'Föhrenberg',39.31,1.0,0.0,39539.98215618593,0.0,93778.97588690832,0.0,1.0,10.0,0.0,10000.000000000002,0.0,5997.2317681779205,0.0,5375.129356868751,0.0,39539.98215618593,93778.97588690832,10.0,10000.000000000002,5997.2317681779205,5375.129356868751
A2,'Bad Fischau',40.93,0.0,0.0,37535.00000001001,37535.00000001001,66634.96786186735,66634.96786186735,1.0,7.0,7.0,7000.0,7000.0,6152.762962283214,6152.762962283214,5816.259748469949,5816.259748469949,0.0,0.0,0.0,0.0,0.0,0.0
A2,'Steinfeld',50.35,0.0,1.0,32434.00031526797,32434.00031526797,59928.40402750363,59928.40402750363,1.0,8.0,8.0,7633.878547719084,7633.878547719084,5816.259748469949,5816.259748469949,4175.221603501229,4175.221603501229,0.0,0.0,0.0,0.0,0.0,0.0
A2,'Wr. Neustadt',51.18,1.0,1.0,31158.00000000052,0.0,64946.24580860265,0.0,1.0,9.0,0.0,9000.0,0.0,5375.129356868751,0.0,2869.753937729016,0.0,31158.00000000052,64946.24580860265,9.0,9000.0,5375.129356868751,2869.753937729016
A2,'Witzelsberg',60.84,0.0,2.0,21168.0000351488,21168.0000351488,44783.30498303353,44783.30498303353,1.0,6.0,6.0,5586.936992895222,5586.936992895222,4175.221603501229,4175.221603501229,3066.61510890936,3066.61510890936,0.0,0.0,0.0,0.0,0.0,0.0
A2,'Gleissenfeld',61.52,1.0,2.0,18726.0,0.0,64345.96758390275,0.0,1.0,9.0,0.0,8135.587876108016,0.0,2869.753937729016,0.0,1168.7628200112752,0.0,18726.0,64345.96758390275,9.0,8135.587876108016,2869.753937729016,1168.7628200112752
A2,'Zöbern',78.76,2.0,0.0,34076.0,17853.0,89918.35315876387,64008.58622397808,1.0,11.0,8.0,11000.0,8000.0,4235.377928920635,3066.61510890936,2227.213244797023,1467.4737313071694,16223.0,25909.766934785785,3.0,3000.0,1168.7628200112752,759.7395134898536
A2,'Schäffern Ost',86.7,1.0,1.0,16223.0,0.0,36516.98737256819,0.0,1.0,4.0,0.0,4000.0,0.0,759.7395134898536,0.0,411.4382507466728,0.0,16223.0,36516.98737256819,4.0,4000.0,759.7395134898536,411.4382507466728
A2,'Pinkafeld/Ost',97.98,1.0,2.0,14325.0,0.0,21727.470606482195,0.0,0.0,0.0,0.0,0.0,0.0,411.4382507466728,0.0,2584.185311394893,0.0,14325.0,21727.470606482195,0.0,0.0,411.4382507466728,2584.185311394893
A2,'Pinkafeld/West',98.0,0.0,2.0,15628.999999999998,15628.999999999998,60166.60979667192,60166.60979667192,1.0,7.0,7.0,7000.0,7000.0,1467.4737313071694,1467.4737313071694,484.1347109743612,484.1347109743612,0.0,0.0,0.0,0.0,0.0,0.0
A2,'Loipersdorf',105.5,2.0,0.0,27899.0,14612.0,41927.32661100383,22138.85235466905,1.0,4.0,2.0,4000.0000000000027,2000.000000000003,3068.320022369254,484.1347109743612,3261.052683469634,698.0199464412631,13287.0,19788.474256334783,2.0,2000.0,2584.185311394893,2563.032737028371
A2,'St. Johann/Süd',113.05,1.0,2.0,13287.000477266132,0.0,55839.64905204145,0.0,1.0,6.0,0.0,6000.0,0.0,2563.032737028371,0.0,2146.9976422325162,0.0,13287.000477266132,55839.64905204145,6.0,6000.0,2563.032737028371,2146.9976422325162
A2,'St. Johann/Nord',113.24,0.0,2.0,14612.067329295864,14612.067329295864,22243.9351941791,22243.9351941791,0.0,0.0,0.0,0.0,0.0,698.0199464412631,698.0199464412631,2922.413465859173,2922.413465859173,0.0,0.0,0.0,0.0,0.0,0.0
A2,'Hainersdorf',133.87,0.0,1.0,16034.999999999998,16034.999999999998,66144.33253637272,66144.33253637272,1.0,7.0,7.0,7000.0,7000.0,2922.413465859173,2922.413465859173,2536.846719496445,2536.846719496445,0.0,0.0,0.0,0.0,0.0,0.0
A2,'Bad Blumau',134.06,1.0,1.0,14879.0,0.0,39913.51522050923,0.0,1.0,6.0,0.0,6000.0,0.0,2146.9976422325162,0.0,138.34916428343968,0.0,14879.0,39913.51522050923,6.0,6000.0,2146.9976422325162,138.34916428343968
A2,'Ilztal/Nord ',147.5,1.0,2.0,16946.156088329964,0.0,22142.86453298605,0.0,0.0,0.0,0.0,0.0,0.0,138.34916428343968,0.0,2352.6356175820447,0.0,16946.156088329964,22142.86453298605,0.0,0.0,138.34916428343968,2352.6356175820447
A2,'Arnwiesen',154.1,2.0,0.0,36495.0010822289,19529.0004964994,135214.80430038154,78775.931104602,1.0,14.0,7.0,14000.0,7000.0,4889.48233707849,2536.846719496445,4410.9627671166445,3414.4398299566456,16966.000585729496,56438.87319577954,7.0,7000.0,2352.6356175820447,996.522937159999
A2,'Laßnitzhöhe Nord',170.16,0.0,1.0,27470.0,27470.0,89210.41764080411,89210.41764080411,1.0,8.0,8.0,8000.0,8000.0,3414.4398299566456,3414.4398299566456,4335.481594037057,4335.481594037057,0.0,0.0,0.0,0.0,0.0,0.0
A2,'Laßnitzhöhe Süd',170.65,1.0,1.0,29743.0,0.0,119872.94775894134,0.0,1.0,9.0,0.0,9000.0,0.0,996.522937159999,0.0,3983.8177130541344,0.0,29743.0,119872.94775894134,9.0,9000.0,996.522937159999,3983.8177130541344
A2,'Kaiserwald',190.77,2.0,0.0,42649.00410506857,21967.00248080555,212311.14271654858,90269.44009665956,1.0,28.0,12.0,28000.0,12000.0,8319.29930709119,4335.481594037057,1550.4135787460518,1362.4256037030136,20682.001624263023,122041.70261988904,16.0,16000.0,3983.8177130541344,187.9879750430382
A2,'Herzogberg Nord',220.13,0.0,1.0,8807.00000002098,8807.00000002098,51848.951152018446,51848.951152018446,1.0,5.0,5.0,5000.0,5000.0,1362.4256037030136,1362.4256037030136,1547.320718904859,1547.320718904859,0.0,0.0,0.0,0.0,0.0,0.0
A2,'Herzogberg Süd',220.19,1.0,1.0,8120.999999999229,0.0,24362.120249568077,0.0,1.0,1.0,0.0,1000.0,0.0,187.9879750430382,0.0,1624.199999999846,0.0,8120.999999999229,24362.120249568077,1.0,1000.0,187.9879750430382,1624.199999999846
A2,'Pack',235.21,2.0,0.0,16928.0,8807.0,38160.3171582835,26540.01416042541,1.0,6.0,4.0,5726.272855022733,3726.2728550227325,3171.520718904705,1547.320718904859,1261.2795797103227,475.04927992466764,8120.999999999999,11620.302997858087,2.0,2000.0,1624.199999999846,786.230299785655
A2,'Twimberg Süd',242.34,1.0,2.0,9189.0,0.0,32127.24787077568,0.0,1.0,4.0,0.0,3998.955086863223,0.0,786.230299785655,0.0,0.0,0.0,9189.0,32127.24787077568,4.0,3998.955086863223,786.230299785655,0.0
A2,'Twimberg Nord',242.44,0.0,2.0,8465.0,8465.0,12179.507200753324,12179.507200753324,0.0,0.0,0.0,0.0,0.0,475.04927992466764,475.04927992466764,1693.0,1693.0,0.0,0.0,0.0,0.0,0.0,0.0
A2,'Fischering',259.85,1.0,2.0,10919.0,0.0,19551.337675387487,0.0,0.0,0.0,0.0,0.0,0.0,0.0,0.0,1955.1337675387488,0.0,10919.0,19551.337675387487,0.0,0.0,0.0,1955.1337675387488
A2,'St. Ändra',262.91,0.0,2.0,11358.00000168869,11358.00000168869,46444.591455370966,46444.591455370966,1.0,6.0,6.0,5999.999999999999,5999.999999999999,1693.0,1693.0,337.45914553709713,337.45914553709713,0.0,0.0,0.0,0.0,0.0,0.0
A2,'Gönitz/Süd',268.86,1.0,2.0,11607.0,0.0,37377.39333079138,0.0,1.0,4.0,0.0,4000.000000000001,0.0,1955.1337675387488,0.0,1692.8731006178864,0.0,11607.0,37377.39333079138,4.0,4000.000000000001,1955.1337675387488,1692.8731006178864
A2,'Gönitz/Nord',268.89,0.0,2.0,12420.0,12420.0,14890.993721836305,14890.993721836305,0.0,0.0,0.0,0.0,0.0,337.45914553709713,337.45914553709713,1826.5585177207277,1826.5585177207277,0.0,0.0,0.0,0.0,0.0,0.0
A2,'Haimburg Nord',279.17,0.0,2.0,10779.0,10779.0,21954.76010391007,21954.76010391007,1.0,2.0,2.0,1866.2345281117332,1866.2345281117332,1826.5585177207277,1826.5585177207277,2155.8000000000015,2155.8000000000015,0.0,0.0,0.0,0.0,0.0,0.0
A2,'Völkermarkt',285.09,2.0,0.0,21133.0,10779.0,43435.933157851614,12657.478100764496,1.0,6.0,3.0,5893.65194638729,2893.651946387291,3848.673100617888,2155.8000000000015,2298.61447001576,527.8958636891603,10354.0,30778.45505708712,3.0,2999.9999999999986,1692.8731006178864,1770.7186063266
A2,'Grafenstein Süd',300.0,1.0,1.0,13587.999999999998,0.0,64499.09491933518,0.0,1.0,7.0,0.0,6913.410117141646,0.0,1770.7186063266,0.0,1307.217981118472,0.0,13587.999999999998,64499.09491933518,7.0,6913.410117141646,1770.7186063266,1307.217981118472
A2,'Grafenstein Nord',300.0,0.0,1.0,13362.0,13362.0,39644.441582321415,39644.441582321415,1.0,4.0,4.0,4000.0,4000.0,527.8958636891603,527.8958636891603,492.34002192130174,492.34002192130174,0.0,0.0,0.0,0.0,0.0,0.0
A2,'Krumpendorf/Nord',329.28,0.0,2.0,19027.00404912327,19027.00404912327,72939.3212153292,72939.3212153292,1.0,5.0,5.0,5000.000000000001,5000.000000000001,492.34002192130174,492.34002192130174,2786.272143454221,2786.272143454221,0.0,0.0,0.0,0.0,0.0,0.0
A2,'Karawankenblick/Süd',333.84,1.0,2.0,19384.999372588507,0.0,24175.820186266053,0.0,0.0,0.0,0.0,0.0,0.0,1307.217981118472,0.0,3724.7999997450775,0.0,19384.999372588507,24175.820186266053,0.0,0.0,1307.217981118472,3724.7999997450775
A2,'Wörthersee',340.13,2.0,0.0,38076.99999701492,19452.999998289542,75344.61920701242,42137.27856545779,1.0,14.0,7.0,13755.61422357276,6755.614223572759,6511.072143199299,2786.272143454221,289.91984032778157,244.38577642724078,18623.999998725383,33207.340641554634,7.0,7000.0,3724.7999997450775,45.53406390054079
A2,'Sternberg/Süd',349.01,1.0,2.0,19615.999955893047,0.0,0.0,0.0,0.0,0.0,0.0,0.0,0.0,45.53406390054079,0.0,45.53406390054079,0.0,19615.999955893047,0.0,0.0,0.0,45.53406390054079,45.53406390054079
A2,'Sternberg/Nord',349.03,0.0,2.0,17176.999989573145,17176.999989573145,30590.1422357276,30590.1422357276,0.0,0.0,0.0,0.0,0.0,244.38577642724078,244.38577642724078,3303.4000000000005,3303.4000000000005,0.0,0.0,0.0,0.0,0.0,0.0
A2,'Federaun/Nord',361.73,0.0,2.0,16516.999999999996,16516.999999999996,41902.47823736397,41902.47823736397,1.0,7.0,7.0,6838.797079884847,6838.797079884847,3303.4000000000005,3303.4000000000005,654.8507438515503,654.8507438515503,0.0,0.0,0.0,0.0,0.0,0.0
A2,'Federaun/Süd',362.78,1.0,2.0,14962.999999991674,0.0,53969.28273959152,0.0,1.0,5.0,0.0,4750.2291078742865,0.0,45.53406390054079,0.0,692.233229985407,0.0,14962.999999991674,53969.28273959152,5.0,4750.2291078742865,45.53406390054079,692.233229985407
A2,'Dreiländereck Süd',374.17,2.0,0.0,29010.99995582863,9394.99999993558,73068.57514847351,23346.56263789885,1.0,7.0,2.0,6999.999999999998,2000.0,1347.0839738369573,654.8507438515503,1653.94148868431,989.5070076414354,19615.999955893047,49722.012510574656,5.0,4999.999999999998,692.233229985407,664.4344810428745
A2,'Dreiländereck Nord',374.27,2.0,0.0,24357.99999982947,9394.999999829468,3460.5851131569007,104.92992358564643,1.0,2.0,1.0,2000.0,1000.0,1653.94148868431,989.5070076414354,0.0,0.0,14963.000000000002,3355.655189571254,1.0,1000.0,664.4344810428745,0.0
A21,'Alland',14.68,2.0,0.0,40163.5,20093.0,103417.58750904436,49420.33889377227,1.0,7.0,1.0,6399.724861527208,1000.0,0.0,0.0,3942.0338893772278,3942.0338893772278,20070.5,53997.24861527208,6.0,5399.724861527208,0.0,0.0
A21,'Dornbach',19.96,1.0,2.0,19174.48344498892,0.0,20444.35624155757,0.0,0.0,0.0,0.0,0.0,0.0,0.0,0.0,2044.435624155757,0.0,19174.48344498892,20444.35624155757,-0.0,0.0,0.0,2044.435624155757
A21,'Hinterbrühl',26.99,0.0,1.0,19730.962284466663,19730.962284466663,44502.271823291965,44502.271823291965,1.0,9.0,9.0,8392.261071706424,8392.261071706424,3942.0338893772278,3942.0338893772278,0.0,0.0,0.0,0.0,0.0,0.0,0.0,0.0
A21,'Sparbach',26.99,1.0,2.0,19671.37785407049,0.0,27694.943399277778,0.0,1.0,5.0,0.0,4813.929964083535,0.0,2044.435624155757,0.0,0.0,0.0,19671.37785407049,27694.943399277778,5.0,4813.929964083535,2044.435624155757,0.0
A22,'Korneuburg West',18.04,1.0,0.0,32131.000000493023,0.0,63932.21893438356,0.0,1.0,1.0,0.0,1000.0,0.0,0.0,0.0,5393.221893438356,0.0,32131.000000493023,63932.21893438356,1.0,1000.0,0.0,5393.221893438356
A22,'Korneuburg Ost',18.12,0.0,0.0,32321.000000000007,32321.000000000007,116866.4197787237,116866.4197787237,1.0,12.0,12.0,11686.641977872372,11686.641977872372,0.0,0.0,0.0,0.0,0.0,0.0,0.0,0.0,0.0,0.0
A22,'Stockerau',28.09,1.0,0.0,30190.007584098337,0.0,9009.757712564318,0.0,1.0,7.0,0.0,6294.197664694788,0.0,5393.221893438356,0.0,0.0,0.0,30190.007584098337,9009.757712564318,7.0,6294.197664694788,5393.221893438356,0.0
A25,'Pucking',5.97,0.0,1.0,21620.0,21620.0,25350.64141680889,25350.64141680889,0.0,0.0,0.0,0.0,0.0,0.0,0.0,2535.064141680889,2535.064141680889,0.0,0.0,0.0,0.0,0.0,0.0
A25,'Sinnersdorf/Süd',6.11,1.0,2.0,21271.0,0.0,28981.93257809412,0.0,0.0,0.0,0.0,0.0,0.0,0.0,0.0,2898.1932578094124,0.0,21271.0,28981.93257809412,0.0,0.0,0.0,2898.1932578094124
A25,'Wels',13.06,2.0,0.0,49975.503210327646,25078.48219887029,71240.92245977157,35488.490093098524,1.0,14.0,7.0,12557.34964546746,6083.913150990742,5433.257399490301,2535.064141680889,0.0,0.0,24897.02101145736,35752.43236667305,7.0,6473.436494476718,2898.1932578094124,0.0
A3,'Hornstein',28.0,2.0,0.0,35088.0,17427.0,114520.76259901357,66852.17460927166,1.0,12.0,7.0,11452.076259901358,6685.217460927167,0.0,0.0,0.0,0.0,17661.0,47668.58798974191,5.0,4766.858798974191,0.0,0.0
A4,'Simmering',2.45,0.0,0.0,35371.78969176939,35371.78969176939,22257.83857434953,22257.83857434953,0.0,0.0,0.0,0.0,0.0,0.0,0.0,2225.783857434953,2225.783857434953,0.0,0.0,0.0,0.0,0.0,0.0
A4,'Fischamend',22.33,0.0,1.0,28227.0,28227.0,112756.86408974236,112756.86408974236,1.0,14.0,14.0,13501.470266409191,13501.470266409191,2225.783857434953,2225.783857434953,0.0,0.0,0.0,0.0,0.0,0.0,0.0,0.0
A4,'Maria Ellend',22.48,1.0,1.0,27990.0,0.0,32591.644875563223,0.0,0.0,0.0,0.0,0.0,0.0,0.0,0.0,3259.1644875563225,0.0,27990.0,32591.644875563223,0.0,0.0,0.0,3259.1644875563225
A4,'Göttlesbrunn',28.04,2.0,0.0,47550.0,24272.0,112197.1085476203,28046.547072865586,1.0,15.0,3.0,14056.45112200777,2804.6547072865587,3259.1644875563225,0.0,422.4242203105846,0.0,23278.0,84150.56147475471,12.0,11251.79641472121,3259.1644875563225,422.4242203105846
A4,'Parndorf',46.23,1.0,2.0,19928.0,0.0,74634.97330866668,0.0,1.0,7.0,0.0,6999.999999999998,0.0,422.4242203105846,0.0,885.9215511772557,0.0,19928.0,74634.97330866668,7.0,6999.999999999998,422.4242203105846,885.9215511772557
A4,'Neusiedl',47.01,0.0,2.0,21837.0,21837.0,82260.78440998313,82260.78440998313,1.0,8.0,8.0,7953.293042429632,7953.293042429632,0.0,0.0,272.78539856868156,272.78539856868156,0.0,0.0,0.0,0.0,0.0,0.0
A4,'Nickelsdorf Süd',64.65,0.0,0.0,10545.000205483248,10545.000205483248,37272.146014313184,37272.146014313184,1.0,4.0,4.0,4000.0,4000.0,272.78539856868156,272.78539856868156,0.0,0.0,0.0,0.0,0.0,0.0,0.0,0.0
A4,'Nickelsdorf Nord',64.97,1.0,0.0,7158.000028017371,0.0,1140.7844882274428,0.0,1.0,1.0,0.0,1000.0,0.0,885.9215511772557,0.0,0.0,0.0,7158.000028017371,1140.7844882274428,1.0,1000.0,885.9215511772557,0.0
A5,'Hochleithen',10.63,2.0,0.0,35611.2,17306.5,171050.44466718304,34873.96904422976,1.0,18.0,4.0,17105.044466718304,3487.396904422976,0.0,0.0,0.0,0.0,18304.7,136176.4756229533,14.0,13617.64756229533,0.0,0.0
A6,'Potzneusiedl',10.8,2.0,0.0,15204.999999970727,7325.999999986983,33671.23460537669,15733.539261383205,1.0,4.0,2.0,3367.123460537669,1573.3539261383205,0.0,0.0,0.0,0.0,7878.999999983744,17937.695343993484,2.0,1793.7695343993485,0.0,0.0
A7,'Engerwitzdorf',25.71,1.0,1.0,19344.0,0.0,4050.242286953621,0.0,1.0,1.0,0.0,405.0242286953621,0.0,0.0,0.0,0.0,0.0,19344.0,4050.242286953621,1.0,405.0242286953621,0.0,0.0
A7,'Denk',25.76,0.0,1.0,18851.0,18851.0,97075.89483825683,97075.89483825683,1.0,10.0,10.0,9707.589483825685,9707.589483825685,0.0,0.0,0.0,0.0,0.0,0.0,0.0,0.0,0.0,0.0
A8,'Voralpenkreuz',0.17,2.0,0.0,20453.0,10081.0,35002.97696040159,882.1776563040131,0.0,3.0,-0.0,2877.18071438469,0.0,0.0,0.0,623.1169816554695,88.21776563040132,10372.0,34120.79930409758,3.0,2877.18071438469,0.0,534.8992160250682
A8,'Oberham/Süd',16.76,1.0,2.0,24053.99876684948,0.0,18977.635739131696,0.0,0.0,0.0,0.0,0.0,0.0,534.8992160250682,0.0,2432.6627899382374,0.0,24053.99876684948,18977.635739131696,0.0,0.0,534.8992160250682,2432.6627899382374
A8,'Oberham/Nord',18.32,0.0,2.0,21938.95947401208,21938.95947401208,79070.52120426737,79070.52120426737,1.0,8.0,8.0,7995.269886057138,7995.269886057138,88.21776563040132,88.21776563040132,0.0,0.0,0.0,0.0,0.0,0.0,0.0,0.0
A8,'Schnittering/Süd',20.68,1.0,2.0,17695.568077309275,0.0,46433.72435952304,0.0,1.0,6.0,0.0,6000.0,0.0,2432.6627899382374,0.0,1076.0352258905411,0.0,17695.568077309275,46433.72435952304,6.0,6000.0,2432.6627899382374,1076.0352258905411
A8,'Kematen/Nord',24.85,0.0,2.0,16374.0,16374.0,21401.04458132792,21401.04458132792,0.0,0.0,0.0,0.0,0.0,0.0,0.0,2140.104458132792,2140.104458132792,0.0,0.0,0.0,0.0,0.0,0.0
A8,'Aistersheim',33.81,2.0,0.0,30956.0,14979.0,60874.30024176926,26835.862190523447,1.0,9.0,5.0,8823.690677185137,4823.690677185137,3216.139684023333,2140.104458132792,479.8790310151228,0.0,15977.0,34038.438051245816,4.0,4000.0,1076.0352258905411,479.8790310151228
A8,'Gotthaming',43.74,0.0,2.0,13574.002126406618,13574.002126406618,26867.96010209468,26867.96010209468,1.0,2.0,2.0,2000.0,2000.0,0.0,0.0,686.796010209468,686.796010209468,0.0,0.0,0.0,0.0,0.0,0.0
A8,'Renhartsberg',44.47,1.0,2.0,14008.000000000133,0.0,14392.702685008398,0.0,0.0,0.0,0.0,0.0,0.0,479.8790310151228,0.0,1919.1492995159626,0.0,14008.000000000133,14392.702685008398,0.0,0.0,479.8790310151228,1919.1492995159626
A8,'Grübl/Süd’,49.59,1.0,2.0,14008.0,0.0,20419.630414824154,0.0,1.0,2.0,0.0,2000.0,0.0,1919.1492995159626,0.0,1961.1123409983782,0.0,14008.0,20419.630414824154,2.0,2000.0,1919.1492995159626,1961.1123409983782
A8,'Grübl/Nord',49.61,0.0,2.0,13574.000000000002,13574.000000000002,15944.892462999343,15944.892462999343,0.0,0.0,0.0,0.0,0.0,686.796010209468,686.796010209468,2281.2852565094026,2281.2852565094026,0.0,0.0,0.0,0.0,0.0,0.0
A8,'Murau West',56.77,1.0,1.0,14172.0,0.0,41708.92113869764,0.0,1.0,5.0,0.0,5000.0,0.0,1961.1123409983782,0.0,1132.0044548681424,0.0,14172.0,41708.92113869764,5.0,5000.0,1961.1123409983782,1132.0044548681424
A8,'Murau Ost',56.88,0.0,1.0,13536.0,13536.0,19847.682360943298,19847.682360943298,1.0,4.0,4.0,3939.5288581081345,3939.5288581081345,2281.2852565094026,2281.2852565094026,326.5246344955981,326.5246344955981,0.0,0.0,0.0,0.0,0.0,0.0
A8,'Marienkirchen/Schärding’,71.6,1.0,1.0,10055.234280795672,0.0,6370.451690557319,0.0,0.0,0.0,0.0,0.0,0.0,1132.0044548681424,0.0,1769.0496239238744,0.0,10055.234280795672,6370.451690557319,0.0,0.0,1132.0044548681424,1769.0496239238744
A8,'Dietrichshofen/Ost',72.06,0.0,2.0,8836.923336744558,8836.923336744558,26734.753655044016,26734.753655044016,1.0,3.0,3.0,3000.0,3000.0,326.5246344955981,326.5246344955981,0.0,0.0,0.0,0.0,0.0,0.0,0.0,0.0
A8,'Suben West',74.77,1.0,0.0,9186.000000189424,0.0,2309.5037607612567,0.0,1.0,2.0,0.0,2000.0,0.0,1769.0496239238744,0.0,0.0,0.0,9186.000000189424,2309.5037607612567,2.0,2000.0,1769.0496239238744,0.0
A9,'Maisdorf/Ost',12.66,1.0,2.0,10503.0,0.0,49687.49353628505,0.0,1.0,4.0,0.0,4000.0,0.0,0.0,0.0,968.7493536285056,0.0,10503.0,49687.49353628505,4.0,4000.0,0.0,968.7493536285056
A9,'Maisdorf/West',12.73,0.0,2.0,11055.0,11055.0,28126.582456850745,28126.582456850745,1.0,2.0,2.0,2000.0,2000.0,0.0,0.0,812.6582456850747,812.6582456850747,0.0,0.0,0.0,0.0,0.0,0.0
A9,'St. Pankraz',36.36,2.0,0.0,13974.0,7033.0,59101.108124232705,33173.700142315945,1.0,7.0,4.0,6977.519455130594,3977.5194551305945,1781.4075993135802,812.6582456850747,713.9989566062573,152.50880478607496,6941.0,25927.407981916764,3.0,3000.0,968.7493536285056,561.4901518201823
A9,'Pyhrn-Priel Ost’,55.03,1.0,1.0,7591.971611767987,0.0,16849.293094569046,0.0,1.0,2.0,0.0,1350.5653605114594,0.0,561.4901518201823,0.0,895.8541007656277,0.0,7591.971611767987,16849.293094569046,2.0,1350.5653605114594,561.4901518201823,895.8541007656277
A9,'Pyhrn-Priel West',55.04,0.0,1.0,8230.855228133318,8230.855228133318,31192.30198661983,31192.30198661983,1.0,2.0,2.0,2000.0,2000.0,152.50880478607496,152.50880478607496,1271.7390034480582,1271.7390034480582,0.0,0.0,0.0,0.0,0.0,0.0
A9,'Ardning Ost',65.96,1.0,2.0,13083.999999877302,0.0,31041.45899234372,0.0,1.0,4.0,0.0,4000.0,0.0,895.8541007656277,0.0,0.0,0.0,13083.999999877302,31041.45899234372,4.0,4000.0,895.8541007656277,0.0
A9,'Ardning West',66.04,0.0,2.0,13361.999999983376,13361.999999983376,29114.41644929437,29114.41644929437,1.0,4.0,4.0,4000.0,4000.0,1271.7390034480582,1271.7390034480582,183.18064837749534,183.18064837749534,0.0,0.0,0.0,0.0,0.0,0.0
A9,'Rottenmann/Nord',77.91,1.0,2.0,13084.0,0.0,20345.18808414952,0.0,0.0,0.0,0.0,0.0,0.0,0.0,0.0,2034.518808414952,0.0,13084.0,20345.18808414952,0.0,0.0,0.0,2034.518808414952
A9,'Rottenmann/Süd',78.18,0.0,2.0,13362.0,13362.0,32196.632573168365,32196.632573168365,1.0,2.0,2.0,2000.0,2000.0,183.18064837749534,183.18064837749534,1402.843905694332,1402.843905694332,0.0,0.0,0.0,0.0,0.0,0.0
A9,'Trieben',85.7,2.0,0.0,20906.0,10619.0,29194.785607799568,15971.560943056678,1.0,5.0,3.0,5000.0,3000.0,3437.362714109284,1402.843905694332,1356.841274889241,0.0,10287.0,13223.224664742887,2.0,1999.9999999999998,2034.518808414952,1356.841274889241
A9,'Gaishorn',92.11,1.0,1.0,10287.0,0.0,59758.32239265699,0.0,1.0,7.0,0.0,7000.0,0.0,1356.841274889241,0.0,332.6735141549402,0.0,10287.0,59758.32239265699,7.0,7000.0,1356.841274889241,332.6735141549402
A9,'Treglwang',94.03,0.0,2.0,10619.0,10619.0,17705.39000500141,17705.39000500141,0.0,0.0,0.0,0.0,0.0,0.0,0.0,1770.539000500141,1770.539000500141,0.0,0.0,0.0,0.0,0.0,0.0
A9,'Kalwang',106.26,0.0,1.0,10953.0,10953.0,26930.486362994383,26930.486362994383,1.0,4.0,4.0,4000.0,4000.0,1770.539000500141,1770.539000500141,463.5876367995793,463.5876367995793,0.0,0.0,0.0,0.0,0.0,0.0
A9,'Kammern Nord',121.18,1.0,2.0,10926.0,0.0,175.9889804448717,0.0,0.0,0.0,0.0,0.0,0.0,332.6735141549402,0.0,350.2724121994274,0.0,10926.0,175.9889804448717,0.0,0.0,332.6735141549402,350.2724121994274
A9,'Kammern Süd',121.26,2.0,0.0,21954.0,11028.0,64341.42807325543,32914.014449608665,1.0,7.0,4.0,6381.669079441975,3503.42678907161,813.8600489990067,463.5876367995793,866.3337768825753,251.5622926888359,10926.0,31427.413623646764,3.0,2878.2422903703646,350.2724121994274,614.7714841937394
A9,'St. Michael',135.01,0.0,2.0,11073.004965524444,11073.004965524444,30404.004309309235,30404.004309309235,1.0,2.0,2.0,2000.0000000000014,2000.0000000000014,251.5622926888359,251.5622926888359,1291.9627236197584,1291.9627236197584,0.0,0.0,0.0,0.0,0.0,0.0
A9,'Ortnerhof Süd’,135.65,0.0,2.0,11073.999444063618,11073.999444063618,1386.6510981153897,1386.6510981153897,0.0,0.0,0.0,0.0,0.0,1291.9627236197584,1291.9627236197584,1430.6278334312974,1430.6278334312974,0.0,0.0,0.0,0.0,0.0,0.0
A9,'Ortnerhof Nord',135.65,1.0,2.0,10574.999873012946,0.0,7705.628111447948,0.0,0.0,0.0,0.0,0.0,0.0,614.7714841937394,0.0,1385.3342953385343,0.0,10574.999873012946,7705.628111447948,0.0,0.0,614.7714841937394,1385.3342953385343
A9,'Hinterlainsach/Ost',139.16,0.0,2.0,11074.0,11074.0,7841.721665687022,7841.721665687022,0.0,0.0,0.0,0.0,0.0,1430.6278334312974,1430.6278334312974,2214.7999999999997,2214.7999999999997,0.0,0.0,0.0,0.0,0.0,0.0
A9,'Hinterlainsach/West',139.3,1.0,2.0,10575.0,0.0,31388.73352344284,0.0,1.0,4.0,0.0,4000.0,0.0,1385.3342953385343,0.0,524.2076476828186,0.0,10575.0,31388.73352344284,4.0,4000.0,1385.3342953385343,524.2076476828186
A9,'Kleintal',150.57,0.0,2.0,11777.0,11777.0,26809.336064293304,26809.336064293304,1.0,4.0,4.0,4000.0,4000.0,2214.7999999999997,2214.7999999999997,895.7336064293304,895.7336064293304,0.0,0.0,0.0,0.0,0.0,0.0
A9,'Übelbach 1',154.16,1.0,2.0,11512.0,0.0,17781.923523171823,0.0,0.0,0.0,0.0,0.0,0.0,524.2076476828186,0.0,2302.400000000001,0.0,11512.0,17781.923523171823,0.0,0.0,524.2076476828186,2302.400000000001
A9,'Übelbach 2',154.24,0.0,2.0,11777.0,11777.0,8639.97767636247,8639.97767636247,0.0,0.0,0.0,0.0,0.0,895.7336064293304,895.7336064293304,1759.7313740655775,1759.7313740655775,0.0,0.0,0.0,0.0,0.0,0.0
A9,'Deutschfeistritz',161.95,2.0,0.0,23289.000114064176,11777.000055015264,76050.65254937344,18003.928396732397,1.0,10.0,3.0,10000.0,3000.0,4062.1313740655787,1759.7313740655775,1667.1966290029227,560.1242137388172,11512.00005904891,58046.72415264104,7.0,7000.0,2302.400000000001,1107.0724152641055
A9,'Eggenfeld',169.13,0.0,2.0,20432.1080698656,20432.1080698656,29453.135965858,29453.135965858,0.0,0.0,0.0,0.0,0.0,560.1242137388172,560.1242137388172,3505.437810324617,3505.437810324617,0.0,0.0,0.0,0.0,0.0,0.0
A9,'Feldkirchen',186.97,1.0,2.0,29999.01028154669,0.0,57184.44424849908,0.0,1.0,6.0,0.0,5711.943352438897,0.0,1107.0724152641055,0.0,1113.573487675117,0.0,29999.01028154669,57184.44424849908,6.0,5711.943352438897,1107.0724152641055,1113.573487675117
A9,'Premstätten',192.48,0.0,1.0,32302.511670869648,32302.511670869648,152381.31708348572,152381.31708348572,1.0,19.0,19.0,18704.936684649037,18704.936684649037,3505.437810324617,3505.437810324617,38.632834024149815,38.632834024149815,0.0,0.0,0.0,0.0,0.0,0.0
A9,'Thalerhof',196.52,1.0,2.0,26113.265874187266,0.0,77662.26512324884,0.0,1.0,5.0,0.0,5000.0,0.0,1113.573487675117,0.0,3879.800000000001,0.0,26113.265874187266,77662.26512324884,5.0,5000.0,1113.573487675117,3879.800000000001
A9,'Gralla West',211.06,0.0,0.0,20689.0,20689.0,76643.58637779353,76643.58637779353,1.0,7.0,7.0,7000.000000000001,7000.000000000001,38.632834024149815,38.632834024149815,702.9914718035034,702.9914718035034,0.0,0.0,0.0,0.0,0.0,0.0
A9,'Gralla Ost',211.45,1.0,0.0,19399.0,0.0,52785.10516275293,0.0,1.0,8.0,0.0,7905.008876051134,0.0,3879.800000000001,0.0,1253.30164022416,0.0,19399.0,52785.10516275293,8.0,7905.008876051134,3879.800000000001,1253.30164022416
A9,'Straß Ost’,225.02,1.0,2.0,7452.000000000777,0.0,7466.983597758399,0.0,1.0,2.0,0.0,2000.0,0.0,1253.30164022416,0.0,0.0,0.0,7452.000000000777,7466.983597758399,2.0,2000.0,1253.30164022416,0.0
A9,'Straß West',225.02,0.0,2.0,8239.000000000515,8239.000000000515,22970.085281964966,22970.085281964966,1.0,3.0,3.0,3000.0,3000.0,702.9914718035034,702.9914718035034,0.0,0.0,0.0,0.0,0.0,0.0,0.0,0.0
S16,'Schnann',18.9,2.0,0.0,9860.99996031521,4941.999999999992,43437.30630977449,18700.073610347983,1.0,5.0,2.0,3965.9199210835895,1870.0073610347984,0.0,0.0,377.810709893859,0.0,4918.999960315217,24737.232699426502,3.0,2095.9125600487914,0.0,377.810709893859
S16,'Klösterle',44.17,1.0,0.0,4439.000000265529,0.0,13183.237295726443,0.0,1.0,1.0,0.0,1000.0000000000014,0.0,377.810709893859,0.0,696.134439466502,0.0,4439.000000265529,13183.237295726443,1.0,1000.0000000000014,377.810709893859,696.134439466502
S16,'Innerbraz',54.99,0.0,0.0,5391.999999999998,5391.999999999998,38789.08951452321,38789.08951452321,1.0,3.0,3.0,2800.5089514523215,2800.5089514523215,0.0,0.0,1078.4000000000003,1078.4000000000003,0.0,0.0,0.0,0.0,0.0,0.0
S16,'Radin Süd',59.01,1.0,2.0,5252.0,0.0,3038.655605334979,0.0,1.0,1.0,0.0,1000.0,0.0,696.134439466502,0.0,0.0,0.0,5252.0,3038.655605334979,1.0,1000.0,696.134439466502,0.0
S16,'Radin Nord',59.03,0.0,2.0,5392.0,5392.0,4366.475635989322,4366.475635989322,1.0,2.0,2.0,1515.0475635989326,1515.0475635989326,1078.4000000000003,1078.4000000000003,0.0,0.0,0.0,0.0,0.0,0.0,0.0,0.0
S1A,'Schwechat',9.85,2.0,0.0,61703.49999987559,31463.499999975807,98660.20943375537,39041.52295889174,1.0,10.0,4.0,9866.020943375537,3904.1522958891746,0.0,0.0,0.0,0.0,30239.99999989978,59618.68647486362,6.0,5961.8686474863625,0.0,0.0
S1B,'Deutsch Wagram',39.05,2.0,0.0,32604.83333333333,16237.966666666664,73145.99870320682,9677.10465852084,1.0,8.0,1.0,7314.599870320682,967.7104658520841,0.0,0.0,0.0,0.0,16366.866666666663,63468.89404468598,7.0,6346.8894044685985,0.0,0.0
S3,'Hollabrunn',23.6,1.0,2.0,6766.0,0.0,15563.630436509862,0.0,1.0,2.0,0.0,1556.3630436509864,0.0,0.0,0.0,0.0,0.0,6766.0,15563.630436509862,2.0,1556.3630436509864,0.0,0.0
S31,‘Mattersburg’,52.09,1.0,2.0,8153.0,0.0,26231.718576042676,0.0,1.0,2.0,0.0,2000.0,0.0,0.0,0.0,623.1718576042676,0.0,8153.0,26231.718576042676,2.0,2000.0,0.0,623.1718576042676
S31,'Forchtenstein’,52.45,0.0,2.0,7857.0,7857.0,29576.297095027607,29576.297095027607,1.0,2.0,2.0,2000.0,2000.0,0.0,0.0,957.6297095027608,957.6297095027608,0.0,0.0,0.0,0.0,0.0,0.0
S31,'Kobersdorf',66.91,0.0,2.0,6223.999999590788,6223.999999590788,17886.095398002628,17886.095398002628,1.0,3.0,3.0,2746.239249303024,2746.239249303024,957.6297095027608,957.6297095027608,0.0,0.0,0.0,0.0,0.0,0.0,0.0,0.0
S31,'Tschurndorf',68.14,1.0,2.0,6566.999817015507,0.0,21185.283057988152,0.0,1.0,3.0,0.0,2741.700163403083,0.0,623.1718576042676,0.0,0.0,0.0,6566.999817015507,21185.283057988152,3.0,2741.700163403083,623.1718576042676,0.0
S33,'St. Pölten Ost',1.84,0.0,0.0,15332.000000000002,15332.000000000002,42162.713450383104,42162.713450383104,1.0,2.0,2.0,2000.0,2000.0,0.0,0.0,2216.2713450383108,2216.2713450383108,0.0,0.0,0.0,0.0,0.0,0.0
S33,'Inzersdorf',15.28,1.0,1.0,15650.364459623052,0.0,47979.53816597848,0.0,1.0,5.0,0.0,4797.953816597848,0.0,0.0,0.0,0.0,0.0,15650.364459623052,47979.53816597848,5.0,4797.953816597848,0.0,0.0
S33,'Herzogenburg',15.69,0.0,1.0,15657.319893344473,15657.319893344473,36041.87317235301,36041.87317235301,1.0,6.0,6.0,5820.4586622736115,5820.4586622736115,2216.2713450383108,2216.2713450383108,0.0,0.0,0.0,0.0,0.0,0.0,0.0,0.0
S35,'Frohnleiten West',26.82,0.0,2.0,9816.0,9816.0,51001.472361815664,51001.472361815664,1.0,6.0,6.0,5100.147236181567,5100.147236181567,0.0,0.0,0.0,0.0,0.0,0.0,0.0,0.0,0.0,0.0
S35,'Frohnleiten Ost',26.82,1.0,2.0,9690.0,0.0,18587.030666064784,0.0,1.0,2.0,0.0,1858.7030666064784,0.0,0.0,0.0,0.0,0.0,9690.0,18587.030666064784,2.0,1858.7030666064784,0.0,0.0
S36,'St. Marein Nord',14.89,0.0,0.0,10113.0,10113.0,30156.505485607195,30156.505485607195,1.0,3.0,3.0,2073.4241418075108,2073.4241418075108,0.0,0.0,942.2264067532087,942.2264067532087,0.0,0.0,0.0,0.0,0.0,0.0
S36,'St. Marein Süd',14.97,1.0,0.0,10133.0,0.0,39904.344783471744,0.0,1.0,3.0,0.0,3000.0000000000005,0.0,0.0,0.0,990.4344783471743,0.0,10133.0,39904.344783471744,3.0,3000.0000000000005,0.0,990.4344783471743
S36,'Strettweg',34.61,1.0,2.0,9701.0,0.0,5373.278346516238,0.0,1.0,2.0,0.0,1527.7623129987983,0.0,990.4344783471743,0.0,0.0,0.0,9701.0,5373.278346516238,2.0,1527.7623129987983,990.4344783471743,0.0
S36,'Hauswald',35.77,0.0,2.0,9740.5,9740.5,40577.73593246791,40577.73593246791,1.0,5.0,5.0,5000.0,5000.0,942.2264067532087,942.2264067532087,0.0,0.0,0.0,0.0,0.0,0.0,0.0,0.0
S37,'Hunnenbrunnen',285.19,0.0,2.0,19888.0,10058.000000000002,36142.46463235457,4295.795543572071,0.0,4.0,0.0,3184.66690887825,0.0,0.0,0.0,429.57955435720714,429.57955435720714,9830.0,31846.6690887825,4.0,3184.66690887825,0.0,0.0
S37,'Zollfeld',293.91,0.0,2.0,10058.0,10058.0,17382.606338754165,17382.606338754165,1.0,3.0,3.0,2167.840188232624,2167.840188232624,429.57955435720714,429.57955435720714,0.0,0.0,0.0,0.0,0.0,0.0,0.0,0.0
S5,'Zaina',6.3,0.0,2.0,17736.0,17736.0,22057.74265192454,22057.74265192454,0.0,0.0,0.0,0.0,0.0,0.0,0.0,2205.7742651924545,2205.7742651924545,0.0,0.0,0.0,0.0,0.0,0.0
S5,'Grafenwörth',32.85,2.0,0.0,24240.0,12017.0,92944.80421055126,63800.34208286393,1.0,12.0,9.0,11500.254686247581,8585.808473478848,2205.7742651924545,2205.7742651924545,0.0,0.0,12223.0,29144.46212768733,3.0,2914.446212768733,0.0,0.0
S6,'Natschbach',3.22,2.0,0.0,28895.0,14441.0,49805.03843322329,7829.400123642268,0.0,4.0,-0.0,3518.5935563882367,0.0,0.0,0.0,1461.9102869340927,782.9400123642268,14454.000000000002,41975.63830958102,4.0,3518.5935563882367,0.0,678.970274569866
S6,'Gloggnitz Süd',17.81,1.0,2.0,7935.5,0.0,9081.297254301347,0.0,0.0,0.0,0.0,0.0,0.0,678.970274569866,0.0,1587.1000000000013,0.0,7935.5,9081.297254301347,0.0,0.0,678.970274569866,1587.1000000000013
S6,'Gloggnitz Nord',18.44,0.0,2.0,8009.0,8009.0,24242.62115602437,24242.62115602437,1.0,3.0,3.0,3000.0,3000.0,782.9400123642268,782.9400123642268,207.20212796666374,207.20212796666374,0.0,0.0,0.0,0.0,0.0,0.0
S6,'Schottwien',23.57,2.0,0.0,15944.5,8009.0,47842.38487070686,8181.6019594493055,0.0,4.0,0.0,4000.0,0.0,1794.302127966665,207.20212796666374,2578.540615037351,1025.3623239115943,7935.5,39660.78291125756,4.0,4000.0,1587.1000000000013,1553.178291125757
S6,'Schwöbing Nord',48.55,0.0,0.0,9945.0,9945.0,49668.15156439487,49668.15156439487,1.0,6.0,6.0,5027.472067244921,5027.472067244921,1025.3623239115943,1025.3623239115943,964.7054131061604,964.7054131061604,0.0,0.0,0.0,0.0,0.0,0.0
S6,'Schwöbing Süd',48.57,1.0,0.0,9757.0,0.0,46526.20864062981,0.0,1.0,6.0,0.0,5602.540050191382,0.0,1553.178291125757,0.0,603.2591049973562,0.0,9757.0,46526.20864062981,6.0,5602.540050191382,1553.178291125757,603.2591049973562
S6,'St. Marein',68.99,0.0,0.0,12864.0,12864.0,52521.60007264168,52521.60007264168,1.0,6.0,6.0,6000.0,6000.0,964.7054131061604,964.7054131061604,216.86542037032916,216.86542037032916,0.0,0.0,0.0,0.0,0.0,0.0
S6,'Kapfenberg Nord',72.03,0.0,2.0,12864.0,12864.0,7831.345796296708,7831.345796296708,1.0,1.0,1.0,1000.0,1000.0,216.86542037032916,216.86542037032916,0.0,0.0,0.0,0.0,0.0,0.0,0.0,0.0
S6,'Kapfenberg Süd',72.45,1.0,1.0,12893.5,0.0,83967.40895002644,0.0,1.0,9.0,0.0,9000.0,0.0,603.2591049973562,0.0,0.0,0.0,12893.5,83967.40895002644,9.0,9000.0,603.2591049973562,0.0
