Time of calculation: 20210913-151319; value of objective: 6976.01296779292;  acc=20;  ec=0.25;  e_tax=0.15;  cfix=50000;  cvar=10000;  eta=0.009;  cars=20;  i=0.05;  T=10
highway,name,asfinag_position,direction,asfinag_type,traffic_flow,traffic_flow_0,energy_demand,energy_demand_0,pXi_dir,pYi_dir,pYi_dir_0,pE_charged,pE_charged_0,pE_input,pE_input_0,pE_output,pE_output_0,traffic_flow_1,energy_demand_1,pYi_dir_1,pE_charged_1,pE_input_1,pE_output_1
A1,'Parkplatz Großraum’,27.42,2.0,2.0,25490.00000000002,12193.00000000001,59974.325349551335,45433.23590445468,0.0,0.0,0.0,0.0,0.0,0.0,0.0,539.768928145962,408.8991231400921,13297.00000000001,14541.089445096652,-0.0,0.0,0.0,130.86980500586986
A1,'Steinhäusl',32.7,2.0,0.0,63195.99999999913,31485.99999999933,111561.50482266714,34431.882550071685,1.0,2.0,1.0,800.0,400.0,539.768928145962,408.8991231400921,743.8224715499662,318.7860660907372,31709.9999999998,77129.62227259546,1.0,400.0,130.86980500586986,425.03640545922894
A1,'Kesselhof',44.88,1.0,1.0,30234.999996719125,0.0,109130.95569981833,0.0,1.0,3.0,0.0,1200.0,0.0,425.03640545922894,0.0,207.21500675759376,0.0,30234.999996719125,109130.95569981833,3.0,1200.0,425.03640545922894,207.21500675759376
A1,'Kirchstetten',44.88,0.0,1.0,29897.99999542764,29897.99999542764,72732.0809427628,72732.0809427628,1.0,2.0,2.0,800.0,800.0,318.7860660907372,318.7860660907372,173.37479457560232,173.37479457560232,0.0,0.0,0.0,0.0,0.0,0.0
A1,'St. Pölten',62.9,2.0,0.0,71148.0,35583.0,227454.84943410664,128422.41740026572,1.0,5.0,3.0,1632.9645211932288,832.964521193229,380.5898013331961,173.37479457560232,794.7189250469269,496.21202998476474,35565.0,99032.43203384092,2.0,799.9999999999998,207.21500675759376,298.50689506216213
A1,'Schallaburg',76.81,1.0,1.0,29188.0,0.0,136934.36037638868,0.0,1.0,3.0,0.0,1161.959240113052,0.0,298.50689506216213,0.0,368.9568983366083,0.0,29188.0,136934.36037638868,3.0,1161.959240113052,298.50689506216213,368.9568983366083
A1,'Roggendorf',76.82,0.0,1.0,28377.0,28377.0,78562.33219617409,78562.33219617409,1.0,3.0,3.0,1200.0,1200.0,496.21202998476474,496.21202998476474,3.2730197503315157,3.2730197503315157,0.0,0.0,0.0,0.0,0.0,0.0
A1,'Ornding',88.04,0.0,1.0,27048.0,27048.0,60488.07492270462,60488.07492270462,0.0,0.0,0.0,0.0,0.0,3.2730197503315157,3.2730197503315157,547.665694054673,547.665694054673,0.0,0.0,0.0,0.0,0.0,0.0
A1,'Ybbs',100.32,1.0,0.0,27161.40445083877,0.0,104129.25066774894,0.0,1.0,3.0,0.0,1200.0,0.0,368.9568983366083,0.0,106.12015434634867,0.0,27161.40445083877,104129.25066774894,3.0,1200.0,368.9568983366083,106.12015434634867
A1,'Kemmelbach',101.38,0.0,0.0,26898.000000000207,26898.000000000207,72226.10016870651,72226.10016870651,1.0,2.0,2.0,799.9999999999993,799.9999999999993,547.665694054673,547.665694054673,397.7005955730323,397.7005955730323,0.0,0.0,0.0,0.0,0.0,0.0
A1,'Viehdorf',118.17,0.0,1.0,25545.0,25545.0,92117.57063469278,92117.57063469278,1.0,3.0,3.0,1200.0,1200.0,397.7005955730323,397.7005955730323,26.75873128526723,26.75873128526723,0.0,0.0,0.0,0.0,0.0,0.0
A1,'Amstetten',119.36,1.0,1.0,25407.0,0.0,56128.53142795883,0.0,0.0,0.0,0.0,0.0,0.0,106.12015434634867,0.0,611.2769371979781,0.0,25407.0,56128.53142795883,0.0,0.0,106.12015434634867,611.2769371979781
A1,'Parkplatz Zeillern’,124.31,0.0,2.0,24685.0,24685.0,24100.57479449837,24100.57479449837,0.0,0.0,0.0,0.0,0.0,26.75873128526723,26.75873128526723,243.66390443575256,243.66390443575256,0.0,0.0,0.0,0.0,0.0,0.0
A1,'Oed',130.52,1.0,2.0,26849.69206306653,0.0,69822.67372138443,0.0,1.0,2.0,0.0,800.0,0.0,611.2769371979781,0.0,439.68100069043794,0.0,26849.69206306653,69822.67372138443,2.0,800.0,611.2769371979781,439.68100069043794
A1,'Strengberg',136.0,0.0,0.0,25773.0,25773.0,60567.28709144443,60567.28709144443,1.0,2.0,2.0,780.2119836142894,780.2119836142894,243.66390443575256,243.66390443575256,8.557504644463052,8.557504644463052,0.0,0.0,0.0,0.0,0.0,0.0
A1,'Haag',143.54,1.0,0.0,28172.0,0.0,72532.38382040594,0.0,1.0,1.999999048858467,0.0,799.999609711264,0.0,439.68100069043794,0.0,292.47284536282734,0.0,28172.0,72532.38382040594,1.999999048858467,799.999609711264,439.68100069043794,292.47284536282734
A1,'Ennsblick',147.1,0.0,2.0,27181.0,27181.0,59900.9099344678,59900.9099344678,0.0,0.0,-0.0,0.0,0.0,8.557504644463052,8.557504644463052,547.6656940546733,547.6656940546733,0.0,0.0,0.0,0.0,0.0,0.0
A1,'Parkplatz Ennsdorf’,152.88,0.0,2.0,26232.408315204048,26232.408315204048,30328.56812345904,30328.56812345904,1.0,2.0,2.0,800.0,800.0,547.6656940546733,547.6656940546733,20.622807165804716,20.622807165804716,0.0,0.0,0.0,0.0,0.0,0.0
A1,'Enns Süd',156.19,1.0,1.0,29648.737115098505,0.0,86236.6993060754,0.0,1.0,3.0,0.0,978.7159738731917,0.0,292.47284536282734,0.0,89.88716524431413,0.0,29648.737115098505,86236.6993060754,3.0,978.7159738731917,292.47284536282734,89.88716524431413
A1,'Enns Nord',156.79,0.0,1.0,29791.88732837659,29791.88732837659,22744.768825614865,22744.768825614865,0.0,0.0,0.0,0.0,0.0,20.622807165804716,20.622807165804716,225.32572659633848,225.32572659633848,0.0,0.0,0.0,0.0,0.0,0.0
A1,'Ansfelden Süd',170.93,1.0,0.0,46681.64620523784,0.0,108599.64670259466,0.0,1.0,2.0,0.0,800.0,0.0,89.88716524431413,0.0,267.28398556766604,0.0,46681.64620523784,108599.64670259466,2.0,800.0,89.88716524431413,267.28398556766604
A1,'Ansfelden Nord',171.01,0.0,0.0,48225.58896718505,48225.58896718505,137729.45647842763,137729.45647842763,1.0,4.0,4.0,1385.8965065028103,1385.8965065028103,225.32572659633848,225.32572659633848,78.99432839937666,78.99432839937666,0.0,0.0,0.0,0.0,0.0,0.0
A1,'Allhaming Süd',182.59,1.0,1.0,22273.0,0.0,132032.00498622254,0.0,1.0,3.0,0.0,1200.0,0.0,267.28398556766604,0.0,255.57203044366872,0.0,22273.0,132032.00498622254,3.0,1200.0,267.28398556766604,255.57203044366872
A1,'Allhaming Nord',182.6,0.0,1.0,22478.0,22478.0,52074.59618392183,52074.59618392183,0.0,0.0,0.0,0.0,0.0,78.99432839937666,78.99432839937666,547.665694054673,547.665694054673,0.0,0.0,0.0,0.0,0.0,0.0
A1,'Lindach Nord',212.26,0.0,0.0,24091.0,24091.0,143292.1869458095,143292.1869458095,1.0,5.0,5.0,1837.2953765669583,1837.2953765669583,547.665694054673,547.665694054673,1.7053025658242404e-13,1.7053025658242404e-13,0.0,0.0,0.0,0.0,0.0,0.0
A1,'Lindach Süd',212.27,1.0,0.0,24205.0,0.0,88500.71292866017,0.0,1.0,2.0,0.0,800.0,0.0,255.57203044366872,0.0,252.0784468016102,0.0,24205.0,88500.71292866017,2.0,800.0,255.57203044366872,252.0784468016102
A1,'Hainbach Süd',230.7,1.0,1.0,16641.0,0.0,43626.88664048988,0.0,0.0,0.0,0.0,0.0,0.0,252.0784468016102,0.0,644.7204265660191,0.0,16641.0,43626.88664048988,0.0,0.0,252.0784468016102,644.7204265660191
A1,'Hainbach Nord',230.72,0.0,1.0,15023.0,15023.0,55447.073726717535,55447.073726717535,0.0,0.0,0.0,0.0,0.0,1.7053025658242404e-13,1.7053025658242404e-13,499.02366354045796,499.02366354045796,0.0,0.0,0.0,0.0,0.0,0.0
A1,'Straß',243.67,1.0,1.0,16828.67483549712,0.0,52286.93331258195,0.0,1.0,2.0,0.0,800.0,0.0,644.7204265660191,0.0,315.3028263792566,0.0,16828.67483549712,52286.93331258195,2.0,800.0,644.7204265660191,315.3028263792566
A1,'Wildenhag Nord',243.76,0.0,2.0,17111.546808170722,17111.546808170722,44396.07377615938,44396.07377615938,1.0,2.0,2.0,800.0,800.0,499.02366354045796,499.02366354045796,98.58832752589234,98.58832752589234,0.0,0.0,0.0,0.0,0.0,0.0
A1,'Oberwang',251.03,0.0,1.0,15727.0,15727.0,23256.052200310536,23256.052200310536,0.0,0.0,0.0,0.0,0.0,98.58832752589234,98.58832752589234,307.89279732868715,307.89279732868715,0.0,0.0,0.0,0.0,0.0,0.0
A1,'Mondsee',259.23,2.0,0.0,31060.001681777,15727.000882328592,60471.650280389,25342.39533715945,0.0,0.0,0.0,0.0,0.0,623.1956237079437,307.89279732868715,1167.4404762314448,535.9743553631222,15333.000799448411,35129.25494322955,0.0,0.0,315.3028263792566,631.4661208683225
A1,‘Parkplatz Ölgraben’,268.98,0.0,2.0,18793.0,18793.0,36691.95858378413,36691.95858378413,1.0,2.0,2.0,800.0000000000002,800.0000000000002,535.9743553631222,535.9743553631222,66.20198261717906,66.20198261717906,0.0,0.0,0.0,0.0,0.0,0.0
A1,'Vetterbach',270.63,1.0,2.0,18111.0,0.0,24972.45872010481,0.0,1.0,2.0,0.0,753.7337076228748,0.0,631.4661208683225,0.0,102.48454172639099,0.0,18111.0,24972.45872010481,2.0,753.7337076228748,631.4661208683225,102.48454172639099
A1,'Enzersberg',274.82,0.0,2.0,21891.999995182963,21891.999995182963,25643.70256417291,25643.70256417291,0.0,0.0,0.0,0.0,0.0,66.20198261717906,66.20198261717906,296.9953056947352,296.9953056947352,0.0,0.0,0.0,0.0,0.0,0.0
A1,'Salzburger Vorland',277.55,1.0,2.0,21776.0,0.0,38740.09283187224,0.0,0.0,0.0,0.0,0.0,0.0,102.48454172639099,0.0,451.14537721324115,0.0,21776.0,38740.09283187224,-0.0,0.0,102.48454172639099,451.14537721324115
A1,'Söllheim',286.46,1.0,0.0,28864.537464121862,0.0,82339.63927517904,0.0,1.0,2.0,0.0,799.9999999999998,0.0,451.14537721324115,0.0,392.20213068985265,0.0,28864.537464121862,82339.63927517904,2.0,799.9999999999998,451.14537721324115,392.20213068985265
A1,'Kasern',287.89,0.0,0.0,38922.8495638266,38922.8495638266,101432.70404041585,101432.70404041585,1.0,3.0,3.0,1107.608269434871,1107.608269434871,296.9953056947352,296.9953056947352,102.28137262360673,102.28137262360673,0.0,0.0,0.0,0.0,0.0,0.0
A1,'Walserberg Süd',300.71,1.0,0.0,14880.00000000295,0.0,866.4299233497069,0.0,1.0,1.0,0.0,400.0,0.0,392.20213068985265,0.0,0.0,0.0,14880.00000000295,866.4299233497069,1.0,400.0,392.20213068985265,0.0
A1,'Walserberg Nord',300.73,0.0,0.0,12964.000000008587,12964.000000008587,33079.84748626592,33079.84748626592,1.0,1.0,1.0,400.0,400.0,102.28137262360673,102.28137262360673,0.0,0.0,0.0,0.0,0.0,0.0,0.0,0.0
A10,'Glanegg/West',4.28,0.0,2.0,30225.0,30225.0,10702.59495982983,10702.59495982983,0.0,0.0,-0.0,0.0,0.0,0.0,0.0,96.32335463846846,96.32335463846846,0.0,0.0,0.0,0.0,0.0,0.0
A10,'Untersberg/Ost',4.37,1.0,2.0,30061.0,0.0,79010.53992075186,0.0,1.0,1.0,0.0,400.0,0.0,0.0,0.0,311.0948592867667,0.0,30061.0,79010.53992075186,1.0,400.0,0.0,311.0948592867667
A10,'Bruderloch',17.53,1.0,2.0,24652.0,0.0,55144.78387577903,0.0,1.0,2.0,0.0,800.0,0.0,311.0948592867667,0.0,7.397914168777788,0.0,24652.0,55144.78387577903,2.0,800.0,311.0948592867667,7.397914168777788
A10,'Golling Ost',28.76,1.0,0.0,19647.00094772099,0.0,83619.98278708411,0.0,1.0,2.0,0.0,653.3599272549161,0.0,7.397914168777788,0.0,106.61783199761857,0.0,19647.00094772099,83619.98278708411,2.0,653.3599272549161,7.397914168777788,106.61783199761857
A10,'Golling West',28.82,0.0,0.0,19875.000668287423,19875.000668287423,97340.81805238585,97340.81805238585,1.0,2.0,2.0,800.0,800.0,96.32335463846846,96.32335463846846,172.39071710994097,172.39071710994097,0.0,0.0,0.0,0.0,0.0,0.0
A10,'Werfen',40.34,0.0,2.0,19354.0,19354.0,44743.31804657062,44743.31804657062,1.0,2.0,2.0,551.382900977124,551.382900977124,172.39071710994097,172.39071710994097,23.697678551952492,23.697678551952492,0.0,0.0,0.0,0.0,0.0,0.0
A10,'Klausgraben West’,50.01,0.0,2.0,16224.0,16224.0,31431.033067450226,31431.033067450226,0.0,0.0,0.0,0.0,0.0,23.697678551952492,23.697678551952492,306.5769761590045,306.5769761590045,0.0,0.0,0.0,0.0,0.0,0.0
A10,'Klausgraben Ost’,50.01,1.0,2.0,16076.0,0.0,29740.34522214243,0.0,0.0,0.0,0.0,0.0,0.0,106.61783199761857,0.0,374.28093899690043,0.0,16076.0,29740.34522214243,0.0,0.0,106.61783199761857,374.28093899690043
A10,'Eben Süd',59.21,2.0,0.0,31555.3674870556,15997.416619605658,63864.366982730906,73.98398827676816,1.0,3.0,1.0,1107.2428320534955,307.2428320534954,680.857915155905,306.5769761590045,148.39438594698765,0.0,15557.95086744994,63790.382994454136,2.0,800.0,374.28093899690043,148.39438594698765
A10,'Eben Nord',59.32,2.0,0.0,31554.16119307871,15997.1632592005,29667.927073449984,29595.979909721613,0.0,0.0,-0.0,0.0,0.0,148.39438594698765,0.0,415.40572960803695,266.36381918749396,15556.997933878209,71.94716372837226,-0.0,0.0,148.39438594698765,149.041910420543
A10,'Rohr',71.25,0.0,2.0,10976.0,10976.0,26372.39981658969,26372.39981658969,1.0,1.0,1.0,400.0,400.0,266.36381918749396,266.36381918749396,103.71541753680117,103.71541753680117,0.0,0.0,0.0,0.0,0.0,0.0
A10,'Tauernalm',79.79,2.0,0.0,21522.867721662667,10903.654559151322,62621.10903795498,18508.36211902574,0.0,1.0,-0.0,400.0,0.0,252.75732795734416,103.71541753680117,416.3473092989389,270.2906766080328,10619.213162511343,44112.74691892924,1.0,400.0,149.041910420543,146.0566326909061
A10,'Lungau',97.91,0.0,0.0,10877.0,10877.0,39524.43281357246,39524.43281357246,1.0,1.0,1.0,400.0,400.0,270.2906766080328,270.2906766080328,226.01057193018488,226.01057193018488,0.0,0.0,0.0,0.0,0.0,0.0
A10,'Lanschütz',100.6,1.0,1.0,10558.5,0.0,33491.70982869735,0.0,1.0,1.0,0.0,400.0,0.0,146.0566326909061,0.0,47.482021149182216,0.0,10558.5,33491.70982869735,1.0,400.0,146.0566326909061,47.482021149182216
A10,'Rennweg',112.45,0.0,2.0,6878.0,6878.0,19876.6578731468,19876.6578731468,1.0,1.0,1.0,400.0,400.0,226.01057193018488,226.01057193018488,4.900492788506057,4.900492788506057,0.0,0.0,0.0,0.0,0.0,0.0
A10,'Ried’,116.47,1.0,2.0,7303.0,0.0,13765.2894082998,0.0,0.0,0.0,0.0,0.0,0.0,47.482021149182216,0.0,171.3696258238804,0.0,7303.0,13765.2894082998,0.0,0.0,47.482021149182216,171.3696258238804
A10,'Eisentratten',125.92,2.0,0.0,14180.999999999998,6877.999999999999,41606.555089056084,18483.210735025867,0.0,0.0,-0.0,0.0,0.0,176.27011861238645,4.900492788506057,550.7291144138912,171.24938940373883,7302.999999999999,23123.34435403022,-0.0,0.0,171.3696258238804,379.4797250101524
A10,'Seeboden',141.72,1.0,2.0,14455.0,0.0,36156.364361422005,0.0,1.0,2.0,0.0,704.8870042629504,0.0,379.4797250101524,0.0,0.0,0.0,14455.0,36156.364361422005,2.0,704.8870042629504,379.4797250101524,0.0
A10,'Wolfsberg',142.25,0.0,2.0,14500.0,14500.0,47498.89492913899,47498.89492913899,1.0,1.0,1.0,326.87495703643805,326.87495703643805,171.24938940373883,171.24938940373883,271.8644867295517,271.8644867295517,0.0,0.0,0.0,0.0,0.0,0.0
A10,'Kamering',154.29,1.0,2.0,14749.703862513728,0.0,22698.628013917983,0.0,0.0,0.0,0.0,0.0,0.0,0.0,0.0,204.28765212526184,0.0,14749.703862513728,22698.628013917983,-0.0,0.0,0.0,204.28765212526184
A10,'Feistritz an der Drau',162.01,2.0,0.0,29679.0,14929.0,122093.03941770014,58681.72369671648,1.0,4.0,2.0,1574.9894936141147,800.0,476.15213885481353,271.8644867295517,0.0,0.0,14750.0,63411.31572098366,2.0,774.9894936141147,204.28765212526184,0.0
A11,'St. Niklas/Nord',2.11,1.0,2.0,7502.999999999997,0.0,10409.086151425912,0.0,0.0,0.0,0.0,0.0,0.0,0.0,0.0,93.6817753628332,0.0,7502.999999999997,10409.086151425912,-0.0,0.0,0.0,93.6817753628332
A11,'Rosegg',9.04,2.0,0.0,9108.5,4306.5,19444.03423128799,7806.040740767851,1.0,2.0,1.0,268.6780834444251,70.25436666691066,93.6817753628332,0.0,0.0,0.0,4802.0,11637.99349052014,1.0,198.42371677751447,93.6817753628332,0.0
A12,'Langkampfen Süd',9.32,1.0,2.0,11349.585916642443,0.0,27244.807627465096,0.0,0.0,0.0,0.0,0.0,0.0,0.0,0.0,245.20326864718584,0.0,11349.585916642443,27244.807627465096,-0.0,0.0,0.0,245.20326864718584
A12,'Angath Süd',14.1,2.0,0.0,39222.99999999994,19907.99999999997,56148.10872631689,56144.28825076325,1.0,1.0,1.0,400.0,400.0,245.20326864718584,0.0,350.53624718403785,105.29859425686925,19314.99999999997,3.820475553634762,0.0,0.0,245.20326864718584,245.2376529271686
A12,'Angath Nord',14.22,2.0,0.0,39222.99999999994,19907.99999999997,86003.9180407436,3.93776998818332,0.0,2.0,-0.0,800.0,0.0,350.53624718403785,105.29859425686925,324.5715095507302,105.33403418676289,19314.99999999997,85999.98027075542,2.0,800.0,245.2376529271686,219.2374753639673
A12,'Münster Nord',35.71,0.0,1.0,18334.0,18334.0,79565.35290639894,79565.35290639894,1.0,2.0,2.0,800.0,800.0,105.33403418676289,105.33403418676289,21.42221034435329,21.42221034435329,0.0,0.0,0.0,0.0,0.0,0.0
A12,'Münster Süd',36.25,1.0,1.0,18162.0,0.0,51027.0984567292,0.0,1.0,2.0,0.0,678.4813614745301,0.0,219.2374753639673,0.0,0.0,0.0,18162.0,51027.0984567292,2.0,678.4813614745301,219.2374753639673,0.0
A12,'Vomp',50.47,1.0,0.0,24431.999999991072,0.0,22234.356307397185,0.0,0.0,0.0,0.0,0.0,0.0,0.0,0.0,200.10920676657466,0.0,24431.999999991072,22234.356307397185,0.0,0.0,0.0,200.10920676657466
A12,'Weer',54.8,0.0,0.0,24110.000189607712,24110.000189607712,91922.39487971723,91922.39487971723,1.0,2.0,2.0,800.0,800.0,21.42221034435329,21.42221034435329,48.723764261808356,48.723764261808356,0.0,0.0,0.0,0.0,0.0,0.0
A12,'Weer Süd',55.0,1.0,1.0,24141.001987531265,0.0,44418.90300224888,0.0,1.0,1.0,0.0,400.0,0.0,200.10920676657466,0.0,199.87933378681456,0.0,24141.001987531265,44418.90300224888,1.0,400.0,200.10920676657466,199.87933378681456
A12,'Volders/Karlskirche',64.18,1.0,2.0,27543.0,0.0,89230.87375309618,0.0,1.0,2.0,0.0,800.0,0.0,199.87933378681456,0.0,202.95719756468011,0.0,27543.0,89230.87375309618,2.0,800.0,199.87933378681456,202.95719756468011
A12,'Hall in Tirol',66.28,0.0,2.0,28148.000000002427,28148.000000002427,63926.9286125208,63926.9286125208,1.0,1.0,1.0,328.28934050402876,328.28934050402876,48.723764261808356,48.723764261808356,295.77678127046676,295.77678127046676,0.0,0.0,0.0,0.0,0.0,0.0
A12,'Ampaß',72.07,0.0,0.0,35539.999996608014,35539.999996608014,42439.32195018204,42439.32195018204,1.0,1.0,1.0,400.0,400.0,295.77678127046676,295.77678127046676,277.7306788221051,277.7306788221051,0.0,0.0,0.0,0.0,0.0,0.0
A12,'Sieglanger',80.39,1.0,2.0,31124.793431490507,0.0,96002.72792907088,0.0,1.0,3.0,0.0,1066.981748926318,0.0,202.95719756468011,0.0,0.0,0.0,31124.793431490507,96002.72792907088,3.0,1066.981748926318,202.95719756468011,0.0
A12,'Kematen',86.01,0.0,2.0,27475.052704552163,27475.052704552163,75774.45683256471,75774.45683256471,1.0,2.0,2.0,800.0,800.0,277.7306788221051,277.7306788221051,159.70079031518748,159.70079031518748,0.0,0.0,0.0,0.0,0.0,0.0
A12,'Zirl-Inzing',91.77,0.0,1.0,20799.0,20799.0,24661.258850671245,24661.258850671245,0.0,0.0,-0.0,0.0,0.0,159.70079031518748,159.70079031518748,381.6521199712287,381.6521199712287,0.0,0.0,0.0,0.0,0.0,0.0
A12,'Pettnau',95.81,2.0,0.0,37922.0,18889.0,43167.59505459553,14638.245573299051,1.0,2.0,1.0,494.02128746170143,323.67747175243403,381.6521199712287,381.6521199712287,276.139188000887,189.71885837848612,19033.0,28529.34948129648,1.0,170.3438157092674,0.0,86.42032962240086
A12,'Telfs Süd',103.3,1.0,2.0,13364.77793940206,0.0,40593.43969968221,0.0,1.0,1.0,0.0,400.0,0.0,86.42032962240086,0.0,51.76128691954074,0.0,13364.77793940206,40593.43969968221,1.0,400.0,86.42032962240086,51.76128691954074
A12,'Telfs Nord',103.33,0.0,2.0,14213.46393941228,14213.46393941228,21325.917954749177,21325.917954749177,0.0,0.0,-0.0,0.0,0.0,189.71885837848612,189.71885837848612,381.6521199712287,381.6521199712287,0.0,0.0,0.0,0.0,0.0,0.0
A12,'Haiming Süd',118.5,1.0,2.0,10702.0,0.0,32071.449465739544,0.0,0.0,0.0,0.0,0.0,0.0,51.76128691954074,0.0,340.4043321111966,0.0,10702.0,32071.449465739544,0.0,0.0,51.76128691954074,340.4043321111966
A12,'Imst Süd',133.49,1.0,2.0,9240.0,0.0,3679.211043329945,0.0,0.0,0.0,0.0,0.0,0.0,340.4043321111966,0.0,373.51723150116607,0.0,9240.0,3679.211043329945,0.0,0.0,340.4043321111966,373.51723150116607
A12,'Imst Nord',133.84,0.0,2.0,10262.0,10262.0,62601.679390679135,62601.679390679135,1.0,2.0,2.0,709.5107473695102,709.5107473695102,381.6521199712287,381.6521199712287,235.55648711783067,235.55648711783067,0.0,0.0,0.0,0.0,0.0,0.0
A12,'Mils',135.51,2.0,0.0,19502.000000000833,10262.00000000003,21880.454342200468,3391.5819084364844,0.0,2.0,0.0,539.9170834050419,0.0,609.0737186189967,235.55648711783067,266.08072429375903,266.08072429375903,9240.000000000804,18488.872433763983,2.0,539.9170834050419,373.51723150116607,0.0
A12,'Kronburg Zams',142.7,0.0,2.0,10312.0,10312.0,14879.919522915665,14879.919522915665,1.0,1.0,1.0,400.0,400.0,266.08072429375903,266.08072429375903,0.0,0.0,0.0,0.0,0.0,0.0,0.0,0.0
A13,'Patsch',6.24,0.0,2.0,21023.0,21023.0,26094.725326847616,26094.725326847616,1.0,1.0,1.0,234.85252794162852,234.85252794162852,0.0,0.0,0.0,0.0,0.0,0.0,0.0,0.0,0.0,0.0
A13,'Europabrücke',8.27,2.0,0.0,41638.0,21023.0,32388.526624106256,8452.295186301024,0.0,1.0,0.0,206.90939136193072,0.0,0.0,0.0,84.58734825502555,76.07065667670918,20615.0,23936.231437805232,1.0,206.90939136193072,0.0,8.516691578316369
A13,'Gschleirs',14.05,1.0,2.0,14822.0,0.0,8546.704281737584,0.0,0.0,0.0,0.0,0.0,0.0,8.516691578316369,0.0,85.43703011395462,0.0,14822.0,8546.704281737584,0.0,0.0,8.516691578316369,85.43703011395462
A13,'Matrei West',16.79,0.0,0.0,15161.0,15161.0,25846.426928735076,25846.426928735076,1.0,1.0,1.0,308.68849903532487,308.68849903532487,76.07065667670918,76.07065667670918,0.0,0.0,0.0,0.0,0.0,0.0,0.0,0.0
A13,'Matrei Ost',16.95,2.0,0.0,29983.0,15161.0,16734.882296516167,499.30355502003806,0.0,1.0,0.0,231.55723878741978,0.0,85.43703011395462,0.0,4.493731995180342,4.493731995180342,14822.0,16235.578741496129,1.0,231.55723878741978,85.43703011395462,0.0
A13,'Wipptalerhof Ost',22.41,1.0,2.0,10896.000000000471,0.0,2559.258804024997,0.0,0.0,0.0,0.0,0.0,0.0,0.0,0.0,23.033329236224972,0.0,10896.000000000471,2559.258804024997,-0.0,0.0,0.0,23.033329236224972
A13,'Wipptalerhof West',22.56,0.0,2.0,11615.000000000608,11615.000000000608,13021.650439480618,13021.650439480618,1.0,1.0,1.0,121.6885859505059,121.6885859505059,4.493731995180342,4.493731995180342,0.0,0.0,0.0,0.0,0.0,0.0,0.0,0.0
A13,'Plon',23.61,1.0,2.0,10896.000000525348,0.0,9061.729580812602,0.0,1.0,1.0,0.0,104.58889546353838,0.0,23.033329236224972,0.0,0.0,0.0,10896.000000525348,9061.729580812602,1.0,104.58889546353838,23.033329236224972,0.0
A13,'Nößlach',26.91,2.0,1.0,23614.71960011509,12027.916375220364,15947.459093046333,12518.668085194196,1.0,1.0,1.0,59.18199261629108,59.18199261629108,0.0,0.0,84.34513922112588,53.48602015045668,11586.803224894727,3428.7910078521363,-0.0,0.0,0.0,30.859119070669195
A13,'Gries Ost',29.15,1.0,0.0,11601.99774413572,0.0,11387.01827145676,0.0,1.0,1.0,0.0,133.34228351378005,0.0,30.859119070669195,0.0,0.0,0.0,11601.99774413572,11387.01827145676,1.0,133.34228351378005,30.859119070669195,0.0
A13,'Gries West',29.54,0.0,0.0,12036.99974796117,12036.99974796117,4238.013247571624,4238.013247571624,0.0,0.0,-0.0,0.0,0.0,53.48602015045668,53.48602015045668,91.62813937860129,91.62813937860129,0.0,0.0,0.0,0.0,0.0,0.0
A13,'Brennersee - Fröhlich',32.6,0.0,2.0,12036.999999999998,12036.999999999998,7411.89807862851,7411.89807862851,1.0,1.0,1.0,84.67484742759025,84.67484742759025,91.62813937860129,91.62813937860129,73.66037465866762,73.66037465866762,0.0,0.0,0.0,0.0,0.0,0.0
A13,'Brennersee',33.44,0.0,0.0,12037.0,12037.0,1996.4183022148509,1996.4183022148509,0.0,0.0,-0.0,0.0,0.0,73.66037465866762,73.66037465866762,91.62813937860128,91.62813937860128,0.0,0.0,0.0,0.0,0.0,0.0
A13,'Brennerpaß',34.16,2.0,0.0,23639.0,12037.0,2518.3592467820863,1729.6446040078497,1.0,2.0,1.0,114.29337259964005,107.19494081467192,91.62813937860128,91.62813937860128,0.0,0.0,11602.0,788.7146427742366,1.0,7.098431784968129,0.0,0.0
A14,'Hörbranz’,0.0,2.0,1.0,11914.47538487758,11914.47538487758,580.5002038524873,580.5002038524873,0.0,0.0,-0.0,0.0,0.0,0.0,0.0,5.2245018346723855,5.2245018346723855,0.0,0.0,0.0,0.0,0.0,0.0
A14,'Dornbirn West',15.07,1.0,2.0,22722.01674582917,0.0,41625.83313129372,0.0,1.0,1.0,0.0,374.6324981816435,0.0,0.0,0.0,0.0,0.0,22722.01674582917,41625.83313129372,1.0,374.6324981816435,0.0,0.0
A14,'Dornbirn Ost',15.27,0.0,2.0,22911.03673497288,22911.03673497288,67389.02531710501,67389.02531710501,1.0,1.0,1.0,400.0,400.0,5.2245018346723855,5.2245018346723855,211.72572968861755,211.72572968861755,0.0,0.0,0.0,0.0,0.0,0.0
A14,'Hohenems',24.48,2.0,0.0,53333.40958305029,26852.092271153047,99887.79432069242,50177.24661686807,1.0,3.0,2.0,949.4936439922055,549.4936439922055,211.72572968861755,211.72572968861755,161.22223458264386,113.8273052482246,26481.317311897245,49710.54770382436,1.0,400.0,0.0,47.39492933441926
A14,'Rankweil West',33.46,0.0,2.0,22794.137882745563,22794.137882745563,41099.967515634846,41099.967515634846,1.0,1.0,1.0,399.99999999999994,399.99999999999994,113.8273052482246,113.8273052482246,83.72701288893825,83.72701288893825,0.0,0.0,0.0,0.0,0.0,0.0
A14,'Rankweil Ost',33.82,1.0,2.0,21949.829570058195,0.0,56639.54196425326,0.0,1.0,2.0,0.0,557.1508070126986,0.0,47.39492933441926,0.0,0.0,0.0,21949.829570058195,56639.54196425326,2.0,557.1508070126986,47.39492933441926,0.0
A14,'Schlins West',46.72,0.0,2.0,13115.0,13115.0,35141.4430123402,35141.4430123402,1.0,1.0,1.0,400.0,400.0,83.72701288893825,83.72701288893825,0.0,0.0,0.0,0.0,0.0,0.0,0.0,0.0
A14,'Schlins Ost',46.85,1.0,2.0,13492.000000000002,0.0,22886.809608579704,0.0,0.0,0.0,0.0,0.0,0.0,0.0,0.0,205.98128647721714,0.0,13492.000000000002,22886.809608579704,-0.0,0.0,0.0,205.98128647721714
A14,'Nüziders',55.2,1.0,2.0,13282.144454187755,0.0,16978.23001179592,0.0,1.0,1.0,0.0,358.7853565833804,0.0,205.98128647721714,0.0,0.0,0.0,13282.144454187755,16978.23001179592,1.0,358.7853565833804,205.98128647721714,0.0
A2,'Guntramsdorf',14.43,2.0,0.0,106539.0608322543,54671.885978190505,341487.5079237672,158457.9372379927,1.0,7.0,3.0,2800.0,1200.0,0.0,0.0,273.38757131390435,226.12143514193417,51867.17485406379,183029.57068577447,4.0,1600.0,0.0,47.266136171970174
A2,'Triestingtal',32.08,0.0,1.0,40445.0,40445.0,143069.6923848394,143069.6923848394,1.0,4.0,4.0,1452.8190136098287,1452.8190136098287,226.12143514193417,226.12143514193417,60.929652995660035,60.929652995660035,0.0,0.0,0.0,0.0,0.0,0.0
A2,'Leobersdorf',32.08,1.0,1.0,39540.0,0.0,56942.74699600472,0.0,1.0,1.0,0.0,400.0,0.0,47.266136171970174,0.0,159.75085913601242,0.0,39540.0,56942.74699600472,1.0,400.0,47.266136171970174,159.75085913601242
A2,'Föhrenberg',39.31,1.0,0.0,39539.98215618593,0.0,93778.97588690832,0.0,1.0,2.0,0.0,800.0,0.0,159.75085913601242,0.0,203.76164211818718,0.0,39539.98215618593,93778.97588690832,2.0,800.0,159.75085913601242,203.76164211818718
A2,'Bad Fischau',40.93,0.0,0.0,37535.00000001001,37535.00000001001,66634.96786186735,66634.96786186735,1.0,1.0,1.0,399.9999999999991,399.9999999999991,60.929652995660035,60.929652995660035,260.64436375246703,260.64436375246703,0.0,0.0,0.0,0.0,0.0,0.0
A2,'Steinfeld',50.35,0.0,1.0,32434.00031526797,32434.00031526797,59928.40402750363,59928.40402750363,1.0,2.0,2.0,799.9999999999997,799.9999999999997,260.64436375246703,260.64436375246703,0.0,0.0,0.0,0.0,0.0,0.0,0.0,0.0
A2,'Wr. Neustadt',51.18,1.0,1.0,31158.00000000052,0.0,64946.24580860265,0.0,1.0,1.0,0.0,400.0,0.0,203.76164211818718,0.0,388.27785439561103,0.0,31158.00000000052,64946.24580860265,1.0,400.0,203.76164211818718,388.27785439561103
A2,'Witzelsberg',60.84,0.0,2.0,21168.0000351488,21168.0000351488,44783.30498303353,44783.30498303353,0.0,0.0,0.0,0.0,0.0,0.0,0.0,403.0497448473017,403.0497448473017,0.0,0.0,0.0,0.0,0.0,0.0
A2,'Gleissenfeld',61.52,1.0,2.0,18726.0,0.0,64345.96758390275,0.0,1.0,2.0,0.0,800.0,0.0,388.27785439561103,0.0,167.39156265073575,0.0,18726.0,64345.96758390275,2.0,800.0,388.27785439561103,167.39156265073575
A2,'Zöbern',78.76,2.0,0.0,34076.0,17853.0,89918.35315876387,64008.58622397808,1.0,3.0,2.0,1134.7590029759142,800.0000000000001,570.4413074980375,403.0497448473017,244.94748295099794,179.1270208631043,16223.0,25909.766934785785,1.0,334.75900297591414,167.39156265073575,65.82046208789363
A2,'Schäffern Ost',86.7,1.0,1.0,16223.0,0.0,36516.98737256819,0.0,0.0,0.0,0.0,4.604316927725449e-12,0.0,65.82046208789363,0.0,394.4733484410027,0.0,16223.0,36516.98737256819,-0.0,4.604316927725449e-12,65.82046208789363,394.4733484410027
A2,'Pinkafeld/Ost',97.98,1.0,2.0,14325.0,0.0,21727.470606482195,0.0,1.0,1.0,0.0,400.0,0.0,394.4733484410027,0.0,190.02058389934245,0.0,14325.0,21727.470606482195,1.0,400.0,394.4733484410027,190.02058389934245
A2,'Pinkafeld/West',98.0,0.0,2.0,15628.999999999998,15628.999999999998,60166.60979667192,60166.60979667192,1.0,2.0,2.0,720.6265090331515,720.6265090331515,179.1270208631043,179.1270208631043,-2.842170943040401e-14,-2.842170943040401e-14,0.0,0.0,0.0,0.0,0.0,0.0
A2,'Loipersdorf',105.5,2.0,0.0,27899.0,14612.0,41927.32661100383,22138.85235466905,0.0,0.0,0.0,0.0,0.0,190.02058389934243,-2.842170943040401e-14,567.3665233983769,199.2496711920214,13287.0,19788.474256334783,0.0,0.0,190.02058389934245,368.1168522063555
A2,'St. Johann/Süd',113.05,1.0,2.0,13287.000477266132,0.0,55839.64905204145,0.0,1.0,2.0,0.0,800.0,0.0,368.1168522063555,0.0,70.6736936747285,0.0,13287.000477266132,55839.64905204145,2.0,800.0,368.1168522063555,70.6736936747285
A2,'St. Johann/Nord',113.24,0.0,2.0,14612.067329295864,14612.067329295864,22243.9351941791,22243.9351941791,0.0,0.0,0.0,0.0,0.0,199.2496711920214,199.2496711920214,399.44508793963325,399.44508793963325,0.0,0.0,0.0,0.0,0.0,0.0
A2,'Hainersdorf',133.87,0.0,1.0,16034.999999999998,16034.999999999998,66144.33253637272,66144.33253637272,1.0,2.0,2.0,800.0,800.0,399.44508793963325,399.44508793963325,194.74408076698774,194.74408076698774,0.0,0.0,0.0,0.0,0.0,0.0
A2,'Bad Blumau',134.06,1.0,1.0,14879.0,0.0,39913.51522050923,0.0,0.0,0.0,0.0,0.0,0.0,70.6736936747285,0.0,429.8953306593115,0.0,14879.0,39913.51522050923,-0.0,0.0,70.6736936747285,429.8953306593115
A2,'Ilztal/Nord ',147.5,1.0,2.0,16946.156088329964,0.0,22142.86453298605,0.0,1.0,1.0,0.0,400.0,0.0,429.8953306593115,0.0,229.18111145618593,0.0,16946.156088329964,22142.86453298605,1.0,400.0,429.8953306593115,229.18111145618593
A2,'Arnwiesen',154.1,2.0,0.0,36495.0010822289,19529.0004964994,135214.80430038154,78775.931104602,1.0,3.0,2.0,1200.0,800.0,423.92519222317367,194.74408076698774,440.85843092660747,103.72746070840572,16966.000585729496,56438.87319577954,1.0,400.0,229.18111145618593,337.13097021820175
A2,'Laßnitzhöhe Nord',170.16,0.0,1.0,27470.0,27470.0,89210.41764080411,89210.41764080411,1.0,2.0,2.0,519.0461803455787,519.0461803455787,103.72746070840572,103.72746070840572,387.575039130064,387.575039130064,0.0,0.0,0.0,0.0,0.0,0.0
A2,'Laßnitzhöhe Süd',170.65,1.0,1.0,29743.0,0.0,119872.94775894134,0.0,1.0,3.0,0.0,1200.0,0.0,337.13097021820175,0.0,215.98750004867378,0.0,29743.0,119872.94775894134,3.0,1200.0,337.13097021820175,215.98750004867378
A2,'Kaiserwald',190.77,2.0,0.0,42649.00410506857,21967.00248080555,212311.14271654858,90269.44009665956,1.0,6.0,3.0,2400.0,1200.0,603.5625391787378,387.575039130064,114.36282362767514,0.0,20682.001624263023,122041.70261988904,3.0,1200.0,215.98750004867378,114.36282362767514
A2,'Herzogberg Nord',220.13,0.0,1.0,8807.00000002098,8807.00000002098,51848.951152018446,51848.951152018446,0.0,0.0,0.0,0.0,0.0,0.0,0.0,466.640560368166,466.640560368166,0.0,0.0,0.0,0.0,0.0,0.0
A2,'Herzogberg Süd',220.19,1.0,1.0,8120.999999999229,0.0,24362.120249568077,0.0,0.0,0.0,0.0,0.0,0.0,114.36282362767514,0.0,333.6219058737878,0.0,8120.999999999229,24362.120249568077,0.0,0.0,114.36282362767514,333.6219058737878
A2,'Pack',235.21,2.0,0.0,16928.0,8807.0,38160.3171582835,26540.01416042541,1.0,2.0,1.0,800.0,400.00000000000006,800.2624662419538,466.640560368166,343.70532066650526,305.5006878119946,8120.999999999999,11620.302997858087,1.0,400.0,333.6219058737878,38.204632854510635
A2,'Twimberg Süd',242.34,1.0,2.0,9189.0,0.0,32127.24787077568,0.0,0.0,0.0,0.0,0.0,0.0,38.204632854510635,0.0,327.34986369149175,0.0,9189.0,32127.24787077568,0.0,0.0,38.204632854510635,327.34986369149175
A2,'Twimberg Nord',242.44,0.0,2.0,8465.0,8465.0,12179.507200753324,12179.507200753324,0.0,0.0,0.0,0.0,0.0,305.5006878119946,305.5006878119946,415.1162526187745,415.1162526187745,0.0,0.0,0.0,0.0,0.0,0.0
A2,'Fischering',259.85,1.0,2.0,10919.0,0.0,19551.337675387487,0.0,1.0,1.0,0.0,400.0,0.0,327.34986369149175,0.0,103.3119027699791,0.0,10919.0,19551.337675387487,1.0,400.0,327.34986369149175,103.3119027699791
A2,'St. Ändra',262.91,0.0,2.0,11358.00000168869,11358.00000168869,46444.591455370966,46444.591455370966,1.0,2.0,2.0,800.0,800.0,415.1162526187745,415.1162526187745,33.11757571711314,33.11757571711314,0.0,0.0,0.0,0.0,0.0,0.0
A2,'Gönitz/Süd',268.86,1.0,2.0,11607.0,0.0,37377.39333079138,0.0,0.0,0.0,0.0,0.0,0.0,103.3119027699791,0.0,439.7084427471015,0.0,11607.0,37377.39333079138,0.0,0.0,103.3119027699791,439.7084427471015
A2,'Gönitz/Nord',268.89,0.0,2.0,12420.0,12420.0,14890.993721836305,14890.993721836305,0.0,0.0,0.0,0.0,0.0,33.11757571711314,33.11757571711314,167.13651921363987,167.13651921363987,0.0,0.0,0.0,0.0,0.0,0.0
A2,'Haimburg Nord',279.17,0.0,2.0,10779.0,10779.0,21954.76010391007,21954.76010391007,0.0,0.0,0.0,0.0,0.0,167.13651921363987,167.13651921363987,364.7293601488305,364.7293601488305,0.0,0.0,0.0,0.0,0.0,0.0
A2,'Völkermarkt',285.09,2.0,0.0,21133.0,10779.0,43435.933157851614,12657.478100764496,1.0,2.0,1.0,800.0,400.0,804.437802895932,364.7293601488305,395.36120131659663,78.64666305571097,10354.0,30778.45505708712,1.0,399.99999999999994,439.7084427471015,316.71453826088566
A2,'Grafenstein Süd',300.0,1.0,1.0,13587.999999999998,0.0,64499.09491933518,0.0,1.0,2.0,0.0,800.0,0.0,316.71453826088566,0.0,97.20639253490219,0.0,13587.999999999998,64499.09491933518,2.0,800.0,316.71453826088566,97.20639253490219
A2,'Grafenstein Nord',300.0,0.0,1.0,13362.0,13362.0,39644.441582321415,39644.441582321415,0.0,0.0,0.0,0.0,0.0,78.64666305571097,78.64666305571097,435.4466372966037,435.4466372966037,0.0,0.0,0.0,0.0,0.0,0.0
A2,'Krumpendorf/Nord',329.28,0.0,2.0,19027.00404912327,19027.00404912327,72939.3212153292,72939.3212153292,1.0,3.0,3.0,1071.1360353236864,1071.1360353236864,435.4466372966037,435.4466372966037,20.764492910879937,20.764492910879937,0.0,0.0,0.0,0.0,0.0,0.0
A2,'Karawankenblick/Süd',333.84,1.0,2.0,19384.999372588507,0.0,24175.820186266053,0.0,0.0,0.0,0.0,0.0,0.0,97.20639253490219,0.0,314.78877421129664,0.0,19384.999372588507,24175.820186266053,-0.0,0.0,97.20639253490219,314.78877421129664
A2,'Wörthersee',340.13,2.0,0.0,38076.99999701492,19452.999998289542,75344.61920701242,42137.27856545779,1.0,2.0,1.0,777.0773939429253,400.0,335.5532671221766,20.764492910879937,236.5774460423632,0.0,18623.999998725383,33207.340641554634,1.0,377.0773939429252,314.78877421129664,236.5774460423632
A2,'Sternberg/Süd',349.01,1.0,2.0,19615.999955893047,0.0,0.0,0.0,0.0,0.0,0.0,0.0,0.0,236.5774460423632,0.0,236.5774460423632,0.0,19615.999955893047,0.0,0.0,0.0,236.5774460423632,236.5774460423632
A2,'Sternberg/Nord',349.03,0.0,2.0,17176.999989573145,17176.999989573145,30590.1422357276,30590.1422357276,0.0,0.0,-0.0,0.0,0.0,0.0,0.0,275.31128012154835,275.31128012154835,0.0,0.0,0.0,0.0,0.0,0.0
A2,'Federaun/Nord',361.73,0.0,2.0,16516.999999999996,16516.999999999996,41902.47823736397,41902.47823736397,1.0,1.0,1.0,184.76229701251168,184.76229701251168,275.31128012154835,275.31128012154835,467.6712872453123,467.6712872453123,0.0,0.0,0.0,0.0,0.0,0.0
A2,'Federaun/Süd',362.78,1.0,2.0,14962.999999991674,0.0,53969.28273959152,0.0,1.0,1.0,0.0,400.0,0.0,236.5774460423632,0.0,322.30099069868686,0.0,14962.999999991674,53969.28273959152,1.0,400.0,236.5774460423632,322.30099069868686
A2,'Dreiländereck Süd',374.17,2.0,0.0,29010.99995582863,9394.99999993558,73068.57514847351,23346.56263789885,1.0,2.0,1.0,678.7347202986728,278.73472029867276,789.9722779439992,467.6712872453123,768.854733981588,399.0556306877292,19615.999955893047,49722.012510574656,1.0,400.0,322.30099069868686,369.7991032938587
A2,'Dreiländereck Nord',374.27,2.0,0.0,24357.99999982947,9394.999999829468,3460.5851131569007,104.92992358564643,1.0,2.0,1.0,800.0,400.0,768.854733981588,399.0556306877292,0.0,0.0,14963.000000000002,3355.655189571254,1.0,400.0,369.7991032938587,0.0
A21,'Alland',14.68,2.0,0.0,40163.5,20093.0,103417.58750904436,49420.33889377227,1.0,2.0,1.0,800.0,400.0,0.0,0.0,130.75828758139914,44.783050043950425,20070.5,53997.24861527208,1.0,400.0,0.0,85.97523753744872
A21,'Dornbach',19.96,1.0,2.0,19174.48344498892,0.0,20444.35624155757,0.0,0.0,0.0,0.0,0.0,0.0,85.97523753744872,0.0,269.97444371146685,0.0,19174.48344498892,20444.35624155757,0.0,0.0,85.97523753744872,269.97444371146685
A21,'Hinterbrühl',26.99,0.0,1.0,19730.962284466663,19730.962284466663,44502.271823291965,44502.271823291965,1.0,2.0,2.0,445.3034964535781,445.3034964535781,44.783050043950425,44.783050043950425,0.0,0.0,0.0,0.0,0.0,0.0,0.0,0.0
A21,'Sparbach',26.99,1.0,2.0,19671.37785407049,0.0,27694.943399277778,0.0,1.0,2.0,0.0,519.2289343049669,0.0,269.97444371146685,0.0,0.0,0.0,19671.37785407049,27694.943399277778,2.0,519.2289343049669,269.97444371146685,0.0
A22,'Korneuburg West',18.04,1.0,0.0,32131.000000493023,0.0,63932.21893438356,0.0,1.0,1.0,0.0,400.0,0.0,0.0,0.0,175.38997040945208,0.0,32131.000000493023,63932.21893438356,1.0,400.0,0.0,175.38997040945208
A22,'Korneuburg Ost',18.12,0.0,0.0,32321.000000000007,32321.000000000007,116866.4197787237,116866.4197787237,1.0,3.0,3.0,1051.7977780085132,1051.7977780085132,0.0,0.0,0.0,0.0,0.0,0.0,0.0,0.0,0.0,0.0
A22,'Stockerau',28.09,1.0,0.0,30190.007584098337,0.0,9009.757712564318,0.0,1.0,1.0,0.0,256.47778982253095,0.0,175.38997040945208,0.0,0.0,0.0,30190.007584098337,9009.757712564318,1.0,256.47778982253095,175.38997040945208,0.0
A25,'Pucking',5.97,0.0,1.0,21620.0,21620.0,25350.64141680889,25350.64141680889,0.0,0.0,-0.0,0.0,0.0,0.0,0.0,228.15577275127998,228.15577275127998,0.0,0.0,0.0,0.0,0.0,0.0
A25,'Sinnersdorf/Süd',6.11,1.0,2.0,21271.0,0.0,28981.93257809412,0.0,0.0,0.0,0.0,0.0,0.0,0.0,0.0,260.83739320284707,0.0,21271.0,28981.93257809412,-0.0,0.0,0.0,260.83739320284707
A25,'Wels',13.06,2.0,0.0,49975.503210327646,25078.48219887029,71240.92245977157,35488.490093098524,1.0,4.0,2.0,1130.1614680920711,547.5521835891667,488.99316595412705,228.15577275127998,0.0,0.0,24897.02101145736,35752.43236667305,2.0,582.6092845029045,260.83739320284707,0.0
A3,'Hornstein',28.0,2.0,0.0,35088.0,17427.0,114520.76259901357,66852.17460927166,1.0,4.0,2.0,1030.686863391122,601.6695714834449,0.0,0.0,0.0,0.0,17661.0,47668.58798974191,2.0,429.01729190767713,0.0,0.0
A4,'Simmering',2.45,0.0,0.0,35371.78969176939,35371.78969176939,22257.83857434953,22257.83857434953,0.0,0.0,-0.0,0.0,0.0,0.0,0.0,200.32054716914575,200.32054716914575,0.0,0.0,0.0,0.0,0.0,0.0
A4,'Fischamend',22.33,0.0,1.0,28227.0,28227.0,112756.86408974236,112756.86408974236,1.0,3.0,3.0,958.8817233423605,958.8817233423605,200.32054716914575,200.32054716914575,256.25060063446654,256.25060063446654,0.0,0.0,0.0,0.0,0.0,0.0
A4,'Maria Ellend',22.48,1.0,1.0,27990.0,0.0,32591.644875563223,0.0,0.0,0.0,0.0,0.0,0.0,0.0,0.0,293.324803880069,0.0,27990.0,32591.644875563223,-0.0,0.0,0.0,293.324803880069
A4,'Göttlesbrunn',28.04,2.0,0.0,47550.0,24272.0,112197.1085476203,28046.547072865586,0.0,3.0,-0.0,932.6616773249085,0.0,549.5754045145355,256.25060063446654,626.6877041182097,508.6695242902568,23278.0,84150.56147475471,3.0,932.6616773249085,293.324803880069,118.01817982795285
A4,'Parndorf',46.23,1.0,2.0,19928.0,0.0,74634.97330866668,0.0,1.0,1.0,0.0,400.0,0.0,118.01817982795285,0.0,389.732939605953,0.0,19928.0,74634.97330866668,1.0,400.0,118.01817982795285,389.732939605953
A4,'Neusiedl',47.01,0.0,2.0,21837.0,21837.0,82260.78440998313,82260.78440998313,1.0,3.0,3.0,1184.4658981089235,1184.4658981089235,508.6695242902568,508.6695242902568,64.55068587118137,64.55068587118137,0.0,0.0,0.0,0.0,0.0,0.0
A4,'Nickelsdorf Süd',64.65,0.0,0.0,10545.000205483248,10545.000205483248,37272.146014313184,37272.146014313184,1.0,1.0,1.0,400.0,400.0,64.55068587118137,64.55068587118137,0.0,0.0,0.0,0.0,0.0,0.0,0.0,0.0
A4,'Nickelsdorf Nord',64.97,1.0,0.0,7158.000028017371,0.0,1140.7844882274428,0.0,1.0,1.0,0.0,400.0,0.0,389.732939605953,0.0,0.0,0.0,7158.000028017371,1140.7844882274428,1.0,400.0,389.732939605953,0.0
A5,'Hochleithen',10.63,2.0,0.0,35611.2,17306.5,171050.44466718304,34873.96904422976,1.0,5.0,1.0,1539.4540020046472,313.8657213980678,0.0,0.0,0.0,0.0,18304.7,136176.4756229533,4.0,1225.5882806065795,0.0,0.0
A6,'Potzneusiedl',10.8,2.0,0.0,15204.999999970727,7325.999999986983,33671.23460537669,15733.539261383205,1.0,2.0,1.0,303.0411114483902,141.60185335244884,0.0,0.0,0.0,0.0,7878.999999983744,17937.695343993484,1.0,161.43925809594134,0.0,0.0
A7,'Engerwitzdorf',25.71,1.0,1.0,19344.0,0.0,4050.242286953621,0.0,1.0,1.0,0.0,36.452180582582585,0.0,0.0,0.0,0.0,0.0,19344.0,4050.242286953621,1.0,36.452180582582585,0.0,0.0
A7,'Denk',25.76,0.0,1.0,18851.0,18851.0,97075.89483825683,97075.89483825683,1.0,3.0,3.0,873.6830535443114,873.6830535443114,0.0,0.0,0.0,0.0,0.0,0.0,0.0,0.0,0.0,0.0
A8,'Voralpenkreuz',0.17,2.0,0.0,20453.0,10081.0,35002.97696040159,882.1776563040131,0.0,1.0,-0.0,307.0871937368782,0.0,0.0,0.0,7.9395989067361175,7.9395989067361175,10372.0,34120.79930409758,1.0,307.0871937368782,0.0,0.0
A8,'Oberham/Süd',16.76,1.0,2.0,24053.99876684948,0.0,18977.635739131696,0.0,0.0,0.0,0.0,0.0,0.0,0.0,0.0,170.7987216521853,0.0,24053.99876684948,18977.635739131696,0.0,0.0,0.0,170.7987216521853
A8,'Oberham/Nord',18.32,0.0,2.0,21938.95947401208,21938.95947401208,79070.52120426737,79070.52120426737,1.0,2.0,2.0,667.4006849869014,667.4006849869014,7.9395989067361175,7.9395989067361175,52.173604758241055,52.173604758241055,0.0,0.0,0.0,0.0,0.0,0.0
A8,'Schnittering/Süd',20.68,1.0,2.0,17695.568077309275,0.0,46433.72435952304,0.0,1.0,1.0,0.0,369.9304337440458,0.0,170.7987216521853,0.0,218.77180714384684,0.0,17695.568077309275,46433.72435952304,1.0,369.9304337440458,170.7987216521853,218.77180714384684
A8,'Kematen/Nord',24.85,0.0,2.0,16374.0,16374.0,21401.04458132792,21401.04458132792,0.0,0.0,0.0,0.0,0.0,52.173604758241055,52.173604758241055,244.7830059901923,244.7830059901923,0.0,0.0,0.0,0.0,0.0,0.0
A8,'Aistersheim',33.81,2.0,0.0,30956.0,14979.0,60874.30024176926,26835.862190523447,1.0,3.0,2.0,789.6803430947755,483.3344006335632,463.55481313403914,244.7830059901923,221.74317221518697,2.9713650713401316,15977.0,34038.438051245816,1.0,306.3459424612123,218.77180714384684,218.77180714384684
A8,'Gotthaming',43.74,0.0,2.0,13574.002126406618,13574.002126406618,26867.96010209468,26867.96010209468,0.0,0.0,0.0,0.0,0.0,2.9713650713401316,2.9713650713401316,244.78300599019224,244.78300599019224,0.0,0.0,0.0,0.0,0.0,0.0
A8,'Renhartsberg',44.47,1.0,2.0,14008.000000000133,0.0,14392.702685008398,0.0,1.0,1.0,0.0,348.30613130892243,0.0,218.77180714384684,0.0,0.0,0.0,14008.000000000133,14392.702685008398,1.0,348.30613130892243,218.77180714384684,0.0
A8,'Grübl/Süd’,49.59,1.0,2.0,14008.0,0.0,20419.630414824154,0.0,0.0,0.0,0.0,0.0,0.0,0.0,0.0,183.77667373341745,0.0,14008.0,20419.630414824154,-0.0,0.0,0.0,183.77667373341745
A8,'Grübl/Nord',49.61,0.0,2.0,13574.000000000002,13574.000000000002,15944.892462999343,15944.892462999343,1.0,1.0,1.0,388.2870381571863,388.2870381571863,244.78300599019224,244.78300599019224,0.0,0.0,0.0,0.0,0.0,0.0,0.0,0.0
A8,'Murau West',56.77,1.0,1.0,14172.0,0.0,41708.92113869764,0.0,1.0,1.0,0.0,397.7192220528652,0.0,183.77667373341745,0.0,161.43774192883097,0.0,14172.0,41708.92113869764,1.0,397.7192220528652,183.77667373341745,161.43774192883097
A8,'Murau Ost',56.88,0.0,1.0,13536.0,13536.0,19847.682360943298,19847.682360943298,0.0,0.0,0.0,0.0,0.0,0.0,0.0,178.62914124848967,178.62914124848967,0.0,0.0,0.0,0.0,0.0,0.0
A8,'Marienkirchen/Schärding’,71.6,1.0,1.0,10055.234280795672,0.0,6370.451690557319,0.0,0.0,0.0,0.0,0.0,0.0,161.43774192883097,0.0,218.77180714384684,0.0,10055.234280795672,6370.451690557319,0.0,0.0,161.43774192883097,218.77180714384684
A8,'Dietrichshofen/Ost',72.06,0.0,2.0,8836.923336744558,8836.923336744558,26734.753655044016,26734.753655044016,1.0,2.0,2.0,419.2419241438858,419.2419241438858,178.62914124848967,178.62914124848967,0.0,0.0,0.0,0.0,0.0,0.0,0.0,0.0
A8,'Suben West',74.77,1.0,0.0,9186.000000189424,0.0,2309.5037607612567,0.0,1.0,1.0,0.0,239.55734099069815,0.0,218.77180714384684,0.0,0.0,0.0,9186.000000189424,2309.5037607612567,1.0,239.55734099069815,218.77180714384684,0.0
A9,'Maisdorf/Ost',12.66,1.0,2.0,10503.0,0.0,49687.49353628505,0.0,1.0,1.0,0.0,400.0,0.0,0.0,0.0,47.18744182656542,0.0,10503.0,49687.49353628505,1.0,400.0,0.0,47.18744182656542
A9,'Maisdorf/West',12.73,0.0,2.0,11055.0,11055.0,28126.582456850745,28126.582456850745,0.0,0.0,-0.0,0.0,0.0,0.0,0.0,253.1392421116567,253.1392421116567,0.0,0.0,0.0,0.0,0.0,0.0
A9,'St. Pankraz',36.36,2.0,0.0,13974.0,7033.0,59101.108124232705,33173.700142315945,1.0,3.0,2.0,832.2366570563164,551.7025433925002,300.3266839382221,253.1392421116567,0.0,0.0,6941.0,25927.407981916764,1.0,280.53411366381624,47.18744182656542,0.0
A9,'Pyhrn-Priel Ost’,55.03,1.0,1.0,7591.971611767987,0.0,16849.293094569046,0.0,0.0,0.0,0.0,0.0,0.0,0.0,0.0,151.6436378511214,0.0,7591.971611767987,16849.293094569046,0.0,0.0,0.0,151.6436378511214
A9,'Pyhrn-Priel West',55.04,0.0,1.0,8230.855228133318,8230.855228133318,31192.30198661983,31192.30198661983,0.0,0.0,0.0,0.0,0.0,0.0,0.0,280.73071787957844,280.73071787957844,0.0,0.0,0.0,0.0,0.0,0.0
A9,'Ardning Ost',65.96,1.0,2.0,13083.999999877302,0.0,31041.45899234372,0.0,1.0,1.0,0.0,400.0,0.0,151.6436378511214,0.0,31.016768782214854,0.0,13083.999999877302,31041.45899234372,1.0,400.0,151.6436378511214,31.016768782214854
A9,'Ardning West',66.04,0.0,2.0,13361.999999983376,13361.999999983376,29114.41644929437,29114.41644929437,1.0,2.0,2.0,537.965450471395,537.965450471395,280.73071787957844,280.73071787957844,4.7950154518327395,4.7950154518327395,0.0,0.0,0.0,0.0,0.0,0.0
A9,'Rottenmann/Nord',77.91,1.0,2.0,13084.0,0.0,20345.18808414952,0.0,0.0,0.0,0.0,0.0,0.0,31.016768782214854,0.0,214.12346153956048,0.0,13084.0,20345.18808414952,0.0,0.0,31.016768782214854,214.12346153956048
A9,'Rottenmann/Süd',78.18,0.0,2.0,13362.0,13362.0,32196.632573168365,32196.632573168365,0.0,0.0,0.0,0.0,0.0,4.7950154518327395,4.7950154518327395,294.564708610348,294.564708610348,0.0,0.0,0.0,0.0,0.0,0.0
A9,'Trieben',85.7,2.0,0.0,20906.0,10619.0,29194.785607799568,15971.560943056678,1.0,2.0,1.0,322.3541987888433,145.4669357994722,508.6881701499085,294.564708610348,449.0870418312613,292.8418212983859,10287.0,13223.224664742887,1.0,176.8872629893711,214.12346153956048,156.24522053287535
A9,'Gaishorn',92.11,1.0,1.0,10287.0,0.0,59758.32239265699,0.0,1.0,1.0,0.0,400.0,0.0,156.24522053287535,0.0,294.07012206678826,0.0,10287.0,59758.32239265699,1.0,400.0,156.24522053287535,294.07012206678826
A9,'Treglwang',94.03,0.0,2.0,10619.0,10619.0,17705.39000500141,17705.39000500141,1.0,1.0,1.0,400.0,400.0,292.8418212983859,292.8418212983859,52.19033134339858,52.19033134339858,0.0,0.0,0.0,0.0,0.0,0.0
A9,'Kalwang',106.26,0.0,1.0,10953.0,10953.0,26930.486362994383,26930.486362994383,0.0,0.0,0.0,0.0,0.0,52.19033134339858,52.19033134339858,294.564708610348,294.564708610348,0.0,0.0,0.0,0.0,0.0,0.0
A9,'Kammern Nord',121.18,1.0,2.0,10926.0,0.0,175.9889804448717,0.0,0.0,0.0,0.0,0.0,0.0,294.07012206678826,0.0,295.6540228907921,0.0,10926.0,175.9889804448717,0.0,0.0,294.07012206678826,295.6540228907921
A9,'Kammern Süd',121.26,2.0,0.0,21954.0,11028.0,64341.42807325543,32914.014449608665,1.0,2.0,1.0,696.2261300464779,296.226130046478,590.2187315011402,294.564708610348,473.065454113961,294.564708610348,10926.0,31427.413623646764,1.0,400.0,295.6540228907921,178.50074550361296
A9,'St. Michael',135.01,0.0,2.0,11073.004965524444,11073.004965524444,30404.004309309235,30404.004309309235,1.0,1.0,1.0,356.69139365800476,356.69139365800476,294.564708610348,294.564708610348,211.50935373612634,211.50935373612634,0.0,0.0,0.0,0.0,0.0,0.0
A9,'Ortnerhof Süd’,135.65,0.0,2.0,11073.999444063618,11073.999444063618,1386.6510981153897,1386.6510981153897,0.0,0.0,0.0,0.0,0.0,211.50935373612634,211.50935373612634,223.98921361916484,223.98921361916484,0.0,0.0,0.0,0.0,0.0,0.0
A9,'Ortnerhof Nord',135.65,1.0,2.0,10574.999873012946,0.0,7705.628111447948,0.0,0.0,0.0,0.0,0.0,0.0,178.50074550361296,0.0,247.8513985066445,0.0,10574.999873012946,7705.628111447948,0.0,0.0,178.50074550361296,247.8513985066445
A9,'Hinterlainsach/Ost',139.16,0.0,2.0,11074.0,11074.0,7841.721665687022,7841.721665687022,0.0,0.0,0.0,0.0,0.0,223.98921361916484,223.98921361916484,294.564708610348,294.564708610348,0.0,0.0,0.0,0.0,0.0,0.0
A9,'Hinterlainsach/West',139.3,1.0,2.0,10575.0,0.0,31388.73352344284,0.0,1.0,1.0,0.0,400.0,0.0,247.8513985066445,0.0,130.35000021763005,0.0,10575.0,31388.73352344284,1.0,400.0,247.8513985066445,130.35000021763005
A9,'Kleintal',150.57,0.0,2.0,11777.0,11777.0,26809.336064293304,26809.336064293304,1.0,1.0,1.0,375.6438878468416,375.6438878468416,294.564708610348,294.564708610348,160.2048453421462,160.2048453421462,0.0,0.0,0.0,0.0,0.0,0.0
A9,'Übelbach 1',154.16,1.0,2.0,11512.0,0.0,17781.923523171823,0.0,0.0,0.0,0.0,0.0,0.0,130.35000021763005,0.0,290.38731192617644,0.0,11512.0,17781.923523171823,0.0,0.0,130.35000021763005,290.38731192617644
A9,'Übelbach 2',154.24,0.0,2.0,11777.0,11777.0,8639.97767636247,8639.97767636247,0.0,0.0,0.0,0.0,0.0,160.2048453421462,160.2048453421462,237.96464442940842,237.96464442940842,0.0,0.0,0.0,0.0,0.0,0.0
A9,'Deutschfeistritz',161.95,2.0,0.0,23289.000114064176,11777.000055015264,76050.65254937344,18003.928396732397,1.0,3.0,1.0,1031.8138046456454,400.0,528.3519563555849,237.96464442940842,180.9940246543004,0.0,11512.00005904891,58046.72415264104,2.0,631.8138046456454,290.38731192617644,180.9940246543004
A9,'Eggenfeld',169.13,0.0,2.0,20432.1080698656,20432.1080698656,29453.135965858,29453.135965858,0.0,0.0,0.0,0.0,0.0,0.0,0.0,265.07822369272196,265.07822369272196,0.0,0.0,0.0,0.0,0.0,0.0
A9,'Feldkirchen',186.97,1.0,2.0,29999.01028154669,0.0,57184.44424849908,0.0,1.0,1.0,0.0,400.0,0.0,180.9940246543004,0.0,295.6540228907921,0.0,29999.01028154669,57184.44424849908,1.0,400.0,180.9940246543004,295.6540228907921
A9,'Premstätten',192.48,0.0,1.0,32302.511670869648,32302.511670869648,152381.31708348572,152381.31708348572,1.0,4.0,4.0,1341.9453688337453,1341.9453688337453,265.07822369272196,265.07822369272196,294.564708610348,294.564708610348,0.0,0.0,0.0,0.0,0.0,0.0
A9,'Thalerhof',196.52,1.0,2.0,26113.265874187266,0.0,77662.26512324884,0.0,1.0,2.0,0.0,800.0,0.0,295.6540228907921,0.0,194.61440900003157,0.0,26113.265874187266,77662.26512324884,2.0,800.0,295.6540228907921,194.61440900003157
A9,'Gralla West',211.06,0.0,0.0,20689.0,20689.0,76643.58637779353,76643.58637779353,1.0,2.0,2.0,791.0877535481744,791.0877535481744,294.564708610348,294.564708610348,193.26923246231533,193.26923246231533,0.0,0.0,0.0,0.0,0.0,0.0
A9,'Gralla Ost',211.45,1.0,0.0,19399.0,0.0,52785.10516275293,0.0,1.0,1.0,0.0,374.02633257401584,0.0,194.61440900003157,0.0,295.65402289079213,0.0,19399.0,52785.10516275293,1.0,374.02633257401584,194.61440900003157,295.65402289079213
A9,'Straß Ost’,225.02,1.0,2.0,7452.000000000777,0.0,7466.983597758399,0.0,1.0,1.0,0.0,362.8568752706177,0.0,295.65402289079213,0.0,0.0,0.0,7452.000000000777,7466.983597758399,1.0,362.8568752706177,295.65402289079213,0.0
A9,'Straß West',225.02,0.0,2.0,8239.000000000515,8239.000000000515,22970.085281964966,22970.085281964966,1.0,1.0,1.0,400.0,400.0,193.26923246231533,193.26923246231533,0.0,0.0,0.0,0.0,0.0,0.0,0.0,0.0
S16,'Schnann',18.9,2.0,0.0,9860.99996031521,4941.999999999992,43437.30630977449,18700.073610347983,0.0,1.0,0.0,222.6350942948385,0.0,0.0,0.0,168.30066249313182,168.30066249313182,4918.999960315217,24737.232699426502,1.0,222.6350942948385,0.0,0.0
S16,'Klösterle',44.17,1.0,0.0,4439.000000265529,0.0,13183.237295726443,0.0,0.0,0.0,0.0,0.0,0.0,0.0,0.0,118.64913566153795,0.0,4439.000000265529,13183.237295726443,0.0,0.0,0.0,118.64913566153795
S16,'Innerbraz',54.99,0.0,0.0,5391.999999999998,5391.999999999998,38789.08951452321,38789.08951452321,1.0,1.0,1.0,331.83555184125913,331.83555184125913,168.30066249313182,168.30066249313182,185.5669162825816,185.5669162825816,0.0,0.0,0.0,0.0,0.0,0.0
S16,'Radin Süd',59.01,1.0,2.0,5252.0,0.0,3038.655605334979,0.0,1.0,1.0,0.0,145.99703610955277,0.0,118.64913566153795,0.0,0.0,0.0,5252.0,3038.655605334979,1.0,145.99703610955277,118.64913566153795,0.0
S16,'Radin Nord',59.03,0.0,2.0,5392.0,5392.0,4366.475635989322,4366.475635989322,1.0,1.0,1.0,224.8651970064855,224.8651970064855,185.5669162825816,185.5669162825816,0.0,0.0,0.0,0.0,0.0,0.0,0.0,0.0
S1A,'Schwechat',9.85,2.0,0.0,61703.49999987559,31463.499999975807,98660.20943375537,39041.52295889174,1.0,3.0,1.0,887.9418849037982,351.37370663002565,0.0,0.0,0.0,0.0,30239.99999989978,59618.68647486362,2.0,536.5681782737726,0.0,0.0
S1B,'Deutsch Wagram',39.05,2.0,0.0,32604.83333333333,16237.966666666664,73145.99870320682,9677.10465852084,1.0,3.0,1.0,658.3139883288613,87.09394192668756,0.0,0.0,0.0,0.0,16366.866666666663,63468.89404468598,2.0,571.2200464021738,0.0,0.0
S3,'Hollabrunn',23.6,1.0,2.0,6766.0,0.0,15563.630436509862,0.0,1.0,1.0,0.0,140.07267392858876,0.0,0.0,0.0,0.0,0.0,6766.0,15563.630436509862,1.0,140.07267392858876,0.0,0.0
S31,‘Mattersburg’,52.09,1.0,2.0,8153.0,0.0,26231.718576042676,0.0,1.0,1.0,0.0,236.08546718438407,0.0,0.0,0.0,0.0,0.0,8153.0,26231.718576042676,1.0,236.08546718438407,0.0,0.0
S31,'Forchtenstein’,52.45,0.0,2.0,7857.0,7857.0,29576.297095027607,29576.297095027607,1.0,1.0,1.0,266.18667385524844,266.18667385524844,0.0,0.0,0.0,0.0,0.0,0.0,0.0,0.0,0.0,0.0
S31,'Kobersdorf',66.91,0.0,2.0,6223.999999590788,6223.999999590788,17886.095398002628,17886.095398002628,1.0,1.0,1.0,160.97485858202364,160.97485858202364,0.0,0.0,0.0,0.0,0.0,0.0,0.0,0.0,0.0,0.0
S31,'Tschurndorf',68.14,1.0,2.0,6566.999817015507,0.0,21185.283057988152,0.0,1.0,1.0,0.0,190.66754752189337,0.0,0.0,0.0,0.0,0.0,6566.999817015507,21185.283057988152,1.0,190.66754752189337,0.0,0.0
S33,'St. Pölten Ost',1.84,0.0,0.0,15332.000000000002,15332.000000000002,42162.713450383104,42162.713450383104,1.0,1.0,1.0,379.4644210534479,379.4644210534479,0.0,0.0,0.0,0.0,0.0,0.0,0.0,0.0,0.0,0.0
S33,'Inzersdorf',15.28,1.0,1.0,15650.364459623052,0.0,47979.53816597848,0.0,1.0,2.0,0.0,431.8158434938063,0.0,0.0,0.0,0.0,0.0,15650.364459623052,47979.53816597848,2.0,431.8158434938063,0.0,0.0
S33,'Herzogenburg',15.69,0.0,1.0,15657.319893344473,15657.319893344473,36041.87317235301,36041.87317235301,1.0,1.0,1.0,324.3768585511771,324.3768585511771,0.0,0.0,0.0,0.0,0.0,0.0,0.0,0.0,0.0,0.0
S35,'Frohnleiten West',26.82,0.0,2.0,9816.0,9816.0,51001.472361815664,51001.472361815664,1.0,2.0,2.0,459.01325125634094,459.01325125634094,0.0,0.0,0.0,0.0,0.0,0.0,0.0,0.0,0.0,0.0
S35,'Frohnleiten Ost',26.82,1.0,2.0,9690.0,0.0,18587.030666064784,0.0,1.0,1.0,0.0,167.28327599458305,0.0,0.0,0.0,0.0,0.0,9690.0,18587.030666064784,1.0,167.28327599458305,0.0,0.0
S36,'St. Marein Nord',14.89,0.0,0.0,10113.0,10113.0,30156.505485607195,30156.505485607195,0.0,0.0,-0.0,0.0,0.0,0.0,0.0,271.40854937046475,271.40854937046475,0.0,0.0,0.0,0.0,0.0,0.0
S36,'St. Marein Süd',14.97,1.0,0.0,10133.0,0.0,39904.344783471744,0.0,1.0,1.0,0.0,359.1391030512457,0.0,0.0,0.0,0.0,0.0,10133.0,39904.344783471744,1.0,359.1391030512457,0.0,0.0
S36,'Strettweg',34.61,1.0,2.0,9701.0,0.0,5373.278346516238,0.0,1.0,1.0,0.0,48.359505118646155,0.0,0.0,0.0,0.0,0.0,9701.0,5373.278346516238,1.0,48.359505118646155,0.0,0.0
S36,'Hauswald',35.77,0.0,2.0,9740.5,9740.5,40577.73593246791,40577.73593246791,1.0,2.0,2.0,636.608172762676,636.608172762676,271.40854937046475,271.40854937046475,0.0,0.0,0.0,0.0,0.0,0.0,0.0,0.0
S37,'Hunnenbrunnen',285.19,0.0,2.0,19888.0,10058.000000000002,36142.46463235457,4295.795543572071,0.0,1.0,-0.0,286.6200217990425,0.0,0.0,0.0,38.66215989214862,38.66215989214862,9830.0,31846.6690887825,1.0,286.6200217990425,0.0,0.0
S37,'Zollfeld',293.91,0.0,2.0,10058.0,10058.0,17382.606338754165,17382.606338754165,1.0,1.0,1.0,195.1056169409361,195.1056169409361,38.66215989214862,38.66215989214862,0.0,0.0,0.0,0.0,0.0,0.0,0.0,0.0
S5,'Zaina',6.3,0.0,2.0,17736.0,17736.0,22057.74265192454,22057.74265192454,0.0,0.0,-0.0,0.0,0.0,0.0,0.0,198.51968386732085,198.51968386732085,0.0,0.0,0.0,0.0,0.0,0.0
S5,'Grafenwörth',32.85,2.0,0.0,24240.0,12017.0,92944.80421055126,63800.34208286393,1.0,3.0,2.0,1035.022921762282,772.7227626130962,198.51968386732085,198.51968386732085,0.0,0.0,12223.0,29144.46212768733,1.0,262.30015914918596,0.0,0.0
S6,'Natschbach',3.22,2.0,0.0,28895.0,14441.0,49805.03843322329,7829.400123642268,0.0,0.0,0.0,0.0,0.0,0.0,0.0,448.24534589900964,70.46460111278041,14454.000000000002,41975.63830958102,0.0,0.0,0.0,377.7807447862292
S6,'Gloggnitz Süd',17.81,1.0,2.0,7935.5,0.0,9081.297254301347,0.0,1.0,2.0,0.0,459.51242007494136,0.0,377.7807447862292,0.0,0.0,0.0,7935.5,9081.297254301347,2.0,459.51242007494136,377.7807447862292,0.0
S6,'Gloggnitz Nord',18.44,0.0,2.0,8009.0,8009.0,24242.62115602437,24242.62115602437,1.0,1.0,1.0,288.64819151699976,288.64819151699976,70.46460111278041,70.46460111278041,0.0,0.0,0.0,0.0,0.0,0.0,0.0,0.0
S6,'Schottwien',23.57,2.0,0.0,15944.5,8009.0,47842.38487070686,8181.6019594493055,0.0,0.0,0.0,0.0,0.0,0.0,0.0,430.5814638363617,73.63441763504375,7935.5,39660.78291125756,0.0,0.0,0.0,356.94704620131796
S6,'Schwöbing Nord',48.55,0.0,0.0,9945.0,9945.0,49668.15156439487,49668.15156439487,1.0,1.0,1.0,367.9301013596988,367.9301013596988,73.63441763504375,73.63441763504375,152.71768035489873,152.71768035489873,0.0,0.0,0.0,0.0,0.0,0.0
S6,'Schwöbing Süd',48.57,1.0,0.0,9757.0,0.0,46526.20864062981,0.0,1.0,2.0,0.0,731.3896045172241,0.0,356.94704620131796,0.0,44.293319449762066,0.0,9757.0,46526.20864062981,2.0,731.3896045172241,356.94704620131796,44.293319449762066
S6,'St. Marein',68.99,0.0,0.0,12864.0,12864.0,52521.60007264168,52521.60007264168,1.0,1.0,1.0,400.0,400.0,152.71768035489873,152.71768035489873,225.41208100867388,225.41208100867388,0.0,0.0,0.0,0.0,0.0,0.0
S6,'Kapfenberg Nord',72.03,0.0,2.0,12864.0,12864.0,7831.345796296708,7831.345796296708,1.0,1.0,1.0,295.89419317534424,295.89419317534424,225.41208100867388,225.41208100867388,0.0,0.0,0.0,0.0,0.0,0.0,0.0,0.0
S6,'Kapfenberg Süd',72.45,1.0,1.0,12893.5,0.0,83967.40895002644,0.0,1.0,2.0,0.0,800.0,0.0,44.293319449762066,0.0,0.0,0.0,12893.5,83967.40895002644,2.0,800.0,44.293319449762066,0.0
