Time of calculation: 20210928-120419; value of objective: 3419.6695603058183;  acc=20.0;  ec=0.25;  e_tax=0.15;  cfix=50000;  cvar=10000;  eta=0.011; mu=0.7; tf_at_peak=0.5;  hours_of_constant_charging=20;  i=0.05;  T=10
highway,name,asfinag_position,direction,asfinag_type,traffic_flow,traffic_flow_1,energy_demand,energy_demand_1,pXi_dir,pYi_dir,pYi_dir_1,pE_charged,pE_charged_1,pE_input,pE_input_1,pE_output,pE_output_1,traffic_flow_0,energy_demand_0,pYi_dir_0,pE_charged_0,pE_input_0,pE_output_0
A1,'Parkplatz Großraum’,27.42,2.0,2.0,25490.0,13297.0,59974.3253495514,14541.0894450967,0.0,0.0,0.0,0.0,0.0,0.0,0.0,230.90115259577286,55.98319436362229,12193.0,45433.2359044547,0.0,0.0,0.0,174.91795823215057
A1,'Steinhäusl',32.7,2.0,0.0,63195.9999999991,31709.9999999998,111561.5048226672,77129.6222725955,0.0,0.0,0.0,0.0,0.0,230.90115259577286,55.98319436362229,660.4129461630416,352.932240113115,31485.9999999993,34431.8825500717,0.0,0.0,174.91795823215057,307.4807060499266
A1,'Kirchstetten',44.88,0.0,1.0,29897.9999954276,0.0,72732.0809427628,0.0,0.0,0.0,0.0,0.0,0.0,307.4807060499266,0.0,587.4992176795633,0.0,29897.9999954276,72732.0809427628,0.0,0.0,307.4807060499266,587.4992176795633
A1,'Kesselhof',44.88,1.0,1.0,30234.9999967191,30234.9999967191,109130.955699818,109130.955699818,0.0,0.0,0.0,0.0,0.0,352.932240113115,352.932240113115,773.086419557415,773.086419557415,0.0,0.0,0.0,0.0,0.0,0.0
A1,'St. Pölten',62.9,2.0,1.0,71148.0,35565.0,227454.8494341069,99032.4320338409,0.0,0.0,0.0,0.0,0.0,1360.5856372369783,773.086419557415,2236.28680755829,1154.3612828877024,35583.0,128422.417400266,0.0,0.0,587.4992176795633,1081.9255246705875
A1,'Schallaburg',76.81,1.0,1.0,29188.0,29188.0,136934.360376389,136934.360376389,0.0,0.0,0.0,0.0,0.0,1154.3612828877024,1154.3612828877024,1681.5585703368001,1681.5585703368001,0.0,0.0,0.0,0.0,0.0,0.0
A1,'Roggendorf',76.82,0.0,1.0,28377.0,0.0,78562.3321961741,0.0,0.0,0.0,0.0,0.0,0.0,1081.9255246705875,0.0,1384.3905036258577,0.0,28377.0,78562.3321961741,0.0,0.0,1081.9255246705875,1384.3905036258577
A1,'Ornding',88.04,0.0,1.0,27048.0,0.0,60488.0749227046,0.0,0.0,0.0,0.0,0.0,0.0,1384.3905036258577,0.0,1617.2695920782703,0.0,27048.0,60488.0749227046,0.0,0.0,1384.3905036258577,1617.2695920782703
A1,'Ybbs',100.32,1.0,0.0,27161.4044508388,27161.4044508388,104129.250667749,104129.250667749,1.0,2.0,2.0,2000.0,2000.0,1681.5585703368001,1681.5585703368001,82.45618540763371,82.45618540763371,0.0,0.0,0.0,0.0,0.0,0.0
A1,'Kemmelbach',101.38,0.0,0.0,26898.0000000002,0.0,72226.1001687065,0.0,0.0,0.0,0.0,-3.353761712787673e-12,0.0,1617.2695920782703,0.0,1895.3400777277936,0.0,26898.0000000002,72226.1001687065,0.0,-3.353761712787673e-12,1617.2695920782703,1895.3400777277936
A1,'Viehdorf',118.17,0.0,1.0,25545.0,0.0,92117.5706346928,0.0,1.0,2.0,0.0,1999.9999999999995,0.0,1895.3400777277936,0.0,249.99272467136143,0.0,25545.0,92117.5706346928,2.0,1999.9999999999995,1895.3400777277936,249.99272467136143
A1,'Amstetten',119.36,1.0,1.0,25407.0,25407.0,56128.5314279588,56128.5314279588,0.0,0.0,0.0,0.0,0.0,82.45618540763371,82.45618540763371,298.55103140527507,298.55103140527507,0.0,0.0,0.0,0.0,0.0,0.0
A1,'Parkplatz Zeillern’,124.31,0.0,2.0,24685.0,0.0,24100.5747944984,0.0,0.0,0.0,0.0,0.0,0.0,249.99272467136143,0.0,342.77993763018026,0.0,24685.0,24100.5747944984,0.0,0.0,249.99272467136143,342.77993763018026
A1,'Oed',130.52,1.0,2.0,26849.6920630665,26849.6920630665,69822.6737213844,69822.6737213844,0.0,0.0,0.0,0.0,0.0,298.55103140527507,298.55103140527507,567.368325232605,567.368325232605,0.0,0.0,0.0,0.0,0.0,0.0
A1,'Strengberg',136.0,0.0,0.0,25773.0,0.0,60567.2870914444,0.0,0.0,0.0,0.0,0.0,0.0,342.77993763018026,0.0,575.9639929322411,0.0,25773.0,60567.2870914444,0.0,0.0,342.77993763018026,575.9639929322411
A1,'Haag',143.54,1.0,0.0,28172.0,28172.0,72532.3838204059,72532.3838204059,0.0,0.0,0.0,0.0,0.0,567.368325232605,567.368325232605,846.6180029411677,846.6180029411677,0.0,0.0,0.0,0.0,0.0,0.0
A1,'Ennsblick',147.1,0.0,2.0,27181.0,0.0,59900.9099344678,0.0,0.0,0.0,0.0,0.0,0.0,575.9639929322411,0.0,806.5824961799422,0.0,27181.0,59900.9099344678,0.0,0.0,575.9639929322411,806.5824961799422
A1,'Parkplatz Ennsdorf’,152.88,0.0,2.0,26232.408315204,0.0,30328.568123459,0.0,0.0,0.0,0.0,0.0,0.0,806.5824961799422,0.0,923.3474834552593,0.0,26232.408315204,30328.568123459,0.0,0.0,806.5824961799422,923.3474834552593
A1,'Enns Süd',156.19,1.0,1.0,29648.7371150985,29648.7371150985,86236.6993060754,86236.6993060754,0.0,0.0,0.0,0.0,0.0,846.6180029411677,846.6180029411677,1178.629295269558,1178.629295269558,0.0,0.0,0.0,0.0,0.0,0.0
A1,'Enns Nord',156.79,0.0,1.0,29791.8873283766,0.0,22744.7688256149,0.0,0.0,0.0,0.0,0.0,0.0,923.3474834552593,0.0,1010.9148434338766,0.0,29791.8873283766,22744.7688256149,0.0,0.0,923.3474834552593,1010.9148434338766
A1,'Ansfelden Süd',170.93,1.0,0.0,46681.6462052378,46681.6462052378,108599.646702595,108599.646702595,0.0,0.0,0.0,0.0,0.0,1178.629295269558,1178.629295269558,1596.7379350745487,1596.7379350745487,0.0,0.0,0.0,0.0,0.0,0.0
A1,'Ansfelden Nord',171.01,0.0,0.0,48225.5889671851,0.0,137729.456478428,0.0,0.0,0.0,0.0,0.0,0.0,1010.9148434338766,0.0,1541.1732508758244,0.0,48225.5889671851,137729.456478428,0.0,0.0,1010.9148434338766,1541.1732508758244
A1,'Allhaming Süd',182.59,1.0,1.0,22273.0,22273.0,132032.004986223,132032.004986223,1.0,2.0,2.0,2000.0,2000.0,1596.7379350745487,1596.7379350745487,105.06115427150712,105.06115427150712,0.0,0.0,0.0,0.0,0.0,0.0
A1,'Allhaming Nord',182.6,0.0,1.0,22478.0,0.0,52074.5961839218,0.0,1.0,2.0,0.0,1622.7011256279866,0.0,1541.1732508758244,0.0,118.95932055593664,0.0,22478.0,52074.5961839218,2.0,1622.7011256279866,1541.1732508758244,118.95932055593664
A1,'Lindach Nord',212.26,0.0,0.0,24091.0,0.0,143292.18694581,0.0,0.0,0.0,0.0,0.0,0.0,118.95932055593664,0.0,670.6342402973052,0.0,24091.0,143292.18694581,0.0,0.0,118.95932055593664,670.6342402973052
A1,'Lindach Süd',212.27,1.0,0.0,24205.0,24205.0,88500.7129286602,88500.7129286602,0.0,0.0,0.0,0.0,0.0,105.06115427150712,105.06115427150712,445.7888990468487,445.7888990468487,0.0,0.0,0.0,0.0,0.0,0.0
A1,'Hainbach Süd',230.7,1.0,1.0,16641.0,16641.0,43626.8866404899,43626.8866404899,0.0,0.0,0.0,0.0,0.0,445.7888990468487,445.7888990468487,613.7524126127348,613.7524126127348,0.0,0.0,0.0,0.0,0.0,0.0
A1,'Hainbach Nord',230.72,0.0,1.0,15023.0,0.0,55447.0737267175,0.0,0.0,0.0,0.0,0.0,0.0,670.6342402973052,0.0,884.1054741451675,0.0,15023.0,55447.0737267175,0.0,0.0,670.6342402973052,884.1054741451675
A1,'Straß',243.67,1.0,1.0,16828.6748354971,16828.6748354971,52286.933312582,52286.933312582,0.0,0.0,0.0,0.0,0.0,613.7524126127348,613.7524126127348,815.0571058661754,815.0571058661754,0.0,0.0,0.0,0.0,0.0,0.0
A1,'Wildenhag Nord',243.76,0.0,2.0,17111.5468081707,0.0,44396.0737761594,0.0,0.0,0.0,0.0,0.0,0.0,884.1054741451675,0.0,1055.0303581833812,0.0,17111.5468081707,44396.0737761594,0.0,0.0,884.1054741451675,1055.0303581833812
A1,'Oberwang',251.03,0.0,1.0,15727.0,0.0,23256.0522003105,0.0,0.0,0.0,0.0,0.0,0.0,1055.0303581833812,0.0,1144.5661591545766,0.0,15727.0,23256.0522003105,0.0,0.0,1055.0303581833812,1144.5661591545766
A1,'Mondsee',259.23,2.0,0.0,31060.001681777,15333.0007994484,60471.650280389,35129.2549432295,1.0,2.0,1.0,1515.9414272870563,515.941427287056,1959.6232650207521,815.0571058661754,676.4976913131934,434.363310110553,15727.0008823286,25342.3953371595,1.0,1000.0000000000002,1144.5661591545766,242.13438120264033
A1,‘Parkplatz Ölgraben’,268.98,0.0,2.0,18793.0,0.0,36691.9585837841,0.0,0.0,0.0,0.0,0.0,0.0,242.13438120264033,0.0,383.3984217502091,0.0,18793.0,36691.9585837841,0.0,0.0,242.13438120264033,383.3984217502091
A1,'Vetterbach',270.63,1.0,2.0,18111.0,18111.0,24972.4587201048,24972.4587201048,0.0,0.0,0.0,0.0,0.0,434.363310110553,434.363310110553,530.5072761829565,530.5072761829565,0.0,0.0,0.0,0.0,0.0,0.0
A1,'Enzersberg',274.82,0.0,2.0,21891.999995183,0.0,25643.7025641729,0.0,0.0,0.0,0.0,0.0,0.0,383.3984217502091,0.0,482.1266766222748,0.0,21891.999995183,25643.7025641729,0.0,0.0,383.3984217502091,482.1266766222748
A1,'Salzburger Vorland',277.55,1.0,2.0,21776.0,21776.0,38740.0928318722,38740.0928318722,0.0,0.0,0.0,0.0,0.0,530.5072761829565,530.5072761829565,679.6566335856645,679.6566335856645,0.0,0.0,0.0,0.0,0.0,0.0
A1,'Söllheim',286.46,1.0,0.0,28864.5374641219,28864.5374641219,82339.639275179,82339.639275179,0.0,0.0,0.0,0.0,0.0,679.6566335856645,679.6566335856645,996.6642447951036,996.6642447951036,0.0,0.0,0.0,0.0,0.0,0.0
A1,'Kasern',287.89,0.0,0.0,38922.8495638266,0.0,101432.704040416,0.0,0.0,0.0,0.0,0.0,0.0,482.1266766222748,0.0,872.6425871778763,0.0,38922.8495638266,101432.704040416,0.0,0.0,482.1266766222748,872.6425871778763
A1,'Walserberg Süd',300.71,1.0,0.0,14880.000000003,14880.000000003,866.429923349707,866.429923349707,1.0,1.0,1.0,1000.0,1000.0,996.6642447951036,996.6642447951036,0.0,0.0,0.0,0.0,0.0,0.0,0.0,0.0
A1,'Walserberg Nord',300.73,0.0,0.0,12964.0000000086,0.0,33079.8474862659,0.0,1.0,1.0,0.0,1000.0,0.0,872.6425871778763,0.0,0.0,0.0,12964.0000000086,33079.8474862659,1.0,1000.0,872.6425871778763,0.0
A10,'Glanegg/West',4.28,0.0,2.0,30225.0,0.0,10702.5949598298,0.0,0.0,0.0,0.0,0.0,0.0,0.0,0.0,41.20499059534472,0.0,30225.0,10702.5949598298,-0.0,0.0,0.0,41.20499059534472
A10,'Untersberg/Ost',4.37,1.0,2.0,30061.0,30061.0,79010.5399207519,79010.5399207519,0.0,0.0,-0.0,0.0,0.0,0.0,0.0,304.1905786948947,304.1905786948947,0.0,0.0,0.0,0.0,0.0,0.0
A10,'Bruderloch',17.53,1.0,2.0,24652.0,24652.0,55144.783875779,55144.783875779,0.0,0.0,-0.0,0.0,0.0,304.1905786948947,304.1905786948947,516.4979966166438,516.4979966166438,0.0,0.0,0.0,0.0,0.0,0.0
A10,'Golling Ost',28.76,1.0,0.0,19647.000947721,19647.000947721,83619.9827870841,83619.9827870841,0.0,0.0,0.0,0.0,0.0,516.4979966166438,516.4979966166438,838.4349303469176,838.4349303469176,0.0,0.0,0.0,0.0,0.0,0.0
A10,'Golling West',28.82,0.0,0.0,19875.0006682874,0.0,97340.8180523858,0.0,0.0,0.0,0.0,0.0,0.0,41.20499059534472,0.0,415.96714009703004,0.0,19875.0006682874,97340.8180523858,-0.0,0.0,41.20499059534472,415.96714009703004
A10,'Werfen',40.34,0.0,2.0,19354.0,0.0,44743.3180465706,0.0,0.0,0.0,0.0,0.0,0.0,415.96714009703004,0.0,588.2289145763268,0.0,19354.0,44743.3180465706,0.0,0.0,415.96714009703004,588.2289145763268
A10,'Klausgraben West’,50.01,0.0,2.0,16224.0,0.0,31431.0330674502,0.0,0.0,0.0,0.0,0.0,0.0,588.2289145763268,0.0,709.23839188601,0.0,16224.0,31431.0330674502,0.0,0.0,588.2289145763268,709.23839188601
A10,'Klausgraben Ost’,50.01,1.0,2.0,16076.0,16076.0,29740.3452221424,29740.3452221424,0.0,0.0,0.0,0.0,0.0,838.4349303469176,838.4349303469176,952.9352594521658,952.9352594521658,0.0,0.0,0.0,0.0,0.0,0.0
A10,'Eben Süd',59.21,2.0,0.0,31555.3674870556,15557.9508674499,63864.36698273087,63790.3829944541,0.0,2.0,2.0,1110.328915195347,1110.328915195347,1662.173651338176,952.9352594521658,797.7225490263427,88.19931878546707,15997.4166196057,73.9839882767682,0.0,0.0,709.23839188601,709.5232302408756
A10,'Eben Nord',59.32,2.0,0.0,31554.1611930787,15556.9979338782,29667.92707344997,71.9471637283723,1.0,1.0,-0.0,766.507246819142,0.0,797.7225490263427,88.19931878546707,145.436821439983,88.4763153658213,15997.1632592005,29595.9799097216,1.0,766.507246819142,709.5232302408756,56.960506074161685
A10,'Rohr',71.25,0.0,2.0,10976.0,0.0,26372.3998165897,0.0,0.0,0.0,0.0,0.0,0.0,56.960506074161685,0.0,158.494245368032,0.0,10976.0,26372.3998165897,0.0,0.0,56.960506074161685,158.494245368032
A10,'Tauernalm',79.79,2.0,0.0,21522.867721662602,10619.2131625113,62621.1090379549,44112.7469189292,0.0,0.0,0.0,0.0,0.0,246.97056073385332,88.4763153658213,488.0618305299797,258.3103910036987,10903.6545591513,18508.3621190257,0.0,0.0,158.494245368032,229.75143952628096
A10,'Lungau',97.91,0.0,0.0,10877.0,0.0,39524.4328135725,0.0,0.0,0.0,0.0,0.0,0.0,229.75143952628096,0.0,381.9205058585351,0.0,10877.0,39524.4328135725,0.0,0.0,229.75143952628096,381.9205058585351
A10,'Lanschütz',100.6,1.0,1.0,10558.5,10558.5,33491.7098286973,33491.7098286973,0.0,0.0,0.0,0.0,0.0,258.3103910036987,258.3103910036987,387.2534738441833,387.2534738441833,0.0,0.0,0.0,0.0,0.0,0.0
A10,'Rennweg',112.45,0.0,2.0,6878.0,0.0,19876.6578731468,0.0,0.0,0.0,0.0,0.0,0.0,381.9205058585351,0.0,458.4456386701503,0.0,6878.0,19876.6578731468,0.0,0.0,381.9205058585351,458.4456386701503
A10,'Ried’,116.47,1.0,2.0,7303.0,7303.0,13765.2894082998,13765.2894082998,0.0,0.0,0.0,0.0,0.0,387.2534738441833,387.2534738441833,440.24983806613756,440.24983806613756,0.0,0.0,0.0,0.0,0.0,0.0
A10,'Eisentratten',125.92,2.0,0.0,14181.0,7303.0,41606.5550890561,23123.3443540302,0.0,0.0,-0.0,0.0,0.0,898.6954767362879,440.24983806613756,1058.8807138291538,529.2747138291538,6878.0,18483.2107350259,0.0,0.0,458.4456386701503,529.606
A10,'Seeboden',141.72,1.0,2.0,14455.0,14455.0,36156.364361422,36156.364361422,0.0,0.0,0.0,0.0,0.0,529.2747138291538,529.2747138291538,668.4767166206285,668.4767166206285,0.0,0.0,0.0,0.0,0.0,0.0
A10,'Wolfsberg',142.25,0.0,2.0,14500.0,0.0,47498.894929139,0.0,0.0,0.0,0.0,0.0,0.0,529.606,0.0,712.4767454771852,0.0,14500.0,47498.894929139,-0.0,0.0,529.606,712.4767454771852
A10,'Kamering',154.29,1.0,2.0,14749.7038625137,14749.7038625137,22698.628013918,22698.628013918,0.0,0.0,0.0,0.0,0.0,668.4767166206285,668.4767166206285,755.8664344742128,755.8664344742128,0.0,0.0,0.0,0.0,0.0,0.0
A10,'Feistritz an der Drau',162.01,2.0,0.0,29679.0,14750.0,122093.0394177002,63411.3157209837,1.0,2.0,1.0,1938.4013817095438,1000.0,1468.343179951398,755.8664344742128,0.0,0.0,14929.0,58681.7236967165,1.0,938.4013817095437,712.4767454771852,0.0
A11,'St. Niklas/Nord',2.11,1.0,2.0,7503.0,7503.0,10409.0861514259,10409.0861514259,0.0,0.0,-0.0,0.0,0.0,0.0,0.0,40.07498168298971,40.07498168298971,0.0,0.0,0.0,0.0,0.0,0.0
A11,'Rosegg',9.04,2.0,0.0,9108.5,4802.0,19444.03423128795,11637.9934905201,1.0,2.0,1.0,114.93451347344832,84.8812566214921,40.07498168298971,40.07498168298971,0.0,0.0,4306.5,7806.04074076785,1.0,30.05325685195622,0.0,0.0
A12,'Langkampfen Süd',9.32,1.0,2.0,11349.5859166424,11349.5859166424,27244.8076274651,27244.8076274651,0.0,0.0,-0.0,0.0,0.0,0.0,0.0,104.89250936574062,104.89250936574062,0.0,0.0,0.0,0.0,0.0,0.0
A12,'Angath Süd',14.1,2.0,0.0,39223.0,19315.0,56148.10872631693,3.82047555363476,0.0,0.0,-0.0,0.0,0.0,104.89250936574062,104.89250936574062,321.0627279620611,104.9072181966224,19908.0,56144.2882507633,-0.0,0.0,0.0,216.1555097654387
A12,'Angath Nord',14.22,2.0,0.0,39223.0,19315.0,86003.91804074359,85999.9802707554,0.0,0.0,-0.0,0.0,0.0,321.0627279620611,104.9072181966224,652.1778124189243,436.0071422390307,19908.0,3.93776998818332,-0.0,0.0,216.1555097654387,216.17067017989353
A12,'Münster Nord',35.71,0.0,1.0,18334.0,0.0,79565.3529063989,0.0,0.0,0.0,0.0,0.0,0.0,216.17067017989353,0.0,522.4972788695293,0.0,18334.0,79565.3529063989,-0.0,0.0,216.17067017989353,522.4972788695293
A12,'Münster Süd',36.25,1.0,1.0,18162.0,18162.0,51027.0984567292,51027.0984567292,0.0,0.0,-0.0,0.0,0.0,436.0071422390307,436.0071422390307,632.4614712974405,632.4614712974405,0.0,0.0,0.0,0.0,0.0,0.0
A12,'Vomp',50.47,1.0,0.0,24431.9999999911,24431.9999999911,22234.3563073972,22234.3563073972,0.0,0.0,-0.0,0.0,0.0,632.4614712974405,632.4614712974405,718.0637430809197,718.0637430809197,0.0,0.0,0.0,0.0,0.0,0.0
A12,'Weer',54.8,0.0,0.0,24110.0001896077,0.0,91922.3948797172,0.0,0.0,0.0,0.0,0.0,0.0,522.4972788695293,0.0,876.3984991564429,0.0,24110.0001896077,91922.3948797172,-0.0,0.0,522.4972788695293,876.3984991564429
A12,'Weer Süd',55.0,1.0,1.0,24141.0019875313,24141.0019875313,44418.9030022489,44418.9030022489,0.0,0.0,-0.0,0.0,0.0,718.0637430809197,718.0637430809197,889.076519639578,889.076519639578,0.0,0.0,0.0,0.0,0.0,0.0
A12,'Volders/Karlskirche',64.18,1.0,2.0,27543.0,27543.0,89230.8737530962,89230.8737530962,0.0,0.0,-0.0,0.0,0.0,889.076519639578,889.076519639578,1232.6153835889984,1232.6153835889984,0.0,0.0,0.0,0.0,0.0,0.0
A12,'Hall in Tirol',66.28,0.0,2.0,28148.0000000024,0.0,63926.9286125208,0.0,0.0,0.0,0.0,0.0,0.0,876.3984991564429,0.0,1122.517174314648,0.0,28148.0000000024,63926.9286125208,-0.0,0.0,876.3984991564429,1122.517174314648
A12,'Ampaß',72.07,0.0,0.0,35539.999996608,0.0,42439.321950182,0.0,0.0,0.0,0.0,0.0,0.0,1122.517174314648,0.0,1285.9085638228487,0.0,35539.999996608,42439.321950182,-0.0,0.0,1122.517174314648,1285.9085638228487
A12,'Sieglanger',80.39,1.0,2.0,31124.7934314905,31124.7934314905,96002.7279290709,96002.7279290709,1.0,2.0,2.0,1602.2258861159219,1602.2258861159219,1232.6153835889984,1232.6153835889984,0.0,0.0,0.0,0.0,0.0,0.0,0.0,0.0
A12,'Kematen',86.01,0.0,2.0,27475.0527045522,0.0,75774.4568325647,0.0,0.0,0.0,0.0,0.0,0.0,1285.9085638228487,0.0,1577.6402226282228,0.0,27475.0527045522,75774.4568325647,-0.0,0.0,1285.9085638228487,1577.6402226282228
A12,'Zirl-Inzing',91.77,0.0,1.0,20799.0,0.0,24661.2588506712,0.0,1.0,2.0,0.0,1672.5860692033073,0.0,1577.6402226282228,0.0,0.0,0.0,20799.0,24661.2588506712,2.0,1672.5860692033073,1577.6402226282228,0.0
A12,'Pettnau',95.81,2.0,0.0,37922.0,19033.0,43167.5950545956,28529.3494812965,0.0,0.0,-0.0,0.0,0.0,0.0,0.0,166.19524096019305,109.8379955029915,18889.0,14638.2455732991,-0.0,0.0,0.0,56.357245457201536
A12,'Telfs Süd',103.3,1.0,2.0,13364.7779394021,13364.7779394021,40593.4396996822,40593.4396996822,0.0,0.0,-0.0,0.0,0.0,109.8379955029915,109.8379955029915,266.12273834676796,266.12273834676796,0.0,0.0,0.0,0.0,0.0,0.0
A12,'Telfs Nord',103.33,0.0,2.0,14213.4639394123,0.0,21325.9179547492,0.0,0.0,0.0,0.0,0.0,0.0,56.357245457201536,0.0,138.46202958298593,0.0,14213.4639394123,21325.9179547492,-0.0,0.0,56.357245457201536,138.46202958298593
A12,'Haiming Süd',118.5,1.0,2.0,10702.0,10702.0,32071.4494657395,32071.4494657395,0.0,0.0,-0.0,0.0,0.0,266.12273834676796,266.12273834676796,389.597818789865,389.597818789865,0.0,0.0,0.0,0.0,0.0,0.0
A12,'Imst Süd',133.49,1.0,2.0,9240.0,9240.0,3679.21104332994,3679.21104332994,0.0,0.0,-0.0,0.0,0.0,389.597818789865,389.597818789865,403.7627813066853,403.7627813066853,0.0,0.0,0.0,0.0,0.0,0.0
A12,'Imst Nord',133.84,0.0,2.0,10262.0,0.0,62601.6793906791,0.0,0.0,0.0,0.0,0.0,0.0,138.46202958298593,0.0,379.47849523710045,0.0,10262.0,62601.6793906791,-0.0,0.0,138.46202958298593,379.47849523710045
A12,'Mils',135.51,2.0,0.0,19502.0000000008,9240.0000000008,21880.454342200483,18488.872433764,0.0,1.0,1.0,474.9449401766767,474.9449401766767,783.2412765437857,403.7627813066853,392.5360855845809,0.0,10262.0,3391.58190843648,-0.0,0.0,379.47849523710045,392.5360855845809
A12,'Kronburg Zams',142.7,0.0,2.0,10312.0,0.0,14879.9195229157,0.0,1.0,1.0,0.0,449.82377574780634,0.0,392.5360855845809,0.0,0.0,0.0,10312.0,14879.9195229157,1.0,449.82377574780634,392.5360855845809,0.0
A13,'Patsch',6.24,0.0,2.0,21023.0,0.0,26094.7253268476,0.0,0.0,0.0,0.0,0.0,0.0,0.0,0.0,100.46469250836326,0.0,21023.0,26094.7253268476,0.0,0.0,0.0,100.46469250836326
A13,'Europabrücke',8.27,2.0,0.0,41638.0,20615.0,32388.52662410622,23936.2314378052,0.0,0.0,-0.0,0.0,0.0,100.46469250836326,0.0,225.16052001117217,92.15449103555,21023.0,8452.29518630102,0.0,0.0,100.46469250836326,133.00602897562217
A13,'Gschleirs',14.05,1.0,2.0,14822.0,14822.0,8546.70428173758,8546.70428173758,0.0,0.0,-0.0,0.0,0.0,92.15449103555,92.15449103555,125.05930252023967,125.05930252023967,0.0,0.0,0.0,0.0,0.0,0.0
A13,'Matrei West',16.79,0.0,0.0,15161.0,0.0,25846.4269287351,0.0,0.0,0.0,0.0,0.0,0.0,133.00602897562217,0.0,232.51477265125231,0.0,15161.0,25846.4269287351,0.0,0.0,133.00602897562217,232.51477265125231
A13,'Matrei Ost',16.95,2.0,0.0,29983.0,14822.0,16734.882296516138,16235.5787414961,0.0,0.0,-0.0,0.0,0.0,357.574075171492,125.05930252023967,422.0033720130791,187.56628067499963,15161.0,499.303555020038,-0.0,0.0,232.51477265125231,234.43709133807945
A13,'Wipptalerhof Ost',22.41,1.0,2.0,10896.0000000005,10896.0000000005,2559.258804025,2559.258804025,0.0,0.0,-0.0,0.0,0.0,187.56628067499963,187.56628067499963,197.41942707049589,197.41942707049589,0.0,0.0,0.0,0.0,0.0,0.0
A13,'Wipptalerhof West',22.56,0.0,2.0,11615.0000000006,0.0,13021.6504394806,0.0,0.0,0.0,0.0,0.0,0.0,234.43709133807945,0.0,284.5704455300797,0.0,11615.0000000006,13021.6504394806,-0.0,0.0,234.43709133807945,284.5704455300797
A13,'Plon',23.61,1.0,2.0,10896.0000005253,10896.0000005253,9061.7295808126,9061.7295808126,0.0,0.0,-0.0,0.0,0.0,197.41942707049589,197.41942707049589,232.3070859566244,232.3070859566244,0.0,0.0,0.0,0.0,0.0,0.0
A13,'Nößlach',26.91,2.0,1.0,23614.719600115102,11586.8032248947,15947.45909304634,3428.79100785214,0.0,0.0,-0.0,0.0,0.0,516.8775314867041,232.3070859566244,578.2752489949326,245.50793133685514,12027.9163752204,12518.6680851942,-0.0,0.0,284.5704455300797,332.7673176580774
A13,'Gries Ost',29.15,1.0,0.0,11601.9977441357,11601.9977441357,11387.0182714568,11387.0182714568,0.0,0.0,-0.0,0.0,0.0,245.50793133685514,245.50793133685514,289.3479516819638,289.3479516819638,0.0,0.0,0.0,0.0,0.0,0.0
A13,'Gries West',29.54,0.0,0.0,12036.9997479612,0.0,4238.01324757162,0.0,0.0,0.0,0.0,0.0,0.0,332.7673176580774,0.0,349.0836686612281,0.0,12036.9997479612,4238.01324757162,-0.0,0.0,332.7673176580774,349.0836686612281
A13,'Brennersee - Fröhlich',32.6,0.0,2.0,12037.0,0.0,7411.89807862851,0.0,0.0,0.0,0.0,0.0,0.0,349.0836686612281,0.0,377.6194762639479,0.0,12037.0,7411.89807862851,-0.0,0.0,349.0836686612281,377.6194762639479
A13,'Brennersee',33.44,0.0,0.0,12037.0,0.0,1996.41830221485,0.0,0.0,0.0,0.0,0.0,0.0,377.6194762639479,0.0,385.30568672747506,0.0,12037.0,1996.41830221485,-0.0,0.0,377.6194762639479,385.30568672747506
A13,'Brennerpaß',34.16,2.0,0.0,23639.0,11602.0,2518.3592467820868,788.714642774237,1.0,2.0,1.0,684.3493215095499,292.38450305664463,674.6536384094388,289.3479516819638,0.0,0.0,12037.0,1729.64460400785,1.0,391.96481845290526,385.30568672747506,0.0
A14,'Hörbranz’,0.0,2.0,1.0,11914.4753848776,0.0,580.500203852487,0.0,0.0,0.0,0.0,0.0,0.0,0.0,0.0,2.2349257848320745,0.0,11914.4753848776,580.500203852487,-0.0,0.0,0.0,2.2349257848320745
A14,'Dornbirn West',15.07,1.0,2.0,22722.0167458292,22722.0167458292,41625.8331312937,41625.8331312937,0.0,0.0,-0.0,0.0,0.0,0.0,0.0,160.25945755548074,160.25945755548074,0.0,0.0,0.0,0.0,0.0,0.0
A14,'Dornbirn Ost',15.27,0.0,2.0,22911.0367349729,0.0,67389.025317105,0.0,0.0,0.0,0.0,0.0,0.0,2.2349257848320745,0.0,261.68267325568627,0.0,22911.0367349729,67389.025317105,-0.0,0.0,2.2349257848320745,261.68267325568627
A14,'Hohenems',24.48,2.0,0.0,53333.409583050205,26481.3173118972,99887.7943206925,49710.5477038244,0.0,0.0,-0.0,0.0,0.0,421.942130811167,160.25945755548074,806.5101389458331,351.6450662152047,26852.092271153,50177.2466168681,-0.0,0.0,261.68267325568627,454.8650727306284
A14,'Rankweil West',33.46,0.0,2.0,22794.1378827456,0.0,41099.9675156349,0.0,0.0,0.0,0.0,0.0,0.0,454.8650727306284,0.0,613.0999476658227,0.0,22794.1378827456,41099.9675156349,-0.0,0.0,454.8650727306284,613.0999476658227
A14,'Rankweil Ost',33.82,1.0,2.0,21949.8295700582,21949.8295700582,56639.5419642533,56639.5419642533,0.0,0.0,-0.0,0.0,0.0,351.6450662152047,351.6450662152047,569.7073027775798,569.7073027775798,0.0,0.0,0.0,0.0,0.0,0.0
A14,'Schlins West',46.72,0.0,2.0,13115.0,0.0,35141.4430123402,0.0,1.0,1.0,0.0,748.3945032633325,0.0,613.0999476658227,0.0,0.0,0.0,13115.0,35141.4430123402,1.0,748.3945032633325,613.0999476658227,0.0
A14,'Schlins Ost',46.85,1.0,2.0,13492.0,13492.0,22886.8096085797,22886.8096085797,0.0,0.0,-0.0,0.0,0.0,569.7073027775798,569.7073027775798,657.8215197706116,657.8215197706116,0.0,0.0,0.0,0.0,0.0,0.0
A14,'Nüziders',55.2,1.0,2.0,13282.1444541878,13282.1444541878,16978.2300117959,16978.2300117959,1.0,1.0,1.0,723.1877053160258,723.1877053160258,657.8215197706116,657.8215197706116,0.0,0.0,0.0,0.0,0.0,0.0,0.0,0.0
A2,'Guntramsdorf',14.43,2.0,0.0,106539.0608322543,51867.1748540638,341487.507923768,183029.570685775,1.0,2.0,1.0,1143.609560166868,533.5465018005943,0.0,0.0,171.11734533963852,171.11734533963931,54671.8859781905,158457.937237993,1.0,610.0630583662737,0.0,-7.958078640513122e-13
A2,'Leobersdorf',32.08,1.0,1.0,39540.0,39540.0,56942.7469960047,56942.7469960047,0.0,0.0,-0.0,0.0,0.0,171.11734533963931,171.11734533963931,390.3469212742574,390.3469212742574,0.0,0.0,0.0,0.0,0.0,0.0
A2,'Triestingtal',32.08,0.0,1.0,40445.0,0.0,143069.692384839,0.0,0.0,0.0,0.0,0.0,0.0,-7.958078640513122e-13,0.0,550.8183156816294,0.0,40445.0,143069.692384839,0.0,0.0,-7.958078640513122e-13,550.8183156816294
A2,'Föhrenberg',39.31,1.0,0.0,39539.9821561859,39539.9821561859,93778.9758869083,93778.9758869083,0.0,0.0,0.0,0.0,0.0,390.3469212742574,390.3469212742574,751.3959784388543,751.3959784388543,0.0,0.0,0.0,0.0,0.0,0.0
A2,'Bad Fischau',40.93,0.0,0.0,37535.00000001,0.0,66634.9678618674,0.0,0.0,0.0,0.0,0.0,0.0,550.8183156816294,0.0,807.362941949819,0.0,37535.00000001,66634.9678618674,0.0,0.0,550.8183156816294,807.362941949819
A2,'Steinfeld',50.35,0.0,1.0,32434.000315268,0.0,59928.4040275036,0.0,0.0,0.0,0.0,0.0,0.0,807.362941949819,0.0,1038.0872974557078,0.0,32434.000315268,59928.4040275036,0.0,0.0,807.362941949819,1038.0872974557078
A2,'Wr. Neustadt',51.18,1.0,1.0,31158.0000000005,31158.0000000005,64946.2458086027,64946.2458086027,0.0,0.0,0.0,0.0,0.0,751.3959784388543,751.3959784388543,1001.4390248019746,1001.4390248019746,0.0,0.0,0.0,0.0,0.0,0.0
A2,'Witzelsberg',60.84,0.0,2.0,21168.0000351488,0.0,44783.3049830335,0.0,0.0,0.0,0.0,0.0,0.0,1038.0872974557078,0.0,1210.5030216403868,0.0,21168.0000351488,44783.3049830335,0.0,0.0,1038.0872974557078,1210.5030216403868
A2,'Gleissenfeld',61.52,1.0,2.0,18726.0,18726.0,64345.9675839028,64345.9675839028,0.0,0.0,-0.0,8.526512829121202e-14,8.526512829121202e-14,1001.4390248019746,1001.4390248019746,1249.1710000000003,1249.1710000000003,0.0,0.0,0.0,0.0,0.0,0.0
A2,'Zöbern',78.76,2.0,0.0,34076.0,16223.0,89918.3531587639,25909.7669347858,1.0,4.0,2.0,2805.8596813016284,1348.9236026989256,2459.674021640387,1249.1710000000003,0.0,0.0,17853.0,64008.5862239781,2.0,1456.9360786027025,1210.5030216403868,0.0
A2,'Schäffern Ost',86.7,1.0,1.0,16223.0,16223.0,36516.9873725682,36516.9873725682,0.0,0.0,0.0,0.0,0.0,0.0,0.0,140.59040138438752,140.59040138438752,0.0,0.0,0.0,0.0,0.0,0.0
A2,'Pinkafeld/Ost',97.98,1.0,2.0,14325.0,14325.0,21727.4706064822,21727.4706064822,0.0,0.0,0.0,0.0,0.0,140.59040138438752,140.59040138438752,224.24116321934397,224.24116321934397,0.0,0.0,0.0,0.0,0.0,0.0
A2,'Pinkafeld/West',98.0,0.0,2.0,15629.0,0.0,60166.6097966719,0.0,0.0,0.0,0.0,0.0,0.0,0.0,0.0,231.6414477171868,0.0,15629.0,60166.6097966719,0.0,0.0,0.0,231.6414477171868
A2,'Loipersdorf',105.5,2.0,0.0,27899.0,13287.0,41927.3266110039,19788.4742563348,0.0,0.0,0.0,0.0,0.0,455.8826109365308,224.24116321934397,617.3028183888957,300.42678910623295,14612.0,22138.8523546691,-0.0,0.0,231.6414477171868,316.8760292826628
A2,'St. Johann/Süd',113.05,1.0,2.0,13287.0004772661,13287.0004772661,55839.6490520415,55839.6490520415,0.0,0.0,0.0,0.0,0.0,300.42678910623295,300.42678910623295,515.4094379565927,515.4094379565927,0.0,0.0,0.0,0.0,0.0,0.0
A2,'St. Johann/Nord',113.24,0.0,2.0,14612.0673292959,0.0,22243.9351941791,0.0,0.0,0.0,0.0,0.0,0.0,316.8760292826628,0.0,402.5151797802523,0.0,14612.0673292959,22243.9351941791,0.0,0.0,316.8760292826628,402.5151797802523
A2,'Hainersdorf',133.87,0.0,1.0,16035.0,0.0,66144.3325363727,0.0,0.0,0.0,0.0,0.0,0.0,402.5151797802523,0.0,657.1708600452872,0.0,16035.0,66144.3325363727,0.0,0.0,402.5151797802523,657.1708600452872
A2,'Bad Blumau',134.06,1.0,1.0,14879.0,14879.0,39913.5152205092,39913.5152205092,0.0,0.0,0.0,0.0,0.0,515.4094379565927,515.4094379565927,669.0764715555531,669.0764715555531,0.0,0.0,0.0,0.0,0.0,0.0
A2,'Ilztal/Nord ',147.5,1.0,2.0,16946.15608833,16946.15608833,22142.864532986,22142.864532986,0.0,0.0,0.0,0.0,0.0,669.0764715555531,669.0764715555531,754.3265000075492,754.3265000075492,0.0,0.0,0.0,0.0,0.0,0.0
A2,'Arnwiesen',154.1,2.0,0.0,36495.001082228904,16966.0005857295,135214.8043003815,56438.8731957795,0.0,0.0,0.0,0.0,0.0,1411.4973600528365,754.3265000075492,1932.0743566093051,971.6161618113002,19529.0004964994,78775.931104602,0.0,0.0,657.1708600452872,960.4581947980048
A2,'Laßnitzhöhe Nord',170.16,0.0,1.0,27470.0,0.0,89210.4176408041,0.0,0.0,0.0,0.0,0.0,0.0,960.4581947980048,0.0,1303.9183027151005,0.0,27470.0,89210.4176408041,0.0,0.0,960.4581947980048,1303.9183027151005
A2,'Laßnitzhöhe Süd',170.65,1.0,1.0,29743.0,29743.0,119872.947758941,119872.947758941,0.0,0.0,0.0,0.0,0.0,971.6161618113002,971.6161618113002,1433.127010683223,1433.127010683223,0.0,0.0,0.0,0.0,0.0,0.0
A2,'Kaiserwald',190.77,2.0,0.0,42649.004105068496,20682.001624263,212311.14271654858,122041.702619889,1.0,4.0,2.0,3554.443212857035,1902.9875657697955,2737.0453133983237,1433.127010683223,0.0,0.0,21967.0024808055,90269.4400966596,2.0,1651.4556470872399,1303.9183027151005,0.0
A2,'Herzogberg Nord',220.13,0.0,1.0,8807.00000002098,0.0,51848.9511520184,0.0,0.0,0.0,0.0,0.0,0.0,0.0,0.0,199.6184619352708,0.0,8807.00000002098,51848.9511520184,0.0,0.0,0.0,199.6184619352708
A2,'Herzogberg Süd',220.19,1.0,1.0,8120.99999999923,8120.99999999923,24362.1202495681,24362.1202495681,0.0,0.0,0.0,0.0,0.0,0.0,0.0,93.79416296083718,93.79416296083718,0.0,0.0,0.0,0.0,0.0,0.0
A2,'Pack',235.21,2.0,0.0,16928.0,8121.0,38160.3171582835,11620.3029978581,0.0,0.0,-0.0,0.0,0.0,293.412624896108,93.79416296083718,440.3298459554994,138.53232950259087,8807.0,26540.0141604254,-0.0,0.0,199.6184619352708,301.79751645290855
A2,'Twimberg Süd',242.34,1.0,2.0,9189.0,9189.0,32127.2478707757,32127.2478707757,0.0,0.0,0.0,0.0,0.0,138.53232950259087,138.53232950259087,262.2222338050773,262.2222338050773,0.0,0.0,0.0,0.0,0.0,0.0
A2,'Twimberg Nord',242.44,0.0,2.0,8465.0,0.0,12179.5072007533,0.0,0.0,0.0,0.0,0.0,0.0,301.79751645290855,0.0,348.68861917580875,0.0,8465.0,12179.5072007533,0.0,0.0,301.79751645290855,348.68861917580875
A2,'Fischering',259.85,1.0,2.0,10919.0,10919.0,19551.3376753875,19551.3376753875,0.0,0.0,0.0,0.0,0.0,262.2222338050773,262.2222338050773,337.49488385531913,337.49488385531913,0.0,0.0,0.0,0.0,0.0,0.0
A2,'St. Ändra',262.91,0.0,2.0,11358.0000016887,0.0,46444.591455371,0.0,0.0,0.0,0.0,0.0,0.0,348.68861917580875,0.0,527.5002962789871,0.0,11358.0000016887,46444.591455371,0.0,0.0,348.68861917580875,527.5002962789871
A2,'Gönitz/Süd',268.86,1.0,2.0,11607.0,11607.0,37377.3933307914,37377.3933307914,0.0,0.0,0.0,0.0,0.0,337.49488385531913,337.49488385531913,481.397848178866,481.397848178866,0.0,0.0,0.0,0.0,0.0,0.0
A2,'Gönitz/Nord',268.89,0.0,2.0,12420.0,0.0,14890.9937218363,0.0,0.0,0.0,0.0,0.0,0.0,527.5002962789871,0.0,584.8306221080568,0.0,12420.0,14890.9937218363,0.0,0.0,527.5002962789871,584.8306221080568
A2,'Haimburg Nord',279.17,0.0,2.0,10779.0,0.0,21954.7601039101,0.0,0.0,0.0,0.0,0.0,0.0,584.8306221080568,0.0,669.3564485081107,0.0,10779.0,21954.7601039101,0.0,0.0,584.8306221080568,669.3564485081107
A2,'Völkermarkt',285.09,2.0,0.0,21133.0,10354.0,43435.9331578516,30778.4550570871,0.0,0.0,0.0,0.0,0.0,1150.7542966869767,481.397848178866,1317.9826393447054,599.8949001486513,10779.0,12657.4781007645,-0.0,0.0,669.3564485081107,718.087739196054
A2,'Grafenstein Süd',300.0,1.0,1.0,13588.0,13588.0,64499.0949193352,64499.0949193352,0.0,0.0,0.0,0.0,0.0,599.8949001486513,599.8949001486513,848.2164155880919,848.2164155880919,0.0,0.0,0.0,0.0,0.0,0.0
A2,'Grafenstein Nord',300.0,0.0,1.0,13362.0,0.0,39644.4415823214,0.0,0.0,0.0,0.0,0.0,0.0,718.087739196054,0.0,870.7188392879914,0.0,13362.0,39644.4415823214,0.0,0.0,718.087739196054,870.7188392879914
A2,'Krumpendorf/Nord',329.28,0.0,2.0,19027.0040491233,0.0,72939.3212153292,0.0,0.0,0.0,0.0,0.0,0.0,870.7188392879914,0.0,1151.5352259670087,0.0,19027.0040491233,72939.3212153292,0.0,0.0,870.7188392879914,1151.5352259670087
A2,'Karawankenblick/Süd',333.84,1.0,2.0,19384.9993725885,19384.9993725885,24175.8201862661,24175.8201862661,0.0,0.0,0.0,0.0,0.0,848.2164155880919,848.2164155880919,941.2933233052163,941.2933233052163,0.0,0.0,0.0,0.0,0.0,0.0
A2,'Wörthersee',340.13,2.0,0.0,38076.9999970149,18623.9999987254,75344.6192070124,33207.3406415546,1.0,2.0,1.0,1440.6019474026557,481.2723439681907,2092.8285492722252,941.2933233052163,942.303385816567,587.8692408070108,19452.9999982895,42137.2785654578,1.0,959.3296034344651,1151.5352259670087,354.43414500955623
A2,'Sternberg/Süd',349.01,1.0,2.0,19615.999955893,19615.999955893,0.0,0.0,0.0,0.0,0.0,0.0,0.0,587.8692408070108,587.8692408070108,587.8692408070108,587.8692408070108,0.0,0.0,0.0,0.0,0.0,0.0
A2,'Sternberg/Nord',349.03,0.0,2.0,17176.9999895731,0.0,30590.1422357276,0.0,0.0,0.0,0.0,0.0,0.0,354.43414500955623,0.0,472.2061926171075,0.0,17176.9999895731,30590.1422357276,0.0,0.0,354.43414500955623,472.2061926171075
A2,'Federaun/Nord',361.73,0.0,2.0,16517.0,0.0,41902.478237364,0.0,0.0,0.0,0.0,0.0,0.0,472.2061926171075,0.0,633.5307338309589,0.0,16517.0,41902.478237364,0.0,0.0,472.2061926171075,633.5307338309589
A2,'Federaun/Süd',362.78,1.0,2.0,14962.9999999917,14962.9999999917,53969.2827395915,53969.2827395915,0.0,0.0,0.0,0.0,0.0,587.8692408070108,587.8692408070108,795.650979354438,795.650979354438,0.0,0.0,0.0,0.0,0.0,0.0
A2,'Dreiländereck Süd',374.17,2.0,0.0,29010.999955828578,19615.999955893,73068.5751484735,49722.0125105747,0.0,0.0,0.0,0.0,0.0,1429.1817131853968,795.650979354438,1710.49572750702,987.0807275201507,9394.99999993558,23346.5626378988,-0.0,0.0,633.5307338309589,723.4149999868692
A2,'Dreiländereck Nord',374.27,2.0,0.0,24357.99999982947,14963.0,3460.585113156896,3355.65518957125,1.0,2.0,1.0,1723.818980192674,1000.0,1710.49572750702,987.0807275201507,0.0,0.0,9394.99999982947,104.929923585646,1.0,723.818980192674,723.4149999868692,0.0
A21,'Alland',14.68,2.0,0.0,40163.5,20070.5,103417.5875090444,53997.2486152721,0.0,0.0,-0.0,0.0,0.0,0.0,0.0,398.15771190982093,207.8894071687976,20093.0,49420.3388937723,-0.0,0.0,0.0,190.26830474102331
A21,'Dornbach',19.96,1.0,2.0,19174.4834449889,19174.4834449889,20444.3562415576,20444.3562415576,0.0,0.0,-0.0,0.0,0.0,207.8894071687976,207.8894071687976,286.60017869879437,286.60017869879437,0.0,0.0,0.0,0.0,0.0,0.0
A21,'Sparbach',26.99,1.0,2.0,19671.3778540705,19671.3778540705,27694.9433992778,27694.9433992778,1.0,1.0,1.0,393.2257107860139,393.2257107860139,286.60017869879437,286.60017869879437,0.0,0.0,0.0,0.0,0.0,0.0,0.0,0.0
A21,'Hinterbrühl',26.99,0.0,1.0,19730.9622844667,0.0,44502.271823292,0.0,1.0,1.0,0.0,361.6020512606975,0.0,190.26830474102331,0.0,0.0,0.0,19730.9622844667,44502.271823292,1.0,361.6020512606975,190.26830474102331,0.0
A22,'Korneuburg West',18.04,1.0,0.0,32131.000000493,32131.000000493,63932.2189343836,63932.2189343836,0.0,0.0,-0.0,0.0,0.0,0.0,0.0,246.13904289737684,246.13904289737684,0.0,0.0,0.0,0.0,0.0,0.0
A22,'Korneuburg Ost',18.12,0.0,0.0,32321.0,0.0,116866.419778724,0.0,1.0,1.0,0.0,449.93571614808735,0.0,0.0,0.0,0.0,0.0,32321.0,116866.419778724,1.0,449.93571614808735,0.0,0.0
A22,'Stockerau',28.09,1.0,0.0,30190.0075840983,30190.0075840983,9009.75771256432,9009.75771256432,1.0,1.0,1.0,280.82661009074945,280.82661009074945,246.13904289737684,246.13904289737684,0.0,0.0,0.0,0.0,0.0,0.0,0.0,0.0
A25,'Pucking',5.97,0.0,1.0,21620.0,0.0,25350.6414168089,0.0,0.0,0.0,0.0,0.0,0.0,0.0,0.0,97.59996945471426,0.0,21620.0,25350.6414168089,-0.0,0.0,0.0,97.59996945471426
A25,'Sinnersdorf/Süd',6.11,1.0,2.0,21271.0,21271.0,28981.9325780941,28981.9325780941,0.0,0.0,-0.0,0.0,0.0,0.0,0.0,111.58044042566229,111.58044042566229,0.0,0.0,0.0,0.0,0.0,0.0
A25,'Wels',13.06,2.0,0.0,49975.503210327704,24897.0210114574,71240.92245977151,35752.432366673,1.0,2.0,1.0,483.4579613504968,249.22730503735332,209.18040988037654,111.58044042566229,0.0,0.0,25078.4821988703,35488.4900930985,1.0,234.23065631314347,97.59996945471426,0.0
A3,'Hornstein',28.0,2.0,0.0,35088.0,17661.0,114520.7625990136,47668.5879897419,1.0,2.0,1.0,440.9049360062023,183.52406376050632,0.0,0.0,0.0,0.0,17427.0,66852.1746092717,1.0,257.38087224569597,0.0,0.0
A4,'Simmering',2.45,0.0,0.0,35371.7896917694,0.0,22257.8385743495,0.0,0.0,0.0,0.0,0.0,0.0,0.0,0.0,85.69267851124556,0.0,35371.7896917694,22257.8385743495,-0.0,0.0,0.0,85.69267851124556
A4,'Fischamend',22.33,0.0,1.0,28227.0,0.0,112756.864089742,0.0,0.0,0.0,0.0,0.0,0.0,85.69267851124556,0.0,519.8066052567522,0.0,28227.0,112756.864089742,-0.0,0.0,85.69267851124556,519.8066052567522
A4,'Maria Ellend',22.48,1.0,1.0,27990.0,27990.0,32591.6448755632,32591.6448755632,0.0,0.0,-0.0,0.0,0.0,0.0,0.0,125.47783277091831,125.47783277091831,0.0,0.0,0.0,0.0,0.0,0.0
A4,'Göttlesbrunn',28.04,2.0,0.0,47550.0,23278.0,112197.1085476203,84150.5614747547,1.0,2.0,1.0,813.4219510170378,185.6361395297531,645.2844380276705,125.47783277091831,263.82135491897077,263.82135491897077,24272.0,28046.5470728656,1.0,627.7858114872847,519.8066052567522,0.0
A4,'Parndorf',46.23,1.0,2.0,19928.0,19928.0,74634.9733086667,74634.9733086667,0.0,0.0,0.0,0.0,0.0,263.82135491897077,263.82135491897077,551.1660021573375,551.1660021573375,0.0,0.0,0.0,0.0,0.0,0.0
A4,'Neusiedl',47.01,0.0,2.0,21837.0,0.0,82260.7844099831,0.0,0.0,0.0,0.0,0.0,0.0,0.0,0.0,316.7040199784347,0.0,21837.0,82260.7844099831,0.0,0.0,0.0,316.7040199784347
A4,'Nickelsdorf Süd',64.65,0.0,0.0,10545.0002054832,0.0,37272.1460143132,0.0,1.0,1.0,0.0,460.2017821335405,0.0,316.7040199784347,0.0,0.0,0.0,10545.0002054832,37272.1460143132,1.0,460.2017821335405,316.7040199784347,0.0
A4,'Nickelsdorf Nord',64.97,1.0,0.0,7158.00002801737,7158.00002801737,1140.78448822744,1140.78448822744,1.0,1.0,1.0,555.5580224370132,555.5580224370132,551.1660021573375,551.1660021573375,0.0,0.0,0.0,0.0,0.0,0.0,0.0,0.0
A5,'Hochleithen',10.63,2.0,0.0,35611.2,18304.7,171050.4446671828,136176.475622953,1.0,2.0,1.0,658.5442119686537,524.279431148369,0.0,0.0,0.0,0.0,17306.5,34873.9690442298,1.0,134.26478082028473,0.0,0.0
A6,'Potzneusiedl',10.8,2.0,0.0,15204.99999997072,7878.99999998374,33671.234605376696,17937.6953439935,1.0,2.0,1.0,129.63425323070027,69.06012707437496,0.0,0.0,0.0,0.0,7325.99999998698,15733.5392613832,1.0,60.57412615632531,0.0,0.0
A7,'Engerwitzdorf',25.71,1.0,1.0,19344.0,19344.0,4050.24228695362,4050.24228695362,1.0,1.0,1.0,15.593432804771435,15.593432804771435,0.0,0.0,0.0,0.0,0.0,0.0,0.0,0.0,0.0,0.0
A7,'Denk',25.76,0.0,1.0,18851.0,0.0,97075.8948382568,0.0,1.0,1.0,0.0,373.74219512728865,0.0,0.0,0.0,0.0,0.0,18851.0,97075.8948382568,1.0,373.74219512728865,0.0,0.0
A8,'Voralpenkreuz',0.17,2.0,0.0,20453.0,10372.0,35002.97696040161,34120.7993040976,0.0,0.0,-0.0,0.0,0.0,0.0,0.0,134.7614612975462,131.36507732077575,10081.0,882.177656304013,-0.0,0.0,0.0,3.3963839767704496
A8,'Oberham/Süd',16.76,1.0,2.0,24053.9987668495,24053.9987668495,18977.6357391317,18977.6357391317,0.0,0.0,-0.0,0.0,0.0,131.36507732077575,131.36507732077575,204.4289749164328,204.4289749164328,0.0,0.0,0.0,0.0,0.0,0.0
A8,'Oberham/Nord',18.32,0.0,2.0,21938.9594740121,0.0,79070.5212042674,0.0,0.0,0.0,0.0,0.0,0.0,3.3963839767704496,0.0,307.8178906131999,0.0,21938.9594740121,79070.5212042674,-0.0,0.0,3.3963839767704496,307.8178906131999
A8,'Schnittering/Süd',20.68,1.0,2.0,17695.5680773093,17695.5680773093,46433.724359523,46433.724359523,0.0,0.0,0.0,0.0,0.0,204.4289749164328,204.4289749164328,383.19881370059636,383.19881370059636,0.0,0.0,0.0,0.0,0.0,0.0
A8,'Kematen/Nord',24.85,0.0,2.0,16374.0,0.0,21401.0445813279,0.0,0.0,0.0,0.0,0.0,0.0,307.8178906131999,0.0,390.2119122513123,0.0,16374.0,21401.0445813279,0.0,0.0,307.8178906131999,390.2119122513123
A8,'Aistersheim',33.81,2.0,0.0,30956.0,15977.0,60874.300241769204,34038.4380512458,1.0,2.0,1.0,180.3878122310341,126.0578680102941,773.4107259519087,383.19881370059636,827.388969651686,388.1889321875986,14979.0,26835.8621905234,1.0,54.32994422074002,390.2119122513123,439.20003746408736
A8,'Gotthaming',43.74,0.0,2.0,13574.0021264066,0.0,26867.9601020947,0.0,0.0,0.0,0.0,0.0,0.0,439.20003746408736,0.0,542.641683857152,0.0,13574.0021264066,26867.9601020947,0.0,0.0,439.20003746408736,542.641683857152
A8,'Renhartsberg',44.47,1.0,2.0,14008.0000000001,14008.0000000001,14392.7026850084,14392.7026850084,0.0,0.0,0.0,0.0,0.0,388.1889321875986,388.1889321875986,443.60083752488094,443.60083752488094,0.0,0.0,0.0,0.0,0.0,0.0
A8,'Grübl/Süd’,49.59,1.0,2.0,14008.0,14008.0,20419.6304148242,20419.6304148242,0.0,0.0,0.0,0.0,0.0,443.60083752488094,443.60083752488094,522.2164146219541,522.2164146219541,0.0,0.0,0.0,0.0,0.0,0.0
A8,'Grübl/Nord',49.61,0.0,2.0,13574.0,0.0,15944.8924629993,0.0,0.0,0.0,0.0,0.0,0.0,542.641683857152,0.0,604.0295198396993,0.0,13574.0,15944.8924629993,0.0,0.0,542.641683857152,604.0295198396993
A8,'Murau West',56.77,1.0,1.0,14172.0,14172.0,41708.9211386976,41708.9211386976,0.0,0.0,0.0,0.0,0.0,522.2164146219541,522.2164146219541,682.7957610059398,682.7957610059398,0.0,0.0,0.0,0.0,0.0,0.0
A8,'Murau Ost',56.88,0.0,1.0,13536.0,0.0,19847.6823609433,0.0,0.0,0.0,0.0,0.0,0.0,604.0295198396993,0.0,680.4430969293311,0.0,13536.0,19847.6823609433,0.0,0.0,604.0295198396993,680.4430969293311
A8,'Marienkirchen/Schärding’,71.6,1.0,1.0,10055.2342807957,10055.2342807957,6370.45169055732,6370.45169055732,0.0,0.0,0.0,0.0,0.0,682.7957610059398,682.7957610059398,707.3220000145855,707.3220000145855,0.0,0.0,0.0,0.0,0.0,0.0
A8,'Dietrichshofen/Ost',72.06,0.0,2.0,8836.92333674456,0.0,26734.753655044,0.0,1.0,1.0,0.0,783.3718985012505,0.0,680.4430969293311,0.0,0.0,0.0,8836.92333674456,26734.753655044,1.0,783.3718985012505,680.4430969293311,0.0
A8,'Suben West',74.77,1.0,0.0,9186.00000018942,9186.00000018942,2309.50376076126,2309.50376076126,1.0,1.0,1.0,716.2135894935163,716.2135894935163,707.3220000145855,707.3220000145855,0.0,0.0,0.0,0.0,0.0,0.0,0.0,0.0
A9,'Maisdorf/Ost',12.66,1.0,2.0,10503.0,10503.0,49687.4935362851,49687.4935362851,0.0,0.0,0.0,0.0,0.0,0.0,0.0,191.2968501146976,191.2968501146976,0.0,0.0,0.0,0.0,0.0,0.0
A9,'Maisdorf/West',12.73,0.0,2.0,11055.0,0.0,28126.5824568507,0.0,0.0,0.0,0.0,0.0,0.0,0.0,0.0,108.28734245887517,0.0,11055.0,28126.5824568507,0.0,0.0,0.0,108.28734245887517
A9,'St. Pankraz',36.36,2.0,0.0,13974.0,6941.0,59101.108124232705,25927.4079819168,0.0,0.0,0.0,0.0,0.0,299.58419257357275,191.2968501146976,527.1234588518687,291.1173708450773,7033.0,33173.7001423159,0.0,0.0,108.28734245887517,236.00608800679137
A9,'Pyhrn-Priel Ost’,55.03,1.0,1.0,7591.97161176799,7591.97161176799,16849.293094569,16849.293094569,0.0,0.0,0.0,0.0,0.0,291.1173708450773,291.1173708450773,355.98714925916795,355.98714925916795,0.0,0.0,0.0,0.0,0.0,0.0
A9,'Pyhrn-Priel West',55.04,0.0,1.0,8230.85522813332,0.0,31192.3019866198,0.0,0.0,0.0,0.0,0.0,0.0,236.00608800679137,0.0,356.0964506552776,0.0,8230.85522813332,31192.3019866198,0.0,0.0,236.00608800679137,356.0964506552776
A9,'Ardning Ost',65.96,1.0,2.0,13083.9999998773,13083.9999998773,31041.4589923437,31041.4589923437,0.0,0.0,0.0,0.0,0.0,355.98714925916795,355.98714925916795,475.49676637969117,475.49676637969117,0.0,0.0,0.0,0.0,0.0,0.0
A9,'Ardning West',66.04,0.0,2.0,13361.9999999834,0.0,29114.4164492944,0.0,0.0,0.0,0.0,0.0,0.0,356.0964506552776,0.0,468.186953985061,0.0,13361.9999999834,29114.4164492944,0.0,0.0,356.0964506552776,468.186953985061
A9,'Rottenmann/Nord',77.91,1.0,2.0,13084.0,13084.0,20345.1880841495,20345.1880841495,0.0,0.0,0.0,-9.094947017729282e-13,-9.094947017729282e-13,475.49676637969117,475.49676637969117,553.8257405036677,553.8257405036677,0.0,0.0,0.0,0.0,0.0,0.0
A9,'Rottenmann/Süd',78.18,0.0,2.0,13362.0,0.0,32196.6325731684,0.0,0.0,0.0,0.0,0.0,0.0,468.186953985061,0.0,592.1439893917593,0.0,13362.0,32196.6325731684,0.0,0.0,468.186953985061,592.1439893917593
A9,'Trieben',85.7,2.0,0.0,20906.0,10287.0,29194.7856077996,13223.2246647429,1.0,2.0,1.0,965.1007253750848,547.5098685043868,1145.969729895427,553.8257405036677,293.26892911037066,57.22528695854112,10619.0,15971.5609430567,1.0,417.5908568706981,592.1439893917593,236.04364215182952
A9,'Gaishorn',92.11,1.0,1.0,10287.0,10287.0,59758.322392657,59758.322392657,0.0,0.0,0.0,0.0,0.0,57.22528695854112,57.22528695854112,287.29482817027053,287.29482817027053,0.0,0.0,0.0,0.0,0.0,0.0
A9,'Treglwang',94.03,0.0,2.0,10619.0,0.0,17705.3900050014,0.0,0.0,0.0,0.0,0.0,0.0,236.04364215182952,0.0,304.2093936710849,0.0,10619.0,17705.3900050014,0.0,0.0,236.04364215182952,304.2093936710849
A9,'Kalwang',106.26,0.0,1.0,10953.0,0.0,26930.4863629944,0.0,0.0,0.0,0.0,0.0,0.0,304.2093936710849,0.0,407.89176616861334,0.0,10953.0,26930.4863629944,0.0,0.0,304.2093936710849,407.89176616861334
A9,'Kammern Nord',121.18,1.0,2.0,10926.0,10926.0,175.988980444872,175.988980444872,0.0,0.0,0.0,0.0,0.0,287.29482817027053,287.29482817027053,287.9723857449833,287.9723857449833,0.0,0.0,0.0,0.0,0.0,0.0
A9,'Kammern Süd',121.26,2.0,0.0,21954.0,10926.0,64341.428073255505,31427.4136236468,0.0,0.0,0.0,0.0,0.0,695.8641519135966,287.9723857449833,943.5786499956303,408.9679281960234,11028.0,32914.0144496087,0.0,0.0,407.89176616861334,534.6107217996068
A9,'St. Michael',135.01,0.0,2.0,11073.0049655244,0.0,30404.0043093092,0.0,0.0,0.0,0.0,0.0,0.0,534.6107217996068,0.0,651.6661383904473,0.0,11073.0049655244,30404.0043093092,0.0,0.0,534.6107217996068,651.6661383904473
A9,'Ortnerhof Süd’,135.65,0.0,2.0,11073.9994440636,0.0,1386.65109811539,0.0,0.0,0.0,0.0,0.0,0.0,651.6661383904473,0.0,657.0047451181915,0.0,11073.9994440636,1386.65109811539,0.0,0.0,651.6661383904473,657.0047451181915
A9,'Ortnerhof Nord',135.65,1.0,2.0,10574.9998730129,10574.9998730129,7705.62811144795,7705.62811144795,0.0,0.0,0.0,0.0,0.0,408.9679281960234,408.9679281960234,438.63459642509804,438.63459642509804,0.0,0.0,0.0,0.0,0.0,0.0
A9,'Hinterlainsach/Ost',139.16,0.0,2.0,11074.0,0.0,7841.72166568702,0.0,0.0,0.0,0.0,0.0,0.0,657.0047451181915,0.0,687.1953735310865,0.0,11074.0,7841.72166568702,0.0,0.0,657.0047451181915,687.1953735310865
A9,'Hinterlainsach/West',139.3,1.0,2.0,10575.0,10575.0,31388.7335234428,31388.7335234428,0.0,0.0,0.0,0.0,0.0,438.63459642509804,438.63459642509804,559.4812204903528,559.4812204903528,0.0,0.0,0.0,0.0,0.0,0.0
A9,'Kleintal',150.57,0.0,2.0,11777.0,0.0,26809.3360642933,0.0,0.0,0.0,0.0,0.0,0.0,687.1953735310865,0.0,790.4113173786156,0.0,11777.0,26809.3360642933,0.0,0.0,687.1953735310865,790.4113173786156
A9,'Übelbach 1',154.16,1.0,2.0,11512.0,11512.0,17781.9235231718,17781.9235231718,0.0,0.0,0.0,0.0,0.0,559.4812204903528,559.4812204903528,627.9416260545643,627.9416260545643,0.0,0.0,0.0,0.0,0.0,0.0
A9,'Übelbach 2',154.24,0.0,2.0,11777.0,0.0,8639.97767636247,0.0,0.0,0.0,0.0,0.0,0.0,790.4113173786156,0.0,823.6752314326111,0.0,11777.0,8639.97767636247,0.0,0.0,790.4113173786156,823.6752314326111
A9,'Deutschfeistritz',161.95,2.0,0.0,23289.000114064198,11512.0000590489,76050.6525493734,58046.724152641,0.0,0.0,0.0,4.661160346586257e-12,0.0,1451.6168574871754,627.9416260545643,1744.4118698022585,851.4215140422322,11777.0000550153,18003.9283967324,0.0,4.661160346586257e-12,823.6752314326111,892.9903557600262
A9,'Eggenfeld',169.13,0.0,2.0,20432.1080698656,0.0,29453.135965858,0.0,0.0,0.0,0.0,0.0,0.0,892.9903557600262,0.0,1006.3849292285795,0.0,20432.1080698656,29453.135965858,0.0,0.0,892.9903557600262,1006.3849292285795
A9,'Feldkirchen',186.97,1.0,2.0,29999.0102815467,29999.0102815467,57184.4442484991,57184.4442484991,0.0,0.0,0.0,0.0,0.0,851.4215140422322,851.4215140422322,1071.5816243989536,1071.5816243989536,0.0,0.0,0.0,0.0,0.0,0.0
A9,'Premstätten',192.48,0.0,1.0,32302.5116708696,0.0,152381.317083486,0.0,0.0,0.0,0.0,0.0,0.0,1006.3849292285795,0.0,1593.0530000000006,0.0,32302.5116708696,152381.317083486,0.0,0.0,1006.3849292285795,1593.0530000000006
A9,'Thalerhof',196.52,1.0,2.0,26113.2658741873,26113.2658741873,77662.2651232488,77662.2651232488,1.0,1.0,1.0,999.9999999999999,999.9999999999999,1071.5816243989536,1071.5816243989536,370.5813451234616,370.5813451234616,0.0,0.0,0.0,0.0,0.0,0.0
A9,'Gralla West',211.06,0.0,0.0,20689.0,0.0,76643.5863777935,0.0,1.0,2.0,0.0,1888.1308075545055,0.0,1593.0530000000006,0.0,0.0,0.0,20689.0,76643.5863777935,2.0,1888.1308075545055,1593.0530000000006,0.0
A9,'Gralla Ost',211.45,1.0,0.0,19399.0,19399.0,52785.1051627529,52785.1051627529,0.0,0.0,0.0,0.0,0.0,370.5813451234616,370.5813451234616,573.8040000000602,573.8040000000602,0.0,0.0,0.0,0.0,0.0,0.0
A9,'Straß Ost’,225.02,1.0,2.0,7452.00000000078,7452.00000000078,7466.9835977584,7466.9835977584,1.0,1.0,1.0,602.55188685143,602.55188685143,573.8040000000602,573.8040000000602,0.0,0.0,0.0,0.0,0.0,0.0,0.0,0.0
A9,'Straß West',225.02,0.0,2.0,8239.00000000051,0.0,22970.085281965,0.0,1.0,1.0,0.0,88.43482833556524,0.0,0.0,0.0,0.0,0.0,8239.00000000051,22970.085281965,1.0,88.43482833556524,0.0,0.0
S16,'Schnann',18.9,2.0,0.0,9860.99996031521,4918.99996031522,43437.3063097745,24737.2326994265,0.0,0.0,-0.0,0.0,0.0,0.0,0.0,167.2336292926318,95.23834589279201,4941.99999999999,18700.073610348,-0.0,0.0,0.0,71.99528339983979
S16,'Klösterle',44.17,1.0,0.0,4439.00000026553,4439.00000026553,13183.2372957264,13183.2372957264,0.0,0.0,-0.0,0.0,0.0,95.23834589279201,95.23834589279201,145.99380948133864,145.99380948133864,0.0,0.0,0.0,0.0,0.0,0.0
S16,'Innerbraz',54.99,0.0,0.0,5392.0,0.0,38789.0895145232,0.0,0.0,0.0,0.0,0.0,0.0,71.99528339983979,0.0,221.3332780307541,0.0,5392.0,38789.0895145232,-0.0,0.0,71.99528339983979,221.3332780307541
S16,'Radin Süd',59.01,1.0,2.0,5252.0,5252.0,3038.65560533498,3038.65560533498,1.0,1.0,1.0,157.69263356187832,157.69263356187832,145.99380948133864,145.99380948133864,0.0,0.0,0.0,0.0,0.0,0.0,0.0,0.0
S16,'Radin Nord',59.03,0.0,2.0,5392.0,0.0,4366.47563598932,0.0,1.0,1.0,0.0,238.14420922931296,0.0,221.3332780307541,0.0,0.0,0.0,5392.0,4366.47563598932,1.0,238.14420922931296,221.3332780307541,0.0
S1A,'Schwechat',9.85,2.0,0.0,61703.499999875596,30239.9999998998,98660.2094337553,59618.6864748636,1.0,2.0,1.0,379.84180631995787,229.53194292822485,0.0,0.0,0.0,0.0,31463.4999999758,39041.5229588917,1.0,150.30986339173302,0.0,0.0
S1B,'Deutsch Wagram',39.05,2.0,0.0,32604.8333333334,16366.8666666667,73145.99870320685,63468.894044686,1.0,2.0,1.0,281.6120950073463,244.35524207204105,0.0,0.0,0.0,0.0,16237.9666666667,9677.10465852084,1.0,37.25685293530523,0.0,0.0
S3,'Hollabrunn',23.6,1.0,2.0,6766.0,6766.0,15563.6304365099,15563.6304365099,1.0,1.0,1.0,59.91997718056311,59.91997718056311,0.0,0.0,0.0,0.0,0.0,0.0,0.0,0.0,0.0,0.0
S31,‘Mattersburg’,52.09,1.0,2.0,8153.0,8153.0,26231.7185760427,26231.7185760427,0.0,0.0,-0.0,0.0,0.0,0.0,0.0,100.99211651776437,100.99211651776437,0.0,0.0,0.0,0.0,0.0,0.0
S31,'Forchtenstein’,52.45,0.0,2.0,7857.0,0.0,29576.2970950276,0.0,0.0,0.0,0.0,0.0,0.0,0.0,0.0,113.86874381585625,0.0,7857.0,29576.2970950276,-0.0,0.0,0.0,113.86874381585625
S31,'Kobersdorf',66.91,0.0,2.0,6223.99999959079,0.0,17886.0953980026,0.0,1.0,1.0,0.0,182.73021109816625,0.0,113.86874381585625,0.0,0.0,0.0,6223.99999959079,17886.0953980026,1.0,182.73021109816625,113.86874381585625,0.0
S31,'Tschurndorf',68.14,1.0,2.0,6566.99981701551,6566.99981701551,21185.2830579882,21185.2830579882,1.0,1.0,1.0,182.5554562910189,182.5554562910189,100.99211651776437,100.99211651776437,0.0,0.0,0.0,0.0,0.0,0.0,0.0,0.0
S33,'St. Pölten Ost',1.84,0.0,0.0,15332.0,0.0,42162.7134503831,0.0,0.0,0.0,0.0,0.0,0.0,0.0,0.0,162.32644678397492,0.0,15332.0,42162.7134503831,-0.0,0.0,0.0,162.32644678397492
S33,'Inzersdorf',15.28,1.0,1.0,15650.3644596231,15650.3644596231,47979.5381659785,47979.5381659785,1.0,1.0,1.0,184.72122193901717,184.72122193901717,0.0,0.0,0.0,0.0,0.0,0.0,0.0,0.0,0.0,0.0
S33,'Herzogenburg',15.69,0.0,1.0,15657.3198933445,0.0,36041.873172353,0.0,1.0,1.0,0.0,301.08765849753394,0.0,162.32644678397492,0.0,0.0,0.0,15657.3198933445,36041.873172353,1.0,301.08765849753394,162.32644678397492,0.0
S35,'Frohnleiten Ost',26.82,1.0,2.0,9690.0,9690.0,18587.0306660648,18587.0306660648,1.0,1.0,1.0,71.56006806434947,71.56006806434947,0.0,0.0,0.0,0.0,0.0,0.0,0.0,0.0,0.0,0.0
S35,'Frohnleiten West',26.82,0.0,2.0,9816.0,0.0,51001.4723618157,0.0,1.0,1.0,0.0,196.3556685929904,0.0,0.0,0.0,0.0,0.0,9816.0,51001.4723618157,1.0,196.3556685929904,0.0,0.0
S36,'St. Marein Nord',14.89,0.0,0.0,10113.0,0.0,30156.5054856072,0.0,0.0,0.0,0.0,0.0,0.0,0.0,0.0,116.10254611958771,0.0,10113.0,30156.5054856072,-0.0,0.0,0.0,116.10254611958771
S36,'St. Marein Süd',14.97,1.0,0.0,10133.0,10133.0,39904.3447834717,39904.3447834717,0.0,0.0,-0.0,0.0,0.0,0.0,0.0,153.63172741636603,153.63172741636603,0.0,0.0,0.0,0.0,0.0,0.0
S36,'Strettweg',34.61,1.0,2.0,9701.0,9701.0,5373.27834651624,5373.27834651624,1.0,1.0,1.0,174.31884905045357,174.31884905045357,153.63172741636603,153.63172741636603,0.0,0.0,0.0,0.0,0.0,0.0,0.0,0.0
S36,'Hauswald',35.77,0.0,2.0,9740.5,0.0,40577.7359324679,0.0,1.0,1.0,0.0,272.32682945958913,0.0,116.10254611958771,0.0,0.0,0.0,9740.5,40577.7359324679,1.0,272.32682945958913,116.10254611958771,0.0
S37,'Hunnenbrunnen',285.19,0.0,2.0,19888.0,9830.0,36142.46463235457,31846.6690887825,0.0,1.0,1.0,122.6096759918126,122.6096759918126,0.0,0.0,16.538812842752463,0.0,10058.0,4295.79554357207,-0.0,0.0,0.0,16.538812842752463
S37,'Zollfeld',293.91,0.0,2.0,10058.0,0.0,17382.6063387542,0.0,1.0,1.0,0.0,83.46184724695614,0.0,16.538812842752463,0.0,0.0,0.0,10058.0,17382.6063387542,1.0,83.46184724695614,16.538812842752463,0.0
S5,'Zaina',6.3,0.0,2.0,17736.0,0.0,22057.7426519245,0.0,0.0,0.0,0.0,0.0,0.0,0.0,0.0,84.92230920990932,0.0,17736.0,22057.7426519245,-0.0,0.0,0.0,84.92230920990932
S5,'Grafenwörth',32.85,2.0,0.0,24240.0,12223.0,92944.8042105512,29144.4621276873,1.0,2.0,1.0,442.7598054205314,112.2061791915961,84.92230920990932,0.0,0.0,0.0,12017.0,63800.3420828639,1.0,330.5536262289353,84.92230920990932,0.0
S6,'Natschbach',3.22,2.0,0.0,28895.0,14454.0,49805.03843322327,41975.638309581,0.0,0.0,-0.0,0.0,0.0,0.0,0.0,191.74939796790957,161.60620749188683,14441.0,7829.40012364227,-0.0,0.0,0.0,30.143190476022735
S6,'Gloggnitz Süd',17.81,1.0,2.0,7935.5,7935.5,9081.29725430135,9081.29725430135,0.0,0.0,-0.0,0.0,0.0,161.60620749188683,161.60620749188683,196.56920192094702,196.56920192094702,0.0,0.0,0.0,0.0,0.0,0.0
S6,'Gloggnitz Nord',18.44,0.0,2.0,8009.0,0.0,24242.6211560244,0.0,0.0,0.0,0.0,0.0,0.0,30.143190476022735,0.0,123.47728192671667,0.0,8009.0,24242.6211560244,-0.0,0.0,30.143190476022735,123.47728192671667
S6,'Schottwien',23.57,2.0,0.0,15944.5,7935.5,47842.38487070691,39660.7829112576,0.0,0.0,-0.0,0.0,0.0,320.0464838476637,196.56920192094702,504.23966559988526,349.26321612928876,8009.0,8181.60195944931,-0.0,0.0,123.47728192671667,154.97644947059652
S6,'Schwöbing Nord',48.55,0.0,0.0,9945.0,0.0,49668.1515643949,0.0,0.0,0.0,0.0,0.0,0.0,154.97644947059652,0.0,346.1988329935169,0.0,9945.0,49668.1515643949,-0.0,0.0,154.97644947059652,346.1988329935169
S6,'Schwöbing Süd',48.57,1.0,0.0,9757.0,9757.0,46526.2086406298,46526.2086406298,0.0,0.0,-0.0,0.0,0.0,349.26321612928876,349.26321612928876,528.3891193957135,528.3891193957135,0.0,0.0,0.0,0.0,0.0,0.0
S6,'St. Marein',68.99,0.0,0.0,12864.0,0.0,52521.6000726417,0.0,0.0,0.0,0.0,0.0,0.0,346.1988329935169,0.0,548.4069932731875,0.0,12864.0,52521.6000726417,-0.0,0.0,346.1988329935169,548.4069932731875
S6,'Kapfenberg Nord',72.03,0.0,2.0,12864.0,0.0,7831.34579629671,0.0,1.0,1.0,0.0,578.5576745889298,0.0,548.4069932731875,0.0,0.0,0.0,12864.0,7831.34579629671,1.0,578.5576745889298,548.4069932731875,0.0
S6,'Kapfenberg Süd',72.45,1.0,1.0,12893.5,12893.5,83967.4089500264,83967.4089500264,1.0,1.0,1.0,851.6636438533151,851.6636438533151,528.3891193957135,528.3891193957135,0.0,0.0,0.0,0.0,0.0,0.0,0.0,0.0
