Time of calculation: 20210928-173333; value of objective: -1427.1313497708388;  acc=20.0;  ec=0.25;  e_tax=0.15;  cfix=150000;  cvar=10000;  eta=0.011; mu=0.5; tf_at_peak=0.1;  hours_of_constant_charging=20;  i=0.05;  T=10
highway,name,asfinag_position,direction,asfinag_type,traffic_flow,traffic_flow_0,energy_demand,energy_demand_0,pXi_dir,pYi_dir,pYi_dir_0,pE_charged,pE_charged_0,pE_input,pE_input_0,pE_output,pE_output_0,traffic_flow_1,energy_demand_1,pYi_dir_1,pE_charged_1,pE_input_1,pE_output_1
A1,'Steinhäusl',32.7,2.0,0.0,63195.9999999991,31485.9999999993,117655.82716694953,85223.0128830256,1.0,36.0,22.0,1785.9106570856418,1085.9106570856409,2073.363767202989,1039.0379999999768,352.16381505916974,0.0,31709.9999999998,32432.814283923934,14.0,700.0000000000009,1034.3257672030124,352.16381505916974
A1,'Kirchstetten',44.88,0.0,1.0,29897.9999954276,29897.9999954276,7273.2080942762805,7273.2080942762805,0.0,0.0,0.0,0.0,0.0,0.0,0.0,4.000264451851955,4.000264451851955,0.0,0.0,0.0,0.0,0.0,0.0
A1,'Kesselhof',44.88,1.0,1.0,30234.9999967191,0.0,10913.0955699818,0.0,0.0,0.0,0.0,0.0,0.0,352.16381505916974,0.0,358.16601762265975,0.0,30234.9999967191,10913.0955699818,0.0,0.0,352.16381505916974,358.16601762265975
A1,'St. Pölten',62.9,2.0,1.0,71148.0,35583.0,22745.48494341069,12842.2417400266,0.0,0.0,-0.0,0.0,0.0,362.1662820745117,4.000264451851955,374.6762987933871,11.063497408866084,35565.0,9903.24320338409,0.0,0.0,358.16601762265975,363.612801384521
A1,'Schallaburg',76.81,1.0,1.0,29188.0,0.0,13693.436037638901,0.0,0.0,0.0,0.0,0.0,0.0,363.612801384521,0.0,371.14419120522234,0.0,29188.0,13693.436037638901,0.0,0.0,363.612801384521,371.14419120522234
A1,'Roggendorf',76.82,0.0,1.0,28377.0,28377.0,7856.23321961741,7856.23321961741,0.0,0.0,0.0,0.0,0.0,11.063497408866084,11.063497408866084,15.384425679655664,15.384425679655664,0.0,0.0,0.0,0.0,0.0,0.0
A1,'Ornding',88.04,0.0,1.0,27048.0,27048.0,6048.807492270461,6048.807492270461,0.0,0.0,0.0,0.0,0.0,15.384425679655664,15.384425679655664,18.71126980040441,18.71126980040441,0.0,0.0,0.0,0.0,0.0,0.0
A1,'Ybbs',100.32,1.0,0.0,27161.4044508388,0.0,10412.9250667749,0.0,0.0,0.0,0.0,0.0,0.0,371.14419120522234,0.0,376.8712999919486,0.0,27161.4044508388,10412.9250667749,0.0,0.0,371.14419120522234,376.8712999919486
A1,'Kemmelbach',101.38,0.0,0.0,26898.0000000002,26898.0000000002,7222.610016870651,7222.610016870651,0.0,0.0,0.0,0.0,0.0,18.71126980040441,18.71126980040441,22.683705309683262,22.683705309683262,0.0,0.0,0.0,0.0,0.0,0.0
A1,'Viehdorf',118.17,0.0,1.0,25545.0,25545.0,9211.75706346928,9211.75706346928,0.0,0.0,0.0,0.0,0.0,22.683705309683262,22.683705309683262,27.750171694591373,27.750171694591373,0.0,0.0,0.0,0.0,0.0,0.0
A1,'Amstetten',119.36,1.0,1.0,25407.0,0.0,5612.853142795881,0.0,0.0,0.0,0.0,0.0,0.0,376.8712999919486,0.0,379.9583692204863,0.0,25407.0,5612.853142795881,0.0,0.0,376.8712999919486,379.9583692204863
A1,'Strengberg',136.0,0.0,0.0,25773.0,25773.0,20517.073585843482,20517.073585843482,0.0,0.0,0.0,0.0,0.0,27.750171694591373,27.750171694591373,39.03456216680529,39.03456216680529,0.0,0.0,0.0,0.0,0.0,0.0
A1,'Haag',143.54,1.0,0.0,28172.0,0.0,49146.84261487124,0.0,0.0,0.0,0.0,0.0,0.0,379.9583692204863,0.0,406.9891326586655,0.0,28172.0,49146.84261487124,0.0,0.0,379.9583692204863,406.9891326586655
A1,'Enns Süd',156.19,1.0,1.0,29648.7371150985,0.0,8623.66993060754,0.0,0.0,0.0,0.0,0.0,0.0,406.9891326586655,0.0,411.7321511204996,0.0,29648.7371150985,8623.66993060754,0.0,0.0,406.9891326586655,411.7321511204996
A1,'Enns Nord',156.79,0.0,1.0,29791.8873283766,29791.8873283766,107290.1258459927,107290.1258459927,0.0,0.0,0.0,0.0,0.0,39.03456216680529,39.03456216680529,98.04413138210128,98.04413138210128,0.0,0.0,0.0,0.0,0.0,0.0
A1,'Ansfelden Süd',170.93,1.0,0.0,46681.6462052378,0.0,10859.9646702595,0.0,0.0,0.0,0.0,0.0,0.0,411.7321511204996,0.0,417.7051316891424,0.0,46681.6462052378,10859.9646702595,0.0,0.0,411.7321511204996,417.7051316891424
A1,'Ansfelden Nord',171.01,0.0,0.0,48225.5889671851,48225.5889671851,13772.945647842802,13772.945647842802,0.0,0.0,0.0,0.0,0.0,98.04413138210128,98.04413138210128,105.61925148841482,105.61925148841482,0.0,0.0,0.0,0.0,0.0,0.0
A1,'Allhaming Süd',182.59,1.0,1.0,22273.0,0.0,13203.200498622302,0.0,0.0,0.0,0.0,0.0,0.0,417.7051316891424,0.0,424.9668919633846,0.0,22273.0,13203.200498622302,0.0,0.0,417.7051316891424,424.9668919633846
A1,'Allhaming Nord',182.6,0.0,1.0,22478.0,22478.0,5207.45961839218,5207.45961839218,0.0,0.0,0.0,0.0,0.0,105.61925148841482,105.61925148841482,108.48335427853053,108.48335427853053,0.0,0.0,0.0,0.0,0.0,0.0
A1,'Lindach Nord',212.26,0.0,0.0,24091.0,24091.0,14329.218694581003,14329.218694581003,0.0,0.0,0.0,0.0,0.0,108.48335427853053,108.48335427853053,116.36442456055008,116.36442456055008,0.0,0.0,0.0,0.0,0.0,0.0
A1,'Lindach Süd',212.27,1.0,0.0,24205.0,0.0,8850.07129286602,0.0,0.0,0.0,0.0,0.0,0.0,424.9668919633846,0.0,429.8344311744609,0.0,24205.0,8850.07129286602,0.0,0.0,424.9668919633846,429.8344311744609
A1,'Hainbach Süd',230.7,1.0,1.0,16641.0,0.0,4362.68866404899,0.0,0.0,0.0,0.0,0.0,0.0,429.8344311744609,0.0,432.23390993968786,0.0,16641.0,4362.68866404899,0.0,0.0,429.8344311744609,432.23390993968786
A1,'Hainbach Nord',230.72,0.0,1.0,15023.0,15023.0,5544.70737267175,5544.70737267175,0.0,0.0,0.0,0.0,0.0,116.36442456055008,116.36442456055008,119.41401361551954,119.41401361551954,0.0,0.0,0.0,0.0,0.0,0.0
A1,'Straß',243.67,1.0,1.0,16828.6748354971,0.0,5228.6933312582005,0.0,0.0,0.0,0.0,0.0,0.0,432.23390993968786,0.0,435.1096912718799,0.0,16828.6748354971,5228.6933312582005,0.0,0.0,432.23390993968786,435.1096912718799
A1,'Oberwang',251.03,0.0,1.0,15727.0,15727.0,15644.427352878869,15644.427352878869,0.0,0.0,0.0,0.0,0.0,119.41401361551954,119.41401361551954,128.0184486596029,128.0184486596029,0.0,0.0,0.0,0.0,0.0,0.0
A1,'Mondsee',259.23,2.0,0.0,31060.001681777,15727.0008823286,6047.1650280389,2534.2395337159505,0.0,0.0,0.0,0.0,0.0,563.1281399314828,128.0184486596029,566.4540806969042,129.41228040314667,15333.0007994484,3512.92549432295,0.0,0.0,435.1096912718799,437.0418002937575
A1,'Söllheim',286.46,1.0,0.0,28864.5374641219,0.0,23473.720109923783,0.0,0.0,0.0,0.0,0.0,0.0,437.0418002937575,0.0,449.9523463542156,0.0,28864.5374641219,23473.720109923783,0.0,0.0,437.0418002937575,449.9523463542156
A1,'Kasern',287.89,0.0,0.0,38922.8495638266,38922.8495638266,26279.598492011413,26279.598492011413,0.0,0.0,0.0,0.0,0.0,129.41228040314667,129.41228040314667,143.86605957375295,143.86605957375295,0.0,0.0,0.0,0.0,0.0,0.0
A1,'Walserberg Süd',300.71,1.0,0.0,14880.000000003,0.0,86.6429923349707,0.0,1.0,9.0,0.0,449.99999999999983,0.0,449.9523463542156,0.0,0.0,0.0,14880.000000003,86.6429923349707,9.0,449.99999999999983,449.9523463542156,0.0
A1,'Walserberg Nord',300.73,0.0,0.0,12964.0000000086,12964.0000000086,3307.98474862659,3307.98474862659,1.0,3.0,3.0,145.68545118549758,145.68545118549758,143.86605957375295,143.86605957375295,0.0,0.0,0.0,0.0,0.0,0.0,0.0,0.0
A10,'Golling Ost',28.76,1.0,0.0,19647.000947721,0.0,21777.530658361502,0.0,0.0,0.0,0.0,0.0,0.0,0.0,0.0,11.977641862098825,0.0,19647.000947721,21777.530658361502,-0.0,0.0,0.0,11.977641862098825
A10,'Golling West',28.82,0.0,0.0,19875.0006682874,19875.0006682874,10804.34130122156,10804.34130122156,0.0,0.0,-0.0,0.0,0.0,0.0,0.0,5.942387715671859,5.942387715671859,0.0,0.0,0.0,0.0,0.0,0.0
A10,'Eben Süd',59.21,2.0,0.0,31555.3674870556,15997.4166196057,9360.471220487327,7.398398827676821,0.0,0.0,-0.0,0.0,0.0,17.920029577770684,5.942387715671859,23.068288749038715,5.946456835027081,15557.9508674499,9353.07282165965,-0.0,0.0,11.977641862098825,17.121831914011633
A10,'Eben Nord',59.32,2.0,0.0,31554.1611930787,15997.1632592005,2966.7927073449973,2959.59799097216,0.0,0.0,-0.0,0.0,0.0,23.068288749038715,5.946456835027081,24.70002473807846,7.574235730061769,15556.9979338782,7.194716372837231,-0.0,0.0,17.121831914011633,17.125789008016692
A10,'Tauernalm',79.79,2.0,0.0,21522.867721662602,10903.6545591513,6262.11090379549,1850.83621190257,0.0,0.0,-0.0,0.0,0.0,24.70002473807846,7.574235730061769,28.14418573516598,8.592195646608182,10619.2131625113,4411.274691892921,-0.0,0.0,17.125789008016692,19.551990088557798
A10,'Lungau',97.91,0.0,0.0,10877.0,10877.0,3952.4432813572503,3952.4432813572503,0.0,0.0,-0.0,0.0,0.0,8.592195646608182,8.592195646608182,10.76603945135467,10.76603945135467,0.0,0.0,0.0,0.0,0.0,0.0
A10,'Lanschütz',100.6,1.0,1.0,10558.5,0.0,3349.17098286973,0.0,0.0,0.0,0.0,0.0,0.0,19.551990088557798,0.0,21.39403412913615,0.0,10558.5,3349.17098286973,-0.0,0.0,19.551990088557798,21.39403412913615
A10,'Eisentratten',125.92,2.0,0.0,14181.0,6878.0,4160.65550890561,1848.32107350259,0.0,0.0,-0.0,0.0,0.0,32.16007358049082,10.76603945135467,34.4484341103889,11.782616041781095,7303.0,2312.33443540302,-0.0,0.0,21.39403412913615,22.66581806860781
A10,'Feistritz an der Drau',162.01,2.0,0.0,29679.0,14929.0,12209.30394177002,5868.172369671651,1.0,2.0,1.0,41.16355127836242,15.010110845100503,34.4484341103889,11.782616041781095,0.0,0.0,14750.0,6341.13157209837,1.0,26.153440433261913,22.66581806860781,0.0
A11,'Rosegg',9.04,2.0,0.0,9108.5,4306.5,1944.403423128795,780.6040740767851,1.0,2.0,1.0,1.0694218827208373,0.4293322407422318,0.0,0.0,0.0,0.0,4802.0,1163.79934905201,1.0,0.6400896419786055,0.0,0.0
A12,'Angath Süd',14.1,2.0,0.0,39223.0,19908.0,5614.810872631694,5614.42882507633,0.0,0.0,0.0,0.0,0.0,0.0,0.0,3.0881459799474316,3.0879358537919814,19315.0,0.382047555363476,-0.0,0.0,0.0,0.00021012615544991183
A12,'Angath Nord',14.22,2.0,0.0,39223.0,19908.0,8600.39180407436,0.393776998818332,0.0,0.0,0.0,0.0,0.0,3.0881459799474316,3.0879358537919814,7.818361472188328,3.0881524311413315,19315.0,8599.99802707554,-0.0,0.0,0.00021012615544991183,4.730209041046996
A12,'Münster Nord',35.71,0.0,1.0,18334.0,18334.0,7956.53529063989,7956.53529063989,0.0,0.0,-0.0,0.0,0.0,3.0881524311413315,3.0881524311413315,7.464246840993271,7.464246840993271,0.0,0.0,0.0,0.0,0.0,0.0
A12,'Münster Süd',36.25,1.0,1.0,18162.0,0.0,5102.709845672921,0.0,0.0,0.0,0.0,0.0,0.0,4.730209041046996,0.0,7.536699456167103,0.0,18162.0,5102.709845672921,-0.0,0.0,4.730209041046996,7.536699456167103
A12,'Vomp',50.47,1.0,0.0,24431.9999999911,0.0,2223.43563073972,0.0,0.0,0.0,0.0,0.0,0.0,7.536699456167103,0.0,8.759589053073949,0.0,24431.9999999911,2223.43563073972,-0.0,0.0,7.536699456167103,8.759589053073949
A12,'Weer',54.8,0.0,0.0,24110.0001896077,24110.0001896077,9192.239487971721,9192.239487971721,0.0,0.0,-0.0,0.0,0.0,7.464246840993271,7.464246840993271,12.519978559377718,12.519978559377718,0.0,0.0,0.0,0.0,0.0,0.0
A12,'Weer Süd',55.0,1.0,1.0,24141.0019875313,0.0,4441.890300224891,0.0,0.0,0.0,0.0,0.0,0.0,8.759589053073949,0.0,11.202628718197639,0.0,24141.0019875313,4441.890300224891,-0.0,0.0,8.759589053073949,11.202628718197639
A12,'Ampaß',72.07,0.0,0.0,35539.999996608,35539.999996608,4243.9321950182,4243.9321950182,0.0,0.0,-0.0,0.0,0.0,12.519978559377718,12.519978559377718,14.854141266637727,14.854141266637727,0.0,0.0,0.0,0.0,0.0,0.0
A12,'Zirl-Inzing',91.77,0.0,1.0,20799.0,20799.0,2466.12588506712,2466.12588506712,0.0,0.0,-0.0,0.0,0.0,14.854141266637727,14.854141266637727,16.210510503424644,16.210510503424644,0.0,0.0,0.0,0.0,0.0,0.0
A12,'Pettnau',95.81,2.0,0.0,37922.0,18889.0,4316.75950545956,1463.82455732991,0.0,0.0,-0.0,0.0,0.0,27.41313922162228,16.210510503424644,29.787356949625043,17.015614009956096,19033.0,2852.9349481296504,-0.0,0.0,11.202628718197639,12.771742939668947
A12,'Mils',135.51,2.0,0.0,19502.0000000008,10262.0,2188.0454342200483,339.158190843648,0.0,1.0,-0.0,13.788630923525966,0.0,29.787356949625043,17.015614009956096,17.2021510149201,17.2021510149201,9240.0000000008,1848.8872433764002,1.0,13.788630923525966,12.771742939668947,0.0
A13,'Europabrücke',8.27,2.0,0.0,41638.0,21023.0,3238.852662410622,845.2295186301021,0.0,0.0,-0.0,0.0,0.0,17.2021510149201,17.2021510149201,18.983519979245944,17.667027250166658,20615.0,2393.62314378052,-0.0,0.0,0.0,1.316492729079286
A13,'Matrei West',16.79,0.0,0.0,15161.0,15161.0,2584.6426928735104,2584.6426928735104,0.0,0.0,-0.0,0.0,0.0,17.667027250166658,17.667027250166658,19.088580731247088,19.088580731247088,0.0,0.0,0.0,0.0,0.0,0.0
A13,'Matrei Ost',16.95,2.0,0.0,29983.0,15161.0,1673.488229651614,49.930355502003806,0.0,0.0,-0.0,0.0,0.0,20.405073460326374,19.088580731247088,21.325491986634763,19.11604242677319,14822.0,1623.5578741496101,-0.0,0.0,1.316492729079286,2.2094495598615715
A13,'Nößlach',26.91,2.0,1.0,12027.9163752204,12027.9163752204,1251.8668085194201,1251.8668085194201,0.0,0.0,-0.0,0.0,0.0,19.11604242677319,19.11604242677319,19.804569171458873,19.804569171458873,0.0,0.0,0.0,0.0,0.0,0.0
A13,'Gries Ost',29.15,1.0,0.0,11601.9977441357,0.0,1138.70182714568,0.0,0.0,0.0,0.0,0.0,0.0,2.2094495598615715,0.0,2.8357355647916958,0.0,11601.9977441357,1138.70182714568,-0.0,0.0,2.2094495598615715,2.8357355647916958
A13,'Gries West',29.54,0.0,0.0,12036.9997479612,12036.9997479612,423.80132475716204,423.80132475716204,0.0,0.0,-0.0,0.0,0.0,19.804569171458873,19.804569171458873,20.03765990007531,20.03765990007531,0.0,0.0,0.0,0.0,0.0,0.0
A13,'Brennersee',33.44,0.0,0.0,12037.0,12037.0,199.641830221485,199.641830221485,0.0,0.0,-0.0,0.0,0.0,20.03765990007531,20.03765990007531,20.14746290669713,20.14746290669713,0.0,0.0,0.0,0.0,0.0,0.0
A13,'Brennerpaß',34.16,2.0,0.0,23639.0,12037.0,251.8359246782087,172.96446040078501,1.0,2.0,1.0,23.121708230061838,20.24259335991756,22.983198471488826,20.14746290669713,0.0,0.0,11602.0,78.8714642774237,1.0,2.879114870144279,2.8357355647916958,0.0
A14,'Hörbranz’,0.0,2.0,1.0,11914.4753848776,11914.4753848776,58.0500203852487,58.0500203852487,0.0,0.0,-0.0,0.0,0.0,0.0,0.0,0.03192751121188664,0.03192751121188664,0.0,0.0,0.0,0.0,0.0,0.0
A14,'Hohenems',24.48,2.0,0.0,53333.409583050205,26852.092271153,9988.779432069252,5017.724661686811,1.0,2.0,1.0,5.525756198849975,2.7916760751396326,0.03192751121188664,0.03192751121188664,0.0,-0.0,26481.3173118972,4971.05477038244,1.0,2.7340801237103425,0.0,-0.0
A2,'Guntramsdorf',14.43,2.0,0.0,106539.0608322543,54671.8859781905,34148.7507923768,15845.793723799301,0.0,0.0,0.0,3.0300020863650507e-13,-1.9539925233402755e-12,0.0,0.0,18.781812935806936,8.71518654809157,51867.1748540638,18302.9570685775,0.0,2.2569927319767806e-12,0.0,10.066626387715367
A2,'Triestingtal',32.08,0.0,1.0,40445.0,40445.0,14306.9692384839,14306.9692384839,0.0,0.0,0.0,0.0,0.0,8.71518654809157,8.71518654809157,16.584019629257714,16.584019629257714,0.0,0.0,0.0,0.0,0.0,0.0
A2,'Leobersdorf',32.08,1.0,1.0,39540.0,0.0,5694.274699600471,0.0,0.0,0.0,0.0,0.0,0.0,10.066626387715367,0.0,13.198477472495625,0.0,39540.0,5694.274699600471,0.0,0.0,10.066626387715367,13.198477472495625
A2,'Föhrenberg',39.31,1.0,0.0,39539.9821561859,0.0,9377.89758869083,0.0,0.0,0.0,0.0,0.0,0.0,13.198477472495625,0.0,18.356321146275583,0.0,39539.9821561859,9377.89758869083,0.0,0.0,13.198477472495625,18.356321146275583
A2,'Bad Fischau',40.93,0.0,0.0,37535.00000001,37535.00000001,6663.49678618674,6663.49678618674,0.0,0.0,0.0,0.0,0.0,16.584019629257714,16.584019629257714,20.24894286166042,20.24894286166042,0.0,0.0,0.0,0.0,0.0,0.0
A2,'Steinfeld',50.35,0.0,1.0,32434.000315268,32434.000315268,5992.84040275036,5992.84040275036,0.0,0.0,0.0,0.0,0.0,20.24894286166042,20.24894286166042,23.54500508317312,23.54500508317312,0.0,0.0,0.0,0.0,0.0,0.0
A2,'Wr. Neustadt',51.18,1.0,1.0,31158.0000000005,0.0,6494.624580860271,0.0,0.0,0.0,0.0,0.0,0.0,18.356321146275583,0.0,21.92836466574873,0.0,31158.0000000005,6494.624580860271,0.0,0.0,18.356321146275583,21.92836466574873
A2,'Zöbern',78.76,2.0,0.0,34076.0,17853.0,8991.83531587639,6400.85862239781,0.0,0.0,0.0,0.0,0.0,45.473369748921854,23.54500508317312,50.41887917265387,27.065477325491916,16223.0,2590.9766934785803,0.0,0.0,21.92836466574873,23.35340184716195
A2,'Schäffern Ost',86.7,1.0,1.0,16223.0,0.0,3651.69873725682,0.0,0.0,0.0,0.0,0.0,0.0,23.35340184716195,0.0,25.3618361526532,0.0,16223.0,3651.69873725682,0.0,0.0,23.35340184716195,25.3618361526532
A2,'Loipersdorf',105.5,2.0,0.0,27899.0,14612.0,4192.73266110039,2213.88523546691,0.0,0.0,0.0,0.0,0.0,52.427313478145116,27.065477325491916,54.73331644175033,28.283114204998718,13287.0,1978.8474256334803,0.0,0.0,25.3618361526532,26.450202236751615
A2,'Hainersdorf',133.87,0.0,1.0,16035.0,16035.0,6614.433253637271,6614.433253637271,0.0,0.0,0.0,0.0,0.0,28.283114204998718,28.283114204998718,31.921052494499218,31.921052494499218,0.0,0.0,0.0,0.0,0.0,0.0
A2,'Bad Blumau',134.06,1.0,1.0,14879.0,0.0,3991.3515220509203,0.0,0.0,0.0,0.0,0.0,0.0,26.450202236751615,0.0,28.64544557387962,0.0,14879.0,3991.3515220509203,0.0,0.0,26.450202236751615,28.64544557387962
A2,'Arnwiesen',154.1,2.0,0.0,36495.001082228904,19529.0004964994,13521.480430038151,7877.5931104602005,0.0,0.0,0.0,0.0,0.0,60.566498068378834,31.921052494499218,68.00331230489982,36.25372870525233,16966.0005857295,5643.887319577951,0.0,0.0,28.64544557387962,31.749583599647494
A2,'Laßnitzhöhe Nord',170.16,0.0,1.0,27470.0,27470.0,8921.04176408041,8921.04176408041,0.0,0.0,0.0,0.0,0.0,36.25372870525233,36.25372870525233,41.160301675496555,41.160301675496555,0.0,0.0,0.0,0.0,0.0,0.0
A2,'Laßnitzhöhe Süd',170.65,1.0,1.0,29743.0,0.0,11987.2947758941,0.0,0.0,0.0,0.0,0.0,0.0,31.749583599647494,0.0,38.34259572638925,0.0,29743.0,11987.2947758941,0.0,0.0,31.749583599647494,38.34259572638925
A2,'Kaiserwald',190.77,2.0,0.0,42649.004105068496,21967.0024808055,21231.11427165486,9026.94400966596,0.0,0.0,0.0,0.0,0.0,79.5028974018858,41.160301675496555,91.18001025129598,46.12512088081284,20682.001624263,12204.1702619889,0.0,0.0,38.34259572638925,45.054889370483146
A2,'Herzogberg Nord',220.13,0.0,1.0,8807.00000002098,8807.00000002098,5184.895115201841,5184.895115201841,0.0,0.0,0.0,0.0,0.0,46.12512088081284,46.12512088081284,48.97681319417385,48.97681319417385,0.0,0.0,0.0,0.0,0.0,0.0
A2,'Herzogberg Süd',220.19,1.0,1.0,8120.99999999923,0.0,2436.21202495681,0.0,0.0,0.0,0.0,0.0,0.0,45.054889370483146,0.0,46.39480598420939,0.0,8120.99999999923,2436.21202495681,0.0,0.0,45.054889370483146,46.39480598420939
A2,'Pack',235.21,2.0,0.0,16928.0,8807.0,3816.0317158283497,2654.00141604254,0.0,0.0,0.0,0.0,0.0,95.37161917838324,48.97681319417385,97.47043662208884,50.43651397299725,8121.0,1162.03029978581,0.0,0.0,46.39480598420939,47.033922649091586
A2,'Völkermarkt',285.09,2.0,0.0,21133.0,10779.0,4343.5933157851605,1265.7478100764502,0.0,0.0,0.0,0.0,0.0,97.47043662208884,50.43651397299725,99.85941294577067,51.132675268539295,10354.0,3077.8455057087103,0.0,0.0,47.033922649091586,48.72673767723138
A2,'Grafenstein Nord',300.0,0.0,1.0,13362.0,13362.0,3964.44415823214,3964.44415823214,0.0,0.0,0.0,0.0,0.0,51.132675268539295,51.132675268539295,53.31311955556697,53.31311955556697,0.0,0.0,0.0,0.0,0.0,0.0
A2,'Grafenstein Süd',300.0,1.0,1.0,13588.0,0.0,6449.90949193352,0.0,0.0,0.0,0.0,0.0,0.0,48.72673767723138,0.0,52.27418789779481,0.0,13588.0,6449.90949193352,0.0,0.0,48.72673767723138,52.27418789779481
A2,'Wörthersee',340.13,2.0,0.0,38076.9999970149,19452.9999982895,7534.46192070124,4213.72785654578,0.0,0.0,0.0,0.0,0.0,105.58730745336177,53.31311955556697,109.73126150974744,55.630669876667135,18623.9999987254,3320.73406415546,0.0,0.0,52.27418789779481,54.10059163308031
A2,'Dreiländereck Süd',374.17,2.0,0.0,29010.999955828578,9394.99999993558,7306.85751484735,2334.65626378988,0.0,0.0,0.0,0.0,0.0,109.73126150974744,55.630669876667135,113.75003314291351,56.91473082175158,19615.999955893,4972.2012510574705,0.0,0.0,54.10059163308031,56.83530232116192
A2,'Dreiländereck Nord',374.27,2.0,0.0,24357.99999982947,9394.99999982947,346.05851131568966,10.4929923585646,1.0,4.0,2.0,113.94036532413713,56.920501967548795,113.75003314291351,56.91473082175158,0.0,0.0,14963.0,335.56551895712505,2.0,57.01986335658834,56.83530232116192,0.0
A21,'Alland',14.68,2.0,0.0,40163.5,20093.0,10341.758750904442,4942.0338893772305,0.0,1.0,-0.0,2.969848673839966,0.0,0.0,0.0,2.7181186391574768,2.7181186391574768,20070.5,5399.724861527211,1.0,2.969848673839966,0.0,-0.0
A21,'Hinterbrühl',26.99,0.0,1.0,19730.9622844667,19730.9622844667,4450.2271823292,4450.2271823292,1.0,1.0,1.0,5.165743589438537,5.165743589438537,2.7181186391574768,2.7181186391574768,0.0,0.0,0.0,0.0,0.0,0.0,0.0,0.0
A22,'Korneuburg West',18.04,1.0,0.0,32131.000000493,0.0,6393.22189343836,0.0,0.0,0.0,0.0,0.0,0.0,0.0,0.0,3.516272041391098,0.0,32131.000000493,6393.22189343836,-0.0,0.0,0.0,3.516272041391098
A22,'Korneuburg Ost',18.12,0.0,0.0,32321.0,32321.0,11686.641977872401,11686.641977872401,1.0,1.0,1.0,6.427653087829821,6.427653087829821,0.0,0.0,0.0,0.0,0.0,0.0,0.0,0.0,0.0,0.0
A22,'Stockerau',28.09,1.0,0.0,30190.0075840983,0.0,900.975771256432,0.0,1.0,1.0,0.0,4.011808715582136,0.0,3.516272041391098,0.0,0.0,0.0,30190.0075840983,900.975771256432,1.0,4.011808715582136,3.516272041391098,0.0
A25,'Pucking',5.97,0.0,1.0,21620.0,21620.0,2535.0641416808903,2535.0641416808903,0.0,0.0,-0.0,0.0,0.0,0.0,0.0,1.3942852779244896,1.3942852779244896,0.0,0.0,0.0,0.0,0.0,0.0
A25,'Wels',13.06,2.0,0.0,49975.503210327704,25078.4821988703,7124.09224597715,3548.8490093098503,1.0,2.0,1.0,5.312536013211922,3.3461522330449074,1.3942852779244896,1.3942852779244896,0.0,0.0,24897.0210114574,3575.2432366673,1.0,1.966383780167015,0.0,0.0
A3,'Hornstein',28.0,2.0,0.0,35088.0,17427.0,11452.07625990136,6685.21746092717,1.0,2.0,1.0,6.298641942945748,3.6768696035099433,0.0,0.0,0.0,0.0,17661.0,4766.85879897419,1.0,2.6217723394358043,0.0,0.0
A4,'Simmering',2.45,0.0,0.0,35371.7896917694,35371.7896917694,2225.78385743495,2225.78385743495,0.0,0.0,-0.0,0.0,0.0,0.0,0.0,1.2241811215892224,1.2241811215892224,0.0,0.0,0.0,0.0,0.0,0.0
A4,'Fischamend',22.33,0.0,1.0,28227.0,28227.0,11275.686408974201,11275.686408974201,0.0,0.0,-0.0,0.0,0.0,1.2241811215892224,1.2241811215892224,7.425808646525033,7.425808646525033,0.0,0.0,0.0,0.0,0.0,0.0
A4,'Maria Ellend',22.48,1.0,1.0,27990.0,0.0,3259.16448755632,0.0,0.0,0.0,0.0,0.0,0.0,0.0,0.0,1.792540468155976,0.0,27990.0,3259.16448755632,-0.0,0.0,0.0,1.792540468155976
A4,'Göttlesbrunn',28.04,2.0,0.0,47550.0,24272.0,11219.71085476203,2804.65470728656,0.0,0.0,-0.0,0.0,0.0,9.218349114681008,7.425808646525033,15.389190084800124,8.96836873553264,23278.0,8415.05614747547,-0.0,0.0,1.792540468155976,6.420821349267484
A4,'Nickelsdorf Süd',64.65,0.0,0.0,10545.0002054832,10545.0002054832,3727.2146014313203,3727.2146014313203,1.0,1.0,1.0,11.018336766319866,11.018336766319866,8.96836873553264,8.96836873553264,0.0,0.0,0.0,0.0,0.0,0.0,0.0,0.0
A4,'Nickelsdorf Nord',64.97,1.0,0.0,7158.00002801737,0.0,114.07844882274401,0.0,1.0,1.0,0.0,6.483564496119993,0.0,6.420821349267484,0.0,0.0,0.0,7158.00002801737,114.07844882274401,1.0,6.483564496119993,6.420821349267484,0.0
A5,'Hochleithen',10.63,2.0,0.0,35611.2,17306.5,17105.044466718282,3487.3969044229802,1.0,2.0,1.0,9.407774456695055,1.9180682974326393,0.0,0.0,0.0,0.0,18304.7,13617.6475622953,1.0,7.489706159262416,0.0,0.0
A6,'Potzneusiedl',10.8,2.0,0.0,15204.99999997072,7325.99999998698,3367.1234605376703,1573.35392613832,1.0,2.0,1.0,1.8519179032957185,0.8653446593760761,0.0,0.0,0.0,0.0,7878.99999998374,1793.76953439935,1.0,0.9865732439196425,0.0,0.0
A7,'Engerwitzdorf',25.71,1.0,1.0,19344.0,0.0,405.024228695362,0.0,1.0,1.0,0.0,0.22276332578244912,0.0,0.0,0.0,0.0,0.0,19344.0,405.024228695362,1.0,0.22276332578244912,0.0,0.0
A7,'Denk',25.76,0.0,1.0,18851.0,18851.0,9707.58948382568,9707.58948382568,1.0,1.0,1.0,5.339174216104125,5.339174216104125,0.0,0.0,0.0,0.0,0.0,0.0,0.0,0.0,0.0,0.0
A8,'Voralpenkreuz',0.17,2.0,0.0,20453.0,10081.0,3500.297696040161,88.2177656304013,0.0,0.0,-0.0,0.0,0.0,0.0,0.0,1.9251637328220887,0.04851977109672071,10372.0,3412.07993040976,-0.0,0.0,0.0,1.876643961725368
A8,'Aistersheim',33.81,2.0,0.0,30956.0,14979.0,6087.430024176921,2683.5862190523403,0.0,0.0,-0.0,0.0,0.0,1.9251637328220887,0.04851977109672071,5.273250246119395,1.5244921915755079,15977.0,3403.8438051245803,-0.0,0.0,1.876643961725368,3.748758054543887
A8,'Murau West',56.77,1.0,1.0,14172.0,0.0,4170.892113869761,0.0,0.0,0.0,0.0,0.0,0.0,3.748758054543887,0.0,6.042748717172255,0.0,14172.0,4170.892113869761,-0.0,0.0,3.748758054543887,6.042748717172255
A8,'Murau Ost',56.88,0.0,1.0,13536.0,13536.0,1984.7682360943302,1984.7682360943302,0.0,0.0,-0.0,0.0,0.0,1.5244921915755079,1.5244921915755079,2.6161147214273894,2.6161147214273894,0.0,0.0,0.0,0.0,0.0,0.0
A8,'Marienkirchen/Schärding’,71.6,1.0,1.0,10055.2342807957,0.0,637.045169055732,0.0,0.0,0.0,0.0,0.0,0.0,6.042748717172255,0.0,6.393123560152907,0.0,10055.2342807957,637.045169055732,-0.0,0.0,6.042748717172255,6.393123560152907
A8,'Suben West',74.77,1.0,0.0,9186.00000018942,0.0,230.950376076126,0.0,1.0,1.0,0.0,6.520146266994777,0.0,6.393123560152907,0.0,0.0,0.0,9186.00000018942,230.950376076126,1.0,6.520146266994777,6.393123560152907,0.0
A9,'St. Pankraz',36.36,2.0,0.0,13974.0,7033.0,5910.1108124232705,3317.37001423159,0.0,0.0,-0.0,0.0,0.0,2.6161147214273894,2.6161147214273894,5.866675668260188,4.440668229254764,6941.0,2592.7407981916804,-0.0,0.0,0.0,1.426007439005424
A9,'Pyhrn-Priel Ost’,55.03,1.0,1.0,7591.97161176799,0.0,1684.9293094569,0.0,0.0,0.0,0.0,0.0,0.0,1.426007439005424,0.0,2.352718559206719,0.0,7591.97161176799,1684.9293094569,-0.0,0.0,1.426007439005424,2.352718559206719
A9,'Pyhrn-Priel West',55.04,0.0,1.0,8230.85522813332,8230.85522813332,3119.2301986619805,3119.2301986619805,0.0,0.0,-0.0,0.0,0.0,4.440668229254764,4.440668229254764,6.1562448385188535,6.1562448385188535,0.0,0.0,0.0,0.0,0.0,0.0
A9,'Trieben',85.7,2.0,0.0,20906.0,10619.0,2919.4785607799604,1597.1560943056702,0.0,0.0,-0.0,0.0,0.0,8.508963397725573,6.1562448385188535,10.11467660615455,7.034680690386972,10287.0,1322.3224664742902,-0.0,0.0,2.352718559206719,3.0799959157675785
A9,'Gaishorn',92.11,1.0,1.0,10287.0,0.0,5975.8322392657,0.0,0.0,0.0,0.0,0.0,0.0,3.0799959157675785,0.0,6.366703647363713,0.0,10287.0,5975.8322392657,-0.0,0.0,3.0799959157675785,6.366703647363713
A9,'Kalwang',106.26,0.0,1.0,10953.0,10953.0,2693.04863629944,2693.04863629944,0.0,0.0,-0.0,0.0,0.0,7.034680690386972,7.034680690386972,8.515857440351665,8.515857440351665,0.0,0.0,0.0,0.0,0.0,0.0
A9,'Kammern Süd',121.26,2.0,0.0,21954.0,11028.0,6434.14280732555,3291.4014449608703,0.0,0.0,-0.0,0.0,0.0,14.882561087715377,8.515857440351665,18.42133963174443,10.326128235080144,10926.0,3142.7413623646803,-0.0,0.0,6.366703647363713,8.095211396664288
A9,'Deutschfeistritz',161.95,2.0,0.0,23289.000114064198,11777.0000550153,7605.06525493734,1800.3928396732401,0.0,0.0,-0.0,0.0,0.0,18.42133963174443,10.326128235080144,22.604125521959972,11.316344296900427,11512.0000590489,5804.6724152641,-0.0,0.0,8.095211396664288,11.287781225059543
A9,'Premstätten',192.48,0.0,1.0,32302.5116708696,32302.5116708696,15238.131708348601,15238.131708348601,0.0,0.0,-0.0,0.0,0.0,11.316344296900427,11.316344296900427,19.697316736492155,19.697316736492155,0.0,0.0,0.0,0.0,0.0,0.0
A9,'Gralla West',211.06,0.0,0.0,20689.0,20689.0,7664.358637779351,7664.358637779351,1.0,1.0,1.0,23.9127139872708,23.9127139872708,19.697316736492155,19.697316736492155,0.0,-0.0,0.0,0.0,0.0,0.0,0.0,0.0
A9,'Gralla Ost',211.45,1.0,0.0,19399.0,0.0,5278.510516275291,0.0,1.0,1.0,0.0,14.190962009010953,0.0,11.287781225059543,0.0,0.0,0.0,19399.0,5278.510516275291,1.0,14.190962009010953,11.287781225059543,-0.0
S16,'Schnann',18.9,2.0,0.0,9860.99996031521,4941.99999999999,4343.73063097745,1870.0073610348002,0.0,0.0,-0.0,0.0,0.0,0.0,0.0,2.3890518470375977,1.0285040485691401,4918.99996031522,2473.72326994265,-0.0,0.0,0.0,1.3605477984684573
S16,'Klösterle',44.17,1.0,0.0,4439.00000026553,0.0,1318.32372957264,0.0,1.0,1.0,0.0,2.0856258497334093,0.0,1.3605477984684573,0.0,0.0,0.0,4439.00000026553,1318.32372957264,1.0,2.0856258497334093,1.3605477984684573,-0.0
S16,'Innerbraz',54.99,0.0,0.0,5392.0,5392.0,3878.9089514523203,3878.9089514523203,1.0,1.0,1.0,3.161903971867916,3.161903971867916,1.0285040485691401,1.0285040485691401,0.0,-0.0,0.0,0.0,0.0,0.0,0.0,0.0
S1A,'Schwechat',9.85,2.0,0.0,61703.499999875596,31463.4999999758,9866.02094337553,3904.15229588917,1.0,2.0,1.0,5.426311518856542,2.1472837627390438,0.0,0.0,0.0,0.0,30239.9999998998,5961.868647486361,1.0,3.2790277561174985,0.0,0.0
S1B,'Deutsch Wagram',39.05,2.0,0.0,32604.8333333334,16237.9666666667,7314.599870320684,967.7104658520841,1.0,2.0,1.0,4.023029928676376,0.5322407562186462,0.0,0.0,0.0,0.0,16366.8666666667,6346.8894044686,1.0,3.4907891724577302,0.0,0.0
S33,'St. Pölten Ost',1.84,0.0,0.0,15332.0,15332.0,4216.27134503831,4216.27134503831,0.0,0.0,-0.0,0.0,0.0,0.0,0.0,2.3189492397710705,2.3189492397710705,0.0,0.0,0.0,0.0,0.0,0.0
S33,'Inzersdorf',15.28,1.0,1.0,15650.3644596231,0.0,4797.95381659785,0.0,1.0,1.0,0.0,2.6388745991288176,0.0,0.0,0.0,0.0,0.0,15650.3644596231,4797.95381659785,1.0,2.6388745991288176,0.0,0.0
S33,'Herzogenburg',15.69,0.0,1.0,15657.3198933445,15657.3198933445,3604.1873172353003,3604.1873172353003,1.0,1.0,1.0,4.301252264250486,4.301252264250486,2.3189492397710705,2.3189492397710705,0.0,0.0,0.0,0.0,0.0,0.0,0.0,0.0
S36,'St. Marein Nord',14.89,0.0,0.0,10113.0,10113.0,3015.65054856072,3015.65054856072,0.0,0.0,-0.0,0.0,0.0,0.0,0.0,1.6586078017083956,1.6586078017083956,0.0,0.0,0.0,0.0,0.0,0.0
S36,'St. Marein Süd',14.97,1.0,0.0,10133.0,0.0,3990.43447834717,0.0,1.0,1.0,0.0,2.1947389630909435,0.0,0.0,0.0,0.0,0.0,10133.0,3990.43447834717,1.0,2.1947389630909435,0.0,-0.0
S5,'Grafenwörth',32.85,2.0,0.0,24240.0,12017.0,9294.48042105512,6380.03420828639,1.0,2.0,1.0,6.770572033288712,5.167626616265911,1.6586078017083956,1.6586078017083956,0.0,0.0,12223.0,2914.44621276873,1.0,1.6029454170228015,0.0,0.0
S6,'Natschbach',3.22,2.0,0.0,28895.0,14441.0,4980.503843322327,782.9400123642271,0.0,0.0,-0.0,0.0,0.0,0.0,0.0,2.73927711382728,0.4306170068003249,14454.0,4197.5638309581,-0.0,0.0,0.0,2.308660107026955
S6,'Schottwien',23.57,2.0,0.0,15944.5,8009.0,4784.238487070691,818.160195944931,0.0,0.0,-0.0,0.0,0.0,2.73927711382728,0.4306170068003249,5.37060828171616,0.880605114570037,7935.5,3966.07829112576,-0.0,0.0,2.308660107026955,4.4900031671461225
S6,'Schwöbing Nord',48.55,0.0,0.0,9945.0,9945.0,4966.81515643949,4966.81515643949,0.0,0.0,-0.0,0.0,0.0,0.880605114570037,0.880605114570037,3.612353450611757,3.612353450611757,0.0,0.0,0.0,0.0,0.0,0.0
S6,'Schwöbing Süd',48.57,1.0,0.0,9757.0,0.0,4652.62086406298,0.0,0.0,0.0,0.0,0.0,0.0,4.4900031671461225,0.0,7.0489446423807625,0.0,9757.0,4652.62086406298,-0.0,0.0,4.4900031671461225,7.0489446423807625
S6,'St. Marein',68.99,0.0,0.0,12864.0,12864.0,5252.16000726417,5252.16000726417,0.0,0.0,-0.0,0.0,0.0,3.612353450611757,3.612353450611757,6.5010414546070505,6.5010414546070505,0.0,0.0,0.0,0.0,0.0,0.0
S6,'Kapfenberg Süd',72.45,1.0,1.0,12893.5,0.0,8396.74089500264,0.0,1.0,1.0,0.0,11.667152134632214,0.0,7.0489446423807625,0.0,0.0,0.0,12893.5,8396.74089500264,1.0,11.667152134632214,7.0489446423807625,0.0
