Time of calculation: 20211210-123454; value of objective: 14219999.98721023;  acc=20.0;  ec=0.25;  e_tax=0.15;  cfix=150000;  cvar=10000;  eta=0.011;  mu=0.7;  hours_of_constant_charging=20;  i=0.05;  T=10
segment_id,dir,type_ID,POI_ID,traffic_flow,traffic_flow_0,traffic_flow_1,energy_demand,energy_demand_0,energy_demand_1,dist_along_segment,pois_type,pYi_dir,pYi_dir_0,pYi_dir_1,pE_charged,pE_charged_0,pE_charged_1,pE_input,pE_input_0,pE_input_1,pE_output,pE_output_0,pE_output_1,pXi
0.0,2.0,0.0,0.0,26540.636112053,13243.0239038645,13297.6122081885,60657.5700465436,0.0,60657.5700465436,0.0,link,0.0,0.0,0.0,0.0,0.0,0.0,0.0,0.0,0.0,467.0632893583857,0.0,467.0632893583857,0
0.0,2.0,7.0,1.0,26594.7769799282,13269.4415749127,13325.3354050155,28456.34425905232,635.49550854442,27820.8487505079,239.715824101164,ra,5.0,0.0,5.0,1121.4661213871473,4.893315415792033,1116.5728059713551,902.3522705924444,0.0,902.3522705924444,0.0,0.0,0.0,1
0.0,1.0,6.0,2.0,25114.4899764858,0.0,25114.4899764858,15564.5840298711,0.0,15564.5840298711,15074.9810236044,ra,0.0,0.0,0.0,0.0,0.0,0.0,782.5049735624369,0.0,782.5049735624369,902.3522705924444,0.0,902.3522705924444,0
0.0,0.0,5.0,3.0,25141.6151508612,25141.6151508612,0.0,61114.2514175474,61114.2514175474,0.0,15258.386608098,ra,0.0,-0.0,0.0,0.0,0.0,0.0,0.0,0.0,0.0,470.5797359151149,470.5797359151149,0.0,0
0.0,2.0,2.0,4.0,45891.0713847726,24132.5354848012,21758.5358999714,73638.515983494,46323.0128169921,27315.5031665019,24427.462160298,ra,1.0,0.0,1.0,797.2720137229555,479.11018773074386,318.1618259922117,1360.917161087699,470.5797359151149,890.3374251725841,1130.661720437647,348.15674687521016,782.5049735624369,1
0.0,0.0,0.0,5.0,21104.2634691175,21104.2634691175,0.0,40859.7699453428,40859.7699453428,0.0,33429.3595873882,ra,0.0,-0.0,0.0,0.0,0.0,0.0,348.15674687521016,348.15674687521016,0.0,662.7769754543497,662.7769754543497,0.0,0
0.0,1.0,1.0,6.0,14423.8235603641,0.0,14423.8235603641,70917.9365170326,0.0,70917.9365170326,33802.1690359586,ra,0.0,0.0,-0.0,0.0,0.0,0.0,344.26931399143314,0.0,344.26931399143314,890.3374251725841,0.0,890.3374251725841,0
0.0,0.0,3.0,7.0,13268.990914294,13268.990914294,0.0,43795.1979929416,43795.1979929416,0.0,46647.5352997916,ra,0.0,0.0,0.0,0.0,0.0,0.0,662.7769754543497,662.7769754543497,0.0,1000.0,1000.0,0.0,0
0.0,1.0,4.0,8.0,13561.1425356073,0.0,13561.1425356073,3390.58285704174,0.0,3390.58285704174,46771.544645065,ra,0.0,0.0,-0.0,0.0,0.0,0.0,318.16182599221173,0.0,318.16182599221173,344.26931399143314,0.0,344.26931399143314,0
0.0,1.0,8.0,9.0,12294.3580875554,0.0,12294.3580875554,14272.1885319231,0.0,14272.1885319231,55124.5569541094,ra,0.0,0.0,-0.0,0.0,0.0,0.0,208.26597429640387,0.0,208.26597429640387,318.16182599221173,0.0,318.16182599221173,0
0.0,1.0,9.0,10.0,8886.15477288434,0.0,8886.15477288434,27047.5291294031,0.0,27047.5291294031,64455.5697412472,ra,0.0,0.0,-0.0,0.0,0.0,0.0,0.0,0.0,0.0,208.26597429640387,0.0,208.26597429640387,0
0.0,0.0,10.0,11.0,8766.58015528797,8766.58015528797,0.0,43004.2931513167,43004.2931513167,0.0,64479.8050962007,ra,1.0,1.0,0.0,1000.0,1000.0,0.0,1000.0,1000.0,0.0,331.1330572651386,331.1330572651386,0.0,1
0.0,1.0,11.0,12.0,5594.60627343411,0.0,5594.60627343411,26086.2651756118,0.0,26086.2651756118,68504.6013106114,ra,3.0,0.0,3.0,244.02239369240954,0.0,244.02239369240954,43.1581518401987,0.0,43.1581518401987,0.0,0.0,0.0,1
0.0,0.0,12.0,13.0,4553.08388931748,4553.08388931748,0.0,16089.3958499465,16089.3958499465,0.0,79329.1374904099,ra,0.0,-0.0,0.0,0.0,0.0,0.0,331.1330572651386,331.1330572651386,0.0,455.0214053097266,455.0214053097266,0.0,0
0.0,2.0,13.0,14.0,7895.539602766939,4645.32330643337,3250.21629633357,26378.19060066929,20773.2358162279,5604.95478444139,104473.71241617,ra,3.0,0.0,3.0,1246.997060847933,614.9753210946815,632.0217397532515,1087.043145062978,455.0214053097266,632.0217397532515,43.1581518401987,0.0,43.1581518401987,1
0.0,1.0,14.0,15.0,9099.18315895303,0.0,9099.18315895303,21051.509335061,0.0,21051.509335061,126194.353864499,ra,0.0,0.0,0.0,0.0,0.0,0.0,469.92511787328175,0.0,469.92511787328175,632.0217397532515,0.0,632.0217397532515,0
0.0,2.0,15.0,16.0,19815.36822147166,9562.72950758806,10252.6387138836,63216.182923695196,41539.1007178494,21677.0822058458,133409.21035476,ra,0.0,0.0,0.0,0.0,0.0,0.0,303.0115848882691,0.0,303.0115848882691,789.776193400722,319.8510755274403,469.92511787328175,0
0.0,1.0,16.0,17.0,10262.4933483887,0.0,10262.4933483887,39352.1538815934,0.0,39352.1538815934,135061.705646886,ra,1.0,0.0,1.0,788.5023047813811,0.0,788.5023047813811,788.5023047813811,0.0,788.5023047813811,303.0115848882691,0.0,303.0115848882691,1
0.0,0.0,17.0,18.0,9337.28228712366,9337.28228712366,0.0,3755.83362001816,3755.83362001816,0.0,135400.125089297,ra,0.0,0.0,0.0,0.0,0.0,0.0,319.8510755274403,319.8510755274403,0.0,348.77099440158014,348.77099440158014,0.0,0
0.0,0.0,18.0,19.0,10716.8663243198,10716.8663243198,0.0,29722.6525482398,29722.6525482398,0.0,150383.983031074,ra,0.0,0.0,0.0,0.0,0.0,0.0,348.77099440158014,348.77099440158014,0.0,577.6354190230265,577.6354190230265,0.0,0
0.0,1.0,19.0,20.0,16313.2106970416,0.0,16313.2106970416,29955.5905739685,0.0,29955.5905739685,165563.400922083,ra,0.0,0.0,0.0,0.0,0.0,0.0,557.8442573618237,0.0,557.8442573618237,788.5023047813811,0.0,788.5023047813811,0
0.0,0.0,20.0,21.0,15912.8996761482,15912.8996761482,0.0,38414.7758994518,38414.7758994518,0.0,165570.707353275,ra,0.0,0.0,0.0,0.0,0.0,0.0,577.6354190230265,577.6354190230265,0.0,873.4291934488053,873.4291934488053,0.0,0
0.0,2.0,21.0,22.0,38420.413170467305,19234.6634945469,19185.7496759204,73748.9776309411,27248.6286224276,46500.3490085135,173065.413799776,ra,2.0,2.0,0.0,2000.0,910.6298661721505,1089.3701338278495,2162.590897272925,873.4291934488053,1289.1617038241193,730.458025031171,172.61376766934734,557.8442573618237,1
0.0,1.0,22.0,23.0,21229.4573799075,0.0,21229.4573799075,60192.24943524,0.0,60192.24943524,176940.22069629,ra,0.0,0.0,0.0,0.0,0.0,0.0,825.6813831727713,0.0,825.6813831727713,1289.1617038241193,0.0,1289.1617038241193,0
0.0,1.0,23.0,24.0,26278.9329143679,0.0,26278.9329143679,638.143813778497,0.0,638.143813778497,182868.692917964,ra,0.0,0.0,0.0,0.0,0.0,0.0,820.767675806677,0.0,820.767675806677,825.6813831727713,0.0,825.6813831727713,0
0.0,0.0,24.0,25.0,28249.0185087145,28249.0185087145,0.0,74447.880017493,74447.880017493,0.0,188487.641131617,ra,0.0,0.0,0.0,0.0,0.0,0.0,172.61376766934734,172.61376766934734,0.0,745.8624438040433,745.8624438040433,0.0,0
0.0,2.0,0.0,26.0,50605.7308716768,25638.9023938735,24966.8284778033,29755.4203585491,29755.4203585491,0.0,194059.964946131,link,0.0,0.0,0.0,0.0,0.0,0.0,1566.6301196107202,745.8624438040433,820.767675806677,1795.7468563715483,974.9791805648714,820.767675806677,0
1.0,2.0,0.0,27.0,41635.2696746832,21021.6267553003,20613.6429193829,795.523730019109,0.0,795.523730019109,0.0,link,0.0,0.0,0.0,0.0,0.0,0.0,1759.7798309376567,1759.7798309376567,0.0,1765.905363658804,1759.7798309376567,6.125532721147139,0
1.0,0.0,26.0,28.0,20821.0305816615,20821.0305816615,0.0,26087.181633621,26087.181633621,0.0,6216.47578134488,ra,0.0,0.0,0.0,0.0,0.0,0.0,1759.7798309376567,1759.7798309376567,0.0,1960.6511295165383,1960.6511295165383,0.0,0
1.0,2.0,25.0,29.0,39859.9435983602,20128.7100274165,19731.2335709437,19439.182376750672,8227.15979420447,11212.0225825462,8218.21591932416,ra,3.0,0.0,3.0,2752.493348396779,2024.0002599319128,728.4930884648662,2602.811644095799,1960.6511295165383,642.1605145792605,0.0,0.0,0.0,1
1.0,1.0,27.0,30.0,15080.1720482802,0.0,15080.1720482802,3332.35606478557,0.0,3332.35606478557,14028.2328867426,ra,0.0,0.0,0.0,0.0,0.0,0.0,616.5013728804116,0.0,616.5013728804116,642.1605145792605,0.0,642.1605145792605,0
1.0,0.0,28.0,31.0,15021.9786197919,15021.9786197919,0.0,28536.8531280977,28536.8531280977,0.0,16747.0640478161,ra,0.0,0.0,0.0,0.0,0.0,0.0,0.0,0.0,0.0,219.73376908635228,219.73376908635228,0.0,0
1.0,2.0,29.0,32.0,29629.2702066633,14994.1517039878,14635.1185026755,494.222241173728,494.222241173728,0.0,16911.7407621753,ra,0.0,0.0,0.0,0.0,0.0,0.0,836.2351419667639,219.73376908635228,616.5013728804116,840.0406532238017,223.53928034338998,616.5013728804116,0
1.0,1.0,32.0,33.0,11591.4382904028,0.0,11591.4382904028,9333.62015084538,0.0,9333.62015084538,22379.5420754944,ra,0.0,0.0,0.0,0.0,0.0,0.0,544.6324977189022,0.0,544.6324977189022,616.5013728804116,0.0,616.5013728804116,0
1.0,0.0,31.0,34.0,12155.2376344337,12155.2376344337,0.0,15349.9906071111,15349.9906071111,0.0,22507.4968336771,ra,0.0,0.0,0.0,0.0,0.0,0.0,223.53928034338998,223.53928034338998,0.0,341.7342080181454,341.7342080181454,0.0,0
1.0,1.0,33.0,35.0,11308.2144668397,0.0,11308.2144668397,2721.62194213134,0.0,2721.62194213134,23570.4687905334,ra,0.0,0.0,0.0,0.0,0.0,0.0,523.6760087644909,0.0,523.6760087644909,544.6324977189022,0.0,544.6324977189022,0
1.0,2.0,36.0,36.0,23126.816645439998,11846.3351177034,11280.4815277366,26906.4332634277,12385.1998760562,14521.2333873715,27721.2649615329,ra,0.0,0.0,0.0,0.0,0.0,0.0,753.5967196998757,341.7342080181454,411.8625116817303,960.7762558282691,437.10024706377817,523.6760087644909,0
1.0,1.0,35.0,37.0,11337.2619320883,0.0,11337.2619320883,19841.8756793837,0.0,19841.8756793837,29194.6309655969,ra,0.0,0.0,0.0,0.0,0.0,0.0,259.08006895047583,0.0,259.08006895047583,411.8625116817303,0.0,411.8625116817303,0
1.0,0.0,34.0,38.0,11885.5265358471,11885.5265358471,0.0,4170.09621995463,4170.09621995463,0.0,29478.4736802298,ra,0.0,0.0,0.0,0.0,0.0,0.0,437.10024706377817,437.10024706377817,0.0,469.20998795742884,469.20998795742884,0.0,0
1.0,0.0,38.0,39.0,11947.1636186313,11947.1636186313,0.0,7352.58765796217,7352.58765796217,0.0,32563.1836153915,ra,0.0,0.0,0.0,0.0,0.0,0.0,469.20998795742884,469.20998795742884,0.0,525.8249129237375,525.8249129237375,0.0,0
1.0,0.0,39.0,40.0,11960.1701828351,11960.1701828351,0.0,1956.83597729699,1956.83597729699,0.0,33381.7233696118,ra,0.0,0.0,0.0,0.0,0.0,0.0,525.8249129237375,525.8249129237375,0.0,540.8925499489244,540.8925499489244,0.0,0
1.0,2.0,40.0,41.0,23460.935326572,11970.3853891252,11490.5499374468,35373.36563433738,1726.60343297688,33646.7622013605,34103.2604930604,ra,1.0,1.0,0.0,554.1873963828464,554.1873963828464,0.0,540.8925499489244,540.8925499489244,0.0,259.08006895047583,0.0,259.08006895047583,1
1.0,2.0,0.0,42.0,23472.9532848191,11974.8809399587,11498.0723448604,828.627407616686,828.627407616686,0.0,34449.3464575004,link,0.0,0.0,0.0,0.0,0.0,0.0,0.0,0.0,0.0,6.380431038648482,6.380431038648482,0.0,0
2.0,2.0,0.0,43.0,68929.1689525749,33758.8137930879,35170.355159487,40746.089818559,0.0,40746.089818559,0.0,link,0.0,0.0,0.0,0.0,0.0,0.0,2266.802615141429,490.55235664300926,1776.25025849842,2580.5475067443335,490.55235664300926,2089.9951501013243,0
2.0,1.0,30.0,44.0,34398.2821383792,0.0,34398.2821383792,3.55988506767655,0.0,3.55988506767655,2598.41164546074,ra,0.0,0.0,0.0,0.0,0.0,0.0,1776.2228473833989,0.0,1776.2228473833989,1776.25025849842,0.0,1776.25025849842,0
2.0,1.0,41.0,45.0,29624.9675092291,0.0,29624.9675092291,82561.3859430212,0.0,82561.3859430212,8569.0534366321,ra,0.0,0.0,0.0,0.0,0.0,0.0,1140.5001756221357,0.0,1140.5001756221357,1776.2228473833989,0.0,1776.2228473833989,0
2.0,0.0,42.0,46.0,27489.4442716519,27489.4442716519,0.0,66162.031604804,66162.031604804,0.0,10626.1428841809,ra,0.0,0.0,0.0,0.0,0.0,0.0,490.55235664300926,490.55235664300926,0.0,1000.0,1000.0,0.0,0
2.0,0.0,43.0,47.0,24285.974119979,24285.974119979,0.0,46432.767384281,46432.767384281,0.0,19826.0309188716,ra,1.0,1.0,0.0,1000.0,1000.0,0.0,1000.0,1000.0,0.0,357.5323088589637,357.5323088589637,0.0,1
2.0,1.0,44.0,48.0,24186.0911430872,0.0,24186.0911430872,89079.8499237686,0.0,89079.8499237686,19924.5544753991,ra,0.0,0.0,0.0,0.0,0.0,0.0,454.5853312091175,0.0,454.5853312091175,1140.5001756221357,0.0,1140.5001756221357,0
2.0,0.0,45.0,49.0,24395.8043620461,24395.8043620461,0.0,22158.9923415834,22158.9923415834,0.0,24376.283905319,ra,0.0,0.0,0.0,0.0,0.0,0.0,357.5323088589637,357.5323088589637,0.0,528.1565498891558,528.1565498891558,0.0,0
2.0,0.0,46.0,50.0,18382.7449604955,18382.7449604955,0.0,63871.9166171924,63871.9166171924,0.0,38424.0480859037,ra,0.0,0.0,0.0,0.0,0.0,0.0,528.1565498891558,528.1565498891558,0.0,1019.9703078415373,1019.9703078415373,0.0,0
2.0,1.0,47.0,51.0,18491.6133654888,0.0,18491.6133654888,59037.0560011841,0.0,59037.0560011841,38987.6806255175,ra,0.0,0.0,0.0,0.0,0.0,0.0,0.0,0.0,0.0,454.5853312091175,0.0,454.5853312091175,0
2.0,2.0,48.0,52.0,37060.499514109295,18323.8494067353,18736.650107374,121716.6178437865,83259.8366329336,38456.7812108529,60686.5331745626,ra,3.0,3.0,0.0,2096.6347707427935,1661.071049915126,435.5637208276677,1159.4168133456378,1019.9703078415373,139.4465055041004,0.0,0.0,0.0,1
2.0,2.0,49.0,53.0,37058.9029265594,18323.1127403572,18735.7901862022,18113.417243932698,3.48146417939821,18109.9357797533,60687.5223097686,ra,0.0,0.0,0.0,0.0,0.0,0.0,0.0,0.0,0.0,139.47331277828178,0.026807274181366213,139.4465055041004,0
2.0,0.0,50.0,54.0,13085.2370869384,13085.2370869384,0.0,35994.4407409927,35994.4407409927,0.0,72690.0783180644,ra,1.0,1.0,0.0,277.1840009798251,277.1840009798251,0.0,0.026807274181366213,0.026807274181366213,0.0,0.0,0.0,0.0,1
2.0,2.0,0.0,55.0,23931.6001633626,12393.9415716933,11537.6585916693,5343.07750058974,5343.07750058974,0.0,74788.4585560346,link,0.0,0.0,0.0,0.0,0.0,0.0,0.0,0.0,0.0,41.141696754540995,41.141696754540995,0.0,0
3.0,2.0,0.0,56.0,27844.0,14880.0,12964.0,5532.77592,0.0,5532.77592,0.0,link,0.0,0.0,0.0,0.0,0.0,0.0,0.0,0.0,0.0,42.602374583999996,0.0,42.602374583999996,0
3.0,0.0,51.0,57.0,14880.0,14880.0,0.0,866.3136,866.3136,0.0,291.139117483826,ra,0.0,0.0,0.0,0.0,0.0,0.0,0.0,0.0,0.0,6.67061472,6.67061472,0.0,0
3.0,1.0,52.0,58.0,12964.0,0.0,12964.0,1015.7294,0.0,1015.7294,391.789662717657,ra,2.0,0.0,2.0,1222.8428581936428,0.0,1222.8428581936428,1215.0217418136426,0.0,1215.0217418136426,0.0,0.0,0.0,1
3.0,2.0,1.0,59.0,27844.0,14880.0,12964.0,6650.0208,6650.0208,0.0,2525.71464164925,link,0.0,0.0,0.0,0.0,0.0,0.0,1221.6923565336426,6.67061472,1215.0217418136426,1272.8975166936425,57.875774879999994,1215.0217418136426,0
4.0,2.0,1.0,60.0,59761.3086274698,30037.3419745759,29723.9666528939,50829.6084600017,0.0,50829.6084600017,0.0,link,0.0,0.0,0.0,0.0,0.0,0.0,1120.7327068111492,975.7985665541231,144.9341402570261,1512.1206919531623,975.7985665541231,536.3221253990391,0
4.0,0.0,53.0,61.0,29524.4907904278,29524.4907904278,0.0,17707.597633633,17707.597633633,0.0,2968.02033395423,ra,2.0,2.0,0.0,1112.1470683330972,1112.1470683330972,0.0,975.7985665541231,975.7985665541231,0.0,4.440892098500626e-16,4.440892098500626e-16,0.0,1
4.0,1.0,54.0,62.0,29216.1627876462,0.0,29216.1627876462,18822.6156177956,0.0,18822.6156177956,3095.56953512974,ra,0.0,0.0,0.0,0.0,0.0,0.0,0.0,0.0,0.0,144.9341402570261,0.0,144.9341402570261,0
4.0,1.0,57.0,63.0,24041.5281035447,0.0,24041.5281035447,22413.6751787421,0.0,22413.6751787421,16237.2713752631,ra,1.0,0.0,1.0,863.7348692913384,0.0,863.7348692913384,691.1495704150243,0.0,691.1495704150243,0.0,0.0,0.0,1
4.0,1.0,59.0,64.0,19741.1962074672,0.0,19741.1962074672,36000.5107095881,0.0,36000.5107095881,27421.918402147,ra,0.0,0.0,0.0,0.0,0.0,0.0,413.94563795119603,0.0,413.94563795119603,691.1495704150243,0.0,691.1495704150243,0
4.0,0.0,58.0,65.0,20188.7740020659,20188.7740020659,0.0,120560.520741499,120560.520741499,0.0,27456.2755376563,ra,0.0,0.0,0.0,0.0,0.0,0.0,4.440892098500626e-16,4.440892098500626e-16,0.0,928.3160097095422,928.3160097095422,0.0,0
4.0,0.0,61.0,66.0,19286.3795027776,19286.3795027776,0.0,45441.1289244508,45441.1289244508,0.0,39015.4670187568,ra,0.0,0.0,0.0,0.0,0.0,0.0,928.3160097095422,928.3160097095422,0.0,1278.2127024278134,1278.2127024278134,0.0,0
4.0,0.0,63.0,67.0,16518.9379021764,16518.9379021764,0.0,23385.4454675469,23385.4454675469,0.0,45463.2697509544,ra,0.0,0.0,0.0,0.0,0.0,0.0,1278.2127024278134,1278.2127024278134,0.0,1458.2806325279244,1458.2806325279244,0.0,0
4.0,0.0,65.0,68.0,16228.0496170924,16228.0496170924,0.0,10569.3550505184,10569.3550505184,0.0,48702.0526758811,ra,0.0,0.0,0.0,0.0,0.0,0.0,1458.2806325279244,1458.2806325279244,0.0,1539.6646664169161,1539.6646664169161,0.0,0
4.0,1.0,66.0,69.0,15802.2977140373,0.0,15802.2977140373,39122.0341426643,0.0,39122.0341426643,48702.5157234626,ra,0.0,0.0,0.0,0.0,0.0,0.0,112.70597505268098,0.0,112.70597505268098,413.94563795119603,0.0,413.94563795119603,0
4.0,2.0,69.0,70.0,24242.04672144007,16011.0814154375,8230.96530600257,44437.0068670179,29799.8672497866,14637.1396172313,57952.4364496481,ra,0.0,0.0,0.0,0.0,0.0,0.0,1539.6646664169161,1539.6646664169161,0.0,1881.8296192929538,1769.1236442402728,112.70597505268098,0
4.0,2.0,68.0,71.0,24222.43641462717,16010.6884723873,8211.74794223987,27306.495193443596,73.9702918817957,27232.5249015618,57975.5602403068,ra,6.0,6.0,0.0,2587.020987779674,1769.6932154877627,817.3277722919115,2376.760974790159,1769.1236442402728,607.6373305498857,0.0,0.0,0.0,1
4.0,0.0,71.0,72.0,11073.069476657,11073.069476657,0.0,33279.593586609,33279.593586609,0.0,69989.226327393,ra,0.0,0.0,0.0,0.0,0.0,0.0,0.0,0.0,0.0,256.25287061688925,256.25287061688925,0.0,0
4.0,2.0,75.0,73.0,21337.9057816767,10925.6060783794,10412.2997032973,61216.8350929752,18648.1077570154,42568.7273359598,78476.4553474238,ra,1.0,0.0,1.0,256.545337406843,256.25287061688925,0.29246678995369907,536.4034674698382,256.25287061688925,280.15059685294904,751.2277602789043,143.59042972901858,607.6373305498857,1
4.0,0.0,83.0,74.0,10876.9999980846,10876.9999980846,0.0,39533.2148793308,39533.2148793308,0.0,96645.2667353262,ra,0.0,0.0,0.0,0.0,0.0,0.0,143.59042972901858,143.59042972901858,0.0,447.9961842998657,447.9961842998657,0.0,0
4.0,1.0,86.0,75.0,10239.998724531,0.0,10239.998724531,36345.2116964929,0.0,36345.2116964929,99246.7072366671,ra,0.0,0.0,0.0,0.0,0.0,0.0,0.29246678995369907,0.0,0.29246678995369907,280.15059685294904,0.0,280.15059685294904,0
4.0,0.0,89.0,76.0,6878.00128124901,6878.00128124901,0.0,26286.1169203949,26286.1169203949,0.0,111094.712718466,ra,0.0,0.0,0.0,0.0,0.0,0.0,447.9961842998657,447.9961842998657,0.0,650.3992845869063,650.3992845869063,0.0,0
4.0,1.0,91.0,77.0,7728.04230551103,0.0,7728.04230551103,37.9826999939869,0.0,37.9826999939869,115106.777258397,ra,0.0,0.0,0.0,0.0,0.0,0.0,0.0,0.0,0.0,0.29246678995369907,0.0,0.29246678995369907,0
4.0,2.0,87.0,78.0,15349.44862342799,7293.1561007636,8056.29252266439,42025.7933217471,18572.7083656691,23453.084956078,124531.184689634,ra,3.0,0.0,3.0,2614.1732284337495,793.4091390025584,1820.764089431191,2290.5746198562965,650.3992845869063,1640.1753352693904,0.0,0.0,0.0,1
4.0,1.0,81.0,79.0,14238.2637348706,0.0,14238.2637348706,76867.1864265725,0.0,76867.1864265725,140362.585588507,ra,0.0,0.0,-0.0,0.0,0.0,0.0,1048.2979997847824,0.0,1048.2979997847824,1640.1753352693904,0.0,1640.1753352693904,0
4.0,0.0,82.0,80.0,14417.6543875466,14417.6543875466,0.0,41346.2144335057,41346.2144335057,0.0,140910.113849637,ra,0.0,-0.0,0.0,0.0,0.0,0.0,0.0,0.0,0.0,318.36585113799384,318.36585113799384,0.0,0
4.0,1.0,88.0,81.0,14501.5105253433,0.0,14501.5105253433,48412.0261937441,0.0,48412.0261937441,152869.110813305,ra,0.0,0.0,-0.0,0.0,0.0,0.0,675.525398092953,0.0,675.525398092953,1048.2979997847824,0.0,1048.2979997847824,0
4.0,2.0,95.0,82.0,29499.9997821141,14928.9998128104,14570.9999693037,127094.9718739537,57641.2723543603,69453.6995195934,160563.715389321,ra,0.0,0.0,0.0,0.0,0.0,0.0,459.09776293007775,318.36585113799384,140.7319117920839,1437.729046359521,762.203648266568,675.525398092953,0
4.0,2.0,99.0,83.0,29501.2496709625,14929.6109247903,14571.6387461722,37561.94061501,19285.0689537004,18276.8716613096,167022.616706975,ra,1.0,0.0,1.0,876.7308579453769,466.8608820814869,409.86997586389,1172.073624130458,762.203648266568,409.86997586389,584.5697089206581,443.8377971285742,140.7319117920839,1
4.0,2.0,2.0,84.0,37135.979248738106,18661.9898553614,18473.9893933767,51602.3314462275,51602.3314462275,0.0,182066.45484822,link,0.0,0.0,0.0,0.0,0.0,0.0,853.7077729924642,443.8377971285742,409.86997586389,1251.045725128416,841.175749264526,409.86997586389,0
5.0,2.0,1.0,85.0,68793.7826224039,33913.4453688065,34880.3372535974,76876.4418514988,0.0,76876.4418514988,0.0,link,0.0,0.0,0.0,0.0,0.0,0.0,1598.871706111225,297.09895013951956,1301.7727559717055,2190.820308367766,297.09895013951956,1893.7213582282461,0
5.0,1.0,55.0,86.0,36003.5240013336,0.0,36003.5240013336,77918.9493386079,0.0,77918.9493386079,10624.4240384357,ra,0.0,0.0,0.0,0.0,0.0,0.0,701.7968460644247,0.0,701.7968460644247,1301.7727559717055,0.0,1301.7727559717055,0
5.0,0.0,56.0,87.0,32653.8009159093,32653.8009159093,0.0,83562.8354220787,83562.8354220787,0.0,12028.5386871855,ra,0.0,0.0,0.0,0.0,0.0,0.0,297.09895013951956,297.09895013951956,0.0,940.5327828895254,940.5327828895254,0.0,0
5.0,0.0,60.0,88.0,22401.2012920446,22401.2012920446,0.0,48119.0812404023,48119.0812404023,0.0,20923.6739875284,ra,0.0,0.0,0.0,0.0,0.0,0.0,940.5327828895254,940.5327828895254,0.0,1311.0497084406231,1311.0497084406231,0.0,0
5.0,1.0,62.0,89.0,21130.6204282264,0.0,21130.6204282264,42151.5445832777,0.0,42151.5445832777,23654.3930083756,ra,0.0,0.0,0.0,0.0,0.0,0.0,377.22995277318654,0.0,377.22995277318654,701.7968460644247,0.0,701.7968460644247,0
5.0,0.0,64.0,90.0,18512.6007291472,18512.6007291472,0.0,28054.9447055714,28054.9447055714,0.0,27817.9533374315,ra,0.0,0.0,0.0,0.0,0.0,0.0,1311.0497084406231,1311.0497084406231,0.0,1527.0727826735229,1527.0727826735229,0.0,0
5.0,1.0,67.0,91.0,18904.5964821672,0.0,18904.5964821672,23475.6587973467,0.0,23475.6587973467,29511.2591332548,ra,0.0,0.0,0.0,0.0,0.0,0.0,196.467380033617,0.0,196.467380033617,377.22995277318654,0.0,377.22995277318654,0
5.0,2.0,70.0,92.0,33127.6679782642,16315.8916479239,16811.7763303403,66757.5650953589,41242.3209351489,25515.24416021,39273.393575652,ra,4.0,4.0,0.0,3448.6932457214516,1844.6386538741692,1604.0545918472826,3131.1273745208055,1527.0727826735229,1604.0545918472826,196.467380033617,0.0,196.467380033617,1
5.0,1.0,76.0,93.0,15728.3542233459,0.0,15728.3542233459,36313.3579729706,0.0,36313.3579729706,47330.3638647794,ra,0.0,0.0,-0.0,0.0,0.0,0.0,1324.4417354554091,0.0,1324.4417354554091,1604.0545918472826,0.0,1604.0545918472826,0
5.0,1.0,79.0,94.0,16446.3696921172,0.0,16446.3696921172,23071.3224968471,0.0,23071.3224968471,54724.0345686887,ra,0.0,0.0,-0.0,0.0,0.0,0.0,1146.7925522296864,0.0,1146.7925522296864,1324.4417354554091,0.0,1324.4417354554091,0
5.0,0.0,80.0,95.0,16181.0369578104,16181.0369578104,0.0,48054.2387950906,48054.2387950906,0.0,54808.4650706048,ra,0.0,0.0,0.0,0.0,0.0,0.0,0.0,0.0,0.0,370.01763872219755,370.01763872219755,0.0,0
5.0,1.0,93.0,96.0,15425.0541977474,0.0,15425.0541977474,71633.4560473898,0.0,71633.4560473898,67696.5829264334,ra,0.0,0.0,-0.0,0.0,0.0,0.0,595.2149406647851,0.0,595.2149406647851,1146.7925522296864,0.0,1146.7925522296864,0
5.0,0.0,94.0,97.0,16743.9409701348,16743.9409701348,0.0,43770.4753223488,43770.4753223488,0.0,67916.7177403682,ra,0.0,0.0,0.0,0.0,0.0,0.0,370.01763872219755,370.01763872219755,0.0,707.0502987042833,707.0502987042833,0.0,0
5.0,1.0,101.0,98.0,23926.8657512302,0.0,23926.8657512302,77300.6416447773,0.0,77300.6416447773,86150.6446371155,ra,1.0,0.0,1.0,474.1114981359466,0.0,474.1114981359466,474.1114981359466,0.0,474.1114981359466,595.2149406647851,0.0,595.2149406647851,1
5.0,0.0,102.0,99.0,23976.5917239922,23976.5917239922,0.0,77264.20880385,77264.20880385,0.0,86198.2118888899,ra,0.0,-0.0,0.0,0.0,0.0,0.0,707.0502987042833,707.0502987042833,0.0,1301.9847064939281,1301.9847064939281,0.0,0
5.0,2.0,4.0,100.0,48295.9987384735,24204.9992554563,24090.9994830172,76993.1805753457,76993.1805753457,0.0,102115.051061861,link,0.0,0.0,0.0,0.0,0.0,0.0,1776.0962046298746,1301.9847064939281,474.1114981359466,2368.9436950600366,1894.83219692409,474.1114981359466,0
6.0,2.0,0.0,101.0,17593.52882743976,9370.08985369332,8223.43897374644,12953.2423996405,0.0,12953.2423996405,0.0,link,0.0,0.0,0.0,0.0,0.0,0.0,0.0,0.0,0.0,99.73996647723183,0.0,99.73996647723183,0
6.0,0.0,74.0,102.0,9440.70012643683,9440.70012643683,0.0,2312.55832321132,2312.55832321132,0.0,1229.56192943354,ra,0.0,-0.0,0.0,0.0,0.0,0.0,0.0,0.0,0.0,17.80669908872716,17.80669908872716,0.0,0
6.0,1.0,73.0,103.0,8534.074407472,0.0,8534.074407472,24039.8744350828,0.0,24039.8744350828,3961.10953120221,ra,1.0,0.0,1.0,755.3590160469421,0.0,755.3590160469421,570.2519828968046,0.0,570.2519828968046,0.0,0.0,0.0,1
6.0,0.0,72.0,104.0,9685.7540713875,9685.7540713875,0.0,6056.44894270489,6056.44894270489,0.0,4398.31801694572,ra,0.0,-0.0,0.0,0.0,0.0,0.0,17.80669908872716,17.80669908872716,0.0,64.44135594755481,64.44135594755481,0.0,0
6.0,1.0,78.0,105.0,13533.1360897293,0.0,13533.1360897293,28618.48831192,0.0,28618.48831192,19100.037855584,ra,0.0,0.0,0.0,0.0,0.0,0.0,349.88962289502064,0.0,349.88962289502064,570.2519828968046,0.0,570.2519828968046,0
6.0,0.0,77.0,106.0,14150.2103751211,14150.2103751211,0.0,36073.4762370388,36073.4762370388,0.0,19123.3135023805,ra,0.0,0.0,0.0,0.0,0.0,0.0,64.44135594755481,64.44135594755481,0.0,342.20712297275355,342.20712297275355,0.0,0
6.0,0.0,84.0,107.0,14015.5507215474,14015.5507215474,0.0,20523.6910565088,20523.6910565088,0.0,26419.7471579885,ra,0.0,0.0,0.0,0.0,0.0,0.0,342.20712297275355,342.20712297275355,0.0,500.2395441078713,500.2395441078713,0.0,0
6.0,1.0,85.0,108.0,13577.8216299661,0.0,13577.8216299661,29374.4573384153,0.0,29374.4573384153,26439.3379118163,ra,0.0,0.0,0.0,0.0,0.0,0.0,123.70630138922283,0.0,123.70630138922283,349.88962289502064,0.0,349.88962289502064,0
6.0,0.0,90.0,109.0,14458.3667880935,14458.3667880935,0.0,14488.6025679174,14488.6025679174,0.0,31550.905729363,ra,0.0,-0.0,0.0,0.0,0.0,0.0,500.2395441078713,500.2395441078713,0.0,611.8017838808353,611.8017838808353,0.0,0
6.0,1.0,92.0,110.0,14091.1965122171,0.0,14091.1965122171,16065.7534271718,0.0,16065.7534271718,32304.5420789757,ra,0.0,0.0,0.0,0.0,0.0,0.0,0.0,0.0,0.0,123.70630138922283,0.0,123.70630138922283,0
6.0,2.0,98.0,111.0,30972.8842403762,15986.2762154003,14986.6080249759,53330.90054941049,33425.7512662432,19905.1492831673,42213.9465999939,ra,3.0,0.0,3.0,2155.9363198847977,869.180068630908,1286.75625125389,1745.288385654337,611.8017838808353,1133.4866017735017,0.0,0.0,0.0,1
6.0,1.0,104.0,112.0,17237.3205627434,0.0,17237.3205627434,34298.2284088288,0.0,34298.2284088288,51171.1374208719,ra,0.0,0.0,0.0,0.0,0.0,0.0,869.39024302552,0.0,869.39024302552,1133.4866017735017,0.0,1133.4866017735017,0
6.0,0.0,105.0,113.0,20384.4498952667,20384.4498952667,0.0,47000.4083530959,47000.4083530959,0.0,55341.5561750109,ra,0.0,0.0,0.0,0.0,0.0,0.0,0.0,0.0,0.0,361.90314431883843,361.90314431883843,0.0,0
6.0,1.0,106.0,114.0,19799.8525288606,0.0,19799.8525288606,6627.56512262276,0.0,6627.56512262276,57703.6588402105,ra,0.0,0.0,0.0,0.0,0.0,0.0,818.3579915813249,0.0,818.3579915813249,869.39024302552,0.0,869.39024302552,0
6.0,0.0,108.0,115.0,22330.7026330019,22330.7026330019,0.0,16822.4294753507,16822.4294753507,0.0,59273.6377198263,ra,0.0,0.0,0.0,0.0,0.0,0.0,361.90314431883843,361.90314431883843,0.0,491.4358512790388,491.4358512790388,0.0,0
6.0,2.0,3.0,116.0,43852.3829830634,22912.2538280909,20940.1291549725,7254.95365633483,7254.95365633483,0.0,60876.2242421798,link,0.0,0.0,0.0,0.0,0.0,0.0,1309.7938428603636,491.4358512790388,818.3579915813249,1365.6569860141417,547.2989944328169,818.3579915813249,0
7.0,2.0,0.0,117.0,11819.72883309257,5668.99952865367,6150.7293044389,20183.9878116345,0.0,20183.9878116345,0.0,link,0.0,0.0,0.0,0.0,0.0,0.0,0.0,0.0,0.0,155.41670614958562,0.0,155.41670614958562,0
7.0,2.0,96.0,118.0,16750.43996107374,8281.7922636936,8468.64769738014,34855.99460973138,8787.48726450068,26068.5073452307,6667.95544755655,ra,6.0,6.0,0.0,918.9465309737568,67.66365193665523,851.2828790371016,650.5553724788251,0.0,650.5553724788251,0.0,0.0,0.0,1
7.0,2.0,97.0,119.0,16803.00194301874,8309.64474409952,8493.35719891922,179.5115985862136,88.7645506722473,90.7470479139663,6721.47492677825,ra,0.0,0.0,-0.0,0.0,0.0,0.0,649.8566202098876,0.0,649.8566202098876,651.2388595190014,0.6834870401763041,650.5553724788251,0
7.0,0.0,100.0,120.0,13554.3161042731,13554.3161042731,0.0,22068.9577674959,22068.9577674959,0.0,18033.1308843645,ra,0.0,-0.0,0.0,0.0,0.0,0.0,0.6834870401763041,0.6834870401763041,0.0,170.61446184989472,170.61446184989472,0.0,0
7.0,1.0,103.0,121.0,15944.2118325408,0.0,15944.2118325408,9291.39730848557,0.0,9291.39730848557,19154.1734195509,ra,0.0,0.0,-0.0,0.0,0.0,0.0,578.3128609345487,0.0,578.3128609345487,649.8566202098876,0.0,649.8566202098876,0
7.0,2.0,2.0,122.0,31479.2646876848,14962.6751347339,16516.5895529509,21458.7834029422,21458.7834029422,0.0,25294.5418793567,link,0.0,0.0,0.0,0.0,0.0,0.0,748.9273227844434,170.61446184989472,578.3128609345487,914.1599549870983,335.84709405254966,578.3128609345487,0
8.0,2.0,2.0,123.0,14782.3695846428,7482.84754160049,7299.52204304231,11430.7034650488,0.0,11430.7034650488,0.0,link,0.0,0.0,0.0,0.0,0.0,0.0,702.9515031029173,639.9088785362015,63.042624566715794,790.9679197837931,639.9088785362015,151.05904124759155,0
8.0,1.0,107.0,124.0,6958.35099573627,0.0,6958.35099573627,8187.35383983322,0.0,8187.35383983322,2119.20843181615,ra,0.0,0.0,-0.0,0.0,0.0,0.0,0.0,0.0,0.0,63.042624566715794,0.0,63.042624566715794,0
8.0,2.0,111.0,125.0,9208.20636712835,4168.18387658208,5040.02249054627,13642.41603114191,10610.9556704707,3031.46036067121,9055.82449812222,ra,6.0,6.0,0.0,744.9554819759942,721.6132371988259,23.342244777168315,639.9088785362015,639.9088785362015,0.0,0.0,0.0,0.0,1
8.0,2.0,0.0,126.0,9708.89067456805,5120.67365793185,4588.2170166362,11152.0763011101,11152.0763011101,0.0,21173.6853058851,link,0.0,0.0,0.0,0.0,0.0,0.0,0.0,0.0,0.0,85.87098751854776,85.87098751854776,0.0,0
9.0,2.0,2.0,127.0,31818.42313617,16104.8835451968,15713.5395909732,24002.8723755815,0.0,24002.8723755815,0.0,link,0.0,0.0,0.0,0.0,0.0,0.0,1000.5756365211068,442.69396152155576,557.8816749995511,1185.3977538130844,442.69396152155576,742.7037922915287,0
9.0,0.0,109.0,128.0,17929.3338177348,17929.3338177348,0.0,22233.1620305147,22233.1620305147,0.0,6516.74421097716,ra,0.0,-0.0,0.0,0.0,0.0,0.0,442.69396152155576,442.69396152155576,0.0,613.889309156519,613.889309156519,0.0,0
9.0,1.0,110.0,129.0,16715.7243720159,0.0,16715.7243720159,41226.6104824692,0.0,41226.6104824692,6527.40648559258,ra,0.0,0.0,0.0,0.0,0.0,0.0,240.43677428453833,0.0,240.43677428453833,557.8816749995511,0.0,557.8816749995511,0
9.0,2.0,116.0,130.0,36693.0558776816,18116.8086480647,18576.2472296169,63152.2314406059,31926.6763387178,31225.5551018881,15445.3717833973,ra,2.0,2.0,0.0,1293.6004340804825,613.889309156519,679.7111249239637,1293.6004340804825,613.889309156519,679.7111249239637,486.27218209266533,245.835407808127,240.43677428453833,1
9.0,0.0,122.0,131.0,18771.2912047982,18771.2912047982,0.0,23153.4482354074,23153.4482354074,0.0,21672.6218089021,ra,0.0,0.0,0.0,0.0,0.0,0.0,245.835407808127,245.835407808127,0.0,424.116959220764,424.116959220764,0.0,0
9.0,1.0,123.0,132.0,18688.6310780343,0.0,18688.6310780343,21124.15986731,0.0,21124.15986731,26271.1343633983,ra,0.0,0.0,-0.0,0.0,0.0,0.0,517.0550939456768,0.0,517.0550939456768,679.7111249239637,0.0,679.7111249239637,0
9.0,2.0,7.0,133.0,31601.8542643027,15291.9117888883,16309.9424754144,39693.1511032681,39693.1511032681,0.0,33157.1268468838,link,0.0,0.0,0.0,0.0,0.0,0.0,941.1720531664408,424.116959220764,517.0550939456768,1246.8093166616052,729.7542227159283,517.0550939456768,0
10.0,2.0,3.0,134.0,31606.6695639389,16070.5474552074,15536.1221087315,876.281378643092,0.0,876.281378643092,0.0,link,0.0,0.0,0.0,0.0,0.0,0.0,1235.1086206011514,942.1589903787632,292.9496302223883,1241.8559872167034,942.1589903787632,299.6969968379401,0
10.0,2.0,112.0,135.0,20482.292071415,10386.9656808517,10095.3263905633,77199.5674356368,39212.351587896,37987.2158477408,14793.4065314786,ra,3.0,3.0,0.0,2949.2410091596867,1244.0940976055622,1705.1469115541247,2647.7539701276723,942.1589903787632,1705.594979748909,292.9496302223883,0.0,292.9496302223883,1
10.0,2.0,4.0,136.0,20473.6189956967,10382.5344994114,10091.0844962853,901.5928066001,901.5928066001,0.0,15227.5355211014,link,0.0,0.0,0.0,0.0,0.0,0.0,1705.594979748909,0.0,1705.594979748909,1712.5372443597298,6.942264610820769,1705.594979748909,0
11.0,2.0,3.0,137.0,48420.0541429227,24599.8231829302,23820.2309599925,25396.4262763502,0.0,25396.4262763502,0.0,link,0.0,0.0,0.0,0.0,0.0,0.0,1564.9644996321913,423.4979956353785,1141.466503996813,1760.5169819600878,423.4979956353785,1337.0189863247094,0
11.0,2.0,113.0,138.0,48814.9931722971,24295.4347117739,24519.5584605232,67768.1645842998,34032.6255473008,33735.539036999,6967.48714814497,ra,0.0,-0.0,0.0,0.0,0.0,0.0,1305.200849047299,423.4979956353785,881.7028534119206,1827.0157163464075,685.5492123495947,1141.466503996813,0
11.0,0.0,117.0,139.0,22023.285967337,22023.285967337,0.0,32076.4664664123,32076.4664664123,0.0,13790.4538038903,ra,1.0,1.0,0.0,932.5380041409692,932.5380041409692,0.0,685.5492123495947,685.5492123495947,0.0,0.0,0.0,0.0,1
11.0,1.0,118.0,140.0,22284.9266194441,0.0,22284.9266194441,33701.8886644055,0.0,33701.8886644055,14053.3882390507,ra,0.0,0.0,-0.0,0.0,0.0,0.0,622.1983106959982,0.0,622.1983106959982,881.7028534119206,0.0,881.7028534119206,0
11.0,2.0,5.0,141.0,42919.8251598076,21285.3584845686,21634.466675239,26141.2234576225,26141.2234576225,0.0,19878.6900646546,link,0.0,0.0,0.0,0.0,0.0,0.0,622.1983106959982,0.0,622.1983106959982,823.4857313196915,201.2874206236932,622.1983106959982,0
12.0,2.0,4.0,142.0,53131.6723320628,26537.1834811746,26594.4888508882,31246.4886001598,0.0,31246.4886001598,0.0,link,0.0,0.0,0.0,0.0,0.0,0.0,1439.2096736172834,572.9100283097841,866.2996453074994,1679.807635838514,572.9100283097841,1106.8976075287298,0
12.0,0.0,120.0,143.0,22288.895823896,22288.895823896,0.0,67285.1539459114,67285.1539459114,0.0,13722.6357161214,ra,1.0,1.0,0.0,404.37644041431446,404.37644041431446,0.0,572.9100283097841,572.9100283097841,0.0,686.6292732789874,686.6292732789874,0.0,1
12.0,1.0,119.0,144.0,22492.6689728353,0.0,22492.6689728353,67871.846063942,0.0,67871.846063942,13775.3691799331,ra,0.0,0.0,-0.0,1.4210854715202004e-14,0.0,1.4210854715202004e-14,343.68643061514615,0.0,343.68643061514615,866.2996453074994,0.0,866.2996453074994,0
12.0,2.0,5.0,145.0,44751.0771921405,22273.0392762582,22478.0379158823,31196.8175846597,31196.8175846597,0.0,20725.0958331826,link,0.0,0.0,0.0,0.0,0.0,0.0,1030.3157038941335,686.6292732789874,343.68643061514615,1270.5311992960133,926.844768680867,343.68643061514615,0
13.0,2.0,4.0,146.0,25987.610544625597,13119.3784455626,12868.232099063,24107.6698093879,0.0,24107.6698093879,0.0,link,0.0,0.0,0.0,0.0,0.0,0.0,1398.432573260774,920.058596831031,478.37397642974315,1584.0616307930609,920.058596831031,664.00303396203,0
13.0,1.0,115.0,147.0,10655.0818315375,0.0,10655.0818315375,174.572023941899,0.0,174.572023941899,12655.9421841123,ra,0.0,0.0,-0.0,0.0,0.0,0.0,477.02977184539054,0.0,477.02977184539054,478.37397642974315,0.0,478.37397642974315,0
13.0,0.0,114.0,148.0,11183.6183451154,11183.6183451154,0.0,31110.6271871052,31110.6271871052,0.0,12725.5782136216,ra,1.0,1.0,0.0,1000.0,1000.0,0.0,920.058596831031,920.058596831031,0.0,159.61042617174098,159.61042617174098,0.0,1
13.0,2.0,121.0,149.0,13974.00634747334,7033.00411775856,6941.00222971478,106391.78724612939,44439.8688246501,61951.9184214793,36309.8952864744,ra,1.0,0.0,1.0,1000.0,391.42494514643204,608.575054853568,768.185481025309,159.61042617174098,608.575054853568,587.4022428205052,110.37247097511465,477.02977184539054,1
13.0,1.0,129.0,150.0,7362.49465739319,0.0,7362.49465739319,13229.9521865053,0.0,13229.9521865053,54986.8926639146,ra,0.0,0.0,-0.0,0.0,0.0,0.0,506.7044230174772,0.0,506.7044230174772,608.575054853568,0.0,608.575054853568,0
13.0,0.0,128.0,151.0,7963.31449008736,7963.31449008736,0.0,27912.16958586,27912.16958586,0.0,55258.2918559062,ra,0.0,-0.0,0.0,0.0,0.0,0.0,110.37247097511465,110.37247097511465,0.0,325.29617678623663,325.29617678623663,0.0,0
13.0,1.0,127.0,152.0,11309.7143794641,0.0,11309.7143794641,17886.2152026232,0.0,17886.2152026232,66083.6762164012,ra,0.0,0.0,0.0,0.0,0.0,0.0,368.9805659572786,0.0,368.9805659572786,506.7044230174772,0.0,506.7044230174772,0
13.0,0.0,126.0,153.0,11768.8795544372,11768.8795544372,0.0,18226.4007565125,18226.4007565125,0.0,66152.7749055271,ra,0.0,-0.0,0.0,0.0,0.0,0.0,325.29617678623663,325.29617678623663,0.0,465.6394626113829,465.6394626113829,0.0,0
13.0,1.0,131.0,154.0,13063.1309770766,0.0,13063.1309770766,30671.8435925205,0.0,30671.8435925205,77946.0497397112,ra,0.0,0.0,-0.0,0.0,0.0,0.0,132.8073702948708,0.0,132.8073702948708,368.9805659572786,0.0,368.9805659572786,0
13.0,0.0,132.0,155.0,13332.5048339698,13332.5048339698,0.0,31866.5990943388,31866.5990943388,0.0,78200.6092463489,ra,0.0,-0.0,0.0,0.0,0.0,0.0,465.6394626113829,465.6394626113829,0.0,711.0122756377916,711.0122756377916,0.0,0
13.0,2.0,141.0,156.0,20915.585370117602,10623.7234191176,10291.861951,34934.66004003699,17686.9496121317,17247.7104279053,85720.8848871018,ra,1.0,0.0,1.0,1000.0,465.6394626113829,534.3605373886171,1245.3728130264087,711.0122756377916,534.3605373886171,514.3696953346936,381.5623250398228,132.8073702948708,1
13.0,1.0,144.0,157.0,10312.6666929756,0.0,10312.6666929756,26517.4055540081,0.0,26517.4055540081,92148.0377185692,ra,0.0,0.0,-0.0,0.0,0.0,0.0,330.1765146227548,0.0,330.1765146227548,534.3605373886171,0.0,534.3605373886171,0
13.0,0.0,146.0,158.0,10682.0887260768,10682.0887260768,0.0,17722.2697365695,17722.2697365695,0.0,94057.5406178836,ra,0.0,0.0,0.0,0.0,0.0,0.0,381.5623250398228,381.5623250398228,0.0,518.023802011408,518.023802011408,0.0,0
13.0,0.0,153.0,159.0,10865.4133062023,10865.4133062023,0.0,26782.2661808343,26782.2661808343,0.0,106351.198252807,ra,0.0,0.0,0.0,0.0,0.0,0.0,518.023802011408,518.023802011408,0.0,724.2472516038321,724.2472516038321,0.0,0
13.0,1.0,165.0,160.0,10841.3914265234,0.0,10841.3914265234,42880.066834124,0.0,42880.066834124,121193.591490271,ra,0.0,0.0,0.0,0.0,0.0,0.0,0.0,0.0,0.0,330.1765146227548,0.0,330.1765146227548,0
13.0,2.0,166.0,161.0,21769.3135715549,10924.7717317326,10844.5418398223,61748.019858066196,31757.2041283557,29990.8157297105,121274.128299309,ra,6.0,0.0,6.0,1625.6209739402836,968.7777233921709,656.8432505481128,1150.1612210331741,724.2472516038321,425.91396942934205,0.0,0.0,0.0,1
13.0,2.0,8.0,162.0,20326.8379673694,10049.6549230906,10277.1830442788,23999.4133765245,23999.4133765245,0.0,132616.969219855,link,0.0,0.0,0.0,0.0,0.0,0.0,425.91396942934205,0.0,425.91396942934205,610.7094524285807,184.7954829992386,425.91396942934205,0
14.0,2.0,5.0,163.0,94497.8226477467,47019.266876753,47478.5557709937,18726.8504151593,0.0,18726.8504151593,0.0,link,0.0,0.0,0.0,0.0,0.0,0.0,990.2215810098876,648.3328886000149,341.8886924098726,1134.418329206614,648.3328886000149,486.08544060659915,0
14.0,0.0,125.0,164.0,46935.1899031602,46935.1899031602,0.0,43495.7749008434,43495.7749008434,0.0,4629.48262057162,ra,0.0,-0.0,0.0,0.0,0.0,0.0,648.3328886000149,648.3328886000149,0.0,983.2503553365087,983.2503553365087,0.0,0
14.0,1.0,124.0,165.0,47664.7520038718,0.0,47664.7520038718,44086.4914897388,0.0,44086.4914897388,4633.73189838993,ra,3.0,0.0,3.0,2622.9442461579943,0.0,2622.9442461579943,2625.3669540968776,0.0,2625.3669540968776,341.8886924098726,0.0,341.8886924098726,1
14.0,2.0,6.0,166.0,94641.6911720278,46900.6207445268,47741.070427501,18458.3884100412,18458.3884100412,0.0,6596.60038925666,link,0.0,0.0,0.0,0.0,0.0,0.0,3608.6173094333863,983.2503553365087,2625.3669540968776,3750.746900190704,1125.379946093826,2625.3669540968776,0
15.0,2.0,6.0,167.0,75207.4913410466,44538.3019109056,30669.189430141,37697.0030363307,0.0,37697.0030363307,0.0,link,0.0,0.0,0.0,0.0,0.0,0.0,2542.5234800834605,1539.1265868155222,1003.3968932679383,2832.7904034632065,1539.1265868155222,1293.6638166476846,0
15.0,1.0,135.0,168.0,16721.3274524539,0.0,16721.3274524539,130311.284839992,0.0,130311.284839992,25738.7432238461,ra,0.0,0.0,-0.0,0.0,0.0,0.0,0.0,0.0,0.0,1003.3968932679383,0.0,1003.3968932679383,0
15.0,0.0,136.0,169.0,16271.068415411,16271.068415411,0.0,157829.465818351,157829.465818351,0.0,25740.9022185623,ra,3.0,3.0,0.0,2754.413473616825,2754.413473616825,0.0,1539.1265868155222,1539.1265868155222,0.0,0.0,0.0,0.0,1
15.0,2.0,0.0,170.0,10998.09198493645,5379.56194516866,5618.53003976779,36500.2514099417,36500.2514099417,0.0,48631.178555929,link,0.0,0.0,0.0,0.0,0.0,0.0,0.0,0.0,0.0,281.0519358565511,281.0519358565511,0.0,0
16.0,2.0,6.0,171.0,79740.5667298025,40135.9531021025,39604.6136277,56017.9116263197,0.0,56017.9116263197,0.0,link,0.0,0.0,0.0,0.0,0.0,0.0,3901.6892092852077,1293.78867531849,2607.9005339667174,4333.027128807869,1293.78867531849,3039.238453489379,0
16.0,1.0,137.0,172.0,29014.9759926702,0.0,29014.9759926702,83893.2413221206,0.0,83893.2413221206,12316.8385533337,ra,0.0,0.0,-0.0,0.0,0.0,0.0,1961.922575786389,0.0,1961.922575786389,2607.9005339667174,0.0,2607.9005339667174,0
16.0,0.0,138.0,173.0,29278.0080852545,29278.0080852545,0.0,91715.7564521452,91715.7564521452,0.0,12575.9466885105,ra,2.0,2.0,0.0,2000.000000000008,2000.000000000008,0.0,1293.78867531849,1293.78867531849,0.0,0.0,0.0,0.0,1
16.0,1.0,142.0,174.0,27688.6509021466,0.0,27688.6509021466,63006.5586717228,0.0,63006.5586717228,16134.1141427644,ra,0.0,0.0,-0.0,0.0,0.0,0.0,1476.7720740141235,0.0,1476.7720740141235,1961.922575786389,0.0,1961.922575786389,0
16.0,1.0,143.0,175.0,27113.7325928473,0.0,27113.7325928473,72589.6670074587,0.0,72589.6670074587,21914.8582594722,ra,0.0,0.0,-0.0,0.0,0.0,0.0,917.8316380566916,0.0,917.8316380566916,1476.7720740141235,0.0,1476.7720740141235,0
16.0,0.0,145.0,176.0,28145.026567285,28145.026567285,0.0,72859.904959997,72859.904959997,0.0,25449.0803158335,ra,0.0,0.0,0.0,0.0,0.0,0.0,0.0,0.0,0.0,561.0212681919768,561.0212681919768,0.0,0
16.0,1.0,148.0,177.0,25731.8558288299,0.0,25731.8558288299,94621.5376393873,0.0,94621.5376393873,32933.7519739179,ra,0.0,0.0,-0.0,0.0,0.0,0.0,189.2457982334096,0.0,189.2457982334096,917.8316380566916,0.0,917.8316380566916,0
16.0,0.0,152.0,178.0,26253.796275777,26253.796275777,0.0,70599.7566192532,70599.7566192532,0.0,38451.5895162813,ra,0.0,0.0,0.0,0.0,0.0,0.0,561.0212681919768,561.0212681919768,0.0,1104.6393941602264,1104.6393941602264,0.0,0
16.0,1.0,154.0,179.0,24880.2140787093,0.0,24880.2140787093,24577.3763939493,0.0,24577.3763939493,44683.895016081,ra,0.0,0.0,-0.0,0.0,0.0,0.0,0.0,0.0,0.0,189.2457982334096,0.0,189.2457982334096,0
16.0,0.0,159.0,180.0,25418.7221777421,25418.7221777421,0.0,56801.6159392716,56801.6159392716,0.0,49497.4689014342,ra,0.0,0.0,0.0,0.0,0.0,0.0,1104.6393941602264,1104.6393941602264,0.0,1542.0118368926178,1542.0118368926178,0.0,0
16.0,1.0,160.0,181.0,25469.3693020146,0.0,25469.3693020146,59349.9121330718,0.0,59349.9121330718,49565.5184208006,ra,2.0,0.0,2.0,1319.6496450880209,0.0,1319.6496450880209,862.6553216633681,0.0,862.6553216633681,0.0,0.0,0.0,1
16.0,1.0,171.0,182.0,26935.5497477119,0.0,26935.5497477119,58941.5213126196,0.0,58941.5213126196,67595.9687520987,ra,0.0,0.0,-0.0,0.0,0.0,0.0,408.8056075561973,0.0,408.8056075561973,862.6553216633681,0.0,862.6553216633681,0
16.0,0.0,174.0,183.0,27462.4751098044,27462.4751098044,0.0,101142.052749134,101142.052749134,0.0,68666.0746432526,ra,3.0,3.0,0.0,2320.8056430609495,2320.8056430609495,0.0,1542.0118368926178,1542.0118368926178,0.0,0.0,0.0,0.0,1
16.0,1.0,178.0,184.0,27163.1527528195,0.0,27163.1527528195,31537.4824078932,0.0,31537.4824078932,81021.8926734055,ra,0.0,0.0,-0.0,0.0,0.0,0.0,165.96699301541972,0.0,165.96699301541972,408.8056075561973,0.0,408.8056075561973,0
16.0,0.0,187.0,185.0,29187.9984476255,29187.9984476255,0.0,133078.562065394,133078.562065394,0.0,92123.379066016,ra,0.0,0.0,0.0,0.0,0.0,0.0,0.0,0.0,0.0,1024.7049279035339,1024.7049279035339,0.0,0
16.0,1.0,188.0,186.0,28376.9986665812,0.0,28376.9986665812,21554.1549370675,0.0,21554.1549370675,92203.5095301381,ra,0.0,0.0,-0.0,0.0,0.0,0.0,0.0,0.0,0.0,165.96699301541972,0.0,165.96699301541972,0
16.0,2.0,194.0,187.0,71124.20344709541,35553.8279012094,35570.375545886,175104.794376022,85992.7754667718,89112.0189092502,106046.116569043,ra,3.0,3.0,0.0,3000.0,1606.817751538332,1393.1822484616682,1731.7246307639755,1024.7049279035339,707.0197028604416,80.03154745934467,80.03154745934467,0.0,1
16.0,2.0,12.0,188.0,71147.99996754559,35564.9999847632,35582.9999827824,55989.7431175008,55989.7431175008,0.0,113917.810760995,link,0.0,0.0,0.0,0.0,0.0,0.0,787.0512503197863,80.03154745934467,707.0197028604416,1218.1722723245425,511.1525694641008,707.0197028604416,0
18.0,2.0,7.0,191.0,26949.9999999978,13587.9999999988,13361.999999999,25247.0177737235,0.0,25247.0177737235,0.0,link,0.0,0.0,0.0,0.0,0.0,0.0,1063.4814295216468,505.98094422796413,557.5004852936827,1257.8834663793177,505.98094422796413,751.9025221513537,0
18.0,0.0,139.0,192.0,13587.9186189986,13587.9186189986,0.0,33475.6574390956,33475.6574390956,0.0,12318.1380453438,ra,0.0,-0.0,0.0,0.0,0.0,0.0,505.98094422796413,505.98094422796413,0.0,763.7435065090001,763.7435065090001,0.0,0
18.0,1.0,140.0,193.0,13361.9322654755,0.0,13361.9322654755,72402.660427751,0.0,72402.660427751,12346.3056788137,ra,0.0,0.0,-0.0,0.0,0.0,0.0,0.0,0.0,0.0,557.5004852936827,0.0,557.5004852936827,0
18.0,2.0,147.0,194.0,21133.145613699402,10354.0731302489,10779.0724834505,61981.2795290299,35469.2818691713,26511.9976598586,27186.3293839123,ra,6.0,0.0,6.0,2053.275787956551,1036.8569769016192,1016.4188110549318,1576.0199355830207,763.7435065090001,812.2764290740206,0.0,0.0,0.0,1
18.0,1.0,151.0,195.0,10817.8434695675,0.0,10817.8434695675,12404.6496275872,0.0,12404.6496275872,33051.8075491023,ra,0.0,0.0,0.0,0.0,0.0,0.0,716.7606269415992,0.0,716.7606269415992,812.2764290740206,0.0,812.2764290740206,0
18.0,1.0,155.0,196.0,12387.6872636234,0.0,12387.6872636234,41592.2753993848,0.0,41592.2753993848,43226.7291306564,ra,0.0,0.0,0.0,0.0,0.0,0.0,396.50010636633624,0.0,396.50010636633624,716.7606269415992,0.0,716.7606269415992,0
18.0,0.0,156.0,197.0,11585.3862732974,11585.3862732974,0.0,35084.2185836153,35084.2185836153,0.0,43271.6778334303,ra,0.0,0.0,0.0,0.0,0.0,0.0,0.0,0.0,0.0,270.1484830938378,270.1484830938378,0.0,0
18.0,1.0,158.0,198.0,11682.0168018291,0.0,11682.0168018291,14605.2394731254,0.0,14605.2394731254,49245.074030708,ra,0.0,0.0,0.0,0.0,0.0,0.0,284.03976242327064,0.0,284.03976242327064,396.50010636633624,0.0,396.50010636633624,0
18.0,0.0,157.0,199.0,10952.7903248772,10952.7903248772,0.0,20251.5452871353,20251.5452871353,0.0,52243.2225994162,ra,0.0,0.0,0.0,0.0,0.0,0.0,270.1484830938378,270.1484830938378,0.0,426.08538180477956,426.08538180477956,0.0,0
18.0,1.0,161.0,200.0,8533.4929596628,0.0,8533.4929596628,24236.9624499093,0.0,24236.9624499093,69644.2700043588,ra,0.0,0.0,0.0,0.0,0.0,0.0,97.41515155896909,0.0,97.41515155896909,284.03976242327064,0.0,284.03976242327064,0
18.0,0.0,162.0,201.0,8972.23316325207,8972.23316325207,0.0,35053.1448326828,35053.1448326828,0.0,69682.0105996121,ra,0.0,0.0,0.0,0.0,0.0,0.0,426.08538180477956,426.08538180477956,0.0,695.9945970164372,695.9945970164372,0.0,0
18.0,2.0,167.0,202.0,17024.72901544851,8263.2955761644,8761.43343928411,24914.051197294502,12262.7328130128,12651.3183842817,76811.9776614867,ra,1.0,1.0,0.0,971.0054752817034,695.9945970164372,275.0108782652662,971.0054752817034,695.9945970164372,275.0108782652662,191.83819421916763,94.42304266019856,97.41515155896909,1
18.0,0.0,175.0,203.0,7912.19781312535,7912.19781312535,0.0,24398.9554548074,24398.9554548074,0.0,91803.7907317536,ra,0.0,0.0,0.0,0.0,0.0,0.0,94.42304266019856,94.42304266019856,0.0,282.2949996622155,282.2949996622155,0.0,0
18.0,1.0,176.0,204.0,8875.83878859374,0.0,8875.83878859374,35715.6984760086,0.0,35715.6984760086,91872.4611970398,ra,0.0,0.0,0.0,0.0,0.0,0.0,0.0,0.0,0.0,275.0108782652662,0.0,275.0108782652662,0
18.0,2.0,190.0,205.0,47292.9371799686,22515.082655355,24777.8545246136,95089.04874416921,62094.805880694,32994.2428634752,121334.732705969,ra,4.0,0.0,4.0,2079.994301266495,760.4250049435592,1319.5692963229358,1347.8086259363924,282.2949996622155,1065.5136262741769,0.0,0.0,0.0,1
18.0,2.0,11.0,206.0,53098.002767233804,24816.3642256391,28281.6385415947,22501.5672879359,22501.5672879359,0.0,126075.531741563,link,0.0,0.0,0.0,0.0,0.0,0.0,1065.5136262741769,0.0,1065.5136262741769,1238.7756943912832,173.26206811710642,1065.5136262741769,0
19.0,2.0,7.0,207.0,19888.0,9830.0,10058.0,4268.91694,0.0,4268.91694,0.0,link,0.0,0.0,0.0,0.0,0.0,0.0,990.165377735641,740.828372433641,249.33700530199997,1023.0360381736409,740.828372433641,282.20766574,0
19.0,1.0,130.0,208.0,10058.0,0.0,10058.0,17404.16204,0.0,17404.16204,7445.46706764246,ra,0.0,0.0,-0.0,0.0,0.0,0.0,115.32495759399997,0.0,115.32495759399997,249.33700530199997,0.0,249.33700530199997,0
19.0,0.0,134.0,209.0,9830.0,9830.0,0.0,31635.2992,31635.2992,0.0,16091.2031866585,ra,1.0,1.0,0.0,984.420176273641,984.420176273641,0.0,740.828372433641,740.828372433641,0.0,2.842170943040401e-14,2.842170943040401e-14,0.0,1
19.0,1.0,133.0,210.0,10058.0,0.0,10058.0,14977.26722,0.0,14977.26722,16097.3995823694,ra,0.0,0.0,-0.0,0.0,0.0,0.0,0.0,0.0,0.0,115.32495759399997,0.0,115.32495759399997,0
19.0,2.0,0.0,211.0,19888.0,9830.0,10058.0,4184.3361,4184.3361,0.0,18219.577121931,link,0.0,0.0,0.0,0.0,0.0,0.0,2.842170943040401e-14,2.842170943040401e-14,0.0,32.21938797,32.21938797,0.0,0
20.0,2.0,0.0,212.0,19481.0003447438,9701.00019990513,9780.00014483867,31718.9360412727,0.0,31718.9360412727,0.0,link,0.0,0.0,0.0,0.0,0.0,0.0,0.0,0.0,0.0,244.23580751779977,0.0,244.23580751779977,0
20.0,1.0,149.0,213.0,9780.00074312627,0.0,9780.00074312627,41311.2760660871,0.0,41311.2760660871,1524.74512441346,ra,1.0,0.0,1.0,318.0968257088706,0.0,318.0968257088706,0.0,0.0,0.0,0.0,0.0,0.0,1
20.0,0.0,150.0,214.0,9701.00332077514,9701.00332077514,0.0,5083.71262198212,5083.71262198212,0.0,2620.22338885237,ra,0.0,0.0,0.0,0.0,0.0,0.0,0.0,0.0,0.0,39.14458718926232,39.14458718926232,0.0,0
20.0,0.0,163.0,215.0,10133.9989103389,10133.9989103389,0.0,38952.505983054,38952.505983054,0.0,22308.8999344534,ra,0.0,0.0,0.0,0.0,0.0,0.0,39.14458718926232,39.14458718926232,0.0,339.0788832587781,339.0788832587781,0.0,0
20.0,1.0,164.0,216.0,10094.128472639,0.0,10094.128472639,2982.31331156508,0.0,2982.31331156508,22364.4498639692,ra,1.0,0.0,1.0,309.0880263638323,0.0,309.0880263638323,286.1242138647812,0.0,286.1242138647812,0.0,0.0,0.0,1
20.0,2.0,8.0,217.0,21962.979690817003,10983.9900500203,10978.9896407967,31884.879589547,31884.879589547,0.0,37253.2284842051,link,0.0,0.0,0.0,0.0,0.0,0.0,625.2030971235592,339.0788832587781,286.1242138647812,870.7166699630711,584.59245609829,286.1242138647812,0
21.0,2.0,8.0,218.0,21649.000000000102,11074.0,10575.0000000001,7431.68671999561,0.0,7431.68671999561,0.0,link,0.0,0.0,0.0,0.0,0.0,0.0,468.43780118109953,468.43780118109953,0.0,525.6617889250657,468.43780118109953,57.223987743966205,0
21.0,0.0,168.0,219.0,11074.0000000038,11074.0000000038,0.0,5284.5128000004,5284.5128000004,0.0,2386.04494997369,ra,0.0,-0.0,0.0,0.0,0.0,0.0,468.43780118109953,468.43780118109953,0.0,509.1285497411027,509.1285497411027,0.0,0
21.0,0.0,169.0,220.0,11074.000000012,11074.000000012,0.0,1386.57554000089,1386.57554000089,0.0,3012.12908443473,ra,0.0,-0.0,0.0,0.0,0.0,0.0,509.1285497411027,509.1285497411027,0.0,519.8051813991095,519.8051813991095,0.0,0
21.0,1.0,170.0,221.0,10575.0000000169,0.0,10575.0000000169,17781.8883775489,0.0,17781.8883775489,3039.09831202883,ra,1.0,0.0,1.0,445.36580831888637,0.0,445.36580831888637,308.44526781175983,0.0,308.44526781175983,0.0,0.0,0.0,1
21.0,1.0,172.0,222.0,10575.0000113916,0.0,10575.0000113916,8256.88444286018,0.0,8256.88444286018,6552.72944512765,ra,0.0,0.0,-0.0,0.0,0.0,0.0,244.86725760173644,0.0,244.86725760173644,308.44526781175983,0.0,308.44526781175983,0
21.0,0.0,173.0,223.0,11074.0000108703,11074.0000108703,0.0,8128.86970117104,8128.86970117104,0.0,6682.42135103473,ra,1.0,1.0,0.0,94.55436483244092,94.55436483244092,0.0,519.8051813991095,519.8051813991095,0.0,487.8431132656855,487.8431132656855,0.0,1
21.0,1.0,177.0,224.0,11462.2327375431,0.0,11462.2327375431,24369.6785444533,0.0,24369.6785444533,17934.8030239513,ra,0.0,0.0,-0.0,0.0,0.0,0.0,57.22073280944605,0.0,57.22073280944605,244.86725760173644,0.0,244.86725760173644,0
21.0,1.0,179.0,225.0,11511.932296797,0.0,11511.932296797,7431.26400122676,0.0,7431.26400122676,21523.4301002063,ra,0.0,0.0,0.0,0.0,0.0,0.0,0.0,0.0,0.0,57.22073280944605,0.0,57.22073280944605,0
21.0,0.0,180.0,226.0,11776.9561689664,11776.9561689664,0.0,33780.0918498022,33780.0918498022,0.0,21602.960316319,ra,0.0,-0.0,0.0,0.0,0.0,0.0,487.8431132656855,487.8431132656855,0.0,747.9498205091625,747.9498205091625,0.0,0
21.0,2.0,183.0,227.0,23288.9999999286,11776.9999999694,11511.9999999592,24431.43923242101,18003.8484824192,6427.59075000181,29246.6421925882,ra,6.0,0.0,6.0,1465.0228683788607,886.5794538237902,578.4434145550705,1276.900786289219,747.9498205091625,528.9509657800565,0.0,0.0,0.0,1
21.0,2.0,10.0,228.0,23288.9999999998,11776.9999999999,11511.9999999999,7602.76011999671,7602.76011999671,0.0,32474.4736101551,link,0.0,0.0,0.0,0.0,0.0,0.0,528.9509657800565,0.0,528.9509657800565,587.4922187040312,58.54125292397466,528.9509657800565,0
22.0,2.0,8.0,229.0,18089.34980232114,9293.63667702267,8795.71312529847,50832.0723555467,0.0,50832.0723555467,0.0,link,0.0,0.0,0.0,0.0,0.0,0.0,487.4353269308401,262.4891132174108,224.9462137134293,878.8422840685497,262.4891132174108,616.3531708511389,0
22.0,2.0,9.0,230.0,22551.7599214391,11229.4921808602,11322.2677405789,51972.8061182546,51972.8061182546,0.0,25496.1440920557,link,0.0,0.0,0.0,0.0,0.0,0.0,487.4353269308401,262.4891132174108,224.9462137134293,887.6259340414006,662.6797203279713,224.9462137134293,0
24.0,2.0,9.0,233.0,25786.108144857702,12922.6073175015,12863.5008273562,6204.50134751721,0.0,6204.50134751721,0.0,link,0.0,0.0,0.0,0.0,0.0,0.0,1219.563586448277,957.7888301789947,261.77475626928236,1267.3382468241596,957.7888301789947,309.54941664516485,0
24.0,0.0,184.0,234.0,12911.6129537198,12911.6129537198,0.0,18090.429727144,18090.429727144,0.0,7001.12487688288,ra,1.0,1.0,0.0,957.7888301789947,957.7888301789947,0.0,957.7888301789947,957.7888301789947,0.0,139.29630889900878,139.29630889900878,0.0,1
24.0,1.0,186.0,235.0,12846.4691022428,0.0,12846.4691022428,33996.7215934133,0.0,33996.7215934133,7412.43177077668,ra,1.0,0.0,1.0,407.24663286116134,0.0,407.24663286116134,407.24663286116134,0.0,407.24663286116134,261.77475626928236,0.0,261.77475626928236,1
24.0,1.0,189.0,236.0,12797.6950404071,0.0,12797.6950404071,8262.45858933682,0.0,8262.45858933682,10447.761196687,ra,0.0,0.0,-0.0,0.0,0.0,0.0,343.6257017232678,0.0,343.6257017232678,407.24663286116134,0.0,407.24663286116134,0
24.0,0.0,197.0,237.0,9570.73893282761,9570.73893282761,0.0,55115.4602453017,55115.4602453017,0.0,30840.5691895132,ra,0.0,0.0,0.0,0.0,0.0,0.0,139.29630889900878,139.29630889900878,0.0,563.6853527878318,563.6853527878318,0.0,0
24.0,1.0,198.0,238.0,9946.42620888775,0.0,9946.42620888775,44626.7145095153,0.0,44626.7145095153,30857.3340619152,ra,0.0,0.0,-0.0,0.0,0.0,0.0,0.0,0.0,0.0,343.6257017232678,0.0,343.6257017232678,0
24.0,2.0,210.0,239.0,15887.70615160749,7870.70573058493,8017.00042102256,90039.7330100835,43367.7917068959,46671.9413031876,55766.1486133563,ra,4.0,4.0,0.0,2217.811079665137,897.6173489309301,1320.193730734207,1524.5051354874945,563.6853527878318,960.8197826996626,0.0,0.0,0.0,1
24.0,1.0,213.0,240.0,8321.88022874515,0.0,8321.88022874515,7786.61290276462,0.0,7786.61290276462,60869.9211900911,ra,0.0,0.0,0.0,0.0,0.0,0.0,900.862863348375,0.0,900.862863348375,960.8197826996626,0.0,960.8197826996626,0
24.0,0.0,214.0,241.0,8366.57069978269,8366.57069978269,0.0,9134.05861319777,9134.05861319777,0.0,61482.2045354548,ra,0.0,0.0,0.0,0.0,0.0,0.0,0.0,0.0,0.0,70.33225132162282,70.33225132162282,0.0,0
24.0,2.0,226.0,242.0,28294.0206982518,14163.5504368669,14130.4702613849,52155.546104176596,33092.1003001113,19063.4458040653,76000.7341358558,ra,0.0,0.0,0.0,0.0,0.0,0.0,824.406581978695,70.33225132162282,754.0743306570722,1226.0042869808547,325.14142363247976,900.862863348375,0
24.0,2.0,15.0,243.0,28738.6713502246,14383.3123439625,14355.3590062621,6217.55359002561,6217.55359002561,0.0,78175.474803374,link,0.0,0.0,0.0,0.0,0.0,0.0,1079.215754289552,325.14142363247976,754.0743306570722,1127.0909169327492,373.01658627567696,754.0743306570722,0
25.0,2.0,9.0,244.0,18444.994544675952,9036.99752648209,9407.99701819386,18226.3650365836,0.0,18226.3650365836,0.0,link,0.0,0.0,0.0,0.0,0.0,0.0,779.9029198933194,354.8700118778626,425.0329080154569,920.2459306750134,354.8700118778626,565.3759187971507,0
25.0,0.0,181.0,245.0,9638.76325800112,9638.76325800112,0.0,44040.98297035,44040.98297035,0.0,25610.5675707886,ra,0.0,-0.0,0.0,0.0,0.0,0.0,354.8700118778626,354.8700118778626,0.0,693.9855807495576,693.9855807495576,0.0,0
25.0,1.0,182.0,246.0,9527.61677341169,0.0,9527.61677341169,45025.019800587,0.0,45025.019800587,25630.3354942948,ra,0.0,0.0,-0.0,0.0,0.0,0.0,78.34025555093703,0.0,78.34025555093703,425.0329080154569,0.0,425.0329080154569,0
25.0,2.0,10.0,247.0,19006.7279100321,9665.34291491844,9341.38499511366,18711.1790913528,18711.1790913528,0.0,35248.1726115327,link,0.0,0.0,0.0,0.0,0.0,0.0,772.3258363004946,693.9855807495576,78.34025555093703,916.4019153039112,838.0616597529742,78.34025555093703,0
26.0,2.0,10.0,248.0,39799.090315948604,19727.656489473,20071.4338264756,12745.358204922,0.0,12745.358204922,0.0,link,0.0,0.0,0.0,0.0,0.0,0.0,663.9266714756768,525.6888104997657,138.23786097591108,762.0659296535762,525.6888104997657,236.37711915381047,0
26.0,0.0,185.0,249.0,19971.0637528884,19971.0637528884,0.0,15800.7935872806,15800.7935872806,0.0,3979.73029800346,ra,1.0,1.0,0.0,647.3549211218262,647.3549211218262,0.0,525.6888104997657,525.6888104997657,0.0,0.0,0.0,0.0,1
26.0,1.0,191.0,250.0,29655.4467390276,0.0,29655.4467390276,95904.7756863211,0.0,95904.7756863211,21983.5670709269,ra,2.0,0.0,2.0,1480.328153305592,0.0,1480.328153305592,880.099241496831,0.0,880.099241496831,138.23786097591108,0.0,138.23786097591108,1
26.0,2.0,11.0,251.0,61239.0276416527,31319.7944712375,29919.2331704152,94740.9379804083,94740.9379804083,0.0,24120.7762535988,link,0.0,0.0,0.0,0.0,0.0,0.0,880.099241496831,0.0,880.099241496831,1609.6044639459749,729.5052224491438,880.099241496831,0
27.0,2.0,11.0,252.0,68446.95855219441,33632.3321209786,34814.6264312158,15604.4145583224,0.0,15604.4145583224,0.0,link,0.0,0.0,0.0,0.0,0.0,0.0,1635.9332273712955,561.8829973936954,1074.0502299776,1756.087219470378,561.8829973936954,1194.2042220766825,0
27.0,0.0,199.0,253.0,29715.9548515929,29715.9548515929,0.0,99181.0191956301,99181.0191956301,0.0,15398.2814879574,ra,1.0,1.0,0.0,891.0730721683124,891.0730721683124,0.0,561.8829973936954,561.8829973936954,0.0,434.5037730317348,434.5037730317348,0.0,1
27.0,1.0,200.0,254.0,27462.2259431798,0.0,27462.2259431798,73895.6909969349,0.0,73895.6909969349,15788.2300471589,ra,0.0,0.0,-0.0,0.0,0.0,0.0,505.05340930120144,0.0,505.05340930120144,1074.0502299776,0.0,1074.0502299776,0
27.0,2.0,209.0,255.0,39803.000772140804,18775.2599855575,21027.7407865833,147146.58632751892,81555.23447022,65591.3518572989,32030.5850885025,ra,1.0,0.0,1.0,999.9999999999999,434.5037730317348,565.4962269682651,999.9999999999999,434.5037730317348,565.4962269682651,1133.0287147218955,627.975305420694,505.05340930120144,1
27.0,0.0,211.0,256.0,16952.9432638946,16952.9432638946,0.0,22760.4501055564,22760.4501055564,0.0,38562.6549711216,ra,0.0,0.0,0.0,0.0,0.0,0.0,627.975305420694,627.975305420694,0.0,803.2307712334782,803.2307712334782,0.0,0
27.0,0.0,217.0,257.0,14923.34787731,14923.34787731,0.0,43893.2158975543,43893.2158975543,0.0,51994.455333056,ra,0.0,0.0,0.0,0.0,0.0,0.0,803.2307712334782,803.2307712334782,0.0,1141.2085336446462,1141.2085336446462,0.0,0
27.0,1.0,216.0,258.0,16064.7865328213,0.0,16064.7865328213,22960.6587850728,0.0,22960.6587850728,52217.7859827402,ra,0.0,0.0,-0.0,0.0,0.0,0.0,388.6991543232051,0.0,388.6991543232051,565.4962269682651,0.0,565.4962269682651,0
27.0,1.0,220.0,259.0,15273.5497081432,0.0,15273.5497081432,22460.6268387875,0.0,22460.6268387875,72827.5521510141,ra,0.0,0.0,-0.0,0.0,0.0,0.0,215.75232766454138,0.0,215.75232766454138,388.6991543232051,0.0,388.6991543232051,0
27.0,0.0,222.0,260.0,13969.7949387614,13969.7949387614,0.0,63036.7155561026,63036.7155561026,0.0,72993.5375681565,ra,0.0,0.0,0.0,0.0,0.0,0.0,1141.2085336446462,1141.2085336446462,0.0,1626.591243426636,1626.591243426636,0.0,0
27.0,2.0,223.0,261.0,28115.7326932638,13396.479626617,14719.2530666468,86413.1671617678,19998.6352809813,66414.5318807865,80453.8359529617,ra,2.0,2.0,0.0,2000.0000000000061,1141.2085336446462,858.79146635536,2189.7431419644818,1626.591243426636,563.1518985378455,855.1245291100872,639.3722014455459,215.75232766454138,1
27.0,1.0,224.0,262.0,15546.2889831198,0.0,15546.2889831198,73136.6101997202,0.0,73136.6101997202,88033.8072308468,ra,0.0,0.0,0.0,0.0,0.0,0.0,0.0,0.0,0.0,563.1518985378455,0.0,563.1518985378455,0
27.0,0.0,225.0,263.0,14240.8796108091,14240.8796108091,0.0,20993.7231683195,20993.7231683195,0.0,88042.5953486906,ra,0.0,0.0,0.0,0.0,0.0,0.0,639.3722014455459,639.3722014455459,0.0,801.023869841606,801.023869841606,0.0,0
27.0,0.0,228.0,264.0,16210.1141141057,16210.1141141057,0.0,33843.4145817759,33843.4145817759,0.0,99290.1862589441,ra,0.0,0.0,0.0,0.0,0.0,0.0,801.023869841606,801.023869841606,0.0,1061.6181621212804,1061.6181621212804,0.0,0
27.0,2.0,230.0,265.0,34177.789667498,16266.7915147338,17910.9981527642,106511.5480033828,25899.7969382603,80611.7510651225,107271.26953268,ra,3.0,3.0,0.0,2999.9999999999827,1061.6181621212804,1938.381837878702,2379.28951679854,1061.6181621212804,1317.6713546772592,199.42843642460429,199.42843642460429,0.0,1
27.0,0.0,231.0,266.0,18725.9999778317,18725.9999778317,0.0,62859.5735281175,62859.5735281175,0.0,124467.354651869,ra,0.0,0.0,0.0,0.0,0.0,0.0,199.42843642460429,199.42843642460429,0.0,683.447152591109,683.447152591109,0.0,0
27.0,1.0,229.0,267.0,21167.9999889026,0.0,21167.9999889026,101642.528773758,0.0,101642.528773758,125208.618296011,ra,0.0,0.0,0.0,0.0,0.0,0.0,535.0238831193226,0.0,535.0238831193226,1317.6713546772592,0.0,1317.6713546772592,0
27.0,2.0,15.0,268.0,39893.9999998457,18725.9999999336,21167.9999999121,16580.5621766321,16580.5621766321,0.0,128894.513137464,link,0.0,0.0,0.0,0.0,0.0,0.0,1218.4710357104316,683.447152591109,535.0238831193226,1346.1413644704987,811.1174813511761,535.0238831193226,0
28.0,2.0,11.0,269.0,61992.2787513973,31725.312247826,30266.9665035713,8215.23262979123,0.0,8215.23262979123,0.0,link,0.0,0.0,0.0,0.0,0.0,0.0,1745.2480697009998,698.9905042143109,1046.257565486689,1808.5053609503923,698.9905042143109,1109.5148567360814,0
28.0,0.0,192.0,270.0,30439.2241679383,30439.2241679383,0.0,21455.6670568085,21455.6670568085,0.0,3445.55910715547,ra,1.0,1.0,0.0,864.1991405517364,864.1991405517364,0.0,698.9905042143109,698.9905042143109,0.0,0.0,0.0,0.0,1
28.0,1.0,193.0,271.0,26291.6779728645,0.0,26291.6779728645,39598.8087581442,0.0,39598.8087581442,7393.84594775699,ra,0.0,0.0,-0.0,0.0,0.0,0.0,741.3467380489785,0.0,741.3467380489785,1046.257565486689,0.0,1046.257565486689,0
28.0,0.0,195.0,272.0,18498.9087746208,18498.9087746208,0.0,79345.3149314,79345.3149314,0.0,21968.3457181098,ra,0.0,-0.0,0.0,0.0,0.0,0.0,0.0,0.0,0.0,610.9589249717799,610.9589249717799,0.0,0
28.0,1.0,196.0,273.0,17419.1863324911,0.0,17419.1863324911,53858.9068737316,0.0,53858.9068737316,22264.116411145,ra,0.0,0.0,0.0,0.0,0.0,0.0,326.63315512124524,0.0,326.63315512124524,741.3467380489785,0.0,741.3467380489785,0
28.0,1.0,203.0,274.0,9355.61733758555,0.0,9355.61733758555,42419.8902754864,0.0,42419.8902754864,35869.2262752123,ra,0.0,0.0,0.0,0.0,0.0,0.0,0.0,0.0,0.0,326.63315512124524,0.0,326.63315512124524,0
28.0,0.0,202.0,275.0,10322.6895163413,10322.6895163413,0.0,44652.0581963835,44652.0581963835,0.0,35908.1959799376,ra,1.0,1.0,0.0,954.7797730839328,954.7797730839328,0.0,610.9589249717799,610.9589249717799,0.0,0.0,0.0,0.0,1
28.0,2.0,0.0,276.0,16044.98321671642,8425.39921826346,7619.58399845296,9007.1853967425,9007.1853967425,0.0,40879.2796779836,link,0.0,0.0,0.0,0.0,0.0,0.0,0.0,0.0,0.0,69.35532755491724,69.35532755491724,0.0,0
30.0,2.0,12.0,279.0,31173.0077127878,15334.6891591729,15838.3185536149,27460.4467656701,0.0,27460.4467656701,0.0,link,0.0,0.0,0.0,0.0,0.0,0.0,1133.0304213712723,580.7161137180519,552.3143076532203,1344.4758614669322,580.7161137180519,763.7597477488802,0
30.0,0.0,201.0,280.0,15342.1685357064,15342.1685357064,0.0,5774.00459913302,5774.00459913302,0.0,1882.30501330568,ra,0.0,0.0,0.0,0.0,0.0,0.0,580.7161137180519,580.7161137180519,0.0,625.1759491313762,625.1759491313762,0.0,0
30.0,1.0,204.0,281.0,15008.3801891543,0.0,15008.3801891543,48539.0941140661,0.0,48539.0941140661,15325.3757236118,ra,0.0,0.0,-0.0,0.0,0.0,0.0,178.56328297491143,0.0,178.56328297491143,552.3143076532203,0.0,552.3143076532203,0
30.0,0.0,205.0,282.0,14615.1043928834,14615.1043928834,0.0,42470.7835812159,42470.7835812159,0.0,15632.2115214018,ra,0.0,-0.0,0.0,0.0,0.0,0.0,625.1759491313762,625.1759491313762,0.0,952.2009827067386,952.2009827067386,0.0,0
30.0,2.0,13.0,283.0,18934.3901725728,9143.1385769236,9791.2515956492,25362.3331074238,25362.3331074238,0.0,27311.5905726122,link,0.0,0.0,0.0,0.0,0.0,0.0,1130.7642656816502,952.2009827067386,178.56328297491143,1326.0542306088132,1147.490947633902,178.56328297491143,0
31.0,2.0,12.0,284.0,61211.2617744492,30941.9007084376,30269.3610660116,11697.5766277116,0.0,11697.5766277116,0.0,link,0.0,0.0,0.0,0.0,0.0,0.0,1197.6644765451142,637.4561586064904,560.2083179386238,1287.7358165784935,637.4561586064904,650.2796579720032,0
31.0,1.0,208.0,285.0,29780.0349085717,0.0,29780.0349085717,72754.3270050161,0.0,72754.3270050161,10173.7794302971,ra,0.0,0.0,0.0,0.0,0.0,0.0,0.0,0.0,0.0,560.2083179386238,0.0,560.2083179386238,0
31.0,0.0,207.0,286.0,30402.9541425937,30402.9541425937,0.0,62397.0411602338,62397.0411602338,0.0,10175.4293545811,ra,0.0,0.0,0.0,0.0,0.0,0.0,637.4561586064904,637.4561586064904,0.0,1117.9133755402906,1117.9133755402906,0.0,0
31.0,2.0,212.0,287.0,62402.9342497772,31525.7279110326,30877.2063387446,136331.4092642348,75248.3837478545,61083.0255163803,22337.1483709023,ra,5.0,0.0,5.0,3042.4548818776325,1697.3259303987702,1345.1289514788623,1992.7030305430249,1117.9133755402906,874.7896550027343,0.0,0.0,0.0,1
31.0,2.0,14.0,288.0,62766.261417807,31611.057809806,31155.203608001,11902.9605248606,11902.9605248606,0.0,24222.213413882,link,0.0,0.0,0.0,0.0,0.0,0.0,874.7896550027343,0.0,874.7896550027343,966.442451044161,91.65279604142661,874.7896550027343,0
32.0,2.0,13.0,289.0,24034.0,12223.0,11811.0,23190.0367499885,0.0,23190.0367499885,0.0,link,0.0,0.0,0.0,0.0,0.0,0.0,1147.490947633902,1147.490947633902,0.0,1326.0542306088132,1147.490947633902,178.56328297491143,0
32.0,2.0,206.0,290.0,24034.0000000012,12223.0000000006,11811.0000000006,82091.99852463797,5549.73092000006,76542.2676046379,2270.21285318104,ra,2.0,2.0,0.0,1727.2392959736408,625.1759491313762,1102.0633468422645,1660.1788339204545,1147.490947633902,512.6878862865526,565.0479265865262,565.0479265865262,0.0,1
32.0,1.0,221.0,291.0,17574.9999998822,0.0,17574.9999998822,5362.66644000006,0.0,5362.66644000006,28816.082062451,ra,1.0,0.0,1.0,999.9999999999999,0.0,999.9999999999999,1471.395354698552,0.0,1471.395354698552,512.6878862865526,0.0,512.6878862865526,1
32.0,2.0,16.0,292.0,35472.0,17897.0,17575.0,102128.704967993,102128.704967993,0.0,35413.5690178666,link,0.0,0.0,0.0,0.0,0.0,0.0,2036.4432812850782,565.0479265865262,1471.395354698552,2822.8343095386244,1351.4389548400723,1471.395354698552,0
33.0,2.0,14.0,293.0,25491.3919282071,13297.3329457903,12194.0589824168,49298.1104224123,0.0,49298.1104224123,0.0,link,0.0,0.0,0.0,0.0,0.0,0.0,730.8183278971603,730.8183278971603,0.0,1110.413778149735,730.8183278971603,379.59545025257466,0
33.0,2.0,215.0,294.0,25513.5709485368,13302.6381126901,12210.9328358467,18270.234913790802,9529.17913715675,8741.05577663405,3582.74329905444,ra,1.0,1.0,0.0,871.4991367333495,804.1930072532673,67.30612948008218,730.8183278971603,730.8183278971603,0.0,0.0,0.0,0.0,1
33.0,2.0,0.0,295.0,27433.9391849649,13761.9854531938,13671.9537317711,50762.0194878173,50762.0194878173,0.0,22213.6117866395,link,0.0,0.0,0.0,0.0,0.0,0.0,0.0,0.0,0.0,390.8675500561932,390.8675500561932,0.0,0
34.0,2.0,14.0,296.0,40290.9817282687,40289.5340857765,1.44764249220084,47009.7465792213,0.0,47009.7465792213,0.0,link,0.0,0.0,0.0,0.0,0.0,0.0,1243.6329342398906,235.62412314700063,1008.00881109289,1605.6079828998945,235.62412314700063,1369.983859752894,0
34.0,2.0,219.0,297.0,40084.6794214896,20069.2583308031,20015.4210906865,122570.63369373631,94769.8337207351,27800.7999730012,14615.9886216738,ra,1.0,1.0,0.0,999.9999999999999,821.2327391142137,178.76726088578621,1208.3340353335675,235.62412314700063,972.709912186567,1152.127914775337,144.11910368244708,1008.00881109289,1
34.0,1.0,227.0,298.0,19833.8652373147,0.0,19833.8652373147,21349.1131097913,0.0,21349.1131097913,19958.1076890932,ra,0.0,0.0,-0.0,0.0,0.0,0.0,808.321741241174,0.0,808.321741241174,972.709912186567,0.0,972.709912186567,0
34.0,0.0,235.0,299.0,19233.9789959859,19233.9789959859,0.0,47763.747289987,47763.747289987,0.0,26934.1491638682,ra,1.0,1.0,0.0,511.89995781534697,511.89995781534697,0.0,144.11910368244708,144.11910368244708,0.0,0.0,0.0,0.0,1
34.0,1.0,236.0,300.0,19715.5870318337,0.0,19715.5870318337,22822.0437484395,0.0,22822.0437484395,27007.4041804783,ra,0.0,0.0,-0.0,0.0,0.0,0.0,632.5920043781898,0.0,632.5920043781898,808.321741241174,0.0,808.321741241174,0
34.0,2.0,20.0,301.0,42848.933143860995,20473.5804606555,22375.3526832055,44942.6925531694,44942.6925531694,0.0,38220.8594846279,link,0.0,0.0,0.0,0.0,0.0,0.0,632.5920043781898,0.0,632.5920043781898,978.6507370375941,346.0587326594043,632.5920043781898,0
35.0,2.0,0.0,302.0,13637.0,6766.0,6871.0,48240.5351899999,0.0,48240.5351899999,0.0,link,0.0,0.0,0.0,0.0,0.0,0.0,1023.5609506409965,0.0,1023.5609506409965,1395.0130716039957,0.0,1395.0130716039957,0
35.0,0.0,218.0,303.0,6766.0,6766.0,0.0,15563.62682,15563.62682,0.0,11501.3526660994,ra,0.0,-0.0,0.0,0.0,0.0,0.0,0.0,0.0,0.0,119.83992651399998,119.83992651399998,0.0,0
35.0,2.0,16.0,304.0,13637.0,6766.0,6871.0,31939.71492,31939.71492,0.0,35104.4629542217,link,0.0,0.0,0.0,0.0,0.0,0.0,1143.4008771549964,119.83992651399998,1023.5609506409965,1389.3366820389965,365.77573139799995,1023.5609506409965,0
36.0,2.0,15.0,305.0,63592.0,31158.0,32434.0,25270.30242,0.0,25270.30242,0.0,link,0.0,0.0,0.0,0.0,0.0,0.0,1094.5168851423948,592.0670338134265,502.44985132896824,1289.098213776395,592.0670338134265,697.0311799629683,0
36.0,0.0,237.0,306.0,31158.0,31158.0,0.0,37254.99744,37254.99744,0.0,5978.40628225615,ra,1.0,1.0,0.0,878.9305141014265,878.9305141014265,0.0,592.0670338134265,592.0670338134265,0.0,0.0,0.0,0.0,1
36.0,1.0,238.0,307.0,32434.0,0.0,32434.0,44659.9963,0.0,44659.9963,6884.76410576914,ra,1.0,0.0,1.0,784.4017299006414,0.0,784.4017299006414,942.9696097196097,0.0,942.9696097196097,502.44985132896824,0.0,502.44985132896824,1
36.0,2.0,17.0,308.0,63592.0,31158.0,32434.0,29924.1432,29924.1432,0.0,10780.4149902554,link,0.0,0.0,0.0,0.0,0.0,0.0,942.9696097196097,0.0,942.9696097196097,1173.3855123596097,230.41590263999996,942.9696097196097,0
37.0,2.0,16.0,309.0,61280.6441162145,31014.1744637331,30266.4696524814,61506.4401406688,0.0,61506.4401406688,0.0,link,0.0,0.0,0.0,0.0,0.0,0.0,2616.396802979355,1141.1313064122992,1475.2654965670558,3089.996392062504,1141.1313064122992,1948.8650856502052,0
37.0,0.0,232.0,310.0,31188.9181978021,31188.9181978021,0.0,9525.29339943545,9525.29339943545,0.0,1531.60155183027,ra,1.0,1.0,0.0,976.4531725767883,976.4531725767883,0.0,1141.1313064122992,1141.1313064122992,0.0,238.0228930111637,238.0228930111637,0.0,1
37.0,2.0,18.0,311.0,64809.525076994905,32882.2900340846,31927.2350429103,53540.460073465,53540.460073465,0.0,9891.28354449013,link,0.0,0.0,0.0,0.0,0.0,0.0,1713.2883895782195,238.0228930111637,1475.2654965670558,2125.5499321439,650.2844355768441,1475.2654965670558,0
38.0,2.0,17.0,312.0,73980.9084088181,36437.7364219997,37543.1719868184,171637.919263567,0.0,171637.919263567,0.0,link,0.0,0.0,0.0,0.0,0.0,0.0,397.3715718748768,397.3715718748768,0.0,1718.9835502043425,397.3715718748768,1321.6119783294657,0
38.0,1.0,233.0,313.0,38288.3848812199,0.0,38288.3848812199,71264.0127216205,0.0,71264.0127216205,5385.57294187173,ra,2.0,0.0,2.0,1908.2013175172438,0.0,1908.2013175172438,1359.468419560766,0.0,1359.468419560766,0.0,0.0,0.0,1
38.0,0.0,234.0,314.0,38355.5663129252,38355.5663129252,0.0,52380.024504807,52380.024504807,0.0,7097.78606046679,ra,0.0,-0.0,0.0,0.0,0.0,0.0,397.3715718748768,397.3715718748768,0.0,800.6977605618907,800.6977605618907,0.0,0
38.0,1.0,239.0,315.0,41712.9401712972,0.0,41712.9401712972,40622.2291022271,0.0,40622.2291022271,14257.7141698898,ra,0.0,0.0,0.0,0.0,0.0,0.0,1046.6772554736174,0.0,1046.6772554736174,1359.468419560766,0.0,1359.468419560766,0
38.0,0.0,240.0,316.0,40728.8663078391,40728.8663078391,0.0,56977.7970121151,56977.7970121151,0.0,14300.5054996462,ra,1.0,1.0,0.0,1000.0,1000.0,0.0,800.6977605618907,800.6977605618907,0.0,239.42679755517693,239.42679755517693,0.0,1
38.0,2.0,22.0,317.0,105896.4428578996,51540.438437961,54356.0044199386,164600.439599617,164600.439599617,0.0,31585.4341675124,link,0.0,0.0,0.0,0.0,0.0,0.0,1286.1040530287944,239.42679755517693,1046.6772554736174,2553.527437945845,1506.8501824722277,1046.6772554736174,0
39.0,2.0,17.0,318.0,25562.2788538132,12328.3002896388,13233.9785641744,39766.6592704558,0.0,39766.6592704558,0.0,link,0.0,0.0,0.0,0.0,0.0,0.0,1034.137905211977,776.0139404847329,258.1239647272442,1340.3411815944867,776.0139404847329,564.3272411097538,0
39.0,2.0,24.0,319.0,21529.4529436522,10591.5844792127,10937.8684644395,37947.3758159135,37947.3758159135,0.0,17071.729881247,link,0.0,0.0,0.0,0.0,0.0,0.0,1034.137905211977,776.0139404847329,258.1239647272442,1326.3326989945108,1068.2087342672667,258.1239647272442,0
40.0,2.0,18.0,320.0,25932.8384078479,12821.1458632264,13111.6925446215,33495.9188990446,0.0,33495.9188990446,0.0,link,0.0,0.0,0.0,0.0,0.0,0.0,1870.3544415329125,1234.519518644236,635.8349228886763,2128.2730170555556,1234.519518644236,893.7534984113196,0
40.0,2.0,26.0,321.0,22387.8945153677,11334.7070106569,11053.1875047108,33432.5339456627,33432.5339456627,0.0,13785.5992106443,link,0.0,0.0,0.0,0.0,0.0,0.0,1870.3544415329125,1234.519518644236,635.8349228886763,2127.784952914515,1491.950030025839,635.8349228886763,0
41.0,2.0,18.0,322.0,65100.0643805413,32409.6776559215,32690.3867246198,170953.765242591,0.0,170953.765242591,0.0,link,0.0,0.0,0.0,0.0,0.0,0.0,1631.463915854505,891.0304134996636,740.4335023548415,2947.807908222456,891.0304134996636,2056.777494722792,0
41.0,0.0,241.0,323.0,32828.8089278736,32828.8089278736,0.0,10359.5962090881,10359.5962090881,0.0,1588.99980042748,ra,1.0,1.0,0.0,829.2705753694,829.2705753694,0.0,891.0304134996636,891.0304134996636,0.0,141.5287289402419,141.5287289402419,0.0,1
41.0,0.0,242.0,324.0,32828.8089278736,32828.8089278736,0.0,0.0,0.0,0.0,1588.99980042748,ra,0.0,0.0,0.0,0.0,0.0,0.0,141.5287289402419,141.5287289402419,0.0,141.52872894024173,141.52872894024173,0.0,0
41.0,2.0,25.0,325.0,107717.843361102,52411.8634929897,55305.9798681123,160387.907504592,160387.907504592,0.0,19664.6825171201,link,0.0,0.0,0.0,0.0,0.0,0.0,881.9622312950833,141.52872894024173,740.4335023548415,2116.9491190804415,1376.5156167256,740.4335023548415,0
42.0,2.0,0.0,326.0,64323.0,34358.0,29965.0,5842.87535,0.0,5842.87535,0.0,link,0.0,0.0,0.0,0.0,0.0,0.0,1326.5566507050994,0.0,1326.5566507050994,1371.5467909000993,0.0,1371.5467909000993,0
42.0,2.0,21.0,327.0,64323.0,34358.0,29965.0,6699.46642,6699.46642,0.0,974.993087217836,link,0.0,0.0,0.0,0.0,0.0,0.0,1326.5566507050994,0.0,1326.5566507050994,1378.1425421390993,51.585891434,1326.5566507050994,0
43.0,2.0,20.0,328.0,150198.49863614672,75767.4489434685,74431.0496926782,5130.77431917987,0.0,5130.77431917987,0.0,link,0.0,0.0,0.0,0.0,0.0,0.0,734.7759278454296,734.7759278454296,0.0,774.2828901031146,734.7759278454296,39.50696225768499,0
43.0,2.0,243.0,329.0,143910.6207571261,71622.8655725805,72287.7551845456,293911.014155205,147233.481063914,146677.533091291,10005.6920912667,ra,3.0,3.0,0.0,3000.0000000000005,624.4387867589753,2375.561213241025,1980.9201362835136,734.7759278454296,1246.144208438084,1244.0349452785915,1244.0349452785915,0.0,1
43.0,2.0,22.0,330.0,143835.3128743358,71573.2272359724,72262.0856383634,5082.7022288147,5082.7022288147,0.0,10360.6755425037,link,0.0,0.0,0.0,0.0,0.0,0.0,2490.1791537166755,1244.0349452785915,1246.144208438084,2529.3159608785486,1283.1717524404646,1246.144208438084,0
44.0,2.0,20.0,331.0,153959.0,74263.0,79696.0,69973.088,0.0,69973.088,0.0,link,0.0,0.0,0.0,0.0,0.0,0.0,1120.0953263939223,219.81472339185166,900.2806030020707,1658.8881039939226,219.81472339185166,1439.073380602071,0
44.0,2.0,21.0,332.0,153959.0,74263.0,79696.0,65202.914,65202.914,0.0,4390.04714603225,link,0.0,0.0,0.0,0.0,0.0,0.0,1120.0953263939223,219.81472339185166,900.2806030020707,1622.1577641939225,721.8771611918517,900.2806030020707,0
45.0,2.0,20.0,333.0,62196.7600253059,32348.664026557,29848.0959987489,35568.6331504501,0.0,35568.6331504501,0.0,link,0.0,0.0,0.0,0.0,0.0,0.0,511.33489516215485,511.33489516215485,0.0,785.2133704206205,511.33489516215485,273.87847525846576,0
45.0,2.0,249.0,334.0,59803.760630072604,31496.7732925594,28306.9873375132,120388.03113917299,62891.5126741653,57496.5184650077,9849.37897275001,ra,2.0,0.0,2.0,1808.2580743982553,867.0776444475312,941.180429950724,1009.7921329323196,511.33489516215485,498.45723777016474,128.52189830569642,128.52189830569642,0.0,1
45.0,2.0,27.0,335.0,59265.8366310976,31619.7156039958,27646.1210271018,40175.3552202939,40175.3552202939,0.0,16227.5537304541,link,0.0,0.0,0.0,0.0,0.0,0.0,626.9791360758611,128.52189830569642,498.45723777016474,936.3293712721241,437.8721335019594,498.45723777016474,0
46.0,2.0,21.0,336.0,122056.3633115633,58092.1447118619,63964.2185997014,125585.212894561,0.0,125585.212894561,0.0,link,0.0,0.0,0.0,0.0,0.0,0.0,1259.8311144190504,386.73152631292584,873.0995881061245,2226.83725370717,386.73152631292584,1840.1057273942442,0
46.0,2.0,23.0,337.0,131872.7061463396,62497.919354533,69374.7867918066,113560.887875182,113560.887875182,0.0,9404.55520736285,link,0.0,0.0,0.0,0.0,0.0,0.0,1259.8311144190504,386.73152631292584,873.0995881061245,2134.249951057952,1261.1503629518272,873.0995881061245,0
47.0,2.0,22.0,338.0,38579.2955378498,18952.692150841,19626.6033870088,35264.3833285467,0.0,35264.3833285467,0.0,link,0.0,0.0,0.0,0.0,0.0,0.0,2021.285712281892,1395.0109674563462,626.2747448255459,2292.8214639117014,1395.0109674563462,897.8104964553554,0
47.0,2.0,248.0,339.0,35162.6248298969,17399.4597199651,17763.1651099318,148712.7599086786,73267.708596875,75445.0513118036,19815.1127809066,ra,3.0,0.0,3.0,2364.7151489618573,1959.1723236522835,405.5428253095736,1845.901642490578,1395.0109674563462,450.8906750342319,626.2747448255459,0.0,626.2747448255459,1
47.0,2.0,28.0,340.0,35062.119983040204,16961.1414488018,18100.9785342384,33513.0307108643,33513.0307108643,0.0,29618.3313222541,link,0.0,0.0,0.0,0.0,0.0,0.0,450.8906750342319,0.0,450.8906750342319,708.941011507887,258.05033647365514,450.8906750342319,0
48.0,2.0,24.0,341.0,16009.99993438885,7856.99996682075,8152.9999675681,17621.4274880079,0.0,17621.4274880079,0.0,link,0.0,0.0,0.0,0.0,0.0,0.0,724.385836032047,724.385836032047,0.0,860.0708276897078,724.385836032047,135.68499165766082,0
48.0,1.0,245.0,342.0,8152.99812236847,0.0,8152.99812236847,23278.983850966,0.0,23278.983850966,2543.44255785523,ra,1.0,0.0,1.0,211.18213778091496,0.0,211.18213778091496,31.933962128476786,0.0,31.933962128476786,0.0,0.0,0.0,1
48.0,0.0,244.0,343.0,7856.99618755383,7856.99618755383,0.0,4674.91452637685,4674.91452637685,0.0,2975.04995056242,ra,0.0,0.0,0.0,0.0,0.0,0.0,724.385836032047,724.385836032047,0.0,760.3826778851488,760.3826778851488,0.0,0
48.0,0.0,246.0,344.0,5883.74136844686,5883.74136844686,0.0,20247.1902969036,20247.1902969036,0.0,17336.8862422761,ra,1.0,1.0,0.0,916.2860431713065,916.2860431713065,0.0,760.3826778851488,760.3826778851488,0.0,0.0,0.0,0.0,1
48.0,1.0,247.0,345.0,5988.23778260399,0.0,5988.23778260399,4147.26780889309,0.0,4147.26780889309,18620.0569912817,ra,0.0,0.0,0.0,0.0,0.0,0.0,0.0,0.0,0.0,31.933962128476786,0.0,31.933962128476786,0
48.0,2.0,0.0,346.0,10228.9496360124,5180.36917753558,5048.58045847682,19145.8378925061,19145.8378925061,0.0,34790.8303429051,link,0.0,0.0,0.0,0.0,0.0,0.0,0.0,0.0,0.0,147.42295177229695,147.42295177229695,0.0,0
50.0,2.0,23.0,349.0,167288.29083468,89420.7692084569,77867.5216262231,41550.5817573207,0.0,41550.5817573207,0.0,link,0.0,0.0,0.0,0.0,0.0,0.0,1806.3720339856968,976.9203420441742,829.4516919415227,2126.311513517066,976.9203420441742,1149.391171472892,0
50.0,2.0,25.0,350.0,167733.1420677742,89424.5683491475,78308.5737186267,47581.8014679367,47581.8014679367,0.0,2660.51340881896,link,0.0,0.0,0.0,0.0,0.0,0.0,1806.3720339856968,976.9203420441742,829.4516919415227,2172.751905288809,1343.3002133472864,829.4516919415227,0
51.0,2.0,23.0,351.0,68004.42841151671,33685.4721908872,34318.9562206295,52129.9727835405,0.0,52129.9727835405,0.0,link,0.0,0.0,0.0,0.0,0.0,0.0,1590.1478686572784,1253.2119254109414,336.935943246337,1991.5486590905402,1253.2119254109414,738.3367336795988,0
51.0,0.0,250.0,352.0,33100.9959033154,33100.9959033154,0.0,15663.2590937338,15663.2590937338,0.0,2344.99727996629,ra,1.0,1.0,0.0,1000.0,1000.0,0.0,1253.2119254109414,1253.2119254109414,0.0,373.8190204326918,373.8190204326918,0.0,1
51.0,2.0,27.0,353.0,64426.2356563276,31754.4889250316,32671.746731296,35255.8800869775,35255.8800869775,0.0,7784.58868214326,link,0.0,0.0,0.0,0.0,0.0,0.0,710.7549636790288,373.8190204326918,336.935943246337,982.2252403487555,645.2892971024185,336.935943246337,0
53.0,2.0,24.0,356.0,26623.0,13216.0,13407.0,26024.19363,0.0,26024.19363,0.0,link,0.0,0.0,0.0,0.0,0.0,0.0,782.1235098082913,601.9468629624637,180.17664684582758,982.5098007592912,601.9468629624637,380.56293779682755,0
53.0,2.0,28.0,357.0,26623.0,13216.0,13407.0,25653.44544,25653.44544,0.0,9705.48649135397,link,0.0,0.0,0.0,0.0,0.0,0.0,782.1235098082913,601.9468629624637,180.17664684582758,979.6550396962913,799.4783928504637,180.17664684582758,0
54.0,2.0,25.0,358.0,63790.743083652196,33602.5555376766,30188.1875459756,18293.3815866498,0.0,18293.3815866498,0.0,link,0.0,0.0,0.0,0.0,0.0,0.0,1287.497427138919,1287.497427138919,0.0,1428.3564653561225,1287.497427138919,140.85903821720345,0
54.0,2.0,251.0,359.0,33762.4415586177,17029.2127372484,16733.2288213693,143708.3600468043,74285.6194355129,69422.7406112914,14118.0595783865,ra,2.0,2.0,0.0,2000.000000000002,623.3777977851607,1376.6222022148413,2129.5645266468164,1287.497427138919,842.0670995078976,1236.1188990072076,1236.1188990072076,0.0,1
54.0,2.0,26.0,360.0,32484.7744574449,16371.3543459377,16113.4201115072,18591.4298505205,18591.4298505205,0.0,19751.6727385701,link,0.0,0.0,0.0,0.0,0.0,0.0,2078.185998515105,1236.1188990072076,842.0670995078976,2221.340008364113,1379.2729088562155,842.0670995078976,0
55.0,2.0,26.0,361.0,35611.1999360093,17306.4999689679,18304.6999670414,73039.0805412178,0.0,73039.0805412178,0.0,link,0.0,0.0,0.0,0.0,0.0,0.0,1620.7198450297376,1620.7198450297376,0.0,2183.1207651971145,1620.7198450297376,562.400920167377,0
55.0,2.0,252.0,362.0,34335.6700861098,16687.9002306099,17647.7698554999,76134.3235747623,37000.2975059509,39134.0260688114,10714.2329169781,ra,5.0,0.0,5.0,2206.954136555407,1905.6221358255593,301.3320007298477,1620.7198450297376,1620.7198450297376,0.0,0.0,0.0,0.0,1
55.0,2.0,0.0,363.0,9015.00027880696,4116.00014201232,4899.00013679464,67645.4786360998,67645.4786360998,0.0,47911.3668726574,link,0.0,0.0,0.0,0.0,0.0,0.0,0.0,0.0,0.0,520.8701854979684,520.8701854979684,0.0,0
56.0,2.0,27.0,364.0,67553.5172847849,34432.267085203,33121.2501995819,47340.4741943391,0.0,47340.4741943391,0.0,link,0.0,0.0,0.0,0.0,0.0,0.0,612.2899008842871,612.2899008842871,0.0,976.8115521806981,612.2899008842871,364.521651296411,0
56.0,1.0,254.0,365.0,28345.0537807391,0.0,28345.0537807391,28589.2240380979,0.0,28589.2240380979,14670.9425066938,ra,1.0,0.0,1.0,220.1370250933538,0.0,220.1370250933538,0.0,0.0,0.0,0.0,0.0,0.0,1
56.0,0.0,253.0,366.0,28758.648000424,28758.648000424,0.0,92704.4471237499,92704.4471237499,0.0,14715.488271793,ra,0.0,0.0,0.0,0.0,0.0,0.0,612.2899008842871,612.2899008842871,0.0,1326.1141437371614,1326.1141437371614,0.0,0
56.0,2.0,255.0,367.0,47006.1040822862,24072.8864014428,22933.2176808434,119446.7612876768,29374.1347670111,90072.6265206657,20490.1826432686,ra,4.0,4.0,0.0,2586.417784829953,1552.2949814431468,1034.122803386806,1666.6777229148415,1326.1141437371614,340.56357917768,0.0,0.0,0.0,1
56.0,2.0,29.0,368.0,45237.3265637856,23422.054813021,21815.2717507646,50206.3138071986,50206.3138071986,0.0,31051.5111500156,link,0.0,0.0,0.0,0.0,0.0,0.0,340.56357917768,0.0,340.56357917768,727.1521954931093,386.58861631542925,340.56357917768,0
57.0,2.0,28.0,369.0,21608.0,10785.0,10823.0,13286.09834,0.0,13286.09834,0.0,link,0.0,0.0,0.0,0.0,0.0,0.0,528.7643646620595,528.7643646620595,0.0,631.0673218800595,528.7643646620595,102.302957218,0
57.0,2.0,0.0,370.0,21608.0,10785.0,10823.0,13239.4503,13239.4503,0.0,6137.90628624439,link,0.0,0.0,0.0,0.0,0.0,0.0,528.7643646620595,528.7643646620595,0.0,630.7081319720595,630.7081319720595,0.0,0
59.0,2.0,29.0,373.0,41763.642422810604,21836.3114479028,19927.3309749078,1283.84597521334,0.0,1283.84597521334,0.0,link,0.0,0.0,0.0,0.0,0.0,0.0,819.1241877476991,238.7059729139474,580.4182148337518,829.0098017568419,238.7059729139474,590.3038288428945,0
59.0,1.0,256.0,374.0,19216.4932546755,0.0,19216.4932546755,45601.2363147721,0.0,45601.2363147721,7511.21430842872,ra,0.0,0.0,0.0,0.0,0.0,0.0,229.28869521000672,0.0,229.28869521000672,580.4182148337518,0.0,580.4182148337518,0
59.0,0.0,257.0,375.0,20475.1773120066,20475.1773120066,0.0,35822.2262049974,35822.2262049974,0.0,8275.34026605958,ra,0.0,0.0,0.0,0.0,0.0,0.0,238.7059729139474,238.7059729139474,0.0,514.5371146924274,514.5371146924274,0.0,0
59.0,0.0,259.0,376.0,11226.9471972143,11226.9471972143,0.0,49806.4401420284,49806.4401420284,0.0,25939.71611319,ra,1.0,1.0,0.0,898.046703786046,898.046703786046,0.0,514.5371146924274,514.5371146924274,0.0,0.0,0.0,0.0,1
59.0,1.0,260.0,377.0,8142.41876965786,0.0,8142.41876965786,29777.7526246762,0.0,29777.7526246762,26235.4919576393,ra,0.0,0.0,0.0,0.0,0.0,0.0,0.0,0.0,0.0,229.28869521000672,0.0,229.28869521000672,0
59.0,2.0,0.0,378.0,19030.16772086208,11064.8956674036,7965.27205345848,2435.90780092023,2435.90780092023,0.0,27032.7504548799,link,0.0,0.0,0.0,0.0,0.0,0.0,0.0,0.0,0.0,18.756490067085767,18.756490067085767,0.0,0
60.0,2.0,29.0,379.0,15204.99963875321,7325.99983936264,7878.99979939057,11795.2375990215,0.0,11795.2375990215,0.0,link,0.0,0.0,0.0,0.0,0.0,0.0,488.44622257916194,488.44622257916194,0.0,579.2695520916275,488.44622257916194,90.82332951246553,0
60.0,2.0,258.0,380.0,13825.298552554461,6712.48148642337,7112.81706613109,32434.0617440321,15635.4696324923,16798.5921115398,10738.6315701673,ra,1.0,1.0,0.0,738.1884980082091,608.8393387493526,129.34915925885645,488.44622257916194,488.44622257916194,0.0,0.0,0.0,0.0,1
60.0,2.0,0.0,381.0,9900.0011340695,4967.00050429217,4933.00062977733,11762.8859764568,11762.8859764568,0.0,22135.2935483001,link,0.0,0.0,0.0,0.0,0.0,0.0,0.0,0.0,0.0,90.57422201871736,90.57422201871736,0.0,0
