Time of calculation: 20210916-191753; value of objective: 8143.440678607153;  acc=20.0;  ec=0.25;  e_tax=0.15;  cfix=50000;  cvar=10000;  eta=0.011;  hours_of_constant_charging=20;  i=0.05;  T=10
highway,name,asfinag_position,direction,asfinag_type,traffic_flow,traffic_flow_0,traffic_flow_1,energy_demand,energy_demand_0,energy_demand_1,pXi_dir,pYi_dir,pYi_dir_0,pYi_dir_1,pE_charged,pE_charged_0,pE_charged_1,pE_input,pE_input_0,pE_input_1,pE_output,pE_output_0,pE_output_1
A1,'Parkplatz Großraum’,27.42,2.0,2.0,25490.00000000002,12193.00000000001,13297.00000000001,59974.325349551335,45433.23590445468,14541.089445096652,1.0,2.0,1.0,1.0,651.3058788450646,495.7419049490015,155.56397389606315,0.0,0.0,0.0,8.411699999999996,4.023689999999988,4.388010000000008
A1,'Steinhäusl',32.7,2.0,0.0,63195.99999999913,31485.99999999933,31709.9999999998,111561.50482266714,34431.882550071685,77129.62227259546,1.0,2.0,1.0,1.0,1235.5882530493386,382.77439805078853,852.8138549985501,8.411699999999996,4.023689999999988,4.388010000000008,0.0,0.0,0.0
A1,'Kesselhof',44.88,1.0,1.0,30234.999996719125,0.0,30234.999996719125,109130.95569981833,0.0,109130.95569981833,1.0,2.0,0.0,2.0,1200.4405126980016,0.0,1200.4405126980016,0.0,0.0,0.0,0.0,0.0,0.0
A1,'Kirchstetten',44.88,0.0,1.0,29897.99999542764,29897.99999542764,0.0,72732.0809427628,72732.0809427628,0.0,1.0,1.0,1.0,0.0,800.0528903703907,800.0528903703907,0.0,0.0,0.0,0.0,0.0,0.0,0.0
A1,'St. Pölten',62.9,2.0,0.0,71148.0,35583.0,35565.0,227454.84943410664,128422.41740026572,99032.43203384092,1.0,4.0,2.0,2.0,2502.0033437751727,1412.646591402923,1089.35675237225,0.0,0.0,0.0,0.0,0.0,0.0
A1,'Schallaburg',76.81,1.0,1.0,29188.0,0.0,29188.0,136934.36037638868,0.0,136934.36037638868,1.0,2.0,0.0,2.0,1506.2779641402753,0.0,1506.2779641402753,0.0,0.0,0.0,0.0,0.0,0.0
A1,'Roggendorf',76.82,0.0,1.0,28377.0,28377.0,0.0,78562.33219617409,78562.33219617409,0.0,1.0,1.0,1.0,0.0,864.1856541579149,864.1856541579149,0.0,0.0,0.0,0.0,0.0,0.0,0.0
A1,'Ornding',88.04,0.0,1.0,27048.0,27048.0,0.0,60488.07492270462,60488.07492270462,0.0,1.0,1.0,1.0,0.0,665.3688241497507,665.3688241497507,0.0,0.0,0.0,0.0,0.0,0.0,0.0
A1,'Ybbs',100.32,1.0,0.0,27161.40445083877,0.0,27161.40445083877,104129.25066774894,0.0,104129.25066774894,1.0,2.0,0.0,2.0,1145.4217573452383,0.0,1145.4217573452383,0.0,0.0,0.0,0.0,0.0,0.0
A1,'Kemmelbach',101.38,0.0,0.0,26898.000000000207,26898.000000000207,0.0,72226.10016870651,72226.10016870651,0.0,1.0,1.0,1.0,0.0,794.4871018557716,794.4871018557716,0.0,0.0,0.0,0.0,0.0,0.0,0.0
A1,'Viehdorf',118.17,0.0,1.0,25545.0,25545.0,0.0,92117.57063469278,92117.57063469278,0.0,1.0,2.0,2.0,0.0,1013.2932769816205,1013.2932769816205,0.0,0.0,0.0,0.0,0.0,0.0,0.0
A1,'Amstetten',119.36,1.0,1.0,25407.0,0.0,25407.0,56128.53142795883,0.0,56128.53142795883,1.0,1.0,0.0,1.0,617.413845707547,0.0,617.413845707547,0.0,0.0,0.0,0.0,0.0,0.0
A1,'Parkplatz Zeillern’,124.31,0.0,2.0,24685.0,24685.0,0.0,24100.57479449837,24100.57479449837,0.0,1.0,1.0,1.0,0.0,265.10632273948204,265.10632273948204,0.0,0.0,0.0,0.0,0.0,0.0,0.0
A1,'Oed',130.52,1.0,2.0,26849.69206306653,0.0,26849.69206306653,69822.67372138443,0.0,69822.67372138443,1.0,1.0,0.0,1.0,768.0494109352287,0.0,768.0494109352287,0.0,0.0,0.0,0.0,0.0,0.0
A1,'Strengberg',136.0,0.0,0.0,25773.0,25773.0,0.0,60567.28709144443,60567.28709144443,0.0,1.0,1.0,1.0,0.0,666.2401580058887,666.2401580058887,0.0,0.0,0.0,0.0,0.0,0.0,0.0
A1,'Haag',143.54,1.0,0.0,28172.0,0.0,28172.0,72532.38382040594,0.0,72532.38382040594,1.0,1.0,0.0,1.0,797.8562220244653,0.0,797.8562220244653,0.0,0.0,0.0,0.0,0.0,0.0
A1,'Ennsblick',147.1,0.0,2.0,27181.0,27181.0,0.0,59900.9099344678,59900.9099344678,0.0,1.0,1.0,1.0,0.0,658.9100092791458,658.9100092791458,0.0,0.0,0.0,0.0,0.0,0.0,0.0
A1,'Parkplatz Ennsdorf’,152.88,0.0,2.0,26232.408315204048,26232.408315204048,0.0,30328.56812345904,30328.56812345904,0.0,1.0,1.0,1.0,0.0,333.61424935804945,333.61424935804945,0.0,0.0,0.0,0.0,0.0,0.0,0.0
A1,'Enns Süd',156.19,1.0,1.0,29648.737115098505,0.0,29648.737115098505,86236.6993060754,0.0,86236.6993060754,1.0,1.0,0.0,1.0,948.6036923668294,0.0,948.6036923668294,0.0,0.0,0.0,0.0,0.0,0.0
A1,'Enns Nord',156.79,0.0,1.0,29791.88732837659,29791.88732837659,0.0,22744.768825614865,22744.768825614865,0.0,1.0,1.0,1.0,0.0,250.1924570817635,250.1924570817635,0.0,0.0,0.0,0.0,0.0,0.0,0.0
A1,'Ansfelden Süd',170.93,1.0,0.0,46681.64620523784,0.0,46681.64620523784,108599.64670259466,0.0,108599.64670259466,1.0,2.0,0.0,2.0,1194.5961137285412,0.0,1194.5961137285412,0.0,0.0,0.0,0.0,0.0,0.0
A1,'Ansfelden Nord',171.01,0.0,0.0,48225.58896718505,48225.58896718505,0.0,137729.45647842763,137729.45647842763,0.0,1.0,2.0,2.0,0.0,1515.0240212627039,1515.0240212627039,0.0,0.0,0.0,0.0,0.0,0.0,0.0
A1,'Allhaming Süd',182.59,1.0,1.0,22273.0,0.0,22273.0,132032.00498622254,0.0,132032.00498622254,1.0,2.0,0.0,2.0,1452.3520548484478,0.0,1452.3520548484478,0.0,0.0,0.0,0.0,0.0,0.0
A1,'Allhaming Nord',182.6,0.0,1.0,22478.0,22478.0,0.0,52074.59618392183,52074.59618392183,0.0,1.0,1.0,1.0,0.0,572.82055802314,572.82055802314,0.0,0.0,0.0,0.0,0.0,0.0,0.0
A1,'Lindach Nord',212.26,0.0,0.0,24091.0,24091.0,0.0,143292.1869458095,143292.1869458095,0.0,1.0,2.0,2.0,0.0,1576.2140564039044,1576.2140564039044,0.0,0.0,0.0,0.0,0.0,0.0,0.0
A1,'Lindach Süd',212.27,1.0,0.0,24205.0,0.0,24205.0,88500.71292866017,0.0,88500.71292866017,1.0,1.0,0.0,1.0,973.5078422152618,0.0,973.5078422152618,0.0,0.0,0.0,0.0,0.0,0.0
A1,'Hainbach Süd',230.7,1.0,1.0,16641.0,0.0,16641.0,43626.88664048988,0.0,43626.88664048988,1.0,1.0,0.0,1.0,479.89575304538863,0.0,479.89575304538863,0.0,0.0,0.0,0.0,0.0,0.0
A1,'Hainbach Nord',230.72,0.0,1.0,15023.0,15023.0,0.0,55447.073726717535,55447.073726717535,0.0,1.0,1.0,1.0,0.0,609.9178109938929,609.9178109938929,0.0,0.0,0.0,0.0,0.0,0.0,0.0
A1,'Straß',243.67,1.0,1.0,16828.67483549712,0.0,16828.67483549712,52286.93331258195,0.0,52286.93331258195,1.0,1.0,0.0,1.0,575.1562664384014,0.0,575.1562664384014,0.0,0.0,0.0,0.0,0.0,0.0
A1,'Wildenhag Nord',243.76,0.0,2.0,17111.546808170722,17111.546808170722,0.0,44396.07377615938,44396.07377615938,0.0,1.0,1.0,1.0,0.0,488.3568115377531,488.3568115377531,0.0,0.0,0.0,0.0,0.0,0.0,0.0
A1,'Oberwang',251.03,0.0,1.0,15727.0,15727.0,0.0,23256.052200310536,23256.052200310536,0.0,1.0,1.0,1.0,0.0,255.81657420341588,255.81657420341588,0.0,0.0,0.0,0.0,0.0,0.0,0.0
A1,'Mondsee',259.23,2.0,0.0,31060.001681777,15727.000882328592,15333.000799448411,60471.650280389,25342.39533715945,35129.25494322955,1.0,2.0,1.0,1.0,665.188153084279,278.7663487087539,386.421804375525,0.0,0.0,0.0,0.0,0.0,0.0
A1,‘Parkplatz Ölgraben’,268.98,0.0,2.0,18793.0,18793.0,0.0,36691.95858378413,36691.95858378413,0.0,1.0,1.0,1.0,0.0,403.6115444216254,403.6115444216254,0.0,0.0,0.0,0.0,0.0,0.0,0.0
A1,'Vetterbach',270.63,1.0,2.0,18111.0,0.0,18111.0,24972.45872010481,0.0,24972.45872010481,1.0,1.0,0.0,1.0,274.6970459211529,0.0,274.6970459211529,0.0,0.0,0.0,0.0,0.0,0.0
A1,'Enzersberg',274.82,0.0,2.0,21891.999995182963,21891.999995182963,0.0,25643.70256417291,25643.70256417291,0.0,1.0,1.0,1.0,0.0,282.080728205902,282.080728205902,0.0,0.0,0.0,0.0,0.0,0.0,0.0
A1,'Salzburger Vorland',277.55,1.0,2.0,21776.0,0.0,21776.0,38740.09283187224,0.0,38740.09283187224,1.0,1.0,0.0,1.0,426.14102115059467,0.0,426.14102115059467,0.0,0.0,0.0,0.0,0.0,0.0
A1,'Söllheim',286.46,1.0,0.0,28864.537464121862,0.0,28864.537464121862,82339.63927517904,0.0,82339.63927517904,1.0,1.0,0.0,1.0,905.7360320269694,0.0,905.7360320269694,0.0,0.0,0.0,0.0,0.0,0.0
A1,'Kasern',287.89,0.0,0.0,38922.8495638266,38922.8495638266,0.0,101432.70404041585,101432.70404041585,0.0,1.0,2.0,2.0,0.0,1115.7597444445742,1115.7597444445742,0.0,0.0,0.0,0.0,0.0,0.0,0.0
A1,'Walserberg Süd',300.71,1.0,0.0,14880.00000000295,0.0,14880.00000000295,866.4299233497069,0.0,866.4299233497069,1.0,1.0,0.0,1.0,9.530729156846775,0.0,9.530729156846775,0.0,0.0,0.0,0.0,0.0,0.0
A1,'Walserberg Nord',300.73,0.0,0.0,12964.000000008587,12964.000000008587,0.0,33079.84748626592,33079.84748626592,0.0,1.0,1.0,1.0,0.0,363.8783223489251,363.8783223489251,0.0,0.0,0.0,0.0,0.0,0.0,0.0
A10,'Glanegg/West',4.28,0.0,2.0,30225.0,30225.0,0.0,10702.59495982983,10702.59495982983,0.0,1.0,1.0,1.0,0.0,111.16979433759327,111.16979433759327,0.0,0.0,0.0,0.0,6.558750220534847,6.558750220534847,0.0
A10,'Untersberg/Ost',4.37,1.0,2.0,30061.0,0.0,30061.0,79010.53992075186,0.0,79010.53992075186,1.0,1.0,0.0,1.0,860.9807791282705,0.0,860.9807791282705,0.0,0.0,0.0,8.135160000000042,0.0,8.135160000000042
A10,'Bruderloch',17.53,1.0,2.0,24652.0,0.0,24652.0,55144.78387577903,0.0,55144.78387577903,1.0,1.0,0.0,1.0,614.7277826335693,0.0,614.7277826335693,8.135160000000042,0.0,8.135160000000042,0.0,0.0,0.0
A10,'Golling Ost',28.76,1.0,0.0,19647.00094772099,0.0,19647.00094772099,83619.98278708411,0.0,83619.98278708411,1.0,1.0,0.0,1.0,919.8198106579251,0.0,919.8198106579251,0.0,0.0,0.0,0.0,0.0,0.0
A10,'Golling West',28.82,0.0,0.0,19875.000668287423,19875.000668287423,0.0,97340.81805238585,97340.81805238585,0.0,1.0,2.0,2.0,0.0,1077.3077487967792,1077.3077487967792,0.0,6.558750220534847,6.558750220534847,0.0,0.0,0.0,0.0
A10,'Werfen',40.34,0.0,2.0,19354.0,19354.0,0.0,44743.31804657062,44743.31804657062,0.0,1.0,1.0,1.0,0.0,492.17649851227674,492.17649851227674,0.0,0.0,0.0,0.0,0.0,0.0,0.0
A10,'Klausgraben West’,50.01,0.0,2.0,16224.0,16224.0,0.0,31431.033067450226,31431.033067450226,0.0,1.0,1.0,1.0,0.0,345.74136374195245,345.74136374195245,0.0,0.0,0.0,0.0,0.0,0.0,0.0
A10,'Klausgraben Ost’,50.01,1.0,2.0,16076.0,0.0,16076.0,29740.34522214243,0.0,29740.34522214243,1.0,1.0,0.0,1.0,327.1437974435667,0.0,327.1437974435667,0.0,0.0,0.0,0.0,0.0,0.0
A10,'Eben Süd',59.21,2.0,0.0,31555.3674870556,15997.416619605658,15557.95086744994,63864.366982730906,73.98398827676816,63790.382994454136,0.0,1.0,0.0,1.0,698.9812913963788,0.0,698.9812913963788,0.0,0.0,0.0,3.526745413661098,0.8138238710444498,2.712921542616648
A10,'Eben Nord',59.32,2.0,0.0,31554.16119307871,15997.1632592005,15556.997933878209,29667.927073449984,29595.979909721613,71.94716372837226,1.0,1.0,1.0,0.0,326.3696028779822,326.3696028779822,0.0,3.526745413661098,0.8138238710444498,2.712921542616648,3.504340343628743,0.0,3.504340343628743
A10,'Rohr',71.25,0.0,2.0,10976.0,10976.0,0.0,26372.39981658969,26372.39981658969,0.0,1.0,1.0,1.0,0.0,290.09639798248656,290.09639798248656,0.0,0.0,0.0,0.0,0.0,0.0,0.0
A10,'Tauernalm',79.79,2.0,0.0,21522.867721662667,10903.654559151322,10619.213162511343,62621.10903795498,18508.36211902574,44112.74691892924,1.0,2.0,1.0,1.0,692.3365397611335,203.59198330928314,488.74455645185037,3.504340343628743,0.0,3.504340343628743,0.0,0.0,0.0
A10,'Lungau',97.91,0.0,0.0,10877.0,10877.0,0.0,39524.43281357246,39524.43281357246,0.0,1.0,1.0,1.0,0.0,434.768760949297,434.768760949297,0.0,0.0,0.0,0.0,0.0,0.0,0.0
A10,'Lanschütz',100.6,1.0,1.0,10558.5,0.0,10558.5,33491.70982869735,0.0,33491.70982869735,1.0,1.0,0.0,1.0,368.4088081156708,0.0,368.4088081156708,0.0,0.0,0.0,0.0,0.0,0.0
A10,'Rennweg',112.45,0.0,2.0,6878.0,6878.0,0.0,19876.6578731468,19876.6578731468,0.0,1.0,1.0,1.0,0.0,218.6432366046148,218.6432366046148,0.0,0.0,0.0,0.0,0.0,0.0,0.0
A10,'Ried’,116.47,1.0,2.0,7303.0,0.0,7303.0,13765.2894082998,0.0,13765.2894082998,1.0,1.0,0.0,1.0,151.41818349129778,0.0,151.41818349129778,0.0,0.0,0.0,0.0,0.0,0.0
A10,'Eisentratten',125.92,2.0,0.0,14180.999999999998,6877.999999999999,7302.999999999999,41606.555089056084,18483.210735025867,23123.34435403022,1.0,2.0,1.0,1.0,457.67210597961696,203.31531808528453,254.35678789433243,0.0,0.0,0.0,0.0,0.0,0.0
A10,'Seeboden',141.72,1.0,2.0,14455.0,0.0,14455.0,36156.364361422005,0.0,36156.364361422005,1.0,1.0,0.0,1.0,397.72000797564203,0.0,397.72000797564203,0.0,0.0,0.0,0.0,0.0,0.0
A10,'Wolfsberg',142.25,0.0,2.0,14500.0,14500.0,0.0,47498.89492913899,47498.89492913899,0.0,1.0,1.0,1.0,0.0,522.4878442205288,522.4878442205288,0.0,0.0,0.0,0.0,0.0,0.0,0.0
A10,'Kamering',154.29,1.0,2.0,14749.703862513728,0.0,14749.703862513728,22698.628013917983,0.0,22698.628013917983,1.0,1.0,0.0,1.0,249.6849081530978,0.0,249.6849081530978,0.0,0.0,0.0,0.0,0.0,0.0
A10,'Feistritz an der Drau',162.01,2.0,0.0,29679.0,14929.0,14750.0,122093.03941770014,58681.72369671648,63411.31572098366,1.0,2.0,1.0,1.0,1343.0234335947014,645.4989606638812,697.5244729308201,0.0,0.0,0.0,0.0,0.0,0.0
A11,'St. Niklas/Nord',2.11,1.0,2.0,7502.999999999997,0.0,7502.999999999997,10409.086151425912,0.0,10409.086151425912,1.0,1.0,0.0,1.0,114.49994766568503,0.0,114.49994766568503,0.0,0.0,0.0,0.0,0.0,0.0
A11,'Rosegg',9.04,2.0,0.0,9108.5,4306.5,4802.0,19444.03423128799,7806.040740767851,11637.99349052014,1.0,2.0,1.0,1.0,213.8843765441679,85.86644814844635,128.01792839572155,0.0,0.0,0.0,0.0,0.0,0.0
A12,'Langkampfen Süd',9.32,1.0,2.0,11349.585916642443,0.0,11349.585916642443,27244.807627465096,0.0,27244.807627465096,1.0,1.0,0.0,1.0,295.947520549624,0.0,295.947520549624,0.0,0.0,0.0,3.7453633524920065,0.0,3.7453633524920065
A12,'Angath Süd',14.1,2.0,0.0,39222.99999999994,19907.99999999997,19314.99999999997,56148.10872631689,56144.28825076325,3.820475553634762,1.0,1.0,1.0,-0.0,617.5871707583957,617.5871707583957,0.0,3.7453633524920065,0.0,3.7453633524920065,3.7873885835820147,0.0,3.7873885835820147
A12,'Angath Nord',14.22,2.0,0.0,39222.99999999994,19907.99999999997,19314.99999999997,86003.9180407436,3.93776998818332,85999.98027075542,0.0,1.0,0.0,1.0,949.7871715618916,0.0,949.7871715618916,3.7873885835820147,0.0,3.7873885835820147,0.043315469869980916,0.043315469869980916,0.0
A12,'Münster Nord',35.71,0.0,1.0,18334.0,18334.0,0.0,79565.35290639894,79565.35290639894,0.0,1.0,1.0,1.0,0.0,875.2621974402583,875.2621974402583,0.0,0.043315469869980916,0.043315469869980916,0.0,0.0,0.0,0.0
A12,'Münster Süd',36.25,1.0,1.0,18162.0,0.0,18162.0,51027.0984567292,0.0,51027.0984567292,1.0,1.0,0.0,1.0,561.2980830240213,0.0,561.2980830240213,0.0,0.0,0.0,0.0,0.0,0.0
A12,'Vomp',50.47,1.0,0.0,24431.999999991072,0.0,24431.999999991072,22234.356307397185,0.0,22234.356307397185,1.0,1.0,0.0,1.0,244.57791938136901,0.0,244.57791938136901,0.0,0.0,0.0,0.0,0.0,0.0
A12,'Weer',54.8,0.0,0.0,24110.000189607712,24110.000189607712,0.0,91922.39487971723,91922.39487971723,0.0,1.0,2.0,2.0,0.0,1011.1463436768895,1011.1463436768895,0.0,0.0,0.0,0.0,0.0,0.0,0.0
A12,'Weer Süd',55.0,1.0,1.0,24141.001987531265,0.0,24141.001987531265,44418.90300224888,0.0,44418.90300224888,1.0,1.0,0.0,1.0,488.60793302473763,0.0,488.60793302473763,0.0,0.0,0.0,0.0,0.0,0.0
A12,'Volders/Karlskirche',64.18,1.0,2.0,27543.0,0.0,27543.0,89230.87375309618,0.0,89230.87375309618,1.0,1.0,0.0,1.0,981.539611284058,0.0,981.539611284058,0.0,0.0,0.0,0.0,0.0,0.0
A12,'Hall in Tirol',66.28,0.0,2.0,28148.000000002427,28148.000000002427,0.0,63926.9286125208,63926.9286125208,0.0,1.0,1.0,1.0,0.0,703.1962147377287,703.1962147377287,0.0,0.0,0.0,0.0,0.0,0.0,0.0
A12,'Ampaß',72.07,0.0,0.0,35539.999996608014,35539.999996608014,0.0,42439.32195018204,42439.32195018204,0.0,1.0,1.0,1.0,0.0,466.83254145200243,466.83254145200243,0.0,0.0,0.0,0.0,0.0,0.0,0.0
A12,'Sieglanger',80.39,1.0,2.0,31124.793431490507,0.0,31124.793431490507,96002.72792907088,0.0,96002.72792907088,1.0,2.0,0.0,2.0,1056.0300072197797,0.0,1056.0300072197797,0.0,0.0,0.0,0.0,0.0,0.0
A12,'Kematen',86.01,0.0,2.0,27475.052704552163,27475.052704552163,0.0,75774.45683256471,75774.45683256471,0.0,1.0,1.0,1.0,0.0,833.5190251582118,833.5190251582118,0.0,0.0,0.0,0.0,0.0,0.0,0.0
A12,'Zirl-Inzing',91.77,0.0,1.0,20799.0,20799.0,0.0,24661.258850671245,24661.258850671245,0.0,1.0,1.0,1.0,0.0,271.27384735738366,271.27384735738366,0.0,0.0,0.0,0.0,0.0,0.0,0.0
A12,'Pettnau',95.81,2.0,0.0,37922.0,18889.0,19033.0,43167.59505459553,14638.245573299051,28529.34948129648,1.0,2.0,1.0,1.0,474.8435456005508,161.02070130628957,313.82284429426124,0.0,0.0,0.0,0.0,0.0,0.0
A12,'Telfs Süd',103.3,1.0,2.0,13364.77793940206,0.0,13364.77793940206,40593.43969968221,0.0,40593.43969968221,1.0,1.0,0.0,1.0,446.52783669650427,0.0,446.52783669650427,0.0,0.0,0.0,0.0,0.0,0.0
A12,'Telfs Nord',103.33,0.0,2.0,14213.46393941228,14213.46393941228,0.0,21325.917954749177,21325.917954749177,0.0,1.0,1.0,1.0,0.0,234.58509750224093,234.58509750224093,0.0,0.0,0.0,0.0,0.0,0.0,0.0
A12,'Haiming Süd',118.5,1.0,2.0,10702.0,0.0,10702.0,32071.449465739544,0.0,32071.449465739544,1.0,1.0,0.0,1.0,352.785944123135,0.0,352.785944123135,0.0,0.0,0.0,0.0,0.0,0.0
A12,'Imst Süd',133.49,1.0,2.0,9240.0,0.0,9240.0,3679.211043329945,0.0,3679.211043329945,1.0,1.0,0.0,1.0,40.47132147662939,0.0,40.47132147662939,0.0,0.0,0.0,0.0,0.0,0.0
A12,'Imst Nord',133.84,0.0,2.0,10262.0,10262.0,0.0,62601.679390679135,62601.679390679135,0.0,1.0,1.0,1.0,0.0,688.6184732974705,688.6184732974705,0.0,0.0,0.0,0.0,0.0,0.0,0.0
A12,'Mils',135.51,2.0,0.0,19502.000000000833,10262.00000000003,9240.000000000804,21880.454342200468,3391.5819084364844,18488.872433763983,1.0,2.0,1.0,1.0,240.68499776420512,37.30740099280133,203.3775967714038,0.0,0.0,0.0,0.0,0.0,0.0
A12,'Kronburg Zams',142.7,0.0,2.0,10312.0,10312.0,0.0,14879.919522915665,14879.919522915665,0.0,1.0,1.0,1.0,0.0,163.6791147520723,163.6791147520723,0.0,0.0,0.0,0.0,0.0,0.0,0.0
A13,'Patsch',6.24,0.0,2.0,21023.0,21023.0,0.0,26094.725326847616,26094.725326847616,0.0,1.0,1.0,1.0,0.0,280.10438859532377,280.10438859532377,0.0,0.0,0.0,0.0,6.93759,6.93759,0.0
A13,'Europabrücke',8.27,2.0,0.0,41638.0,21023.0,20615.0,32388.526624106256,8452.295186301024,23936.231437805232,1.0,2.0,1.0,1.0,358.32012286516886,99.91283704931126,258.40728581585756,6.93759,6.93759,0.0,4.891259999999988,0.0,4.891259999999988
A13,'Gschleirs',14.05,1.0,2.0,14822.0,0.0,14822.0,8546.704281737584,0.0,8546.704281737584,1.0,1.0,0.0,1.0,98.9050070991134,0.0,98.9050070991134,4.891259999999988,0.0,4.891259999999988,0.0,0.0,0.0
A13,'Matrei West',16.79,0.0,0.0,15161.0,15161.0,0.0,25846.426928735076,25846.426928735076,0.0,1.0,1.0,1.0,0.0,284.31069621608583,284.31069621608583,0.0,0.0,0.0,0.0,0.0,0.0,0.0
A13,'Matrei Ost',16.95,2.0,0.0,29983.0,15161.0,14822.0,16734.882296516167,499.30355502003806,16235.578741496129,1.0,2.0,1.0,1.0,184.08370526167784,5.4923391052204185,178.5913661564574,0.0,0.0,0.0,0.0,0.0,0.0
A13,'Wipptalerhof Ost',22.41,1.0,2.0,10896.000000000471,0.0,10896.000000000471,2559.258804024997,0.0,2559.258804024997,1.0,1.0,0.0,1.0,28.151846844274967,0.0,28.151846844274967,0.0,0.0,0.0,0.0,0.0,0.0
A13,'Wipptalerhof West',22.56,0.0,2.0,11615.000000000608,11615.000000000608,0.0,13021.650439480618,13021.650439480618,0.0,1.0,1.0,1.0,0.0,143.2381548342868,143.2381548342868,0.0,0.0,0.0,0.0,0.0,0.0,0.0
A13,'Plon',23.61,1.0,2.0,10896.000000525348,0.0,10896.000000525348,9061.729580812602,0.0,9061.729580812602,1.0,1.0,0.0,1.0,99.67902538893861,0.0,99.67902538893861,0.0,0.0,0.0,0.0,0.0,0.0
A13,'Nößlach',26.91,2.0,1.0,23614.71960011509,12027.916375220364,11586.803224894727,15947.459093046333,12518.668085194196,3428.7910078521363,1.0,2.0,1.0,1.0,175.42205002350966,137.70534893713616,37.7167010863735,0.0,0.0,0.0,0.0,0.0,0.0
A13,'Gries Ost',29.15,1.0,0.0,11601.99774413572,0.0,11601.99774413572,11387.01827145676,0.0,11387.01827145676,1.0,1.0,0.0,1.0,125.25720098602436,0.0,125.25720098602436,0.0,0.0,0.0,0.0,0.0,0.0
A13,'Gries West',29.54,0.0,0.0,12036.99974796117,12036.99974796117,0.0,4238.013247571624,4238.013247571624,0.0,1.0,1.0,1.0,0.0,46.61814572328786,46.61814572328786,0.0,0.0,0.0,0.0,0.0,0.0,0.0
A13,'Brennersee - Fröhlich',32.6,0.0,2.0,12036.999999999998,12036.999999999998,0.0,7411.89807862851,7411.89807862851,0.0,1.0,1.0,1.0,0.0,81.5308788649136,81.5308788649136,0.0,0.0,0.0,0.0,0.0,0.0,0.0
A13,'Brennersee',33.44,0.0,0.0,12037.0,12037.0,0.0,1996.4183022148509,1996.4183022148509,0.0,1.0,1.0,1.0,0.0,21.96060132436336,21.96060132436336,0.0,0.0,0.0,0.0,0.0,0.0,0.0
A13,'Brennerpaß',34.16,2.0,0.0,23639.0,12037.0,11602.0,2518.3592467820863,1729.6446040078497,788.7146427742366,1.0,2.0,1.0,1.0,27.70195171460295,19.026090644086345,8.675861070516602,0.0,0.0,0.0,0.0,0.0,0.0
A14,'Hörbranz’,0.0,2.0,1.0,11914.47538487758,11914.47538487758,0.0,580.5002038524873,580.5002038524873,0.0,1.0,1.0,1.0,0.0,2.4537253653677586,2.4537253653677586,0.0,0.0,0.0,0.0,3.931776877009601,3.931776877009601,0.0
A14,'Dornbirn West',15.07,1.0,2.0,22722.01674582917,0.0,22722.01674582917,41625.83313129372,0.0,41625.83313129372,1.0,1.0,0.0,1.0,450.3858989181073,0.0,450.3858989181073,0.0,0.0,0.0,7.498265526123646,0.0,7.498265526123646
A14,'Dornbirn Ost',15.27,0.0,2.0,22911.03673497288,22911.03673497288,0.0,67389.02531710501,67389.02531710501,0.0,1.0,1.0,1.0,0.0,745.2110553651647,745.2110553651647,0.0,3.931776877009601,3.931776877009601,0.0,0.0,0.0,0.0
A14,'Hohenems',24.48,2.0,0.0,53333.40958305029,26852.092271153047,26481.317311897245,99887.79432069242,50177.24661686807,49710.54770382436,1.0,2.0,1.0,1.0,1106.2640030537405,551.9497127855487,554.3142902681916,7.498265526123646,0.0,7.498265526123646,0.0,0.0,0.0
A14,'Rankweil West',33.46,0.0,2.0,22794.137882745563,22794.137882745563,0.0,41099.967515634846,41099.967515634846,0.0,1.0,1.0,1.0,0.0,452.0996426719833,452.0996426719833,0.0,0.0,0.0,0.0,0.0,0.0,0.0
A14,'Rankweil Ost',33.82,1.0,2.0,21949.829570058195,0.0,21949.829570058195,56639.54196425326,0.0,56639.54196425326,1.0,1.0,0.0,1.0,623.0349616067858,0.0,623.0349616067858,0.0,0.0,0.0,0.0,0.0,0.0
A14,'Schlins West',46.72,0.0,2.0,13115.0,13115.0,0.0,35141.4430123402,35141.4430123402,0.0,1.0,1.0,1.0,0.0,386.55587313574216,386.55587313574216,0.0,0.0,0.0,0.0,0.0,0.0,0.0
A14,'Schlins Ost',46.85,1.0,2.0,13492.000000000002,0.0,13492.000000000002,22886.809608579704,0.0,22886.809608579704,1.0,1.0,0.0,1.0,251.75490569437673,0.0,251.75490569437673,0.0,0.0,0.0,0.0,0.0,0.0
A14,'Nüziders',55.2,1.0,2.0,13282.144454187755,0.0,13282.144454187755,16978.23001179592,0.0,16978.23001179592,1.0,1.0,0.0,1.0,186.76053012975513,0.0,186.76053012975513,0.0,0.0,0.0,0.0,0.0,0.0
A2,'Guntramsdorf',14.43,2.0,0.0,106539.0608322543,54671.885978190505,51867.17485406379,341487.5079237672,158457.9372379927,183029.57068577447,1.0,5.0,2.0,3.0,3729.9675371614385,1729.6904596179197,2000.277077543519,0.0,0.0,0.0,26.395049999999856,13.346849999999904,13.048199999999952
A2,'Triestingtal',32.08,0.0,1.0,40445.0,40445.0,0.0,143069.6923848394,143069.6923848394,0.0,1.0,2.0,2.0,0.0,1587.1134662332333,1587.1134662332333,0.0,13.346849999999904,13.346849999999904,0.0,0.0,0.0,0.0
A2,'Leobersdorf',32.08,1.0,1.0,39540.0,0.0,39540.0,56942.74699600472,0.0,56942.74699600472,1.0,1.0,0.0,1.0,639.4184169560519,0.0,639.4184169560519,13.048199999999952,0.0,13.048199999999952,0.0,0.0,0.0
A2,'Föhrenberg',39.31,1.0,0.0,39539.98215618593,0.0,39539.98215618593,93778.97588690832,0.0,93778.97588690832,1.0,2.0,0.0,2.0,1031.5687347559915,0.0,1031.5687347559915,0.0,0.0,0.0,0.0,0.0,0.0
A2,'Bad Fischau',40.93,0.0,0.0,37535.00000001001,37535.00000001001,0.0,66634.96786186735,66634.96786186735,0.0,1.0,1.0,1.0,0.0,732.9846464805408,732.9846464805408,0.0,0.0,0.0,0.0,0.0,0.0,0.0
A2,'Steinfeld',50.35,0.0,1.0,32434.00031526797,32434.00031526797,0.0,59928.40402750363,59928.40402750363,0.0,1.0,1.0,1.0,0.0,659.2124443025399,659.2124443025399,0.0,0.0,0.0,0.0,0.0,0.0,0.0
A2,'Wr. Neustadt',51.18,1.0,1.0,31158.00000000052,0.0,31158.00000000052,64946.24580860265,0.0,64946.24580860265,1.0,1.0,0.0,1.0,714.4087038946292,0.0,714.4087038946292,0.0,0.0,0.0,0.0,0.0,0.0
A2,'Witzelsberg',60.84,0.0,2.0,21168.0000351488,21168.0000351488,0.0,44783.30498303353,44783.30498303353,0.0,1.0,1.0,1.0,0.0,492.6163548133688,492.6163548133688,0.0,0.0,0.0,0.0,0.0,0.0,0.0
A2,'Gleissenfeld',61.52,1.0,2.0,18726.0,0.0,18726.0,64345.96758390275,0.0,64345.96758390275,1.0,1.0,0.0,1.0,707.8056434229302,0.0,707.8056434229302,0.0,0.0,0.0,0.0,0.0,0.0
A2,'Zöbern',78.76,2.0,0.0,34076.0,17853.0,16223.0,89918.35315876387,64008.58622397808,25909.766934785785,1.0,2.0,1.0,1.0,989.1018847464024,704.0944484637589,285.0074362826436,0.0,0.0,0.0,0.0,0.0,0.0
A2,'Schäffern Ost',86.7,1.0,1.0,16223.0,0.0,16223.0,36516.98737256819,0.0,36516.98737256819,1.0,1.0,0.0,1.0,401.68686109825006,0.0,401.68686109825006,0.0,0.0,0.0,0.0,0.0,0.0
A2,'Pinkafeld/Ost',97.98,1.0,2.0,14325.0,0.0,14325.0,21727.470606482195,0.0,21727.470606482195,1.0,1.0,0.0,1.0,239.00217667130414,0.0,239.00217667130414,0.0,0.0,0.0,0.0,0.0,0.0
A2,'Pinkafeld/West',98.0,0.0,2.0,15628.999999999998,15628.999999999998,0.0,60166.60979667192,60166.60979667192,0.0,1.0,1.0,1.0,0.0,661.832707763391,661.832707763391,0.0,0.0,0.0,0.0,0.0,0.0,0.0
A2,'Loipersdorf',105.5,2.0,0.0,27899.0,14612.0,13287.0,41927.32661100383,22138.85235466905,19788.474256334783,1.0,2.0,1.0,1.0,461.2005927210421,243.5273759013595,217.6732168196826,0.0,0.0,0.0,0.0,0.0,0.0
A2,'St. Johann/Süd',113.05,1.0,2.0,13287.000477266132,0.0,13287.000477266132,55839.64905204145,0.0,55839.64905204145,1.0,1.0,0.0,1.0,614.236139572456,0.0,614.236139572456,0.0,0.0,0.0,0.0,0.0,0.0
A2,'St. Johann/Nord',113.24,0.0,2.0,14612.067329295864,14612.067329295864,0.0,22243.9351941791,22243.9351941791,0.0,1.0,1.0,1.0,0.0,244.6832871359701,244.6832871359701,0.0,0.0,0.0,0.0,0.0,0.0,0.0
A2,'Hainersdorf',133.87,0.0,1.0,16034.999999999998,16034.999999999998,0.0,66144.33253637272,66144.33253637272,0.0,1.0,1.0,1.0,0.0,727.5876579000999,727.5876579000999,0.0,0.0,0.0,0.0,0.0,0.0,0.0
A2,'Bad Blumau',134.06,1.0,1.0,14879.0,0.0,14879.0,39913.51522050923,0.0,39913.51522050923,1.0,1.0,0.0,1.0,439.04866742560154,0.0,439.04866742560154,0.0,0.0,0.0,0.0,0.0,0.0
A2,'Ilztal/Nord ',147.5,1.0,2.0,16946.156088329964,0.0,16946.156088329964,22142.86453298605,0.0,22142.86453298605,1.0,1.0,0.0,1.0,243.5715098628465,0.0,243.5715098628465,0.0,0.0,0.0,0.0,0.0,0.0
A2,'Arnwiesen',154.1,2.0,0.0,36495.0010822289,19529.0004964994,16966.000585729496,135214.80430038154,78775.931104602,56438.87319577954,1.0,2.0,1.0,1.0,1487.3628473041967,866.5352421506219,620.8276051535748,0.0,0.0,0.0,0.0,0.0,0.0
A2,'Laßnitzhöhe Nord',170.16,0.0,1.0,27470.0,27470.0,0.0,89210.41764080411,89210.41764080411,0.0,1.0,1.0,1.0,0.0,981.3145940488452,981.3145940488452,0.0,0.0,0.0,0.0,0.0,0.0,0.0
A2,'Laßnitzhöhe Süd',170.65,1.0,1.0,29743.0,0.0,29743.0,119872.94775894134,0.0,119872.94775894134,1.0,2.0,0.0,2.0,1318.6024253483547,0.0,1318.6024253483547,0.0,0.0,0.0,0.0,0.0,0.0
A2,'Kaiserwald',190.77,2.0,0.0,42649.00410506857,21967.00248080555,20682.001624263023,212311.14271654858,90269.44009665956,122041.70261988904,1.0,3.0,1.0,2.0,2332.5162598820275,990.0575310632481,1342.4587288187793,0.0,0.0,0.0,2.9063100000069233,2.9063100000069233,0.0
A2,'Herzogberg Nord',220.13,0.0,1.0,8807.00000002098,8807.00000002098,0.0,51848.951152018446,51848.951152018446,0.0,1.0,1.0,1.0,0.0,573.2447726722098,573.2447726722098,0.0,2.9063100000069233,2.9063100000069233,0.0,0.0,0.0,0.0
A2,'Herzogberg Süd',220.19,1.0,1.0,8120.999999999229,0.0,8120.999999999229,24362.120249568077,0.0,24362.120249568077,1.0,1.0,0.0,1.0,267.9833227452488,0.0,267.9833227452488,0.0,0.0,0.0,0.0,0.0,0.0
A2,'Pack',235.21,2.0,0.0,16928.0,8807.0,8120.999999999999,38160.3171582835,26540.01416042541,11620.302997858087,1.0,2.0,1.0,1.0,419.76348874111846,291.9401557646795,127.82333297643895,0.0,0.0,0.0,0.0,0.0,0.0
A2,'Twimberg Süd',242.34,1.0,2.0,9189.0,0.0,9189.0,32127.24787077568,0.0,32127.24787077568,1.0,1.0,0.0,1.0,353.39972657853247,0.0,353.39972657853247,0.0,0.0,0.0,0.0,0.0,0.0
A2,'Twimberg Nord',242.44,0.0,2.0,8465.0,8465.0,0.0,12179.507200753324,12179.507200753324,0.0,1.0,1.0,1.0,0.0,133.97457920828654,133.97457920828654,0.0,0.0,0.0,0.0,0.0,0.0,0.0
A2,'Fischering',259.85,1.0,2.0,10919.0,0.0,10919.0,19551.337675387487,0.0,19551.337675387487,1.0,1.0,0.0,1.0,215.06471442926235,0.0,215.06471442926235,0.0,0.0,0.0,0.0,0.0,0.0
A2,'St. Ändra',262.91,0.0,2.0,11358.00000168869,11358.00000168869,0.0,46444.591455370966,46444.591455370966,0.0,1.0,1.0,1.0,0.0,510.8905060090806,510.8905060090806,0.0,0.0,0.0,0.0,0.0,0.0,0.0
A2,'Gönitz/Süd',268.86,1.0,2.0,11607.0,0.0,11607.0,37377.39333079138,0.0,37377.39333079138,1.0,1.0,0.0,1.0,411.1513266387052,0.0,411.1513266387052,0.0,0.0,0.0,0.0,0.0,0.0
A2,'Gönitz/Nord',268.89,0.0,2.0,12420.0,12420.0,0.0,14890.993721836305,14890.993721836305,0.0,1.0,1.0,1.0,0.0,163.80093094019935,163.80093094019935,0.0,0.0,0.0,0.0,0.0,0.0,0.0
A2,'Haimburg Nord',279.17,0.0,2.0,10779.0,10779.0,0.0,21954.76010391007,21954.76010391007,0.0,1.0,1.0,1.0,0.0,241.50236114301075,241.50236114301075,0.0,0.0,0.0,0.0,0.0,0.0,0.0
A2,'Völkermarkt',285.09,2.0,0.0,21133.0,10779.0,10354.0,43435.933157851614,12657.478100764496,30778.45505708712,1.0,2.0,1.0,1.0,477.79526473636776,139.23225910840944,338.5630056279583,0.0,0.0,0.0,0.0,0.0,0.0
A2,'Grafenstein Nord',300.0,0.0,1.0,13362.0,13362.0,0.0,39644.441582321415,39644.441582321415,0.0,1.0,1.0,1.0,0.0,436.0888574055355,436.0888574055355,0.0,0.0,0.0,0.0,0.0,0.0,0.0
A2,'Grafenstein Süd',300.0,1.0,1.0,13587.999999999998,0.0,13587.999999999998,64499.09491933518,0.0,64499.09491933518,1.0,1.0,0.0,1.0,709.4900441126869,0.0,709.4900441126869,0.0,0.0,0.0,0.0,0.0,0.0
A2,'Krumpendorf/Nord',329.28,0.0,2.0,19027.00404912327,19027.00404912327,0.0,72939.3212153292,72939.3212153292,0.0,1.0,1.0,1.0,0.0,802.3325333686212,802.3325333686212,0.0,0.0,0.0,0.0,0.0,0.0,0.0
A2,'Karawankenblick/Süd',333.84,1.0,2.0,19384.999372588507,0.0,19384.999372588507,24175.820186266053,0.0,24175.820186266053,1.0,1.0,0.0,1.0,265.9340220489266,0.0,265.9340220489266,0.0,0.0,0.0,0.0,0.0,0.0
A2,'Wörthersee',340.13,2.0,0.0,38076.99999701492,19452.999998289542,18623.999998725383,75344.61920701242,42137.27856545779,33207.340641554634,1.0,2.0,1.0,1.0,828.7908112771365,463.51006422003564,365.28074705710094,0.0,0.0,0.0,0.0,0.0,0.0
A2,'Sternberg/Süd',349.01,1.0,2.0,19615.999955893047,0.0,19615.999955893047,0.0,0.0,0.0,0.0,0.0,0.0,-0.0,0.0,0.0,0.0,0.0,0.0,0.0,0.0,0.0,0.0
A2,'Sternberg/Nord',349.03,0.0,2.0,17176.999989573145,17176.999989573145,0.0,30590.1422357276,30590.1422357276,0.0,1.0,1.0,1.0,0.0,336.49156459300355,336.49156459300355,0.0,0.0,0.0,0.0,0.0,0.0,0.0
A2,'Federaun/Nord',361.73,0.0,2.0,16516.999999999996,16516.999999999996,0.0,41902.47823736397,41902.47823736397,0.0,1.0,1.0,1.0,0.0,460.92726061100365,460.92726061100365,0.0,0.0,0.0,0.0,0.0,0.0,0.0
A2,'Federaun/Süd',362.78,1.0,2.0,14962.999999991674,0.0,14962.999999991674,53969.28273959152,0.0,53969.28273959152,1.0,1.0,0.0,1.0,593.6621101355067,0.0,593.6621101355067,0.0,0.0,0.0,0.0,0.0,0.0
A2,'Dreiländereck Süd',374.17,2.0,0.0,29010.99995582863,9394.99999993558,19615.999955893047,73068.57514847351,23346.56263789885,49722.012510574656,1.0,2.0,1.0,1.0,803.7543266332084,256.8121890168873,546.9421376163211,0.0,0.0,0.0,0.0,0.0,0.0
A2,'Dreiländereck Nord',374.27,2.0,0.0,24357.99999982947,9394.999999829468,14963.000000000002,3460.5851131569007,104.92992358564643,3355.655189571254,1.0,2.0,1.0,1.0,38.06643624472591,1.1542291594421108,36.9122070852838,0.0,0.0,0.0,0.0,0.0,0.0
A21,'Alland',14.68,2.0,0.0,40163.5,20093.0,20070.5,103417.58750904436,49420.33889377227,53997.24861527208,1.0,2.0,1.0,1.0,1131.2658830626415,543.623727831495,587.6421552311465,0.0,0.0,0.0,6.327579536846315,0.0,6.327579536846315
A21,'Dornbach',19.96,1.0,2.0,19174.48344498892,0.0,19174.48344498892,20444.35624155757,0.0,20444.35624155757,1.0,1.0,0.0,1.0,231.21549819397956,0.0,231.21549819397956,6.327579536846315,0.0,6.327579536846315,0.0,0.0,0.0
A21,'Sparbach',26.99,1.0,2.0,19671.37785407049,0.0,19671.37785407049,27694.943399277778,0.0,27694.943399277778,1.0,1.0,0.0,1.0,304.64437739205556,0.0,304.64437739205556,0.0,0.0,0.0,0.0,0.0,0.0
A21,'Hinterbrühl',26.99,0.0,1.0,19730.962284466663,19730.962284466663,0.0,44502.271823291965,44502.271823291965,0.0,1.0,1.0,1.0,0.0,489.52499005621166,489.52499005621166,0.0,0.0,0.0,0.0,0.0,0.0,0.0
A22,'Korneuburg West',18.04,1.0,0.0,32131.000000493023,0.0,32131.000000493023,63932.21893438356,0.0,63932.21893438356,1.0,1.0,0.0,1.0,703.2544082782191,0.0,703.2544082782191,0.0,0.0,0.0,0.0,0.0,0.0
A22,'Korneuburg Ost',18.12,0.0,0.0,32321.000000000007,32321.000000000007,0.0,116866.4197787237,116866.4197787237,0.0,1.0,2.0,2.0,0.0,1285.5306175659607,1285.5306175659607,0.0,0.0,0.0,0.0,0.0,0.0,0.0
A22,'Stockerau',28.09,1.0,0.0,30190.007584098337,0.0,30190.007584098337,9009.757712564318,0.0,9009.757712564318,1.0,1.0,0.0,1.0,99.10733483820752,0.0,99.10733483820752,0.0,0.0,0.0,0.0,0.0,0.0
A25,'Pucking',5.97,0.0,1.0,21620.0,21620.0,0.0,25350.64141680889,25350.64141680889,0.0,1.0,1.0,1.0,0.0,278.85705558489775,278.85705558489775,0.0,0.0,0.0,0.0,0.0,0.0,0.0
A25,'Sinnersdorf/Süd',6.11,1.0,2.0,21271.0,0.0,21271.0,28981.93257809412,0.0,28981.93257809412,1.0,1.0,0.0,1.0,318.80125835903533,0.0,318.80125835903533,0.0,0.0,0.0,0.0,0.0,0.0
A25,'Wels',13.06,2.0,0.0,49975.503210327646,25078.48219887029,24897.02101145736,71240.92245977157,35488.490093098524,35752.43236667305,1.0,2.0,1.0,1.0,783.6501470574873,390.3733910240838,393.2767560334035,0.0,0.0,0.0,0.0,0.0,0.0
A3,'Hornstein',28.0,2.0,0.0,35088.0,17427.0,17661.0,114520.76259901357,66852.17460927166,47668.58798974191,1.0,2.0,1.0,1.0,1259.7283885891493,735.3739207019883,524.3544678871609,0.0,0.0,0.0,0.0,0.0,0.0
A4,'Simmering',2.45,0.0,0.0,35371.78969176939,35371.78969176939,0.0,22257.83857434953,22257.83857434953,0.0,1.0,1.0,1.0,0.0,235.52131431784483,235.52131431784483,0.0,0.0,0.0,0.0,9.314909999999998,9.314909999999998,0.0
A4,'Fischamend',22.33,0.0,1.0,28227.0,28227.0,0.0,112756.86408974236,112756.86408974236,0.0,1.0,2.0,2.0,0.0,1249.640414987166,1249.640414987166,0.0,9.314909999999998,9.314909999999998,0.0,0.0,0.0,0.0
A4,'Maria Ellend',22.48,1.0,1.0,27990.0,0.0,27990.0,32591.644875563223,0.0,32591.644875563223,1.0,1.0,0.0,1.0,350.82635363119545,0.0,350.82635363119545,0.0,0.0,0.0,7.681739999999991,0.0,7.681739999999991
A4,'Göttlesbrunn',28.04,2.0,0.0,47550.0,24272.0,23278.0,112197.1085476203,28046.547072865586,84150.56147475471,1.0,2.0,1.0,1.0,1241.8499340238232,308.51201780152144,933.3379162223018,7.681739999999991,0.0,7.681739999999991,0.0,0.0,0.0
A4,'Parndorf',46.23,1.0,2.0,19928.0,0.0,19928.0,74634.97330866668,0.0,74634.97330866668,1.0,1.0,0.0,1.0,820.9847063953334,0.0,820.9847063953334,0.0,0.0,0.0,0.0,0.0,0.0
A4,'Neusiedl',47.01,0.0,2.0,21837.0,21837.0,0.0,82260.78440998313,82260.78440998313,0.0,1.0,1.0,1.0,0.0,904.8686285098144,904.8686285098144,0.0,0.0,0.0,0.0,0.0,0.0,0.0
A4,'Nickelsdorf Süd',64.65,0.0,0.0,10545.000205483248,10545.000205483248,0.0,37272.146014313184,37272.146014313184,0.0,1.0,1.0,1.0,0.0,409.993606157445,409.993606157445,0.0,0.0,0.0,0.0,0.0,0.0,0.0
A4,'Nickelsdorf Nord',64.97,1.0,0.0,7158.000028017371,0.0,7158.000028017371,1140.7844882274428,0.0,1140.7844882274428,1.0,1.0,0.0,1.0,12.548629370501871,0.0,12.548629370501871,0.0,0.0,0.0,0.0,0.0,0.0
A5,'Hochleithen',10.63,2.0,0.0,35611.2,17306.5,18304.7,171050.44466718304,34873.96904422976,136176.4756229533,1.0,3.0,1.0,2.0,1881.5548913390135,383.6136594865273,1497.9412318524862,0.0,0.0,0.0,0.0,0.0,0.0
A6,'Potzneusiedl',10.8,2.0,0.0,15204.999999970727,7325.999999986983,7878.999999983744,33671.23460537669,15733.539261383205,17937.695343993484,1.0,2.0,1.0,1.0,370.38358065914355,173.06893187521524,197.3146487839283,0.0,0.0,0.0,0.0,0.0,0.0
A7,'Engerwitzdorf',25.71,1.0,1.0,19344.0,0.0,19344.0,4050.242286953621,0.0,4050.242286953621,1.0,1.0,0.0,1.0,44.55266515648982,0.0,44.55266515648982,0.0,0.0,0.0,0.0,0.0,0.0
A7,'Denk',25.76,0.0,1.0,18851.0,18851.0,0.0,97075.89483825683,97075.89483825683,0.0,1.0,2.0,2.0,0.0,1067.8348432208252,1067.8348432208252,0.0,0.0,0.0,0.0,0.0,0.0,0.0
A8,'Voralpenkreuz',0.17,2.0,0.0,20453.0,10081.0,10372.0,35002.97696040159,882.1776563040131,34120.79930409758,1.0,2.0,1.0,1.0,378.2832565644175,6.377224219344145,371.90603234507336,0.0,0.0,0.0,6.749489999999982,3.3267299999999995,3.4227599999999825
A8,'Oberham/Süd',16.76,1.0,2.0,24053.99876684948,0.0,24053.99876684948,18977.635739131696,0.0,18977.635739131696,1.0,1.0,0.0,1.0,212.17675313044862,0.0,212.17675313044862,3.4227599999999825,0.0,3.4227599999999825,0.0,0.0,0.0
A8,'Oberham/Nord',18.32,0.0,2.0,21938.95947401208,21938.95947401208,0.0,79070.52120426737,79070.52120426737,0.0,1.0,1.0,1.0,0.0,873.1024632469409,873.1024632469409,0.0,3.3267299999999995,3.3267299999999995,0.0,0.0,0.0,0.0
A8,'Schnittering/Süd',20.68,1.0,2.0,17695.568077309275,0.0,17695.568077309275,46433.72435952304,0.0,46433.72435952304,1.0,1.0,0.0,1.0,510.7709679547534,0.0,510.7709679547534,0.0,0.0,0.0,0.0,0.0,0.0
A8,'Kematen/Nord',24.85,0.0,2.0,16374.0,16374.0,0.0,21401.04458132792,21401.04458132792,0.0,1.0,1.0,1.0,0.0,235.41149039460709,235.41149039460709,0.0,0.0,0.0,0.0,0.0,0.0,0.0
A8,'Aistersheim',33.81,2.0,0.0,30956.0,14979.0,15977.0,60874.30024176926,26835.862190523447,34038.438051245816,1.0,2.0,1.0,1.0,669.6173026594619,295.1944840957579,374.42281856370397,0.0,0.0,0.0,0.0,0.0,0.0
A8,'Gotthaming',43.74,0.0,2.0,13574.002126406618,13574.002126406618,0.0,26867.96010209468,26867.96010209468,0.0,1.0,1.0,1.0,0.0,295.5475611230415,295.5475611230415,0.0,0.0,0.0,0.0,0.0,0.0,0.0
A8,'Renhartsberg',44.47,1.0,2.0,14008.000000000133,0.0,14008.000000000133,14392.702685008398,0.0,14392.702685008398,1.0,1.0,0.0,1.0,158.31972953509236,0.0,158.31972953509236,0.0,0.0,0.0,0.0,0.0,0.0
A8,'Grübl/Süd’,49.59,1.0,2.0,14008.0,0.0,14008.0,20419.630414824154,0.0,20419.630414824154,1.0,1.0,0.0,1.0,224.61593456306568,0.0,224.61593456306568,0.0,0.0,0.0,0.0,0.0,0.0
A8,'Grübl/Nord',49.61,0.0,2.0,13574.000000000002,13574.000000000002,0.0,15944.892462999343,15944.892462999343,0.0,1.0,1.0,1.0,0.0,175.39381709299278,175.39381709299278,0.0,0.0,0.0,0.0,0.0,0.0,0.0
A8,'Murau West',56.77,1.0,1.0,14172.0,0.0,14172.0,41708.92113869764,0.0,41708.92113869764,1.0,1.0,0.0,1.0,458.798132525674,0.0,458.798132525674,0.0,0.0,0.0,0.0,0.0,0.0
A8,'Murau Ost',56.88,0.0,1.0,13536.0,13536.0,0.0,19847.682360943298,19847.682360943298,0.0,1.0,1.0,1.0,0.0,218.32450597037626,218.32450597037626,0.0,0.0,0.0,0.0,0.0,0.0,0.0
A8,'Marienkirchen/Schärding’,71.6,1.0,1.0,10055.234280795672,0.0,10055.234280795672,6370.451690557319,0.0,6370.451690557319,1.0,1.0,0.0,1.0,70.0749685961305,0.0,70.0749685961305,0.0,0.0,0.0,0.0,0.0,0.0
A8,'Dietrichshofen/Ost',72.06,0.0,2.0,8836.923336744558,8836.923336744558,0.0,26734.753655044016,26734.753655044016,0.0,1.0,1.0,1.0,0.0,294.0822902054842,294.0822902054842,0.0,0.0,0.0,0.0,0.0,0.0,0.0
A8,'Suben West',74.77,1.0,0.0,9186.000000189424,0.0,9186.000000189424,2309.5037607612567,0.0,2309.5037607612567,1.0,1.0,0.0,1.0,25.40454136837382,0.0,25.40454136837382,0.0,0.0,0.0,0.0,0.0,0.0
A9,'Maisdorf/Ost',12.66,1.0,2.0,10503.0,0.0,10503.0,49687.49353628505,0.0,49687.49353628505,1.0,1.0,0.0,1.0,544.2718988991355,0.0,544.2718988991355,0.0,0.0,0.0,2.2905299999999897,0.0,2.2905299999999897
A9,'Maisdorf/West',12.73,0.0,2.0,11055.0,11055.0,0.0,28126.582456850745,28126.582456850745,0.0,1.0,1.0,1.0,0.0,307.07151702535816,307.07151702535816,0.0,0.0,0.0,0.0,2.32089000000002,2.32089000000002,0.0
A9,'St. Pankraz',36.36,2.0,0.0,13974.0,7033.0,6941.0,59101.108124232705,33173.700142315945,25927.407981916764,1.0,2.0,1.0,1.0,654.7236093665598,367.2315915654754,287.4920178010844,4.61142000000001,2.32089000000002,2.2905299999999897,0.0,0.0,0.0
A9,'Pyhrn-Priel Ost’,55.03,1.0,1.0,7591.971611767987,0.0,7591.971611767987,16849.293094569046,0.0,16849.293094569046,1.0,1.0,0.0,1.0,185.34222404025948,0.0,185.34222404025948,0.0,0.0,0.0,0.0,0.0,0.0
A9,'Pyhrn-Priel West',55.04,0.0,1.0,8230.855228133318,8230.855228133318,0.0,31192.30198661983,31192.30198661983,0.0,1.0,1.0,1.0,0.0,343.1153218528181,343.1153218528181,0.0,0.0,0.0,0.0,0.0,0.0,0.0
A9,'Ardning Ost',65.96,1.0,2.0,13083.999999877302,0.0,13083.999999877302,31041.45899234372,0.0,31041.45899234372,1.0,1.0,0.0,1.0,341.4560489157809,0.0,341.4560489157809,0.0,0.0,0.0,0.0,0.0,0.0
A9,'Ardning West',66.04,0.0,2.0,13361.999999983376,13361.999999983376,0.0,29114.41644929437,29114.41644929437,0.0,1.0,1.0,1.0,0.0,320.25858094223804,320.25858094223804,0.0,0.0,0.0,0.0,0.0,0.0,0.0
A9,'Rottenmann/Nord',77.91,1.0,2.0,13084.0,0.0,13084.0,20345.18808414952,0.0,20345.18808414952,1.0,1.0,0.0,1.0,223.79706892564468,0.0,223.79706892564468,0.0,0.0,0.0,0.0,0.0,0.0
A9,'Rottenmann/Süd',78.18,0.0,2.0,13362.0,13362.0,0.0,32196.632573168365,32196.632573168365,0.0,1.0,1.0,1.0,0.0,354.162958304852,354.162958304852,0.0,0.0,0.0,0.0,0.0,0.0,0.0
A9,'Trieben',85.7,2.0,0.0,20906.0,10619.0,10287.0,29194.785607799568,15971.560943056678,13223.224664742887,1.0,2.0,1.0,1.0,321.1426416857952,175.68717037362345,145.45547131217177,0.0,0.0,0.0,0.0,0.0,0.0
A9,'Gaishorn',92.11,1.0,1.0,10287.0,0.0,10287.0,59758.32239265699,0.0,59758.32239265699,1.0,1.0,0.0,1.0,657.3415463192268,0.0,657.3415463192268,0.0,0.0,0.0,0.0,0.0,0.0
A9,'Treglwang',94.03,0.0,2.0,10619.0,10619.0,0.0,17705.39000500141,17705.39000500141,0.0,1.0,1.0,1.0,0.0,194.7592900550155,194.7592900550155,0.0,0.0,0.0,0.0,0.0,0.0,0.0
A9,'Kalwang',106.26,0.0,1.0,10953.0,10953.0,0.0,26930.486362994383,26930.486362994383,0.0,1.0,1.0,1.0,0.0,296.2353499929382,296.2353499929382,0.0,0.0,0.0,0.0,0.0,0.0,0.0
A9,'Kammern Nord',121.18,1.0,2.0,10926.0,0.0,10926.0,175.9889804448717,0.0,175.9889804448717,0.0,0.0,0.0,0.0,0.0,0.0,0.0,0.0,0.0,0.0,1.9358787848935883,0.0,1.9358787848935883
A9,'Kammern Süd',121.26,2.0,0.0,21954.0,11028.0,10926.0,64341.42807325543,32914.014449608665,31427.413623646764,1.0,2.0,1.0,1.0,709.6915875907032,362.0541589456953,347.63742864500796,1.9358787848935883,0.0,1.9358787848935883,0.0,0.0,0.0
A9,'St. Michael',135.01,0.0,2.0,11073.004965524444,11073.004965524444,0.0,30404.004309309235,30404.004309309235,0.0,1.0,1.0,1.0,0.0,334.44404740240157,334.44404740240157,0.0,0.0,0.0,0.0,0.0,0.0,0.0
A9,'Ortnerhof Nord',135.65,1.0,2.0,10574.999873012946,0.0,10574.999873012946,7705.628111447948,0.0,7705.628111447948,1.0,1.0,0.0,1.0,84.76190922592743,0.0,84.76190922592743,0.0,0.0,0.0,0.0,0.0,0.0
A9,'Ortnerhof Süd’,135.65,0.0,2.0,11073.999444063618,11073.999444063618,0.0,1386.6510981153897,1386.6510981153897,0.0,1.0,1.0,1.0,0.0,15.253162079269286,15.253162079269286,0.0,0.0,0.0,0.0,0.0,0.0,0.0
A9,'Hinterlainsach/Ost',139.16,0.0,2.0,11074.0,11074.0,0.0,7841.721665687022,7841.721665687022,0.0,1.0,1.0,1.0,0.0,86.25893832255724,86.25893832255724,0.0,0.0,0.0,0.0,0.0,0.0,0.0
A9,'Hinterlainsach/West',139.3,1.0,2.0,10575.0,0.0,10575.0,31388.73352344284,0.0,31388.73352344284,1.0,1.0,0.0,1.0,345.2760687578712,0.0,345.2760687578712,0.0,0.0,0.0,0.0,0.0,0.0
A9,'Kleintal',150.57,0.0,2.0,11777.0,11777.0,0.0,26809.336064293304,26809.336064293304,0.0,1.0,1.0,1.0,0.0,294.9026967072263,294.9026967072263,0.0,0.0,0.0,0.0,0.0,0.0,0.0
A9,'Übelbach 1',154.16,1.0,2.0,11512.0,0.0,11512.0,17781.923523171823,0.0,17781.923523171823,1.0,1.0,0.0,1.0,195.60115875489004,0.0,195.60115875489004,0.0,0.0,0.0,0.0,0.0,0.0
A9,'Übelbach 2',154.24,0.0,2.0,11777.0,11777.0,0.0,8639.97767636247,8639.97767636247,0.0,1.0,1.0,1.0,0.0,95.03975443998716,95.03975443998716,0.0,0.0,0.0,0.0,0.0,0.0,0.0
A9,'Deutschfeistritz',161.95,2.0,0.0,23289.000114064176,11777.000055015264,11512.00005904891,76050.65254937344,18003.928396732397,58046.72415264104,1.0,2.0,1.0,1.0,836.5571780431078,198.04321236405636,638.5139656790515,0.0,0.0,0.0,0.0,0.0,0.0
A9,'Eggenfeld',169.13,0.0,2.0,20432.1080698656,20432.1080698656,0.0,29453.135965858,29453.135965858,0.0,1.0,1.0,1.0,0.0,323.984495624438,323.984495624438,0.0,0.0,0.0,0.0,0.0,0.0,0.0
A9,'Feldkirchen',186.97,1.0,2.0,29999.01028154669,0.0,29999.01028154669,57184.44424849908,0.0,57184.44424849908,1.0,1.0,0.0,1.0,629.0288867334898,0.0,629.0288867334898,0.0,0.0,0.0,0.0,0.0,0.0
A9,'Premstätten',192.48,0.0,1.0,32302.511670869648,32302.511670869648,0.0,152381.31708348572,152381.31708348572,0.0,1.0,2.0,2.0,0.0,1676.1944879183427,1676.1944879183427,0.0,0.0,0.0,0.0,0.0,0.0,0.0
A9,'Thalerhof',196.52,1.0,2.0,26113.265874187266,0.0,26113.265874187266,77662.26512324884,0.0,77662.26512324884,1.0,1.0,0.0,1.0,854.2849163557372,0.0,854.2849163557372,0.0,0.0,0.0,0.0,0.0,0.0
A9,'Gralla West',211.06,0.0,0.0,20689.0,20689.0,0.0,76643.58637779353,76643.58637779353,0.0,1.0,1.0,1.0,0.0,843.0794501557288,843.0794501557288,0.0,0.0,0.0,0.0,0.0,0.0,0.0
A9,'Gralla Ost',211.45,1.0,0.0,19399.0,0.0,19399.0,52785.10516275293,0.0,52785.10516275293,1.0,1.0,0.0,1.0,580.6361567902823,0.0,580.6361567902823,0.0,0.0,0.0,0.0,0.0,0.0
A9,'Straß West',225.02,0.0,2.0,8239.000000000515,8239.000000000515,0.0,22970.085281964966,22970.085281964966,0.0,1.0,1.0,1.0,0.0,252.6709381016146,252.6709381016146,0.0,0.0,0.0,0.0,0.0,0.0,0.0
A9,'Straß Ost’,225.02,1.0,2.0,7452.000000000777,0.0,7452.000000000777,7466.983597758399,0.0,7466.983597758399,1.0,1.0,0.0,1.0,82.13681957534239,0.0,82.13681957534239,0.0,0.0,0.0,0.0,0.0,0.0
S16,'Schnann',18.9,2.0,0.0,9860.99996031521,4941.999999999992,4918.999960315217,43437.30630977449,18700.073610347983,24737.232699426502,1.0,2.0,1.0,1.0,474.7146394074317,204.0699497138278,270.6446896936039,0.0,0.0,0.0,3.095730000087599,1.6308599999999842,1.4648700000876147
S16,'Klösterle',44.17,1.0,0.0,4439.000000265529,0.0,4439.000000265529,13183.237295726443,0.0,13183.237295726443,1.0,1.0,0.0,1.0,146.4804802530785,0.0,146.4804802530785,1.4648700000876147,0.0,1.4648700000876147,0.0,0.0,0.0
S16,'Innerbraz',54.99,0.0,0.0,5391.999999999998,5391.999999999998,0.0,38789.08951452321,38789.08951452321,0.0,1.0,1.0,1.0,0.0,428.3108446597554,428.3108446597554,0.0,1.6308599999999842,1.6308599999999842,0.0,0.0,0.0,0.0
S16,'Radin Süd',59.01,1.0,2.0,5252.0,0.0,5252.0,3038.655605334979,0.0,3038.655605334979,1.0,1.0,0.0,1.0,33.425211658684766,0.0,33.425211658684766,0.0,0.0,0.0,0.0,0.0,0.0
S16,'Radin Nord',59.03,0.0,2.0,5392.0,5392.0,0.0,4366.475635989322,4366.475635989322,0.0,1.0,1.0,1.0,0.0,48.031231995882536,48.031231995882536,0.0,0.0,0.0,0.0,0.0,0.0,0.0
S1A,'Schwechat',9.85,2.0,0.0,61703.49999987559,31463.499999975807,30239.99999989978,98660.20943375537,39041.52295889174,59618.68647486362,1.0,2.0,1.0,1.0,1085.262303771309,429.4567525478091,655.8055512234998,0.0,0.0,0.0,0.0,0.0,0.0
S1B,'Deutsch Wagram',39.05,2.0,0.0,32604.83333333333,16237.966666666664,16366.866666666663,73145.99870320682,9677.10465852084,63468.89404468598,1.0,2.0,1.0,1.0,804.605985735275,106.44815124372924,698.1578344915457,0.0,0.0,0.0,0.0,0.0,0.0
S3,'Hollabrunn',23.6,1.0,2.0,6766.0,0.0,6766.0,15563.630436509862,0.0,15563.630436509862,1.0,1.0,0.0,1.0,171.19993480160846,0.0,171.19993480160846,0.0,0.0,0.0,0.0,0.0,0.0
S31,‘Mattersburg’,52.09,1.0,2.0,8153.0,0.0,8153.0,26231.718576042676,0.0,26231.718576042676,1.0,1.0,0.0,1.0,288.54890433646943,0.0,288.54890433646943,0.0,0.0,0.0,0.0,0.0,0.0
S31,'Forchtenstein’,52.45,0.0,2.0,7857.0,7857.0,0.0,29576.297095027607,29576.297095027607,0.0,1.0,1.0,1.0,0.0,325.33926804530364,325.33926804530364,0.0,0.0,0.0,0.0,0.0,0.0,0.0
S31,'Kobersdorf',66.91,0.0,2.0,6223.999999590788,6223.999999590788,0.0,17886.095398002628,17886.095398002628,0.0,1.0,1.0,1.0,0.0,196.7470493780289,196.7470493780289,0.0,0.0,0.0,0.0,0.0,0.0,0.0
S31,'Tschurndorf',68.14,1.0,2.0,6566.999817015507,0.0,6566.999817015507,21185.283057988152,0.0,21185.283057988152,1.0,1.0,0.0,1.0,233.03811363786969,0.0,233.03811363786969,0.0,0.0,0.0,0.0,0.0,0.0
S33,'St. Pölten Ost',1.84,0.0,0.0,15332.000000000002,15332.000000000002,0.0,42162.713450383104,42162.713450383104,0.0,1.0,1.0,1.0,0.0,463.7898479542141,463.7898479542141,0.0,0.0,0.0,0.0,0.0,0.0,0.0
S33,'Inzersdorf',15.28,1.0,1.0,15650.364459623052,0.0,15650.364459623052,47979.53816597848,0.0,47979.53816597848,1.0,1.0,0.0,1.0,527.7749198257633,0.0,527.7749198257633,0.0,0.0,0.0,0.0,0.0,0.0
S33,'Herzogenburg',15.69,0.0,1.0,15657.319893344473,15657.319893344473,0.0,36041.87317235301,36041.87317235301,0.0,1.0,1.0,1.0,0.0,396.4606048958831,396.4606048958831,0.0,0.0,0.0,0.0,0.0,0.0,0.0
S35,'Frohnleiten Ost',26.82,1.0,2.0,9690.0,0.0,9690.0,18587.030666064784,0.0,18587.030666064784,1.0,1.0,0.0,1.0,204.4573373267126,0.0,204.4573373267126,0.0,0.0,0.0,0.0,0.0,0.0
S35,'Frohnleiten West',26.82,0.0,2.0,9816.0,9816.0,0.0,51001.472361815664,51001.472361815664,0.0,1.0,1.0,1.0,0.0,561.0161959799723,561.0161959799723,0.0,0.0,0.0,0.0,0.0,0.0,0.0
S36,'St. Marein Nord',14.89,0.0,0.0,10113.0,10113.0,0.0,30156.505485607195,30156.505485607195,0.0,1.0,1.0,1.0,0.0,331.72156034167915,331.72156034167915,0.0,0.0,0.0,0.0,0.0,0.0,0.0
S36,'St. Marein Süd',14.97,1.0,0.0,10133.0,0.0,10133.0,39904.344783471744,0.0,39904.344783471744,1.0,1.0,0.0,1.0,438.94779261818917,0.0,438.94779261818917,0.0,0.0,0.0,0.0,0.0,0.0
S36,'Strettweg',34.61,1.0,2.0,9701.0,0.0,9701.0,5373.278346516238,0.0,5373.278346516238,1.0,1.0,0.0,1.0,59.10606181167862,0.0,59.10606181167862,0.0,0.0,0.0,0.0,0.0,0.0
S36,'Hauswald',35.77,0.0,2.0,9740.5,9740.5,0.0,40577.73593246791,40577.73593246791,0.0,1.0,1.0,1.0,0.0,446.355095257147,446.355095257147,0.0,0.0,0.0,0.0,0.0,0.0,0.0
S37,'Hunnenbrunnen',285.19,0.0,2.0,19888.0,10058.000000000002,9830.0,36142.46463235457,4295.795543572071,31846.6690887825,1.0,2.0,1.0,1.0,397.56711095590026,47.25375097929279,350.31335997660744,0.0,0.0,0.0,0.0,0.0,0.0
S37,'Zollfeld',293.91,0.0,2.0,10058.0,10058.0,0.0,17382.606338754165,17382.606338754165,0.0,1.0,1.0,1.0,0.0,191.2086697262958,191.2086697262958,0.0,0.0,0.0,0.0,0.0,0.0,0.0
S5,'Zaina',6.3,0.0,2.0,17736.0,17736.0,0.0,22057.74265192454,22057.74265192454,0.0,1.0,1.0,1.0,0.0,242.6351691711699,242.6351691711699,0.0,0.0,0.0,0.0,0.0,0.0,0.0
S5,'Grafenwörth',32.85,2.0,0.0,24240.0,12017.0,12223.0,92944.80421055126,63800.34208286393,29144.46212768733,1.0,2.0,1.0,1.0,1022.3928463160638,701.8037629115032,320.5890834045606,0.0,0.0,0.0,0.0,0.0,0.0
S6,'Natschbach',3.22,2.0,0.0,28895.0,14441.0,14454.000000000002,49805.03843322329,7829.400123642268,41975.63830958102,1.0,2.0,1.0,1.0,542.5937377654561,83.48043136006494,459.1133064053912,0.0,0.0,0.0,5.261685000000014,2.6429700000000054,2.618715000000009
S6,'Gloggnitz Süd',17.81,1.0,2.0,7935.5,0.0,7935.5,9081.297254301347,0.0,9081.297254301347,1.0,1.0,0.0,1.0,102.51298479731486,0.0,102.51298479731486,2.618715000000009,0.0,2.618715000000009,0.0,0.0,0.0
S6,'Gloggnitz Nord',18.44,0.0,2.0,8009.0,8009.0,0.0,24242.62115602437,24242.62115602437,0.0,1.0,1.0,1.0,0.0,269.31180271626806,269.31180271626806,0.0,2.6429700000000054,2.6429700000000054,0.0,0.0,0.0,0.0
S6,'Schottwien',23.57,2.0,0.0,15944.5,8009.0,7935.5,47842.38487070686,8181.6019594493055,39660.78291125756,1.0,2.0,1.0,1.0,526.2662335777754,89.99762155394235,436.2686120238331,0.0,0.0,0.0,0.0,0.0,0.0
S6,'Schwöbing Nord',48.55,0.0,0.0,9945.0,9945.0,0.0,49668.15156439487,49668.15156439487,0.0,1.0,1.0,1.0,0.0,546.3496672083436,546.3496672083436,0.0,0.0,0.0,0.0,0.0,0.0,0.0
S6,'Schwöbing Süd',48.57,1.0,0.0,9757.0,0.0,9757.0,46526.20864062981,0.0,46526.20864062981,1.0,1.0,0.0,1.0,511.78829504692794,0.0,511.78829504692794,0.0,0.0,0.0,0.0,0.0,0.0
S6,'St. Marein',68.99,0.0,0.0,12864.0,12864.0,0.0,52521.60007264168,52521.60007264168,0.0,1.0,1.0,1.0,0.0,577.7376007990584,577.7376007990584,0.0,0.0,0.0,0.0,0.0,0.0,0.0
S6,'Kapfenberg Nord',72.03,0.0,2.0,12864.0,12864.0,0.0,7831.345796296708,7831.345796296708,0.0,1.0,1.0,1.0,0.0,86.14480375926378,86.14480375926378,0.0,0.0,0.0,0.0,0.0,0.0,0.0
S6,'Kapfenberg Süd',72.45,1.0,1.0,12893.5,0.0,12893.5,83967.40895002644,0.0,83967.40895002644,1.0,1.0,0.0,1.0,923.6414984502908,0.0,923.6414984502908,0.0,0.0,0.0,0.0,0.0,0.0
