Time of calculation: 20210916-174545; value of objective: 1089734.0532961297;  acc=20;  ec=0.25;  e_tax=0.15;  cfix=50000;  cvar=10000;  eta=0.9;  hours_of_constant_charging=20;  i=0.05;  T=10
highway,name,asfinag_position,direction,asfinag_type,traffic_flow,traffic_flow_0,energy_demand,energy_demand_0,pXi_dir,pYi_dir,pYi_dir_0,pE_charged,pE_charged_0,pE_input,pE_input_0,pE_output,pE_output_0,traffic_flow_1,energy_demand_1,pYi_dir_1,pE_charged_1,pE_input_1,pE_output_1
A1,'Parkplatz Großraum’,27.42,2.0,2.0,25490.00000000002,12193.00000000001,59974.325349551335,45433.23590445468,1.0,54.0,41.0,53889.91231400921,40889.91231400921,0.0,0.0,86.98050058698755,0.0,13297.00000000001,14541.089445096652,13.0,13000.0,0.0,86.98050058698755
A1,'Steinhäusl',32.7,2.0,0.0,63195.99999999913,31485.99999999933,111561.50482266714,34431.882550071685,0.0,70.0,-0.0,69503.64054592291,0.0,86.98050058698755,0.0,30988.694295064503,30988.694295064517,31709.9999999998,77129.62227259546,70.0,69503.64054592291,86.98050058698755,-1.4551915228366852e-11
A1,'Kirchstetten',44.88,0.0,1.0,29897.99999542764,29897.99999542764,72732.0809427628,72732.0809427628,1.0,97.0,97.0,96447.56714355104,96447.56714355104,30988.694295064517,30988.694295064517,0.0,0.0,0.0,0.0,0.0,0.0,0.0,0.0
A1,'Kesselhof',44.88,1.0,1.0,30234.999996719125,0.0,109130.95569981833,0.0,1.0,44.0,0.0,44000.0,0.0,-1.4551915228366852e-11,0.0,54217.86012983648,0.0,30234.999996719125,109130.95569981833,44.0,44000.0,-1.4551915228366852e-11,54217.86012983648
A1,'St. Pölten',62.9,2.0,0.0,71148.0,35583.0,227454.84943410664,128422.41740026572,1.0,209.0,65.0,208347.04896029344,65000.0,54217.86012983648,0.0,50580.17566023903,50580.175660239154,35565.0,99032.43203384092,144.0,143347.04896029344,54217.86012983648,-1.2369127944111824e-10
A1,'Schallaburg',76.81,1.0,1.0,29188.0,0.0,136934.36037638868,0.0,1.0,75.0,0.0,75000.0,0.0,-1.2369127944111824e-10,0.0,48240.92433874969,0.0,29188.0,136934.36037638868,75.0,75000.0,-1.2369127944111824e-10,48240.92433874969
A1,'Roggendorf',76.82,0.0,1.0,28377.0,28377.0,78562.33219617409,78562.33219617409,1.0,73.0,73.0,72599.87463679584,72599.87463679584,50580.175660239154,50580.175660239154,48686.4,48686.4,0.0,0.0,0.0,0.0,0.0,0.0
A1,'Ornding',88.04,0.0,1.0,27048.0,27048.0,60488.07492270462,60488.07492270462,1.0,55.0,55.0,55000.0,55000.0,48686.4,48686.4,48125.66743043416,48125.66743043416,0.0,0.0,0.0,0.0,0.0,0.0
A1,'Ybbs',100.32,1.0,0.0,27161.40445083877,0.0,104129.25066774894,0.0,1.0,97.0,0.0,97000.0,0.0,48240.92433874969,0.0,44957.24993972375,0.0,27161.40445083877,104129.25066774894,97.0,97000.0,48240.92433874969,44957.24993972375
A1,'Kemmelbach',101.38,0.0,0.0,26898.000000000207,26898.000000000207,72226.10016870651,72226.10016870651,1.0,113.0,113.0,113000.0,113000.0,48125.66743043416,48125.66743043416,129.15758227002516,129.15758227002516,0.0,0.0,0.0,0.0,0.0,0.0
A1,'Viehdorf',118.17,0.0,1.0,25545.0,25545.0,92117.57063469278,92117.57063469278,1.0,61.0,61.0,61000.0,61000.0,129.15758227002516,129.15758227002516,22034.97115349352,22034.97115349352,0.0,0.0,0.0,0.0,0.0,0.0
A1,'Amstetten',119.36,1.0,1.0,25407.0,0.0,56128.53142795883,0.0,1.0,96.0,0.0,95472.9282248867,0.0,44957.24993972375,0.0,0.0,0.0,25407.0,56128.53142795883,96.0,95472.9282248867,44957.24993972375,0.0
A1,'Parkplatz Zeillern’,124.31,0.0,2.0,24685.0,24685.0,24100.57479449837,24100.57479449837,0.0,0.0,-0.0,0.0,0.0,22034.97115349352,22034.97115349352,43725.488468542055,43725.488468542055,0.0,0.0,0.0,0.0,0.0,0.0
A1,'Oed',130.52,1.0,2.0,26849.69206306653,0.0,69822.67372138443,0.0,1.0,63.0,0.0,62840.40634924599,0.0,0.0,0.0,0.0,0.0,26849.69206306653,69822.67372138443,63.0,62840.40634924599,0.0,0.0
A1,'Strengberg',136.0,0.0,0.0,25773.0,25773.0,60567.28709144443,60567.28709144443,1.0,99.0,99.0,98236.04685084219,98236.04685084219,43725.488468542055,43725.488468542055,-1.418811734765768e-10,-1.418811734765768e-10,0.0,0.0,0.0,0.0,0.0,0.0
A1,'Haag',143.54,1.0,0.0,28172.0,0.0,72532.38382040594,0.0,1.0,15.0,0.0,15000.0,0.0,0.0,0.0,50279.14543836535,0.0,28172.0,72532.38382040594,15.0,15000.0,0.0,50279.14543836535
A1,'Ennsblick',147.1,0.0,2.0,27181.0,27181.0,59900.9099344678,59900.9099344678,1.0,49.0,49.0,49000.0,49000.0,-1.418811734765768e-10,-1.418811734765768e-10,4910.818941020883,4910.818941020883,0.0,0.0,0.0,0.0,0.0,0.0
A1,'Parkplatz Ennsdorf’,152.88,0.0,2.0,26232.408315204048,26232.408315204048,30328.56812345904,30328.56812345904,0.0,0.0,0.0,0.0,0.0,4910.818941020883,4910.818941020883,32206.53025213402,32206.53025213402,0.0,0.0,0.0,0.0,0.0,0.0
A1,'Enns Süd',156.19,1.0,1.0,29648.737115098505,0.0,86236.6993060754,0.0,1.0,75.0,0.0,75000.0,0.0,50279.14543836535,0.0,52892.17481383322,0.0,29648.737115098505,86236.6993060754,75.0,75000.0,50279.14543836535,52892.17481383322
A1,'Enns Nord',156.79,0.0,1.0,29791.88732837659,29791.88732837659,22744.768825614865,22744.768825614865,0.0,0.0,0.0,0.0,0.0,32206.53025213402,32206.53025213402,52676.8221951874,52676.8221951874,0.0,0.0,0.0,0.0,0.0,0.0
A1,'Ansfelden Süd',170.93,1.0,0.0,46681.64620523784,0.0,108599.64670259466,0.0,1.0,111.0,0.0,111000.0,0.0,52892.17481383322,0.0,39631.85684616842,0.0,46681.64620523784,108599.64670259466,111.0,111000.0,52892.17481383322,39631.85684616842
A1,'Ansfelden Nord',171.01,0.0,0.0,48225.58896718505,48225.58896718505,137729.45647842763,137729.45647842763,1.0,137.0,137.0,137000.0,137000.0,52676.8221951874,52676.8221951874,39633.33302577227,39633.33302577227,0.0,0.0,0.0,0.0,0.0,0.0
A1,'Allhaming Süd',182.59,1.0,1.0,22273.0,0.0,132032.00498622254,0.0,1.0,119.0,0.0,118369.26133376872,0.0,39631.85684616842,0.0,40091.4,0.0,22273.0,132032.00498622254,119.0,118369.26133376872,39631.85684616842,40091.4
A1,'Allhaming Nord',182.6,0.0,1.0,22478.0,22478.0,52074.59618392183,52074.59618392183,1.0,47.0,47.0,47000.0,47000.0,39633.33302577227,39633.33302577227,39500.46959130192,39500.46959130192,0.0,0.0,0.0,0.0,0.0,0.0
A1,'Lindach Nord',212.26,0.0,0.0,24091.0,24091.0,143292.1869458095,143292.1869458095,1.0,142.0,142.0,141422.03784253047,141422.03784253047,39500.46959130192,39500.46959130192,27041.4,27041.4,0.0,0.0,0.0,0.0,0.0,0.0
A1,'Lindach Süd',212.27,1.0,0.0,24205.0,0.0,88500.71292866017,0.0,1.0,120.0,0.0,119742.04163579416,0.0,40091.4,0.0,0.0,0.0,24205.0,88500.71292866017,120.0,119742.04163579416,40091.4,0.0
A1,'Hainbach Süd',230.7,1.0,1.0,16641.0,0.0,43626.88664048988,0.0,1.0,10.0,0.0,10000.0,0.0,0.0,0.0,29264.19797644089,0.0,16641.0,43626.88664048988,10.0,10000.0,0.0,29264.19797644089
A1,'Hainbach Nord',230.72,0.0,1.0,15023.0,15023.0,55447.073726717535,55447.073726717535,1.0,50.0,50.0,49902.366354045786,49902.366354045786,27041.4,27041.4,27041.4,27041.4,0.0,0.0,0.0,0.0,0.0,0.0
A1,'Straß',243.67,1.0,1.0,16828.67483549712,0.0,52286.93331258195,0.0,1.0,49.0,0.0,49000.0,0.0,29264.19797644089,0.0,27322.43795776464,0.0,16828.67483549712,52286.93331258195,49.0,49000.0,29264.19797644089,27322.43795776464
A1,'Wildenhag Nord',243.76,0.0,2.0,17111.546808170722,17111.546808170722,44396.07377615938,44396.07377615938,1.0,60.0,60.0,59736.46918226643,59736.46918226643,27041.4,27041.4,7261.397216277008,7261.397216277008,0.0,0.0,0.0,0.0,0.0,0.0
A1,'Oberwang',251.03,0.0,1.0,15727.0,15727.0,23256.052200310536,23256.052200310536,0.0,0.0,0.0,0.0,0.0,7261.397216277008,7261.397216277008,28191.844196556493,28191.844196556493,0.0,0.0,0.0,0.0,0.0,0.0
A1,'Mondsee',259.23,2.0,0.0,31060.001681777,15727.000882328592,60471.650280389,25342.39533715945,1.0,110.0,51.0,109938.76740667124,51000.0,55514.28215432113,28191.844196556493,0.0,0.0,15333.000799448411,35129.25494322955,59.0,58938.767406671235,27322.43795776464,0.0
A1,‘Parkplatz Ölgraben’,268.98,0.0,2.0,18793.0,18793.0,36691.95858378413,36691.95858378413,1.0,17.0,17.0,17000.0,17000.0,0.0,0.0,16022.762725405715,16022.762725405715,0.0,0.0,0.0,0.0,0.0,0.0
A1,'Vetterbach',270.63,1.0,2.0,18111.0,0.0,24972.45872010481,0.0,0.0,0.0,0.0,0.0,0.0,0.0,0.0,22475.21284809433,0.0,18111.0,24972.45872010481,0.0,0.0,0.0,22475.21284809433
A1,'Enzersberg',274.82,0.0,2.0,21891.999995182963,21891.999995182963,25643.70256417291,25643.70256417291,0.0,0.0,0.0,0.0,0.0,16022.762725405715,16022.762725405715,39102.095033161335,39102.095033161335,0.0,0.0,0.0,0.0,0.0,0.0
A1,'Salzburger Vorland',277.55,1.0,2.0,21776.0,0.0,38740.09283187224,0.0,1.0,19.0,0.0,19000.0,0.0,22475.21284809433,0.0,38341.29639677935,0.0,21776.0,38740.09283187224,19.0,19000.0,22475.21284809433,38341.29639677935
A1,'Söllheim',286.46,1.0,0.0,28864.537464121862,0.0,82339.63927517904,0.0,1.0,113.0,0.0,112226.75867545522,0.0,38341.29639677935,0.0,220.21306898526382,0.0,28864.537464121862,82339.63927517904,113.0,112226.75867545522,38341.29639677935,220.21306898526382
A1,'Kasern',287.89,0.0,0.0,38922.8495638266,38922.8495638266,101432.70404041585,101432.70404041585,1.0,131.0,131.0,130163.39140717493,130163.39140717493,39102.095033161335,39102.095033161335,228.1372623606694,228.1372623606694,0.0,0.0,0.0,0.0,0.0,0.0
A1,'Walserberg Süd',300.71,1.0,0.0,14880.00000000295,0.0,866.4299233497069,0.0,1.0,1.0,0.0,1000.0,0.0,220.21306898526382,0.0,0.0,0.0,14880.00000000295,866.4299233497069,1.0,1000.0,220.21306898526382,0.0
A1,'Walserberg Nord',300.73,0.0,0.0,12964.000000008587,12964.000000008587,33079.84748626592,33079.84748626592,1.0,30.0,30.0,30000.0,30000.0,228.1372623606694,228.1372623606694,0.0,0.0,0.0,0.0,0.0,0.0,0.0,0.0
A10,'Glanegg/West',4.28,0.0,2.0,30225.0,30225.0,10702.59495982983,10702.59495982983,0.0,0.0,-0.0,0.0,0.0,0.0,0.0,9632.335463846848,9632.335463846848,0.0,0.0,0.0,0.0,0.0,0.0
A10,'Untersberg/Ost',4.37,1.0,2.0,30061.0,0.0,79010.53992075186,0.0,1.0,71.0,0.0,70759.77506377178,0.0,0.0,0.0,349.7108649048896,0.0,30061.0,79010.53992075186,71.0,70759.77506377178,0.0,349.7108649048896
A10,'Bruderloch',17.53,1.0,2.0,24652.0,0.0,55144.78387577903,0.0,1.0,15.0,0.0,15000.0,0.0,349.7108649048896,0.0,34980.01635310601,0.0,24652.0,55144.78387577903,15.0,15000.0,349.7108649048896,34980.01635310601
A10,'Golling Ost',28.76,1.0,0.0,19647.00094772099,0.0,83619.98278708411,0.0,1.0,109.0,0.0,109000.0,0.0,34980.01635310601,0.0,1238.0008614817052,0.0,19647.00094772099,83619.98278708411,109.0,109000.0,34980.01635310601,1238.0008614817052
A10,'Golling West',28.82,0.0,0.0,19875.000668287423,19875.000668287423,97340.81805238585,97340.81805238585,1.0,98.0,98.0,97239.0717109941,97239.0717109941,9632.335463846848,9632.335463846848,0.0,0.0,0.0,0.0,0.0,0.0,0.0,0.0
A10,'Werfen',40.34,0.0,2.0,19354.0,19354.0,44743.31804657062,44743.31804657062,1.0,40.0,40.0,39828.60772550695,39828.60772550695,0.0,0.0,440.3785164066103,440.3785164066103,0.0,0.0,0.0,0.0,0.0,0.0
A10,'Klausgraben Ost’,50.01,1.0,2.0,16076.0,0.0,29740.34522214243,0.0,0.0,0.0,0.0,0.0,0.0,1238.0008614817052,0.0,28004.311561409893,0.0,16076.0,29740.34522214243,0.0,0.0,1238.0008614817052,28004.311561409893
A10,'Klausgraben West’,50.01,0.0,2.0,16224.0,16224.0,31431.033067450226,31431.033067450226,0.0,0.0,0.0,0.0,0.0,440.3785164066103,440.3785164066103,28728.308277111813,28728.308277111813,0.0,0.0,0.0,0.0,0.0,0.0
A10,'Eben Süd',59.21,2.0,0.0,31555.3674870556,15997.416619605658,63864.366982730906,73.98398827676816,0.0,58.0,0.0,58000.0,0.0,56732.61983852171,28728.308277111813,56210.55012297952,28794.893866560906,15557.95086744994,63790.382994454136,58.0,58000.0,28004.311561409893,27415.656256418617
A10,'Eben Nord',59.32,2.0,0.0,31554.16119307871,15997.1632592005,29667.927073449984,29595.979909721613,1.0,64.0,36.0,63176.58093081045,36000.0,56210.55012297952,28794.893866560906,19735.103558274055,19431.275785310358,15556.997933878209,71.94716372837226,28.0,27176.580930810454,27415.656256418617,303.82777296369756
A10,'Rohr',71.25,0.0,2.0,10976.0,10976.0,26372.39981658969,26372.39981658969,1.0,24.0,24.0,24000.0,24000.0,19431.275785310358,19431.275785310358,19166.435620241078,19166.435620241078,0.0,0.0,0.0,0.0,0.0,0.0
A10,'Tauernalm',79.79,2.0,0.0,21522.867721662667,10903.654559151322,62621.10903795498,18508.36211902574,1.0,38.0,17.0,38000.0,17000.0,19470.263393204776,19166.435620241078,37829.26152736426,18823.961527364245,10619.213162511343,44112.74691892924,21.0,21000.0,303.82777296369756,19005.30000000001
A10,'Lungau',97.91,0.0,0.0,10877.0,10877.0,39524.43281357246,39524.43281357246,1.0,43.0,43.0,43000.0,43000.0,18823.961527364245,18823.961527364245,11395.95105957946,11395.95105957946,0.0,0.0,0.0,0.0,0.0,0.0
A10,'Lanschütz',100.6,1.0,1.0,10558.5,0.0,33491.70982869735,0.0,1.0,49.0,0.0,48391.199313297446,0.0,19005.30000000001,0.0,756.6395325301819,0.0,10558.5,33491.70982869735,49.0,48391.199313297446,19005.30000000001,756.6395325301819
A10,'Rennweg',112.45,0.0,2.0,6878.0,6878.0,19876.6578731468,19876.6578731468,1.0,18.0,18.0,18000.0,18000.0,11395.95105957946,11395.95105957946,11284.94314541158,11284.94314541158,0.0,0.0,0.0,0.0,0.0,0.0
A10,'Ried’,116.47,1.0,2.0,7303.0,0.0,13765.2894082998,0.0,0.0,0.0,0.0,0.0,0.0,756.6395325301819,0.0,13145.400000000001,0.0,7303.0,13765.2894082998,0.0,0.0,756.6395325301819,13145.400000000001
A10,'Eisentratten',125.92,2.0,0.0,14180.999999999998,6877.999999999999,41606.555089056084,18483.210735025867,1.0,51.0,17.0,50376.43610390845,17000.0,24430.34314541158,11284.94314541158,11499.806621653617,10919.83280693486,7302.999999999999,23123.34435403022,34.0,33376.43610390845,13145.400000000001,579.9738147187564
A10,'Seeboden',141.72,1.0,2.0,14455.0,0.0,36156.364361422005,0.0,1.0,27.0,0.0,27000.0,0.0,579.9738147187564,0.0,6120.701739998563,0.0,14455.0,36156.364361422005,27.0,27000.0,579.9738147187564,6120.701739998563
A10,'Wolfsberg',142.25,0.0,2.0,14500.0,14500.0,47498.89492913899,47498.89492913899,1.0,54.0,54.0,53482.38957020479,53482.38957020479,10919.83280693486,10919.83280693486,186.4486729551645,186.4486729551645,0.0,0.0,0.0,0.0,0.0,0.0
A10,'Kamering',154.29,1.0,2.0,14749.703862513728,0.0,22698.628013917983,0.0,0.0,0.0,0.0,0.0,0.0,6120.701739998563,0.0,26549.466952524745,0.0,14749.703862513728,22698.628013917983,-0.0,0.0,6120.701739998563,26549.466952524745
A10,'Feistritz an der Drau',162.01,2.0,0.0,29679.0,14929.0,122093.03941770014,58681.72369671648,1.0,137.0,53.0,136619.65110141004,53000.0,26735.91562547991,186.4486729551645,0.0,0.0,14750.0,63411.31572098366,84.0,83619.65110141004,26549.466952524745,0.0
A11,'St. Niklas/Nord',2.11,1.0,2.0,7502.999999999997,0.0,10409.086151425912,0.0,1.0,9.0,0.0,8842.37167775145,0.0,0.0,0.0,525.8058585318722,0.0,7502.999999999997,10409.086151425912,9.0,8842.37167775145,0.0,525.8058585318722
A11,'Rosegg',9.04,2.0,0.0,9108.5,4306.5,19444.03423128799,7806.040740767851,1.0,19.0,8.0,18025.436666691065,7025.436666691066,525.8058585318722,0.0,0.0,0.0,4802.0,11637.99349052014,11.0,11000.0,525.8058585318722,0.0
A12,'Langkampfen Süd',9.32,1.0,2.0,11349.585916642443,0.0,27244.807627465096,0.0,1.0,5.0,0.0,5000.0,0.0,0.0,0.0,19520.326864718587,0.0,11349.585916642443,27244.807627465096,5.0,5000.0,0.0,19520.326864718587
A12,'Angath Süd',14.1,2.0,0.0,39222.99999999994,19907.99999999997,56148.10872631689,56144.28825076325,1.0,35.0,15.0,34523.76529271685,15000.0,19520.326864718587,0.0,35529.859425686926,35529.859425686926,19314.99999999997,3.820475553634762,20.0,19523.765292716856,19520.326864718587,0.0
A12,'Angath Nord',14.22,2.0,0.0,39222.99999999994,19907.99999999997,86003.9180407436,3.93776998818332,1.0,113.0,36.0,111582.03907747523,35533.40341867629,35529.859425686926,35529.859425686926,1351.3465848809392,0.0,19314.99999999997,85999.98027075542,77.0,76048.63565879894,0.0,1351.3465848809392
A12,'Münster Nord',35.71,0.0,1.0,18334.0,18334.0,79565.35290639894,79565.35290639894,1.0,71.0,71.0,70613.50364574324,70613.50364574324,0.0,0.0,995.3139700158135,995.3139700158135,0.0,0.0,0.0,0.0,0.0,0.0
A12,'Münster Süd',36.25,1.0,1.0,18162.0,0.0,51027.0984567292,0.0,1.0,46.0,0.0,46000.0,0.0,1351.3465848809392,0.0,1275.7351959372209,0.0,18162.0,51027.0984567292,46.0,46000.0,1351.3465848809392,1275.7351959372209
A12,'Vomp',50.47,1.0,0.0,24431.999999991072,0.0,22234.356307397185,0.0,0.0,0.0,0.0,0.0,0.0,1275.7351959372209,0.0,21286.65587259469,0.0,24431.999999991072,22234.356307397185,0.0,0.0,1275.7351959372209,21286.65587259469
A12,'Weer',54.8,0.0,0.0,24110.000189607712,24110.000189607712,91922.39487971723,91922.39487971723,1.0,83.0,83.0,83000.0,83000.0,995.3139700158135,995.3139700158135,725.4693617613302,725.4693617613302,0.0,0.0,0.0,0.0,0.0,0.0
A12,'Weer Süd',55.0,1.0,1.0,24141.001987531265,0.0,44418.90300224888,0.0,1.0,18.0,0.0,18000.0,0.0,21286.65587259469,0.0,43263.668574618685,0.0,24141.001987531265,44418.90300224888,18.0,18000.0,21286.65587259469,43263.668574618685
A12,'Volders/Karlskirche',64.18,1.0,2.0,27543.0,0.0,89230.87375309618,0.0,1.0,74.0,0.0,74000.0,0.0,43263.668574618685,0.0,49571.454952405256,0.0,27543.0,89230.87375309618,74.0,74000.0,43263.668574618685,49571.454952405256
A12,'Hall in Tirol',66.28,0.0,2.0,28148.000000002427,28148.000000002427,63926.9286125208,63926.9286125208,1.0,47.0,47.0,47000.0,47000.0,725.4693617613302,725.4693617613302,11259.705113030053,11259.705113030053,0.0,0.0,0.0,0.0,0.0,0.0
A12,'Ampaß',72.07,0.0,0.0,35539.999996608014,35539.999996608014,42439.32195018204,42439.32195018204,0.0,0.0,-0.0,0.0,0.0,11259.705113030053,11259.705113030053,49455.09486819389,49455.09486819389,0.0,0.0,0.0,0.0,0.0,0.0
A12,'Sieglanger',80.39,1.0,2.0,31124.793431490507,0.0,96002.72792907088,0.0,1.0,102.0,0.0,102000.0,0.0,49571.454952405256,0.0,33973.91008856906,0.0,31124.793431490507,96002.72792907088,102.0,102000.0,49571.454952405256,33973.91008856906
A12,'Kematen',86.01,0.0,2.0,27475.052704552163,27475.052704552163,75774.45683256471,75774.45683256471,1.0,118.0,118.0,117437.42490813324,117437.42490813324,49455.09486819389,49455.09486819389,214.68110936888849,214.68110936888849,0.0,0.0,0.0,0.0,0.0,0.0
A12,'Zirl-Inzing',91.77,0.0,1.0,20799.0,20799.0,24661.258850671245,24661.258850671245,0.0,0.0,0.0,0.0,0.0,214.68110936888849,214.68110936888849,22409.81407497301,22409.81407497301,0.0,0.0,0.0,0.0,0.0,0.0
A12,'Pettnau',95.81,2.0,0.0,37922.0,18889.0,43167.59505459553,14638.245573299051,1.0,46.0,10.0,46000.000000000044,10000.000000000047,56383.724163542065,22409.81407497301,49234.55971267799,25584.235090942107,19033.0,28529.34948129648,36.0,36000.0,33973.91008856906,23650.324621735883
A12,'Telfs Süd',103.3,1.0,2.0,13364.77793940206,0.0,40593.43969968221,0.0,1.0,41.0,0.0,41000.0,0.0,23650.324621735883,0.0,19184.420351449873,0.0,13364.77793940206,40593.43969968221,41.0,41000.0,23650.324621735883,19184.420351449873
A12,'Telfs Nord',103.33,0.0,2.0,14213.46393941228,14213.46393941228,21325.917954749177,21325.917954749177,1.0,27.0,27.0,26699.89641942037,26699.89641942037,25584.235090942107,25584.235090942107,18077.664830796,18077.664830796,0.0,0.0,0.0,0.0,0.0,0.0
A12,'Haiming Süd',118.5,1.0,2.0,10702.0,0.0,32071.449465739544,0.0,1.0,35.0,0.0,35000.0,0.0,19184.420351449873,0.0,13048.724870615464,0.0,10702.0,32071.449465739544,35.0,35000.0,19184.420351449873,13048.724870615464
A12,'Imst Süd',133.49,1.0,2.0,9240.0,0.0,3679.211043329945,0.0,0.0,0.0,0.0,0.0,0.0,13048.724870615464,0.0,16360.014809612414,0.0,9240.0,3679.211043329945,0.0,0.0,13048.724870615464,16360.014809612414
A12,'Imst Nord',133.84,0.0,2.0,10262.0,10262.0,62601.679390679135,62601.679390679135,1.0,56.0,56.0,56000.0,56000.0,18077.664830796,18077.664830796,18419.17628240722,18419.17628240722,0.0,0.0,0.0,0.0,0.0,0.0
A12,'Mils',135.51,2.0,0.0,19502.000000000833,10262.00000000003,21880.454342200468,3391.5819084364844,1.0,36.0,3.0,36000.0,3000.0,34779.19109201964,18419.17628240722,18471.600000000057,18471.600000000057,9240.000000000804,18488.872433763983,33.0,33000.0,16360.014809612414,0.0
A12,'Kronburg Zams',142.7,0.0,2.0,10312.0,10312.0,14879.919522915665,14879.919522915665,1.0,32.0,32.0,31863.527570624155,31863.527570624155,18471.600000000057,18471.600000000057,0.0,0.0,0.0,0.0,0.0,0.0,0.0,0.0
A13,'Patsch',6.24,0.0,2.0,21023.0,21023.0,26094.725326847616,26094.725326847616,0.0,0.0,0.0,0.0,0.0,0.0,0.0,23485.252794162854,23485.252794162854,0.0,0.0,0.0,0.0,0.0,0.0
A13,'Europabrücke',8.27,2.0,0.0,41638.0,21023.0,32388.526624106256,8452.295186301024,1.0,31.0,28.0,31000.0,28000.0,23485.252794162854,23485.252794162854,21634.926755858487,3092.3184618337764,20615.0,23936.231437805232,3.0,3000.0,0.0,18542.60829402471
A13,'Gschleirs',14.05,1.0,2.0,14822.0,0.0,8546.704281737584,0.0,0.0,0.0,0.0,0.0,0.0,18542.60829402471,0.0,26234.642147588536,0.0,14822.0,8546.704281737584,0.0,0.0,18542.60829402471,26234.642147588536
A13,'Matrei West',16.79,0.0,0.0,15161.0,15161.0,25846.426928735076,25846.426928735076,0.0,0.0,0.0,0.0,0.0,3092.3184618337764,3092.3184618337764,26354.102697695347,26354.102697695347,0.0,0.0,0.0,0.0,0.0,0.0
A13,'Matrei Ost',16.95,2.0,0.0,29983.0,15161.0,16734.882296516167,499.30355502003806,1.0,68.0,27.0,67650.13891214844,26803.475897213382,52588.74484528389,26354.102697695347,0.0,0.0,14822.0,16235.578741496129,41.0,40846.66301493505,26234.642147588536,0.0
A13,'Wipptalerhof Ost',22.41,1.0,2.0,10896.000000000471,0.0,2559.258804024997,0.0,0.0,0.0,0.0,0.0,0.0,0.0,0.0,2303.332923622497,0.0,10896.000000000471,2559.258804024997,0.0,0.0,0.0,2303.332923622497
A13,'Wipptalerhof West',22.56,0.0,2.0,11615.000000000608,11615.000000000608,13021.650439480618,13021.650439480618,0.0,0.0,0.0,0.0,0.0,0.0,0.0,11719.485395532556,11719.485395532556,0.0,0.0,0.0,0.0,0.0,0.0
A13,'Plon',23.61,1.0,2.0,10896.000000525348,0.0,9061.729580812602,0.0,0.0,0.0,0.0,0.0,0.0,2303.332923622497,0.0,10458.88954635384,0.0,10896.000000525348,9061.729580812602,0.0,0.0,2303.332923622497,10458.88954635384
A13,'Nößlach',26.91,2.0,1.0,23614.71960011509,12027.916375220364,15947.459093046333,12518.668085194196,1.0,14.0,14.0,14000.0,14000.0,22178.374941886395,11719.485395532556,22531.088125628095,8986.286672207334,11586.803224894727,3428.7910078521363,-0.0,0.0,10458.88954635384,13544.801453420761
A13,'Gries Ost',29.15,1.0,0.0,11601.99774413572,0.0,11387.01827145676,0.0,1.0,3.0,0.0,2909.521958287547,0.0,13544.801453420761,0.0,20883.595939444298,0.0,11601.99774413572,11387.01827145676,3.0,2909.521958287547,13544.801453420761,20883.595939444298
A13,'Gries West',29.54,0.0,0.0,12036.99974796117,12036.99974796117,4238.013247571624,4238.013247571624,0.0,0.0,0.0,0.0,0.0,8986.286672207334,8986.286672207334,12800.498595021796,12800.498595021796,0.0,0.0,0.0,0.0,0.0,0.0
A13,'Brennersee - Fröhlich',32.6,0.0,2.0,12036.999999999998,12036.999999999998,7411.89807862851,7411.89807862851,0.0,0.0,0.0,0.0,0.0,12800.498595021796,12800.498595021796,19471.206865787455,19471.206865787455,0.0,0.0,0.0,0.0,0.0,0.0
A13,'Brennersee',33.44,0.0,0.0,12037.0,12037.0,1996.4183022148509,1996.4183022148509,0.0,0.0,0.0,0.0,0.0,19471.206865787455,19471.206865787455,21267.98333778082,21267.98333778082,0.0,0.0,0.0,0.0,0.0,0.0
A13,'Brennerpaß',34.16,2.0,0.0,23639.0,12037.0,2518.3592467820863,1729.6446040078497,1.0,45.0,23.0,44418.102599328995,22824.663481387885,42151.579277225115,21267.98333778082,0.0,0.0,11602.0,788.7146427742366,22.0,21593.43911794111,20883.595939444298,0.0
A14,'Hörbranz’,0.0,2.0,1.0,11914.47538487758,11914.47538487758,580.5002038524873,580.5002038524873,0.0,0.0,-0.0,0.0,0.0,0.0,0.0,522.4501834672386,522.4501834672386,0.0,0.0,0.0,0.0,0.0,0.0
A14,'Dornbirn West',15.07,1.0,2.0,22722.01674582917,0.0,41625.83313129372,0.0,0.0,0.0,0.0,0.0,0.0,0.0,0.0,37463.24981816435,0.0,22722.01674582917,41625.83313129372,0.0,0.0,0.0,37463.24981816435
A14,'Dornbirn Ost',15.27,0.0,2.0,22911.03673497288,22911.03673497288,67389.02531710501,67389.02531710501,1.0,21.0,21.0,21000.0,21000.0,522.4501834672386,522.4501834672386,40172.57296886176,40172.57296886176,0.0,0.0,0.0,0.0,0.0,0.0
A14,'Hohenems',24.48,2.0,0.0,53333.40958305029,26852.092271153047,99887.79432069242,50177.24661686807,1.0,88.0,45.0,88000.0,45000.0,77635.82278702612,40172.57296886176,79534.8376756493,40332.09492404302,26481.317311897245,49710.54770382436,43.0,43000.0,37463.24981816435,39202.742751606274
A14,'Rankweil West',33.46,0.0,2.0,22794.137882745563,22794.137882745563,41099.967515634846,41099.967515634846,1.0,76.0,76.0,75949.36439922056,75949.36439922056,40332.09492404302,40332.09492404302,1372.7012888938225,1372.7012888938225,0.0,0.0,0.0,0.0,0.0,0.0
A14,'Rankweil Ost',33.82,1.0,2.0,21949.829570058195,0.0,56639.54196425326,0.0,1.0,88.0,0.0,88000.0,0.0,39202.742751606274,0.0,2178.33051943421,0.0,21949.829570058195,56639.54196425326,88.0,88000.0,39202.742751606274,2178.33051943421
A14,'Schlins West',46.72,0.0,2.0,13115.0,13115.0,35141.4430123402,35141.4430123402,1.0,33.0,33.0,33000.0,33000.0,1372.7012888938225,1372.7012888938225,0.0,0.0,0.0,0.0,0.0,0.0,0.0,0.0
A14,'Schlins Ost',46.85,1.0,2.0,13492.000000000002,0.0,22886.809608579704,0.0,0.0,0.0,0.0,0.0,0.0,2178.33051943421,0.0,22776.459167155946,0.0,13492.000000000002,22886.809608579704,0.0,0.0,2178.33051943421,22776.459167155946
A14,'Nüziders',55.2,1.0,2.0,13282.144454187755,0.0,16978.23001179592,0.0,1.0,39.0,0.0,38056.866177772274,0.0,22776.459167155946,0.0,0.0,0.0,13282.144454187755,16978.23001179592,39.0,38056.866177772274,22776.459167155946,0.0
A2,'Guntramsdorf',14.43,2.0,0.0,106539.0608322543,54671.885978190505,341487.5079237672,158457.9372379927,1.0,288.0,143.0,287612.1435141935,142612.14351419345,0.0,0.0,19726.61361719703,0.0,51867.17485406379,183029.57068577447,145.0,145000.0,0.0,19726.61361719703
A2,'Triestingtal',32.08,0.0,1.0,40445.0,40445.0,143069.6923848394,143069.6923848394,1.0,62.0,62.0,62000.0,62000.0,0.0,0.0,66762.72314635545,66762.72314635545,0.0,0.0,0.0,0.0,0.0,0.0
A2,'Leobersdorf',32.08,1.0,1.0,39540.0,0.0,56942.74699600472,0.0,0.0,0.0,0.0,0.0,0.0,19726.61361719703,0.0,70975.08591360127,0.0,39540.0,56942.74699600472,-0.0,0.0,19726.61361719703,70975.08591360127
A2,'Föhrenberg',39.31,1.0,0.0,39539.98215618593,0.0,93778.97588690832,0.0,1.0,100.0,0.0,100000.0,0.0,70975.08591360127,0.0,55376.16421181876,0.0,39539.98215618593,93778.97588690832,100.0,100000.0,70975.08591360127,55376.16421181876
A2,'Bad Fischau',40.93,0.0,0.0,37535.00000001001,37535.00000001001,66634.96786186735,66634.96786186735,1.0,69.0,69.0,69000.0,69000.0,66762.72314635545,66762.72314635545,57734.194222036065,57734.194222036065,0.0,0.0,0.0,0.0,0.0,0.0
A2,'Steinfeld',50.35,0.0,1.0,32434.00031526797,32434.00031526797,59928.40402750363,59928.40402750363,1.0,74.0,74.0,73839.33233151952,73839.33233151952,57734.194222036065,57734.194222036065,37830.425515269824,37830.425515269824,0.0,0.0,0.0,0.0,0.0,0.0
A2,'Wr. Neustadt',51.18,1.0,1.0,31158.00000000052,0.0,64946.24580860265,0.0,1.0,81.0,0.0,80537.75626507362,0.0,55376.16421181876,0.0,33290.02917448753,0.0,31158.00000000052,64946.24580860265,81.0,80537.75626507362,55376.16421181876,33290.02917448753
A2,'Witzelsberg',60.84,0.0,2.0,21168.0000351488,21168.0000351488,44783.30498303353,44783.30498303353,1.0,46.0,46.0,46000.0,46000.0,37830.425515269824,37830.425515269824,32135.4,32135.4,0.0,0.0,0.0,0.0,0.0,0.0
A2,'Gleissenfeld',61.52,1.0,2.0,18726.0,0.0,64345.96758390275,0.0,1.0,62.0,0.0,62000.0,0.0,33290.02917448753,0.0,29201.4,0.0,18726.0,64345.96758390275,62.0,62000.0,33290.02917448753,29201.4
A2,'Zöbern',78.76,2.0,0.0,34076.0,17853.0,89918.35315876387,64008.58622397808,1.0,115.0,62.0,114520.19024130721,62000.0,61336.8,32135.4,27743.12760158028,27743.12760158028,16223.0,25909.766934785785,53.0,52520.19024130721,29201.4,0.0
A2,'Schäffern Ost',86.7,1.0,1.0,16223.0,0.0,36516.98737256819,0.0,1.0,33.0,0.0,32865.28863531137,0.0,0.0,0.0,0.0,0.0,16223.0,36516.98737256819,33.0,32865.28863531137,0.0,0.0
A2,'Pinkafeld/Ost',97.98,1.0,2.0,14325.0,0.0,21727.470606482195,0.0,0.0,0.0,0.0,0.0,0.0,0.0,0.0,19554.723545833975,0.0,14325.0,21727.470606482195,0.0,0.0,0.0,19554.723545833975
A2,'Pinkafeld/West',98.0,0.0,2.0,15628.999999999998,15628.999999999998,60166.60979667192,60166.60979667192,1.0,82.0,82.0,81893.07641858506,81893.07641858506,27743.12760158028,27743.12760158028,-4.001776687800884e-11,-4.001776687800884e-11,0.0,0.0,0.0,0.0,0.0,0.0
A2,'Loipersdorf',105.5,2.0,0.0,27899.0,14612.0,41927.32661100383,22138.85235466905,1.0,28.0,14.0,28000.0,14000.0,19554.723545833935,-4.001776687800884e-11,29289.317495737385,5924.967119202105,13287.0,19788.474256334783,14.0,14000.0,19554.723545833975,23364.35037653528
A2,'St. Johann/Süd',113.05,1.0,2.0,13287.000477266132,0.0,55839.64905204145,0.0,1.0,74.0,0.0,73620.03452337263,0.0,23364.35037653528,0.0,-3.637978807091713e-11,0.0,13287.000477266132,55839.64905204145,74.0,73620.03452337263,23364.35037653528,-3.637978807091713e-11
A2,'St. Johann/Nord',113.24,0.0,2.0,14612.067329295864,14612.067329295864,22243.9351941791,22243.9351941791,0.0,0.0,0.0,0.0,0.0,5924.967119202105,5924.967119202105,25944.508793963294,25944.508793963294,0.0,0.0,0.0,0.0,0.0,0.0
A2,'Hainersdorf',133.87,0.0,1.0,16034.999999999998,16034.999999999998,66144.33253637272,66144.33253637272,1.0,57.0,57.0,57000.0,57000.0,25944.508793963294,25944.508793963294,28474.408076698746,28474.408076698746,0.0,0.0,0.0,0.0,0.0,0.0
A2,'Bad Blumau',134.06,1.0,1.0,14879.0,0.0,39913.51522050923,0.0,1.0,26.0,0.0,26000.0,0.0,-3.637978807091713e-11,0.0,9922.163698458273,0.0,14879.0,39913.51522050923,26.0,26000.0,-3.637978807091713e-11,9922.163698458273
A2,'Ilztal/Nord ',147.5,1.0,2.0,16946.156088329964,0.0,22142.86453298605,0.0,0.0,0.0,0.0,0.0,0.0,9922.163698458273,0.0,29850.741778145715,0.0,16946.156088329964,22142.86453298605,-0.0,0.0,9922.163698458273,29850.741778145715
A2,'Arnwiesen',154.1,2.0,0.0,36495.0010822289,19529.0004964994,135214.80430038154,78775.931104602,1.0,116.0,65.0,116000.0,65000.0,58325.149854844465,28474.408076698746,64018.473725187854,34372.746070840556,16966.000585729496,56438.87319577954,51.0,51000.0,29850.741778145715,29645.7276543473
A2,'Laßnitzhöhe Nord',170.16,0.0,1.0,27470.0,27470.0,89210.41764080411,89210.41764080411,1.0,76.0,76.0,76000.0,76000.0,34372.746070840556,34372.746070840556,38662.12194756426,38662.12194756426,0.0,0.0,0.0,0.0,0.0,0.0
A2,'Laßnitzhöhe Süd',170.65,1.0,1.0,29743.0,0.0,119872.94775894134,0.0,1.0,101.0,0.0,101000.0,0.0,29645.7276543473,0.0,36531.38063739451,0.0,29743.0,119872.94775894134,101.0,101000.0,29645.7276543473,36531.38063739451
A2,'Kaiserwald',190.77,2.0,0.0,42649.00410506857,21967.00248080555,212311.14271654858,90269.44009665956,1.0,252.0,105.0,250548.15629173,104179.24329643529,75193.50258495877,38662.12194756426,15725.374738122511,15725.374738122568,20682.001624263023,122041.70261988904,147.0,146368.91299529473,36531.38063739451,-5.638867150992155e-11
A2,'Herzogberg Nord',220.13,0.0,1.0,8807.00000002098,8807.00000002098,51848.951152018446,51848.951152018446,1.0,47.0,47.0,47000.0,47000.0,15725.374738122568,15725.374738122568,15389.430774939172,15389.430774939172,0.0,0.0,0.0,0.0,0.0,0.0
A2,'Herzogberg Süd',220.19,1.0,1.0,8120.999999999229,0.0,24362.120249568077,0.0,1.0,8.0,0.0,8000.0,0.0,-5.638867150992155e-11,0.0,13925.908224611214,0.0,8120.999999999229,24362.120249568077,8.0,8000.0,-5.638867150992155e-11,13925.908224611214
A2,'Pack',235.21,2.0,0.0,16928.0,8807.0,38160.3171582835,26540.01416042541,1.0,45.0,35.0,45000.00000000003,35000.00000000003,29315.338999550386,15389.430774939172,18659.6244420055,4275.443519322011,8120.999999999999,11620.302997858087,10.0,10000.0,13925.908224611214,14384.180922683492
A2,'Twimberg Süd',242.34,1.0,2.0,9189.0,0.0,32127.24787077568,0.0,1.0,44.0,0.0,43298.70400638161,0.0,14384.180922683492,0.0,0.0,0.0,9189.0,32127.24787077568,44.0,43298.70400638161,14384.180922683492,0.0
A2,'Twimberg Nord',242.44,0.0,2.0,8465.0,8465.0,12179.507200753324,12179.507200753324,0.0,0.0,-0.0,0.0,0.0,4275.443519322011,4275.443519322011,15237.000000000002,15237.000000000002,0.0,0.0,0.0,0.0,0.0,0.0
A2,'Fischering',259.85,1.0,2.0,10919.0,0.0,19551.337675387487,0.0,0.0,0.0,0.0,0.0,0.0,0.0,0.0,17596.20390784874,0.0,10919.0,19551.337675387487,0.0,0.0,0.0,17596.20390784874
A2,'St. Ändra',262.91,0.0,2.0,11358.00000168869,11358.00000168869,46444.591455370966,46444.591455370966,1.0,57.0,57.0,57000.0,57000.0,15237.000000000002,15237.000000000002,37.13230983387075,37.13230983387075,0.0,0.0,0.0,0.0,0.0,0.0
A2,'Gönitz/Süd',268.86,1.0,2.0,11607.0,0.0,37377.39333079138,0.0,1.0,51.0,0.0,51000.0,0.0,17596.20390784874,0.0,235.85790556098436,0.0,11607.0,37377.39333079138,51.0,51000.0,17596.20390784874,235.85790556098436
A2,'Gönitz/Nord',268.89,0.0,2.0,12420.0,12420.0,14890.993721836305,14890.993721836305,0.0,0.0,0.0,0.0,0.0,37.13230983387075,37.13230983387075,13439.026659486546,13439.026659486546,0.0,0.0,0.0,0.0,0.0,0.0
A2,'Haimburg Nord',279.17,0.0,2.0,10779.0,10779.0,21954.76010391007,21954.76010391007,1.0,14.0,14.0,13796.110753005607,13796.110753005607,13439.026659486546,13439.026659486546,19402.200000000004,19402.200000000004,0.0,0.0,0.0,0.0,0.0,0.0
A2,'Völkermarkt',285.09,2.0,0.0,21133.0,10779.0,43435.933157851614,12657.478100764496,1.0,40.0,12.0,39807.176977090996,11870.709520151602,19638.05790556099,19402.200000000004,18923.22077053645,18923.22077053645,10354.0,30778.45505708712,28.0,27936.467456939394,235.85790556098436,0.0
A2,'Grafenstein Süd',300.0,1.0,1.0,13587.999999999998,0.0,64499.09491933518,0.0,1.0,47.0,0.0,47000.0,0.0,0.0,0.0,11049.185427401659,0.0,13587.999999999998,64499.09491933518,47.0,47000.0,0.0,11049.185427401659
A2,'Grafenstein Nord',300.0,0.0,1.0,13362.0,13362.0,39644.441582321415,39644.441582321415,1.0,31.0,31.0,31000.0,31000.0,18923.22077053645,18923.22077053645,23603.218194625726,23603.218194625726,0.0,0.0,0.0,0.0,0.0,0.0
A2,'Krumpendorf/Nord',329.28,0.0,2.0,19027.00404912327,19027.00404912327,72939.3212153292,72939.3212153292,1.0,55.0,55.0,55000.0,55000.0,23603.218194625726,23603.218194625726,34248.60728842201,34248.60728842201,0.0,0.0,0.0,0.0,0.0,0.0
A2,'Karawankenblick/Süd',333.84,1.0,2.0,19384.999372588507,0.0,24175.820186266053,0.0,0.0,0.0,0.0,0.0,0.0,11049.185427401659,0.0,32807.42359504111,0.0,19384.999372588507,24175.820186266053,0.0,0.0,11049.185427401659,32807.42359504111
A2,'Wörthersee',340.13,2.0,0.0,38076.99999701492,19452.999998289542,75344.61920701242,42137.27856545779,1.0,133.0,70.0,132239.07064756152,69972.68600948887,67056.03088346313,34248.60728842201,2627.117522212786,2199.471987845158,18623.999998725383,33207.340641554634,63.0,62266.38463807265,32807.42359504111,427.645534367628
A2,'Sternberg/Süd',349.01,1.0,2.0,19615.999955893047,0.0,0.0,0.0,0.0,0.0,0.0,0.0,0.0,427.645534367628,0.0,427.645534367628,0.0,19615.999955893047,0.0,0.0,0.0,427.645534367628,427.645534367628
A2,'Sternberg/Nord',349.03,0.0,2.0,17176.999989573145,17176.999989573145,30590.1422357276,30590.1422357276,0.0,0.0,0.0,0.0,0.0,2199.471987845158,2199.471987845158,29730.6,29730.6,0.0,0.0,0.0,0.0,0.0,0.0
A2,'Federaun/Nord',361.73,0.0,2.0,16516.999999999996,16516.999999999996,41902.47823736397,41902.47823736397,1.0,51.0,51.0,51000.0,51000.0,29730.6,29730.6,16442.83041362757,16442.83041362757,0.0,0.0,0.0,0.0,0.0,0.0
A2,'Federaun/Süd',362.78,1.0,2.0,14962.999999991674,0.0,53969.28273959152,0.0,1.0,49.0,0.0,49000.0,0.0,427.645534367628,0.0,0.0,0.0,14962.999999991674,53969.28273959152,49.0,49000.0,427.645534367628,0.0
A2,'Dreiländereck Süd',374.17,2.0,0.0,29010.99995582863,9394.99999993558,73068.57514847351,23346.56263789885,1.0,81.0,37.0,80319.07464909494,36549.17371896362,16442.83041362757,16442.83041362757,1885.4733981587892,905.5630687729182,19615.999955893047,49722.012510574656,44.0,43769.90093013132,0.0,979.9103293858711
A2,'Dreiländereck Nord',374.27,2.0,0.0,24357.99999982947,9394.999999829468,3460.5851131569007,104.92992358564643,1.0,5.0,1.0,5000.0,1000.0,1885.4733981587892,905.5630687729182,0.0,0.0,14963.000000000002,3355.655189571254,4.0,4000.0,979.9103293858711,0.0
A21,'Alland',14.68,2.0,0.0,40163.5,20093.0,103417.58750904436,49420.33889377227,1.0,57.0,9.0,56922.89343049668,9000.0,0.0,0.0,36152.93532764324,35478.30500439504,20070.5,53997.24861527208,48.0,47922.89343049668,0.0,674.630323248195
A21,'Dornbach',19.96,1.0,2.0,19174.48344498892,0.0,20444.35624155757,0.0,0.0,0.0,0.0,0.0,0.0,674.630323248195,0.0,19074.55094065,0.0,19174.48344498892,20444.35624155757,0.0,0.0,674.630323248195,19074.55094065
A21,'Hinterbrühl',26.99,0.0,1.0,19730.962284466663,19730.962284466663,44502.271823291965,44502.271823291965,1.0,76.0,76.0,75530.34964535781,75530.34964535781,35478.30500439504,35478.30500439504,0.0,0.0,0.0,0.0,0.0,0.0,0.0,0.0
A21,'Sparbach',26.99,1.0,2.0,19671.37785407049,0.0,27694.943399277778,0.0,1.0,44.0,0.0,44000.0,0.0,19074.55094065,0.0,0.0,0.0,19671.37785407049,27694.943399277778,44.0,44000.0,19074.55094065,0.0
A22,'Korneuburg West',18.04,1.0,0.0,32131.000000493023,0.0,63932.21893438356,0.0,1.0,4.0,0.0,4000.0,0.0,0.0,0.0,53538.99704094521,0.0,32131.000000493023,63932.21893438356,4.0,4000.0,0.0,53538.99704094521
A22,'Korneuburg Ost',18.12,0.0,0.0,32321.000000000007,32321.000000000007,116866.4197787237,116866.4197787237,1.0,106.0,106.0,105179.77780085134,105179.77780085134,0.0,0.0,0.0,0.0,0.0,0.0,0.0,0.0,0.0,0.0
A22,'Stockerau',28.09,1.0,0.0,30190.007584098337,0.0,9009.757712564318,0.0,1.0,62.0,0.0,61647.77898225309,0.0,53538.99704094521,0.0,0.0,0.0,30190.007584098337,9009.757712564318,62.0,61647.77898225309,53538.99704094521,0.0
A25,'Pucking',5.97,0.0,1.0,21620.0,21620.0,25350.64141680889,25350.64141680889,0.0,0.0,0.0,0.0,0.0,0.0,0.0,22815.577275128002,22815.577275128002,0.0,0.0,0.0,0.0,0.0,0.0
A25,'Sinnersdorf/Süd',6.11,1.0,2.0,21271.0,0.0,28981.93257809412,0.0,0.0,0.0,0.0,0.0,0.0,0.0,0.0,26083.73932028471,0.0,21271.0,28981.93257809412,0.0,0.0,0.0,26083.73932028471
A25,'Wels',13.06,2.0,0.0,49975.503210327646,25078.48219887029,71240.92245977157,35488.490093098524,1.0,114.0,55.0,113016.14680920713,54755.218358916674,48899.31659541271,22815.577275128002,0.0,0.0,24897.02101145736,35752.43236667305,59.0,58260.92845029045,26083.73932028471,0.0
A3,'Hornstein',28.0,2.0,0.0,35088.0,17427.0,114520.76259901357,66852.17460927166,1.0,104.0,61.0,103068.68633911222,60166.957148344496,0.0,0.0,0.0,0.0,17661.0,47668.58798974191,43.0,42901.72919076772,0.0,0.0
A4,'Simmering',2.45,0.0,0.0,35371.78969176939,35371.78969176939,22257.83857434953,22257.83857434953,0.0,0.0,0.0,0.0,0.0,0.0,0.0,20032.05471691458,20032.05471691458,0.0,0.0,0.0,0.0,0.0,0.0
A4,'Fischamend',22.33,0.0,1.0,28227.0,28227.0,112756.86408974236,112756.86408974236,1.0,122.0,122.0,121513.2323976827,121513.2323976827,20032.05471691458,20032.05471691458,0.0,0.0,0.0,0.0,0.0,0.0,0.0,0.0
A4,'Maria Ellend',22.48,1.0,1.0,27990.0,0.0,32591.644875563223,0.0,0.0,0.0,0.0,0.0,0.0,0.0,0.0,29332.4803880069,0.0,27990.0,32591.644875563223,0.0,0.0,0.0,29332.4803880069
A4,'Göttlesbrunn',28.04,2.0,0.0,47550.0,24272.0,112197.1085476203,28046.547072865586,1.0,130.0,25.0,130000.00000000006,25000.0,29332.4803880069,0.0,309.87808086509904,241.89236557902768,23278.0,84150.56147475471,105.0,105000.00000000006,29332.4803880069,67.98571528607135
A4,'Parndorf',46.23,1.0,2.0,19928.0,0.0,74634.97330866668,0.0,1.0,67.0,0.0,66266.1677324908,0.0,67.98571528607135,0.0,973.2939605953015,0.0,19928.0,74634.97330866668,67.0,66266.1677324908,67.98571528607135,973.2939605953015
A4,'Neusiedl',47.01,0.0,2.0,21837.0,21837.0,82260.78440998313,82260.78440998313,1.0,74.0,74.0,73821.5297474457,73821.5297474457,241.89236557902768,241.89236557902768,455.068587118134,455.068587118134,0.0,0.0,0.0,0.0,0.0,0.0
A4,'Nickelsdorf Süd',64.65,0.0,0.0,10545.000205483248,10545.000205483248,37272.146014313184,37272.146014313184,1.0,34.0,34.0,34000.0,34000.0,455.068587118134,455.068587118134,0.0,0.0,0.0,0.0,0.0,0.0,0.0,0.0
A4,'Nickelsdorf Nord',64.97,1.0,0.0,7158.000028017371,0.0,1140.7844882274428,0.0,1.0,2.0,0.0,2000.0,0.0,973.2939605953015,0.0,0.0,0.0,7158.000028017371,1140.7844882274428,2.0,2000.0,973.2939605953015,0.0
A5,'Hochleithen',10.63,2.0,0.0,35611.2,17306.5,171050.44466718304,34873.96904422976,1.0,155.0,32.0,153945.40020046476,31386.572139806784,0.0,0.0,0.0,0.0,18304.7,136176.4756229533,123.0,122558.82806065796,0.0,0.0
A6,'Potzneusiedl',10.8,2.0,0.0,15204.999999970727,7325.999999986983,33671.23460537669,15733.539261383205,1.0,32.0,15.0,30304.111144839022,14160.185335244885,0.0,0.0,0.0,0.0,7878.999999983744,17937.695343993484,17.0,16143.925809594137,0.0,0.0
A7,'Engerwitzdorf',25.71,1.0,1.0,19344.0,0.0,4050.242286953621,0.0,1.0,4.0,0.0,3645.2180582582587,0.0,0.0,0.0,0.0,0.0,19344.0,4050.242286953621,4.0,3645.2180582582587,0.0,0.0
A7,'Denk',25.76,0.0,1.0,18851.0,18851.0,97075.89483825683,97075.89483825683,1.0,88.0,88.0,87368.30535443116,87368.30535443116,0.0,0.0,0.0,0.0,0.0,0.0,0.0,0.0,0.0,0.0
A8,'Voralpenkreuz',0.17,2.0,0.0,20453.0,10081.0,35002.97696040159,882.1776563040131,0.0,31.0,-0.0,30213.537708598316,0.0,0.0,0.0,1289.1415557631171,793.9598906736118,10372.0,34120.79930409758,31.0,30213.537708598316,0.0,495.18166508950526
A8,'Oberham/Süd',16.76,1.0,2.0,24053.99876684948,0.0,18977.635739131696,0.0,0.0,0.0,0.0,0.0,0.0,495.18166508950526,0.0,17575.05383030803,0.0,24053.99876684948,18977.635739131696,0.0,0.0,495.18166508950526,17575.05383030803
A8,'Oberham/Nord',18.32,0.0,2.0,21938.95947401208,21938.95947401208,79070.52120426737,79070.52120426737,1.0,65.0,65.0,64256.16909770938,64256.16909770938,793.9598906736118,793.9598906736118,7701.259876804874,7701.259876804874,0.0,0.0,0.0,0.0,0.0,0.0
A8,'Schnittering/Süd',20.68,1.0,2.0,17695.568077309275,0.0,46433.72435952304,0.0,1.0,59.0,0.0,59000.0,0.0,17575.05383030803,0.0,365.4057538787638,0.0,17695.568077309275,46433.72435952304,59.0,59000.0,17575.05383030803,365.4057538787638
A8,'Kematen/Nord',24.85,0.0,2.0,16374.0,16374.0,21401.04458132792,21401.04458132792,0.0,0.0,0.0,0.0,0.0,7701.259876804874,7701.259876804874,26962.2,26962.2,0.0,0.0,0.0,0.0,0.0,0.0
A8,'Aistersheim',33.81,2.0,0.0,30956.0,14979.0,60874.30024176926,26835.862190523447,1.0,82.0,51.0,81570.23569444432,50570.235694444316,27327.605753878765,26962.2,544.2402770267927,544.2402770267927,15977.0,34038.438051245816,31.0,31000.0,365.4057538787638,0.0
A8,'Gotthaming',43.74,0.0,2.0,13574.002126406618,13574.002126406618,26867.96010209468,26867.96010209468,1.0,15.0,15.0,15000.0,15000.0,544.2402770267927,544.2402770267927,9725.404368912006,9725.404368912006,0.0,0.0,0.0,0.0,0.0,0.0
A8,'Renhartsberg',44.47,1.0,2.0,14008.000000000133,0.0,14392.702685008398,0.0,0.0,0.0,0.0,0.0,0.0,0.0,0.0,12953.43241650756,0.0,14008.000000000133,14392.702685008398,0.0,0.0,0.0,12953.43241650756
A8,'Grübl/Süd’,49.59,1.0,2.0,14008.0,0.0,20419.630414824154,0.0,1.0,7.0,0.0,7000.0,0.0,12953.43241650756,0.0,24331.0997898493,0.0,14008.0,20419.630414824154,7.0,7000.0,12953.43241650756,24331.0997898493
A8,'Grübl/Nord',49.61,0.0,2.0,13574.000000000002,13574.000000000002,15944.892462999343,15944.892462999343,0.0,0.0,0.0,0.0,0.0,9725.404368912006,9725.404368912006,24075.807585611416,24075.807585611416,0.0,0.0,0.0,0.0,0.0,0.0
A8,'Murau West',56.77,1.0,1.0,14172.0,0.0,41708.92113869764,0.0,1.0,52.0,0.0,52000.0,0.0,24331.0997898493,0.0,9869.128814677177,0.0,14172.0,41708.92113869764,52.0,52000.0,24331.0997898493,9869.128814677177
A8,'Murau Ost',56.88,0.0,1.0,13536.0,13536.0,19847.682360943298,19847.682360943298,1.0,41.0,41.0,41000.0,41000.0,24075.807585611416,24075.807585611416,938.7217104603842,938.7217104603842,0.0,0.0,0.0,0.0,0.0,0.0
A8,'Marienkirchen/Schärding’,71.6,1.0,1.0,10055.234280795672,0.0,6370.451690557319,0.0,0.0,0.0,0.0,0.0,0.0,9869.128814677177,0.0,15602.535336178764,0.0,10055.234280795672,6370.451690557319,0.0,0.0,9869.128814677177,15602.535336178764
A8,'Dietrichshofen/Ost',72.06,0.0,2.0,8836.923336744558,8836.923336744558,26734.753655044016,26734.753655044016,1.0,25.0,25.0,25000.0,25000.0,938.7217104603842,938.7217104603842,0.0,0.0,0.0,0.0,0.0,0.0,0.0,0.0
A8,'Suben West',74.77,1.0,0.0,9186.000000189424,0.0,2309.5037607612567,0.0,1.0,18.0,0.0,17681.088720863896,0.0,15602.535336178764,0.0,0.0,0.0,9186.000000189424,2309.5037607612567,18.0,17681.088720863896,15602.535336178764,0.0
A9,'Maisdorf/Ost',12.66,1.0,2.0,10503.0,0.0,49687.49353628505,0.0,1.0,44.0,0.0,43949.15752033764,0.0,0.0,0.0,769.5866623189067,0.0,10503.0,49687.49353628505,44.0,43949.15752033764,0.0,769.5866623189067
A9,'Maisdorf/West',12.73,0.0,2.0,11055.0,11055.0,28126.582456850745,28126.582456850745,1.0,25.0,25.0,24618.326100676608,24618.326100676608,0.0,0.0,695.5981104890634,695.5981104890634,0.0,0.0,0.0,0.0,0.0,0.0
A9,'St. Pankraz',36.36,2.0,0.0,13974.0,7033.0,59101.108124232705,33173.700142315945,1.0,54.0,30.0,54000.0,30000.000000000004,1465.1847728079701,695.5981104890634,656.1820846174087,551.928238573415,6941.0,25927.407981916764,24.0,24000.0,769.5866623189067,104.25384604399372
A9,'Pyhrn-Priel Ost’,55.03,1.0,1.0,7591.971611767987,0.0,16849.293094569046,0.0,1.0,15.0,0.0,15000.000000000044,0.0,104.25384604399372,0.0,268.6176311560922,0.0,7591.971611767987,16849.293094569046,15.0,15000.000000000044,104.25384604399372,268.6176311560922
A9,'Pyhrn-Priel West',55.04,0.0,1.0,8230.855228133318,8230.855228133318,31192.30198661983,31192.30198661983,1.0,28.0,28.0,28000.0,28000.0,551.928238573415,551.928238573415,625.0000265312628,625.0000265312628,0.0,0.0,0.0,0.0,0.0,0.0
A9,'Ardning Ost',65.96,1.0,2.0,13083.999999877302,0.0,31041.45899234372,0.0,1.0,28.0,0.0,28000.0,0.0,268.6176311560922,0.0,205.9307242654396,0.0,13083.999999877302,31041.45899234372,28.0,28000.0,268.6176311560922,205.9307242654396
A9,'Ardning West',66.04,0.0,2.0,13361.999999983376,13361.999999983376,29114.41644929437,29114.41644929437,1.0,26.0,26.0,26000.0,26000.0,625.0000265312628,625.0000265312628,827.9748308961971,827.9748308961971,0.0,0.0,0.0,0.0,0.0,0.0
A9,'Rottenmann/Nord',77.91,1.0,2.0,13084.0,0.0,20345.18808414952,0.0,0.0,0.0,0.0,0.0,0.0,205.9307242654396,0.0,18516.600000000006,0.0,13084.0,20345.18808414952,-0.0,0.0,205.9307242654396,18516.600000000006
A9,'Rottenmann/Süd',78.18,0.0,2.0,13362.0,13362.0,32196.632573168365,32196.632573168365,1.0,29.0,29.0,29000.0,29000.0,827.9748308961971,827.9748308961971,804.9441467477263,804.9441467477263,0.0,0.0,0.0,0.0,0.0,0.0
A9,'Trieben',85.7,2.0,0.0,20906.0,10619.0,29194.785607799568,15971.560943056678,1.0,24.0,12.0,23900.902198268603,12000.0,19321.544146747732,804.9441467477263,21695.948995498737,3179.3489954987363,10287.0,13223.224664742887,12.0,11900.902198268603,18516.600000000006,18516.600000000002
A9,'Gaishorn',92.11,1.0,1.0,10287.0,0.0,59758.32239265699,0.0,1.0,72.0,0.0,71616.69931128013,0.0,18516.600000000002,0.0,682.3908421111705,0.0,10287.0,59758.32239265699,72.0,71616.69931128013,18516.600000000002,682.3908421111705
A9,'Treglwang',94.03,0.0,2.0,10619.0,10619.0,17705.39000500141,17705.39000500141,0.0,0.0,0.0,0.0,0.0,3179.3489954987363,3179.3489954987363,19114.200000000004,19114.200000000004,0.0,0.0,0.0,0.0,0.0,0.0
A9,'Kalwang',106.26,0.0,1.0,10953.0,10953.0,26930.486362994383,26930.486362994383,1.0,43.0,43.0,43000.0,43000.0,19114.200000000004,19114.200000000004,351.6377266949494,351.6377266949494,0.0,0.0,0.0,0.0,0.0,0.0
A9,'Kammern Nord',121.18,1.0,2.0,10926.0,0.0,175.9889804448717,0.0,0.0,0.0,0.0,0.0,0.0,682.3908421111705,0.0,840.780924511555,0.0,10926.0,175.9889804448717,0.0,0.0,682.3908421111705,840.780924511555
A9,'Kammern Süd',121.26,2.0,0.0,21954.0,11028.0,64341.42807325543,32914.014449608665,1.0,58.0,30.0,57974.25073134275,29974.25073134275,1192.4186512065044,351.6377266949494,1125.4531857936436,0.0,10926.0,31427.413623646764,28.0,28000.0,840.780924511555,1125.4531857936436
A9,'St. Michael',135.01,0.0,2.0,11073.004965524444,11073.004965524444,30404.004309309235,30404.004309309235,1.0,27.0,27.0,27000.0,27000.0,0.0,0.0,363.6038783783115,363.6038783783115,0.0,0.0,0.0,0.0,0.0,0.0
A9,'Ortnerhof Süd’,135.65,0.0,2.0,11073.999444063618,11073.999444063618,1386.6510981153897,1386.6510981153897,0.0,0.0,0.0,0.0,0.0,363.6038783783115,363.6038783783115,1611.5898666821622,1611.5898666821622,0.0,0.0,0.0,0.0,0.0,0.0
A9,'Ortnerhof Nord',135.65,1.0,2.0,10574.999873012946,0.0,7705.628111447948,0.0,0.0,0.0,0.0,0.0,0.0,1125.4531857936436,0.0,8060.518486096797,0.0,10574.999873012946,7705.628111447948,0.0,0.0,1125.4531857936436,8060.518486096797
A9,'Hinterlainsach/Ost',139.16,0.0,2.0,11074.0,11074.0,7841.721665687022,7841.721665687022,0.0,0.0,0.0,0.0,0.0,1611.5898666821622,1611.5898666821622,8669.139365800482,8669.139365800482,0.0,0.0,0.0,0.0,0.0,0.0
A9,'Hinterlainsach/West',139.3,1.0,2.0,10575.0,0.0,31388.73352344284,0.0,1.0,35.0,0.0,35000.0,0.0,8060.518486096797,0.0,1310.3786571953533,0.0,10575.0,31388.73352344284,35.0,35000.0,8060.518486096797,1310.3786571953533
A9,'Kleintal',150.57,0.0,2.0,11777.0,11777.0,26809.336064293304,26809.336064293304,1.0,20.0,20.0,20000.00000000014,20000.00000000014,8669.139365800482,8669.139365800482,12797.541823664318,12797.541823664318,0.0,0.0,0.0,0.0,0.0,0.0
A9,'Übelbach 1',154.16,1.0,2.0,11512.0,0.0,17781.923523171823,0.0,0.0,0.0,0.0,0.0,0.0,1310.3786571953533,0.0,17314.109828049994,0.0,11512.0,17781.923523171823,0.0,0.0,1310.3786571953533,17314.109828049994
A9,'Übelbach 2',154.24,0.0,2.0,11777.0,11777.0,8639.97767636247,8639.97767636247,0.0,0.0,0.0,0.0,0.0,12797.541823664318,12797.541823664318,20573.52173239054,20573.52173239054,0.0,0.0,0.0,0.0,0.0,0.0
A9,'Deutschfeistritz',161.95,2.0,0.0,23289.000114064176,11777.000055015264,76050.65254937344,18003.928396732397,1.0,105.0,37.0,104777.0572894497,36777.0572894497,37887.63156044054,20573.52173239054,1556.1615654269335,0.0,11512.00005904891,58046.72415264104,68.0,68000.0,17314.109828049994,1556.1615654269335
A9,'Eggenfeld',169.13,0.0,2.0,20432.1080698656,20432.1080698656,29453.135965858,29453.135965858,0.0,0.0,0.0,0.0,0.0,0.0,0.0,26507.822369272202,26507.822369272202,0.0,0.0,0.0,0.0,0.0,0.0
A9,'Feldkirchen',186.97,1.0,2.0,29999.01028154669,0.0,57184.44424849908,0.0,1.0,53.0,0.0,53000.0,0.0,1556.1615654269335,0.0,22.161389076107298,0.0,29999.01028154669,57184.44424849908,53.0,53000.0,1556.1615654269335,22.161389076107298
A9,'Premstätten',192.48,0.0,1.0,32302.511670869648,32302.511670869648,152381.31708348572,152381.31708348572,1.0,164.0,164.0,163303.31223819198,163303.31223819198,26507.822369272202,26507.822369272202,347.69550621735107,347.69550621735107,0.0,0.0,0.0,0.0,0.0,0.0
A9,'Thalerhof',196.52,1.0,2.0,26113.265874187266,0.0,77662.26512324884,0.0,1.0,35.0,0.0,35000.0,0.0,22.161389076107298,0.0,34918.20000000007,0.0,26113.265874187266,77662.26512324884,35.0,35000.0,22.161389076107298,34918.20000000007
A9,'Gralla West',211.06,0.0,0.0,20689.0,20689.0,76643.58637779353,76643.58637779353,1.0,69.0,69.0,69000.0,69000.0,347.69550621735107,347.69550621735107,326.92324623153036,326.92324623153036,0.0,0.0,0.0,0.0,0.0,0.0
A9,'Gralla Ost',211.45,1.0,0.0,19399.0,0.0,52785.10516275293,0.0,1.0,83.0,0.0,82145.07988446025,0.0,34918.20000000007,0.0,279.714762017441,0.0,19399.0,52785.10516275293,83.0,82145.07988446025,34918.20000000007,279.714762017441
A9,'Straß Ost’,225.02,1.0,2.0,7452.000000000777,0.0,7466.983597758399,0.0,1.0,7.0,0.0,7000.0,0.0,279.714762017441,0.0,0.0,0.0,7452.000000000777,7466.983597758399,7.0,7000.0,279.714762017441,0.0
A9,'Straß West',225.02,0.0,2.0,8239.000000000515,8239.000000000515,22970.085281964966,22970.085281964966,1.0,21.0,21.0,21000.0,21000.0,326.92324623153036,326.92324623153036,0.0,0.0,0.0,0.0,0.0,0.0,0.0,0.0
S16,'Schnann',18.9,2.0,0.0,9860.99996031521,4941.999999999992,43437.30630977449,18700.073610347983,1.0,23.0,8.0,23000.0,8000.0,0.0,0.0,16093.575678797039,8830.066249313186,4918.999960315217,24737.232699426502,15.0,15000.0,0.0,7263.509429483853
S16,'Klösterle',44.17,1.0,0.0,4439.000000265529,0.0,13183.237295726443,0.0,1.0,19.0,0.0,18863.213040439136,0.0,7263.509429483853,0.0,265.20995519851886,0.0,4439.000000265529,13183.237295726443,19.0,18863.213040439136,7263.509429483853,265.20995519851886
S16,'Innerbraz',54.99,0.0,0.0,5391.999999999998,5391.999999999998,38789.08951452321,38789.08951452321,1.0,44.0,44.0,43670.07488477447,43670.07488477447,8830.066249313186,8830.066249313186,70.17192760961052,70.17192760961052,0.0,0.0,0.0,0.0,0.0,0.0
S16,'Radin Süd',59.01,1.0,2.0,5252.0,0.0,3038.655605334979,0.0,1.0,3.0,0.0,3000.0,0.0,265.20995519851886,0.0,0.0,0.0,5252.0,3038.655605334979,3.0,3000.0,265.20995519851886,0.0
S16,'Radin Nord',59.03,0.0,2.0,5392.0,5392.0,4366.475635989322,4366.475635989322,1.0,4.0,4.0,4000.0,4000.0,70.17192760961052,70.17192760961052,0.0,0.0,0.0,0.0,0.0,0.0,0.0,0.0
S1A,'Schwechat',9.85,2.0,0.0,61703.49999987559,31463.499999975807,98660.20943375537,39041.52295889174,1.0,90.0,36.0,88794.18849037983,35137.37066300257,0.0,0.0,0.0,0.0,30239.99999989978,59618.68647486362,54.0,53656.81782737726,0.0,0.0
S1B,'Deutsch Wagram',39.05,2.0,0.0,32604.83333333333,16237.966666666664,73145.99870320682,9677.10465852084,1.0,67.0,9.0,65831.39883288615,8709.394192668757,0.0,0.0,0.0,0.0,16366.866666666663,63468.89404468598,58.0,57122.00464021738,0.0,0.0
S3,'Hollabrunn',23.6,1.0,2.0,6766.0,0.0,15563.630436509862,0.0,1.0,15.0,0.0,14007.267392858876,0.0,0.0,0.0,0.0,0.0,6766.0,15563.630436509862,15.0,14007.267392858876,0.0,0.0
S31,‘Mattersburg’,52.09,1.0,2.0,8153.0,0.0,26231.718576042676,0.0,1.0,12.0,0.0,12000.0,0.0,0.0,0.0,11608.54671843841,0.0,8153.0,26231.718576042676,12.0,12000.0,0.0,11608.54671843841
S31,'Forchtenstein’,52.45,0.0,2.0,7857.0,7857.0,29576.297095027607,29576.297095027607,1.0,16.0,16.0,16000.0,16000.0,0.0,0.0,10618.667385524848,10618.667385524848,0.0,0.0,0.0,0.0,0.0,0.0
S31,'Kobersdorf',66.91,0.0,2.0,6223.999999590788,6223.999999590788,17886.095398002628,17886.095398002628,1.0,27.0,27.0,26716.153243727214,26716.153243727214,10618.667385524848,10618.667385524848,0.0,0.0,0.0,0.0,0.0,0.0,0.0,0.0
S31,'Tschurndorf',68.14,1.0,2.0,6566.999817015507,0.0,21185.283057988152,0.0,1.0,31.0,0.0,30675.301470627746,0.0,11608.54671843841,0.0,0.0,0.0,6566.999817015507,21185.283057988152,31.0,30675.301470627746,11608.54671843841,0.0
S33,'St. Pölten Ost',1.84,0.0,0.0,15332.000000000002,15332.000000000002,42162.713450383104,42162.713450383104,1.0,11.0,11.0,11000.0,11000.0,0.0,0.0,26946.442105344795,26946.442105344795,0.0,0.0,0.0,0.0,0.0,0.0
S33,'Inzersdorf',15.28,1.0,1.0,15650.364459623052,0.0,47979.53816597848,0.0,1.0,44.0,0.0,43181.58434938064,0.0,0.0,0.0,0.0,0.0,15650.364459623052,47979.53816597848,44.0,43181.58434938064,0.0,0.0
S33,'Herzogenburg',15.69,0.0,1.0,15657.319893344473,15657.319893344473,36041.87317235301,36041.87317235301,1.0,60.0,60.0,59384.1279604625,59384.1279604625,26946.442105344795,26946.442105344795,0.0,0.0,0.0,0.0,0.0,0.0,0.0,0.0
S35,'Frohnleiten West',26.82,0.0,2.0,9816.0,9816.0,51001.472361815664,51001.472361815664,1.0,46.0,46.0,45901.325125634095,45901.325125634095,0.0,0.0,0.0,0.0,0.0,0.0,0.0,0.0,0.0,0.0
S35,'Frohnleiten Ost',26.82,1.0,2.0,9690.0,0.0,18587.030666064784,0.0,1.0,17.0,0.0,16728.327599458305,0.0,0.0,0.0,0.0,0.0,9690.0,18587.030666064784,17.0,16728.327599458305,0.0,0.0
S36,'St. Marein Nord',14.89,0.0,0.0,10113.0,10113.0,30156.505485607195,30156.505485607195,1.0,10.0,10.0,10000.0,10000.0,0.0,0.0,17140.854937046475,17140.854937046475,0.0,0.0,0.0,0.0,0.0,0.0
S36,'St. Marein Süd',14.97,1.0,0.0,10133.0,0.0,39904.344783471744,0.0,1.0,19.0,0.0,19000.0,0.0,0.0,0.0,16913.91030512457,0.0,10133.0,39904.344783471744,19.0,19000.0,0.0,16913.91030512457
S36,'Strettweg',34.61,1.0,2.0,9701.0,0.0,5373.278346516238,0.0,1.0,22.0,0.0,21749.860816989185,0.0,16913.91030512457,0.0,0.0,0.0,9701.0,5373.278346516238,22.0,21749.860816989185,16913.91030512457,0.0
S36,'Hauswald',35.77,0.0,2.0,9740.5,9740.5,40577.73593246791,40577.73593246791,1.0,54.0,54.0,53660.8172762676,53660.8172762676,17140.854937046475,17140.854937046475,0.0,0.0,0.0,0.0,0.0,0.0,0.0,0.0
S37,'Hunnenbrunnen',285.19,0.0,2.0,19888.0,10058.000000000002,36142.46463235457,4295.795543572071,0.0,29.0,0.0,28662.002179904248,0.0,0.0,0.0,3866.2159892148647,3866.2159892148647,9830.0,31846.6690887825,29.0,28662.002179904248,0.0,0.0
S37,'Zollfeld',293.91,0.0,2.0,10058.0,10058.0,17382.606338754165,17382.606338754165,1.0,20.0,20.0,19510.561694093616,19510.561694093616,3866.2159892148647,3866.2159892148647,0.0,0.0,0.0,0.0,0.0,0.0,0.0,0.0
S5,'Zaina',6.3,0.0,2.0,17736.0,17736.0,22057.74265192454,22057.74265192454,0.0,0.0,0.0,0.0,0.0,0.0,0.0,19851.968386732085,19851.968386732085,0.0,0.0,0.0,0.0,0.0,0.0
S5,'Grafenwörth',32.85,2.0,0.0,24240.0,12017.0,92944.80421055126,63800.34208286393,1.0,105.0,78.0,103502.29217622822,77272.27626130963,19851.968386732085,19851.968386732085,0.0,0.0,12223.0,29144.46212768733,27.0,26230.015914918597,0.0,0.0
S6,'Natschbach',3.22,2.0,0.0,28895.0,14441.0,49805.03843322329,7829.400123642268,1.0,45.0,7.0,44025.3230838272,6247.248605204283,0.0,0.0,799.2115060737588,799.2115060737588,14454.000000000002,41975.63830958102,38.0,37778.07447862292,0.0,0.0
S6,'Gloggnitz Süd',17.81,1.0,2.0,7935.5,0.0,9081.297254301347,0.0,0.0,0.0,0.0,0.0,0.0,0.0,0.0,8173.167528871214,0.0,7935.5,9081.297254301347,-0.0,0.0,0.0,8173.167528871214
S6,'Gloggnitz Nord',18.44,0.0,2.0,8009.0,8009.0,24242.62115602437,24242.62115602437,1.0,22.0,22.0,22000.0,22000.0,799.2115060737588,799.2115060737588,617.5705464956891,617.5705464956891,0.0,0.0,0.0,0.0,0.0,0.0
S6,'Schottwien',23.57,2.0,0.0,15944.5,8009.0,47842.38487070686,8181.6019594493055,1.0,37.0,7.0,36583.97214900301,7000.0,8790.738075366902,617.5705464956891,15264.912310000065,981.0123100000637,7935.5,39660.78291125756,30.0,29583.972149003013,8173.167528871214,14283.900000000001
S6,'Schwöbing Nord',48.55,0.0,0.0,9945.0,9945.0,49668.15156439487,49668.15156439487,1.0,45.0,45.0,45000.0,45000.0,981.0123100000637,981.0123100000637,682.3487179554504,682.3487179554504,0.0,0.0,0.0,0.0,0.0,0.0
S6,'Schwöbing Süd',48.57,1.0,0.0,9757.0,0.0,46526.20864062981,0.0,1.0,56.0,0.0,55728.15583159063,0.0,14283.900000000001,0.0,429.3319449762057,0.0,9757.0,46526.20864062981,56.0,55728.15583159063,14283.900000000001,429.3319449762057
S6,'St. Marein',68.99,0.0,0.0,12864.0,12864.0,52521.60007264168,52521.60007264168,1.0,46.0,46.0,46000.0,46000.0,682.3487179554504,682.3487179554504,1951.7887833329632,1951.7887833329632,0.0,0.0,0.0,0.0,0.0,0.0
S6,'Kapfenberg Nord',72.03,0.0,2.0,12864.0,12864.0,7831.345796296708,7831.345796296708,1.0,9.0,9.0,9000.0,9000.0,1951.7887833329632,1951.7887833329632,0.0,0.0,0.0,0.0,0.0,0.0,0.0,0.0
S6,'Kapfenberg Süd',72.45,1.0,1.0,12893.5,0.0,83967.40895002644,0.0,1.0,76.0,0.0,76000.0,0.0,429.3319449762057,0.0,0.0,0.0,12893.5,83967.40895002644,76.0,76000.0,429.3319449762057,0.0
