Time of calculation: 20211215-134820; value of objective: 3650137.6315022344;  acc=2500;  ec=0.25;  e_tax=0.15;  cfix=7000;  cvar=17750;  eta=0.01;  mu=0.6;  i=
segment_id,dir,type_ID,POI_ID,traffic_flow,traffic_flow_0,traffic_flow_1,energy_demand,energy_demand_0,energy_demand_1,dist_along_segment,pois_type,pYi_dir,pYi_dir_0,pYi_dir_1,pE_charged,pE_charged_0,pE_charged_1,pE_input,pE_input_0,pE_input_1,pE_output,pE_output_0,pE_output_1,pXi
0.0,2.0,0.0,0.0,26540.63611205301,13243.023903864512,13297.612208188497,110598.03078595448,0.0,110598.03078595448,0.0,link,0.0,0.0,0.0,0.0,0.0,0.0,0.0,0.0,0.0,66.35881847157269,0.0,66.35881847157269,0
0.0,2.0,1.0,1.0,26594.77697992819,13269.441574912722,13325.335405015468,20250.099423019397,794.369385680525,19455.73003733887,239.71582410116363,ra,6.0,0.0,6.0,300.0,0.476621631408315,299.5233783685917,287.84994034618836,0.0,287.84994034618836,0.0,0.0,0.0,1
0.0,2.0,0.0,2.0,45891.071384772644,24132.535484801192,21758.535899971448,261326.95979751844,134296.58553622375,127030.3742612947,24427.46216029796,ra,0.0,-0.0,0.0,0.0,0.0,0.0,211.63171578941154,0.0,211.63171578941154,368.4278916679226,80.57795132173425,287.84994034618836,0
0.0,1.0,2.0,3.0,5594.606273434111,0.0,5594.606273434111,51649.635124748864,0.0,51649.635124748864,68504.60131061138,ra,0.0,0.0,-0.0,0.0,0.0,0.0,180.64193471456224,0.0,180.64193471456224,211.63171578941154,0.0,211.63171578941154,0
0.0,0.0,3.0,4.0,4553.083889317481,4553.083889317481,0.0,179686.2081284576,179686.2081284576,0.0,79329.13749040988,ra,0.0,0.0,0.0,0.0,0.0,0.0,80.57795132173425,80.57795132173425,0.0,188.38967619880881,188.38967619880881,0.0,0
0.0,2.0,4.0,5.0,7895.539602766943,4645.32330643337,3250.2162963335736,58574.3762397996,25966.54477028484,32607.831469514764,104473.7124161702,ra,6.0,6.0,0.0,260.3893919619322,93.99034772720258,166.3990442347296,515.8659562663918,188.38967619880881,327.476280067583,290.6211900483394,109.97925533377715,180.64193471456224,1
0.0,2.0,5.0,6.0,19815.36822147169,9562.72950758806,10252.63871388363,198975.65662792965,51923.875897311686,147051.78073061796,133409.21035475997,ra,0.0,0.0,-0.0,0.0,0.0,0.0,349.22446696298937,109.97925533377715,239.2452116292122,468.60986093974714,141.13358087216415,327.476280067583,0
0.0,2.0,6.0,7.0,38420.41317046725,19234.66349454688,19185.749675920368,257293.291022864,123927.53021628884,133365.76080657516,173065.41379977632,ra,0.0,0.0,0.0,0.0,0.0,0.0,300.35933601743125,141.13358087216415,159.2257551452671,454.7353106311497,215.49009900193744,239.2452116292122,0
0.0,1.0,7.0,8.0,21229.45737990749,0.0,21229.45737990749,797.6797672231207,0.0,797.6797672231207,176940.22069628988,ra,0.0,0.0,-0.0,0.0,0.0,0.0,158.74714728493322,0.0,158.74714728493322,159.2257551452671,0.0,159.2257551452671,0
0.0,2.0,0.0,9.0,50605.7308716768,25638.902393873523,24966.82847780328,130254.4637935589,130254.4637935589,0.0,194059.96494613093,link,0.0,0.0,0.0,0.0,0.0,0.0,374.2372462868707,215.49009900193744,158.74714728493322,452.38992456300605,293.6427772780728,158.74714728493322,0
1.0,2.0,0.0,10.0,41635.269674683135,21021.62675530025,20613.64291938288,994.4046625238864,0.0,994.4046625238864,0.0,link,0.0,0.0,0.0,0.0,0.0,0.0,294.93718338022495,218.92122823622682,76.01595514399816,295.53382617773934,218.92122823622682,76.61259794151249,0
1.0,2.0,8.0,11.0,39859.943598360216,20128.71002741653,19731.23357094369,56908.21108419655,42893.182856013744,14015.028228182808,8218.215919324155,ra,0.0,0.0,0.0,0.0,0.0,0.0,286.5281664433153,218.92122823622682,67.60693820708848,320.67309309383324,244.65713794983506,76.01595514399816,0
1.0,0.0,9.0,12.0,15021.9786197919,15021.9786197919,0.0,35671.06641012208,35671.06641012208,0.0,16747.064047816148,ra,0.0,0.0,0.0,0.0,0.0,0.0,244.65713794983506,244.65713794983506,0.0,266.0597777959083,266.0597777959083,0.0,0
1.0,2.0,10.0,13.0,29629.27020666332,14994.151703987822,14635.1185026755,4783.222882449116,617.7778014671595,4165.445080981956,16911.740762175257,ra,0.0,0.0,0.0,0.0,0.0,0.0,331.16744895440763,266.0597777959083,65.1076711584993,334.0373826838771,266.43044447678864,67.60693820708848,0
1.0,2.0,14.0,14.0,23126.81664543996,11846.335117703364,11280.481527736596,67889.72421662654,34668.98857284308,33220.73564378345,27721.26496153286,ra,0.0,0.0,0.0,0.0,0.0,0.0,311.60567424901785,266.43044447678864,45.17522977222923,352.3395087789937,287.23183762049445,65.1076711584993,0
1.0,1.0,13.0,15.0,11337.261932088282,0.0,11337.261932088282,35506.213423256566,0.0,35506.213423256566,29194.630965596883,ra,0.0,0.0,-0.0,0.0,0.0,0.0,23.87150171827529,0.0,23.87150171827529,45.17522977222923,0.0,45.17522977222923,0
1.0,0.0,12.0,16.0,11885.52653584708,11885.52653584708,0.0,5212.620274943287,5212.620274943287,0.0,29478.47368022978,ra,0.0,0.0,0.0,0.0,0.0,0.0,287.23183762049445,287.23183762049445,0.0,290.35940978546046,290.35940978546046,0.0,0
1.0,0.0,15.0,17.0,11960.17018283512,11960.17018283512,0.0,11636.779511769677,11636.779511769677,0.0,33381.72336961185,ra,0.0,0.0,0.0,0.0,0.0,0.0,290.35940978546046,290.35940978546046,0.0,297.34147749252224,297.34147749252224,0.0,0
1.0,2.0,16.0,18.0,23460.93532657191,11970.385389125157,11490.549937446756,44216.70704292174,2158.254291221103,42058.45275170064,34103.26049306036,ra,6.0,6.0,0.0,300.00000000000006,298.63643006725493,1.363569932745099,297.34147749252224,297.34147749252224,0.0,23.87150171827529,0.0,23.87150171827529,1
1.0,2.0,0.0,19.0,23472.95328481904,11974.880939958675,11498.072344860364,1035.7842595208576,1035.7842595208576,0.0,34449.34645750041,link,0.0,0.0,0.0,0.0,0.0,0.0,0.0,0.0,0.0,0.6214705557125146,0.6214705557125146,0.0,0
2.0,2.0,0.0,20.0,68929.16895257494,33758.81379308793,35170.35515948701,50932.61227319879,0.0,50932.61227319879,0.0,link,0.0,0.0,0.0,0.0,0.0,0.0,426.854584697357,225.00057587985074,201.85400881750624,457.41415206127624,225.00057587985074,232.41357618142553,0
2.0,1.0,11.0,21.0,34398.2821383792,0.0,34398.2821383792,4.449856334595692,0.0,4.449856334595692,2598.411645460739,ra,0.0,0.0,0.0,0.0,0.0,0.0,201.85133890370548,0.0,201.85133890370548,201.85400881750624,0.0,201.85400881750624,0
2.0,0.0,17.0,22.0,24285.97411997901,24285.97411997901,0.0,140743.83665569607,140743.83665569607,0.0,19826.030918871555,ra,0.0,0.0,0.0,0.0,0.0,0.0,225.00057587985074,225.00057587985074,0.0,309.44687787326836,309.44687787326836,0.0,0
2.0,1.0,18.0,23.0,24186.0911430872,0.0,24186.0911430872,103201.73242877657,0.0,103201.73242877657,19924.554475399083,ra,0.0,0.0,0.0,0.0,0.0,0.0,139.93029944643956,0.0,139.93029944643956,201.85133890370548,0.0,201.85133890370548,0
2.0,0.0,19.0,24.0,24395.8043620461,24395.8043620461,0.0,27698.74042697931,27698.74042697931,0.0,24376.283905318956,ra,0.0,0.0,0.0,0.0,0.0,0.0,309.44687787326836,309.44687787326836,0.0,326.06612212945595,326.06612212945595,0.0,0
2.0,0.0,20.0,25.0,18382.744960495544,18382.744960495544,0.0,79839.89577149054,79839.89577149054,0.0,38424.04808590371,ra,0.0,-0.0,0.0,0.0,0.0,0.0,326.06612212945595,326.06612212945595,0.0,373.9700595923503,373.9700595923503,0.0,0
2.0,1.0,21.0,26.0,18491.613365488807,0.0,18491.613365488807,111349.8124047107,0.0,111349.8124047107,38987.68062551749,ra,0.0,0.0,0.0,0.0,0.0,0.0,73.12041200361315,0.0,73.12041200361315,139.93029944643956,0.0,139.93029944643956,0
2.0,2.0,22.0,27.0,37060.49951410931,18323.84940673533,18736.65010737398,225942.1491305223,104074.79579116704,121867.35333935526,60686.533174562566,ra,0.0,-0.0,0.0,0.0,0.0,0.0,373.9700595923503,373.9700595923503,0.0,509.53534907066364,436.4149370670505,73.12041200361315,0
2.0,2.0,23.0,28.0,37058.90292655935,18323.112740357166,18735.790186202183,22641.771554915853,4.351830224247759,22637.419724691605,60687.52230976862,ra,9.0,9.0,0.0,450.0,436.41754816518505,13.582451834814965,436.4149370670505,436.4149370670505,0.0,0.0,0.0,0.0,1
2.0,2.0,0.0,29.0,23931.60016336258,12393.941571693274,11537.658591669302,51671.89884022078,51671.89884022078,0.0,74788.45855603463,link,0.0,0.0,0.0,0.0,0.0,0.0,0.0,0.0,0.0,31.00313930413247,31.00313930413247,0.0,0
3.0,2.0,0.0,30.0,27844.0,14880.0,12964.0,6915.9699,0.0,6915.9699,0.0,link,0.0,0.0,0.0,0.0,0.0,0.0,0.0,0.0,0.0,4.14958194,0.0,4.14958194,0
3.0,0.0,24.0,31.0,14880.0,14880.0,0.0,1082.892,1082.892,0.0,291.13911748382634,ra,0.0,0.0,0.0,0.0,0.0,0.0,0.0,0.0,0.0,0.6497352000000001,0.6497352000000001,0.0,0
3.0,1.0,25.0,32.0,12963.999999999998,0.0,12963.999999999998,1269.66175,0.0,1269.66175,391.7896627176565,ra,2.0,0.0,2.0,98.16301691768203,0.0,98.16301691768203,97.40121986768204,0.0,97.40121986768204,0.0,0.0,0.0,1
3.0,2.0,1.0,33.0,27844.0,14880.000000000002,12964.0,8312.526000000002,8312.526000000002,0.0,2525.7146416492456,link,0.0,0.0,0.0,0.0,0.0,0.0,98.05095506768203,0.6497352000000001,97.40121986768203,103.03847066768205,5.637250800000001,97.40121986768204,0
4.0,2.0,1.0,34.0,59761.3086274698,30037.341974575906,29723.966652893894,63537.01057500214,0.0,63537.01057500214,0.0,link,0.0,0.0,0.0,0.0,0.0,0.0,242.4275841186572,98.02503379195873,144.40255032669845,280.54979046365844,98.02503379195873,182.52475667169972,0
4.0,1.0,29.0,35.0,19741.19620746718,0.0,19741.19620746718,23528.269522244533,0.0,23528.269522244533,27421.918402146952,ra,0.0,0.0,-0.0,0.0,0.0,0.0,130.28558861335173,0.0,130.28558861335173,144.40255032669845,0.0,144.40255032669845,0
4.0,0.0,28.0,36.0,20188.77400206591,20188.77400206591,0.0,172835.1954270283,172835.1954270283,0.0,27456.275537656256,ra,0.0,-0.0,0.0,0.0,0.0,0.0,98.02503379195873,98.02503379195873,0.0,201.72615104817575,201.72615104817575,0.0,0
4.0,2.0,31.0,37.0,24242.046721440067,16011.081415437498,8230.965306002568,258415.45676728955,136495.1822413465,121920.27452594302,57952.436449648114,ra,10.0,0.0,10.0,495.1091688439724,240.70061463840457,254.40855420556778,513.2681291515295,201.72615104817575,311.5419781033537,173.20823398637302,42.92264537302129,130.28558861335173,1
4.0,2.0,30.0,38.0,24222.436414627213,16010.688472387346,8211.747942239866,52429.54187041083,92.46286485224462,52337.07900555859,57975.56024030675,ra,0.0,-0.0,0.0,0.0,0.0,0.0,323.0623760730398,42.92264537302129,280.1397307000185,354.5201011952863,42.97812309193262,311.5419781033537,0
4.0,2.0,35.0,39.0,21337.90578167672,10925.606078379402,10412.299703297318,118120.53644251513,64909.62727256544,53210.90916994969,78476.45534742385,ra,0.0,-0.0,0.0,0.0,0.0,0.0,291.19130867153916,42.97812309193262,248.21318557960652,362.0636301554904,81.92389945547188,280.1397307000185,0
4.0,0.0,40.0,40.0,10876.999998084551,10876.999998084551,0.0,49416.51859916345,49416.51859916345,0.0,96645.26673532616,ra,0.0,-0.0,0.0,0.0,0.0,0.0,81.92389945547188,81.92389945547188,0.0,111.57381061496997,111.57381061496997,0.0,0
4.0,1.0,41.0,41.0,10239.998724530997,0.0,10239.998724530997,45431.51462061613,0.0,45431.51462061613,99246.70723666706,ra,0.0,0.0,-0.0,0.0,0.0,0.0,220.95427680723685,0.0,220.95427680723685,248.21318557960652,0.0,248.21318557960652,0
4.0,2.0,42.0,42.0,15349.448623427987,7293.1561007636,8056.292522664386,56121.09637457308,56073.617999580594,47.47837499248368,124531.18468963404,ra,0.0,0.0,-0.0,0.0,0.0,0.0,332.49960039721134,111.57381061496997,220.92578978224137,366.1722582219552,145.21798141471834,220.95427680723685,0
4.0,2.0,45.0,43.0,29499.999782114108,14928.999812810407,14570.9999693037,249134.88644573092,123734.35475761928,125400.53168811166,160563.71538932095,ra,3.0,0.0,3.0,150.0,150.0,0.0,290.9034521840927,145.21798141471834,145.68547076937438,290.38438405153124,69.4585942692899,220.92578978224137,1
4.0,2.0,49.0,44.0,29501.249670962527,14929.610924790286,14571.63874617224,194284.8779273531,24106.33619212549,170178.54173522763,167022.61670697512,ra,1.0,1.0,0.0,45.89058100445598,40.99975061154393,4.890830392912051,117.92777039043975,69.4585942692899,48.469176121149836,188.60811614239566,42.92264537302128,145.68547076937438,1
4.0,2.0,2.0,45.0,37135.97924873808,18661.98985536135,18473.98939337673,64502.91430778436,64502.91430778436,0.0,182066.4548482201,link,0.0,0.0,0.0,0.0,0.0,0.0,91.39182149417113,42.92264537302128,48.469176121149836,130.09357007884174,81.6243939576919,48.469176121149836,0
5.0,2.0,1.0,46.0,68793.7826224039,33913.44536880647,34880.33725359744,96095.5523143735,0.0,96095.5523143735,0.0,link,0.0,0.0,0.0,0.0,0.0,0.0,208.1618152051025,129.27745020289277,78.88436500220973,265.8191465937266,129.27745020289277,136.54169639083383,0
5.0,1.0,26.0,47.0,36003.524001333615,0.0,36003.524001333615,97398.68667325984,0.0,97398.68667325984,10624.424038435742,ra,0.0,0.0,-0.0,0.0,0.0,0.0,20.44515299825382,0.0,20.44515299825382,78.88436500220973,0.0,78.88436500220973,0
5.0,0.0,27.0,48.0,32653.80091590929,32653.80091590929,0.0,104453.54427759832,104453.54427759832,0.0,12028.538687185455,ra,0.0,-0.0,0.0,0.0,0.0,0.0,129.27745020289277,129.27745020289277,0.0,191.9495767694518,191.9495767694518,0.0,0
5.0,2.0,32.0,49.0,33127.66797826424,16315.8916479239,16811.776330340337,228805.1136460785,146770.91132093937,82034.20232513915,39273.39357565199,ra,13.0,0.0,13.0,650.0,280.0121235620154,369.9878764379846,533.1620848106066,191.9495767694518,341.2125080411549,20.445152998253818,-2.1718829326820513e-15,20.44515299825382,1
5.0,1.0,36.0,50.0,15728.354223345885,0.0,15728.354223345885,31894.05520026249,0.0,31894.05520026249,47330.36386477938,ra,0.0,0.0,-0.0,0.0,0.0,0.0,322.0760745394396,0.0,322.0760745394396,341.2125080411549,0.0,341.2125080411549,0
5.0,0.0,39.0,51.0,16181.036957810447,16181.036957810447,0.0,60067.79849386324,60067.79849386324,0.0,54808.46507060479,ra,0.0,-0.0,0.0,0.0,0.0,0.0,-2.1718829326820513e-15,-2.1718829326820513e-15,0.0,36.040679096317945,36.040679096317945,0.0,0
5.0,1.0,43.0,52.0,15425.054197747386,0.0,15425.054197747386,163772.90971277267,0.0,163772.90971277267,67696.58292643339,ra,0.0,0.0,-0.0,0.0,0.0,0.0,223.81232871177608,0.0,223.81232871177608,322.0760745394396,0.0,322.0760745394396,0
5.0,0.0,44.0,53.0,16743.940970134765,16743.940970134765,0.0,54713.094152936006,54713.094152936006,0.0,67916.71774036821,ra,0.0,-0.0,0.0,0.0,0.0,0.0,36.040679096317945,36.040679096317945,0.0,68.86853558807954,68.86853558807954,0.0,0
5.0,1.0,50.0,54.0,23926.865751230227,0.0,23926.865751230227,96625.80205597164,0.0,96625.80205597164,86150.64463711552,ra,0.0,0.0,-0.0,0.0,0.0,0.0,165.83684785975086,0.0,165.83684785975086,223.81232871177608,0.0,223.81232871177608,0
5.0,0.0,51.0,55.0,23976.591723992253,23976.591723992253,0.0,96580.26100481248,96580.26100481248,0.0,86198.21188888987,ra,0.0,-0.0,0.0,0.0,0.0,0.0,68.86853558807954,68.86853558807954,0.0,126.81669219096702,126.81669219096702,0.0,0
5.0,2.0,4.0,56.0,48295.998738473485,24204.99925545633,24090.99948301716,96241.47571918213,96241.47571918213,0.0,102115.05106186114,link,0.0,0.0,0.0,0.0,0.0,0.0,292.6535400507179,126.81669219096702,165.83684785975086,350.39842548222714,184.5615776224763,165.83684785975086,0
6.0,2.0,0.0,57.0,17593.52882743976,9370.089853693322,8223.438973746437,82014.72429148362,0.0,82014.72429148362,0.0,link,0.0,0.0,0.0,0.0,0.0,0.0,0.0,0.0,0.0,49.208834574890176,0.0,49.208834574890176,0
6.0,0.0,34.0,58.0,9440.700126436834,9440.700126436834,0.0,2890.697904014153,2890.697904014153,0.0,1229.5619294335402,ra,0.0,-0.0,0.0,0.0,0.0,0.0,0.0,0.0,0.0,1.7344187424084918,1.7344187424084918,0.0,0
6.0,0.0,33.0,59.0,9685.754071387502,9685.754071387502,0.0,7570.561178381116,7570.561178381116,0.0,4398.318016945725,ra,0.0,0.0,0.0,0.0,0.0,0.0,1.7344187424084918,1.7344187424084918,0.0,6.276755449437162,6.276755449437162,0.0,0
6.0,1.0,38.0,60.0,13533.136089729269,0.0,13533.136089729269,81681.6991082502,0.0,81681.6991082502,19100.037855584003,ra,3.0,0.0,3.0,149.99999578332483,0.0,149.99999578332483,100.99097669993253,0.0,100.99097669993253,0.0,0.0,0.0,1
6.0,0.0,37.0,61.0,14150.210375121094,14150.210375121094,0.0,45091.845296298496,45091.845296298496,0.0,19123.313502380493,ra,0.0,0.0,0.0,0.0,0.0,0.0,6.276755449437162,6.276755449437162,0.0,33.33186262721626,33.33186262721626,0.0,0
6.0,2.0,48.0,62.0,30972.88424037613,15986.27621540026,14986.608024975872,136704.9660886589,85547.73608614209,51157.23000251679,42213.94659999393,ra,0.0,-0.0,0.0,0.0,0.0,0.0,103.6285051607561,33.33186262721626,70.29664253353984,185.65148097883406,84.66050427890153,100.99097669993253,0
6.0,2.0,3.0,63.0,43852.38298306345,22912.25382809093,20940.12915497252,88847.51512241353,88847.51512241353,0.0,60876.22424217983,link,0.0,0.0,0.0,0.0,0.0,0.0,154.95714681244135,84.66050427890153,70.29664253353984,208.2656558858895,137.96901335234966,70.29664253353984,0
7.0,2.0,0.0,64.0,11819.728833092571,5668.999528653672,6150.729304438899,57815.81846422917,0.0,57815.81846422917,0.0,link,0.0,0.0,0.0,0.0,0.0,0.0,0.0,0.0,0.0,34.6894910785375,0.0,34.6894910785375,0
7.0,2.0,46.0,65.0,16750.439961073742,8281.792263693602,8468.64769738014,11097.79289051831,10984.359080625853,113.43380989245792,6667.955447556553,ra,2.0,2.0,0.0,60.054496618807676,6.590615448375512,53.46388117043217,53.39582088449669,0.0,53.39582088449669,0.0,0.0,0.0,1
7.0,2.0,47.0,66.0,16803.00194301874,8309.644744099518,8493.35719891922,11725.202323947273,110.9556883403091,11614.246635606964,6721.474926778252,ra,0.0,0.0,-0.0,0.0,0.0,0.0,46.427272903132504,0.0,46.427272903132504,53.46239429750088,0.06657341300418546,53.39582088449669,0
7.0,2.0,2.0,67.0,31479.264687684805,14962.675134733858,16516.589552950947,54409.67436545758,54409.67436545758,0.0,25294.541879356693,link,0.0,0.0,0.0,0.0,0.0,0.0,46.49384631613669,0.06657341300418546,46.427272903132504,79.13965093541124,32.712378032278735,46.427272903132504,0
8.0,2.0,2.0,68.0,14782.369584642798,7482.847541600488,7299.522043042311,14288.379331310964,0.0,14288.379331310964,0.0,link,0.0,0.0,0.0,0.0,0.0,0.0,43.374043480829684,38.50085682567395,4.873186655155733,51.94707061717979,38.500856363237475,13.446214253942312,0
8.0,2.0,52.0,69.0,9208.206367128356,4168.183876582084,5040.022490546272,27287.216382469647,13263.694588088356,14023.521794381291,9055.824498122218,ra,1.0,1.0,0.0,49.99999794411066,46.459071522637615,3.5409264214730443,38.500856363237475,38.500856363237475,0.0,4.873186655155733,0.0,4.873186655155733,1
8.0,2.0,0.0,70.0,9708.89067456805,5120.673657931851,4588.2170166362,13940.095376387626,13940.095376387626,0.0,21173.685305885127,link,0.0,0.0,0.0,0.0,0.0,0.0,0.0,0.0,0.0,8.364057225832575,8.364057225832575,0.0,0
9.0,2.0,2.0,71.0,31818.423136170015,16104.883545196824,15713.539590973189,81537.06492795641,0.0,81537.06492795641,0.0,link,0.0,0.0,0.0,0.0,0.0,0.0,79.91412005996655,61.61101970534852,18.303100354618028,128.8363590167404,61.61101970534852,67.22533931139188,0
9.0,2.0,55.0,72.0,36693.05587768159,18116.80864806472,18576.24722961687,133137.16304435092,67700.02234950355,65437.14069484738,15445.371783397328,ra,3.0,0.0,3.0,150.0,102.23103311505065,47.76896688494934,88.42080252800746,61.61101970534852,26.80978282265894,18.303100354618028,-6.661338147750939e-16,18.303100354618028,1
9.0,2.0,7.0,73.0,31601.85426430268,15291.911788888328,16309.942475414353,78558.2491956084,78558.2491956084,0.0,33157.12684688381,link,0.0,0.0,0.0,0.0,0.0,0.0,26.80978282265894,-6.661338147750939e-16,26.80978282265894,73.94473234002399,47.134949517365044,26.80978282265894,0
10.0,2.0,3.0,74.0,31606.669563938915,16070.547455207432,15536.122108731484,1095.3517233038656,0.0,1095.3517233038656,0.0,link,0.0,0.0,0.0,0.0,0.0,0.0,169.97646240846473,74.56500624678179,95.41145616168295,170.63367344244705,74.56500624678179,96.06866719566526,0
10.0,2.0,53.0,75.0,20482.292071415013,10386.965680851748,10095.326390563265,96499.45929454594,49015.43948486998,47484.01980967596,14793.406531478646,ra,1.0,1.0,0.0,49.999999999999986,39.4825071892362,10.517492810763786,152.00354333342295,74.56500624678179,77.43853708664116,159.90321891015054,64.49176274846758,95.41145616168295,1
10.0,2.0,4.0,76.0,20473.61899569675,10382.534499411437,10091.084496285315,1126.9910082501244,1126.9910082501244,0.0,15227.535521101405,link,0.0,0.0,0.0,0.0,0.0,0.0,141.93029983510874,64.49176274846758,77.43853708664116,142.6064944400588,65.16795735341765,77.43853708664116,0
11.0,2.0,3.0,77.0,48420.054142922716,24599.82318293021,23820.230959992503,31745.532845437767,0.0,31745.532845437767,0.0,link,0.0,0.0,0.0,0.0,0.0,0.0,162.46909880301595,135.34622513898594,27.122873664030006,181.5164185102786,135.34622513898594,46.17019337129266,0
11.0,2.0,54.0,78.0,48814.99317229718,24295.434711773956,24519.55846052323,84710.20573037476,42540.78193412597,42169.42379624878,6967.487148144968,ra,3.0,0.0,3.0,150.00000000000003,27.58269911836668,122.41730088163334,259.58474540689997,135.34622513898594,124.23852026791405,160.41086884512492,133.2879951810949,27.122873664030006,1
11.0,1.0,56.0,79.0,22284.926619444108,0.0,22284.926619444108,42127.36083050685,0.0,42127.36083050685,14053.388239050711,ra,0.0,0.0,-0.0,0.0,0.0,0.0,98.96210376960994,0.0,98.96210376960994,124.23852026791405,0.0,124.23852026791405,0
11.0,2.0,5.0,80.0,42919.8251598076,21285.35848456856,21634.466675239044,72772.38154471369,72772.38154471369,0.0,19878.69006465457,link,0.0,0.0,0.0,0.0,0.0,0.0,232.25009895070485,133.2879951810949,98.96210376960994,275.91352787753306,176.9514241079231,98.96210376960994,0
12.0,2.0,4.0,81.0,53131.67233206281,26537.18348117461,26594.4888508882,39058.110750199725,0.0,39058.110750199725,0.0,link,0.0,0.0,0.0,0.0,0.0,0.0,323.57544883527805,166.6555204256946,156.91992840958343,347.01031528539784,166.6555204256946,180.35479485970328,0
12.0,0.0,58.0,82.0,22288.895823895957,22288.895823895957,0.0,84106.44243238925,84106.44243238925,0.0,13722.635716121396,ra,1.0,1.0,0.0,46.528378187959035,46.528378187959035,0.0,166.6555204256946,166.6555204256946,0.0,170.59100769716912,170.59100769716912,0.0,1
12.0,1.0,57.0,83.0,22492.6689728353,0.0,22492.6689728353,84839.80757992748,0.0,84839.80757992748,13775.369179933106,ra,0.0,0.0,-0.0,0.0,0.0,0.0,106.01604386162697,0.0,106.01604386162697,156.91992840958343,0.0,156.91992840958343,0
12.0,2.0,5.0,84.0,44751.07719214048,22273.03927625819,22478.037915882287,38996.02198082465,38996.02198082465,0.0,20725.095833182608,link,0.0,0.0,0.0,0.0,0.0,0.0,276.6070515587961,170.59100769716912,106.01604386162697,300.0046647472909,193.98862088566392,106.01604386162697,0
13.0,2.0,4.0,85.0,25987.610544625633,13119.378445562592,12868.232099063043,30134.58726173486,0.0,30134.58726173486,0.0,link,0.0,0.0,0.0,0.0,0.0,0.0,198.79312262457992,118.51364972256572,80.2794729020142,216.87387498162084,118.51364972256572,98.36022525905513,0
13.0,2.0,59.0,86.0,13974.00634747334,7033.004117758563,6941.002229714777,172096.2623442682,94438.14929045973,77658.11305380848,36309.89528647439,ra,0.0,-0.0,0.0,0.0,0.0,0.0,152.19825555541092,118.51364972256572,33.68460583284521,255.45601219885577,175.17653929684158,80.2794729020142,0
13.0,1.0,63.0,87.0,7362.494657393186,0.0,7362.494657393186,16537.440233131674,0.0,16537.440233131674,54986.89266391457,ra,0.0,0.0,-0.0,0.0,0.0,0.0,23.762141692966203,0.0,23.762141692966203,33.68460583284521,0.0,33.68460583284521,0
13.0,0.0,62.0,88.0,7963.314490087364,7963.314490087364,0.0,34890.21198232506,34890.21198232506,0.0,55258.29185590623,ra,0.0,-0.0,0.0,0.0,0.0,0.0,175.17653929684158,175.17653929684158,0.0,196.11066648623662,196.11066648623662,0.0,0
13.0,2.0,70.0,89.0,20915.585370117602,10623.723419117588,10291.861951000015,166982.46735309626,84725.10234162901,82257.36501146725,85720.88488710183,ra,7.0,7.0,0.0,349.9264543721648,207.37331276992882,142.55314160223602,313.07153115611624,196.11066648623662,116.96086466987963,63.3345568142514,39.5724151212852,23.762141692966203,1
13.0,1.0,71.0,90.0,10312.666692975632,0.0,10312.666692975632,33146.75694251019,0.0,33146.75694251019,92148.0377185692,ra,0.0,0.0,-0.0,0.0,0.0,0.0,97.07281050437352,0.0,97.07281050437352,116.96086466987963,0.0,116.96086466987963,0
13.0,0.0,75.0,91.0,10865.41330620228,10865.41330620228,0.0,55630.66963412746,55630.66963412746,0.0,106351.19825280692,ra,0.0,-0.0,0.0,0.0,0.0,0.0,39.5724151212852,39.5724151212852,0.0,72.95081690176167,72.95081690176167,0.0,0
13.0,2.0,80.0,92.0,21769.313571554885,10924.77173173255,10844.541839822334,130785.14753385802,39696.505160444576,91088.64237341344,121274.1282993086,ra,2.0,2.0,0.0,95.93117770589205,86.98530911967083,8.94586858622123,124.31631056830834,72.95081690176167,51.36549366654667,106.85622138273109,9.783410878357575,97.07281050437352,1
13.0,2.0,8.0,93.0,20326.83796736937,10049.65492309056,10277.18304427881,29999.266720655654,29999.266720655654,0.0,132616.96921985535,link,0.0,0.0,0.0,0.0,0.0,0.0,61.14890454490424,9.783410878357575,51.36549366654667,79.14846457729763,27.78297091075097,51.36549366654667,0
14.0,2.0,5.0,94.0,94497.82264774677,47019.26687675304,47478.55577099372,23408.56301894909,0.0,23408.56301894909,0.0,link,0.0,0.0,0.0,0.0,0.0,0.0,460.2035634221929,320.10529929795626,140.0982641242366,474.2487012335624,320.10529929795626,154.1434019356061,0
14.0,0.0,61.0,95.0,46935.18990316021,46935.18990316021,0.0,54369.71862605424,54369.71862605424,0.0,4629.482620571615,ra,0.0,-0.0,0.0,7.105427357601002e-15,7.105427357601002e-15,0.0,320.10529929795626,320.10529929795626,0.0,352.72713047358883,352.72713047358883,0.0,0
14.0,1.0,60.0,96.0,47664.75200387175,0.0,47664.75200387175,55108.1143621735,0.0,55108.1143621735,4633.73189838993,ra,0.0,0.0,-0.0,0.0,0.0,0.0,107.03339550693254,0.0,107.03339550693254,140.0982641242366,0.0,140.0982641242366,0
14.0,2.0,6.0,97.0,94641.69117202783,46900.62074452682,47741.07042750101,23072.985512551462,23072.985512551462,0.0,6596.600389256655,link,0.0,0.0,0.0,0.0,0.0,0.0,459.7605259805214,352.72713047358883,107.03339550693254,473.60431728805224,366.5709217811197,107.03339550693254,0
15.0,2.0,6.0,98.0,75207.49134104664,44538.30191090561,30669.189430141025,47121.25379541333,0.0,47121.25379541333,0.0,link,0.0,0.0,0.0,0.0,0.0,0.0,326.538012023465,228.8045483934713,97.73346362999371,354.810764300713,228.8045483934713,126.00621590724171,0
15.0,1.0,64.0,99.0,16721.32745245393,0.0,16721.32745245393,162889.10604998952,0.0,162889.10604998952,25738.743223846097,ra,0.0,0.0,-0.0,0.0,0.0,0.0,0.0,0.0,0.0,97.73346362999371,0.0,97.73346362999371,0
15.0,0.0,65.0,100.0,16271.068415411031,16271.068415411031,0.0,197286.8322729385,197286.8322729385,0.0,25740.902218562274,ra,7.0,7.0,0.0,347.17664775723443,347.17664775723443,0.0,228.8045483934713,228.8045483934713,0.0,0.0,0.0,0.0,1
15.0,2.0,0.0,101.0,10998.091984936455,5379.561945168664,5618.530039767791,45625.31426242709,45625.31426242709,0.0,48631.17855592899,link,0.0,0.0,0.0,0.0,0.0,0.0,0.0,0.0,0.0,27.375188557456255,27.375188557456255,0.0,0
16.0,2.0,6.0,102.0,79740.5667298025,40135.953102102525,39604.61362769997,70022.38953289964,0.0,70022.38953289964,0.0,link,0.0,0.0,0.0,0.0,0.0,0.0,263.86098494564436,231.3068062266708,32.55417871897354,305.87441866538416,231.3068062266708,74.56761243871333,0
16.0,1.0,66.0,103.0,29014.9759926702,0.0,29014.9759926702,104866.5516526507,0.0,104866.5516526507,12316.83855333374,ra,7.0,0.0,7.0,350.0,0.0,350.0,319.6342477273831,0.0,319.6342477273831,32.55417871897354,0.0,32.55417871897354,1
16.0,0.0,67.0,104.0,29278.008085254503,29278.008085254503,0.0,114644.69556518148,114644.69556518148,0.0,12575.946688510528,ra,0.0,-0.0,0.0,0.0,0.0,0.0,231.3068062266708,231.3068062266708,0.0,300.0936235657797,300.0936235657797,0.0,0
16.0,0.0,72.0,105.0,28145.02656728497,28145.02656728497,0.0,91074.88119999623,91074.88119999623,0.0,25449.08031583349,ra,0.0,-0.0,0.0,0.0,0.0,0.0,300.0936235657797,300.0936235657797,0.0,354.73855228577753,354.73855228577753,0.0,0
16.0,1.0,74.0,106.0,25731.855828829863,0.0,25731.855828829863,78758.19833965349,0.0,78758.19833965349,32933.75197391795,ra,0.0,0.0,-0.0,0.0,0.0,0.0,272.379328723591,0.0,272.379328723591,319.6342477273831,0.0,319.6342477273831,0
16.0,0.0,76.0,107.0,25418.722177742115,25418.722177742115,0.0,159251.717619019,159251.717619019,0.0,49497.46890143416,ra,0.0,-0.0,0.0,0.0,0.0,0.0,354.73855228577753,354.73855228577753,0.0,450.2895828571889,450.2895828571889,0.0,0
16.0,1.0,77.0,108.0,25469.36930201462,0.0,25469.36930201462,90737.08375932332,0.0,90737.08375932332,49565.51842080065,ra,0.0,0.0,-0.0,0.0,0.0,0.0,217.93707846799703,0.0,217.93707846799703,272.379328723591,0.0,272.379328723591,0
16.0,1.0,82.0,109.0,26935.54974771189,0.0,26935.54974771189,118276.92204923416,0.0,118276.92204923416,67595.96875209869,ra,0.0,0.0,-0.0,0.0,0.0,0.0,146.97092523845652,0.0,146.97092523845652,217.93707846799703,0.0,217.93707846799703,0
16.0,0.0,83.0,110.0,27462.47510980443,27462.47510980443,0.0,126427.56593641748,126427.56593641748,0.0,68666.07464325256,ra,0.0,-0.0,0.0,0.0,0.0,0.0,450.2895828571889,450.2895828571889,0.0,526.1461224190393,526.1461224190393,0.0,0
16.0,1.0,86.0,111.0,27163.152752819547,0.0,27163.152752819547,104909.42268635287,0.0,104909.42268635287,81021.89267340553,ra,0.0,0.0,-0.0,0.0,0.0,0.0,84.02527162664478,0.0,84.02527162664478,146.97092523845652,0.0,146.97092523845652,0
16.0,0.0,89.0,112.0,29187.99844762554,29187.99844762554,0.0,166348.2025817419,166348.2025817419,0.0,92123.37906601596,ra,0.0,-0.0,0.0,0.0,0.0,0.0,526.1461224190393,526.1461224190393,0.0,625.9550439680845,625.9550439680845,0.0,0
16.0,1.0,90.0,113.0,28376.998666581203,0.0,28376.998666581203,140042.11937774133,0.0,140042.11937774133,92203.5095301381,ra,0.0,0.0,-0.0,0.0,0.0,0.0,-1.1546319456101628e-14,0.0,-1.1546319456101628e-14,84.02527162664478,0.0,84.02527162664478,0
16.0,2.0,94.0,114.0,71124.20344709541,35553.82790120941,35570.375545886,218880.99297002755,107490.96933346476,111390.0236365628,106046.11656904333,ra,19.0,0.0,19.0,949.309198938889,677.5366499814935,271.77254895739554,830.8935787435423,625.9550439680845,204.93853477545784,12.912975586669905,12.912975586669916,-1.1546319456101628e-14,1
16.0,2.0,12.0,115.0,71147.99996754559,35564.99998476318,35582.99998278241,69987.17889687601,69987.17889687601,0.0,113917.81076099534,link,0.0,0.0,0.0,0.0,0.0,0.0,217.85151036212775,12.912975586669916,204.93853477545784,259.84381770025334,54.90528292479553,204.93853477545784,0
18.0,2.0,7.0,118.0,26949.99999999783,13587.999999998794,13361.999999999038,31558.772217154325,0.0,31558.772217154325,0.0,link,0.0,0.0,0.0,0.0,0.0,0.0,39.84211745314982,39.842117453149825,-7.105427357601002e-15,58.77738078344241,39.842117453149825,18.93526333029259,0
18.0,0.0,68.0,119.0,13587.918618998609,13587.918618998609,0.0,41844.57179886948,41844.57179886948,0.0,12318.138045343778,ra,0.0,-0.0,0.0,0.0,0.0,0.0,39.842117453149825,39.842117453149825,0.0,64.94886053247151,64.94886053247151,0.0,0
18.0,1.0,69.0,120.0,13361.93226547554,0.0,13361.93226547554,90503.32553468876,0.0,90503.32553468876,12346.305678813724,ra,2.0,0.0,2.0,74.18599356570721,0.0,74.18599356570721,19.88399824489395,0.0,19.88399824489395,-7.105427357601002e-15,0.0,-7.105427357601002e-15,1
18.0,2.0,73.0,121.0,21133.145613699366,10354.073130248858,10779.072483450507,77476.59941128742,44336.60233646417,33139.997074823244,27186.329383912336,ra,0.0,-0.0,0.0,0.0,0.0,0.0,64.94886053247151,64.94886053247151,0.0,111.43482017924396,91.55082193435001,19.88399824489395,0
18.0,2.0,81.0,122.0,17024.72901544851,8263.2955761644,8761.433439284106,260178.17546469593,128314.83555156016,131863.33991313577,76811.9776614867,ra,3.0,0.0,3.0,105.90477780488789,0.0,105.90477780488789,118.33759579135643,91.55082193435001,26.786773857006423,168.53972250217026,168.53972250217026,0.0,1
18.0,0.0,84.0,123.0,7912.197813125354,7912.197813125354,0.0,30498.69431850924,30498.69431850924,0.0,91803.7907317536,ra,0.0,-0.0,0.0,0.0,0.0,0.0,168.53972250217026,168.53972250217026,0.0,186.83893833016006,186.83893833016006,0.0,0
18.0,1.0,85.0,124.0,8875.838788593739,0.0,8875.838788593739,44644.6230950107,0.0,44644.6230950107,91872.46119703975,ra,0.0,0.0,0.0,0.0,0.0,0.0,0.0,0.0,0.0,26.786773857006423,0.0,26.786773857006423,0
18.0,2.0,92.0,125.0,47292.93717996864,22515.08265535503,24777.854524613613,118861.31093021153,77618.50735086747,41242.80357934407,121334.73270596893,ra,8.0,0.0,8.0,399.9999984737684,166.84734287934086,233.15265559442753,395.2459117769812,186.83893833016006,208.4069734468211,66.5626998613397,66.5626998613397,0.0,1
18.0,2.0,11.0,126.0,53098.00276723388,24816.36422563914,28281.638541594737,28126.95910991992,28126.95910991992,0.0,126075.53174156268,link,0.0,0.0,0.0,0.0,0.0,0.0,274.9696733081608,66.5626998613397,208.4069734468211,291.8458487741127,83.43887532729164,208.4069734468211,0
19.0,2.0,7.0,127.0,19888.0,9830.0,10058.0,45813.05847500001,0.0,45813.05847500001,0.0,link,0.0,0.0,0.0,0.0,0.0,0.0,26.906147656848876,26.906147656848876,0.0,54.39398274184889,26.90614765684888,27.487835085000007,0
19.0,2.0,0.0,128.0,19888.0,9830.0,10058.0,44774.54412500001,44774.54412500001,0.0,18219.57712193098,link,0.0,0.0,0.0,0.0,0.0,0.0,26.90614765684888,26.90614765684888,0.0,53.770874131848885,53.770874131848885,0.0,0
20.0,2.0,0.0,129.0,19481.000344743796,9701.000199905127,9780.000144838668,39648.670051590845,0.0,39648.670051590845,0.0,link,0.0,0.0,0.0,0.0,0.0,0.0,0.0,0.0,0.0,23.78920203095451,0.0,23.78920203095451,0
20.0,0.0,78.0,130.0,10133.998910338903,10133.998910338903,0.0,55045.27072447368,55045.27072447368,0.0,22308.899934453435,ra,1.0,1.0,0.0,33.02716243468421,33.02716243468421,0.0,0.0,0.0,0.0,0.0,0.0,0.0,1
20.0,1.0,79.0,131.0,10094.12847263898,0.0,10094.12847263898,55366.983178359165,0.0,55366.983178359165,22364.44986396924,ra,2.0,0.0,2.0,95.61353786840712,0.0,95.61353786840712,62.39334796139162,0.0,62.39334796139162,0.0,0.0,0.0,1
20.0,2.0,8.0,132.0,21962.97969081701,10983.990050020308,10978.989640796704,39856.0994869337,39856.0994869337,0.0,37253.22848420508,link,0.0,0.0,0.0,0.0,0.0,0.0,62.39334796139162,0.0,62.39334796139162,86.30700765355184,23.913659692160223,62.39334796139162,0
21.0,2.0,8.0,133.0,21649.000000000102,11074.000000000044,10575.00000000006,9289.608399994511,0.0,9289.608399994511,0.0,link,0.0,0.0,0.0,0.0,0.0,0.0,66.48730802487665,48.94667137036497,17.54063665451169,72.06107306487337,48.94667137036497,23.1144016945084,0
21.0,2.0,87.0,134.0,23288.999999928543,11776.999999969368,11511.999999959173,163564.6948176219,83230.29327636476,80334.40154125715,29246.642192588224,ra,4.0,4.0,0.0,200.00000000000006,33.94627824883973,166.0537217511603,184.34038885128268,48.94667137036497,135.3937174809177,82.4792057418558,64.9385690873441,17.54063665451169,1
21.0,2.0,10.0,135.0,23288.99999999982,11776.999999999924,11511.999999999898,9503.45014999588,9503.45014999588,0.0,32474.473610155062,link,0.0,0.0,0.0,0.0,0.0,0.0,200.3322865682618,64.9385690873441,135.3937174809177,206.03435665825936,70.64063917734164,135.3937174809177,0
22.0,2.0,8.0,136.0,18089.34980232114,9293.63667702267,8795.71312529847,63540.09044443341,0.0,63540.09044443341,0.0,link,0.0,0.0,0.0,0.0,0.0,0.0,88.89138251539178,19.560478040584073,69.33090447480771,127.01543678205184,19.560478040584073,107.45495874146776,0
22.0,2.0,9.0,137.0,22551.759921439094,11229.492180860212,11322.267740578884,64966.00764781821,64966.00764781821,0.0,25496.14409205573,link,0.0,0.0,0.0,0.0,0.0,0.0,88.89138251539178,19.560478040584073,69.33090447480771,127.8709871040827,58.540082629275,69.33090447480771,0
24.0,2.0,9.0,140.0,25786.108144857673,12922.607317501452,12863.500827356223,7755.626684396506,0.0,7755.626684396506,0.0,link,0.0,0.0,0.0,0.0,0.0,0.0,227.59489475439304,162.430493405778,65.16440134861503,232.24827076503095,162.430493405778,69.81777735925293,0
24.0,0.0,88.0,141.0,12911.612953719838,12911.612953719838,0.0,22613.037158930038,22613.037158930038,0.0,7001.124876882881,ra,0.0,-0.0,0.0,0.0,0.0,0.0,162.430493405778,162.430493405778,0.0,175.99831570113605,175.99831570113605,0.0,0
24.0,1.0,91.0,142.0,12797.695040407143,0.0,12797.695040407143,52823.942444130895,0.0,52823.942444130895,10447.761196686972,ra,0.0,0.0,-0.0,0.0,0.0,0.0,33.4700358821365,0.0,33.4700358821365,65.16440134861503,0.0,65.16440134861503,0
24.0,0.0,97.0,143.0,9570.738932827611,9570.738932827611,0.0,68894.32530662708,68894.32530662708,0.0,30840.569189513222,ra,0.0,-0.0,0.0,0.0,0.0,0.0,175.99831570113605,175.99831570113605,0.0,217.3349108851123,217.3349108851123,0.0,0
24.0,1.0,98.0,144.0,9946.426208887748,0.0,9946.426208887748,55783.39313689416,0.0,55783.39313689416,30857.334061915197,ra,0.0,0.0,-0.0,0.0,0.0,0.0,0.0,0.0,0.0,33.4700358821365,0.0,33.4700358821365,0
24.0,2.0,108.0,145.0,15887.706151607494,7870.705730584929,8017.000421022563,112549.66626260435,54209.7396336199,58339.92662898446,55766.14861335632,ra,7.0,0.0,7.0,350.0,199.95211022567653,150.0478897743235,332.3788446820451,217.3349108851123,115.04393379693279,49.90864443960773,49.90864443960773,0.0,1
24.0,2.0,114.0,146.0,28294.020698251785,14163.55043686688,14130.470261384906,86345.4238016807,52782.69005955423,33562.73374212648,76000.7341358558,ra,1.0,0.0,1.0,50.0,50.0,0.0,144.81493799126463,49.90864443960773,94.90629355165692,146.62219227227305,31.57825847534027,115.04393379693279,1
24.0,2.0,15.0,147.0,28738.67135022459,14383.312343962509,14355.35900626208,7771.941987532011,7771.941987532011,0.0,78175.47480337396,link,0.0,0.0,0.0,0.0,0.0,0.0,126.48455202699719,31.57825847534027,94.90629355165692,131.14771721951638,36.24142366785948,94.90629355165692,0
25.0,2.0,9.0,148.0,18444.994544675952,9036.997526482091,9407.99701819386,79064.34946630115,0.0,79064.34946630115,0.0,link,0.0,0.0,0.0,0.0,0.0,0.0,161.7851360756325,52.910103931677696,108.8750321439548,209.2237457554132,52.910103931677696,156.3136418237355,0
25.0,2.0,10.0,149.0,19006.727910032103,9665.34291491844,9341.384995113662,78440.20246036658,78440.20246036658,0.0,35248.172611532704,link,0.0,0.0,0.0,0.0,0.0,0.0,161.7851360756325,52.910103931677696,108.8750321439548,208.84925755185245,99.97422540789765,108.8750321439548,0
26.0,2.0,10.0,150.0,39799.09031594862,19727.656489472974,20071.433826475644,135812.66623828077,0.0,135812.66623828077,0.0,link,0.0,0.0,0.0,0.0,0.0,0.0,245.9458204474464,124.29944733585835,121.64637311158806,327.4334201904149,124.29944733585835,203.13397285455653,0
26.0,2.0,11.0,151.0,61239.02764165262,31319.794471237463,29919.23317041516,138177.469995913,138177.469995913,0.0,24120.7762535988,link,0.0,0.0,0.0,0.0,0.0,0.0,245.9458204474464,124.29944733585835,121.64637311158806,328.8523024449942,207.20592933340617,121.64637311158806,0
27.0,2.0,11.0,152.0,68446.95855219441,33632.332120978645,34814.626431215765,111875.39654407148,0.0,111875.39654407148,0.0,link,0.0,0.0,0.0,0.0,0.0,0.0,375.55082246815874,143.20361402153003,232.3472084466287,442.6760603946016,143.20361402153003,299.4724463730716,0
27.0,0.0,99.0,153.0,29715.95485159294,29715.95485159294,0.0,123976.2739945376,123976.2739945376,0.0,15398.281487957354,ra,0.0,-0.0,0.0,0.0,0.0,0.0,143.20361402153003,143.20361402153003,0.0,217.5893784182526,217.5893784182526,0.0,0
27.0,1.0,100.0,154.0,27462.225943179787,0.0,27462.225943179787,110690.00072422944,0.0,110690.00072422944,15788.230047158857,ra,0.0,0.0,-0.0,0.0,0.0,0.0,165.93320801209103,0.0,165.93320801209103,232.3472084466287,0.0,232.3472084466287,0
27.0,2.0,107.0,155.0,39803.00077214074,18775.259985557448,21027.74078658329,213037.99372760678,101944.04308777496,111093.95063983182,32030.585088502547,ra,2.0,2.0,0.0,100.00000000000003,7.484018976694526,92.5159810233055,409.382197451308,217.5893784182526,191.79281903305542,437.20499330631407,271.27178529422304,165.93320801209103,1
27.0,0.0,111.0,156.0,14923.34787730996,14923.34787730996,0.0,83317.09259269956,83317.09259269956,0.0,51994.455333056,ra,0.0,-0.0,0.0,0.0,0.0,0.0,271.27178529422304,271.27178529422304,0.0,321.2620408498427,321.2620408498427,0.0,0
27.0,1.0,110.0,157.0,16064.78653282132,0.0,16064.78653282132,91420.7627496502,0.0,91420.7627496502,52217.78598274018,ra,0.0,0.0,-0.0,0.0,0.0,0.0,136.9403613832653,0.0,136.9403613832653,191.79281903305542,0.0,191.79281903305542,0
27.0,2.0,113.0,158.0,28115.732693263828,13396.479626617023,14719.253066646805,204559.04945385756,103794.3606224544,100764.68883140315,80453.83595296173,ra,10.0,0.0,10.0,492.9430502199515,374.19782138504286,118.74522883490862,516.4888177691747,321.2620408498427,195.226776919332,146.28119683998003,9.340835456714728,136.9403613832653,1
27.0,0.0,115.0,159.0,16210.1141141057,16210.1141141057,0.0,68546.62018866111,68546.62018866111,0.0,99290.1862589441,ra,0.0,-0.0,0.0,0.0,0.0,0.0,9.340835456714728,9.340835456714728,0.0,50.4688066310015,50.4688066310015,0.0,0
27.0,2.0,116.0,160.0,34177.78966749807,16266.79151473384,17910.998152764234,159427.90714002296,32374.74617282533,127053.16096719762,107271.26953267986,ra,1.0,0.0,1.0,50.00000000000232,48.68151249373333,1.3184875062689942,170.78217447628396,50.4688066310015,120.31336784528246,216.43891876029537,21.21214184096337,195.226776919332,1
27.0,2.0,15.0,161.0,39893.99999984566,18725.9999999336,21167.99999991206,99300.16963093684,99300.16963093684,0.0,128894.5131374644,link,0.0,0.0,0.0,0.0,0.0,0.0,141.5255096862458,21.21214184096337,120.31336784528246,201.10561146480794,80.79224361952548,120.31336784528246,0
28.0,2.0,11.0,162.0,61992.2787513973,31725.31224782596,30266.96650357134,59767.556016153154,0.0,59767.556016153154,0.0,link,0.0,0.0,0.0,0.0,0.0,0.0,296.44161218093154,224.2323225242989,72.20928965663266,332.30214579062346,224.2323225242989,108.06982326632456,0
28.0,0.0,93.0,163.0,30439.224167938333,30439.224167938333,0.0,26819.58382101064,26819.58382101064,0.0,3445.559107155475,ra,0.0,-0.0,0.0,1.1102230246251565e-16,1.1102230246251565e-16,0.0,224.2323225242989,224.2323225242989,0.0,240.3240728169053,240.3240728169053,0.0,0
28.0,0.0,95.0,164.0,18498.90877462081,18498.90877462081,0.0,99181.64366425002,99181.64366425002,0.0,21968.34571810977,ra,6.0,6.0,0.0,299.8330590154554,299.8330590154554,0.0,240.3240728169053,240.3240728169053,0.0,0.0,0.0,0.0,1
28.0,1.0,96.0,165.0,17419.186332491074,0.0,17419.186332491074,120348.81609438776,0.0,120348.81609438776,22264.116411144965,ra,0.0,0.0,-0.0,0.0,0.0,0.0,0.0,0.0,0.0,72.20928965663266,0.0,72.20928965663266,0
28.0,2.0,0.0,166.0,16044.983216716417,8425.399218263456,7619.583998452962,67074.05461575175,67074.05461575175,0.0,40879.27967798362,link,0.0,0.0,0.0,0.0,0.0,0.0,0.0,0.0,0.0,40.24443276945105,40.24443276945105,0.0,0
30.0,2.0,12.0,169.0,31173.00771278776,15334.689159172884,15838.318553614876,34325.5584570876,0.0,34325.5584570876,0.0,link,0.0,0.0,0.0,0.0,0.0,0.0,286.33399859755013,44.40484481116596,241.9291537863842,306.9293336718027,44.40484481116596,262.5244888606367,0
30.0,0.0,101.0,170.0,15342.168535706442,15342.168535706442,0.0,7217.50574891628,7217.50574891628,0.0,1882.30501330568,ra,0.0,-0.0,0.0,0.0,0.0,0.0,44.40484481116596,44.40484481116596,0.0,48.73534826051573,48.73534826051573,0.0,0
30.0,1.0,102.0,171.0,15008.380189154295,0.0,15008.380189154295,60673.867642582605,0.0,60673.867642582605,15325.375723611753,ra,0.0,0.0,-0.0,0.0,0.0,0.0,205.52483320083465,0.0,205.52483320083465,241.9291537863842,0.0,241.9291537863842,0
30.0,0.0,103.0,172.0,14615.10439288337,14615.10439288337,0.0,53088.47947651989,53088.47947651989,0.0,15632.211521401772,ra,0.0,-0.0,0.0,0.0,0.0,0.0,48.73534826051573,48.73534826051573,0.0,80.58843594642765,80.58843594642765,0.0,0
30.0,2.0,13.0,173.0,18934.390172572806,9143.138576923604,9791.251595649202,31702.916384279804,31702.916384279804,0.0,27311.590572612236,link,0.0,0.0,0.0,0.0,0.0,0.0,286.1132691472623,80.58843594642765,205.52483320083465,305.1350189778302,99.61018577699554,205.52483320083465,0
31.0,2.0,12.0,174.0,61211.26177444921,30941.90070843765,30269.36106601156,14621.970784639498,0.0,14621.970784639498,0.0,link,0.0,0.0,0.0,0.0,0.0,0.0,233.37563078582866,155.11760272771045,78.25802805811821,242.14881325661236,155.11760272771045,87.03121052890191,0
31.0,1.0,106.0,175.0,29780.03490857172,0.0,29780.03490857172,90942.90875627007,0.0,90942.90875627007,10173.779430297054,ra,0.0,0.0,-0.0,0.0,0.0,0.0,23.692282804356175,0.0,23.692282804356175,78.25802805811821,0.0,78.25802805811821,0
31.0,0.0,105.0,176.0,30402.95414259374,30402.95414259374,0.0,77996.3014502922,77996.3014502922,0.0,10175.429354581129,ra,0.0,-0.0,0.0,0.0,0.0,0.0,155.11760272771045,155.11760272771045,0.0,201.91538359788578,201.91538359788578,0.0,0
31.0,2.0,109.0,177.0,62402.93424977723,31525.727911032645,30877.20633874459,170414.26158029356,94060.47968481814,76353.78189547542,22337.14837090233,ra,7.0,0.0,7.0,350.0,258.35167140877667,91.6483285912233,271.44372585618,201.91538359788578,69.52834225829423,23.692282804356175,0.0,23.692282804356175,1
31.0,2.0,14.0,178.0,62766.261417807065,31611.05780980601,31155.20360800105,14878.700656075724,14878.700656075724,0.0,24222.213413881997,link,0.0,0.0,0.0,0.0,0.0,0.0,69.52834225829423,0.0,69.52834225829423,78.45556265193966,8.927220393645435,69.52834225829423,0
32.0,2.0,13.0,179.0,24034.000000000007,12223.000000000004,11811.000000000004,124665.60013078306,0.0,124665.60013078306,0.0,link,0.0,0.0,0.0,0.0,0.0,0.0,230.33565889936034,99.61018577699554,130.7254731223648,305.1350189778302,99.61018577699554,205.52483320083465,0
32.0,2.0,104.0,180.0,24034.000000001273,12223.000000000631,11811.000000000642,13640.496700000156,6937.163650000078,6703.333050000078,2270.21285318104,ra,2.0,2.0,0.0,99.49350690087937,99.49350690087937,0.0,226.3136590693603,99.61018577699554,126.70347329236478,135.004450188481,4.27897706611621,130.7254731223648,1
32.0,2.0,16.0,181.0,35472.0,17897.0,17575.0,127660.881209991,127660.881209991,0.0,35413.56901786664,link,0.0,0.0,0.0,0.0,0.0,0.0,130.98245035848097,4.27897706611621,126.70347329236478,207.57897908447558,80.87550579211081,126.70347329236478,0
33.0,2.0,14.0,182.0,25491.39192820705,13297.332945790267,12194.058982416784,72549.11283301303,0.0,72549.11283301303,0.0,link,0.0,0.0,0.0,0.0,0.0,0.0,23.788868731509485,23.788868731509485,0.0,67.3183364313173,23.788868731509485,43.52946769980782,0
33.0,2.0,0.0,183.0,27433.939184964896,13761.985453193762,13671.953731771133,75364.16533370593,75364.16533370593,0.0,22213.61178663945,link,0.0,0.0,0.0,0.0,0.0,0.0,23.788868731509485,23.788868731509485,0.0,69.00736793173304,69.00736793173304,0.0,0
34.0,2.0,14.0,184.0,40290.981728268656,40289.53408577645,1.4476424922008384,120199.81124035853,0.0,120199.81124035853,0.0,link,0.0,0.0,0.0,0.0,0.0,0.0,31.25936384786467,31.25936384786467,-1.2361275191798121e-15,103.37925059207979,31.25936384786467,72.11988674421512,0
34.0,2.0,112.0,185.0,40084.67942148965,20069.25833080312,20015.421090686526,146989.84683646823,118462.29215091885,28527.55468554939,14615.98862167376,ra,3.0,3.0,0.0,147.59130239819368,88.1595496059062,59.43175279228748,73.57458382882251,31.25936384786467,42.31521998095785,14.17718953250978,14.177189532509782,-1.2361275191798121e-15,1
34.0,0.0,120.0,186.0,19233.978995985926,19233.978995985926,0.0,59704.68411248369,59704.68411248369,0.0,26934.149163868184,ra,1.0,1.0,0.0,50.00000077452257,50.00000077452257,0.0,14.177189532509782,14.177189532509782,0.0,-1.1560803324492079e-06,-1.1560803324492079e-06,0.0,1
34.0,2.0,20.0,187.0,42848.93314386101,20473.58046065553,22375.352683205478,56178.3656914618,56178.3656914618,0.0,38220.85948462789,link,0.0,0.0,0.0,0.0,0.0,0.0,42.31521882487752,-1.1560803324492079e-06,42.31521998095785,76.0222382397546,33.70701825879675,42.31521998095785,0
35.0,2.0,0.0,188.0,13637.0,6766.0,6871.0,60300.66898749992,0.0,60300.66898749992,0.0,link,0.0,0.0,0.0,0.0,0.0,0.0,58.38886029390049,0.0,58.38886029390049,94.56926168640044,0.0,94.56926168640044,0
35.0,2.0,16.0,189.0,13637.0,6766.0,6871.0,59379.17717499992,59379.17717499992,0.0,35104.46295422166,link,0.0,0.0,0.0,0.0,0.0,0.0,58.38886029390049,0.0,58.38886029390049,94.01636659890045,35.62750630499995,58.38886029390049,0
36.0,2.0,15.0,190.0,63592.0,31158.0,32434.0,31587.878025000016,0.0,31587.878025000016,0.0,link,0.0,0.0,0.0,0.0,0.0,0.0,237.46466729059551,79.11569999802055,158.34896729257497,256.4173941055955,79.11569999802055,177.30169410757497,0
36.0,0.0,121.0,191.0,31158.0,31158.0,0.0,46568.74680000003,46568.74680000003,0.0,5978.406282256154,ra,2.0,2.0,0.0,100.0,100.0,0.0,79.11569999802055,79.11569999802055,0.0,7.056948078020566,7.056948078020566,0.0,1
36.0,1.0,122.0,192.0,32434.0,0.0,32434.0,55824.99537500001,0.0,55824.99537500001,6884.764105769136,ra,0.0,0.0,-0.0,0.0,0.0,0.0,124.85397006757489,0.0,124.85397006757489,158.34896729257497,0.0,158.34896729257497,0
36.0,2.0,17.0,193.0,63592.0,31158.0,32434.0,37405.17900000002,37405.17900000002,0.0,10780.414990255447,link,0.0,0.0,0.0,0.0,0.0,0.0,131.91091814559545,7.056948078020566,124.85397006757489,154.35402554559548,29.500055478020577,124.85397006757489,0
37.0,2.0,16.0,194.0,61280.64411621449,31014.17446373309,30266.469652481403,76883.05017583598,0.0,76883.05017583598,0.0,link,0.0,0.0,0.0,0.0,0.0,0.0,201.90846578058407,89.72448719846558,112.18397858211848,248.03829588608568,89.72448719846558,158.31380868762008,0
37.0,0.0,117.0,195.0,31188.918197802075,31188.918197802075,0.0,11906.616749294317,11906.616749294317,0.0,1531.6015518302704,ra,1.0,1.0,0.0,50.000000000000014,50.000000000000014,0.0,89.72448719846558,89.72448719846558,0.0,46.86845724804215,46.86845724804215,0.0,1
37.0,2.0,18.0,196.0,64809.52507699492,32882.29003408458,31927.235042910343,66925.57509183121,66925.57509183121,0.0,9891.283544490125,link,0.0,0.0,0.0,0.0,0.0,0.0,159.05243583016062,46.86845724804215,112.18397858211848,199.20778088525935,87.02380230314088,112.18397858211848,0
38.0,2.0,17.0,197.0,73980.90840881804,36437.73642199968,37543.17198681836,214547.39907945917,0.0,214547.39907945917,0.0,link,0.0,0.0,0.0,0.0,0.0,0.0,59.30412035705548,59.30412035705551,-2.941869085532014e-14,188.03255980473102,59.30412035705551,128.7284394476755,0
38.0,1.0,118.0,198.0,38288.38488121995,0.0,38288.38488121995,89080.01590202567,0.0,89080.01590202567,5385.572941871728,ra,2.0,0.0,2.0,100.0,0.0,100.0,46.55199045878456,0.0,46.55199045878456,-2.941869085532014e-14,0.0,-2.941869085532014e-14,1
38.0,0.0,119.0,199.0,38355.566312925184,38355.566312925184,0.0,65475.03063100875,65475.03063100875,0.0,7097.786060466791,ra,2.0,2.0,0.0,77.53093481250417,77.53093481250417,0.0,59.30412035705551,59.30412035705551,0.0,21.058203923156597,21.058203923156597,0.0,1
38.0,1.0,123.0,200.0,41712.9401712972,0.0,41712.9401712972,50777.78637778386,0.0,50777.78637778386,14257.714169889843,ra,2.0,0.0,2.0,100.0,0.0,100.0,116.08531863211425,0.0,116.08531863211425,46.55199045878456,0.0,46.55199045878456,1
38.0,0.0,124.0,201.0,40728.86630783911,40728.86630783911,0.0,71222.24626514391,71222.24626514391,0.0,14300.505499646226,ra,0.0,-0.0,0.0,0.0,0.0,0.0,21.058203923156597,21.058203923156597,0.0,63.79155168224295,63.79155168224295,0.0,0
38.0,2.0,22.0,202.0,105896.44285789959,51540.438437961006,54356.004419938574,205750.5494995208,205750.5494995208,0.0,31585.43416751235,link,0.0,0.0,0.0,0.0,0.0,0.0,179.8768703143572,63.79155168224295,116.08531863211425,303.3272000140697,187.24188138195544,116.08531863211425,0
39.0,2.0,17.0,203.0,25562.278853813234,12328.30028963884,13233.978564174393,49708.324088069705,0.0,49708.324088069705,0.0,link,0.0,0.0,0.0,0.0,0.0,0.0,78.36007451275188,41.127736733329684,37.232337779422195,108.18506896559369,41.127736733329684,67.057332232264,0
39.0,2.0,24.0,204.0,21529.452943652228,10591.584479212725,10937.868464439502,47434.21976989185,47434.21976989185,0.0,17071.72988124704,link,0.0,0.0,0.0,0.0,0.0,0.0,78.36007451275188,41.127736733329684,37.232337779422195,106.82060637468699,69.5882685952648,37.232337779422195,0
40.0,2.0,18.0,205.0,25932.838407847834,12821.14586322636,13111.692544621475,41869.89862380577,0.0,41869.89862380577,0.0,link,0.0,0.0,0.0,0.0,0.0,0.0,85.69653803705557,57.97415476466495,27.72238327239063,110.81847721133906,57.97415476466495,52.8443224466741,0
40.0,2.0,26.0,206.0,22387.89451536771,11334.707010656924,11053.187504710784,41790.66743207839,41790.66743207839,0.0,13785.599210644326,link,0.0,0.0,0.0,0.0,0.0,0.0,85.69653803705557,57.97415476466495,27.72238327239063,110.77093849630262,83.04855522391199,27.72238327239063,0
41.0,2.0,18.0,207.0,65100.064380541284,32409.67765592153,32690.38672461976,200798.70859680677,0.0,200798.70859680677,0.0,link,0.0,0.0,0.0,0.0,0.0,0.0,90.1892165611156,90.1892165611156,-2.489695470587097e-15,210.66844171919968,90.1892165611156,120.47922515808408,0
41.0,1.0,126.0,208.0,33015.8306660751,0.0,33015.8306660751,12893.619959642949,0.0,12893.619959642949,1570.6218936678245,ra,3.0,0.0,3.0,123.37999848335566,0.0,123.37999848335566,115.6438265075699,0.0,115.6438265075699,-2.489695470587097e-15,0.0,-2.489695470587097e-15,1
41.0,0.0,125.0,209.0,32828.808927873586,32828.808927873586,0.0,12949.495261360124,12949.495261360124,0.0,1588.999800427482,ra,2.0,2.0,0.0,97.95891371793168,97.95891371793168,0.0,90.1892165611156,90.1892165611156,0.0,0.0,0.0,0.0,1
41.0,2.0,25.0,210.0,107717.84336110209,52411.86349298975,55305.979868112336,200484.88438074008,200484.88438074008,0.0,19664.682517120145,link,0.0,0.0,0.0,0.0,0.0,0.0,115.6438265075699,0.0,115.6438265075699,235.93475713601396,120.29093062844407,115.6438265075699,0
42.0,2.0,0.0,211.0,64323.0,34358.0,29965.000000000004,7303.594187500001,0.0,7303.594187500001,0.0,link,0.0,0.0,0.0,0.0,0.0,0.0,89.22720207241291,0.0,89.22720207241291,93.6093585849129,0.0,93.6093585849129,0
42.0,2.0,21.0,212.0,64323.0,34358.0,29965.0,8374.333025000004,8374.333025000004,0.0,974.9930872178356,link,0.0,0.0,0.0,0.0,0.0,0.0,89.22720207241291,0.0,89.22720207241291,94.25180188741291,5.024599815000003,89.22720207241291,0
43.0,2.0,20.0,213.0,150198.49863614666,75767.44894346851,74431.04969267815,6413.467898974838,0.0,6413.467898974838,0.0,link,0.0,0.0,0.0,0.0,0.0,0.0,155.03069692196294,155.03069692196294,0.0,158.87877766134784,155.03069692196294,3.848080739384903,0
43.0,2.0,127.0,214.0,143910.62075712613,71622.8655725805,72287.75518454562,367388.76769400545,184041.851329892,183346.91636411345,10005.69209126666,ra,10.0,0.0,10.0,500.0000000000001,159.70753885680088,340.2924611431992,385.315008246694,155.03069692196294,230.28431132473105,105.74826934337842,105.74826934337842,0.0,1
43.0,2.0,22.0,215.0,143835.3128743358,71573.22723597237,72262.08563836341,6353.377786018369,6353.377786018369,0.0,10360.675542503666,link,0.0,0.0,0.0,0.0,0.0,0.0,336.03258066810946,105.74826934337842,230.28431132473105,339.8446073397205,109.56029601498945,230.28431132473105,0
44.0,2.0,20.0,216.0,153959.0,74263.0,79696.0,87466.36000000006,0.0,87466.36000000006,0.0,link,0.0,0.0,0.0,0.0,0.0,0.0,176.21758986631082,27.431432180853953,148.78615768545686,228.69740586631085,27.431432180853953,201.26597368545688,0
44.0,2.0,21.0,217.0,153959.0,74263.0,79696.0,81503.64250000002,81503.64250000002,0.0,4390.047146032249,link,0.0,0.0,0.0,0.0,0.0,0.0,176.21758986631082,27.431432180853953,148.78615768545686,225.11977583705547,76.33361815159861,148.78615768545686,0
45.0,2.0,20.0,218.0,62196.76002530598,32348.66402655705,29848.09599874893,44460.79143806264,0.0,44460.79143806264,0.0,link,0.0,0.0,0.0,0.0,0.0,0.0,40.72019846270137,40.72019846270137,0.0,67.396673622392,40.72019875955441,26.676474862837587,0
45.0,2.0,129.0,219.0,59803.760630072626,31496.773292559403,28306.987337513223,150485.03892396623,78614.3908427066,71870.64808125961,9849.378972750012,ra,4.0,0.0,4.0,189.55233725882374,84.81152747135434,104.74080978746939,102.33861969826802,40.72019875955441,61.61842093871361,3.0773057938240362,3.0773057938240362,0.0,1
45.0,2.0,27.0,220.0,59265.836631097605,31619.71560399585,27646.121027101755,50219.19402536742,50219.19402536742,0.0,16227.553730454052,link,0.0,0.0,0.0,0.0,0.0,0.0,64.69572673253765,3.0773057938240362,61.61842093871361,94.8272431477581,33.208822209044484,61.61842093871361,0
46.0,2.0,21.0,221.0,122056.36331156333,58092.14471186193,63964.2185997014,156981.51611820183,0.0,156981.51611820183,0.0,link,0.0,0.0,0.0,0.0,0.0,0.0,167.4190661542138,52.476417016931876,114.94264913728192,261.6079758251349,52.476417016931876,209.131558808203,0
46.0,2.0,23.0,222.0,131872.70614633957,62497.919354533005,69374.78679180656,141951.10984397738,141951.10984397738,0.0,9404.55520736285,link,0.0,0.0,0.0,0.0,0.0,0.0,167.4190661542138,52.476417016931876,114.94264913728192,252.58973206060023,137.6470829233183,114.94264913728192,0
47.0,2.0,22.0,223.0,38579.295537849815,18952.69215084102,19626.6033870088,44080.47916068343,0.0,44080.47916068343,0.0,link,0.0,0.0,0.0,0.0,0.0,0.0,148.8285950519949,62.85471499425228,85.97388005774262,175.27688254840496,62.85471499425228,112.4221675541527,0
47.0,2.0,128.0,224.0,35162.62482989687,17399.45971996509,17763.16510993178,185890.94988584827,91584.63574609371,94306.31413975456,19815.112780906624,ra,3.0,0.0,3.0,145.12851420286415,117.80549644190852,27.32301776095565,119.5678243290978,62.85471499425228,56.71310933484553,85.97388005774262,0.0,85.97388005774262,1
47.0,2.0,28.0,225.0,35062.11998304022,16961.141448801816,18100.9785342384,41891.2883885804,41891.2883885804,0.0,29618.33132225415,link,0.0,0.0,0.0,0.0,0.0,0.0,56.71310933484553,0.0,56.71310933484553,81.84788236799376,25.13477303314824,56.71310933484553,0
48.0,2.0,24.0,226.0,16009.999934388854,7856.999966820751,8152.999967568103,56309.69846204294,0.0,56309.69846204294,0.0,link,0.0,0.0,0.0,0.0,0.0,0.0,41.70069702932572,41.70069702932572,0.0,75.48651610655148,41.70069702932572,33.78581907722577,0
48.0,2.0,0.0,227.0,10228.9496360124,5180.369177535584,5048.580458476815,55085.097710369504,55085.097710369504,0.0,34790.83034290512,link,0.0,0.0,0.0,0.0,0.0,0.0,41.70069702932572,41.70069702932572,0.0,74.75175565554743,74.75175565554743,0.0,0
50.0,2.0,23.0,230.0,167288.29083468003,89420.76920845687,77867.52162622314,51938.22719665089,0.0,51938.22719665089,0.0,link,0.0,0.0,0.0,0.0,0.0,0.0,233.30362890634575,141.0903681800539,92.21326072629184,264.46656522433625,141.0903681800539,123.37619704428238,0
50.0,2.0,25.0,231.0,167733.1420677742,89424.56834914754,78308.57371862668,59477.2518349209,59477.2518349209,0.0,2660.513408818963,link,0.0,0.0,0.0,0.0,0.0,0.0,233.30362890634575,141.0903681800539,92.21326072629184,268.98998000729824,176.77671928100642,92.21326072629184,0
51.0,2.0,23.0,232.0,68004.42841151668,33685.47219088722,34318.956220629465,65162.46597942557,0.0,65162.46597942557,0.0,link,0.0,0.0,0.0,0.0,0.0,0.0,111.89236454364953,77.99005339078487,33.90231115286466,150.9898441313049,77.99005339078487,72.99979074052001,0
51.0,0.0,130.0,233.0,33100.995903315394,33100.995903315394,0.0,19579.073867167284,19579.073867167284,0.0,2344.9972799662905,ra,1.0,1.0,0.0,14.359084202457652,14.359084202457652,0.0,77.99005339078487,77.99005339078487,0.0,75.3784135086276,75.3784135086276,0.0,1
51.0,2.0,27.0,234.0,64426.23565632764,31754.48892503164,32671.746731296,44069.85010872183,44069.85010872183,0.0,7784.588682143257,link,0.0,0.0,0.0,0.0,0.0,0.0,109.28072470618734,75.3784135086276,33.90231119755974,135.72263472672537,101.8203235738607,33.90231115286466,0
53.0,2.0,24.0,237.0,26623.0,13216.0,13407.000000000002,32530.24203750002,0.0,32530.24203750002,0.0,link,0.0,0.0,0.0,0.0,0.0,0.0,80.29822852069977,62.128713303471216,18.169515217228554,99.81637374319978,62.128713303471216,37.68766043972856,0
53.0,2.0,28.0,238.0,26623.0,13216.0,13407.0,32066.806799999995,32066.806799999995,0.0,9705.486491353968,link,0.0,0.0,0.0,0.0,0.0,0.0,80.29822852069977,62.128713303471216,18.169515217228554,99.53831260069977,81.36879738347122,18.169515217228554,0
54.0,2.0,25.0,239.0,63790.74308365228,33602.55553767664,30188.187545975637,22866.7269833123,0.0,22866.7269833123,0.0,link,0.0,0.0,0.0,0.0,0.0,0.0,102.93059886557619,102.93059886557619,0.0,116.65063505556357,102.93059886557619,13.72003618998738,0
54.0,2.0,131.0,240.0,33762.441558617626,17029.212737248363,16733.228821369263,179635.4500585054,92857.02429439114,86778.42576411425,14118.05957838652,ra,5.0,5.0,0.0,250.0,125.39963547985991,124.60036452014009,175.4639079272477,102.93059886557619,72.53330906167153,33.245177962350944,33.245177962350944,0.0,1
54.0,2.0,26.0,241.0,32484.774457444895,16371.354345937669,16113.420111507226,23239.28731315059,23239.28731315059,0.0,19751.672738570145,link,0.0,0.0,0.0,0.0,0.0,0.0,105.77848702402247,33.245177962350944,72.53330906167152,119.72205941191282,47.1887503502413,72.53330906167153,0
55.0,2.0,26.0,242.0,35611.19993600926,17306.49996896785,18304.699967041404,91298.85067652226,0.0,91298.85067652226,0.0,link,0.0,0.0,0.0,0.0,0.0,0.0,84.7609236460045,84.7609236460045,0.0,139.54023405191785,84.7609236460045,54.77931040591335,0
55.0,2.0,132.0,243.0,34335.6700861098,16687.900230609903,17647.769855499897,95167.90446845282,46250.37188243863,48917.53258601419,10714.232916978135,ra,3.0,0.0,3.0,141.8616663270762,112.51114677546767,29.350519551608517,84.7609236460045,84.7609236460045,0.0,0.0,0.0,0.0,1
55.0,2.0,0.0,244.0,9015.000278806967,4116.000142012323,4899.000136794644,84556.8482951247,84556.8482951247,0.0,47911.36687265736,link,0.0,0.0,0.0,0.0,0.0,0.0,0.0,0.0,0.0,50.73410897707482,50.73410897707482,0.0,0
56.0,2.0,27.0,245.0,67553.51728478492,34432.267085202984,33121.25019958193,59175.59274292386,0.0,59175.59274292386,0.0,link,0.0,0.0,0.0,0.0,0.0,0.0,75.01376929238613,75.01376929238613,0.0,110.51912493814044,75.01376929238613,35.505355645754314,0
56.0,1.0,134.0,246.0,28345.05378073905,0.0,28345.05378073905,35736.53004762233,0.0,35736.53004762233,14670.942506693847,ra,2.0,0.0,2.0,99.99999999999999,0.0,99.99999999999999,78.55808197142659,0.0,78.55808197142659,0.0,0.0,0.0,1
56.0,0.0,133.0,247.0,28758.648000424007,28758.648000424007,0.0,115880.55890468738,115880.55890468738,0.0,14715.488271793003,ra,0.0,-0.0,0.0,0.0,0.0,0.0,75.01376929238613,75.01376929238613,0.0,144.54210369696838,144.54210369696838,0.0,0
56.0,2.0,135.0,248.0,47006.10408228616,24072.8864014428,22933.21768084336,149308.45160959612,36717.66845876394,112590.78315083218,20490.182643268578,ra,4.0,4.0,0.0,199.99999834575786,163.53993326885774,36.46006507690012,192.00578085479577,144.54210369696838,47.463677157827405,81.59085271168003,3.03277074025344,78.55808197142659,1
56.0,2.0,29.0,249.0,45237.32656378552,23422.054813020965,21815.27175076456,62757.89225899831,62757.89225899831,0.0,31051.51115001564,link,0.0,0.0,0.0,0.0,0.0,0.0,50.496447898080845,3.03277074025344,47.463677157827405,88.15118325347984,40.68750609565243,47.463677157827405,0
57.0,2.0,28.0,250.0,21608.0,10785.0,10823.000000000002,16607.622924999992,0.0,16607.622924999992,0.0,link,0.0,0.0,0.0,0.0,0.0,0.0,41.585519619545366,41.585519619545366,0.0,51.55009337454536,41.585519619545366,9.964573754999996,0
57.0,2.0,0.0,251.0,21608.0,10785.000000000002,10823.0,16549.312875,16549.312875,0.0,6137.906286244384,link,0.0,0.0,0.0,0.0,0.0,0.0,41.585519619545366,41.585519619545366,0.0,51.515107344545356,51.515107344545356,0.0,0
59.0,2.0,29.0,254.0,41763.642422810655,21836.31144790283,19927.330974907825,1604.807469016673,0.0,1604.807469016673,0.0,link,0.0,0.0,0.0,0.0,0.0,0.0,91.42581999419563,34.89155452168591,56.53426547250972,92.38870447560564,34.89155452168592,57.497149953919724,0
59.0,0.0,137.0,255.0,11226.947197214342,11226.947197214342,0.0,107036.06636810444,107036.06636810444,0.0,25939.716113189967,ra,2.0,2.0,0.0,99.11319434254858,99.11319434254858,0.0,34.89155452168592,34.89155452168592,0.0,0.0,0.0,0.0,1
59.0,1.0,138.0,256.0,8142.41876965786,0.0,8142.41876965786,94223.7757875162,0.0,94223.7757875162,26235.491957639333,ra,0.0,0.0,-0.0,0.0,0.0,0.0,0.0,0.0,0.0,56.53426547250972,0.0,56.53426547250972,0
59.0,2.0,0.0,257.0,19030.167720862108,11064.89566740363,7965.272053458477,3044.884751150288,3044.884751150288,0.0,27032.750454879864,link,0.0,0.0,0.0,0.0,0.0,0.0,0.0,0.0,0.0,1.8269308506901731,1.8269308506901731,0.0,0
60.0,2.0,29.0,258.0,15204.999638753205,7325.999839362642,7878.999799390564,14744.04699877686,0.0,14744.04699877686,0.0,link,0.0,0.0,0.0,0.0,0.0,0.0,24.67585256932496,24.67585256932496,0.0,33.52228076859108,24.675852569324963,8.846428199266116,0
60.0,2.0,136.0,259.0,13825.298552554461,6712.4814864233695,7112.817066131092,40542.57718004014,19544.3370406154,20998.240139424743,10738.631570167296,ra,1.0,1.0,0.0,49.00139887734905,36.402454793694204,12.598944083654846,24.675852569324963,24.675852569324963,0.0,0.0,0.0,0.0,1
60.0,2.0,0.0,260.0,9900.001134069504,4967.000504292169,4933.000629777334,14703.607470570978,14703.607470570978,0.0,22135.2935483001,link,0.0,0.0,0.0,0.0,0.0,0.0,0.0,0.0,0.0,8.822164482342586,8.822164482342586,0.0,0
