Time of calculation: 20210929-151941; value of objective: 7604.182492941918;  acc=20.0;  ec=0.25;  e_tax=0.15;  cfix=150000;  cvar=10000;  eta=0.011;  mu=0.2;  hours_of_constant_charging=20;  i=0.05;  T=5
highway,name,asfinag_position,direction,asfinag_type,traffic_flow,traffic_flow_0,traffic_flow_1,energy_demand,energy_demand_0,energy_demand_1,pXi_dir,pYi_dir,pYi_dir_0,pYi_dir_1,pE_charged,pE_charged_0,pE_charged_1,pE_input,pE_input_0,pE_input_1,pE_output,pE_output_0,pE_output_1
A1,'Steinhäusl',32.7,2.0,0.0,63195.99999999913,31485.99999999933,31709.9999999998,228883.80989013438,151754.18761753893,77129.62227259546,0.0,0.0,0.0,0.0,0.0,0.0,0.0,0.0,0.0,0.0,503.5443817582957,333.85921275858567,169.68516899971002
A1,'Kesselhof',44.88,1.0,1.0,30234.999996719125,0.0,30234.999996719125,109130.95569981833,0.0,109130.95569981833,0.0,0.0,0.0,0.0,0.0,0.0,0.0,169.68516899971002,0.0,169.68516899971002,409.7732715393104,0.0,409.7732715393104
A1,'Kirchstetten',44.88,0.0,1.0,29897.99999542764,29897.99999542764,0.0,72732.0809427628,72732.0809427628,0.0,0.0,0.0,0.0,0.0,0.0,0.0,0.0,333.85921275858567,333.85921275858567,0.0,493.86979083266385,493.86979083266385,0.0
A1,'St. Pölten',62.9,2.0,0.0,71148.0,35583.0,35565.0,227454.84943410664,128422.41740026572,99032.43203384092,0.0,0.0,0.0,0.0,0.0,0.0,0.0,903.6430623719742,493.86979083266385,409.7732715393104,1404.0437311270089,776.3991091132484,627.6446220137603
A1,'Schallaburg',76.81,1.0,1.0,29188.0,0.0,29188.0,136934.36037638868,0.0,136934.36037638868,0.0,0.0,0.0,0.0,0.0,0.0,0.0,627.6446220137603,0.0,627.6446220137603,928.9002148418153,0.0,928.9002148418153
A1,'Roggendorf',76.82,0.0,1.0,28377.0,28377.0,0.0,78562.33219617409,78562.33219617409,0.0,0.0,0.0,0.0,0.0,0.0,0.0,0.0,776.3991091132484,776.3991091132484,0.0,949.2362399448314,949.2362399448314,0.0
A1,'Ornding',88.04,0.0,1.0,27048.0,27048.0,0.0,60488.07492270462,60488.07492270462,0.0,0.0,0.0,0.0,0.0,0.0,0.0,0.0,949.2362399448314,949.2362399448314,0.0,1082.3100047747814,1082.3100047747814,0.0
A1,'Ybbs',100.32,1.0,0.0,27161.40445083877,0.0,27161.40445083877,104129.25066774894,0.0,104129.25066774894,0.0,0.0,0.0,0.0,0.0,0.0,0.0,928.9002148418153,0.0,928.9002148418153,1157.984566310863,0.0,1157.984566310863
A1,'Kemmelbach',101.38,0.0,0.0,26898.000000000207,26898.000000000207,0.0,72226.10016870651,72226.10016870651,0.0,0.0,0.0,0.0,0.0,0.0,0.0,0.0,1082.3100047747814,1082.3100047747814,0.0,1241.2074251459358,1241.2074251459358,0.0
A1,'Viehdorf',118.17,0.0,1.0,25545.0,25545.0,0.0,92117.57063469278,92117.57063469278,0.0,0.0,0.0,0.0,0.0,0.0,0.0,0.0,1241.2074251459358,1241.2074251459358,0.0,1443.8660805422599,1443.8660805422599,0.0
A1,'Amstetten',119.36,1.0,1.0,25407.0,0.0,25407.0,122199.48177898517,0.0,122199.48177898517,0.0,0.0,0.0,0.0,0.0,0.0,0.0,1157.984566310863,0.0,1157.984566310863,1426.8234262246306,0.0,1426.8234262246306
A1,'Strengberg',136.0,0.0,0.0,25773.0,25773.0,0.0,85730.10314081071,85730.10314081071,0.0,0.0,0.0,0.0,0.0,0.0,0.0,0.0,1443.8660805422599,1443.8660805422599,0.0,1632.4723074520434,1632.4723074520434,0.0
A1,'Haag',143.54,1.0,0.0,28172.0,0.0,28172.0,72532.38382040594,0.0,72532.38382040594,0.0,0.0,0.0,0.0,0.0,0.0,0.0,1426.8234262246306,0.0,1426.8234262246306,1586.3946706295237,0.0,1586.3946706295237
A1,'Enns Süd',156.19,1.0,1.0,29648.737115098505,0.0,29648.737115098505,86236.6993060754,0.0,86236.6993060754,0.0,0.0,0.0,0.0,0.0,0.0,0.0,1586.3946706295237,0.0,1586.3946706295237,1776.1154091028895,0.0,1776.1154091028895
A1,'Enns Nord',156.79,0.0,1.0,29791.88732837659,29791.88732837659,0.0,122843.35235918174,122843.35235918174,0.0,0.0,0.0,0.0,0.0,0.0,0.0,0.0,1632.4723074520434,1632.4723074520434,0.0,1902.7276826422433,1902.7276826422433,0.0
A1,'Ansfelden Süd',170.93,1.0,0.0,46681.64620523784,0.0,46681.64620523784,108599.64670259466,0.0,108599.64670259466,0.0,0.0,0.0,0.0,0.0,0.0,0.0,1776.1154091028895,0.0,1776.1154091028895,2015.0346318485979,0.0,2015.0346318485979
A1,'Ansfelden Nord',171.01,0.0,0.0,48225.58896718505,48225.58896718505,0.0,137729.45647842763,137729.45647842763,0.0,0.0,0.0,0.0,0.0,0.0,0.0,0.0,1902.7276826422433,1902.7276826422433,0.0,2205.732486894784,2205.732486894784,0.0
A1,'Allhaming Süd',182.59,1.0,1.0,22273.0,0.0,22273.0,132032.00498622254,0.0,132032.00498622254,0.0,0.0,0.0,0.0,0.0,0.0,0.0,2015.0346318485979,0.0,2015.0346318485979,2305.5050428182876,0.0,2305.5050428182876
A1,'Allhaming Nord',182.6,0.0,1.0,22478.0,22478.0,0.0,52074.59618392183,52074.59618392183,0.0,0.0,0.0,0.0,0.0,0.0,0.0,0.0,2205.732486894784,2205.732486894784,0.0,2320.296598499412,2320.296598499412,0.0
A1,'Lindach Nord',212.26,0.0,0.0,24091.0,24091.0,0.0,143292.1869458095,143292.1869458095,0.0,0.0,0.0,0.0,0.0,0.0,0.0,0.0,2320.296598499412,2320.296598499412,0.0,2635.5394097801927,2635.5394097801927,0.0
A1,'Lindach Süd',212.27,1.0,0.0,24205.0,0.0,24205.0,88500.71292866017,0.0,88500.71292866017,0.0,0.0,0.0,0.0,0.0,0.0,0.0,2305.5050428182876,0.0,2305.5050428182876,2500.20661126134,0.0,2500.20661126134
A1,'Hainbach Süd',230.7,1.0,1.0,16641.0,0.0,16641.0,43626.88664048988,0.0,43626.88664048988,0.0,0.0,0.0,0.0,0.0,0.0,0.0,2500.20661126134,0.0,2500.20661126134,2596.185761870418,0.0,2596.185761870418
A1,'Hainbach Nord',230.72,0.0,1.0,15023.0,15023.0,0.0,55447.073726717535,55447.073726717535,0.0,0.0,0.0,0.0,0.0,0.0,0.0,0.0,2635.5394097801927,2635.5394097801927,0.0,2757.5229719789713,2757.5229719789713,0.0
A1,'Straß',243.67,1.0,1.0,16828.67483549712,0.0,16828.67483549712,52286.93331258195,0.0,52286.93331258195,0.0,0.0,0.0,0.0,0.0,0.0,0.0,2596.185761870418,0.0,2596.185761870418,2711.217015158098,0.0,2711.217015158098
A1,'Oberwang',251.03,0.0,1.0,15727.0,15727.0,0.0,64059.905884903295,64059.905884903295,0.0,0.0,0.0,0.0,0.0,0.0,0.0,0.0,2757.5229719789713,2757.5229719789713,0.0,2898.4547649257584,2898.4547649257584,0.0
A1,'Mondsee',259.23,2.0,0.0,31060.001681777,15727.000882328592,15333.000799448411,108891.47151975876,25342.39533715945,83549.07618259931,0.0,0.0,0.0,0.0,0.0,0.0,0.0,5609.671780083856,2898.4547649257584,2711.217015158098,5849.233017427326,2954.2080346675093,2895.0249827598163
A1,'Söllheim',286.46,1.0,0.0,28864.537464121862,0.0,28864.537464121862,82339.63927517904,0.0,82339.63927517904,0.0,0.0,0.0,0.0,0.0,0.0,0.0,2895.0249827598163,0.0,2895.0249827598163,3076.17218916521,0.0,3076.17218916521
A1,'Kasern',287.89,0.0,0.0,38922.8495638266,38922.8495638266,0.0,223019.90593909277,223019.90593909277,0.0,0.0,0.0,0.0,0.0,0.0,0.0,0.0,2954.2080346675093,2954.2080346675093,0.0,3444.8518277335133,3444.8518277335133,0.0
A1,'Walserberg Süd',300.71,1.0,0.0,14880.00000000295,0.0,14880.00000000295,866.4299233497069,0.0,866.4299233497069,1.0,4.0,0.0,4.0,3078.0783349965795,0.0,3078.0783349965795,3076.17218916521,0.0,3076.17218916521,0.0,0.0,0.0
A1,'Walserberg Nord',300.73,0.0,0.0,12964.000000008587,12964.000000008587,0.0,33079.84748626592,33079.84748626592,0.0,1.0,4.0,4.0,0.0,3517.6274922032985,3517.6274922032985,0.0,3444.8518277335133,3444.8518277335133,0.0,0.0,0.0,0.0
A10,'Golling Ost',28.76,1.0,0.0,19647.00094772099,0.0,19647.00094772099,119966.62316808572,0.0,119966.62316808572,0.0,0.0,0.0,-0.0,0.0,0.0,0.0,0.0,0.0,0.0,263.92657096978854,0.0,263.92657096978854
A10,'Golling West',28.82,0.0,0.0,19875.000668287423,19875.000668287423,0.0,104378.50480107158,104378.50480107158,0.0,0.0,0.0,-0.0,0.0,0.0,0.0,0.0,0.0,0.0,0.0,229.6327105623575,229.6327105623575,0.0
A10,'Eben Süd',59.21,2.0,0.0,31555.3674870556,15997.416619605658,15557.95086744994,63864.366982730906,73.98398827676816,63790.382994454136,0.0,0.0,-0.0,-0.0,0.0,0.0,0.0,493.55928153214603,229.6327105623575,263.92657096978854,634.060888894154,229.79547533656637,404.26541355758764
A10,'Eben Nord',59.32,2.0,0.0,31554.16119307871,15997.1632592005,15556.997933878209,97642.35981166828,97570.41264793991,71.94716372837226,0.0,0.0,-0.0,-0.0,0.0,0.0,0.0,634.060888894154,229.79547533656637,404.26541355758764,848.8740804798242,444.4503831620342,404.4236973177901
A10,'Tauernalm',79.79,2.0,0.0,21522.867721662667,10903.654559151322,10619.213162511343,88819.6820605424,44706.93514161317,44112.74691892924,0.0,0.0,-0.0,-0.0,0.0,0.0,0.0,848.8740804798242,444.4503831620342,404.4236973177901,1044.2773810130175,542.8056404735831,501.4717405394344
A10,'Lungau',97.91,0.0,0.0,10877.0,10877.0,0.0,39524.43281357246,39524.43281357246,0.0,0.0,0.0,-0.0,0.0,0.0,0.0,0.0,542.8056404735831,542.8056404735831,0.0,629.7593926634426,629.7593926634426,0.0
A10,'Lanschütz',100.6,1.0,1.0,10558.5,0.0,10558.5,53393.23087724362,0.0,53393.23087724362,0.0,0.0,0.0,-0.0,0.0,0.0,0.0,501.4717405394344,0.0,501.4717405394344,618.9368484693704,0.0,618.9368484693704
A10,'Eisentratten',125.92,2.0,0.0,14180.999999999998,6877.999999999999,7302.999999999999,90988.98323942441,38359.86860817266,52629.11463125176,0.0,0.0,-0.0,-0.0,0.0,0.0,0.0,1248.696241132813,629.7593926634426,618.9368484693704,1448.8720042595467,714.1511036014224,734.7209006581243
A10,'Feistritz an der Drau',162.01,2.0,0.0,29679.0,14929.0,14750.0,170997.24647957023,107585.93075858656,63411.31572098366,1.0,2.0,1.0,1.0,1825.0659465146011,950.8401512703128,874.2257952442883,1448.8720042595467,714.1511036014224,734.7209006581243,0.0,0.0,0.0
A11,'Rosegg',9.04,2.0,0.0,9108.5,4306.5,4802.0,19444.03423128799,7806.040740767851,11637.99349052014,1.0,2.0,1.0,1.0,42.77687530883358,17.173289629689272,25.603585679144313,0.0,0.0,0.0,0.0,0.0,0.0
A12,'Angath Süd',14.1,2.0,0.0,39222.99999999994,19907.99999999997,19314.99999999997,56148.10872631689,56144.28825076325,3.820475553634762,0.0,0.0,-0.0,-0.0,0.0,0.0,0.0,0.0,0.0,0.0,123.52583919789714,123.51743415167914,0.008405046217996476
A12,'Angath Nord',14.22,2.0,0.0,39222.99999999994,19907.99999999997,19314.99999999997,86003.9180407436,3.93776998818332,85999.98027075542,0.0,0.0,-0.0,-0.0,0.0,0.0,0.0,123.52583919789714,123.51743415167914,0.008405046217996476,312.73445888753304,123.52609724565315,189.20836164187992
A12,'Münster Nord',35.71,0.0,1.0,18334.0,18334.0,0.0,79565.35290639894,79565.35290639894,0.0,0.0,0.0,-0.0,0.0,0.0,0.0,0.0,123.52609724565315,123.52609724565315,0.0,298.5698736397308,298.5698736397308,0.0
A12,'Münster Süd',36.25,1.0,1.0,18162.0,0.0,18162.0,51027.0984567292,0.0,51027.0984567292,0.0,0.0,0.0,-0.0,0.0,0.0,0.0,189.20836164187992,0.0,189.20836164187992,301.46797824668425,0.0,301.46797824668425
A12,'Vomp',50.47,1.0,0.0,24431.999999991072,0.0,24431.999999991072,22234.356307397185,0.0,22234.356307397185,0.0,0.0,0.0,-0.0,0.0,0.0,0.0,301.46797824668425,0.0,301.46797824668425,350.3835621229581,0.0,350.3835621229581
A12,'Weer',54.8,0.0,0.0,24110.000189607712,24110.000189607712,0.0,91922.39487971723,91922.39487971723,0.0,0.0,0.0,-0.0,0.0,0.0,0.0,0.0,298.5698736397308,298.5698736397308,0.0,500.7991423751087,500.7991423751087,0.0
A12,'Weer Süd',55.0,1.0,1.0,24141.001987531265,0.0,24141.001987531265,197089.950526282,0.0,197089.950526282,0.0,0.0,0.0,-0.0,0.0,0.0,0.0,350.3835621229581,0.0,350.3835621229581,783.9814532807786,0.0,783.9814532807786
A12,'Ampaß',72.07,0.0,0.0,35539.999996608014,35539.999996608014,0.0,123154.22328142951,123154.22328142951,0.0,0.0,0.0,-0.0,0.0,0.0,0.0,0.0,500.7991423751087,500.7991423751087,0.0,771.7384335942538,771.7384335942538,0.0
A12,'Zirl-Inzing',91.77,0.0,1.0,20799.0,20799.0,0.0,82023.58476167452,82023.58476167452,0.0,0.0,0.0,0.0,0.0,0.0,0.0,0.0,771.7384335942538,771.7384335942538,0.0,952.190320069938,952.190320069938,0.0
A12,'Pettnau',95.81,2.0,0.0,37922.0,18889.0,19033.0,165593.5507511032,14638.245573299051,150955.30517780414,0.0,0.0,-0.0,-0.0,0.0,0.0,0.0,1736.1717733507166,952.190320069938,783.9814532807786,2100.4775850031438,984.3944603311959,1116.0831246719479
A12,'Mils',135.51,2.0,0.0,19502.000000000833,10262.00000000003,9240.000000000804,99879.26500112754,81390.39256736355,18488.872433763983,1.0,4.0,2.0,2.0,2320.2119680056244,1163.4533239793957,1156.7586440262287,2100.4775850031438,984.3944603311959,1116.0831246719479,0.0,0.0,0.0
A13,'Europabrücke',8.27,2.0,0.0,41638.0,21023.0,20615.0,70370.3325587005,34547.02051314864,35823.31204555185,0.0,0.0,-0.0,-0.0,0.0,0.0,0.0,0.0,0.0,0.0,154.81473162914108,76.003445128927,78.81128650021407
A13,'Matrei West',16.79,0.0,0.0,15161.0,15161.0,0.0,25846.426928735076,25846.426928735076,0.0,0.0,0.0,-0.0,0.0,0.0,0.0,0.0,76.003445128927,76.003445128927,0.0,132.86558437214416,132.86558437214416,0.0
A13,'Matrei Ost',16.95,2.0,0.0,29983.0,15161.0,14822.0,36929.252580801745,499.30355502003806,36429.94902578171,0.0,0.0,-0.0,-0.0,0.0,0.0,0.0,211.67687087235822,132.86558437214416,78.81128650021407,292.92122655012207,133.96405219318825,158.95717435693382
A13,'Nößlach',26.91,2.0,1.0,12027.916375220364,12027.916375220364,0.0,26003.24170150209,26003.24170150209,0.0,0.0,0.0,-0.0,0.0,0.0,0.0,0.0,133.96405219318825,133.96405219318825,0.0,191.17118393649284,191.17118393649284,0.0
A13,'Gries Ost',29.15,1.0,0.0,11601.99774413572,0.0,11601.99774413572,11387.01827145676,0.0,11387.01827145676,0.0,0.0,0.0,-0.0,0.0,0.0,0.0,158.95717435693382,0.0,158.95717435693382,184.0086145541387,0.0,184.0086145541387
A13,'Gries West',29.54,0.0,0.0,12036.99974796117,12036.99974796117,0.0,4238.013247571624,4238.013247571624,0.0,0.0,0.0,-0.0,0.0,0.0,0.0,0.0,191.17118393649284,191.17118393649284,0.0,200.4948130811504,200.4948130811504,0.0
A13,'Brennersee',33.44,0.0,0.0,12037.0,12037.0,0.0,9408.316380843364,9408.316380843364,0.0,0.0,0.0,-0.0,0.0,0.0,0.0,0.0,200.4948130811504,200.4948130811504,0.0,221.19310911900578,221.19310911900578,0.0
A13,'Brennerpaß',34.16,2.0,0.0,23639.0,12037.0,11602.0,2518.3592467820863,1729.6446040078497,788.7146427742366,1.0,2.0,1.0,1.0,410.7421140160651,224.99832724782306,185.74378676824202,405.20172367314444,221.19310911900578,184.0086145541387,0.0,0.0,0.0
A14,'Hörbranz’,0.0,2.0,1.0,11914.47538487758,11914.47538487758,0.0,580.5002038524873,580.5002038524873,0.0,0.0,0.0,-0.0,0.0,0.0,0.0,0.0,0.0,0.0,0.0,1.277100448475494,1.277100448475494,0.0
A14,'Hohenems',24.48,2.0,0.0,53333.40958305029,26852.092271153047,26481.317311897245,325972.7230756362,129158.23498549042,196814.48809014575,1.0,2.0,1.0,1.0,718.4170912148751,285.4252174165544,432.9918737983207,1.277100448475494,1.277100448475494,0.0,0.0,0.0,0.0
A2,'Guntramsdorf',14.43,2.0,0.0,106539.0608322543,54671.885978190505,51867.17485406379,341487.5079237672,158457.9372379927,183029.57068577447,0.0,0.0,-0.0,-0.0,0.0,0.0,0.0,0.0,0.0,0.0,751.2725174322877,348.60746192358397,402.6650555087038
A2,'Triestingtal',32.08,0.0,1.0,40445.0,40445.0,0.0,143069.6923848394,143069.6923848394,0.0,0.0,0.0,-0.0,0.0,0.0,0.0,0.0,348.60746192358397,348.60746192358397,0.0,663.3607851702307,663.3607851702307,0.0
A2,'Leobersdorf',32.08,1.0,1.0,39540.0,0.0,39540.0,56942.74699600472,0.0,56942.74699600472,0.0,0.0,0.0,-0.0,0.0,0.0,0.0,402.6650555087038,0.0,402.6650555087038,527.9390988999141,0.0,527.9390988999141
A2,'Föhrenberg',39.31,1.0,0.0,39539.98215618593,0.0,39539.98215618593,93778.97588690832,0.0,93778.97588690832,0.0,0.0,0.0,-0.0,0.0,0.0,0.0,527.9390988999141,0.0,527.9390988999141,734.2528458511124,0.0,734.2528458511124
A2,'Bad Fischau',40.93,0.0,0.0,37535.00000001001,37535.00000001001,0.0,66634.96786186735,66634.96786186735,0.0,0.0,0.0,-0.0,0.0,0.0,0.0,0.0,663.3607851702307,663.3607851702307,0.0,809.9577144663389,809.9577144663389,0.0
A2,'Steinfeld',50.35,0.0,1.0,32434.00031526797,32434.00031526797,0.0,59928.40402750363,59928.40402750363,0.0,0.0,0.0,-0.0,0.0,0.0,0.0,0.0,809.9577144663389,809.9577144663389,0.0,941.8002033268468,941.8002033268468,0.0
A2,'Wr. Neustadt',51.18,1.0,1.0,31158.00000000052,0.0,31158.00000000052,172010.8435859857,0.0,172010.8435859857,0.0,0.0,0.0,0.0,0.0,0.0,0.0,734.2528458511124,0.0,734.2528458511124,1112.676701740281,0.0,1112.676701740281
A2,'Zöbern',78.76,2.0,0.0,34076.0,17853.0,16223.0,127688.39957479399,101778.6326400082,25909.766934785785,0.0,0.0,0.0,-0.0,0.0,0.0,0.0,2054.476905067128,941.8002033268468,1112.676701740281,2335.3913841316744,1165.713195134865,1169.6781889968097
A2,'Schäffern Ost',86.7,1.0,1.0,16223.0,0.0,16223.0,61123.2530374171,0.0,61123.2530374171,0.0,0.0,0.0,0.0,0.0,0.0,0.0,1169.6781889968097,0.0,1169.6781889968097,1304.1493456791272,0.0,1304.1493456791272
A2,'Loipersdorf',105.5,2.0,0.0,27899.0,14612.0,13287.0,154018.46142676251,78390.34012413416,75628.12130262834,0.0,0.0,0.0,0.0,-9.094947017729282e-13,0.0,-9.094947017729282e-13,2469.8625408139924,1165.713195134865,1304.1493456791272,2808.7031559528705,1338.17194340796,1470.5312125449104
A2,'Hainersdorf',133.87,0.0,1.0,16034.999999999998,16034.999999999998,0.0,90554.39668407534,90554.39668407534,0.0,0.0,0.0,0.0,0.0,0.0,0.0,0.0,1338.17194340796,1338.17194340796,0.0,1537.391616112926,1537.391616112926,0.0
A2,'Bad Blumau',134.06,1.0,1.0,14879.0,0.0,14879.0,59355.30955245131,0.0,59355.30955245131,0.0,0.0,0.0,0.0,0.0,0.0,0.0,1470.5312125449104,0.0,1470.5312125449104,1601.1128935603033,0.0,1601.1128935603033
A2,'Arnwiesen',154.1,2.0,0.0,36495.0010822289,19529.0004964994,16966.000585729496,135214.80430038154,78775.931104602,56438.87319577954,0.0,0.0,0.0,-0.0,0.0,0.0,0.0,3138.504509673229,1537.391616112926,1601.1128935603033,3435.9770791340684,1710.6986645430502,1725.2784145910182
A2,'Laßnitzhöhe Nord',170.16,0.0,1.0,27470.0,27470.0,0.0,89210.41764080411,89210.41764080411,0.0,0.0,0.0,0.0,0.0,0.0,0.0,0.0,1710.6986645430502,1710.6986645430502,0.0,1906.9615833528192,1906.9615833528192,0.0
A2,'Laßnitzhöhe Süd',170.65,1.0,1.0,29743.0,0.0,29743.0,119872.94775894134,0.0,119872.94775894134,0.0,0.0,0.0,0.0,0.0,0.0,0.0,1725.2784145910182,0.0,1725.2784145910182,1988.9988996606892,0.0,1988.9988996606892
A2,'Kaiserwald',190.77,2.0,0.0,42649.00410506857,21967.00248080555,20682.001624263023,212311.14271654858,90269.44009665956,122041.70261988904,0.0,0.0,0.0,-0.0,0.0,0.0,0.0,3895.9604830135086,1906.9615833528192,1988.9988996606892,4363.0449969899155,2105.5543515654704,2257.490645424445
A2,'Herzogberg Nord',220.13,0.0,1.0,8807.00000002098,8807.00000002098,0.0,51848.951152018446,51848.951152018446,0.0,0.0,0.0,0.0,0.0,0.0,0.0,0.0,2105.5543515654704,2105.5543515654704,0.0,2219.622044099911,2219.622044099911,0.0
A2,'Herzogberg Süd',220.19,1.0,1.0,8120.999999999229,0.0,8120.999999999229,24362.120249568077,0.0,24362.120249568077,0.0,0.0,0.0,-0.0,0.0,0.0,0.0,2257.490645424445,0.0,2257.490645424445,2311.087309973495,0.0,2311.087309973495
A2,'Pack',235.21,2.0,0.0,16928.0,8807.0,8120.999999999999,107246.45859213948,26540.01416042541,80706.44443171406,0.0,0.0,0.0,-0.0,0.0,0.0,0.0,4530.709354073406,2219.622044099911,2311.087309973495,4766.6515629761125,2278.010075252847,2488.641487723266
A2,'Völkermarkt',285.09,2.0,0.0,21133.0,10779.0,10354.0,137900.08595592296,107121.63089883584,30778.45505708712,0.0,0.0,0.0,-0.0,0.0,0.0,0.0,4766.6515629761125,2278.010075252847,2488.641487723266,5070.031752079143,2513.677663230286,2556.354088848858
A2,'Grafenstein Süd',300.0,1.0,1.0,13587.999999999998,0.0,13587.999999999998,81445.24169896843,0.0,81445.24169896843,0.0,0.0,0.0,-0.0,0.0,0.0,0.0,2556.354088848858,0.0,2556.354088848858,2735.5336205865883,0.0,2735.5336205865883
A2,'Grafenstein Nord',300.0,0.0,1.0,13362.0,13362.0,0.0,39644.441582321415,39644.441582321415,0.0,0.0,0.0,-0.0,0.0,0.0,0.0,0.0,2513.677663230286,2513.677663230286,0.0,2600.895434711393,2600.895434711393,0.0
A2,'Wörthersee',340.13,2.0,0.0,38076.99999701492,19452.999998289542,18623.999998725383,149916.98024786788,116709.63960631324,33207.340641554634,0.0,0.0,0.0,-0.0,0.0,0.0,0.0,5336.429055297982,2600.895434711393,2735.5336205865883,5666.246411843291,2857.656641845282,2808.5897699980087
A2,'Dreiländereck Süd',374.17,2.0,0.0,29010.99995582863,9394.99999993558,19615.999955893047,113634.3848593006,63912.37234872594,49722.012510574656,0.0,0.0,-0.0,-0.0,0.0,0.0,0.0,5666.246411843291,2857.656641845282,2808.5897699980087,5916.242058533751,2998.263861012479,2917.9781975212727
A2,'Dreiländereck Nord',374.27,2.0,0.0,24357.99999982947,9394.999999829468,14963.000000000002,57429.86785277845,104.92992358564643,57324.937929192805,1.0,7.0,3.0,4.0,6042.587767809864,2998.4947068443676,3044.093060965497,5916.242058533751,2998.263861012479,2917.9781975212727,0.0,0.0,0.0
A21,'Alland',14.68,2.0,0.0,40163.5,20093.0,20070.5,103417.58750904436,49420.33889377227,53997.24861527208,0.0,1.0,-0.0,1.0,118.79394695359856,0.0,118.79394695359856,0.0,0.0,0.0,108.724745566299,108.724745566299,0.0
A21,'Hinterbrühl',26.99,0.0,1.0,19730.962284466663,19730.962284466663,0.0,44502.271823291965,44502.271823291965,0.0,1.0,1.0,1.0,0.0,206.62974357754132,206.62974357754132,0.0,108.724745566299,108.724745566299,0.0,0.0,0.0,0.0
A22,'Korneuburg West',18.04,1.0,0.0,32131.000000493023,0.0,32131.000000493023,63932.21893438356,0.0,63932.21893438356,0.0,0.0,0.0,-0.0,0.0,0.0,0.0,0.0,0.0,0.0,140.65088165564381,0.0,140.65088165564381
A22,'Korneuburg Ost',18.12,0.0,0.0,32321.000000000007,32321.000000000007,0.0,116866.4197787237,116866.4197787237,0.0,1.0,1.0,1.0,0.0,257.10612351319213,257.10612351319213,0.0,0.0,0.0,0.0,0.0,0.0,0.0
A22,'Stockerau',28.09,1.0,0.0,30190.007584098337,0.0,30190.007584098337,9009.757712564318,0.0,9009.757712564318,1.0,1.0,0.0,1.0,160.4723486232853,0.0,160.4723486232853,140.65088165564381,0.0,140.65088165564381,0.0,0.0,0.0
A25,'Pucking',5.97,0.0,1.0,21620.0,21620.0,0.0,25350.64141680889,25350.64141680889,0.0,0.0,0.0,-0.0,0.0,0.0,0.0,0.0,0.0,0.0,0.0,55.77141111697955,55.77141111697955,0.0
A25,'Wels',13.06,2.0,0.0,49975.503210327646,25078.48219887029,24897.02101145736,71240.92245977157,35488.490093098524,35752.43236667305,1.0,2.0,1.0,1.0,212.501440528477,133.84608932179628,78.6553512066807,55.77141111697955,55.77141111697955,0.0,0.0,0.0,0.0
A3,'Hornstein',28.0,2.0,0.0,35088.0,17427.0,17661.0,114520.76259901357,66852.17460927166,47668.58798974191,1.0,2.0,1.0,1.0,251.94567771782985,147.07478414039767,104.87089357743218,0.0,0.0,0.0,0.0,0.0,0.0
A4,'Simmering',2.45,0.0,0.0,35371.78969176939,35371.78969176939,0.0,22257.83857434953,22257.83857434953,0.0,0.0,0.0,-0.0,0.0,0.0,0.0,0.0,0.0,0.0,0.0,48.967244863568965,48.967244863568965,0.0
A4,'Fischamend',22.33,0.0,1.0,28227.0,28227.0,0.0,112756.86408974236,112756.86408974236,0.0,0.0,0.0,-0.0,0.0,0.0,0.0,0.0,48.967244863568965,48.967244863568965,0.0,297.03234586100217,297.03234586100217,0.0
A4,'Maria Ellend',22.48,1.0,1.0,27990.0,0.0,27990.0,32591.644875563223,0.0,32591.644875563223,0.0,0.0,0.0,-0.0,0.0,0.0,0.0,0.0,0.0,0.0,71.70161872623909,0.0,71.70161872623909
A4,'Göttlesbrunn',28.04,2.0,0.0,47550.0,24272.0,23278.0,199378.60737736453,28046.547072865586,171332.06030449894,0.0,0.0,-0.0,-0.0,0.0,0.0,0.0,368.73396458724125,297.03234586100217,71.70161872623909,807.3669008174434,358.73474942130656,448.63215139613675
A4,'Nickelsdorf Süd',64.65,0.0,0.0,10545.000205483248,10545.000205483248,0.0,76995.55071763713,76995.55071763713,0.0,1.0,1.0,1.0,0.0,528.1249610001082,528.1249610001082,0.0,358.73474942130656,358.73474942130656,0.0,0.0,0.0,0.0
A4,'Nickelsdorf Nord',64.97,1.0,0.0,7158.000028017371,0.0,7158.000028017371,1140.7844882274428,0.0,1140.7844882274428,1.0,1.0,0.0,1.0,451.1418772702371,0.0,451.1418772702371,448.63215139613675,0.0,448.63215139613675,0.0,0.0,0.0
A5,'Hochleithen',10.63,2.0,0.0,35611.2,17306.5,18304.7,171050.44466718304,34873.96904422976,136176.4756229533,1.0,2.0,1.0,1.0,376.31097826780274,76.72273189730547,299.58824637049725,0.0,0.0,0.0,0.0,0.0,0.0
A6,'Potzneusiedl',10.8,2.0,0.0,15204.999999970727,7325.999999986983,7878.999999983744,33671.23460537669,15733.539261383205,17937.695343993484,1.0,2.0,1.0,1.0,74.0767161318287,34.61378637504305,39.46292975678566,0.0,0.0,0.0,0.0,0.0,0.0
A7,'Engerwitzdorf',25.71,1.0,1.0,19344.0,0.0,19344.0,4050.242286953621,0.0,4050.242286953621,1.0,1.0,0.0,1.0,8.910533031297964,0.0,8.910533031297964,0.0,0.0,0.0,0.0,0.0,0.0
A7,'Denk',25.76,0.0,1.0,18851.0,18851.0,0.0,97075.89483825683,97075.89483825683,0.0,1.0,1.0,1.0,0.0,213.56696864416506,213.56696864416506,0.0,0.0,0.0,0.0,0.0,0.0,0.0
A8,'Voralpenkreuz',0.17,2.0,0.0,20453.0,10081.0,10372.0,70402.5195645118,882.1776563040131,69520.34190820777,0.0,0.0,-0.0,-0.0,0.0,0.0,0.0,0.0,0.0,0.0,154.88554304192593,1.9407908438688288,152.9447521980571
A8,'Aistersheim',33.81,2.0,0.0,30956.0,14979.0,15977.0,174143.73401582515,100399.65305081414,73744.08096501099,0.0,0.0,-0.0,-0.0,0.0,0.0,0.0,154.88554304192593,1.9407908438688288,152.9447521980571,538.0017578767413,222.82002755566,315.1817303210813
A8,'Murau West',56.77,1.0,1.0,14172.0,0.0,14172.0,41708.92113869764,0.0,41708.92113869764,0.0,0.0,0.0,-0.0,0.0,0.0,0.0,315.1817303210813,0.0,315.1817303210813,406.9413568262161,0.0,406.9413568262161
A8,'Murau Ost',56.88,0.0,1.0,13536.0,13536.0,0.0,62540.67745073653,62540.67745073653,0.0,1.0,1.0,1.0,0.0,360.4095179472804,360.4095179472804,0.0,222.82002755566,222.82002755566,0.0,0.0,0.0,0.0
A8,'Marienkirchen/Schärding’,71.6,1.0,1.0,10055.234280795672,0.0,10055.234280795672,6370.451690557319,0.0,6370.451690557319,0.0,0.0,0.0,-0.0,0.0,0.0,0.0,406.9413568262161,0.0,406.9413568262161,420.9563505454422,0.0,420.9563505454422
A8,'Suben West',74.77,1.0,0.0,9186.000000189424,0.0,9186.000000189424,2309.5037607612567,0.0,2309.5037607612567,1.0,1.0,0.0,1.0,426.03725881911697,0.0,426.03725881911697,420.9563505454422,0.0,420.9563505454422,0.0,0.0,0.0
A9,'St. Pankraz',36.36,2.0,0.0,13974.0,7033.0,6941.0,76994.75393328123,51067.34595136446,25927.407981916764,0.0,0.0,0.0,-0.0,0.0,0.0,0.0,0.0,0.0,0.0,169.38845865321872,112.34816109300182,57.040297560216885
A9,'Pyhrn-Priel Ost’,55.03,1.0,1.0,7591.971611767987,0.0,7591.971611767987,46666.31891472245,0.0,46666.31891472245,0.0,0.0,0.0,-0.0,0.0,0.0,0.0,57.040297560216885,0.0,57.040297560216885,159.70619917260626,0.0,159.70619917260626
A9,'Pyhrn-Priel West',55.04,0.0,1.0,8230.855228133318,8230.855228133318,0.0,31192.30198661983,31192.30198661983,0.0,0.0,0.0,0.0,0.0,0.0,0.0,0.0,112.34816109300182,112.34816109300182,0.0,180.97122546356545,180.97122546356545,0.0
A9,'Trieben',85.7,2.0,0.0,20906.0,10619.0,10287.0,77919.67930409627,64696.454639353375,13223.224664742887,0.0,0.0,0.0,-0.0,0.0,0.0,0.0,340.67742463617174,180.97122546356545,159.70619917260626,512.1007191051835,323.3034256701429,188.79729343504061
A9,'Gaishorn',92.11,1.0,1.0,10287.0,0.0,10287.0,59924.01877210385,0.0,59924.01877210385,0.0,0.0,0.0,-0.0,0.0,0.0,0.0,188.79729343504061,0.0,188.79729343504061,320.63013473366914,0.0,320.63013473366914
A9,'Kalwang',106.26,0.0,1.0,10953.0,10953.0,0.0,45192.7649885505,45192.7649885505,0.0,0.0,0.0,0.0,0.0,0.0,0.0,0.0,323.3034256701429,323.3034256701429,0.0,422.72750864495396,422.72750864495396,0.0
A9,'Kammern Süd',121.26,2.0,0.0,21954.0,11028.0,10926.0,121610.15295791501,32914.014449608665,88696.13850830635,0.0,0.0,0.0,-0.0,0.0,0.0,0.0,743.3576433786232,422.72750864495396,320.63013473366914,1010.8999798860361,495.13834043409304,515.7616394519431
A9,'Deutschfeistritz',161.95,2.0,0.0,23289.000114064176,11777.000055015264,11512.00005904891,209832.80544527044,95604.4689815088,114228.33646376162,0.0,0.0,0.0,-0.0,0.0,0.0,0.0,1010.8999798860361,495.13834043409304,515.7616394519431,1472.532151865631,705.4681721934124,767.0639796722187
A9,'Premstätten',192.48,0.0,1.0,32302.511670869648,32302.511670869648,0.0,198945.786350562,198945.786350562,0.0,0.0,0.0,0.0,0.0,0.0,0.0,0.0,705.4681721934124,705.4681721934124,0.0,1143.148902164649,1143.148902164649,0.0
A9,'Gralla West',211.06,0.0,0.0,20689.0,20689.0,0.0,76643.58637779353,76643.58637779353,0.0,1.0,2.0,2.0,0.0,1311.7647921957946,1311.7647921957946,0.0,1143.148902164649,1143.148902164649,0.0,0.0,0.0,0.0
A9,'Gralla Ost',211.45,1.0,0.0,19399.0,0.0,19399.0,72223.11037113996,0.0,72223.11037113996,1.0,1.0,0.0,1.0,925.9548224887266,0.0,925.9548224887266,767.0639796722187,0.0,767.0639796722187,0.0,0.0,0.0
S16,'Schnann',18.9,2.0,0.0,9860.99996031521,4941.999999999992,4918.999960315217,43437.30630977449,18700.073610347983,24737.232699426502,0.0,0.0,-0.0,-0.0,0.0,0.0,0.0,0.0,0.0,0.0,95.56207388150386,41.14016194276556,54.421911938738305
S16,'Klösterle',44.17,1.0,0.0,4439.000000265529,0.0,4439.000000265529,15751.5145677921,0.0,15751.5145677921,1.0,1.0,0.0,1.0,89.07524398788092,0.0,89.07524398788092,54.421911938738305,0.0,54.421911938738305,0.0,0.0,0.0
S16,'Innerbraz',54.99,0.0,0.0,5391.999999999998,5391.999999999998,0.0,38789.08951452321,38789.08951452321,0.0,1.0,1.0,1.0,0.0,126.47615887471663,126.47615887471663,0.0,41.14016194276556,41.14016194276556,0.0,0.0,0.0,0.0
S1A,'Schwechat',9.85,2.0,0.0,61703.49999987559,31463.499999975807,30239.99999989978,98660.20943375537,39041.52295889174,59618.68647486362,1.0,2.0,1.0,1.0,217.0524607542618,85.89135050956183,131.16111024469998,0.0,0.0,0.0,0.0,0.0,0.0
S1B,'Deutsch Wagram',39.05,2.0,0.0,32604.83333333333,16237.966666666664,16366.866666666663,73145.99870320682,9677.10465852084,63468.89404468598,1.0,2.0,1.0,1.0,160.921197147055,21.28963024874585,139.63156689830916,0.0,0.0,0.0,0.0,0.0,0.0
S33,'St. Pölten Ost',1.84,0.0,0.0,15332.000000000002,15332.000000000002,0.0,42162.713450383104,42162.713450383104,0.0,0.0,0.0,-0.0,0.0,0.0,0.0,0.0,0.0,0.0,0.0,92.75796959084283,92.75796959084283,0.0
S33,'Inzersdorf',15.28,1.0,1.0,15650.364459623052,0.0,15650.364459623052,47979.53816597848,0.0,47979.53816597848,1.0,1.0,0.0,1.0,105.55498396515266,0.0,105.55498396515266,0.0,0.0,0.0,0.0,0.0,0.0
S33,'Herzogenburg',15.69,0.0,1.0,15657.319893344473,15657.319893344473,0.0,36041.87317235301,36041.87317235301,0.0,1.0,1.0,1.0,0.0,172.05009057001945,172.05009057001945,0.0,92.75796959084283,92.75796959084283,0.0,0.0,0.0,0.0
S36,'St. Marein Nord',14.89,0.0,0.0,10113.0,10113.0,0.0,30156.505485607195,30156.505485607195,0.0,1.0,1.0,1.0,0.0,66.34431206833584,66.34431206833584,0.0,0.0,0.0,0.0,0.0,0.0,0.0
S36,'St. Marein Süd',14.97,1.0,0.0,10133.0,0.0,10133.0,45516.90322953391,0.0,45516.90322953391,1.0,1.0,0.0,1.0,100.1371871049746,0.0,100.1371871049746,0.0,0.0,0.0,0.0,0.0,0.0
S5,'Grafenwörth',32.85,2.0,0.0,24240.0,12017.0,12223.0,107889.9944139893,78745.53228630197,29144.46212768733,1.0,2.0,1.0,1.0,237.35798771077646,173.2401710298643,64.11781668091213,0.0,0.0,0.0,0.0,0.0,0.0
S6,'Natschbach',3.22,2.0,0.0,28895.0,14441.0,14454.000000000002,66346.034024386,7829.400123642268,58516.63390074373,0.0,0.0,-0.0,-0.0,0.0,0.0,0.0,0.0,0.0,0.0,145.9612748536492,17.22468027201299,128.7365945816362
S6,'Schottwien',23.57,2.0,0.0,15944.5,8009.0,7935.5,72085.00602673124,32424.223115473676,39660.78291125756,0.0,0.0,-0.0,-0.0,0.0,0.0,0.0,145.9612748536492,17.22468027201299,128.7365945816362,304.5482881124579,88.55797112605508,215.99031698640283
S6,'Schwöbing Nord',48.55,0.0,0.0,9945.0,9945.0,0.0,49668.15156439487,49668.15156439487,0.0,0.0,0.0,-0.0,0.0,0.0,0.0,0.0,88.55797112605508,88.55797112605508,0.0,197.8279045677238,197.8279045677238,0.0
S6,'Schwöbing Süd',48.57,1.0,0.0,9757.0,0.0,9757.0,46526.20864062981,0.0,46526.20864062981,0.0,0.0,0.0,-0.0,0.0,0.0,0.0,215.99031698640283,0.0,215.99031698640283,318.34797599578843,0.0,318.34797599578843
S6,'St. Marein',68.99,0.0,0.0,12864.0,12864.0,0.0,52521.60007264168,52521.60007264168,0.0,1.0,1.0,1.0,0.0,313.3754247275355,313.3754247275355,0.0,197.8279045677238,197.8279045677238,0.0,0.0,0.0,0.0
S6,'Kapfenberg Süd',72.45,1.0,1.0,12893.5,0.0,12893.5,83967.40895002644,0.0,83967.40895002644,1.0,1.0,0.0,1.0,503.0762756858466,0.0,503.0762756858466,318.34797599578843,0.0,318.34797599578843,0.0,0.0,0.0
