Time of calculation: 20211214-155954; value of objective: 5279999.999995699;  acc=3000;  ec=0.25;  e_tax=0.15;  cfix=150000;  cvar=10000;  eta=0.011;  mu=0.6;  i=
segment_id,dir,type_ID,POI_ID,traffic_flow,traffic_flow_0,traffic_flow_1,energy_demand,energy_demand_0,energy_demand_1,dist_along_segment,pois_type,pYi_dir,pYi_dir_0,pYi_dir_1,pE_charged,pE_charged_0,pE_charged_1,pE_input,pE_input_0,pE_input_1,pE_output,pE_output_0,pE_output_1,pXi
0.0,2.0,0.0,0.0,26540.63611205301,13243.023903864512,13297.612208188497,88.47842462876358,0.0,88.47842462876358,0.0,link,0.0,0.0,0.0,0.0,0.0,0.0,0.0,0.0,0.0,0.04087703217848877,0.0,0.04087703217848877,0
0.0,2.0,1.0,1.0,26594.77697992819,13269.441574912722,13325.335405015468,16.20007953841552,0.63549550854442,15.564584029871098,239.71582410116363,ra,5.0,0.0,5.0,0.05443486307372248,0.00029359892494752206,0.05414126414877496,0.04695042632697451,0.0,0.04695042632697451,0.0,0.0,0.0,1
0.0,2.0,0.0,2.0,45891.071384772644,24132.535484801192,21758.535899971448,209.06156783801475,107.437268428979,101.62429940903576,24427.46216029796,ra,0.0,0.0,-0.0,0.0,0.0,0.0,0.0,0.0,0.0,0.09658644434116281,0.04963601801418829,0.04695042632697451,0
0.0,1.0,2.0,3.0,5594.606273434111,0.0,5594.606273434111,41.31970809979909,0.0,41.31970809979909,68504.60131061138,ra,3.0,0.0,3.0,0.08549189781127622,0.0,0.08549189781127622,0.06640219266916905,0.0,0.06640219266916905,0.0,0.0,0.0,1
0.0,0.0,3.0,4.0,4553.083889317481,4553.083889317481,0.0,143.74896650276605,143.74896650276605,0.0,79329.13749040988,ra,0.0,-0.0,0.0,0.0,0.0,0.0,0.04963601801418829,0.04963601801418829,0.0,0.11604804053846621,0.11604804053846621,0.0,0
0.0,2.0,4.0,5.0,7895.539602766943,4645.32330643337,3250.2162963335736,46.859500991839674,20.773235816227867,26.086265175611807,104473.7124161702,ra,3.0,3.0,0.0,0.11604804053846621,0.11604804053846621,0.0,0.1703983786965026,0.11604804053846621,0.0543503381580364,0.07599942761626632,0.009597234947097275,0.06640219266916905,1
0.0,2.0,5.0,6.0,19815.36822147169,9562.72950758806,10252.63871388363,159.1805253023437,41.53910071784935,117.64142458449436,133409.21035475997,ra,0.0,0.0,-0.0,0.0,0.0,0.0,0.009597234947097275,0.009597234947097275,0.0,0.08313863763678007,0.028788299478743676,0.0543503381580364,0
0.0,2.0,6.0,7.0,38420.41317046725,19234.66349454688,19185.749675920368,205.8346328182912,99.14202417303106,106.69260864526014,173065.41379977632,ra,2.0,2.0,0.0,0.15898211500228265,0.0191910645316464,0.13979105047063625,0.11928736475526971,0.028788299478743676,0.09049906527652604,0.05540085011503762,0.05540085011503762,0.0,1
0.0,1.0,7.0,8.0,21229.45737990749,0.0,21229.45737990749,0.6381438137784965,0.0,0.6381438137784965,176940.22069628988,ra,0.0,0.0,-0.0,0.0,0.0,0.0,0.09020424283456038,0.0,0.09020424283456038,0.09049906527652604,0.0,0.09049906527652604,0
0.0,2.0,0.0,9.0,50605.7308716768,25638.902393873523,24966.82847780328,104.20357103484712,104.20357103484712,0.0,194059.96494613093,link,0.0,0.0,0.0,0.0,0.0,0.0,0.145605092949598,0.05540085011503762,0.09020424283456038,0.19374714276769736,0.10354289993313698,0.09020424283456038,0
1.0,2.0,0.0,10.0,41635.269674683135,21021.62675530025,20613.64291938288,0.795523730019109,0.0,0.795523730019109,0.0,link,0.0,0.0,0.0,0.0,0.0,0.0,0.1332182933408916,0.11491524242651963,0.018303050914371993,0.13358582530416044,0.11491524242651963,0.01867058287764082,0
1.0,2.0,8.0,11.0,39859.943598360216,20128.71002741653,19731.23357094369,45.52656886735724,34.314546284810994,11.212022582546249,8218.215919324155,ra,2.0,0.0,2.0,0.16013129934300419,0.13076856281010232,0.029362736532901848,0.1574010754406571,0.11491524242651963,0.04248583301413747,0.018303050914371993,0.0,0.018303050914371993,1
1.0,0.0,9.0,12.0,15021.9786197919,15021.9786197919,0.0,28.536853128097665,28.536853128097665,0.0,16747.064047816148,ra,0.0,0.0,0.0,0.0,0.0,0.0,0.0,0.0,0.0,0.01318402614518112,0.01318402614518112,0.0,0
1.0,2.0,10.0,13.0,29629.27020666332,14994.151703987822,14635.1185026755,3.826578305959292,0.4942222411737276,3.3323560647855643,16911.740762175257,ra,0.0,0.0,0.0,0.0,0.0,0.0,0.05413031065738766,0.01318402614518112,0.04094628451220654,0.055898189834740854,0.013412356820603382,0.04248583301413747,0
1.0,2.0,14.0,14.0,23126.81664543996,11846.335117703364,11280.481527736596,54.31177937330122,27.735190858274464,26.57658851502676,27721.26496153286,ra,0.0,0.0,0.0,0.0,0.0,0.0,0.04208025743886756,0.013412356820603382,0.02866790061826418,0.06717229950933273,0.026226014997126186,0.04094628451220654,0
1.0,1.0,13.0,15.0,11337.261932088282,0.0,11337.261932088282,28.40497073860525,0.0,28.40497073860525,29194.630965596883,ra,0.0,0.0,-0.0,0.0,0.0,0.0,0.015544804137028554,0.0,0.015544804137028554,0.02866790061826418,0.0,0.02866790061826418,0
1.0,0.0,12.0,16.0,11885.52653584708,11885.52653584708,0.0,4.170096219954629,4.170096219954629,0.0,29478.47368022978,ra,0.0,0.0,0.0,0.0,0.0,0.0,0.026226014997126186,0.026226014997126186,0.0,0.028152599450745226,0.028152599450745226,0.0,0
1.0,0.0,15.0,17.0,11960.17018283512,11960.17018283512,0.0,9.309423609415738,9.309423609415738,0.0,33381.72336961185,ra,0.0,0.0,0.0,0.0,0.0,0.0,0.028152599450745226,0.028152599450745226,0.0,0.0324535531582953,0.0324535531582953,0.0,0
1.0,2.0,16.0,18.0,23460.93532657191,11970.385389125157,11490.549937446756,35.37336563433739,1.7266034329768822,33.64676220136051,34103.26049306036,ra,1.0,1.0,0.0,0.033251243944330613,0.033251243944330613,0.0,0.0324535531582953,0.0324535531582953,0.0,0.015544804137028554,0.0,0.015544804137028554,1
1.0,2.0,0.0,19.0,23472.95328481904,11974.880939958675,11498.072344860364,0.8286274076166861,0.8286274076166861,0.0,34449.34645750041,link,0.0,0.0,0.0,0.0,0.0,0.0,0.0,0.0,0.0,0.000382825862318909,0.000382825862318909,0.0,0
2.0,2.0,0.0,20.0,68929.16895257494,33758.81379308793,35170.35515948701,40.74608981855902,0.0,40.74608981855902,0.0,link,0.0,0.0,0.0,0.0,0.0,0.0,0.20133641056953144,0.06862755080770173,0.1327088597618297,0.22016110406570572,0.06862755080770173,0.15153355325800397,0
2.0,1.0,11.0,21.0,34398.2821383792,0.0,34398.2821383792,0.0035598850676765,0.0,0.0035598850676765,2598.411645460739,ra,0.0,0.0,-0.0,1.935324171292675e-16,0.0,1.935324171292675e-16,0.1327072150949286,0.0,0.1327072150949286,0.1327088597618297,0.0,0.1327088597618297,0
2.0,0.0,17.0,22.0,24285.97411997901,24285.97411997901,0.0,112.59506932455682,112.59506932455682,0.0,19826.030918871555,ra,0.0,-0.0,0.0,0.0,0.0,0.0,0.06862755080770173,0.06862755080770173,0.0,0.12064647283564699,0.12064647283564699,0.0,0
2.0,1.0,18.0,23.0,24186.0911430872,0.0,24186.0911430872,82.56138594302124,0.0,82.56138594302124,19924.554475399083,ra,0.0,0.0,-0.0,0.0,0.0,0.0,0.0945638547892528,0.0,0.0945638547892528,0.1327072150949286,0.0,0.1327072150949286,0
2.0,0.0,19.0,24.0,24395.8043620461,24395.8043620461,0.0,22.15899234158345,22.15899234158345,0.0,24376.283905318956,ra,0.0,-0.0,0.0,0.0,0.0,0.0,0.12064647283564699,0.12064647283564699,0.0,0.13088392729745857,0.13088392729745857,0.0,0
2.0,0.0,20.0,25.0,18382.744960495544,18382.744960495544,0.0,63.871916617192426,63.871916617192426,0.0,38424.04808590371,ra,0.0,-0.0,0.0,0.0,0.0,0.0,0.13088392729745857,0.13088392729745857,0.0,0.16039275277460147,0.16039275277460147,0.0,0
2.0,1.0,21.0,26.0,18491.613365488807,0.0,18491.613365488807,89.07984992376856,0.0,89.07984992376856,38987.68062551749,ra,0.0,0.0,-0.0,0.0,0.0,0.0,0.05340896412447172,0.0,0.05340896412447172,0.0945638547892528,0.0,0.0945638547892528,0
2.0,2.0,22.0,27.0,37060.49951410931,18323.84940673533,18736.65010737398,180.75371930441784,83.25983663293364,97.4938826714842,60686.533174562566,ra,3.0,3.0,0.0,0.19885879729901682,0.19885879729901682,0.0,0.16875954310484748,0.16039275277460147,0.008366790330246015,0.05340896412447172,0.0,0.05340896412447172,1
2.0,2.0,23.0,28.0,37058.90292655935,18323.112740357166,18735.790186202183,18.11341724393268,0.0034814641793982,18.109935779753283,60687.52230976862,ra,1.0,1.0,0.0,1.6084364508819684e-06,1.6084364508819684e-06,0.0,0.0,0.0,0.0,0.008366790330246015,0.0,0.008366790330246015,1
2.0,2.0,0.0,29.0,23931.60016336258,12393.941571693274,11537.658591669302,41.33751907217663,41.33751907217663,0.0,74788.45855603463,link,0.0,0.0,0.0,0.0,0.0,0.0,0.0,0.0,0.0,0.019097933811345606,0.019097933811345606,0.0,0
3.0,2.0,0.0,30.0,27844.0,14880.0,12964.0,5.532775920000001,0.0,5.532775920000001,0.0,link,0.0,0.0,0.0,0.0,0.0,0.0,0.0,0.0,0.0,0.0025561424750400004,0.0,0.0025561424750400004,0
3.0,0.0,24.0,31.0,14880.0,14880.0,0.0,0.8663136,0.8663136,0.0,291.13911748382634,ra,0.0,-0.0,0.0,0.0,0.0,0.0,0.0,0.0,0.0,0.0004002368832,0.0004002368832,0.0,0
3.0,1.0,25.0,32.0,12963.999999999998,0.0,12963.999999999998,1.0157294,0.0,1.0157294,391.7896627176565,ra,1.0,0.0,1.0,0.04339076237708407,0.0,0.04339076237708407,0.04292149539428408,0.0,0.04292149539428408,0.0,0.0,0.0,1
3.0,2.0,1.0,33.0,27844.0,14880.000000000002,12964.0,6.6500208,6.6500208,0.0,2525.7146416492456,link,0.0,0.0,0.0,0.0,0.0,0.0,0.04332173227748407,0.0004002368832,0.042921495394284075,0.046394041887084084,0.0034725464928000004,0.04292149539428408,0
4.0,2.0,1.0,34.0,59761.3086274698,30037.341974575906,29723.966652893894,50.82960846000171,0.0,50.82960846000171,0.0,link,0.0,0.0,0.0,0.0,0.0,0.0,0.10534387910416491,0.051586097223954804,0.05375778188021011,0.1288271582126857,0.051586097223954804,0.0772410609887309,0
4.0,1.0,29.0,35.0,19741.19620746718,0.0,19741.19620746718,18.822615617795623,0.0,18.822615617795623,27421.918402146952,ra,0.0,0.0,-0.0,0.0,0.0,0.0,0.045061733464788534,0.0,0.045061733464788534,0.05375778188021011,0.0,0.05375778188021011,0
4.0,0.0,28.0,36.0,20188.77400206591,20188.77400206591,0.0,138.2681563416226,138.2681563416226,0.0,27456.275537656256,ra,0.0,-0.0,0.0,0.0,0.0,0.0,0.051586097223954804,0.051586097223954804,0.0,0.11546598545378445,0.11546598545378445,0.0,0
4.0,2.0,31.0,37.0,24242.046721440067,16011.081415437498,8230.965306002568,206.7323654138316,109.1961457930772,97.5362196207544,57952.436449648114,ra,0.0,-0.0,0.0,0.0,0.0,0.0,0.11546598545378445,0.11546598545378445,0.0,0.21097633827497464,0.1659146048101861,0.045061733464788534,0
4.0,2.0,30.0,38.0,24222.436414627213,16010.688472387346,8211.747942239866,41.943633496328665,0.0739702918817957,41.86966320444687,57975.56024030675,ra,6.0,0.0,6.0,0.17131973196947864,0.11550015972863384,0.055819572240844786,0.20239039265057646,0.1659146048101861,0.036475787840390336,0.05044861935640167,0.05044861935640167,0.0,1
4.0,2.0,35.0,39.0,21337.90578167672,10925.606078379402,10412.299703297318,94.4964291540121,51.92770181805235,42.56872733595975,78476.45534742385,ra,0.0,-0.0,0.0,0.0,0.0,0.0,0.06725765516757862,0.05044861935640167,0.016809035811176938,0.1109150054367322,0.07443921759634187,0.036475787840390336,0
4.0,0.0,40.0,40.0,10876.999998084551,10876.999998084551,0.0,39.53321487933076,39.53321487933076,0.0,96645.26673532616,ra,0.0,-0.0,0.0,0.0,0.0,0.0,0.07443921759634187,0.07443921759634187,0.0,0.09270356287059267,0.09270356287059267,0.0,0
4.0,1.0,41.0,41.0,10239.998724530997,0.0,10239.998724530997,36.345211696492896,0.0,36.345211696492896,99246.70723666706,ra,0.0,0.0,0.0,0.0,0.0,0.0,1.7548007397221946e-05,0.0,1.7548007397221946e-05,0.016809035811176938,0.0,0.016809035811176938,0
4.0,2.0,42.0,42.0,15349.448623427987,7293.1561007636,8056.292522664386,44.89687709965847,44.85889439966448,0.0379826999939869,124531.18468963404,ra,3.0,0.0,3.0,0.2533646900158285,0.11342837208323767,0.13993631793259081,0.23263988080318349,0.09270356287059267,0.13993631793259081,1.7548007397221946e-05,0.0,1.7548007397221946e-05,1
4.0,2.0,45.0,43.0,29499.999782114108,14928.999812810407,14570.9999693037,199.3079091565847,98.9874838060954,100.32042535048932,160563.71538932095,ra,0.0,-0.0,0.0,0.0,0.0,0.0,0.09358828142066475,0.0,0.09358828142066475,0.1856685354510069,0.04573221751841607,0.13993631793259081,0
4.0,2.0,49.0,44.0,29501.249670962527,14929.610924790286,14571.63874617224,155.4279023418825,19.28506895370039,136.14283338818208,167022.61670697512,ra,0.0,0.0,-0.0,0.0,0.0,0.0,0.0764225099137407,0.04573221751841607,0.030690292395324614,0.1482302007956904,0.054641919375025653,0.09358828142066475,0
4.0,2.0,2.0,45.0,37135.97924873808,18661.98985536135,18473.98939337673,51.60233144622748,51.60233144622748,0.0,182066.4548482201,link,0.0,0.0,0.0,0.0,0.0,0.0,0.08533221177035027,0.054641919375025653,0.030690292395324614,0.10917248889850736,0.07848219650318275,0.030690292395324614,0
5.0,2.0,1.0,46.0,68793.7826224039,33913.44536880647,34880.33725359744,76.8764418514988,0.0,76.8764418514988,0.0,link,0.0,0.0,0.0,0.0,0.0,0.0,0.09372004018755814,0.057721485593121305,0.035998554594436835,0.12923695632295057,0.057721485593121305,0.07151547072982928,0
5.0,1.0,26.0,47.0,36003.524001333615,0.0,36003.524001333615,77.91894933860786,0.0,77.91894933860786,10624.424038435742,ra,0.0,0.0,-0.0,0.0,0.0,0.0,0.0,0.0,0.0,0.035998554594436835,0.0,0.035998554594436835,0
5.0,0.0,27.0,48.0,32653.80091590929,32653.80091590929,0.0,83.56283542207865,83.56283542207865,0.0,12028.538687185455,ra,0.0,-0.0,0.0,0.0,0.0,0.0,0.057721485593121305,0.057721485593121305,0.0,0.09632751555812163,0.09632751555812163,0.0,0
5.0,2.0,32.0,49.0,33127.66797826424,16315.8916479239,16811.776330340337,183.04409091686279,117.41672905675148,65.62736186011132,39273.39357565199,ra,4.0,4.0,0.0,0.2793924058394896,0.09632751555812163,0.18306489028136796,0.24907256466011818,0.09632751555812163,0.15274504910199654,0.05424652882421918,0.05424652882421918,0.0,1
5.0,1.0,36.0,50.0,15728.354223345885,0.0,15728.354223345885,25.51524416020999,0.0,25.51524416020999,47330.36386477938,ra,0.0,0.0,0.0,0.0,0.0,0.0,0.14095700629997954,0.0,0.14095700629997954,0.15274504910199654,0.0,0.15274504910199654,0
5.0,0.0,39.0,51.0,16181.036957810447,16181.036957810447,0.0,48.05423879509059,48.05423879509059,0.0,54808.46507060479,ra,0.0,0.0,0.0,0.0,0.0,0.0,0.05424652882421918,0.05424652882421918,0.0,0.07644758714755104,0.07644758714755104,0.0,0
5.0,1.0,43.0,52.0,15425.054197747386,0.0,15425.054197747386,131.0183277702181,0.0,131.0183277702181,67696.58292643339,ra,0.0,0.0,0.0,0.0,0.0,0.0,0.08042653887013877,0.0,0.08042653887013877,0.14095700629997954,0.0,0.14095700629997954,0
5.0,0.0,44.0,53.0,16743.940970134765,16743.940970134765,0.0,43.7704753223488,43.7704753223488,0.0,67916.71774036821,ra,0.0,0.0,0.0,0.0,0.0,0.0,0.07644758714755104,0.07644758714755104,0.0,0.09666954674647618,0.09666954674647618,0.0,0
5.0,1.0,50.0,54.0,23926.865751230227,0.0,23926.865751230227,77.30064164477733,0.0,77.30064164477733,86150.64463711552,ra,0.0,0.0,0.0,0.0,0.0,0.0,0.044713642430251645,0.0,0.044713642430251645,0.08042653887013877,0.0,0.08042653887013877,0
5.0,0.0,51.0,55.0,23976.591723992253,23976.591723992253,0.0,77.26420880384997,77.26420880384997,0.0,86198.21188888987,ra,0.0,0.0,0.0,0.0,0.0,0.0,0.09666954674647618,0.09666954674647618,0.0,0.13236561121385487,0.13236561121385487,0.0,0
5.0,2.0,4.0,56.0,48295.998738473485,24204.99925545633,24090.99948301716,76.9931805753457,76.9931805753457,0.0,102115.05106186114,link,0.0,0.0,0.0,0.0,0.0,0.0,0.1770792536441065,0.13236561121385487,0.044713642430251645,0.21265010306991622,0.16793646063966458,0.044713642430251645,0
6.0,2.0,0.0,57.0,17593.52882743976,9370.089853693322,8223.438973746437,65.6117794331869,0.0,65.6117794331869,0.0,link,0.0,0.0,0.0,0.0,0.0,0.0,0.0,0.0,0.0,0.03031264209813235,0.0,0.03031264209813235,0
6.0,0.0,34.0,58.0,9440.700126436834,9440.700126436834,0.0,2.3125583232113223,2.3125583232113223,0.0,1229.5619294335402,ra,0.0,-0.0,0.0,0.0,0.0,0.0,0.0,0.0,0.0,0.0010684019453236309,0.0010684019453236309,0.0,0
6.0,0.0,33.0,59.0,9685.754071387502,9685.754071387502,0.0,6.056448942704893,6.056448942704893,0.0,4398.318016945725,ra,0.0,-0.0,0.0,0.0,0.0,0.0,0.0010684019453236309,0.0010684019453236309,0.0,0.0038664813568532914,0.0038664813568532914,0.0,0
6.0,1.0,38.0,60.0,13533.136089729269,0.0,13533.136089729269,65.34535928660016,0.0,65.34535928660016,19100.037855584003,ra,1.0,0.0,1.0,0.030189555990409275,0.0,0.030189555990409275,0.0,0.0,0.0,0.0,0.0,0.0,1
6.0,0.0,37.0,61.0,14150.210375121094,14150.210375121094,0.0,36.07347623703879,36.07347623703879,0.0,19123.313502380493,ra,0.0,-0.0,0.0,0.0,0.0,0.0,0.0038664813568532914,0.0038664813568532914,0.0,0.02053242737836521,0.02053242737836521,0.0,0
6.0,2.0,48.0,62.0,30972.88424037613,15986.27621540026,14986.608024975872,109.3639728709271,68.43818886891367,40.92578400201343,42213.94659999393,ra,3.0,0.0,3.0,0.05758812683221415,6.938893903907228e-18,0.05758812683221414,0.05921284200164914,0.02053242737836521,0.038680414623283935,0.052150870635803315,0.052150870635803315,0.0,1
6.0,2.0,3.0,63.0,43852.38298306345,22912.25382809093,20940.12915497252,71.07801209793082,71.07801209793082,0.0,60876.22424217983,link,0.0,0.0,0.0,0.0,0.0,0.0,0.09083128525908725,0.052150870635803315,0.038680414623283935,0.12366932684833129,0.08498891222504736,0.038680414623283935,0
7.0,2.0,0.0,64.0,11819.728833092571,5668.999528653672,6150.729304438899,46.25265477138333,0.0,46.25265477138333,0.0,link,0.0,0.0,0.0,0.0,0.0,0.0,0.0,0.0,0.0,0.0213687265043791,0.0,0.0213687265043791,0
7.0,2.0,46.0,65.0,16750.439961073742,8281.792263693602,8468.64769738014,8.878234312414648,8.787487264500681,0.0907470479139663,6667.955447556553,ra,6.0,0.0,6.0,0.05458831494757362,0.0,0.05458831494757362,0.05454638981143737,0.0,0.05454638981143737,0.004059819116199315,0.004059819116199315,0.0,1
7.0,2.0,47.0,66.0,16803.00194301874,8309.644744099518,8493.35719891922,9.380161859157818,0.0887645506722472,9.291397308485571,6721.474926778252,ra,0.0,-0.0,0.0,0.0,0.0,0.0,0.054313583371116345,0.004059819116199315,0.05025376425491703,0.05864721815004726,0.0041008283386098935,0.05454638981143737,0
7.0,2.0,2.0,67.0,31479.264687684805,14962.675134733858,16516.589552950947,43.52773949236607,43.52773949236607,0.0,25294.541879356693,link,0.0,0.0,0.0,0.0,0.0,0.0,0.05435459259352692,0.0041008283386098935,0.05025376425491703,0.07446440823900005,0.024210643984083017,0.05025376425491703,0
8.0,2.0,2.0,68.0,14782.369584642798,7482.847541600488,7299.522043042311,11.430703465048769,0.0,11.430703465048769,0.0,link,0.0,0.0,0.0,0.0,0.0,0.0,0.03072524683388793,0.025542153178684603,0.005183093655203325,0.03600623183474046,0.025542153178684603,0.010464078656055857,0
8.0,2.0,52.0,69.0,9208.206367128356,4168.183876582084,5040.022490546272,21.82977310597572,10.610955670470686,11.218817435505033,9055.824498122218,ra,6.0,6.0,0.0,0.03044441469844206,0.03044441469844206,0.0,0.025542153178684603,0.025542153178684603,0.0,0.005183093655203325,0.0,0.005183093655203325,1
8.0,2.0,0.0,70.0,9708.89067456805,5120.673657931851,4588.2170166362,11.1520763011101,11.1520763011101,0.0,21173.685305885127,link,0.0,0.0,0.0,0.0,0.0,0.0,0.0,0.0,0.0,0.005152259251112866,0.005152259251112866,0.0,0
9.0,2.0,2.0,71.0,31818.423136170015,16104.883545196824,15713.539590973189,65.22965194236512,0.0,65.22965194236512,0.0,link,0.0,0.0,0.0,0.0,0.0,0.0,0.05136240001500481,0.04408460426338644,0.007277795751618376,0.0814984992123775,0.04408460426338644,0.03741389494899106,0
9.0,2.0,55.0,72.0,36693.05587768159,18116.80864806472,18576.24722961687,106.50973043548073,54.16001787960283,52.3497125558779,15445.371783397328,ra,1.0,1.0,0.0,0.10252913019171807,0.06910653252376295,0.03342259766795512,0.06059943048214434,0.04408460426338644,0.016514826218757904,0.007277795751618376,0.0,0.007277795751618376,1
9.0,2.0,7.0,73.0,31601.85426430268,15291.911788888328,16309.942475414353,62.84659935648671,62.84659935648671,0.0,33157.12684688381,link,0.0,0.0,0.0,0.0,0.0,0.0,0.016514826218757904,0.0,0.016514826218757904,0.045549955121454766,0.029035128902696862,0.016514826218757904,0
10.0,2.0,3.0,74.0,31606.669563938915,16070.547455207432,15536.122108731484,0.8762813786430924,0.0,0.8762813786430924,0.0,link,0.0,0.0,0.0,0.0,0.0,0.0,0.0631251419750946,0.0631251419750946,0.0,0.0635299839720277,0.0631251419750946,0.0004048419969331087,0
10.0,2.0,53.0,75.0,20482.292071415013,10386.965680851748,10095.326390563265,77.19956743563675,39.21235158789598,37.98721584774077,14793.406531478646,ra,3.0,3.0,0.0,0.1450552319854355,0.06771284270515711,0.07734238928027838,0.12291743753371676,0.0631251419750946,0.05979229555862215,0.013528405703545436,0.013528405703545436,0.0,1
10.0,2.0,4.0,76.0,20473.61899569675,10382.534499411437,10091.084496285315,0.9015928066000994,0.9015928066000994,0.0,15227.535521101405,link,0.0,0.0,0.0,0.0,0.0,0.0,0.07332070126216758,0.013528405703545436,0.05979229555862215,0.07373723713881683,0.013944941580194683,0.05979229555862215,0
11.0,2.0,3.0,77.0,48420.054142922716,24599.82318293021,23820.230959992503,25.39642627635021,0.0,25.39642627635021,0.0,link,0.0,0.0,0.0,0.0,0.0,0.0,0.10792857728611029,0.05162496192469302,0.056303615361417265,0.11966172622578408,0.05162496192469302,0.06803676430109105,0
11.0,2.0,54.0,78.0,48814.99317229718,24295.434711773956,24519.55846052323,67.7681645842998,34.03262554730077,33.73553903699902,6967.487148144968,ra,1.0,0.0,1.0,0.067348034927546,0.067348034927546,0.0,0.09234275825101675,0.05162496192469302,0.040717796326323726,0.05630361536141727,3.469446951953614e-18,0.056303615361417265,1
11.0,1.0,56.0,79.0,22284.926619444108,0.0,22284.926619444108,33.70188866440548,0.0,33.70188866440548,14053.388239050711,ra,0.0,0.0,0.0,0.0,0.0,0.0,0.02514752376336839,0.0,0.02514752376336839,0.040717796326323726,0.0,0.040717796326323726,0
11.0,2.0,5.0,80.0,42919.8251598076,21285.35848456856,21634.466675239044,58.217905235770935,58.217905235770935,0.0,19878.69006465457,link,0.0,0.0,0.0,0.0,0.0,0.0,0.025147523763368394,3.469446951953614e-18,0.02514752376336839,0.05204419598229457,0.026896672218926176,0.02514752376336839,0
12.0,2.0,4.0,81.0,53131.67233206281,26537.18348117461,26594.4888508882,31.246488600159772,0.0,31.246488600159772,0.0,link,0.0,0.0,0.0,0.0,0.0,0.0,0.15154360671174866,0.10025614264543772,0.05128746406631093,0.16597948444502247,0.10025614264543772,0.06572334179958475,0
12.0,0.0,58.0,82.0,22288.895823895957,22288.895823895957,0.0,67.2851539459114,67.2851539459114,0.0,13722.635716121396,ra,1.0,1.0,0.0,0.10025614264543772,0.10025614264543772,0.0,0.10025614264543772,0.10025614264543772,0.0,0.031085741123011074,0.031085741123011074,0.0,1
12.0,1.0,57.0,83.0,22492.6689728353,0.0,22492.6689728353,67.87184606394197,0.0,67.87184606394197,13775.369179933106,ra,0.0,0.0,0.0,0.0,0.0,0.0,0.019930671184769738,0.0,0.019930671184769738,0.05128746406631093,0.0,0.05128746406631093,0
12.0,2.0,5.0,84.0,44751.07719214048,22273.03927625819,22478.037915882287,31.196817584659723,31.196817584659723,0.0,20725.095833182608,link,0.0,0.0,0.0,0.0,0.0,0.0,0.05101641230778081,0.031085741123011074,0.019930671184769738,0.0654293420318936,0.04549867084712387,0.019930671184769738,0
13.0,2.0,4.0,85.0,25987.610544625633,13119.378445562592,12868.232099063043,24.10766980938789,0.0,24.10766980938789,0.0,link,0.0,0.0,0.0,0.0,0.0,0.0,0.0784824895689732,0.06623144820302145,0.012251041365951763,0.0896202330209104,0.06623144820302145,0.023388784817888968,0
13.0,2.0,59.0,86.0,13974.00634747334,7033.004117758563,6941.002229714777,137.67700987541454,75.55051943236775,62.126490443046784,36309.89528647439,ra,1.0,0.0,1.0,0.13144844680611284,0.06623144820302145,0.06521699860309138,0.11499704958737697,0.06623144820302145,0.048765601384355525,0.04715538134370566,0.0349043399777539,0.012251041365951763,1
13.0,1.0,63.0,87.0,7362.494657393186,0.0,7362.494657393186,13.229952186505338,0.0,13.229952186505338,54986.89266391457,ra,0.0,0.0,0.0,0.0,0.0,0.0,0.04265336347419006,0.0,0.04265336347419006,0.048765601384355525,0.0,0.048765601384355525,0
13.0,0.0,62.0,88.0,7963.314490087364,7963.314490087364,0.0,27.912169585860045,27.912169585860045,0.0,55258.29185590623,ra,0.0,0.0,0.0,0.0,0.0,0.0,0.0349043399777539,0.0349043399777539,0.0,0.04779976232642124,0.04779976232642124,0.0,0
13.0,2.0,70.0,89.0,20915.585370117602,10623.723419117588,10291.861951000015,133.585973882477,67.7800818733032,65.8058920091738,85720.88488710183,ra,0.0,0.0,0.0,0.0,0.0,0.0,0.060050803692373006,0.04779976232642124,0.012251041365951763,0.12176752362607739,0.07911416015188732,0.04265336347419006,0
13.0,1.0,71.0,90.0,10312.666692975632,0.0,10312.666692975632,26.517405554008143,0.0,26.517405554008143,92148.0377185692,ra,0.0,0.0,-0.0,0.0,0.0,0.0,0.0,0.0,0.0,0.012251041365951763,0.0,0.012251041365951763,0
13.0,0.0,75.0,91.0,10865.41330620228,10865.41330620228,0.0,44.50453570730196,44.50453570730196,0.0,106351.19825280692,ra,0.0,-0.0,0.0,0.0,0.0,0.0,0.07911416015188732,0.07911416015188732,0.0,0.09967525564866084,0.09967525564866084,0.0,0
13.0,2.0,80.0,92.0,21769.313571554885,10924.77173173255,10844.541839822334,104.6281180270864,31.75720412835566,72.87091389873073,121274.1282993086,ra,6.0,0.0,6.0,0.16667357253227216,0.11434708395596116,0.052326488576310996,0.11833538200375823,0.09967525564866084,0.01866012635509739,0.0,0.0,0.0,1
13.0,2.0,8.0,93.0,20326.83796736937,10049.65492309056,10277.18304427881,23.99941337652452,23.99941337652452,0.0,132616.96921985535,link,0.0,0.0,0.0,0.0,0.0,0.0,0.01866012635509739,0.0,0.01866012635509739,0.02974785533505172,0.011087728979954328,0.01866012635509739,0
14.0,2.0,5.0,94.0,94497.82264774677,47019.26687675304,47478.55577099372,18.726850415159277,0.0,18.726850415159277,0.0,link,0.0,0.0,0.0,0.0,0.0,0.0,0.06274746283979923,0.04935820792475737,0.013389254915041868,0.07139926773160282,0.04935820792475737,0.022041059806845453,0
14.0,0.0,61.0,95.0,46935.18990316021,46935.18990316021,0.0,43.49577490084339,43.49577490084339,0.0,4629.482620571615,ra,0.0,0.0,0.0,0.0,0.0,0.0,0.04935820792475737,0.04935820792475737,0.0,0.06945325592894701,0.06945325592894701,0.0,0
14.0,1.0,60.0,96.0,47664.75200387175,0.0,47664.75200387175,44.0864914897388,0.0,44.0864914897388,4633.73189838993,ra,1.0,0.0,1.0,0.228148671234164,0.0,0.228148671234164,0.22116996708094652,0.0,0.22116996708094652,0.013389254915041868,0.0,0.013389254915041868,1
14.0,2.0,6.0,97.0,94641.69117202783,46900.62074452682,47741.07042750101,18.458388410041167,18.458388410041167,0.0,6596.600389256655,link,0.0,0.0,0.0,0.0,0.0,0.0,0.2906232230098935,0.06945325592894701,0.22116996708094652,0.29915099845533255,0.07798103137438603,0.22116996708094652,0
15.0,2.0,6.0,98.0,75207.49134104664,44538.30191090561,30669.189430141025,37.69700303633066,0.0,37.69700303633066,0.0,link,0.0,0.0,0.0,0.0,0.0,0.0,0.18375382057796735,0.12355000698189122,0.060203813596076135,0.2011698359807521,0.12355000698189122,0.0776198289988609,0
15.0,1.0,64.0,99.0,16721.32745245393,0.0,16721.32745245393,130.31128483999163,0.0,130.31128483999163,25738.743223846097,ra,0.0,0.0,0.0,0.0,0.0,0.0,0.0,0.0,0.0,0.060203813596076135,0.0,0.060203813596076135,0
15.0,0.0,65.0,100.0,16271.068415411031,16271.068415411031,0.0,157.8294658183508,157.8294658183508,0.0,25740.902218562274,ra,1.0,1.0,0.0,0.1964672201899693,0.1964672201899693,0.0,0.12355000698189122,0.12355000698189122,0.0,0.0,0.0,0.0,1
15.0,2.0,0.0,101.0,10998.091984936455,5379.561945168664,5618.530039767791,36.50025140994168,36.50025140994168,0.0,48631.17855592899,link,0.0,0.0,0.0,0.0,0.0,0.0,0.0,0.0,0.0,0.01686311615139306,0.01686311615139306,0.0,0
16.0,2.0,6.0,102.0,79740.5667298025,40135.953102102525,39604.61362769997,56.01791162631972,0.0,56.01791162631972,0.0,link,0.0,0.0,0.0,0.0,0.0,0.0,0.3080679096635442,0.07241453557265654,0.23565337409088766,0.3339481848349039,0.07241453557265654,0.26153364926224737,0
16.0,1.0,66.0,103.0,29014.9759926702,0.0,29014.9759926702,83.89324132212056,0.0,83.89324132212056,12316.83855333374,ra,0.0,0.0,0.0,0.0,0.0,0.0,0.19689469660006795,0.0,0.19689469660006795,0.23565337409088766,0.0,0.23565337409088766,0
16.0,0.0,67.0,104.0,29278.008085254503,29278.008085254503,0.0,91.71575645214516,91.71575645214516,0.0,12575.946688510528,ra,0.0,0.0,0.0,0.0,0.0,0.0,0.07241453557265654,0.07241453557265654,0.0,0.1147872150535476,0.1147872150535476,0.0,0
16.0,0.0,72.0,105.0,28145.02656728497,28145.02656728497,0.0,72.859904959997,72.859904959997,0.0,25449.08031583349,ra,0.0,0.0,0.0,0.0,0.0,0.0,0.1147872150535476,0.1147872150535476,0.0,0.14844849114506622,0.14844849114506622,0.0,0
16.0,1.0,74.0,106.0,25731.855828829863,0.0,25731.855828829863,63.00655867172279,0.0,63.00655867172279,32933.75197391795,ra,0.0,0.0,0.0,0.0,0.0,0.0,0.16778566649373203,0.0,0.16778566649373203,0.19689469660006795,0.0,0.19689469660006795,0
16.0,0.0,76.0,107.0,25418.722177742115,25418.722177742115,0.0,127.4013740952152,127.4013740952152,0.0,49497.46890143416,ra,0.0,0.0,0.0,0.0,0.0,0.0,0.14844849114506622,0.14844849114506622,0.0,0.20730792597705563,0.20730792597705563,0.0,0
16.0,1.0,77.0,108.0,25469.36930201462,0.0,25469.36930201462,72.58966700745866,0.0,72.58966700745866,49565.51842080065,ra,0.0,0.0,0.0,0.0,0.0,0.0,0.13424924033628616,0.0,0.13424924033628616,0.16778566649373203,0.0,0.16778566649373203,0
16.0,1.0,82.0,109.0,26935.54974771189,0.0,26935.54974771189,94.62153763938733,0.0,94.62153763938733,67595.96875209869,ra,0.0,0.0,0.0,0.0,0.0,0.0,0.0905340899468892,0.0,0.0905340899468892,0.13424924033628616,0.0,0.13424924033628616,0
16.0,0.0,83.0,110.0,27462.47510980443,27462.47510980443,0.0,101.14205274913397,101.14205274913397,0.0,68666.07464325256,ra,3.0,3.0,0.0,0.2203742782556369,0.2203742782556369,0.0,0.20730792597705563,0.20730792597705563,0.0,0.033661276091518616,0.033661276091518616,0.0,1
16.0,1.0,86.0,111.0,27163.152752819547,0.0,27163.152752819547,83.9275381490823,0.0,83.9275381490823,81021.89267340553,ra,0.0,0.0,0.0,0.0,0.0,0.0,0.051759567322013186,0.0,0.051759567322013186,0.0905340899468892,0.0,0.0905340899468892,0
16.0,0.0,89.0,112.0,29187.99844762554,29187.99844762554,0.0,133.07856206539353,133.07856206539353,0.0,92123.37906601596,ra,0.0,-0.0,0.0,0.0,0.0,0.0,0.033661276091518616,0.033661276091518616,0.0,0.09514357176573043,0.09514357176573043,0.0,0
16.0,1.0,90.0,113.0,28376.998666581203,0.0,28376.998666581203,112.03369550219304,0.0,112.03369550219304,92203.5095301381,ra,0.0,0.0,0.0,0.0,0.0,0.0,0.0,0.0,0.0,0.051759567322013186,0.0,0.051759567322013186,0
16.0,2.0,94.0,114.0,71124.20344709541,35553.82790120941,35570.375545886,175.10479437602203,85.99277546677179,89.11201890925022,106046.11656904333,ra,2.0,2.0,0.0,0.29144619883312517,0.134872234031379,0.15657396480174615,0.21054778383140302,0.09514357176573043,0.11540421206567258,0.0,0.0,0.0,1
16.0,2.0,12.0,115.0,71147.99996754559,35564.99998476318,35582.99998278241,55.9897431175008,55.9897431175008,0.0,113917.81076099534,link,0.0,0.0,0.0,0.0,0.0,0.0,0.11540421206567258,0.0,0.11540421206567258,0.14127147338595797,0.02586726132028537,0.11540421206567258,0
18.0,2.0,7.0,118.0,26949.99999999783,13587.999999998794,13361.999999999038,25.24701777372346,0.0,25.24701777372346,0.0,link,0.0,0.0,0.0,0.0,0.0,0.0,0.02454274435114029,0.02454274435114029,0.0,0.036206866562600526,0.02454274435114029,0.011664122211460239,0
18.0,0.0,68.0,119.0,13587.918618998609,13587.918618998609,0.0,33.47565743909558,33.47565743909558,0.0,12318.138045343778,ra,0.0,0.0,0.0,0.0,0.0,0.0,0.02454274435114029,0.02454274435114029,0.0,0.04000849808800245,0.04000849808800245,0.0,0
18.0,1.0,69.0,120.0,13361.93226547554,0.0,13361.93226547554,72.402660427751,0.0,72.402660427751,12346.305678813724,ra,1.0,0.0,1.0,0.03345002911762096,0.0,0.03345002911762096,0.0,0.0,0.0,0.0,0.0,0.0,1
18.0,2.0,73.0,121.0,21133.145613699366,10354.073130248858,10779.072483450507,61.98127952902993,35.46928186917134,26.511997659858597,27186.329383912336,ra,6.0,6.0,0.0,0.13388119235822524,0.05639530631155961,0.07748588604666562,0.1052458412158134,0.04000849808800245,0.06523734312781095,0.0,0.0,0.0,1
18.0,2.0,81.0,122.0,17024.72901544851,8263.2955761644,8761.433439284106,208.14254037175675,102.65186844124813,105.49067193050864,76811.9776614867,ra,0.0,0.0,0.0,0.0,0.0,0.0,0.016500652695915954,0.0,0.016500652695915954,0.11266250634766758,0.04742516321985663,0.06523734312781095,0
18.0,0.0,84.0,123.0,7912.197813125354,7912.197813125354,0.0,24.398955454807396,24.398955454807396,0.0,91803.7907317536,ra,0.0,0.0,0.0,0.0,0.0,0.0,0.04742516321985663,0.04742516321985663,0.0,0.05869748063997765,0.05869748063997765,0.0,0
18.0,1.0,85.0,124.0,8875.838788593739,0.0,8875.838788593739,35.715698476008555,0.0,35.715698476008555,91872.46119703975,ra,0.0,0.0,0.0,0.0,0.0,0.0,0.0,0.0,0.0,0.016500652695915954,0.0,0.016500652695915954,0
18.0,2.0,92.0,125.0,47292.93717996864,22515.08265535503,24777.854524613613,95.08904874416922,62.09480588069397,32.99424286347525,121334.73270596893,ra,4.0,4.0,0.0,0.1444943011602598,0.08738528095685827,0.05710902020340153,0.10056316064045362,0.05869748063997765,0.04186568000047597,0.0,0.0,0.0,1
18.0,2.0,11.0,126.0,53098.00276723388,24816.36422563914,28281.638541594737,22.50156728793593,22.50156728793593,0.0,126075.53174156268,link,0.0,0.0,0.0,0.0,0.0,0.0,0.04186568000047597,0.0,0.04186568000047597,0.05226140408750237,0.0103957240870264,0.04186568000047597,0
19.0,2.0,7.0,127.0,19888.0,9830.0,10058.0,36.65044678,0.0,36.65044678,0.0,link,0.0,0.0,0.0,0.0,0.0,0.0,0.016574186956618907,0.016574186956618907,0.0,0.03350669336897891,0.016574186956618907,0.01693250641236,0
19.0,2.0,0.0,128.0,19888.0,9830.0,10058.0,35.8196353,35.8196353,0.0,18219.57712193098,link,0.0,0.0,0.0,0.0,0.0,0.0,0.016574186956618907,0.016574186956618907,0.0,0.03312285846521891,0.03312285846521891,0.0,0
20.0,2.0,0.0,129.0,19481.000344743796,9701.000199905127,9780.000144838668,31.718936041272677,0.0,31.718936041272677,0.0,link,0.0,0.0,0.0,0.0,0.0,0.0,0.0,0.0,0.0,0.014654148451067977,0.0,0.014654148451067977,0
20.0,0.0,78.0,130.0,10133.998910338903,10133.998910338903,0.0,44.03621657957893,44.03621657957893,0.0,22308.899934453435,ra,1.0,1.0,0.0,0.02034473205976546,0.02034473205976546,0.0,0.0,0.0,0.0,0.0,0.0,0.0,1
20.0,1.0,79.0,131.0,10094.12847263898,0.0,10094.12847263898,44.293586542687336,0.0,44.293586542687336,22364.44986396924,ra,1.0,0.0,1.0,0.039003894863702225,0.0,0.039003894863702225,0.018540257880980668,0.0,0.018540257880980668,0.0,0.0,0.0,1
20.0,2.0,8.0,132.0,21962.97969081701,10983.990050020308,10978.989640796704,31.884879589546955,31.884879589546955,0.0,37253.22848420508,link,0.0,0.0,0.0,0.0,0.0,0.0,0.018540257880980668,0.0,0.018540257880980668,0.03327107225135136,0.014730814370370694,0.018540257880980668,0
21.0,2.0,8.0,133.0,21649.000000000102,11074.000000000044,10575.00000000006,7.431686719995607,0.0,7.431686719995607,0.0,link,0.0,0.0,0.0,0.0,0.0,0.0,0.022504715701986172,0.022504715701986172,0.0,0.025938154966624143,0.022504715701986172,0.0034334392646379708,0
21.0,2.0,87.0,134.0,23288.999999928543,11776.999999969368,11511.999999959173,130.85175585409752,66.5842346210918,64.26752123300571,29246.642192588224,ra,6.0,0.0,6.0,0.13836354206624024,0.05326663209693058,0.08509690996930966,0.07791003086164718,0.022504715701986172,0.055405315159661,0.0,0.0,0.0,1
21.0,2.0,10.0,135.0,23288.99999999982,11776.999999999924,11511.999999999898,7.602760119996704,7.602760119996704,0.0,32474.473610155062,link,0.0,0.0,0.0,0.0,0.0,0.0,0.055405315159661,0.0,0.055405315159661,0.05891779033509948,0.003512475175438477,0.055405315159661,0
22.0,2.0,8.0,136.0,18089.34980232114,9293.63667702267,8795.71312529847,50.83207235554673,0.0,50.83207235554673,0.0,link,0.0,0.0,0.0,0.0,0.0,0.0,0.024567073771579802,0.008799186938370571,0.01576788683320923,0.04805149119984239,0.008799186938370571,0.03925230426147182,0
22.0,2.0,9.0,137.0,22551.759921439094,11229.492180860212,11322.267740578884,51.97280611825457,51.97280611825457,0.0,25496.14409205573,link,0.0,0.0,0.0,0.0,0.0,0.0,0.024567073771579802,0.008799186938370571,0.01576788683320923,0.04857851019821341,0.032810623365004184,0.01576788683320923,0
24.0,2.0,9.0,140.0,25786.108144857673,12922.607317501452,12863.500827356223,6.204501347517205,0.0,6.204501347517205,0.0,link,0.0,0.0,0.0,0.0,0.0,0.0,0.05943336006302329,0.05943336006302329,0.0,0.062299839685576244,0.0594333600630233,0.0028664796225529483,0
24.0,0.0,88.0,141.0,12911.612953719838,12911.612953719838,0.0,18.090429727144024,18.090429727144024,0.0,7001.124876882881,ra,0.0,0.0,0.0,0.0,0.0,0.0,0.0594333600630233,0.0594333600630233,0.0,0.06779113859696384,0.06779113859696384,0.0,0
24.0,1.0,91.0,142.0,12797.695040407143,0.0,12797.695040407143,42.25915395530472,0.0,42.25915395530472,10447.761196686972,ra,1.0,0.0,1.0,0.04014127123074686,0.0,0.04014127123074686,0.020617542103396082,0.0,0.020617542103396082,0.0,0.0,0.0,1
24.0,0.0,97.0,143.0,9570.738932827611,9570.738932827611,0.0,55.11546024530167,55.11546024530167,0.0,30840.569189513222,ra,1.0,1.0,0.0,0.0014623535950880537,0.0014623535950880537,0.0,0.06779113859696384,0.06779113859696384,0.0,0.09179212763520517,0.09179212763520517,0.0,1
24.0,1.0,98.0,144.0,9946.426208887748,0.0,9946.426208887748,44.62671450951533,0.0,44.62671450951533,30857.334061915197,ra,0.0,0.0,0.0,0.0,0.0,0.0,0.0,0.0,0.0,0.020617542103396082,0.0,0.020617542103396082,0
24.0,2.0,108.0,145.0,15887.706151607494,7870.705730584929,8017.000421022563,90.0397330100835,43.36779170689593,46.671941303187566,55766.14861335632,ra,4.0,0.0,4.0,0.2015073005024107,0.11182804740379107,0.08967925309861963,0.15990894385175214,0.09179212763520517,0.06811681621654697,0.0,0.0,0.0,1
24.0,2.0,114.0,146.0,28294.020698251785,14163.55043686688,14130.470261384906,69.07633904134457,42.22615204764338,26.850186993701183,76000.7341358558,ra,0.0,-0.0,0.0,0.0,0.0,0.0,0.05571202982545702,0.0,0.05571202982545702,0.08762529846255822,0.019508482246011243,0.06811681621654697,0
24.0,2.0,15.0,147.0,28738.67135022459,14383.312343962509,14355.35900626208,6.2175535900256085,6.2175535900256085,0.0,78175.47480337396,link,0.0,0.0,0.0,0.0,0.0,0.0,0.07522051207146827,0.019508482246011243,0.05571202982545702,0.07809302183006009,0.022380992004603074,0.05571202982545702,0
25.0,2.0,9.0,148.0,18444.994544675952,9036.997526482091,9407.99701819386,63.25147957304091,0.0,63.25147957304091,0.0,link,0.0,0.0,0.0,0.0,0.0,0.0,0.04923821407490794,0.014774860754738692,0.03446335332016925,0.07846039763765282,0.014774860754738692,0.06368553688291413,0
25.0,2.0,10.0,149.0,19006.727910032103,9665.34291491844,9341.384995113662,62.75216196829325,62.75216196829325,0.0,35248.172611532704,link,0.0,0.0,0.0,0.0,0.0,0.0,0.04923821407490794,0.014774860754738692,0.03446335332016925,0.07822971290425942,0.04376635958409018,0.03446335332016925,0
26.0,2.0,10.0,150.0,39799.09031594862,19727.656489472974,20071.433826475644,108.6501329906246,0.0,108.6501329906246,0.0,link,0.0,0.0,0.0,0.0,0.0,0.0,0.05242276925058567,0.028204091530100707,0.024218677720484968,0.10261913069225426,0.028204091530100707,0.07441503916215354,0
26.0,2.0,11.0,151.0,61239.02764165262,31319.794471237463,29919.23317041516,110.5419759967304,110.5419759967304,0.0,24120.7762535988,link,0.0,0.0,0.0,0.0,0.0,0.0,0.05242276925058567,0.028204091530100707,0.024218677720484968,0.10349316216107511,0.07927448444059014,0.024218677720484968,0
27.0,2.0,11.0,152.0,68446.95855219441,33632.332120978645,34814.626431215765,89.50031723525719,0.0,89.50031723525719,0.0,link,0.0,0.0,0.0,0.0,0.0,0.0,0.037991475224828944,0.037991475224828944,0.0,0.07934062178751776,0.037991475224828944,0.041349146562688815,0
27.0,0.0,99.0,153.0,29715.95485159294,29715.95485159294,0.0,99.18101919563009,99.18101919563009,0.0,15398.281487957354,ra,1.0,1.0,0.0,0.007888809249748123,0.007888809249748123,0.0,0.037991475224828944,0.037991475224828944,0.0,0.07592429684346191,0.07592429684346191,0.0,1
27.0,1.0,100.0,154.0,27462.225943179787,0.0,27462.225943179787,88.55200057938356,0.0,88.55200057938356,15788.230047158857,ra,1.0,0.0,1.0,0.11576046233642774,0.0,0.11576046233642774,0.07484943806875254,0.0,0.07484943806875254,0.0,0.0,0.0,1
27.0,2.0,107.0,155.0,39803.00077214074,18775.259985557448,21027.74078658329,170.43039498208537,81.55523447021996,88.87516051186543,32030.585088502547,ra,0.0,0.0,0.0,0.0,0.0,0.0,0.10971341075573263,0.07592429684346191,0.033789113912270706,0.18845225323745607,0.11360281516870355,0.07484943806875254,0
27.0,0.0,111.0,156.0,14923.34787730996,14923.34787730996,0.0,66.65367407415964,66.65367407415964,0.0,51994.455333056,ra,0.0,0.0,0.0,0.0,0.0,0.0,0.11360281516870355,0.11360281516870355,0.0,0.1443968125909653,0.1443968125909653,0.0,0
27.0,1.0,110.0,157.0,16064.78653282132,0.0,16064.78653282132,73.13661019972015,0.0,73.13661019972015,52217.78598274018,ra,0.0,0.0,0.0,0.0,0.0,0.0,0.0,0.0,0.0,0.033789113912270706,0.0,0.033789113912270706,0
27.0,2.0,113.0,158.0,28115.732693263828,13396.479626617023,14719.253066646805,163.64723956308603,83.03548849796353,80.61175106512252,80453.83595296173,ra,2.0,0.0,2.0,0.3103024882746903,0.1519652108547627,0.15833727741992765,0.26549146101880633,0.1443968125909653,0.12109464842784103,0.030793997422261753,0.030793997422261753,0.0,1
27.0,0.0,115.0,159.0,16210.1141141057,16210.1141141057,0.0,54.83729615092888,54.83729615092888,0.0,99290.1862589441,ra,0.0,0.0,0.0,0.0,0.0,0.0,0.030793997422261753,0.030793997422261753,0.0,0.056128828243990896,0.056128828243990896,0.0,0
27.0,2.0,116.0,160.0,34177.78966749807,16266.79151473384,17910.998152764234,127.54232571201835,25.899796938260256,101.6425287737581,107271.26953267986,ra,3.0,0.0,3.0,0.06809453442946713,0.06809453442946713,0.0,0.13026462837835565,0.056128828243990896,0.07413580013436476,0.12109464842784103,0.0,0.12109464842784103,1
27.0,2.0,15.0,161.0,39893.99999984566,18725.9999999336,21167.99999991206,79.44013570474947,79.44013570474947,0.0,128894.5131374644,link,0.0,0.0,0.0,0.0,0.0,0.0,0.07413580013436476,0.0,0.07413580013436476,0.11083714282995902,0.036701342695594254,0.07413580013436476,0
28.0,2.0,11.0,162.0,61992.2787513973,31725.31224782596,30266.96650357134,47.81404481292252,0.0,47.81404481292252,0.0,link,0.0,0.0,0.0,0.0,0.0,0.0,0.04279357576539869,0.04279357576539869,0.0,0.0648836644689689,0.04279357576539869,0.022090088703570206,0
28.0,0.0,93.0,163.0,30439.224167938333,30439.224167938333,0.0,21.455667056808508,21.455667056808508,0.0,3445.559107155475,ra,0.0,0.0,0.0,0.0,0.0,0.0,0.04279357576539869,0.04279357576539869,0.0,0.05270609394564422,0.05270609394564422,0.0,0
28.0,0.0,95.0,164.0,18498.90877462081,18498.90877462081,0.0,79.34531493140003,79.34531493140003,0.0,21968.34571810977,ra,1.0,1.0,0.0,0.08936362944395103,0.08936362944395103,0.0,0.05270609394564422,0.05270609394564422,0.0,0.0,0.0,0.0,1
28.0,1.0,96.0,165.0,17419.186332491074,0.0,17419.186332491074,96.2790528755102,0.0,96.2790528755102,22264.116411144965,ra,1.0,0.0,1.0,0.04448092242848571,0.0,0.04448092242848571,0.0,0.0,0.0,0.0,0.0,0.0,1
28.0,2.0,0.0,166.0,16044.983216716417,8425.399218263456,7619.583998452962,53.65924369260139,53.65924369260139,0.0,40879.27967798362,link,0.0,0.0,0.0,0.0,0.0,0.0,0.0,0.0,0.0,0.024790570585981848,0.024790570585981848,0.0,0
30.0,2.0,12.0,169.0,31173.00771278776,15334.689159172884,15838.318553614876,27.46044676567008,0.0,27.46044676567008,0.0,link,0.0,0.0,0.0,0.0,0.0,0.0,0.16815619458378234,0.02032217999280411,0.14783401459097822,0.1808429209895219,0.02032217999280411,0.1605207409967178,0
30.0,0.0,101.0,170.0,15342.168535706442,15342.168535706442,0.0,5.774004599133023,5.774004599133023,0.0,1882.30501330568,ra,0.0,-0.0,0.0,0.0,0.0,0.0,0.02032217999280411,0.02032217999280411,0.0,0.02298977011760357,0.02298977011760357,0.0,0
30.0,1.0,102.0,171.0,15008.380189154295,0.0,15008.380189154295,48.53909411406608,0.0,48.53909411406608,15325.375723611753,ra,0.0,0.0,-0.0,0.0,0.0,0.0,0.1254089531102797,0.0,0.1254089531102797,0.14783401459097822,0.0,0.14783401459097822,0
30.0,0.0,103.0,172.0,14615.10439288337,14615.10439288337,0.0,42.47078358121591,42.47078358121591,0.0,15632.211521401772,ra,0.0,-0.0,0.0,0.0,0.0,0.0,0.02298977011760357,0.02298977011760357,0.0,0.042611272132125316,0.042611272132125316,0.0,0
30.0,2.0,13.0,173.0,18934.390172572806,9143.138576923604,9791.251595649202,25.36233310742384,25.36233310742384,0.0,27311.590572612236,link,0.0,0.0,0.0,0.0,0.0,0.0,0.168020225242405,0.042611272132125316,0.1254089531102797,0.17973762313803482,0.05432867002775513,0.1254089531102797,0
31.0,2.0,12.0,174.0,61211.26177444921,30941.90070843765,30269.36106601156,11.697576627711598,0.0,11.697576627711598,0.0,link,0.0,0.0,0.0,0.0,0.0,0.0,0.12329088881316405,0.08967838973684664,0.03361249907631742,0.12869516921516683,0.08967838973684664,0.03901677947832018,0
31.0,1.0,106.0,175.0,29780.03490857172,0.0,29780.03490857172,72.75432700501607,0.0,72.75432700501607,10173.779430297054,ra,0.0,0.0,-0.0,0.0,0.0,0.0,0.0,0.0,0.0,0.03361249907631742,0.0,0.03361249907631742,0
31.0,0.0,105.0,176.0,30402.95414259374,30402.95414259374,0.0,62.39704116023375,62.39704116023375,0.0,10175.429354581129,ra,0.0,-0.0,0.0,0.0,0.0,0.0,0.08967838973684664,0.08967838973684664,0.0,0.11850582275287463,0.11850582275287463,0.0,0
31.0,2.0,109.0,177.0,62402.93424977723,31525.727911032645,30877.20633874459,136.33140926423482,75.2483837478545,61.08302551638032,22337.14837090233,ra,5.0,0.0,5.0,0.22432039266406034,0.1532705760443834,0.07104981661967694,0.16133528158398386,0.11850582275287463,0.04282945883110924,0.0,0.0,0.0,1
31.0,2.0,14.0,178.0,62766.261417807065,31611.05780980601,31155.20360800105,11.902960524860578,11.902960524860578,0.0,24222.213413881997,link,0.0,0.0,0.0,0.0,0.0,0.0,0.04282945883110924,0.0,0.04282945883110924,0.048328626593594826,0.005499167762485587,0.04282945883110924,0
32.0,2.0,13.0,179.0,24034.000000000007,12223.000000000004,11811.000000000004,99.73248010462645,0.0,99.73248010462645,0.0,link,0.0,0.0,0.0,0.0,0.0,0.0,0.13366121732969738,0.05432867002775513,0.07933254730194227,0.17973762313803482,0.05432867002775513,0.1254089531102797,0
32.0,2.0,104.0,180.0,24034.000000001273,12223.000000000631,11811.000000000642,10.912397360000124,5.549730920000062,5.362666440000062,2270.21285318104,ra,1.0,1.0,0.0,0.058086989854229595,0.05689264571279515,0.0011943441414344466,0.1323780095758518,0.05432867002775513,0.07804933954809667,0.07933254730194227,0.0,0.07933254730194227,1
32.0,2.0,16.0,181.0,35472.0,17897.0,17575.0,102.1287049679928,102.1287049679928,0.0,35413.56901786664,link,0.0,0.0,0.0,0.0,0.0,0.0,0.07804933954809667,0.0,0.07804933954809667,0.12523280124330935,0.04718346169521268,0.07804933954809667,0
33.0,2.0,14.0,182.0,25491.39192820705,13297.332945790267,12194.058982416784,58.039290266410426,0.0,58.039290266410426,0.0,link,0.0,0.0,0.0,0.0,0.0,0.0,0.014653943138609841,0.014653943138609841,0.0,0.04146809524169146,0.014653943138609841,0.02681415210308162,0
33.0,2.0,0.0,183.0,27433.939184964896,13761.985453193762,13671.953731771133,60.29133226696474,60.29133226696474,0.0,22213.61178663945,link,0.0,0.0,0.0,0.0,0.0,0.0,0.014653943138609841,0.014653943138609841,0.0,0.04250853864594755,0.04250853864594755,0.0,0
34.0,2.0,14.0,184.0,40290.981728268656,40289.53408577645,1.4476424922008384,96.1598489922868,0.0,96.1598489922868,0.0,link,0.0,0.0,0.0,0.0,0.0,0.0,0.019255768130284637,0.019255768130284637,4.87890977618477e-19,0.06368161836472114,0.019255768130284637,0.04442585023443651,0
34.0,2.0,112.0,185.0,40084.67942148965,20069.25833080312,20015.421090686526,117.59187746917459,94.76983372073508,22.82204374843951,14615.98862167376,ra,1.0,1.0,0.0,0.1002015060607555,0.06303943130926425,0.03716207475149125,0.04587405866999683,0.019255768130284637,0.026618290539712194,4.87890977618477e-19,0.0,4.87890977618477e-19,1
34.0,0.0,120.0,186.0,19233.978995985926,19233.978995985926,0.0,47.76374728998695,47.76374728998695,0.0,26934.149163868184,ra,1.0,1.0,0.0,0.02206685124797397,0.02206685124797397,0.0,0.0,0.0,0.0,0.0,0.0,0.0,1
34.0,2.0,20.0,187.0,42848.93314386101,20473.58046065553,22375.352683205478,44.94269255316943,44.94269255316943,0.0,38220.85948462789,link,0.0,0.0,0.0,0.0,0.0,0.0,0.026618290539712194,0.0,0.026618290539712194,0.04738181449927647,0.020763523959564274,0.026618290539712194,0
35.0,2.0,0.0,188.0,13637.0,6766.0,6871.0,48.24053518999993,0.0,48.24053518999993,0.0,link,0.0,0.0,0.0,0.0,0.0,0.0,0.035967537941042696,0.0,0.035967537941042696,0.058254665198822664,0.0,0.058254665198822664,0
35.0,2.0,16.0,189.0,13637.0,6766.0,6871.0,47.50334173999993,47.50334173999993,0.0,35104.46295422166,link,0.0,0.0,0.0,0.0,0.0,0.0,0.035967537941042696,0.0,0.035967537941042696,0.057914081824922664,0.021946543883879968,0.035967537941042696,0
36.0,2.0,15.0,190.0,63592.0,31158.0,32434.0,25.270302420000007,0.0,25.270302420000007,0.0,link,0.0,0.0,0.0,0.0,0.0,0.0,0.13599531216286784,0.03845234831064168,0.09754296385222615,0.14767019188090783,0.03845234831064168,0.10921784357026615,0
36.0,0.0,121.0,191.0,31158.0,31158.0,0.0,37.254997440000025,37.254997440000025,0.0,5978.406282256154,ra,1.0,1.0,0.0,0.05566415712792169,0.05566415712792169,0.0,0.03845234831064168,0.03845234831064168,0.0,0.0,0.0,0.0,1
36.0,1.0,122.0,192.0,32434.0,0.0,32434.0,44.65999630000002,0.0,44.65999630000002,6884.764105769136,ra,0.0,0.0,-0.0,0.0,0.0,0.0,0.07691004556162613,0.0,0.07691004556162613,0.09754296385222615,0.0,0.09754296385222615,0
36.0,2.0,17.0,193.0,63592.0,31158.0,32434.0,29.92414320000001,29.92414320000001,0.0,10780.414990255447,link,0.0,0.0,0.0,0.0,0.0,0.0,0.07691004556162613,0.0,0.07691004556162613,0.09073499972002613,0.013824954158400005,0.07691004556162613,0
37.0,2.0,16.0,194.0,61280.64411621449,31014.17446373309,30266.469652481403,61.50644014066877,0.0,61.50644014066877,0.0,link,0.0,0.0,0.0,0.0,0.0,0.0,0.12173976504811218,0.052634434241527216,0.06910533080658496,0.15015574039310114,0.052634434241527216,0.09752130615157394,0
37.0,0.0,117.0,195.0,31188.918197802075,31188.918197802075,0.0,9.525293399435451,9.525293399435451,0.0,1531.6015518302704,ra,0.0,0.0,0.0,0.0,0.0,0.0,0.052634434241527216,0.052634434241527216,0.0,0.057035119792066394,0.057035119792066394,0.0,0
37.0,2.0,18.0,196.0,64809.52507699492,32882.29003408458,31927.235042910343,53.54046007346497,53.54046007346497,0.0,9891.283544490125,link,0.0,0.0,0.0,0.0,0.0,0.0,0.12614045059865137,0.057035119792066394,0.06910533080658496,0.15087614315259218,0.08177081234600721,0.06910533080658496,0
38.0,2.0,17.0,197.0,73980.90840881804,36437.73642199968,37543.17198681836,171.6379192635673,0.0,171.6379192635673,0.0,link,0.0,0.0,0.0,0.0,0.0,0.0,0.03218425812388553,0.03218425812388553,0.0,0.11148097682365363,0.03218425812388553,0.07929671869976809,0
38.0,1.0,118.0,198.0,38288.38488121995,0.0,38288.38488121995,71.26401272162053,0.0,71.26401272162053,5385.572941871728,ra,1.0,0.0,1.0,0.13262218434715067,0.0,0.13262218434715067,0.09969821046976197,0.0,0.09969821046976197,0.0,0.0,0.0,1
38.0,0.0,119.0,199.0,38355.566312925184,38355.566312925184,0.0,52.38002450480699,52.38002450480699,0.0,7097.786060466791,ra,0.0,-0.0,0.0,0.0,0.0,0.0,0.03218425812388553,0.03218425812388553,0.0,0.05638382944510635,0.05638382944510635,0.0,0
38.0,1.0,123.0,200.0,41712.9401712972,0.0,41712.9401712972,40.62222910222708,0.0,40.62222910222708,14257.714169889843,ra,0.0,0.0,-0.0,0.0,0.0,0.0,0.08093074062453308,0.0,0.08093074062453308,0.09969821046976197,0.0,0.09969821046976197,0
38.0,0.0,124.0,201.0,40728.86630783911,40728.86630783911,0.0,56.97779701211512,56.97779701211512,0.0,14300.505499646226,ra,1.0,1.0,0.0,0.06603383221496115,0.06603383221496115,0.0,0.05638382944510635,0.05638382944510635,0.0,0.016673739449742382,0.016673739449742382,0.0,1
38.0,2.0,22.0,202.0,105896.44285789959,51540.438437961006,54356.004419938574,164.6004395996166,164.6004395996166,0.0,31585.43416751235,link,0.0,0.0,0.0,0.0,0.0,0.0,0.09760448007427547,0.016673739449742382,0.08093074062453308,0.17364988316929836,0.09271914254476527,0.08093074062453308,0
39.0,2.0,17.0,203.0,25562.278853813234,12328.30028963884,13233.978564174393,39.76665927045576,0.0,39.76665927045576,0.0,link,0.0,0.0,0.0,0.0,0.0,0.0,0.04826980589985514,0.025334685827731074,0.022935120072124067,0.0666420024828057,0.025334685827731074,0.04130731665507463,0
39.0,2.0,24.0,204.0,21529.452943652228,10591.584479212725,10937.868464439502,37.94737581591348,37.94737581591348,0.0,17071.72988124704,link,0.0,0.0,0.0,0.0,0.0,0.0,0.04826980589985514,0.025334685827731074,0.022935120072124067,0.06580149352680717,0.042866373454683096,0.022935120072124067,0
40.0,2.0,18.0,205.0,25932.838407847834,12821.14586322636,13111.692544621475,33.49591889904462,0.0,33.49591889904462,0.0,link,0.0,0.0,0.0,0.0,0.0,0.0,0.061519646754021606,0.04444265865822898,0.01707698809579263,0.07699476128538021,0.04444265865822898,0.03255210262715124,0
40.0,2.0,26.0,206.0,22387.89451536771,11334.707010656924,11053.187504710784,33.43253394566271,33.43253394566271,0.0,13785.599210644326,link,0.0,0.0,0.0,0.0,0.0,0.0,0.061519646754021606,0.04444265865822898,0.01707698809579263,0.07696547743691778,0.05988848934112516,0.01707698809579263,0
41.0,2.0,18.0,207.0,65100.064380541284,32409.67765592153,32690.38672461976,160.63896687744537,0.0,160.63896687744537,0.0,link,0.0,0.0,0.0,0.0,0.0,0.0,0.07499012820572426,0.07499012820572426,-4.2441405827214605e-18,0.149205330903104,0.07499012820572426,0.07421520269737976,0
41.0,1.0,126.0,208.0,33015.8306660751,0.0,33015.8306660751,10.314895967714357,0.0,10.314895967714357,1570.6218936678245,ra,1.0,0.0,1.0,0.07916793782281231,0.0,0.07916793782281231,0.07440245588572827,0.0,0.07440245588572827,-4.2441405827214605e-18,0.0,-4.2441405827214605e-18,1
41.0,0.0,125.0,209.0,32828.808927873586,32828.808927873586,0.0,10.3595962090881,10.3595962090881,0.0,1588.999800427482,ra,1.0,1.0,0.0,0.07977626165432296,0.07977626165432296,0.0,0.07499012820572426,0.07499012820572426,0.0,2.168404344971009e-19,2.168404344971009e-19,0.0,1
41.0,2.0,25.0,210.0,107717.84336110209,52411.86349298975,55305.979868112336,160.38790750459202,160.38790750459202,0.0,19664.682517120145,link,0.0,0.0,0.0,0.0,0.0,0.0,0.07440245588572827,2.168404344971009e-19,0.07440245588572827,0.1485016691528498,0.0740992132671215,0.07440245588572827,0
42.0,2.0,0.0,211.0,64323.0,34358.0,29965.000000000004,5.84287535,0.0,5.84287535,0.0,link,0.0,0.0,0.0,0.0,0.0,0.0,0.05496395647660634,0.0,0.05496395647660634,0.05766336488830635,0.0,0.05766336488830635,0
42.0,2.0,21.0,212.0,64323.0,34358.0,29965.0,6.699466420000002,6.699466420000002,0.0,974.9930872178356,link,0.0,0.0,0.0,0.0,0.0,0.0,0.05496395647660634,0.0,0.05496395647660634,0.05805910996264634,0.003095153486040001,0.05496395647660634,0
43.0,2.0,20.0,213.0,150198.49863614666,75767.44894346851,74431.04969267815,5.130774319179871,0.0,5.130774319179871,0.0,link,0.0,0.0,0.0,0.0,0.0,0.0,0.09736848225179758,0.09736848225179758,0.0,0.09973889998725867,0.09736848225179758,0.0023704177354611,0
43.0,2.0,127.0,214.0,143910.62075712613,71622.8655725805,72287.75518454562,293.91101415520427,147.23348106391356,146.67753309129074,10005.69209126666,ra,2.0,2.0,0.0,0.2404791774353402,0.06802186825152806,0.17245730918381214,0.20206077114743337,0.09736848225179758,0.10469228889563581,0.09736848225179758,0.09736848225179758,0.0,1
43.0,2.0,22.0,215.0,143835.3128743358,71573.22723597237,72262.08563836341,5.082702228814696,5.082702228814696,0.0,10360.675542503666,link,0.0,0.0,0.0,0.0,0.0,0.0,0.20206077114743337,0.09736848225179758,0.10469228889563581,0.20440897957714577,0.09971669068150997,0.10469228889563581,0
44.0,2.0,20.0,216.0,153959.0,74263.0,79696.0,69.97308800000003,0.0,69.97308800000003,0.0,link,0.0,0.0,0.0,0.0,0.0,0.0,0.10855003564762616,0.01689776251338474,0.09165227313424142,0.14087760230362617,0.01689776251338474,0.12397983979024142,0
44.0,2.0,21.0,217.0,153959.0,74263.0,79696.0,65.202914,65.202914,0.0,4390.047146032249,link,0.0,0.0,0.0,0.0,0.0,0.0,0.10855003564762616,0.01689776251338474,0.09165227313424142,0.13867378191562615,0.04702150878138474,0.09165227313424142,0
45.0,2.0,20.0,218.0,62196.76002530598,32348.66402655705,29848.09599874893,35.568633150450104,0.0,35.568633150450104,0.0,link,0.0,0.0,0.0,0.0,0.0,0.0,0.027505330062794976,0.0250836423793376,0.0024216876834573763,0.043938038578302925,0.0250836423793376,0.018854396198965326,0
45.0,2.0,129.0,219.0,59803.760630072626,31496.773292559403,28306.987337513223,120.38803113917295,62.89151267416527,57.49651846500768,9849.378972750012,ra,1.0,1.0,0.0,0.09851872693389667,0.03751363410660452,0.06100509282729215,0.06194703135925358,0.0250836423793376,0.03686338897991598,0.019047574811654807,0.01662588712819743,0.0024216876834573763,1
45.0,2.0,27.0,220.0,59265.836631097605,31619.71560399585,27646.121027101755,40.17535522029394,40.17535522029394,0.0,16227.553730454052,link,0.0,0.0,0.0,0.0,0.0,0.0,0.05348927610811341,0.01662588712819743,0.03686338897991598,0.07205029021988921,0.03518690123997323,0.03686338897991598,0
46.0,2.0,21.0,221.0,122056.36331156333,58092.14471186193,63964.2185997014,125.58521289456148,0.0,125.58521289456148,0.0,link,0.0,0.0,0.0,0.0,0.0,0.0,0.10313014475099566,0.03232547288243003,0.07080467186856564,0.16115051310828307,0.03232547288243003,0.12882504022585303,0
46.0,2.0,23.0,222.0,131872.70614633957,62497.919354533005,69374.78679180656,113.56088787518188,113.56088787518188,0.0,9404.55520736285,link,0.0,0.0,0.0,0.0,0.0,0.0,0.10313014475099566,0.03232547288243003,0.07080467186856564,0.15559527494932968,0.08479060308076405,0.07080467186856564,0
47.0,2.0,22.0,223.0,38579.295537849815,18952.69215084102,19626.6033870088,35.26438332854674,0.0,35.26438332854674,0.0,link,0.0,0.0,0.0,0.0,0.0,0.0,0.06159502639919842,0.04234998760154668,0.01924503879765174,0.07788717149698701,0.04234998760154668,0.03553718389544033,0
47.0,2.0,128.0,224.0,35162.62482989687,17399.45971996509,17763.16510993178,148.7127599086786,73.26770859687495,75.44505131180364,19815.112780906624,ra,1.0,1.0,0.0,0.1267455192319693,0.07619966897330291,0.05054585025866638,0.07728526295181151,0.04234998760154668,0.03493527535026483,0.01924503879765174,0.0,0.01924503879765174,1
47.0,2.0,28.0,225.0,35062.11998304022,16961.141448801816,18100.9785342384,33.513030710864314,33.513030710864314,0.0,29618.33132225415,link,0.0,0.0,0.0,0.0,0.0,0.0,0.03493527535026484,0.0,0.03493527535026484,0.05041829553868414,0.015483020188419312,0.03493527535026483,0
48.0,2.0,24.0,226.0,16009.999934388854,7856.999966820751,8152.999967568103,45.04775876963435,0.0,45.04775876963435,0.0,link,0.0,0.0,0.0,0.0,0.0,0.0,0.02568762937006463,0.02568762937006463,0.0,0.0464996939216357,0.02568762937006463,0.020812064551571068,0
48.0,2.0,0.0,227.0,10228.9496360124,5180.369177535584,5048.580458476815,44.06807816829561,44.06807816829561,0.0,34790.83034290512,link,0.0,0.0,0.0,0.0,0.0,0.0,0.02568762937006463,0.02568762937006463,0.0,0.046047081483817205,0.046047081483817205,0.0,0
50.0,2.0,23.0,230.0,167288.29083468003,89420.76920845687,77867.52162622314,41.55058175732072,0.0,41.55058175732072,0.0,link,0.0,0.0,0.0,0.0,0.0,0.0,0.1488043922184201,0.09200102361102436,0.05680336860739574,0.16800076099030226,0.09200102361102436,0.07599973737927791,0
50.0,2.0,25.0,231.0,167733.1420677742,89424.56834914754,78308.57371862668,47.58180146793672,47.58180146793672,0.0,2660.513408818963,link,0.0,0.0,0.0,0.0,0.0,0.0,0.1488043922184201,0.09200102361102436,0.05680336860739574,0.17078718449660688,0.11398381588921114,0.05680336860739574,0
51.0,2.0,23.0,232.0,68004.42841151668,33685.47219088722,34318.956220629465,52.12997278354045,0.0,52.12997278354045,0.0,link,0.0,0.0,0.0,0.0,0.0,0.0,0.07401505337099928,0.04804187288872347,0.025973180482275808,0.09809910079699496,0.04804187288872347,0.050057227908271495,0
51.0,0.0,130.0,233.0,33100.995903315394,33100.995903315394,0.0,15.663259093733826,15.663259093733826,0.0,2344.9972799662905,ra,1.0,1.0,0.0,0.009665927139915374,0.009665927139915374,0.0,0.04804187288872347,0.04804187288872347,0.0,0.04561237145011312,0.04561237145011312,0.0,1
51.0,2.0,27.0,234.0,64426.23565632764,31754.48892503164,32671.746731296,35.25588008697746,35.25588008697746,0.0,7784.588682143257,link,0.0,0.0,0.0,0.0,0.0,0.0,0.07158555193238893,0.04561237145011312,0.025973180482275808,0.0878737685325725,0.061900588050296704,0.025973180482275808,0
53.0,2.0,24.0,237.0,26623.0,13216.0,13407.000000000002,26.02419363000001,0.0,26.02419363000001,0.0,link,0.0,0.0,0.0,0.0,0.0,0.0,0.049463708768751044,0.03827128739493826,0.011192421373812786,0.06148688622581105,0.03827128739493826,0.02321559883087279,0
53.0,2.0,28.0,238.0,26623.0,13216.0,13407.0,25.65344543999999,25.65344543999999,0.0,9705.486491353968,link,0.0,0.0,0.0,0.0,0.0,0.0,0.049463708768751044,0.03827128739493826,0.011192421373812786,0.06131560056203104,0.05012317918821825,0.011192421373812786,0
54.0,2.0,25.0,239.0,63790.74308365228,33602.55553767664,30188.187545975637,18.29338158664984,0.0,18.29338158664984,0.0,link,0.0,0.0,0.0,0.0,0.0,0.0,0.06532874695624084,0.06532874695624084,9.75781955236954e-19,0.07378028924927307,0.06532874695624084,0.008451542293032226,0
54.0,2.0,131.0,240.0,33762.441558617626,17029.212737248363,16733.228821369263,143.70836004680433,74.28561943551291,69.4227406112914,14118.05957838652,ra,1.0,1.0,0.0,0.13753234016161073,0.05656906532190962,0.08096327483970112,0.11421871563352533,0.06532874695624084,0.048889968677284484,0.04307963781353819,0.04307963781353819,9.75781955236954e-19,1
54.0,2.0,26.0,241.0,32484.774457444895,16371.354345937669,16113.420111507226,18.59142985052047,18.59142985052047,0.0,19751.672738570145,link,0.0,0.0,0.0,0.0,0.0,0.0,0.09196960649082267,0.04307963781353819,0.048889968677284484,0.10055884708176313,0.05166887840447865,0.048889968677284484,0
55.0,2.0,26.0,242.0,35611.19993600926,17306.49996896785,18304.699967041404,73.0390805412178,0.0,73.0390805412178,0.0,link,0.0,0.0,0.0,0.0,0.0,0.0,0.07933446618256931,0.07933446618256931,0.0,0.11307852139261193,0.07933446618256931,0.033744055210042624,0
55.0,2.0,132.0,243.0,34335.6700861098,16687.900230609903,17647.769855499897,76.13432357476225,37.0002975059509,39.13402606881135,10714.232916978135,ra,5.0,5.0,0.0,0.11450852367410948,0.09642860363031863,0.018079920043790845,0.07933446618256931,0.07933446618256931,0.0,0.0,0.0,0.0,1
55.0,2.0,0.0,244.0,9015.000278806967,4116.000142012323,4899.000136794644,67.64547863609975,67.64547863609975,0.0,47911.36687265736,link,0.0,0.0,0.0,0.0,0.0,0.0,0.0,0.0,0.0,0.03125221112987809,0.03125221112987809,0.0,0
56.0,2.0,27.0,245.0,67553.51728478492,34432.267085202984,33121.25019958193,47.34047419433908,0.0,47.34047419433908,0.0,link,0.0,0.0,0.0,0.0,0.0,0.0,0.05612221890586281,0.05612221890586281,-1.734723475976807e-18,0.07799351798364745,0.05612221890586281,0.02187129907778465,0
56.0,1.0,134.0,246.0,28345.05378073905,0.0,28345.05378073905,28.58922403809786,0.0,28.58922403809786,14670.942506693847,ra,1.0,0.0,1.0,0.013208221505601213,0.0,0.013208221505601213,0.0,0.0,0.0,-1.734723475976807e-18,0.0,-1.734723475976807e-18,1
56.0,0.0,133.0,247.0,28758.648000424007,28758.648000424007,0.0,92.7044471237499,92.7044471237499,0.0,14715.488271793003,ra,0.0,-0.0,0.0,0.0,0.0,0.0,0.05612221890586281,0.05612221890586281,0.0,0.09895167347703528,0.09895167347703528,0.0,0
56.0,2.0,135.0,248.0,47006.10408228616,24072.8864014428,22933.21768084336,119.44676128767686,29.374134767011142,90.07262652066572,20490.182643268578,ra,4.0,0.0,4.0,0.18725230674261936,0.11252252373939442,0.07472978300322494,0.13206790302771265,0.09895167347703528,0.033116229550677376,0.0,0.0,0.0,1
56.0,2.0,29.0,249.0,45237.32656378552,23422.054813020965,21815.27175076456,50.20631380719865,50.20631380719865,0.0,31051.51115001564,link,0.0,0.0,0.0,0.0,0.0,0.0,0.033116229550677376,0.0,0.033116229550677376,0.05631154652960315,0.023195316978925774,0.033116229550677376,0
57.0,2.0,28.0,250.0,21608.0,10785.0,10823.000000000002,13.286098339999992,0.0,13.286098339999992,0.0,link,0.0,0.0,0.0,0.0,0.0,0.0,0.025616680085639935,0.025616680085639935,0.0,0.03175485751871993,0.025616680085639935,0.006138177433079996,0
57.0,2.0,0.0,251.0,21608.0,10785.000000000002,10823.0,13.2394503,13.2394503,0.0,6137.906286244384,link,0.0,0.0,0.0,0.0,0.0,0.0,0.025616680085639935,0.025616680085639935,0.0,0.031733306124239934,0.031733306124239934,0.0,0
59.0,2.0,29.0,254.0,41763.642422810655,21836.31144790283,19927.330974907825,1.283845975213338,0.0,1.283845975213338,0.0,link,0.0,0.0,0.0,0.0,0.0,0.0,0.0588017793626046,0.02397667183153861,0.034825107531065984,0.05939491620315315,0.02397667183153861,0.035418244371614546,0
59.0,0.0,137.0,255.0,11226.947197214342,11226.947197214342,0.0,85.62885309448355,85.62885309448355,0.0,25939.716113189967,ra,1.0,1.0,0.0,0.06353720196119002,0.06353720196119002,0.0,0.02397667183153861,0.02397667183153861,0.0,0.0,0.0,0.0,1
59.0,1.0,138.0,256.0,8142.41876965786,0.0,8142.41876965786,75.37902063001296,0.0,75.37902063001296,26235.491957639333,ra,0.0,0.0,-0.0,0.0,0.0,0.0,0.0,0.0,0.0,0.034825107531065984,0.0,0.034825107531065984,0
59.0,2.0,0.0,257.0,19030.167720862108,11064.89566740363,7965.272053458477,2.4359078009202304,2.4359078009202304,0.0,27032.750454879864,link,0.0,0.0,0.0,0.0,0.0,0.0,0.0,0.0,0.0,0.0011253894040251463,0.0011253894040251463,0.0,0
60.0,2.0,29.0,258.0,15204.999638753205,7325.999839362642,7878.999799390564,11.795237599021489,0.0,11.795237599021489,0.0,link,0.0,0.0,0.0,0.0,0.0,0.0,0.02249195885013503,0.014731009294603647,0.007760949555531385,0.02794135862088296,0.014731009294603647,0.013210349326279312,0
60.0,2.0,136.0,259.0,13825.298552554461,6712.4814864233695,7112.817066131092,32.43406174403211,15.635469632492317,16.798592111539794,10738.631570167296,ra,1.0,0.0,1.0,0.021954596264815097,0.021954596264815097,0.0,0.014731009294603647,0.014731009294603647,0.0,0.007760949555531385,0.0,0.007760949555531385,1
60.0,2.0,0.0,260.0,9900.001134069504,4967.000504292169,4933.000629777334,11.76288597645678,11.76288597645678,0.0,22135.2935483001,link,0.0,0.0,0.0,0.0,0.0,0.0,0.0,0.0,0.0,0.005434453321123032,0.005434453321123032,0.0,0
