Time of calculation: 20211005-224607; value of objective: 635962.2547436825;  acc=20.0;  ec=0.25;  e_tax=0.15;  cfix=50000;  cvar=10000;  eta=0.7;  mu=0.5;  hours_of_constant_charging=20;  i=0.05;  T=10
highway,name,asfinag_position,direction,asfinag_type,traffic_flow,traffic_flow_0,traffic_flow_1,energy_demand,energy_demand_0,energy_demand_1,pXi_dir,pYi_dir,pYi_dir_0,pYi_dir_1,pE_charged,pE_charged_0,pE_charged_1,pE_input,pE_input_0,pE_input_1,pE_output,pE_output_0,pE_output_1
A1,'Steinhäusl',32.7,2.0,0.0,63195.99999999913,31485.99999999933,31709.9999999998,228883.80989013438,151754.18761753893,77129.62227259546,0.0,27.0,-0.0,27.0,27000.000000000004,0.0,27000.000000000004,4.6322045915949275,0.0,4.6322045915949275,53113.965666138625,53113.965666138625,0.0
A1,'Kirchstetten',44.88,0.0,1.0,29897.99999542764,29897.99999542764,0.0,72732.0809427628,72732.0809427628,0.0,1.0,1.0,1.0,0.0,1000.0000000000002,1000.0000000000002,0.0,53113.965666138625,53113.965666138625,0.0,77570.19399610558,77570.19399610558,0.0
A1,'Kesselhof',44.88,1.0,1.0,30234.999996719125,0.0,30234.999996719125,109130.95569981833,0.0,109130.95569981833,1.0,288.0,0.0,288.0,287694.2805676374,0.0,287694.2805676374,249503.0782772926,0.0,249503.0782772926,4.6322045915949275,0.0,4.6322045915949275
A1,'St. Pölten',62.9,2.0,0.0,71148.0,35583.0,35565.0,227454.84943410664,128422.41740026572,99032.43203384092,1.0,123.0,123.0,-0.0,122518.04008619857,122518.04008619857,0.0,292411.9210615539,77570.19399610558,214841.72706544827,249503.0782772926,0.0,249503.0782772926
A1,'Schallaburg',76.81,1.0,1.0,29188.0,0.0,29188.0,136934.36037638868,0.0,136934.36037638868,1.0,1.0,0.0,1.0,1000.0000000000002,0.0,1000.0000000000002,167914.70093371224,0.0,167914.70093371224,214841.72706544827,0.0,214841.72706544827
A1,'Roggendorf',76.82,0.0,1.0,28377.0,28377.0,0.0,78562.33219617409,78562.33219617409,0.0,1.0,27.0,27.0,0.0,27000.000000000007,27000.000000000007,0.0,0.0,0.0,0.0,496.8162686608848,496.8162686608848,0.0
A1,'Ornding',88.04,0.0,1.0,27048.0,27048.0,0.0,60488.07492270462,60488.07492270462,0.0,1.0,21.0,21.0,0.0,21000.0,21000.0,0.0,496.8162686608848,496.8162686608848,0.0,667.6424916074029,667.6424916074029,0.0
A1,'Ybbs',100.32,1.0,0.0,27161.40445083877,0.0,27161.40445083877,104129.25066774894,0.0,104129.25066774894,1.0,1.0,0.0,1.0,1000.0000000000002,0.0,1000.0000000000002,132469.46320000011,0.0,132469.46320000011,167914.70093371224,0.0,167914.70093371224
A1,'Kemmelbach',101.38,0.0,0.0,26898.000000000207,26898.000000000207,0.0,72226.10016870651,72226.10016870651,0.0,1.0,25.0,25.0,0.0,25000.000000000007,25000.000000000007,0.0,667.6424916074029,667.6424916074029,0.0,946.7775506543694,946.7775506543694,0.0
A1,'Viehdorf',118.17,0.0,1.0,25545.0,25545.0,0.0,92117.57063469278,92117.57063469278,0.0,1.0,32.0,32.0,0.0,32000.000000000004,32000.000000000004,0.0,946.7775506543694,946.7775506543694,0.0,1187.9272727965144,1187.9272727965144,0.0
A1,'Amstetten',119.36,1.0,1.0,25407.0,0.0,25407.0,122199.48177898517,0.0,122199.48177898517,1.0,1.0,0.0,1.0,999.9999999999857,0.0,999.9999999999857,90699.6445773553,0.0,90699.6445773553,132469.46320000011,0.0,132469.46320000011
A1,'Strengberg',136.0,0.0,0.0,25773.0,25773.0,0.0,85730.10314081071,85730.10314081071,0.0,1.0,30.0,30.0,0.0,30000.000000000007,30000.000000000007,0.0,1187.9272727965144,1187.9272727965144,0.0,1193.4633720800557,1193.4633720800557,0.0
A1,'Haag',143.54,1.0,0.0,28172.0,0.0,28172.0,72532.38382040594,0.0,72532.38382040594,1.0,1.0,0.0,1.0,1000.0000000000002,0.0,1000.0000000000002,66313.31024021322,0.0,66313.31024021322,90699.6445773553,0.0,90699.6445773553
A1,'Enns Süd',156.19,1.0,1.0,29648.737115098505,0.0,29648.737115098505,86236.6993060754,0.0,86236.6993060754,1.0,1.0,0.0,1.0,1000.0000000000002,0.0,1000.0000000000002,37130.46548308683,0.0,37130.46548308683,66313.31024021322,0.0,66313.31024021322
A1,'Enns Nord',156.79,0.0,1.0,29791.88732837659,29791.88732837659,0.0,122843.35235918174,122843.35235918174,0.0,1.0,1.0,1.0,0.0,999.9999999999927,999.9999999999927,0.0,1193.4633720800557,1193.4633720800557,0.0,43188.63669779367,43188.63669779367,0.0
A1,'Ansfelden Süd',170.93,1.0,0.0,46681.64620523784,0.0,46681.64620523784,108599.64670259466,0.0,108599.64670259466,1.0,2.0,0.0,2.0,1999.9999999999563,0.0,1999.9999999999563,1120.5891371786565,0.0,1120.5891371786565,37130.46548308683,0.0,37130.46548308683
A1,'Ansfelden Nord',171.01,0.0,0.0,48225.58896718505,48225.58896718505,0.0,137729.45647842763,137729.45647842763,0.0,1.0,90.0,90.0,0.0,90000.00000000001,90000.00000000001,0.0,43188.63669779367,43188.63669779367,0.0,1393.9464652433235,1393.9464652433235,0.0
A1,'Allhaming Süd',182.59,1.0,1.0,22273.0,0.0,22273.0,132032.00498622254,0.0,132032.00498622254,1.0,46.0,0.0,46.0,46000.00000000001,0.0,46000.00000000001,909.3873920007754,0.0,909.3873920007754,1120.5891371786565,0.0,1120.5891371786565
A1,'Allhaming Nord',182.6,0.0,1.0,22478.0,22478.0,0.0,52074.59618392183,52074.59618392183,0.0,1.0,18.0,18.0,0.0,18000.000000000004,18000.000000000004,0.0,1393.9464652433235,1393.9464652433235,0.0,1620.0551296159538,1620.0551296159538,0.0
A1,'Lindach Nord',212.26,0.0,0.0,24091.0,24091.0,0.0,143292.1869458095,143292.1869458095,0.0,1.0,50.0,50.0,0.0,50000.000000000015,50000.000000000015,0.0,1620.0551296159538,1620.0551296159538,0.0,1772.3205606492556,1772.3205606492556,0.0
A1,'Lindach Süd',212.27,1.0,0.0,24205.0,0.0,24205.0,88500.71292866017,0.0,88500.71292866017,1.0,31.0,0.0,31.0,31000.000000000007,0.0,31000.000000000007,934.1378669697297,0.0,934.1378669697297,909.3873920007754,0.0,909.3873920007754
A1,'Hainbach Süd',230.7,1.0,1.0,16641.0,0.0,16641.0,43626.88664048988,0.0,43626.88664048988,1.0,15.0,0.0,15.0,15000.000000000004,0.0,15000.000000000004,664.7275427983695,0.0,664.7275427983695,934.1378669697297,0.0,934.1378669697297
A1,'Hainbach Nord',230.72,0.0,1.0,15023.0,15023.0,0.0,55447.073726717535,55447.073726717535,0.0,1.0,19.0,19.0,0.0,18999.999999999996,18999.999999999996,0.0,1772.3205606492556,1772.3205606492556,0.0,2178.796365000395,2178.796365000395,0.0
A1,'Straß',243.67,1.0,1.0,16828.67483549712,0.0,16828.67483549712,52286.93331258195,0.0,52286.93331258195,1.0,18.0,0.0,18.0,18000.000000000004,0.0,18000.000000000004,364.3008833947388,0.0,364.3008833947388,664.7275427983695,0.0,664.7275427983695
A1,'Oberwang',251.03,0.0,1.0,15727.0,15727.0,0.0,64059.905884903295,64059.905884903295,0.0,1.0,22.0,22.0,0.0,22000.000000000004,22000.000000000004,0.0,2178.796365000395,2178.796365000395,0.0,2599.7634247165443,2599.7634247165443,0.0
A1,'Mondsee',259.23,2.0,0.0,31060.001681777,15727.000882328592,15333.000799448411,108891.47151975876,25342.39533715945,83549.07618259931,1.0,66.0,9.0,57.0,66000.00000000001,9000.000000000002,57000.000000000015,30721.88764420159,2599.7634247165443,28122.124219485046,2833.9026761170862,2469.6017927223475,364.3008833947388
A1,'Söllheim',286.46,1.0,0.0,28864.537464121862,0.0,28864.537464121862,82339.63927517904,0.0,82339.63927517904,1.0,1.0,0.0,1.0,1000.0000000000002,0.0,1000.0000000000002,303.2504731723974,0.0,303.2504731723974,28122.124219485046,0.0,28122.124219485046
A1,'Kasern',287.89,0.0,0.0,38922.8495638266,38922.8495638266,0.0,223019.90593909277,223019.90593909277,0.0,1.0,78.0,78.0,0.0,78000.0,78000.0,0.0,2469.6017927223475,2469.6017927223475,0.0,2526.56887140481,2526.56887140481,0.0
A1,'Walserberg Süd',300.71,1.0,0.0,14880.00000000295,0.0,14880.00000000295,866.4299233497069,0.0,866.4299233497069,0.0,0.0,0.0,-0.0,0.0,0.0,0.0,0.0,0.0,0.0,303.2504731723974,0.0,303.2504731723974
A1,'Walserberg Nord',300.73,0.0,0.0,12964.000000008587,12964.000000008587,0.0,33079.84748626592,33079.84748626592,0.0,1.0,15.0,15.0,0.0,14104.515491597882,14104.515491597882,0.0,2526.56887140481,2526.56887140481,0.0,0.0,0.0,0.0
A10,'Golling Ost',28.76,1.0,0.0,19647.00094772099,0.0,19647.00094772099,119966.62316808572,0.0,119966.62316808572,1.0,64.0,0.0,64.0,64000.000000000015,0.0,64000.000000000015,22011.681891170017,0.0,22011.681891170017,0.0,0.0,0.0
A10,'Golling West',28.82,0.0,0.0,19875.000668287423,19875.000668287423,0.0,104378.50480107158,104378.50480107158,0.0,1.0,1.0,1.0,0.0,558.3710762719129,558.3710762719129,0.0,0.0,0.0,0.0,35974.10560410314,35974.10560410314,0.0
A10,'Eben Süd',59.21,2.0,0.0,31555.3674870556,15997.416619605658,15557.95086744994,63864.366982730906,73.98398827676816,63790.382994454136,1.0,37.0,36.0,1.0,37000.00000000004,36000.00000000001,1000.0000000000256,36659.15344721424,35974.10560410314,685.0478431110972,22011.681891170017,0.0,22011.681891170017
A10,'Eben Nord',59.32,2.0,0.0,31554.16119307871,15997.1632592005,15556.997933878209,97642.35981166828,97570.41264793991,71.94716372837226,1.0,35.0,34.0,1.0,34081.37651613653,34000.00000000001,81.37651613652338,741.2428519426903,0.0,741.2428519426903,834.6922698900602,149.64442677896295,685.0478431110972
A10,'Tauernalm',79.79,2.0,0.0,21522.867721662667,10903.654559151322,10619.213162511343,88819.6820605424,44706.93514161317,44112.74691892924,1.0,31.0,16.0,15.0,30797.071726343573,15797.07172634357,15000.000000000004,451.4258570965321,149.64442677896295,301.7814303175692,741.2428519426903,0.0,741.2428519426903
A10,'Lungau',97.91,0.0,0.0,10877.0,10877.0,0.0,39524.43281357246,39524.43281357246,0.0,1.0,14.0,14.0,0.0,13833.55148475036,13833.55148475036,0.0,0.0,0.0,0.0,0.0,0.0,0.0
A10,'Lanschütz',100.6,1.0,1.0,10558.5,0.0,10558.5,53393.23087724362,0.0,53393.23087724362,1.0,19.0,0.0,19.0,19000.000000000004,0.0,19000.000000000004,614.1506232823594,0.0,614.1506232823594,301.7814303175692,0.0,301.7814303175692
A10,'Eisentratten',125.92,2.0,0.0,14180.999999999998,6877.999999999999,7302.999999999999,90988.98323942441,38359.86860817266,52629.11463125176,1.0,31.0,13.0,18.0,31000.0,12999.999999999996,18000.000000000004,193.96050234427457,0.0,193.96050234427457,1040.1046361427943,425.9540128604349,614.1506232823594
A10,'Feistritz an der Drau',162.01,2.0,0.0,29679.0,14929.0,14750.0,170997.24647957023,107585.93075858656,63411.31572098366,1.0,61.0,39.0,22.0,60081.02977836573,38081.02977836573,22000.000000000004,425.9540128604349,425.9540128604349,0.0,193.96050234427457,0.0,193.96050234427457
A11,'Rosegg',9.04,2.0,0.0,9108.5,4306.5,4802.0,19444.03423128799,7806.040740767851,11637.99349052014,1.0,8.0,3.0,5.0,6805.411980950797,2732.114259268748,4073.297721682049,0.0,0.0,0.0,0.0,0.0,0.0
A12,'Angath Süd',14.1,2.0,0.0,39222.99999999994,19907.99999999997,19314.99999999997,56148.10872631689,56144.28825076325,3.820475553634762,0.0,30.0,-0.0,30.0,30000.000000000022,0.0,30000.000000000022,29998.66283355625,0.0,29998.66283355625,19650.50088776714,19650.50088776714,0.0
A12,'Angath Nord',14.22,2.0,0.0,39222.99999999994,19907.99999999997,19314.99999999997,86003.9180407436,3.93776998818332,85999.98027075542,1.0,21.0,20.0,1.0,19753.20936847115,19651.879107263005,101.33026120814611,19650.50088776714,19650.50088776714,0.0,29998.66283355625,0.0,29998.66283355625
A12,'Münster Nord',35.71,0.0,1.0,18334.0,18334.0,0.0,79565.35290639894,79565.35290639894,0.0,1.0,1.0,1.0,0.0,1000.0000000000002,1000.0000000000002,0.0,0.0,0.0,0.0,26847.87351723962,26847.87351723962,0.0
A12,'Münster Süd',36.25,1.0,1.0,18162.0,0.0,18162.0,51027.0984567292,0.0,51027.0984567292,1.0,18.0,0.0,18.0,18000.000000000004,0.0,18000.000000000004,140.5155401447846,0.0,140.5155401447846,0.0,0.0,0.0
A12,'Vomp',50.47,1.0,0.0,24431.999999991072,0.0,24431.999999991072,22234.356307397185,0.0,22234.356307397185,1.0,8.0,0.0,8.0,8000.000000000002,0.0,8000.000000000002,358.4908325557717,0.0,358.4908325557717,140.5155401447846,0.0,140.5155401447846
A12,'Weer',54.8,0.0,0.0,24110.000189607712,24110.000189607712,0.0,91922.39487971723,91922.39487971723,0.0,1.0,59.0,59.0,0.0,58442.96788945838,58442.96788945838,0.0,26847.87351723962,26847.87351723962,0.0,577.743835682064,577.743835682064,0.0
A12,'Weer Süd',55.0,1.0,1.0,24141.001987531265,0.0,24141.001987531265,197089.950526282,0.0,197089.950526282,1.0,69.0,0.0,69.0,68928.45401569168,0.0,68928.45401569168,305.4621640487676,0.0,305.4621640487676,358.4908325557717,0.0,358.4908325557717
A12,'Ampaß',72.07,0.0,0.0,35539.999996608014,35539.999996608014,0.0,123154.22328142951,123154.22328142951,0.0,1.0,43.0,43.0,0.0,43000.00000000001,43000.00000000001,0.0,577.743835682064,577.743835682064,0.0,681.7219841823828,681.7219841823828,0.0
A12,'Zirl-Inzing',91.77,0.0,1.0,20799.0,20799.0,0.0,82023.58476167452,82023.58476167452,0.0,1.0,29.0,29.0,0.0,29000.000000000007,29000.000000000007,0.0,681.7219841823828,681.7219841823828,0.0,389.97665076820715,389.97665076820715,0.0
A12,'Pettnau',95.81,2.0,0.0,37922.0,18889.0,19033.0,165593.5507511032,14638.245573299051,150955.30517780414,1.0,58.0,5.0,53.0,58000.000000000015,5000.000000000001,53000.000000000015,861.0820025856002,389.97665076820715,471.10535181739306,818.8247654715924,513.3626014228248,305.4621640487676
A12,'Mils',135.51,2.0,0.0,19502.000000000833,10262.00000000003,9240.000000000804,99879.26500112754,81390.39256736355,18488.872433763983,1.0,35.0,29.0,6.0,35000.000000000065,29000.000000000065,6000.000000000001,513.3626014228248,513.3626014228248,0.0,471.10535181739306,0.0,471.10535181739306
A13,'Europabrücke',8.27,2.0,0.0,41638.0,21023.0,20615.0,70370.3325587005,34547.02051314864,35823.31204555185,0.0,14.0,-0.0,14.0,14000.000000000025,0.0,14000.000000000025,1461.840784056878,0.0,1461.840784056878,12091.457179602023,12091.457179602023,0.0
A13,'Matrei West',16.79,0.0,0.0,15161.0,15161.0,0.0,25846.426928735076,25846.426928735076,0.0,1.0,21.0,21.0,0.0,21000.000000000004,21000.000000000004,0.0,12091.457179602023,12091.457179602023,0.0,137.70660465927722,137.70660465927722,0.0
A13,'Matrei Ost',16.95,2.0,0.0,29983.0,15161.0,14822.0,36929.252580801745,499.30355502003806,36429.94902578171,0.0,12.0,-0.0,12.0,11550.147894947564,0.0,11550.147894947564,399.2131246401218,137.70660465927722,261.5065199808446,1774.3036329731494,312.46284891627147,1461.840784056878
A13,'Nößlach',26.91,2.0,1.0,12027.916375220364,12027.916375220364,0.0,26003.24170150209,26003.24170150209,0.0,1.0,1.0,1.0,0.0,1000.0000000000002,1000.0000000000002,0.0,312.46284891627147,312.46284891627147,0.0,8413.59744444197,8413.59744444197,0.0
A13,'Gries Ost',29.15,1.0,0.0,11601.99774413572,0.0,11601.99774413572,11387.01827145676,0.0,11387.01827145676,1.0,4.0,0.0,4.0,4000.000000000001,0.0,4000.000000000001,276.0501249709828,0.0,276.0501249709828,261.5065199808446,0.0,261.5065199808446
A13,'Gries West',29.54,0.0,0.0,12036.99974796117,12036.99974796117,0.0,4238.013247571624,4238.013247571624,0.0,1.0,1.0,1.0,0.0,1000.0000000000002,1000.0000000000002,0.0,8413.59744444197,8413.59744444197,0.0,8896.902081092037,8896.902081092037,0.0
A13,'Brennersee',33.44,0.0,0.0,12037.0,12037.0,0.0,9408.316380843364,9408.316380843364,0.0,1.0,12.0,12.0,0.0,12000.000000000002,12000.000000000002,0.0,8896.902081092037,8896.902081092037,0.0,189.8128143872127,189.8128143872127,0.0
A13,'Brennerpaß',34.16,2.0,0.0,23639.0,12037.0,11602.0,2518.3592467820863,1729.6446040078497,788.7146427742366,1.0,1.0,1.0,-0.0,795.1884257899601,795.1884257899601,0.0,189.8128143872127,189.8128143872127,0.0,276.0501249709828,0.0,276.0501249709828
A14,'Hörbranz’,0.0,2.0,1.0,11914.47538487758,11914.47538487758,0.0,580.5002038524873,580.5002038524873,0.0,0.0,0.0,-0.0,0.0,0.0,0.0,0.0,0.0,0.0,0.0,203.1750713483707,203.1750713483707,0.0
A14,'Hohenems',24.48,2.0,0.0,53333.40958305029,26852.092271153047,26481.317311897245,325972.7230756362,129158.23498549042,196814.48809014575,1.0,115.0,46.0,69.0,114293.62814782103,45408.55731627002,68885.07083155101,203.1750713483707,203.1750713483707,0.0,0.0,0.0,0.0
A2,'Guntramsdorf',14.43,2.0,0.0,106539.0608322543,54671.885978190505,51867.17485406379,341487.5079237672,158457.9372379927,183029.57068577447,0.0,65.0,-0.0,65.0,65000.00000000025,0.0,65000.00000000025,939.6502599791856,0.0,939.6502599791856,55460.27803329744,55460.27803329744,0.0
A2,'Leobersdorf',32.08,1.0,1.0,39540.0,0.0,39540.0,56942.74699600472,0.0,56942.74699600472,1.0,19.0,0.0,19.0,19000.000000000004,0.0,19000.000000000004,9.688811377767708,0.0,9.688811377767708,939.6502599791856,0.0,939.6502599791856
A2,'Triestingtal',32.08,0.0,1.0,40445.0,40445.0,0.0,143069.6923848394,143069.6923848394,0.0,1.0,1.0,1.0,0.0,1000.0000000000002,1000.0000000000002,0.0,55460.27803329744,55460.27803329744,0.0,104534.67036799117,104534.67036799117,0.0
A2,'Föhrenberg',39.31,1.0,0.0,39539.98215618593,0.0,39539.98215618593,93778.97588690832,0.0,93778.97588690832,1.0,92.0,0.0,92.0,92000.00000000001,0.0,92000.00000000001,59187.04725096002,0.0,59187.04725096002,9.688811377767708,0.0,9.688811377767708
A2,'Bad Fischau',40.93,0.0,0.0,37535.00000001001,37535.00000001001,0.0,66634.96786186735,66634.96786186735,0.0,1.0,128.0,128.0,0.0,127856.90911964474,127856.90911964474,0.0,104534.67036799117,104534.67036799117,0.0,0.0,0.0,0.0
A2,'Steinfeld',50.35,0.0,1.0,32434.00031526797,32434.00031526797,0.0,59928.40402750363,59928.40402750363,0.0,1.0,21.0,21.0,0.0,20974.94140962627,20974.94140962627,0.0,0.0,0.0,0.0,0.0,0.0,0.0
A2,'Wr. Neustadt',51.18,1.0,1.0,31158.00000000052,0.0,31158.00000000052,172010.8435859857,0.0,172010.8435859857,1.0,2.0,0.0,2.0,2000.0000000001169,0.0,2000.0000000001169,983.251995865955,0.0,983.251995865955,59187.04725096002,0.0,59187.04725096002
A2,'Zöbern',78.76,2.0,0.0,34076.0,17853.0,16223.0,127688.39957479399,101778.6326400082,25909.766934785785,1.0,45.0,36.0,9.0,44622.521424002865,35622.521424002865,9000.000000000002,914.8335686912772,0.0,914.8335686912772,983.251995865955,0.0,983.251995865955
A2,'Schäffern Ost',86.7,1.0,1.0,16223.0,0.0,16223.0,61123.2530374171,0.0,61123.2530374171,1.0,21.0,0.0,21.0,21000.000000000004,0.0,21000.000000000004,521.695005595569,0.0,521.695005595569,914.8335686912772,0.0,914.8335686912772
A2,'Loipersdorf',105.5,2.0,0.0,27899.0,14612.0,13287.0,154018.46142676251,78390.34012413416,75628.12130262834,1.0,53.0,27.0,26.0,53000.000000000015,27000.000000000007,26000.000000000007,51.85254967573714,0.0,51.85254967573714,958.314049042519,436.61904344694995,521.695005595569
A2,'Hainersdorf',133.87,0.0,1.0,16034.999999999998,16034.999999999998,0.0,90554.39668407534,90554.39668407534,0.0,1.0,32.0,32.0,0.0,32000.000000000007,32000.000000000007,0.0,436.61904344694995,436.61904344694995,0.0,130.65788287331088,130.65788287331088,0.0
A2,'Bad Blumau',134.06,1.0,1.0,14879.0,0.0,14879.0,59355.30955245131,0.0,59355.30955245131,1.0,41.0,0.0,41.0,41000.00000000001,0.0,41000.00000000001,20277.49420631791,0.0,20277.49420631791,51.85254967573714,0.0,51.85254967573714
A2,'Arnwiesen',154.1,2.0,0.0,36495.0010822289,19529.0004964994,16966.000585729496,135214.80430038154,78775.931104602,56438.87319577954,1.0,28.0,28.0,-0.0,27520.183977596273,27520.183977596273,0.0,654.54647066848,130.65788287331088,523.8885877951691,20459.54399820565,182.04979188773723,20277.49420631791
A2,'Laßnitzhöhe Nord',170.16,0.0,1.0,27470.0,27470.0,0.0,89210.41764080411,89210.41764080411,0.0,1.0,31.0,31.0,0.0,31000.000000000007,31000.000000000007,0.0,182.04979188773723,182.04979188773723,0.0,405.69596616916533,405.69596616916533,0.0
A2,'Laßnitzhöhe Süd',170.65,1.0,1.0,29743.0,0.0,29743.0,119872.94775894134,0.0,119872.94775894134,1.0,42.0,0.0,42.0,41431.6431278342,0.0,41431.6431278342,0.0,0.0,0.0,523.8885877951691,0.0,523.8885877951691
A2,'Kaiserwald',190.77,2.0,0.0,42649.00410506857,21967.00248080555,20682.001624263023,212311.14271654858,90269.44009665956,122041.70261988904,1.0,75.0,32.0,43.0,74714.59591696117,32000.000000000007,42714.59591696116,405.69596616916533,405.69596616916533,0.0,0.0,0.0,0.0
A2,'Herzogberg Nord',220.13,0.0,1.0,8807.00000002098,8807.00000002098,0.0,51848.951152018446,51848.951152018446,0.0,1.0,18.0,18.0,0.0,18000.000000000004,18000.000000000004,0.0,0.0,0.0,0.0,147.13290320644956,147.13290320644956,0.0
A2,'Herzogberg Süd',220.19,1.0,1.0,8120.999999999229,0.0,8120.999999999229,24362.120249568077,0.0,24362.120249568077,1.0,9.0,0.0,9.0,9000.000000000002,0.0,9000.000000000002,473.2579126511755,0.0,473.2579126511755,0.0,0.0,0.0
A2,'Pack',235.21,2.0,0.0,16928.0,8807.0,8120.999999999999,107246.45859213948,26540.01416042541,80706.44443171406,1.0,37.0,9.0,28.0,37000.00000000001,9000.000000000002,28000.000000000004,373.1352647577114,147.13290320644956,226.00236155126186,909.3957720065137,436.13785935533815,473.2579126511755
A2,'Völkermarkt',285.09,2.0,0.0,21133.0,10779.0,10354.0,137900.08595592296,107121.63089883584,30778.45505708712,1.0,48.0,37.0,11.0,48000.00000000001,37000.00000000001,11000.000000000002,889.6809509261093,436.13785935533815,453.54309157077114,1154.711035499131,928.7086739478691,226.00236155126186
A2,'Grafenstein Süd',300.0,1.0,1.0,13587.999999999998,0.0,13587.999999999998,81445.24169896843,0.0,81445.24169896843,1.0,29.0,0.0,29.0,29000.000000000007,0.0,29000.000000000007,947.7084969318294,0.0,947.7084969318294,453.54309157077114,0.0,453.54309157077114
A2,'Grafenstein Nord',300.0,0.0,1.0,13362.0,13362.0,0.0,39644.441582321415,39644.441582321415,0.0,1.0,14.0,14.0,0.0,14000.000000000004,14000.000000000004,0.0,928.7086739478691,928.7086739478691,0.0,804.2632277603552,804.2632277603552,0.0
A2,'Wörthersee',340.13,2.0,0.0,38076.99999701492,19452.999998289542,18623.999998725383,149916.98024786788,116709.63960631324,33207.340641554634,1.0,90.0,41.0,49.0,89141.29338153091,41000.00000000001,48141.2933815309,38270.69588167896,804.2632277603552,37466.43265391861,1600.3455869018126,652.6370899699832,947.7084969318294
A2,'Dreiländereck Süd',374.17,2.0,0.0,29010.99995582863,9394.99999993558,19615.999955893047,113634.3848593006,63912.37234872594,49722.012510574656,1.0,21.0,21.0,-0.0,21000.000000000004,21000.000000000004,0.0,20716.365365187463,652.6370899699832,20063.72827521748,39488.40006594267,2021.967412024057,37466.43265391861
A2,'Dreiländereck Nord',374.27,2.0,0.0,24357.99999982947,9394.999999829468,14963.000000000002,57429.86785277845,104.92992358564643,57324.937929192805,1.0,3.0,3.0,-0.0,2058.6928852790334,2058.6928852790334,0.0,2021.967412024057,2021.967412024057,0.0,20063.72827521748,0.0,20063.72827521748
A21,'Alland',14.68,2.0,0.0,40163.5,20093.0,20070.5,103417.58750904436,49420.33889377227,53997.24861527208,1.0,36.0,17.0,19.0,35771.95076631771,16872.913750972482,18899.037015345228,0.0,0.0,0.0,424.2048618478111,424.2048618478111,0.0
A21,'Hinterbrühl',26.99,0.0,1.0,19730.962284466663,19730.962284466663,0.0,44502.271823291965,44502.271823291965,0.0,1.0,16.0,16.0,0.0,15999.999999999998,15999.999999999998,0.0,424.2048618478111,424.2048618478111,0.0,0.0,0.0,0.0
A22,'Korneuburg West',18.04,1.0,0.0,32131.000000493023,0.0,32131.000000493023,63932.21893438356,0.0,63932.21893438356,1.0,23.0,0.0,23.0,23000.0,0.0,23000.0,623.7233729657528,0.0,623.7233729657528,0.0,0.0,0.0
A22,'Korneuburg Ost',18.12,0.0,0.0,32321.000000000007,32321.000000000007,0.0,116866.4197787237,116866.4197787237,0.0,1.0,41.0,41.0,0.0,40903.24692255329,40903.24692255329,0.0,0.0,0.0,0.0,0.0,0.0,0.0
A22,'Stockerau',28.09,1.0,0.0,30190.007584098337,0.0,30190.007584098337,9009.757712564318,0.0,9009.757712564318,1.0,3.0,0.0,3.0,2529.6918264317574,0.0,2529.6918264317574,0.0,0.0,0.0,623.7233729657528,0.0,623.7233729657528
A25,'Pucking',5.97,0.0,1.0,21620.0,21620.0,0.0,25350.64141680889,25350.64141680889,0.0,1.0,1.0,1.0,0.0,1000.0,1000.0,0.0,0.0,0.0,0.0,7872.724495883111,7872.724495883111,0.0
A25,'Wels',13.06,2.0,0.0,49975.503210327646,25078.48219887029,24897.02101145736,71240.92245977157,35488.490093098524,35752.43236667305,1.0,34.0,21.0,13.0,32807.04735680316,20293.696028467595,12513.351328335566,7872.724495883111,7872.724495883111,0.0,0.0,0.0,0.0
A3,'Hornstein',28.0,2.0,0.0,35088.0,17427.0,17661.0,114520.76259901357,66852.17460927166,47668.58798974191,1.0,41.0,24.0,17.0,40082.26690965475,23398.26111324508,16684.005796409667,0.0,0.0,0.0,0.0,0.0,0.0
A4,'Simmering',2.45,0.0,0.0,35371.78969176939,35371.78969176939,0.0,22257.83857434953,22257.83857434953,0.0,1.0,8.0,8.0,0.0,7790.243501022335,7790.243501022335,0.0,0.0,0.0,0.0,0.0,0.0,0.0
A4,'Fischamend',22.33,0.0,1.0,28227.0,28227.0,0.0,112756.86408974236,112756.86408974236,0.0,1.0,40.0,40.0,0.0,39464.90243140982,39464.90243140982,0.0,0.0,0.0,0.0,0.0,0.0,0.0
A4,'Maria Ellend',22.48,1.0,1.0,27990.0,0.0,27990.0,32591.644875563223,0.0,32591.644875563223,1.0,12.0,0.0,12.0,12000.0,0.0,12000.0,592.9242935528728,0.0,592.9242935528728,0.0,0.0,0.0
A4,'Göttlesbrunn',28.04,2.0,0.0,47550.0,24272.0,23278.0,199378.60737736453,28046.547072865586,171332.06030449894,0.0,60.0,0.0,60.0,59373.29681302175,0.0,59373.29681302175,0.0,0.0,0.0,10409.215769055829,9816.291475502956,592.9242935528728
A4,'Nickelsdorf Süd',64.65,0.0,0.0,10545.000205483248,10545.000205483248,0.0,76995.55071763713,76995.55071763713,0.0,1.0,37.0,37.0,0.0,36764.73422667595,36764.73422667595,0.0,9816.291475502956,9816.291475502956,0.0,0.0,0.0,0.0
A4,'Nickelsdorf Nord',64.97,1.0,0.0,7158.000028017371,0.0,7158.000028017371,1140.7844882274428,0.0,1140.7844882274428,1.0,1.0,0.0,1.0,399.27457087960494,0.0,399.27457087960494,0.0,0.0,0.0,0.0,0.0,0.0
A5,'Hochleithen',10.63,2.0,0.0,35611.2,17306.5,18304.7,171050.44466718304,34873.96904422976,136176.4756229533,1.0,61.0,13.0,48.0,59867.65563351406,12205.889165480414,47661.76646803365,0.0,0.0,0.0,0.0,0.0,0.0
A6,'Potzneusiedl',10.8,2.0,0.0,15204.999999970727,7325.999999986983,7878.999999983744,33671.23460537669,15733.539261383205,17937.695343993484,1.0,13.0,6.0,7.0,11784.93211188184,5506.738741484121,6278.193370397719,0.0,0.0,0.0,0.0,0.0,0.0
A7,'Engerwitzdorf',25.71,1.0,1.0,19344.0,0.0,19344.0,4050.242286953621,0.0,4050.242286953621,1.0,2.0,0.0,2.0,1417.5848004337672,0.0,1417.5848004337672,0.0,0.0,0.0,0.0,0.0,0.0
A7,'Denk',25.76,0.0,1.0,18851.0,18851.0,0.0,97075.89483825683,97075.89483825683,0.0,1.0,34.0,34.0,0.0,33976.56319338989,33976.56319338989,0.0,0.0,0.0,0.0,0.0,0.0,0.0
A8,'Voralpenkreuz',0.17,2.0,0.0,20453.0,10081.0,10372.0,70402.5195645118,882.1776563040131,69520.34190820777,0.0,64.0,-0.0,64.0,63970.32849586579,0.0,63970.32849586579,39638.20882799307,0.0,39638.20882799307,308.7621797064046,308.7621797064046,0.0
A8,'Aistersheim',33.81,2.0,0.0,30956.0,14979.0,15977.0,174143.73401582515,100399.65305081414,73744.08096501099,1.0,35.0,35.0,-0.0,35000.00000000001,35000.00000000001,0.0,14136.54266994563,308.7621797064046,13827.780490239225,40086.84957548439,448.64074749132124,39638.20882799307
A8,'Murau West',56.77,1.0,1.0,14172.0,0.0,14172.0,41708.92113869764,0.0,41708.92113869764,1.0,1.0,0.0,1.0,1000.0000000000075,0.0,1000.0000000000075,229.6580916950602,0.0,229.6580916950602,13827.780490239225,0.0,13827.780490239225
A8,'Murau Ost',56.88,0.0,1.0,13536.0,13536.0,0.0,62540.67745073653,62540.67745073653,0.0,1.0,23.0,23.0,0.0,22337.877855249106,22337.877855249106,0.0,448.64074749132124,448.64074749132124,0.0,0.0,0.0,0.0
A8,'Marienkirchen/Schärding’,71.6,1.0,1.0,10055.234280795672,0.0,10055.234280795672,6370.451690557319,0.0,6370.451690557319,1.0,2.0,0.0,2.0,2000.0000000000005,0.0,2000.0000000000005,0.0,0.0,0.0,229.6580916950602,0.0,229.6580916950602
A8,'Suben West',74.77,1.0,0.0,9186.000000189424,0.0,9186.000000189424,2309.5037607612567,0.0,2309.5037607612567,1.0,1.0,0.0,1.0,808.3263162664398,0.0,808.3263162664398,0.0,0.0,0.0,0.0,0.0,0.0
A9,'St. Pankraz',36.36,2.0,0.0,13974.0,7033.0,6941.0,76994.75393328123,51067.34595136446,25927.407981916764,0.0,29.0,-0.0,29.0,29000.000000000007,0.0,29000.000000000007,19925.40720632914,0.0,19925.40720632914,17873.57108297756,17873.57108297756,0.0
A9,'Pyhrn-Priel Ost’,55.03,1.0,1.0,7591.971611767987,0.0,7591.971611767987,46666.31891472245,0.0,46666.31891472245,1.0,1.0,0.0,1.0,1000.0000000000002,0.0,1000.0000000000002,4592.1955861763,0.0,4592.1955861763,19925.40720632914,0.0,19925.40720632914
A9,'Pyhrn-Priel West',55.04,0.0,1.0,8230.855228133318,8230.855228133318,0.0,31192.30198661983,31192.30198661983,0.0,1.0,29.0,29.0,0.0,28790.8767782945,28790.8767782945,0.0,17873.57108297756,17873.57108297756,0.0,0.0,0.0,0.0
A9,'Trieben',85.7,2.0,0.0,20906.0,10619.0,10287.0,77919.67930409627,64696.454639353375,13223.224664742887,1.0,24.0,23.0,1.0,22954.75361061619,22643.75912377368,310.9944868425073,275.061440358797,0.0,275.061440358797,4592.1955861763,0.0,4592.1955861763
A9,'Gaishorn',92.11,1.0,1.0,10287.0,0.0,10287.0,59924.01877210385,0.0,59924.01877210385,1.0,21.0,0.0,21.0,21000.000000000004,0.0,21000.000000000004,301.6548701226129,0.0,301.6548701226129,275.061440358797,0.0,275.061440358797
A9,'Kalwang',106.26,0.0,1.0,10953.0,10953.0,0.0,45192.7649885505,45192.7649885505,0.0,1.0,16.0,16.0,0.0,15817.467745992675,15817.467745992675,0.0,0.0,0.0,0.0,0.0,0.0,0.0
A9,'Kammern Süd',121.26,2.0,0.0,21954.0,11028.0,10926.0,121610.15295791501,32914.014449608665,88696.13850830635,0.0,31.0,-0.0,31.0,31000.000000000007,0.0,31000.000000000007,258.00639221547317,0.0,258.00639221547317,11821.559927485645,11519.905057363032,301.6548701226129
A9,'Deutschfeistritz',161.95,2.0,0.0,23289.000114064176,11777.000055015264,11512.00005904891,209832.80544527044,95604.4689815088,114228.33646376162,1.0,109.0,45.0,64.0,108981.46920089112,44981.46920089111,64000.000000000015,35797.99368726202,11519.905057363032,24278.088629898986,258.00639221547317,0.0,258.00639221547317
A9,'Premstätten',192.48,0.0,1.0,32302.511670869648,32302.511670869648,0.0,198945.786350562,198945.786350562,0.0,1.0,69.0,69.0,0.0,69000.00000000001,69000.00000000001,0.0,0.0,0.0,0.0,631.0252226966841,631.0252226966841,0.0
A9,'Gralla West',211.06,0.0,0.0,20689.0,20689.0,0.0,76643.58637779353,76643.58637779353,0.0,1.0,28.0,28.0,0.0,27456.280454924417,27456.280454924417,0.0,631.0252226966841,631.0252226966841,0.0,0.0,0.0,0.0
A9,'Gralla Ost',211.45,1.0,0.0,19399.0,0.0,19399.0,72223.11037113996,0.0,72223.11037113996,1.0,1.0,0.0,1.0,1000.0000000000002,0.0,1000.0000000000002,0.0,0.0,0.0,24278.088629898986,0.0,24278.088629898986
S16,'Schnann',18.9,2.0,0.0,9860.99996031521,4941.999999999992,4918.999960315217,43437.30630977449,18700.073610347983,24737.232699426502,0.0,14.0,0.0,14.0,13171.06154352651,0.0,13171.06154352651,4513.030098727235,0.0,4513.030098727235,6545.025763621794,6545.025763621794,0.0
S16,'Klösterle',44.17,1.0,0.0,4439.000000265529,0.0,4439.000000265529,15751.5145677921,0.0,15751.5145677921,1.0,1.0,0.0,1.0,999.9999999999991,0.0,999.9999999999991,0.0,0.0,0.0,4513.030098727235,0.0,4513.030098727235
S16,'Innerbraz',54.99,0.0,0.0,5391.999999999998,5391.999999999998,0.0,38789.08951452321,38789.08951452321,0.0,1.0,21.0,21.0,0.0,20121.207093704917,20121.207093704917,0.0,6545.025763621794,6545.025763621794,0.0,0.0,0.0,0.0
S1A,'Schwechat',9.85,2.0,0.0,61703.49999987559,31463.499999975807,30239.99999989978,98660.20943375537,39041.52295889174,59618.68647486362,1.0,35.0,14.0,21.0,34531.07330181438,13664.533035612109,20866.540266202268,0.0,0.0,0.0,0.0,0.0,0.0
S1B,'Deutsch Wagram',39.05,2.0,0.0,32604.83333333333,16237.966666666664,16366.866666666663,73145.99870320682,9677.10465852084,63468.89404468598,1.0,27.0,4.0,23.0,25601.099546122383,3386.986630482294,22214.11291564009,0.0,0.0,0.0,0.0,0.0,0.0
S33,'St. Pölten Ost',1.84,0.0,0.0,15332.000000000002,15332.000000000002,0.0,42162.713450383104,42162.713450383104,0.0,1.0,1.0,1.0,0.0,1000.0,1000.0,0.0,0.0,0.0,0.0,13756.949707634085,13756.949707634085,0.0
S33,'Inzersdorf',15.28,1.0,1.0,15650.364459623052,0.0,15650.364459623052,47979.53816597848,0.0,47979.53816597848,1.0,17.0,0.0,17.0,16792.838358092467,0.0,16792.838358092467,0.0,0.0,0.0,0.0,0.0,0.0
S33,'Herzogenburg',15.69,0.0,1.0,15657.319893344473,15657.319893344473,0.0,36041.87317235301,36041.87317235301,0.0,1.0,27.0,27.0,0.0,26371.605317957637,26371.605317957637,0.0,13756.949707634085,13756.949707634085,0.0,0.0,0.0,0.0
S36,'St. Marein Nord',14.89,0.0,0.0,10113.0,10113.0,0.0,30156.505485607195,30156.505485607195,0.0,1.0,11.0,11.0,0.0,10554.776919962518,10554.776919962518,0.0,0.0,0.0,0.0,0.0,0.0,0.0
S36,'St. Marein Süd',14.97,1.0,0.0,10133.0,0.0,10133.0,45516.90322953391,0.0,45516.90322953391,1.0,16.0,0.0,16.0,15930.91613033687,0.0,15930.91613033687,0.0,0.0,0.0,0.0,0.0,0.0
S5,'Grafenwörth',32.85,2.0,0.0,24240.0,12017.0,12223.0,107889.9944139893,78745.53228630197,29144.46212768733,1.0,39.0,28.0,11.0,37761.49804489625,27560.93630020569,10200.561744690565,0.0,0.0,0.0,0.0,0.0,0.0
S6,'Natschbach',3.22,2.0,0.0,28895.0,14441.0,14454.000000000002,66346.034024386,7829.400123642268,58516.63390074373,1.0,37.0,3.0,34.0,36740.2900432748,2740.290043274794,34000.00000000001,13519.178134739705,0.0,13519.178134739705,0.0,0.0,0.0
S6,'Schottwien',23.57,2.0,0.0,15944.5,8009.0,7935.5,72085.00602673124,32424.223115473676,39660.78291125756,1.0,13.0,11.0,2.0,12034.862040930095,11000.000000000002,1034.862040930093,672.7661567296527,0.0,672.7661567296527,13867.656225155488,348.4780904157833,13519.178134739705
S6,'Schwöbing Nord',48.55,0.0,0.0,9945.0,9945.0,0.0,49668.15156439487,49668.15156439487,0.0,1.0,17.0,17.0,0.0,17000.0,17000.0,0.0,348.4780904157833,348.4780904157833,0.0,732.3311379539882,732.3311379539882,0.0
S6,'Schwöbing Süd',48.57,1.0,0.0,9757.0,0.0,9757.0,46526.20864062981,0.0,46526.20864062981,1.0,16.0,0.0,16.0,16000.000000000004,0.0,16000.000000000004,388.5931325092424,0.0,388.5931325092424,672.7661567296527,0.0,672.7661567296527
S6,'St. Marein',68.99,0.0,0.0,12864.0,12864.0,0.0,52521.60007264168,52521.60007264168,0.0,1.0,20.0,20.0,0.0,19114.891163378576,19114.891163378576,0.0,732.3311379539882,732.3311379539882,0.0,0.0,0.0,0.0
S6,'Kapfenberg Süd',72.45,1.0,1.0,12893.5,0.0,12893.5,83967.40895002644,0.0,83967.40895002644,1.0,29.0,0.0,29.0,29000.000000000007,0.0,29000.000000000007,0.0,0.0,0.0,388.5931325092424,0.0,388.5931325092424
