Time of calculation: 20210916-175437; value of objective: 119387.5549061862;  acc=20;  ec=0.25;  e_tax=0.15;  cfix=50000;  cvar=10000;  eta=0.1;  hours_of_constant_charging=20;  i=0.05;  T=10
highway,name,asfinag_position,direction,asfinag_type,traffic_flow,traffic_flow_0,energy_demand,energy_demand_0,pXi_dir,pYi_dir,pYi_dir_0,pE_charged,pE_charged_0,pE_input,pE_input_0,pE_output,pE_output_0,traffic_flow_1,energy_demand_1,pYi_dir_1,pE_charged_1,pE_input_1,pE_output_1
A1,'Parkplatz Großraum’,27.42,2.0,2.0,25490.00000000002,12193.00000000001,59974.325349551335,45433.23590445468,0.0,0.0,0.0,0.0,0.0,0.0,0.0,5997.432534955134,4543.323590445469,13297.00000000001,14541.089445096652,0.0,0.0,0.0,1454.1089445096652
A1,'Steinhäusl',32.7,2.0,0.0,63195.99999999913,31485.99999999933,111561.50482266714,34431.882550071685,0.0,0.0,0.0,0.0,0.0,5997.432534955134,4543.323590445469,17153.58301722185,7986.511845452637,31709.9999999998,77129.62227259546,0.0,0.0,1454.1089445096652,9167.071171769212
A1,'Kesselhof',44.88,1.0,1.0,30234.999996719125,0.0,109130.95569981833,0.0,1.0,2.0,0.0,2000.0,0.0,9167.071171769212,0.0,18080.166741751047,0.0,30234.999996719125,109130.95569981833,2.0,2000.0,9167.071171769212,18080.166741751047
A1,'Kirchstetten',44.88,0.0,1.0,29897.99999542764,29897.99999542764,72732.0809427628,72732.0809427628,0.0,0.0,0.0,0.0,0.0,7986.511845452637,7986.511845452637,15259.719939728919,15259.719939728919,0.0,0.0,0.0,0.0,0.0,0.0
A1,'St. Pölten',62.9,2.0,0.0,71148.0,35583.0,227454.84943410664,128422.41740026572,1.0,54.0,26.0,53983.409945135136,26000.0,33339.88668147997,15259.719939728919,2101.961679755492,2101.961679755492,35565.0,99032.43203384092,28.0,27983.40994513514,18080.166741751047,0.0
A1,'Schallaburg',76.81,1.0,1.0,29188.0,0.0,136934.36037638868,0.0,0.0,0.0,0.0,0.0,0.0,0.0,0.0,13693.436037638869,0.0,29188.0,136934.36037638868,0.0,0.0,0.0,13693.436037638869
A1,'Roggendorf',76.82,0.0,1.0,28377.0,28377.0,78562.33219617409,78562.33219617409,0.0,0.0,0.0,0.0,0.0,2101.961679755492,2101.961679755492,9958.194899372902,9958.194899372902,0.0,0.0,0.0,0.0,0.0,0.0
A1,'Ornding',88.04,0.0,1.0,27048.0,27048.0,60488.07492270462,60488.07492270462,0.0,0.0,0.0,0.0,0.0,9958.194899372902,9958.194899372902,16007.002391643364,16007.002391643364,0.0,0.0,0.0,0.0,0.0,0.0
A1,'Ybbs',100.32,1.0,0.0,27161.40445083877,0.0,104129.25066774894,0.0,1.0,24.0,0.0,24000.0,0.0,13693.436037638869,0.0,106.36110441376513,0.0,27161.40445083877,104129.25066774894,24.0,24000.0,13693.436037638869,106.36110441376513
A1,'Kemmelbach',101.38,0.0,0.0,26898.000000000207,26898.000000000207,72226.10016870651,72226.10016870651,1.0,21.0,21.0,21000.0,21000.0,16007.002391643364,16007.002391643364,2229.6124085140145,2229.6124085140145,0.0,0.0,0.0,0.0,0.0,0.0
A1,'Viehdorf',118.17,0.0,1.0,25545.0,25545.0,92117.57063469278,92117.57063469278,0.0,0.0,0.0,0.0,0.0,2229.6124085140145,2229.6124085140145,11441.369471983293,11441.369471983293,0.0,0.0,0.0,0.0,0.0,0.0
A1,'Amstetten',119.36,1.0,1.0,25407.0,0.0,56128.53142795883,0.0,0.0,0.0,0.0,0.0,0.0,106.36110441376513,0.0,5719.214247209648,0.0,25407.0,56128.53142795883,0.0,0.0,106.36110441376513,5719.214247209648
A1,'Parkplatz Zeillern’,124.31,0.0,2.0,24685.0,24685.0,24100.57479449837,24100.57479449837,0.0,0.0,0.0,0.0,0.0,11441.369471983293,11441.369471983293,13851.42695143313,13851.42695143313,0.0,0.0,0.0,0.0,0.0,0.0
A1,'Oed',130.52,1.0,2.0,26849.69206306653,0.0,69822.67372138443,0.0,0.0,0.0,0.0,0.0,0.0,5719.214247209648,0.0,12701.481619348091,0.0,26849.69206306653,69822.67372138443,0.0,0.0,5719.214247209648,12701.481619348091
A1,'Strengberg',136.0,0.0,0.0,25773.0,25773.0,60567.28709144443,60567.28709144443,1.0,14.0,14.0,14000.0,14000.0,13851.42695143313,13851.42695143313,5908.155660577573,5908.155660577573,0.0,0.0,0.0,0.0,0.0,0.0
A1,'Haag',143.54,1.0,0.0,28172.0,0.0,72532.38382040594,0.0,1.0,20.0,0.0,19954.720001388687,0.0,12701.481619348091,0.0,0.0,0.0,28172.0,72532.38382040594,20.0,19954.720001388687,12701.481619348091,0.0
A1,'Ennsblick',147.1,0.0,2.0,27181.0,27181.0,59900.9099344678,59900.9099344678,0.0,0.0,0.0,0.0,0.0,5908.155660577573,5908.155660577573,11898.246654024355,11898.246654024355,0.0,0.0,0.0,0.0,0.0,0.0
A1,'Parkplatz Ennsdorf’,152.88,0.0,2.0,26232.408315204048,26232.408315204048,30328.56812345904,30328.56812345904,0.0,0.0,0.0,0.0,0.0,11898.246654024355,11898.246654024355,14931.10346637026,14931.10346637026,0.0,0.0,0.0,0.0,0.0,0.0
A1,'Enns Süd',156.19,1.0,1.0,29648.737115098505,0.0,86236.6993060754,0.0,0.0,0.0,0.0,0.0,0.0,0.0,0.0,8623.66993060754,0.0,29648.737115098505,86236.6993060754,0.0,0.0,0.0,8623.66993060754
A1,'Enns Nord',156.79,0.0,1.0,29791.88732837659,29791.88732837659,22744.768825614865,22744.768825614865,0.0,0.0,0.0,0.0,0.0,14931.10346637026,14931.10346637026,17205.580348931748,17205.580348931748,0.0,0.0,0.0,0.0,0.0,0.0
A1,'Ansfelden Süd',170.93,1.0,0.0,46681.64620523784,0.0,108599.64670259466,0.0,1.0,20.0,0.0,19483.634600867008,0.0,8623.66993060754,0.0,0.0,0.0,46681.64620523784,108599.64670259466,20.0,19483.634600867008,8623.66993060754,0.0
A1,'Ansfelden Nord',171.01,0.0,0.0,48225.58896718505,48225.58896718505,137729.45647842763,137729.45647842763,1.0,24.0,24.0,23515.204309747645,23515.204309747645,17205.580348931748,17205.580348931748,7463.321687026867,7463.321687026867,0.0,0.0,0.0,0.0,0.0,0.0
A1,'Allhaming Süd',182.59,1.0,1.0,22273.0,0.0,132032.00498622254,0.0,0.0,0.0,0.0,0.0,0.0,0.0,0.0,13203.200498622255,0.0,22273.0,132032.00498622254,0.0,0.0,0.0,13203.200498622255
A1,'Allhaming Nord',182.6,0.0,1.0,22478.0,22478.0,52074.59618392183,52074.59618392183,0.0,0.0,0.0,0.0,0.0,7463.321687026867,7463.321687026867,12670.78130541905,12670.78130541905,0.0,0.0,0.0,0.0,0.0,0.0
A1,'Lindach Nord',212.26,0.0,0.0,24091.0,24091.0,143292.1869458095,143292.1869458095,1.0,27.0,27.0,27000.0,27000.0,12670.78130541905,12670.78130541905,0.0,0.0,0.0,0.0,0.0,0.0,0.0,0.0
A1,'Lindach Süd',212.27,1.0,0.0,24205.0,0.0,88500.71292866017,0.0,1.0,22.0,0.0,22000.0,0.0,13203.200498622255,0.0,53.271791488274175,0.0,24205.0,88500.71292866017,22.0,22000.0,13203.200498622255,53.271791488274175
A1,'Hainbach Süd',230.7,1.0,1.0,16641.0,0.0,43626.88664048988,0.0,0.0,0.0,0.0,0.0,0.0,53.271791488274175,0.0,4415.9604555372625,0.0,16641.0,43626.88664048988,0.0,0.0,53.271791488274175,4415.9604555372625
A1,'Hainbach Nord',230.72,0.0,1.0,15023.0,15023.0,55447.073726717535,55447.073726717535,0.0,0.0,0.0,0.0,0.0,0.0,0.0,5544.707372671754,5544.707372671754,0.0,0.0,0.0,0.0,0.0,0.0
A1,'Straß',243.67,1.0,1.0,16828.67483549712,0.0,52286.93331258195,0.0,1.0,5.0,0.0,4849.441356168994,0.0,4415.9604555372625,0.0,4795.212430626463,0.0,16828.67483549712,52286.93331258195,5.0,4849.441356168994,4415.9604555372625,4795.212430626463
A1,'Wildenhag Nord',243.76,0.0,2.0,17111.546808170722,17111.546808170722,44396.07377615938,44396.07377615938,1.0,9.0,9.0,8528.98077149857,8528.98077149857,5544.707372671754,5544.707372671754,1455.3339787891214,1455.3339787891214,0.0,0.0,0.0,0.0,0.0,0.0
A1,'Oberwang',251.03,0.0,1.0,15727.0,15727.0,23256.052200310536,23256.052200310536,0.0,0.0,0.0,0.0,0.0,1455.3339787891214,1455.3339787891214,3780.939198820175,3780.939198820175,0.0,0.0,0.0,0.0,0.0,0.0
A1,'Mondsee',259.23,2.0,0.0,31060.001681777,15727.000882328592,60471.650280389,25342.39533715945,0.0,0.0,0.0,0.0,0.0,8576.151629446638,3780.939198820175,14623.316657485539,6315.17873253612,15333.000799448411,35129.25494322955,0.0,0.0,4795.212430626463,8308.137924949418
A1,‘Parkplatz Ölgraben’,268.98,0.0,2.0,18793.0,18793.0,36691.95858378413,36691.95858378413,0.0,0.0,0.0,0.0,0.0,6315.17873253612,6315.17873253612,9984.374590914533,9984.374590914533,0.0,0.0,0.0,0.0,0.0,0.0
A1,'Vetterbach',270.63,1.0,2.0,18111.0,0.0,24972.45872010481,0.0,0.0,0.0,0.0,0.0,0.0,8308.137924949418,0.0,10805.383796959899,0.0,18111.0,24972.45872010481,0.0,0.0,8308.137924949418,10805.383796959899
A1,'Enzersberg',274.82,0.0,2.0,21891.999995182963,21891.999995182963,25643.70256417291,25643.70256417291,0.0,0.0,0.0,0.0,0.0,9984.374590914533,9984.374590914533,12548.744847331824,12548.744847331824,0.0,0.0,0.0,0.0,0.0,0.0
A1,'Salzburger Vorland',277.55,1.0,2.0,21776.0,0.0,38740.09283187224,0.0,1.0,14.0,0.0,14000.0,0.0,10805.383796959899,0.0,679.3930801471233,0.0,21776.0,38740.09283187224,14.0,14000.0,10805.383796959899,679.3930801471233
A1,'Söllheim',286.46,1.0,0.0,28864.537464121862,0.0,82339.63927517904,0.0,0.0,0.0,0.0,0.0,0.0,679.3930801471233,0.0,8913.357007665029,0.0,28864.537464121862,82339.63927517904,0.0,0.0,679.3930801471233,8913.357007665029
A1,'Kasern',287.89,0.0,0.0,38922.8495638266,38922.8495638266,101432.70404041585,101432.70404041585,1.0,22.0,22.0,22000.0,22000.0,12548.744847331824,12548.744847331824,692.0152513734079,692.0152513734079,0.0,0.0,0.0,0.0,0.0,0.0
A1,'Walserberg Süd',300.71,1.0,0.0,14880.00000000295,0.0,866.4299233497069,0.0,1.0,9.0,0.0,9000.0,0.0,8913.357007665029,0.0,0.0,0.0,14880.00000000295,866.4299233497069,9.0,9000.0,8913.357007665029,0.0
A1,'Walserberg Nord',300.73,0.0,0.0,12964.000000008587,12964.000000008587,33079.84748626592,33079.84748626592,1.0,4.0,4.0,4000.0,4000.0,692.0152513734079,692.0152513734079,0.0,0.0,0.0,0.0,0.0,0.0,0.0,0.0
A10,'Glanegg/West',4.28,0.0,2.0,30225.0,30225.0,10702.59495982983,10702.59495982983,0.0,0.0,0.0,0.0,0.0,0.0,0.0,1070.259495982983,1070.259495982983,0.0,0.0,0.0,0.0,0.0,0.0
A10,'Untersberg/Ost',4.37,1.0,2.0,30061.0,0.0,79010.53992075186,0.0,0.0,0.0,0.0,0.0,0.0,0.0,0.0,7901.053992075187,0.0,30061.0,79010.53992075186,0.0,0.0,0.0,7901.053992075187
A10,'Bruderloch',17.53,1.0,2.0,24652.0,0.0,55144.78387577903,0.0,1.0,13.0,0.0,13000.0,0.0,7901.053992075187,0.0,415.5323796530902,0.0,24652.0,55144.78387577903,13.0,13000.0,7901.053992075187,415.5323796530902
A10,'Golling Ost',28.76,1.0,0.0,19647.00094772099,0.0,83619.98278708411,0.0,0.0,0.0,0.0,0.0,0.0,415.5323796530902,0.0,8777.530658361502,0.0,19647.00094772099,83619.98278708411,0.0,0.0,415.5323796530902,8777.530658361502
A10,'Golling West',28.82,0.0,0.0,19875.000668287423,19875.000668287423,97340.81805238585,97340.81805238585,0.0,0.0,0.0,0.0,0.0,1070.259495982983,1070.259495982983,10804.341301221568,10804.341301221568,0.0,0.0,0.0,0.0,0.0,0.0
A10,'Werfen',40.34,0.0,2.0,19354.0,19354.0,44743.31804657062,44743.31804657062,1.0,15.0,15.0,15000.0,15000.0,10804.341301221568,10804.341301221568,278.67310587862994,278.67310587862994,0.0,0.0,0.0,0.0,0.0,0.0
A10,'Klausgraben Ost’,50.01,1.0,2.0,16076.0,0.0,29740.34522214243,0.0,1.0,9.0,0.0,9000.0,0.0,8777.530658361502,0.0,2751.565180575745,0.0,16076.0,29740.34522214243,9.0,9000.0,8777.530658361502,2751.565180575745
A10,'Klausgraben West’,50.01,0.0,2.0,16224.0,16224.0,31431.033067450226,31431.033067450226,0.0,0.0,0.0,0.0,0.0,278.67310587862994,278.67310587862994,3421.7764126236525,3421.7764126236525,0.0,0.0,0.0,0.0,0.0,0.0
A10,'Eben Süd',59.21,2.0,0.0,31555.3674870556,15997.416619605658,63864.366982730906,73.98398827676816,0.0,0.0,0.0,0.0,0.0,6173.341593199398,3421.7764126236525,12559.778291472488,3429.1748114513293,15557.95086744994,63790.382994454136,0.0,0.0,2751.565180575745,9130.60348002116
A10,'Eben Nord',59.32,2.0,0.0,31554.16119307871,15997.1632592005,29667.927073449984,29595.979909721613,1.0,15.0,6.0,14898.243871156656,6000.0,12559.778291472488,3429.1748114513293,628.3271276608316,388.7728024234907,15556.997933878209,71.94716372837226,9.0,8898.243871156656,9130.60348002116,239.5543252373409
A10,'Rohr',71.25,0.0,2.0,10976.0,10976.0,26372.39981658969,26372.39981658969,0.0,0.0,0.0,0.0,0.0,388.7728024234907,388.7728024234907,3026.01278408246,3026.01278408246,0.0,0.0,0.0,0.0,0.0,0.0
A10,'Tauernalm',79.79,2.0,0.0,21522.867721662667,10903.654559151322,62621.10903795498,18508.36211902574,0.0,0.0,0.0,0.0,0.0,3265.5671093198007,3026.01278408246,9527.6780131153,4876.848995985034,10619.213162511343,44112.74691892924,0.0,0.0,239.5543252373409,4650.829017130265
A10,'Lungau',97.91,0.0,0.0,10877.0,10877.0,39524.43281357246,39524.43281357246,1.0,9.0,9.0,8715.168631073446,8715.168631073446,4876.848995985034,4876.848995985034,114.12364626883436,114.12364626883436,0.0,0.0,0.0,0.0,0.0,0.0
A10,'Lanschütz',100.6,1.0,1.0,10558.5,0.0,33491.70982869735,0.0,1.0,8.0,0.0,8000.0,0.0,4650.829017130265,0.0,0.0,0.0,10558.5,33491.70982869735,8.0,8000.0,4650.829017130265,0.0
A10,'Rennweg',112.45,0.0,2.0,6878.0,6878.0,19876.6578731468,19876.6578731468,0.0,0.0,0.0,0.0,0.0,114.12364626883436,114.12364626883436,2101.7894335835144,2101.7894335835144,0.0,0.0,0.0,0.0,0.0,0.0
A10,'Ried’,116.47,1.0,2.0,7303.0,0.0,13765.2894082998,0.0,0.0,0.0,0.0,0.0,0.0,0.0,0.0,1376.52894082998,0.0,7303.0,13765.2894082998,0.0,0.0,0.0,1376.52894082998
A10,'Eisentratten',125.92,2.0,0.0,14180.999999999998,6877.999999999999,41606.555089056084,18483.210735025867,0.0,0.0,0.0,0.0,0.0,3478.3183744134944,2101.7894335835144,7638.973883319104,3950.1105070861013,7302.999999999999,23123.34435403022,0.0,0.0,1376.52894082998,3688.8633762330023
A10,'Seeboden',141.72,1.0,2.0,14455.0,0.0,36156.364361422005,0.0,1.0,1.0,0.0,915.4941858653674,0.0,3688.8633762330023,0.0,6389.005626509836,0.0,14455.0,36156.364361422005,1.0,915.4941858653674,3688.8633762330023,6389.005626509836
A10,'Wolfsberg',142.25,0.0,2.0,14500.0,14500.0,47498.89492913899,47498.89492913899,0.0,0.0,0.0,0.0,0.0,3950.1105070861013,3950.1105070861013,8700.0,8700.0,0.0,0.0,0.0,0.0,0.0,0.0
A10,'Kamering',154.29,1.0,2.0,14749.703862513728,0.0,22698.628013917983,0.0,0.0,0.0,0.0,0.0,0.0,6389.005626509836,0.0,8658.868427901634,0.0,14749.703862513728,22698.628013917983,0.0,0.0,6389.005626509836,8658.868427901634
A10,'Feistritz an der Drau',162.01,2.0,0.0,29679.0,14929.0,122093.03941770014,58681.72369671648,1.0,30.0,15.0,29568.172369671647,14568.172369671647,17358.868427901634,8700.0,0.0,0.0,14750.0,63411.31572098366,15.0,15000.0,8658.868427901634,0.0
A11,'St. Niklas/Nord',2.11,1.0,2.0,7502.999999999997,0.0,10409.086151425912,0.0,0.0,0.0,0.0,0.0,0.0,0.0,0.0,1040.9086151425913,0.0,7502.999999999997,10409.086151425912,0.0,0.0,0.0,1040.9086151425913
A11,'Rosegg',9.04,2.0,0.0,9108.5,4306.5,19444.03423128799,7806.040740767851,1.0,4.0,1.0,2985.312038271391,780.6040740767852,1040.9086151425913,0.0,0.0,0.0,4802.0,11637.99349052014,3.0,2204.7079641946057,1040.9086151425913,0.0
A12,'Langkampfen Süd',9.32,1.0,2.0,11349.585916642443,0.0,27244.807627465096,0.0,0.0,0.0,0.0,0.0,0.0,0.0,0.0,2724.4807627465098,0.0,11349.585916642443,27244.807627465096,0.0,0.0,0.0,2724.4807627465098
A12,'Angath Süd',14.1,2.0,0.0,39222.99999999994,19907.99999999997,56148.10872631689,56144.28825076325,0.0,0.0,0.0,0.0,0.0,2724.4807627465098,0.0,8339.291635378198,5614.428825076326,19314.99999999997,3.820475553634762,0.0,0.0,2724.4807627465098,2724.862810301873
A12,'Angath Nord',14.22,2.0,0.0,39222.99999999994,19907.99999999997,86003.9180407436,3.93776998818332,1.0,16.0,5.0,16000.0,5000.0,8339.291635378198,5614.428825076326,939.683439452559,614.8226020751435,19314.99999999997,85999.98027075542,11.0,11000.0,2724.862810301873,324.86083737741546
A12,'Münster Nord',35.71,0.0,1.0,18334.0,18334.0,79565.35290639894,79565.35290639894,1.0,8.0,8.0,8000.0,8000.0,614.8226020751435,614.8226020751435,571.3578927150384,571.3578927150384,0.0,0.0,0.0,0.0,0.0,0.0
A12,'Münster Süd',36.25,1.0,1.0,18162.0,0.0,51027.0984567292,0.0,0.0,0.0,0.0,0.0,0.0,324.86083737741546,0.0,5427.570683050337,0.0,18162.0,51027.0984567292,0.0,0.0,324.86083737741546,5427.570683050337
A12,'Vomp',50.47,1.0,0.0,24431.999999991072,0.0,22234.356307397185,0.0,0.0,0.0,0.0,0.0,0.0,5427.570683050337,0.0,7651.006313790056,0.0,24431.999999991072,22234.356307397185,0.0,0.0,5427.570683050337,7651.006313790056
A12,'Weer',54.8,0.0,0.0,24110.000189607712,24110.000189607712,91922.39487971723,91922.39487971723,0.0,0.0,0.0,0.0,0.0,571.3578927150384,571.3578927150384,9763.597380686762,9763.597380686762,0.0,0.0,0.0,0.0,0.0,0.0
A12,'Weer Süd',55.0,1.0,1.0,24141.001987531265,0.0,44418.90300224888,0.0,0.0,0.0,0.0,0.0,0.0,7651.006313790056,0.0,12092.896614014944,0.0,24141.001987531265,44418.90300224888,0.0,0.0,7651.006313790056,12092.896614014944
A12,'Volders/Karlskirche',64.18,1.0,2.0,27543.0,0.0,89230.87375309618,0.0,1.0,21.0,0.0,20952.488994612868,0.0,12092.896614014944,0.0,63.494994711694744,0.0,27543.0,89230.87375309618,21.0,20952.488994612868,12092.896614014944,63.494994711694744
A12,'Hall in Tirol',66.28,0.0,2.0,28148.000000002427,28148.000000002427,63926.9286125208,63926.9286125208,0.0,0.0,0.0,0.0,0.0,9763.597380686762,9763.597380686762,16156.290241938843,16156.290241938843,0.0,0.0,0.0,0.0,0.0,0.0
A12,'Ampaß',72.07,0.0,0.0,35539.999996608014,35539.999996608014,42439.32195018204,42439.32195018204,1.0,20.0,20.0,19907.61856261055,19907.61856261055,16156.290241938843,16156.290241938843,492.60387434649874,492.60387434649874,0.0,0.0,0.0,0.0,0.0,0.0
A12,'Sieglanger',80.39,1.0,2.0,31124.793431490507,0.0,96002.72792907088,0.0,0.0,0.0,0.0,0.0,0.0,63.494994711694744,0.0,9663.767787618783,0.0,31124.793431490507,96002.72792907088,0.0,0.0,63.494994711694744,9663.767787618783
A12,'Kematen',86.01,0.0,2.0,27475.052704552163,27475.052704552163,75774.45683256471,75774.45683256471,0.0,0.0,0.0,0.0,0.0,492.60387434649874,492.60387434649874,8070.049557602971,8070.049557602971,0.0,0.0,0.0,0.0,0.0,0.0
A12,'Zirl-Inzing',91.77,0.0,1.0,20799.0,20799.0,24661.258850671245,24661.258850671245,0.0,0.0,0.0,0.0,0.0,8070.049557602971,8070.049557602971,10536.175442670095,10536.175442670095,0.0,0.0,0.0,0.0,0.0,0.0
A12,'Pettnau',95.81,2.0,0.0,37922.0,18889.0,43167.59505459553,14638.245573299051,1.0,17.0,12.0,17000.0,12000.0,20199.943230288878,10536.175442670095,7516.702735748431,0.0,19033.0,28529.34948129648,5.0,5000.0,9663.767787618783,7516.702735748431
A12,'Telfs Süd',103.3,1.0,2.0,13364.77793940206,0.0,40593.43969968221,0.0,1.0,11.0,0.0,11000.0,0.0,7516.702735748431,0.0,576.0467057166525,0.0,13364.77793940206,40593.43969968221,11.0,11000.0,7516.702735748431,576.0467057166525
A12,'Telfs Nord',103.33,0.0,2.0,14213.46393941228,14213.46393941228,21325.917954749177,21325.917954749177,0.0,0.0,0.0,0.0,0.0,0.0,0.0,2132.591795474918,2132.591795474918,0.0,0.0,0.0,0.0,0.0,0.0
A12,'Haiming Süd',118.5,1.0,2.0,10702.0,0.0,32071.449465739544,0.0,0.0,0.0,0.0,0.0,0.0,576.0467057166525,0.0,3783.191652290607,0.0,10702.0,32071.449465739544,0.0,0.0,576.0467057166525,3783.191652290607
A12,'Imst Süd',133.49,1.0,2.0,9240.0,0.0,3679.211043329945,0.0,0.0,0.0,0.0,0.0,0.0,3783.191652290607,0.0,4151.112756623602,0.0,9240.0,3679.211043329945,0.0,0.0,3783.191652290607,4151.112756623602
A12,'Imst Nord',133.84,0.0,2.0,10262.0,10262.0,62601.679390679135,62601.679390679135,1.0,3.0,3.0,3000.0,3000.0,2132.591795474918,2132.591795474918,5392.759734542831,5392.759734542831,0.0,0.0,0.0,0.0,0.0,0.0
A12,'Mils',135.51,2.0,0.0,19502.000000000833,10262.00000000003,21880.454342200468,3391.5819084364844,0.0,6.0,0.0,6000.0,0.0,9543.872491166432,5392.759734542831,5731.9179253864795,5731.9179253864795,9240.000000000804,18488.872433763983,6.0,6000.0,4151.112756623602,0.0
A12,'Kronburg Zams',142.7,0.0,2.0,10312.0,10312.0,14879.919522915665,14879.919522915665,1.0,8.0,8.0,7219.9098776780465,7219.9098776780465,5731.9179253864795,5731.9179253864795,0.0,0.0,0.0,0.0,0.0,0.0,0.0,0.0
A13,'Patsch',6.24,0.0,2.0,21023.0,21023.0,26094.725326847616,26094.725326847616,0.0,0.0,0.0,0.0,0.0,0.0,0.0,2609.472532684762,2609.472532684762,0.0,0.0,0.0,0.0,0.0,0.0
A13,'Europabrücke',8.27,2.0,0.0,41638.0,21023.0,32388.526624106256,8452.295186301024,0.0,0.0,0.0,0.0,0.0,2609.472532684762,2609.472532684762,5848.325195095387,3454.7020513148645,20615.0,23936.231437805232,0.0,0.0,0.0,2393.623143780523
A13,'Gschleirs',14.05,1.0,2.0,14822.0,0.0,8546.704281737584,0.0,0.0,0.0,0.0,0.0,0.0,2393.623143780523,0.0,3248.2935719542816,0.0,14822.0,8546.704281737584,0.0,0.0,2393.623143780523,3248.2935719542816
A13,'Matrei West',16.79,0.0,0.0,15161.0,15161.0,25846.426928735076,25846.426928735076,0.0,0.0,0.0,0.0,0.0,3454.7020513148645,3454.7020513148645,6039.344744188373,6039.344744188373,0.0,0.0,0.0,0.0,0.0,0.0
A13,'Matrei Ost',16.95,2.0,0.0,29983.0,15161.0,16734.882296516167,499.30355502003806,1.0,5.0,4.0,4180.904375400141,3180.904375400142,9287.638316142655,6039.344744188373,6780.222170394129,2908.3707242902346,14822.0,16235.578741496129,1.0,1000.0,3248.2935719542816,3871.8514461038944
A13,'Wipptalerhof Ost',22.41,1.0,2.0,10896.000000000471,0.0,2559.258804024997,0.0,0.0,0.0,0.0,0.0,0.0,3871.8514461038944,0.0,4127.777326506394,0.0,10896.000000000471,2559.258804024997,0.0,0.0,3871.8514461038944,4127.777326506394
A13,'Wipptalerhof West',22.56,0.0,2.0,11615.000000000608,11615.000000000608,13021.650439480618,13021.650439480618,0.0,0.0,0.0,0.0,0.0,2908.3707242902346,2908.3707242902346,4210.535768238296,4210.535768238296,0.0,0.0,0.0,0.0,0.0,0.0
A13,'Plon',23.61,1.0,2.0,10896.000000525348,0.0,9061.729580812602,0.0,0.0,0.0,0.0,0.0,0.0,4127.777326506394,0.0,5033.950284587654,0.0,10896.000000525348,9061.729580812602,0.0,0.0,4127.777326506394,5033.950284587654
A13,'Nößlach',26.91,2.0,1.0,23614.71960011509,12027.916375220364,15947.459093046333,12518.668085194196,0.0,0.0,0.0,0.0,0.0,9244.48605282595,4210.535768238296,10839.231962130583,5462.402576757716,11586.803224894727,3428.7910078521363,0.0,0.0,5033.950284587654,5376.829385372867
A13,'Gries Ost',29.15,1.0,0.0,11601.99774413572,0.0,11387.01827145676,0.0,0.0,0.0,0.0,0.0,0.0,5376.829385372867,0.0,6515.531212518544,0.0,11601.99774413572,11387.01827145676,0.0,0.0,5376.829385372867,6515.531212518544
A13,'Gries West',29.54,0.0,0.0,12036.99974796117,12036.99974796117,4238.013247571624,4238.013247571624,0.0,0.0,0.0,0.0,0.0,5462.402576757716,5462.402576757716,5886.203901514878,5886.203901514878,0.0,0.0,0.0,0.0,0.0,0.0
A13,'Brennersee - Fröhlich',32.6,0.0,2.0,12036.999999999998,12036.999999999998,7411.89807862851,7411.89807862851,0.0,0.0,0.0,0.0,0.0,5886.203901514878,5886.203901514878,6627.3937093777295,6627.3937093777295,0.0,0.0,0.0,0.0,0.0,0.0
A13,'Brennersee',33.44,0.0,0.0,12037.0,12037.0,1996.4183022148509,1996.4183022148509,0.0,0.0,0.0,0.0,0.0,6627.3937093777295,6627.3937093777295,6827.035539599215,6827.035539599215,0.0,0.0,0.0,0.0,0.0,0.0
A13,'Brennerpaß',34.16,2.0,0.0,23639.0,12037.0,2518.3592467820863,1729.6446040078497,1.0,14.0,7.0,13594.402676795968,7000.0,13342.566752117758,6827.035539599215,0.0,0.0,11602.0,788.7146427742366,7.0,6594.402676795968,6515.531212518544,0.0
A14,'Hörbranz’,0.0,2.0,1.0,11914.47538487758,11914.47538487758,580.5002038524873,580.5002038524873,0.0,0.0,0.0,0.0,0.0,0.0,0.0,58.05002038524873,58.05002038524873,0.0,0.0,0.0,0.0,0.0,0.0
A14,'Dornbirn West',15.07,1.0,2.0,22722.01674582917,0.0,41625.83313129372,0.0,0.0,0.0,0.0,0.0,0.0,0.0,0.0,4162.583313129372,0.0,22722.01674582917,41625.83313129372,0.0,0.0,0.0,4162.583313129372
A14,'Dornbirn Ost',15.27,0.0,2.0,22911.03673497288,22911.03673497288,67389.02531710501,67389.02531710501,0.0,0.0,0.0,0.0,0.0,58.05002038524873,58.05002038524873,6796.95255209575,6796.95255209575,0.0,0.0,0.0,0.0,0.0,0.0
A14,'Hohenems',24.48,2.0,0.0,53333.40958305029,26852.092271153047,99887.79432069242,50177.24661686807,1.0,19.0,9.0,17572.456350091874,8438.818266580063,10959.535865225123,6796.95255209575,3375.858947202495,3375.858947202495,26481.317311897245,49710.54770382436,10.0,9133.638083511809,4162.583313129372,0.0
A14,'Rankweil West',33.46,0.0,2.0,22794.137882745563,22794.137882745563,41099.967515634846,41099.967515634846,0.0,0.0,0.0,0.0,0.0,3375.858947202495,3375.858947202495,7485.8556987659795,7485.8556987659795,0.0,0.0,0.0,0.0,0.0,0.0
A14,'Rankweil Ost',33.82,1.0,2.0,21949.829570058195,0.0,56639.54196425326,0.0,0.0,0.0,0.0,0.0,0.0,0.0,0.0,5663.954196425326,0.0,21949.829570058195,56639.54196425326,0.0,0.0,0.0,5663.954196425326
A14,'Schlins West',46.72,0.0,2.0,13115.0,13115.0,35141.4430123402,35141.4430123402,1.0,11.0,11.0,11000.0,11000.0,7485.8556987659795,7485.8556987659795,0.0,0.0,0.0,0.0,0.0,0.0,0.0,0.0
A14,'Schlins Ost',46.85,1.0,2.0,13492.000000000002,0.0,22886.809608579704,0.0,0.0,0.0,0.0,0.0,0.0,5663.954196425326,0.0,7952.635157283296,0.0,13492.000000000002,22886.809608579704,0.0,0.0,5663.954196425326,7952.635157283296
A14,'Nüziders',55.2,1.0,2.0,13282.144454187755,0.0,16978.23001179592,0.0,1.0,10.0,0.0,9650.458158462889,0.0,7952.635157283296,0.0,0.0,0.0,13282.144454187755,16978.23001179592,10.0,9650.458158462889,7952.635157283296,0.0
A2,'Guntramsdorf',14.43,2.0,0.0,106539.0608322543,54671.885978190505,341487.5079237672,158457.9372379927,1.0,31.0,16.0,30816.25974846995,15816.259748469949,0.0,0.0,3332.4910439067717,29.533975329322857,51867.17485406379,183029.57068577447,15.0,15000.0,0.0,3302.957068577449
A2,'Triestingtal',32.08,0.0,1.0,40445.0,40445.0,143069.6923848394,143069.6923848394,0.0,0.0,0.0,0.0,0.0,29.533975329322857,29.533975329322857,14336.503213813265,14336.503213813265,0.0,0.0,0.0,0.0,0.0,0.0
A2,'Leobersdorf',32.08,1.0,1.0,39540.0,0.0,56942.74699600472,0.0,0.0,0.0,0.0,0.0,0.0,3302.957068577449,0.0,8997.23176817792,0.0,39540.0,56942.74699600472,0.0,0.0,3302.957068577449,8997.23176817792
A2,'Föhrenberg',39.31,1.0,0.0,39539.98215618593,0.0,93778.97588690832,0.0,0.0,0.0,0.0,0.0,0.0,8997.23176817792,0.0,18375.129356868754,0.0,39539.98215618593,93778.97588690832,0.0,0.0,8997.23176817792,18375.129356868754
A2,'Bad Fischau',40.93,0.0,0.0,37535.00000001001,37535.00000001001,66634.96786186735,66634.96786186735,1.0,21.0,21.0,21000.0,21000.0,14336.503213813265,14336.503213813265,0.0,0.0,0.0,0.0,0.0,0.0,0.0,0.0
A2,'Steinfeld',50.35,0.0,1.0,32434.00031526797,32434.00031526797,59928.40402750363,59928.40402750363,0.0,0.0,0.0,0.0,0.0,0.0,0.0,5992.840402750364,5992.840402750364,0.0,0.0,0.0,0.0,0.0,0.0
A2,'Wr. Neustadt',51.18,1.0,1.0,31158.00000000052,0.0,64946.24580860265,0.0,1.0,25.0,0.0,24827.41606358913,0.0,18375.129356868754,0.0,42.33787413989012,0.0,31158.00000000052,64946.24580860265,25.0,24827.41606358913,18375.129356868754,42.33787413989012
A2,'Witzelsberg',60.84,0.0,2.0,21168.0000351488,21168.0000351488,44783.30498303353,44783.30498303353,0.0,0.0,0.0,0.0,0.0,5992.840402750364,5992.840402750364,10471.170901053716,10471.170901053716,0.0,0.0,0.0,0.0,0.0,0.0
A2,'Gleissenfeld',61.52,1.0,2.0,18726.0,0.0,64345.96758390275,0.0,0.0,0.0,0.0,0.0,0.0,42.33787413989012,0.0,6476.934632530165,0.0,18726.0,64345.96758390275,0.0,0.0,42.33787413989012,6476.934632530165
A2,'Zöbern',78.76,2.0,0.0,34076.0,17853.0,89918.35315876387,64008.58622397808,1.0,26.0,17.0,25872.029523451525,16872.029523451525,16948.105533583883,10471.170901053716,67.91132600874289,0.0,16223.0,25909.766934785785,9.0,9000.0,6476.934632530165,67.91132600874289
A2,'Schäffern Ost',86.7,1.0,1.0,16223.0,0.0,36516.98737256819,0.0,0.0,0.0,0.0,0.0,0.0,67.91132600874289,0.0,3719.610063265562,0.0,16223.0,36516.98737256819,0.0,0.0,67.91132600874289,3719.610063265562
A2,'Pinkafeld/Ost',97.98,1.0,2.0,14325.0,0.0,21727.470606482195,0.0,0.0,0.0,0.0,0.0,0.0,3719.610063265562,0.0,5892.357123913782,0.0,14325.0,21727.470606482195,0.0,0.0,3719.610063265562,5892.357123913782
A2,'Pinkafeld/West',98.0,0.0,2.0,15628.999999999998,15628.999999999998,60166.60979667192,60166.60979667192,0.0,0.0,0.0,0.0,0.0,0.0,0.0,6016.660979667192,6016.660979667192,0.0,0.0,0.0,0.0,0.0,0.0
A2,'Loipersdorf',105.5,2.0,0.0,27899.0,14612.0,41927.32661100383,22138.85235466905,0.0,0.0,0.0,0.0,0.0,11909.018103580973,6016.660979667192,16101.750764681357,8230.546215134096,13287.0,19788.474256334783,0.0,0.0,5892.357123913782,7871.20454954726
A2,'St. Johann/Süd',113.05,1.0,2.0,13287.000477266132,0.0,55839.64905204145,0.0,1.0,13.0,0.0,13000.0,0.0,7871.20454954726,0.0,455.1694547514062,0.0,13287.000477266132,55839.64905204145,13.0,13000.0,7871.20454954726,455.1694547514062
A2,'St. Johann/Nord',113.24,0.0,2.0,14612.067329295864,14612.067329295864,22243.9351941791,22243.9351941791,1.0,8.0,8.0,8000.0,8000.0,8230.546215134096,8230.546215134096,2454.9397345520065,2454.9397345520065,0.0,0.0,0.0,0.0,0.0,0.0
A2,'Hainersdorf',133.87,0.0,1.0,16034.999999999998,16034.999999999998,66144.33253637272,66144.33253637272,0.0,0.0,0.0,0.0,0.0,2454.9397345520065,2454.9397345520065,9069.37298818928,9069.37298818928,0.0,0.0,0.0,0.0,0.0,0.0
A2,'Bad Blumau',134.06,1.0,1.0,14879.0,0.0,39913.51522050923,0.0,0.0,0.0,0.0,0.0,0.0,455.1694547514062,0.0,4446.52097680233,0.0,14879.0,39913.51522050923,0.0,0.0,455.1694547514062,4446.52097680233
A2,'Ilztal/Nord ',147.5,1.0,2.0,16946.156088329964,0.0,22142.86453298605,0.0,0.0,0.0,0.0,0.0,0.0,4446.52097680233,0.0,6660.807430100935,0.0,16946.156088329964,22142.86453298605,0.0,0.0,4446.52097680233,6660.807430100935
A2,'Arnwiesen',154.1,2.0,0.0,36495.0010822289,19529.0004964994,135214.80430038154,78775.931104602,1.0,29.0,17.0,28946.96609864948,16946.96609864948,15730.180418290214,9069.37298818928,304.6947496788889,0.0,16966.000585729496,56438.87319577954,12.0,12000.0,6660.807430100935,304.6947496788889
A2,'Laßnitzhöhe Nord',170.16,0.0,1.0,27470.0,27470.0,89210.41764080411,89210.41764080411,0.0,0.0,0.0,0.0,0.0,0.0,0.0,8921.041764080412,8921.041764080412,0.0,0.0,0.0,0.0,0.0,0.0
A2,'Laßnitzhöhe Süd',170.65,1.0,1.0,29743.0,0.0,119872.94775894134,0.0,0.0,0.0,0.0,0.0,0.0,304.6947496788889,0.0,12291.989525573024,0.0,29743.0,119872.94775894134,0.0,0.0,304.6947496788889,12291.989525573024
A2,'Kaiserwald',190.77,2.0,0.0,42649.00410506857,21967.00248080555,212311.14271654858,90269.44009665956,1.0,42.0,18.0,41947.98577374637,17947.985773746368,21213.031289653438,8921.041764080412,496.15978756192817,0.0,20682.001624263023,122041.70261988904,24.0,24000.0,12291.989525573024,496.15978756192817
A2,'Herzogberg Nord',220.13,0.0,1.0,8807.00000002098,8807.00000002098,51848.951152018446,51848.951152018446,0.0,0.0,0.0,0.0,0.0,0.0,0.0,5184.895115201845,5184.895115201845,0.0,0.0,0.0,0.0,0.0,0.0
A2,'Herzogberg Süd',220.19,1.0,1.0,8120.999999999229,0.0,24362.120249568077,0.0,0.0,0.0,0.0,0.0,0.0,496.15978756192817,0.0,2932.371812518736,0.0,8120.999999999229,24362.120249568077,0.0,0.0,496.15978756192817,2932.371812518736
A2,'Pack',235.21,2.0,0.0,16928.0,8807.0,38160.3171582835,26540.01416042541,1.0,11.0,7.0,11000.0,7000.0,8117.266927720581,5184.895115201845,933.298643548932,838.896531244387,8120.999999999999,11620.302997858087,4.0,4000.0,2932.371812518736,94.40211230454497
A2,'Twimberg Süd',242.34,1.0,2.0,9189.0,0.0,32127.24787077568,0.0,0.0,0.0,0.0,0.0,0.0,94.40211230454497,0.0,3307.126899382113,0.0,9189.0,32127.24787077568,0.0,0.0,94.40211230454497,3307.126899382113
A2,'Twimberg Nord',242.44,0.0,2.0,8465.0,8465.0,12179.507200753324,12179.507200753324,0.0,0.0,0.0,0.0,0.0,838.896531244387,838.896531244387,2056.8472513197194,2056.8472513197194,0.0,0.0,0.0,0.0,0.0,0.0
A2,'Fischering',259.85,1.0,2.0,10919.0,0.0,19551.337675387487,0.0,0.0,0.0,0.0,0.0,0.0,3307.126899382113,0.0,5262.260666920862,0.0,10919.0,19551.337675387487,0.0,0.0,3307.126899382113,5262.260666920862
A2,'St. Ändra',262.91,0.0,2.0,11358.00000168869,11358.00000168869,46444.591455370966,46444.591455370966,0.0,0.0,0.0,0.0,0.0,2056.8472513197194,2056.8472513197194,6701.306396856816,6701.306396856816,0.0,0.0,0.0,0.0,0.0,0.0
A2,'Gönitz/Süd',268.86,1.0,2.0,11607.0,0.0,37377.39333079138,0.0,1.0,9.0,0.0,9000.0,0.0,5262.260666920862,0.0,0.0,0.0,11607.0,37377.39333079138,9.0,9000.0,5262.260666920862,0.0
A2,'Gönitz/Nord',268.89,0.0,2.0,12420.0,12420.0,14890.993721836305,14890.993721836305,1.0,8.0,8.0,8000.0,8000.0,6701.306396856816,6701.306396856816,190.4057690404461,190.4057690404461,0.0,0.0,0.0,0.0,0.0,0.0
A2,'Haimburg Nord',279.17,0.0,2.0,10779.0,10779.0,21954.76010391007,21954.76010391007,0.0,0.0,0.0,0.0,0.0,190.4057690404461,190.4057690404461,2385.881779431453,2385.881779431453,0.0,0.0,0.0,0.0,0.0,0.0
A2,'Völkermarkt',285.09,2.0,0.0,21133.0,10779.0,43435.933157851614,12657.478100764496,0.0,0.0,0.0,0.0,0.0,2385.881779431453,2385.881779431453,6729.475095216615,3651.629589507903,10354.0,30778.45505708712,0.0,0.0,0.0,3077.845505708712
A2,'Grafenstein Nord',300.0,0.0,1.0,13362.0,13362.0,39644.441582321415,39644.441582321415,0.0,0.0,0.0,0.0,0.0,3651.629589507903,3651.629589507903,7616.073747740044,7616.073747740044,0.0,0.0,0.0,0.0,0.0,0.0
A2,'Grafenstein Süd',300.0,1.0,1.0,13587.999999999998,0.0,64499.09491933518,0.0,1.0,9.0,0.0,9000.0,0.0,3077.845505708712,0.0,527.7549976422306,0.0,13587.999999999998,64499.09491933518,9.0,9000.0,3077.845505708712,527.7549976422306
A2,'Krumpendorf/Nord',329.28,0.0,2.0,19027.00404912327,19027.00404912327,72939.3212153292,72939.3212153292,1.0,13.0,13.0,13000.0,13000.0,7616.073747740044,7616.073747740044,1910.0058692729644,1910.0058692729644,0.0,0.0,0.0,0.0,0.0,0.0
A2,'Karawankenblick/Süd',333.84,1.0,2.0,19384.999372588507,0.0,24175.820186266053,0.0,0.0,0.0,0.0,0.0,0.0,527.7549976422306,0.0,2945.337016268836,0.0,19384.999372588507,24175.820186266053,0.0,0.0,527.7549976422306,2945.337016268836
A2,'Wörthersee',340.13,2.0,0.0,38076.99999701492,19452.999998289542,75344.61920701242,42137.27856545779,0.0,0.0,0.0,0.0,0.0,4855.342885541801,1910.0058692729644,12389.804806243043,6123.733725818744,18623.999998725383,33207.340641554634,0.0,0.0,2945.337016268836,6266.0710804243
A2,'Sternberg/Süd',349.01,1.0,2.0,19615.999955893047,0.0,0.0,0.0,0.0,0.0,0.0,0.0,0.0,6266.0710804243,0.0,6266.0710804243,0.0,19615.999955893047,0.0,0.0,0.0,6266.0710804243,6266.0710804243
A2,'Sternberg/Nord',349.03,0.0,2.0,17176.999989573145,17176.999989573145,30590.1422357276,30590.1422357276,0.0,0.0,0.0,0.0,0.0,6123.733725818744,6123.733725818744,9182.747949391503,9182.747949391503,0.0,0.0,0.0,0.0,0.0,0.0
A2,'Federaun/Nord',361.73,0.0,2.0,16516.999999999996,16516.999999999996,41902.47823736397,41902.47823736397,1.0,11.0,11.0,11000.0,11000.0,9182.747949391503,9182.747949391503,2372.9957731279,2372.9957731279,0.0,0.0,0.0,0.0,0.0,0.0
A2,'Federaun/Süd',362.78,1.0,2.0,14962.999999991674,0.0,53969.28273959152,0.0,1.0,8.0,0.0,7970.766124398046,0.0,6266.0710804243,0.0,3692.233229985408,0.0,14962.999999991674,53969.28273959152,8.0,7970.766124398046,6266.0710804243,3692.233229985408
A2,'Dreiländereck Süd',374.17,2.0,0.0,29010.99995582863,9394.99999993558,73068.57514847351,23346.56263789885,0.0,0.0,0.0,0.0,0.0,6065.229003113308,2372.9957731279,13372.086517960659,4707.652036917785,19615.999955893047,49722.012510574656,0.0,0.0,3692.233229985408,8664.434481042874
A2,'Dreiländereck Nord',374.27,2.0,0.0,24357.99999982947,9394.999999829468,3460.5851131569007,104.92992358564643,1.0,14.0,5.0,13718.145029276351,4718.14502927635,13372.086517960659,4707.652036917785,0.0,0.0,14963.000000000002,3355.655189571254,9.0,9000.0,8664.434481042874,0.0
A21,'Alland',14.68,2.0,0.0,40163.5,20093.0,103417.58750904436,49420.33889377227,0.0,0.0,0.0,0.0,0.0,0.0,0.0,10341.758750904435,4942.033889377228,20070.5,53997.24861527208,0.0,0.0,0.0,5399.724861527208
A21,'Dornbach',19.96,1.0,2.0,19174.48344498892,0.0,20444.35624155757,0.0,0.0,0.0,0.0,0.0,0.0,5399.724861527208,0.0,7444.160485682965,0.0,19174.48344498892,20444.35624155757,0.0,0.0,5399.724861527208,7444.160485682965
A21,'Hinterbrühl',26.99,0.0,1.0,19730.962284466663,19730.962284466663,44502.271823291965,44502.271823291965,1.0,10.0,10.0,9392.261071706424,9392.261071706424,4942.033889377228,4942.033889377228,0.0,0.0,0.0,0.0,0.0,0.0,0.0,0.0
A21,'Sparbach',26.99,1.0,2.0,19671.37785407049,0.0,27694.943399277778,0.0,1.0,11.0,0.0,10213.654825610744,0.0,7444.160485682965,0.0,0.0,0.0,19671.37785407049,27694.943399277778,11.0,10213.654825610744,7444.160485682965,0.0
A22,'Korneuburg West',18.04,1.0,0.0,32131.000000493023,0.0,63932.21893438356,0.0,0.0,0.0,0.0,0.0,0.0,0.0,0.0,6393.221893438356,0.0,32131.000000493023,63932.21893438356,0.0,0.0,0.0,6393.221893438356
A22,'Korneuburg Ost',18.12,0.0,0.0,32321.000000000007,32321.000000000007,116866.4197787237,116866.4197787237,1.0,12.0,12.0,11686.641977872372,11686.641977872372,0.0,0.0,0.0,0.0,0.0,0.0,0.0,0.0,0.0,0.0
A22,'Stockerau',28.09,1.0,0.0,30190.007584098337,0.0,9009.757712564318,0.0,1.0,8.0,0.0,7294.197664694788,0.0,6393.221893438356,0.0,0.0,0.0,30190.007584098337,9009.757712564318,8.0,7294.197664694788,6393.221893438356,0.0
A25,'Pucking',5.97,0.0,1.0,21620.0,21620.0,25350.64141680889,25350.64141680889,0.0,0.0,0.0,0.0,0.0,0.0,0.0,2535.064141680889,2535.064141680889,0.0,0.0,0.0,0.0,0.0,0.0
A25,'Sinnersdorf/Süd',6.11,1.0,2.0,21271.0,0.0,28981.93257809412,0.0,0.0,0.0,0.0,0.0,0.0,0.0,0.0,2898.1932578094124,0.0,21271.0,28981.93257809412,0.0,0.0,0.0,2898.1932578094124
A25,'Wels',13.06,2.0,0.0,49975.503210327646,25078.48219887029,71240.92245977157,35488.490093098524,1.0,14.0,7.0,12557.34964546746,6083.913150990742,5433.257399490301,2535.064141680889,0.0,0.0,24897.02101145736,35752.43236667305,7.0,6473.436494476718,2898.1932578094124,0.0
A3,'Hornstein',28.0,2.0,0.0,35088.0,17427.0,114520.76259901357,66852.17460927166,1.0,12.0,7.0,11452.076259901358,6685.217460927167,0.0,0.0,0.0,0.0,17661.0,47668.58798974191,5.0,4766.858798974191,0.0,0.0
A4,'Simmering',2.45,0.0,0.0,35371.78969176939,35371.78969176939,22257.83857434953,22257.83857434953,0.0,0.0,0.0,0.0,0.0,0.0,0.0,2225.783857434953,2225.783857434953,0.0,0.0,0.0,0.0,0.0,0.0
A4,'Fischamend',22.33,0.0,1.0,28227.0,28227.0,112756.86408974236,112756.86408974236,1.0,4.0,4.0,3259.4180161253803,3259.4180161253803,2225.783857434953,2225.783857434953,10242.05225028381,10242.05225028381,0.0,0.0,0.0,0.0,0.0,0.0
A4,'Maria Ellend',22.48,1.0,1.0,27990.0,0.0,32591.644875563223,0.0,0.0,0.0,0.0,0.0,0.0,0.0,0.0,3259.1644875563225,0.0,27990.0,32591.644875563223,0.0,0.0,0.0,3259.1644875563225
A4,'Göttlesbrunn',28.04,2.0,0.0,47550.0,24272.0,112197.1085476203,28046.547072865586,0.0,0.0,0.0,0.0,0.0,13501.216737840132,10242.05225028381,24720.927592602162,13046.706957570368,23278.0,84150.56147475471,0.0,0.0,3259.1644875563225,11674.220635031794
A4,'Parndorf',46.23,1.0,2.0,19928.0,0.0,74634.97330866668,0.0,1.0,18.0,0.0,18000.0,0.0,11674.220635031794,0.0,1137.7179658984624,0.0,19928.0,74634.97330866668,18.0,18000.0,11674.220635031794,1137.7179658984624
A4,'Neusiedl',47.01,0.0,2.0,21837.0,21837.0,82260.78440998313,82260.78440998313,1.0,21.0,21.0,21000.0,21000.0,13046.706957570368,13046.706957570368,272.78539856868156,272.78539856868156,0.0,0.0,0.0,0.0,0.0,0.0
A4,'Nickelsdorf Süd',64.65,0.0,0.0,10545.000205483248,10545.000205483248,37272.146014313184,37272.146014313184,1.0,4.0,4.0,4000.0,4000.0,272.78539856868156,272.78539856868156,0.0,0.0,0.0,0.0,0.0,0.0,0.0,0.0
A4,'Nickelsdorf Nord',64.97,1.0,0.0,7158.000028017371,0.0,1140.7844882274428,0.0,1.0,2.0,0.0,1251.7964147212067,0.0,1137.7179658984624,0.0,0.0,0.0,7158.000028017371,1140.7844882274428,2.0,1251.7964147212067,1137.7179658984624,0.0
A5,'Hochleithen',10.63,2.0,0.0,35611.2,17306.5,171050.44466718304,34873.96904422976,1.0,18.0,4.0,17105.044466718304,3487.396904422976,0.0,0.0,0.0,0.0,18304.7,136176.4756229533,14.0,13617.64756229533,0.0,0.0
A6,'Potzneusiedl',10.8,2.0,0.0,15204.999999970727,7325.999999986983,33671.23460537669,15733.539261383205,1.0,4.0,2.0,3367.123460537669,1573.3539261383205,0.0,0.0,0.0,0.0,7878.999999983744,17937.695343993484,2.0,1793.7695343993485,0.0,0.0
A7,'Engerwitzdorf',25.71,1.0,1.0,19344.0,0.0,4050.242286953621,0.0,1.0,1.0,0.0,405.0242286953621,0.0,0.0,0.0,0.0,0.0,19344.0,4050.242286953621,1.0,405.0242286953621,0.0,0.0
A7,'Denk',25.76,0.0,1.0,18851.0,18851.0,97075.89483825683,97075.89483825683,1.0,10.0,10.0,9707.589483825685,9707.589483825685,0.0,0.0,0.0,0.0,0.0,0.0,0.0,0.0,0.0,0.0
A8,'Voralpenkreuz',0.17,2.0,0.0,20453.0,10081.0,35002.97696040159,882.1776563040131,0.0,0.0,0.0,0.0,0.0,0.0,0.0,3500.2976960401593,88.21776563040132,10372.0,34120.79930409758,0.0,0.0,0.0,3412.079930409758
A8,'Oberham/Süd',16.76,1.0,2.0,24053.99876684948,0.0,18977.635739131696,0.0,0.0,0.0,0.0,0.0,0.0,3412.079930409758,0.0,5309.843504322927,0.0,24053.99876684948,18977.635739131696,0.0,0.0,3412.079930409758,5309.843504322927
A8,'Oberham/Nord',18.32,0.0,2.0,21938.95947401208,21938.95947401208,79070.52120426737,79070.52120426737,1.0,5.0,5.0,4782.860053799272,4782.860053799272,88.21776563040132,88.21776563040132,3212.409832257867,3212.409832257867,0.0,0.0,0.0,0.0,0.0,0.0
A8,'Schnittering/Süd',20.68,1.0,2.0,17695.568077309275,0.0,46433.72435952304,0.0,1.0,9.0,0.0,9000.0,0.0,5309.843504322927,0.0,953.2159402752313,0.0,17695.568077309275,46433.72435952304,9.0,9000.0,5309.843504322927,953.2159402752313
A8,'Kematen/Nord',24.85,0.0,2.0,16374.0,16374.0,21401.04458132792,21401.04458132792,0.0,0.0,0.0,0.0,0.0,3212.409832257867,3212.409832257867,5352.514290390659,5352.514290390659,0.0,0.0,0.0,0.0,0.0,0.0
A8,'Aistersheim',33.81,2.0,0.0,30956.0,14979.0,60874.30024176926,26835.862190523447,0.0,0.0,0.0,0.0,0.0,6305.73023066589,5352.514290390659,12393.160254842816,8036.100509443004,15977.0,34038.438051245816,0.0,0.0,953.2159402752313,4357.0597453998125
A8,'Gotthaming',43.74,0.0,2.0,13574.002126406618,13574.002126406618,26867.96010209468,26867.96010209468,1.0,9.0,9.0,9000.0,9000.0,8036.100509443004,8036.100509443004,1722.8965196524712,1722.8965196524712,0.0,0.0,0.0,0.0,0.0,0.0
A8,'Renhartsberg',44.47,1.0,2.0,14008.000000000133,0.0,14392.702685008398,0.0,0.0,0.0,0.0,0.0,0.0,4357.0597453998125,0.0,5796.330013900652,0.0,14008.000000000133,14392.702685008398,0.0,0.0,4357.0597453998125,5796.330013900652
A8,'Grübl/Süd’,49.59,1.0,2.0,14008.0,0.0,20419.630414824154,0.0,0.0,0.0,0.0,0.0,0.0,5796.330013900652,0.0,7838.293055383068,0.0,14008.0,20419.630414824154,0.0,0.0,5796.330013900652,7838.293055383068
A8,'Grübl/Nord',49.61,0.0,2.0,13574.000000000002,13574.000000000002,15944.892462999343,15944.892462999343,0.0,0.0,0.0,0.0,0.0,1722.8965196524712,1722.8965196524712,3317.3857659524056,3317.3857659524056,0.0,0.0,0.0,0.0,0.0,0.0
A8,'Murau West',56.77,1.0,1.0,14172.0,0.0,41708.92113869764,0.0,1.0,8.0,0.0,7877.18071438469,0.0,7838.293055383068,0.0,4132.004454868143,0.0,14172.0,41708.92113869764,8.0,7877.18071438469,7838.293055383068,4132.004454868143
A8,'Murau Ost',56.88,0.0,1.0,13536.0,13536.0,19847.682360943298,19847.682360943298,0.0,0.0,0.0,0.0,0.0,3317.3857659524056,3317.3857659524056,5302.1540020467355,5302.1540020467355,0.0,0.0,0.0,0.0,0.0,0.0
A8,'Marienkirchen/Schärding’,71.6,1.0,1.0,10055.234280795672,0.0,6370.451690557319,0.0,0.0,0.0,0.0,0.0,0.0,4132.004454868143,0.0,4769.049623923875,0.0,10055.234280795672,6370.451690557319,0.0,0.0,4132.004454868143,4769.049623923875
A8,'Dietrichshofen/Ost',72.06,0.0,2.0,8836.923336744558,8836.923336744558,26734.753655044016,26734.753655044016,1.0,8.0,8.0,7975.629367551137,7975.629367551137,5302.1540020467355,5302.1540020467355,0.0,0.0,0.0,0.0,0.0,0.0,0.0,0.0
A8,'Suben West',74.77,1.0,0.0,9186.000000189424,0.0,2309.5037607612567,0.0,1.0,5.0,0.0,5000.0,0.0,4769.049623923875,0.0,0.0,0.0,9186.000000189424,2309.5037607612567,5.0,5000.0,4769.049623923875,0.0
A9,'Maisdorf/Ost',12.66,1.0,2.0,10503.0,0.0,49687.49353628505,0.0,1.0,5.0,0.0,4968.749353628506,0.0,0.0,0.0,0.0,0.0,10503.0,49687.49353628505,5.0,4968.749353628506,0.0,0.0
A9,'Maisdorf/West',12.73,0.0,2.0,11055.0,11055.0,28126.582456850745,28126.582456850745,0.0,0.0,0.0,0.0,0.0,0.0,0.0,2812.6582456850747,2812.6582456850747,0.0,0.0,0.0,0.0,0.0,0.0
A9,'St. Pankraz',36.36,2.0,0.0,13974.0,7033.0,59101.108124232705,33173.700142315945,1.0,8.0,6.0,7869.307091930174,5869.307091930174,2812.6582456850747,2812.6582456850747,853.4619661781721,260.7211679864954,6941.0,25927.407981916764,2.0,2000.0,0.0,592.7407981916767
A9,'Pyhrn-Priel Ost’,55.03,1.0,1.0,7591.971611767987,0.0,16849.293094569046,0.0,0.0,0.0,0.0,0.0,0.0,592.7407981916767,0.0,2277.6701076485815,0.0,7591.971611767987,16849.293094569046,0.0,0.0,592.7407981916767,2277.6701076485815
A9,'Pyhrn-Priel West',55.04,0.0,1.0,8230.855228133318,8230.855228133318,31192.30198661983,31192.30198661983,0.0,0.0,0.0,0.0,0.0,260.7211679864954,260.7211679864954,3379.9513666484786,3379.9513666484786,0.0,0.0,0.0,0.0,0.0,0.0
A9,'Ardning Ost',65.96,1.0,2.0,13083.999999877302,0.0,31041.45899234372,0.0,0.0,0.0,0.0,0.0,0.0,2277.6701076485815,0.0,5381.816006882954,0.0,13083.999999877302,31041.45899234372,0.0,0.0,2277.6701076485815,5381.816006882954
A9,'Ardning West',66.04,0.0,2.0,13361.999999983376,13361.999999983376,29114.41644929437,29114.41644929437,0.0,0.0,0.0,0.0,0.0,3379.9513666484786,3379.9513666484786,6291.393011577916,6291.393011577916,0.0,0.0,0.0,0.0,0.0,0.0
A9,'Rottenmann/Nord',77.91,1.0,2.0,13084.0,0.0,20345.18808414952,0.0,1.0,7.0,0.0,6877.01052574335,0.0,5381.816006882954,0.0,539.3242895545568,0.0,13084.0,20345.18808414952,7.0,6877.01052574335,5381.816006882954,539.3242895545568
A9,'Rottenmann/Süd',78.18,0.0,2.0,13362.0,13362.0,32196.632573168365,32196.632573168365,1.0,9.0,9.0,9000.0,9000.0,6291.393011577916,6291.393011577916,511.056268894753,511.056268894753,0.0,0.0,0.0,0.0,0.0,0.0
A9,'Trieben',85.7,2.0,0.0,20906.0,10619.0,29194.785607799568,15971.560943056678,0.0,0.0,0.0,0.0,0.0,1050.3805584493098,511.056268894753,3969.8591192292665,2108.212363200421,10287.0,13223.224664742887,0.0,0.0,539.3242895545568,1861.6467560288456
A9,'Gaishorn',92.11,1.0,1.0,10287.0,0.0,59758.32239265699,0.0,1.0,2.0,0.0,2000.0,0.0,1861.6467560288456,0.0,5837.478995294545,0.0,10287.0,59758.32239265699,2.0,2000.0,1861.6467560288456,5837.478995294545
A9,'Treglwang',94.03,0.0,2.0,10619.0,10619.0,17705.39000500141,17705.39000500141,0.0,0.0,0.0,0.0,0.0,2108.212363200421,2108.212363200421,3878.751363700562,3878.751363700562,0.0,0.0,0.0,0.0,0.0,0.0
A9,'Kalwang',106.26,0.0,1.0,10953.0,10953.0,26930.486362994383,26930.486362994383,0.0,0.0,0.0,0.0,0.0,3878.751363700562,3878.751363700562,6571.8,6571.8,0.0,0.0,0.0,0.0,0.0,0.0
A9,'Kammern Nord',121.18,1.0,2.0,10926.0,0.0,175.9889804448717,0.0,0.0,0.0,0.0,0.0,0.0,5837.478995294545,0.0,5855.077893339032,0.0,10926.0,175.9889804448717,0.0,0.0,5837.478995294545,5855.077893339032
A9,'Kammern Süd',121.26,2.0,0.0,21954.0,11028.0,64341.42807325543,32914.014449608665,1.0,17.0,10.0,16863.20144496087,9863.201444960867,12426.877893339031,6571.8,1997.8192557037091,0.0,10926.0,31427.413623646764,7.0,7000.0,5855.077893339032,1997.8192557037091
A9,'St. Michael',135.01,0.0,2.0,11073.004965524444,11073.004965524444,30404.004309309235,30404.004309309235,1.0,3.0,3.0,3000.0,3000.0,0.0,0.0,40.4004309309239,40.4004309309239,0.0,0.0,0.0,0.0,0.0,0.0
A9,'Ortnerhof Nord',135.65,1.0,2.0,10574.999873012946,0.0,7705.628111447948,0.0,0.0,0.0,0.0,0.0,0.0,1997.8192557037091,0.0,2768.382066848504,0.0,10574.999873012946,7705.628111447948,0.0,0.0,1997.8192557037091,2768.382066848504
A9,'Ortnerhof Süd’,135.65,0.0,2.0,11073.999444063618,11073.999444063618,1386.6510981153897,1386.6510981153897,0.0,0.0,0.0,0.0,0.0,40.4004309309239,40.4004309309239,179.06554074246287,179.06554074246287,0.0,0.0,0.0,0.0,0.0,0.0
A9,'Hinterlainsach/Ost',139.16,0.0,2.0,11074.0,11074.0,7841.721665687022,7841.721665687022,0.0,0.0,0.0,0.0,0.0,179.06554074246287,179.06554074246287,963.2377073111652,963.2377073111652,0.0,0.0,0.0,0.0,0.0,0.0
A9,'Hinterlainsach/West',139.3,1.0,2.0,10575.0,0.0,31388.73352344284,0.0,0.0,0.0,0.0,0.0,0.0,2768.382066848504,0.0,5907.255419192788,0.0,10575.0,31388.73352344284,0.0,0.0,2768.382066848504,5907.255419192788
A9,'Kleintal',150.57,0.0,2.0,11777.0,11777.0,26809.336064293304,26809.336064293304,0.0,0.0,0.0,0.0,0.0,963.2377073111652,963.2377073111652,3644.171313740496,3644.171313740496,0.0,0.0,0.0,0.0,0.0,0.0
A9,'Übelbach 1',154.16,1.0,2.0,11512.0,0.0,17781.923523171823,0.0,1.0,7.0,0.0,7000.0,0.0,5907.255419192788,0.0,685.4477715099711,0.0,11512.0,17781.923523171823,7.0,7000.0,5907.255419192788,685.4477715099711
A9,'Übelbach 2',154.24,0.0,2.0,11777.0,11777.0,8639.97767636247,8639.97767636247,0.0,0.0,0.0,0.0,0.0,3644.171313740496,3644.171313740496,4508.169081376743,4508.169081376743,0.0,0.0,0.0,0.0,0.0,0.0
A9,'Deutschfeistritz',161.95,2.0,0.0,23289.000114064176,11777.000055015264,76050.65254937344,18003.928396732397,0.0,0.0,0.0,0.0,0.0,5193.616852886714,4508.169081376743,12798.682107824057,6308.561921049983,11512.00005904891,58046.72415264104,0.0,0.0,685.4477715099711,6490.120186774076
A9,'Eggenfeld',169.13,0.0,2.0,20432.1080698656,20432.1080698656,29453.135965858,29453.135965858,0.0,0.0,0.0,0.0,0.0,6308.561921049983,6308.561921049983,9253.875517635783,9253.875517635783,0.0,0.0,0.0,0.0,0.0,0.0
A9,'Feldkirchen',186.97,1.0,2.0,29999.01028154669,0.0,57184.44424849908,0.0,0.0,0.0,0.0,0.0,0.0,6490.120186774076,0.0,12208.564611623984,0.0,29999.01028154669,57184.44424849908,0.0,0.0,6490.120186774076,12208.564611623984
A9,'Premstätten',192.48,0.0,1.0,32302.511670869648,32302.511670869648,152381.31708348572,152381.31708348572,1.0,25.0,25.0,24492.007225984355,24492.007225984355,9253.875517635783,9253.875517635783,0.0,0.0,0.0,0.0,0.0,0.0,0.0,0.0
A9,'Thalerhof',196.52,1.0,2.0,26113.265874187266,0.0,77662.26512324884,0.0,1.0,9.0,0.0,9000.0,0.0,12208.564611623984,0.0,10974.791123948868,0.0,26113.265874187266,77662.26512324884,9.0,9000.0,12208.564611623984,10974.791123948868
A9,'Gralla West',211.06,0.0,0.0,20689.0,20689.0,76643.58637779353,76643.58637779353,1.0,7.0,7.0,7000.0,7000.0,0.0,0.0,664.3586377793536,664.3586377793536,0.0,0.0,0.0,0.0,0.0,0.0
A9,'Gralla Ost',211.45,1.0,0.0,19399.0,0.0,52785.10516275293,0.0,1.0,16.0,0.0,16000.0,0.0,10974.791123948868,0.0,253.3016402241601,0.0,19399.0,52785.10516275293,16.0,16000.0,10974.791123948868,253.3016402241601
A9,'Straß Ost’,225.02,1.0,2.0,7452.000000000777,0.0,7466.983597758399,0.0,1.0,1.0,0.0,1000.0,0.0,253.3016402241601,0.0,0.0,0.0,7452.000000000777,7466.983597758399,1.0,1000.0,253.3016402241601,0.0
A9,'Straß West',225.02,0.0,2.0,8239.000000000515,8239.000000000515,22970.085281964966,22970.085281964966,1.0,3.0,3.0,2961.36716597585,2961.36716597585,664.3586377793536,664.3586377793536,0.0,0.0,0.0,0.0,0.0,0.0,0.0,0.0
S16,'Schnann',18.9,2.0,0.0,9860.99996031521,4941.999999999992,43437.30630977449,18700.073610347983,0.0,2.0,0.0,2000.0,0.0,0.0,0.0,2343.7306309774485,1870.0073610347984,4918.999960315217,24737.232699426502,2.0,2000.0,0.0,473.7232699426504
S16,'Klösterle',44.17,1.0,0.0,4439.000000265529,0.0,13183.237295726443,0.0,0.0,0.0,0.0,0.0,0.0,473.7232699426504,0.0,1792.0469995152948,0.0,4439.000000265529,13183.237295726443,0.0,0.0,473.7232699426504,1792.0469995152948
S16,'Innerbraz',54.99,0.0,0.0,5391.999999999998,5391.999999999998,38789.08951452321,38789.08951452321,1.0,3.0,3.0,3000.0,3000.0,1870.0073610347984,1870.0073610347984,2748.91631248712,2748.91631248712,0.0,0.0,0.0,0.0,0.0,0.0
S16,'Radin Süd',59.01,1.0,2.0,5252.0,0.0,3038.655605334979,0.0,1.0,3.0,0.0,2095.912560048793,0.0,1792.0469995152948,0.0,0.0,0.0,5252.0,3038.655605334979,3.0,2095.912560048793,1792.0469995152948,0.0
S16,'Radin Nord',59.03,0.0,2.0,5392.0,5392.0,4366.475635989322,4366.475635989322,1.0,4.0,4.0,3185.5638760860525,3185.5638760860525,2748.91631248712,2748.91631248712,0.0,0.0,0.0,0.0,0.0,0.0,0.0,0.0
S1A,'Schwechat',9.85,2.0,0.0,61703.49999987559,31463.499999975807,98660.20943375537,39041.52295889174,1.0,10.0,4.0,9866.020943375537,3904.1522958891746,0.0,0.0,0.0,0.0,30239.99999989978,59618.68647486362,6.0,5961.8686474863625,0.0,0.0
S1B,'Deutsch Wagram',39.05,2.0,0.0,32604.83333333333,16237.966666666664,73145.99870320682,9677.10465852084,1.0,8.0,1.0,7314.599870320682,967.7104658520841,0.0,0.0,0.0,0.0,16366.866666666663,63468.89404468598,7.0,6346.8894044685985,0.0,0.0
S3,'Hollabrunn',23.6,1.0,2.0,6766.0,0.0,15563.630436509862,0.0,1.0,2.0,0.0,1556.3630436509864,0.0,0.0,0.0,0.0,0.0,6766.0,15563.630436509862,2.0,1556.3630436509864,0.0,0.0
S31,‘Mattersburg’,52.09,1.0,2.0,8153.0,0.0,26231.718576042676,0.0,0.0,0.0,0.0,0.0,0.0,0.0,0.0,2623.1718576042676,0.0,8153.0,26231.718576042676,0.0,0.0,0.0,2623.1718576042676
S31,'Forchtenstein’,52.45,0.0,2.0,7857.0,7857.0,29576.297095027607,29576.297095027607,0.0,0.0,0.0,0.0,0.0,0.0,0.0,2957.6297095027608,2957.6297095027608,0.0,0.0,0.0,0.0,0.0,0.0
S31,'Kobersdorf',66.91,0.0,2.0,6223.999999590788,6223.999999590788,17886.095398002628,17886.095398002628,1.0,5.0,5.0,4746.239249303024,4746.239249303024,2957.6297095027608,2957.6297095027608,0.0,0.0,0.0,0.0,0.0,0.0,0.0,0.0
S31,'Tschurndorf',68.14,1.0,2.0,6566.999817015507,0.0,21185.283057988152,0.0,1.0,5.0,0.0,4741.700163403083,0.0,2623.1718576042676,0.0,0.0,0.0,6566.999817015507,21185.283057988152,5.0,4741.700163403083,2623.1718576042676,0.0
S33,'St. Pölten Ost',1.84,0.0,0.0,15332.000000000002,15332.000000000002,42162.713450383104,42162.713450383104,0.0,0.0,0.0,0.0,0.0,0.0,0.0,4216.271345038311,4216.271345038311,0.0,0.0,0.0,0.0,0.0,0.0
S33,'Inzersdorf',15.28,1.0,1.0,15650.364459623052,0.0,47979.53816597848,0.0,1.0,5.0,0.0,4797.953816597848,0.0,0.0,0.0,0.0,0.0,15650.364459623052,47979.53816597848,5.0,4797.953816597848,0.0,0.0
S33,'Herzogenburg',15.69,0.0,1.0,15657.319893344473,15657.319893344473,36041.87317235301,36041.87317235301,1.0,8.0,8.0,7820.4586622736115,7820.4586622736115,4216.271345038311,4216.271345038311,0.0,0.0,0.0,0.0,0.0,0.0,0.0,0.0
S35,'Frohnleiten Ost',26.82,1.0,2.0,9690.0,0.0,18587.030666064784,0.0,1.0,2.0,0.0,1858.7030666064784,0.0,0.0,0.0,0.0,0.0,9690.0,18587.030666064784,2.0,1858.7030666064784,0.0,0.0
S35,'Frohnleiten West',26.82,0.0,2.0,9816.0,9816.0,51001.472361815664,51001.472361815664,1.0,6.0,6.0,5100.147236181567,5100.147236181567,0.0,0.0,0.0,0.0,0.0,0.0,0.0,0.0,0.0,0.0
S36,'St. Marein Nord',14.89,0.0,0.0,10113.0,10113.0,30156.505485607195,30156.505485607195,0.0,0.0,0.0,0.0,0.0,0.0,0.0,3015.6505485607195,3015.6505485607195,0.0,0.0,0.0,0.0,0.0,0.0
S36,'St. Marein Süd',14.97,1.0,0.0,10133.0,0.0,39904.344783471744,0.0,0.0,0.0,0.0,0.0,0.0,0.0,0.0,3990.4344783471747,0.0,10133.0,39904.344783471744,0.0,0.0,0.0,3990.4344783471747
S36,'Strettweg',34.61,1.0,2.0,9701.0,0.0,5373.278346516238,0.0,1.0,5.0,0.0,4527.762312998799,0.0,3990.4344783471747,0.0,0.0,0.0,9701.0,5373.278346516238,5.0,4527.762312998799,3990.4344783471747,0.0
S36,'Hauswald',35.77,0.0,2.0,9740.5,9740.5,40577.73593246791,40577.73593246791,1.0,8.0,8.0,7073.424141807511,7073.424141807511,3015.6505485607195,3015.6505485607195,0.0,0.0,0.0,0.0,0.0,0.0,0.0,0.0
S37,'Hunnenbrunnen',285.19,0.0,2.0,19888.0,10058.000000000002,36142.46463235457,4295.795543572071,0.0,4.0,0.0,3184.66690887825,0.0,0.0,0.0,429.57955435720714,429.57955435720714,9830.0,31846.6690887825,4.0,3184.66690887825,0.0,0.0
S37,'Zollfeld',293.91,0.0,2.0,10058.0,10058.0,17382.606338754165,17382.606338754165,1.0,3.0,3.0,2167.840188232624,2167.840188232624,429.57955435720714,429.57955435720714,0.0,0.0,0.0,0.0,0.0,0.0,0.0,0.0
S5,'Zaina',6.3,0.0,2.0,17736.0,17736.0,22057.74265192454,22057.74265192454,0.0,0.0,0.0,0.0,0.0,0.0,0.0,2205.774265192454,2205.774265192454,0.0,0.0,0.0,0.0,0.0,0.0
S5,'Grafenwörth',32.85,2.0,0.0,24240.0,12017.0,92944.80421055126,63800.34208286393,1.0,12.0,9.0,11500.254686247581,8585.808473478848,2205.774265192454,2205.774265192454,0.0,0.0,12223.0,29144.46212768733,3.0,2914.446212768733,0.0,0.0
S6,'Natschbach',3.22,2.0,0.0,28895.0,14441.0,49805.03843322329,7829.400123642268,0.0,1.0,0.0,1000.0,0.0,0.0,0.0,3980.5038433223294,782.9400123642268,14454.000000000002,41975.63830958102,1.0,1000.0,0.0,3197.5638309581027
S6,'Gloggnitz Süd',17.81,1.0,2.0,7935.5,0.0,9081.297254301347,0.0,0.0,0.0,0.0,0.0,0.0,3197.5638309581027,0.0,4105.693556388238,0.0,7935.5,9081.297254301347,0.0,0.0,3197.5638309581027,4105.693556388238
S6,'Gloggnitz Nord',18.44,0.0,2.0,8009.0,8009.0,24242.62115602437,24242.62115602437,0.0,0.0,0.0,0.0,0.0,782.9400123642268,782.9400123642268,3207.2021279666637,3207.2021279666637,0.0,0.0,0.0,0.0,0.0,0.0
S6,'Schottwien',23.57,2.0,0.0,15944.5,8009.0,47842.38487070686,8181.6019594493055,1.0,12.0,4.0,10647.071094194867,3525.9374876152497,7312.895684354902,3207.2021279666637,1450.0630772307195,499.42483629634444,7935.5,39660.78291125756,8.0,7121.133606579619,4105.693556388238,950.6382409343751
S6,'Schwöbing Nord',48.55,0.0,0.0,9945.0,9945.0,49668.15156439487,49668.15156439487,1.0,3.0,3.0,3000.0,3000.0,499.42483629634444,499.42483629634444,2466.239992735832,2466.239992735832,0.0,0.0,0.0,0.0,0.0,0.0
S6,'Schwöbing Süd',48.57,1.0,0.0,9757.0,0.0,46526.20864062981,0.0,0.0,0.0,0.0,0.0,0.0,950.6382409343751,0.0,5603.259104997356,0.0,9757.0,46526.20864062981,0.0,0.0,950.6382409343751,5603.259104997356
S6,'St. Marein',68.99,0.0,0.0,12864.0,12864.0,52521.60007264168,52521.60007264168,0.0,0.0,0.0,0.0,0.0,2466.239992735832,2466.239992735832,7718.400000000001,7718.400000000001,0.0,0.0,0.0,0.0,0.0,0.0
S6,'Kapfenberg Nord',72.03,0.0,2.0,12864.0,12864.0,7831.345796296708,7831.345796296708,1.0,9.0,9.0,8501.534579629671,8501.534579629671,7718.400000000001,7718.400000000001,0.0,0.0,0.0,0.0,0.0,0.0,0.0,0.0
S6,'Kapfenberg Süd',72.45,1.0,1.0,12893.5,0.0,83967.40895002644,0.0,1.0,14.0,0.0,14000.0,0.0,5603.259104997356,0.0,0.0,0.0,12893.5,83967.40895002644,14.0,14000.0,5603.259104997356,0.0
