Time of calculation: 20210915-134852; value of objective: 12468.538675398726;  acc=20;  ec=0.25;  e_tax=0.15;  cfix=50000;  cvar=10000;  eta=0.011;  hours_of_constant_charging=20;  i=0.05;  T=10
highway,name,asfinag_position,direction,asfinag_type,traffic_flow,traffic_flow_0,traffic_flow_1,energy_demand,energy_demand_0,energy_demand_1,pXi_dir,pYi_dir,pYi_dir_0,pYi_dir_1,pE_charged,pE_charged_0,pE_charged_1,pE_input,pE_input_0,pE_input_1,pE_output,pE_output_0,pE_output_1
A1,'Parkplatz Großraum’,27.42,2.0,2.0,25490.00000000002,12193.00000000001,13297.00000000001,59974.325349551335,45433.23590445468,14541.089445096652,0.0,0.0,0.0,0.0,0.0,0.0,0.0,0.0,0.0,0.0,659.7175788450646,499.76559494900147,159.95198389606315
A1,'Steinhäusl',32.7,2.0,0.0,63195.99999999913,31485.99999999933,31709.9999999998,111561.50482266714,34431.882550071685,77129.62227259546,0.0,0.0,0.0,0.0,0.0,0.0,0.0,659.7175788450646,499.76559494900147,159.95198389606315,1886.8941318944032,878.51630299979,1008.3778288946132
A1,'Kesselhof',44.88,1.0,1.0,30234.999996719125,0.0,30234.999996719125,109130.95569981833,0.0,109130.95569981833,0.0,0.0,0.0,0.0,0.0,0.0,0.0,1008.3778288946132,0.0,1008.3778288946132,2208.818341592615,0.0,2208.818341592615
A1,'Kirchstetten',44.88,0.0,1.0,29897.99999542764,29897.99999542764,0.0,72732.0809427628,72732.0809427628,0.0,0.0,0.0,0.0,0.0,0.0,0.0,0.0,878.51630299979,878.51630299979,0.0,1678.5691933701808,1678.5691933701808,0.0
A1,'St. Pölten',62.9,2.0,0.0,71148.0,35583.0,35565.0,227454.84943410664,128422.41740026572,99032.43203384092,0.0,0.0,0.0,0.0,0.0,0.0,0.0,3887.387534962796,1678.5691933701808,2208.818341592615,6389.390878737969,3091.2157847731037,3298.175093964865
A1,'Schallaburg',76.81,1.0,1.0,29188.0,0.0,29188.0,136934.36037638868,0.0,136934.36037638868,0.0,0.0,0.0,0.0,0.0,0.0,0.0,3298.175093964865,0.0,3298.175093964865,4804.45305810514,0.0,4804.45305810514
A1,'Roggendorf',76.82,0.0,1.0,28377.0,28377.0,0.0,78562.33219617409,78562.33219617409,0.0,0.0,0.0,0.0,0.0,0.0,0.0,0.0,3091.2157847731037,3091.2157847731037,0.0,3955.4014389310187,3955.4014389310187,0.0
A1,'Ornding',88.04,0.0,1.0,27048.0,27048.0,0.0,60488.07492270462,60488.07492270462,0.0,0.0,0.0,0.0,0.0,0.0,0.0,0.0,3955.4014389310187,3955.4014389310187,0.0,4620.770263080769,4620.770263080769,0.0
A1,'Ybbs',100.32,1.0,0.0,27161.40445083877,0.0,27161.40445083877,104129.25066774894,0.0,104129.25066774894,0.0,0.0,0.0,0.0,0.0,0.0,0.0,4804.45305810514,0.0,4804.45305810514,5949.874815450379,0.0,5949.874815450379
A1,'Kemmelbach',101.38,0.0,0.0,26898.000000000207,26898.000000000207,0.0,72226.10016870651,72226.10016870651,0.0,0.0,0.0,0.0,0.0,0.0,0.0,0.0,4620.770263080769,4620.770263080769,0.0,5415.25736493654,5415.25736493654,0.0
A1,'Viehdorf',118.17,0.0,1.0,25545.0,25545.0,0.0,92117.57063469278,92117.57063469278,0.0,0.0,0.0,0.0,0.0,0.0,0.0,0.0,5415.25736493654,5415.25736493654,0.0,6428.550641918161,6428.550641918161,0.0
A1,'Amstetten',119.36,1.0,1.0,25407.0,0.0,25407.0,56128.53142795883,0.0,56128.53142795883,0.0,0.0,0.0,0.0,0.0,0.0,0.0,5949.874815450379,0.0,5949.874815450379,6567.288661157926,0.0,6567.288661157926
A1,'Parkplatz Zeillern’,124.31,0.0,2.0,24685.0,24685.0,0.0,24100.57479449837,24100.57479449837,0.0,0.0,0.0,0.0,0.0,0.0,0.0,0.0,6428.550641918161,6428.550641918161,0.0,6693.656964657643,6693.656964657643,0.0
A1,'Oed',130.52,1.0,2.0,26849.69206306653,0.0,26849.69206306653,69822.67372138443,0.0,69822.67372138443,0.0,0.0,0.0,0.0,0.0,0.0,0.0,6567.288661157926,0.0,6567.288661157926,7335.338072093155,0.0,7335.338072093155
A1,'Strengberg',136.0,0.0,0.0,25773.0,25773.0,0.0,60567.28709144443,60567.28709144443,0.0,0.0,0.0,0.0,0.0,0.0,0.0,0.0,6693.656964657643,6693.656964657643,0.0,7359.897122663531,7359.897122663531,0.0
A1,'Haag',143.54,1.0,0.0,28172.0,0.0,28172.0,72532.38382040594,0.0,72532.38382040594,0.0,0.0,0.0,0.0,0.0,0.0,0.0,7335.338072093155,0.0,7335.338072093155,8133.19429411762,0.0,8133.19429411762
A1,'Ennsblick',147.1,0.0,2.0,27181.0,27181.0,0.0,59900.9099344678,59900.9099344678,0.0,0.0,0.0,0.0,0.0,0.0,0.0,0.0,7359.897122663531,7359.897122663531,0.0,8018.807131942677,8018.807131942677,0.0
A1,'Parkplatz Ennsdorf’,152.88,0.0,2.0,26232.408315204048,26232.408315204048,0.0,30328.56812345904,30328.56812345904,0.0,0.0,0.0,0.0,0.0,0.0,0.0,0.0,8018.807131942677,8018.807131942677,0.0,8352.421381300726,8352.421381300726,0.0
A1,'Enns Süd',156.19,1.0,1.0,29648.737115098505,0.0,29648.737115098505,86236.6993060754,0.0,86236.6993060754,0.0,0.0,0.0,0.0,0.0,0.0,0.0,8133.19429411762,0.0,8133.19429411762,9081.79798648445,0.0,9081.79798648445
A1,'Enns Nord',156.79,0.0,1.0,29791.88732837659,29791.88732837659,0.0,22744.768825614865,22744.768825614865,0.0,0.0,0.0,0.0,0.0,0.0,0.0,0.0,8352.421381300726,8352.421381300726,0.0,8602.61383838249,8602.61383838249,0.0
A1,'Ansfelden Süd',170.93,1.0,0.0,46681.64620523784,0.0,46681.64620523784,108599.64670259466,0.0,108599.64670259466,0.0,0.0,0.0,0.0,0.0,0.0,0.0,9081.79798648445,0.0,9081.79798648445,10276.39410021299,0.0,10276.39410021299
A1,'Ansfelden Nord',171.01,0.0,0.0,48225.58896718505,48225.58896718505,0.0,137729.45647842763,137729.45647842763,0.0,0.0,0.0,0.0,0.0,0.0,0.0,0.0,8602.61383838249,8602.61383838249,0.0,10117.637859645192,10117.637859645192,0.0
A1,'Allhaming Süd',182.59,1.0,1.0,22273.0,0.0,22273.0,132032.00498622254,0.0,132032.00498622254,0.0,0.0,0.0,0.0,0.0,0.0,0.0,10276.39410021299,0.0,10276.39410021299,11728.746155061439,0.0,11728.746155061439
A1,'Allhaming Nord',182.6,0.0,1.0,22478.0,22478.0,0.0,52074.59618392183,52074.59618392183,0.0,0.0,0.0,0.0,0.0,0.0,0.0,0.0,10117.637859645192,10117.637859645192,0.0,10690.458417668333,10690.458417668333,0.0
A1,'Lindach Nord',212.26,0.0,0.0,24091.0,24091.0,0.0,143292.1869458095,143292.1869458095,0.0,0.0,0.0,0.0,0.0,0.0,0.0,0.0,10690.458417668333,10690.458417668333,0.0,12266.672474072237,12266.672474072237,0.0
A1,'Lindach Süd',212.27,1.0,0.0,24205.0,0.0,24205.0,88500.71292866017,0.0,88500.71292866017,0.0,0.0,0.0,0.0,0.0,0.0,0.0,11728.746155061439,0.0,11728.746155061439,12702.2539972767,0.0,12702.2539972767
A1,'Hainbach Süd',230.7,1.0,1.0,16641.0,0.0,16641.0,43626.88664048988,0.0,43626.88664048988,0.0,0.0,0.0,0.0,0.0,0.0,0.0,12702.2539972767,0.0,12702.2539972767,13182.149750322089,0.0,13182.149750322089
A1,'Hainbach Nord',230.72,0.0,1.0,15023.0,15023.0,0.0,55447.073726717535,55447.073726717535,0.0,0.0,0.0,0.0,0.0,0.0,0.0,0.0,12266.672474072237,12266.672474072237,0.0,12876.59028506613,12876.59028506613,0.0
A1,'Straß',243.67,1.0,1.0,16828.67483549712,0.0,16828.67483549712,52286.93331258195,0.0,52286.93331258195,0.0,0.0,0.0,0.0,0.0,0.0,0.0,13182.149750322089,0.0,13182.149750322089,13757.30601676049,0.0,13757.30601676049
A1,'Wildenhag Nord',243.76,0.0,2.0,17111.546808170722,17111.546808170722,0.0,44396.07377615938,44396.07377615938,0.0,0.0,0.0,0.0,0.0,0.0,0.0,0.0,12876.59028506613,12876.59028506613,0.0,13364.947096603883,13364.947096603883,0.0
A1,'Oberwang',251.03,0.0,1.0,15727.0,15727.0,0.0,23256.052200310536,23256.052200310536,0.0,0.0,0.0,0.0,0.0,0.0,0.0,0.0,13364.947096603883,13364.947096603883,0.0,13620.763670807299,13620.763670807299,0.0
A1,'Mondsee',259.23,2.0,0.0,31060.001681777,15727.000882328592,15333.000799448411,60471.650280389,25342.39533715945,35129.25494322955,0.0,0.0,0.0,0.0,0.0,0.0,0.0,27378.06968756779,13620.763670807299,13757.30601676049,28043.25784065207,13899.530019516053,14143.727821136015
A1,‘Parkplatz Ölgraben’,268.98,0.0,2.0,18793.0,18793.0,0.0,36691.95858378413,36691.95858378413,0.0,0.0,0.0,0.0,0.0,0.0,0.0,0.0,13899.530019516053,13899.530019516053,0.0,14303.141563937677,14303.141563937677,0.0
A1,'Vetterbach',270.63,1.0,2.0,18111.0,0.0,18111.0,24972.45872010481,0.0,24972.45872010481,0.0,0.0,0.0,0.0,0.0,0.0,0.0,14143.727821136015,0.0,14143.727821136015,14418.424867057169,0.0,14418.424867057169
A1,'Enzersberg',274.82,0.0,2.0,21891.999995182963,21891.999995182963,0.0,25643.70256417291,25643.70256417291,0.0,0.0,0.0,0.0,0.0,0.0,0.0,0.0,14303.141563937677,14303.141563937677,0.0,14585.222292143579,14585.222292143579,0.0
A1,'Salzburger Vorland',277.55,1.0,2.0,21776.0,0.0,21776.0,38740.09283187224,0.0,38740.09283187224,0.0,0.0,0.0,0.0,0.0,0.0,0.0,14418.424867057169,0.0,14418.424867057169,14844.565888207764,0.0,14844.565888207764
A1,'Söllheim',286.46,1.0,0.0,28864.537464121862,0.0,28864.537464121862,82339.63927517904,0.0,82339.63927517904,0.0,0.0,0.0,0.0,0.0,0.0,0.0,14844.565888207764,0.0,14844.565888207764,15750.301920234733,0.0,15750.301920234733
A1,'Kasern',287.89,0.0,0.0,38922.8495638266,38922.8495638266,0.0,101432.70404041585,101432.70404041585,0.0,0.0,0.0,0.0,0.0,0.0,0.0,0.0,14585.222292143579,14585.222292143579,0.0,15700.982036588153,15700.982036588153,0.0
A1,'Walserberg Süd',300.71,1.0,0.0,14880.00000000295,0.0,14880.00000000295,866.4299233497069,0.0,866.4299233497069,1.0,16.0,0.0,16.0,15759.83264939158,0.0,15759.83264939158,15750.301920234733,0.0,15750.301920234733,0.0,0.0,0.0
A1,'Walserberg Nord',300.73,0.0,0.0,12964.000000008587,12964.000000008587,0.0,33079.84748626592,33079.84748626592,0.0,1.0,17.0,17.0,0.0,16064.860358937078,16064.860358937078,0.0,15700.982036588153,15700.982036588153,0.0,0.0,0.0,0.0
A10,'Glanegg/West',4.28,0.0,2.0,30225.0,30225.0,0.0,10702.59495982983,10702.59495982983,0.0,0.0,0.0,-0.0,0.0,0.0,0.0,0.0,0.0,0.0,0.0,117.72854455812812,117.72854455812812,0.0
A10,'Untersberg/Ost',4.37,1.0,2.0,30061.0,0.0,30061.0,79010.53992075186,0.0,79010.53992075186,0.0,0.0,0.0,-0.0,0.0,0.0,0.0,0.0,0.0,0.0,869.1159391282705,0.0,869.1159391282705
A10,'Bruderloch',17.53,1.0,2.0,24652.0,0.0,24652.0,55144.78387577903,0.0,55144.78387577903,0.0,0.0,0.0,0.0,0.0,0.0,0.0,869.1159391282705,0.0,869.1159391282705,1475.7085617618397,0.0,1475.7085617618397
A10,'Golling Ost',28.76,1.0,0.0,19647.00094772099,0.0,19647.00094772099,83619.98278708411,0.0,83619.98278708411,0.0,0.0,0.0,0.0,0.0,0.0,0.0,1475.7085617618397,0.0,1475.7085617618397,2395.5283724197648,0.0,2395.5283724197648
A10,'Golling West',28.82,0.0,0.0,19875.000668287423,19875.000668287423,0.0,97340.81805238585,97340.81805238585,0.0,0.0,0.0,0.0,0.0,0.0,0.0,0.0,117.72854455812812,117.72854455812812,0.0,1188.4775431343724,1188.4775431343724,0.0
A10,'Werfen',40.34,0.0,2.0,19354.0,19354.0,0.0,44743.31804657062,44743.31804657062,0.0,0.0,0.0,0.0,0.0,0.0,0.0,0.0,1188.4775431343724,1188.4775431343724,0.0,1680.6540416466491,1680.6540416466491,0.0
A10,'Klausgraben West’,50.01,0.0,2.0,16224.0,16224.0,0.0,31431.033067450226,31431.033067450226,0.0,0.0,0.0,0.0,0.0,0.0,0.0,0.0,1680.6540416466491,1680.6540416466491,0.0,2026.3954053886016,2026.3954053886016,0.0
A10,'Klausgraben Ost’,50.01,1.0,2.0,16076.0,0.0,16076.0,29740.34522214243,0.0,29740.34522214243,0.0,0.0,0.0,0.0,0.0,0.0,0.0,2395.5283724197648,0.0,2395.5283724197648,2722.6721698633314,0.0,2722.6721698633314
A10,'Eben Süd',59.21,2.0,0.0,31555.3674870556,15997.416619605658,15557.95086744994,63864.366982730906,73.98398827676816,63790.382994454136,0.0,0.0,0.0,0.0,0.0,0.0,0.0,4749.067575251933,2026.3954053886016,2722.6721698633314,5451.575612061973,2027.209229259646,3424.366382802327
A10,'Eben Nord',59.32,2.0,0.0,31554.16119307871,15997.1632592005,15556.997933878209,29667.927073449984,29595.979909721613,71.94716372837226,0.0,0.0,0.0,0.0,0.0,0.0,0.0,5451.575612061973,2027.209229259646,3424.366382802327,5777.922809869922,2352.7650082665837,3425.157801603339
A10,'Rohr',71.25,0.0,2.0,10976.0,10976.0,0.0,26372.39981658969,26372.39981658969,0.0,0.0,0.0,0.0,0.0,0.0,0.0,0.0,2352.7650082665837,2352.7650082665837,0.0,2642.86140624907,2642.86140624907,0.0
A10,'Tauernalm',79.79,2.0,0.0,21522.867721662667,10903.654559151322,10619.213162511343,62621.10903795498,18508.36211902574,44112.74691892924,0.0,0.0,0.0,0.0,0.0,0.0,0.0,6068.019207852409,2642.86140624907,3425.157801603339,6756.8514072699145,2846.453389558353,3910.398017711561
A10,'Lungau',97.91,0.0,0.0,10877.0,10877.0,0.0,39524.43281357246,39524.43281357246,0.0,0.0,0.0,0.0,0.0,0.0,0.0,0.0,2846.453389558353,2846.453389558353,0.0,3281.22215050765,3281.22215050765,0.0
A10,'Lanschütz',100.6,1.0,1.0,10558.5,0.0,10558.5,33491.70982869735,0.0,33491.70982869735,0.0,0.0,0.0,0.0,0.0,0.0,0.0,3910.398017711561,0.0,3910.398017711561,4278.8068258272315,0.0,4278.8068258272315
A10,'Rennweg',112.45,0.0,2.0,6878.0,6878.0,0.0,19876.6578731468,19876.6578731468,0.0,0.0,0.0,0.0,0.0,0.0,0.0,0.0,3281.22215050765,3281.22215050765,0.0,3499.8653871122647,3499.8653871122647,0.0
A10,'Ried’,116.47,1.0,2.0,7303.0,0.0,7303.0,13765.2894082998,0.0,13765.2894082998,0.0,0.0,0.0,0.0,0.0,0.0,0.0,4278.8068258272315,0.0,4278.8068258272315,4430.225009318529,0.0,4430.225009318529
A10,'Eisentratten',125.92,2.0,0.0,14180.999999999998,6877.999999999999,7302.999999999999,41606.555089056084,18483.210735025867,23123.34435403022,0.0,0.0,0.0,0.0,0.0,0.0,0.0,7930.0903964307945,3499.8653871122647,4430.225009318529,8387.76250241041,3703.1807051975493,4684.581797212862
A10,'Seeboden',141.72,1.0,2.0,14455.0,0.0,14455.0,36156.364361422005,0.0,36156.364361422005,0.0,0.0,0.0,0.0,0.0,0.0,0.0,4684.581797212862,0.0,4684.581797212862,5082.301805188504,0.0,5082.301805188504
A10,'Wolfsberg',142.25,0.0,2.0,14500.0,14500.0,0.0,47498.89492913899,47498.89492913899,0.0,0.0,0.0,0.0,0.0,0.0,0.0,0.0,3703.1807051975493,3703.1807051975493,0.0,4225.668549418078,4225.668549418078,0.0
A10,'Kamering',154.29,1.0,2.0,14749.703862513728,0.0,14749.703862513728,22698.628013917983,0.0,22698.628013917983,0.0,0.0,0.0,0.0,0.0,0.0,0.0,5082.301805188504,0.0,5082.301805188504,5331.986713341601,0.0,5331.986713341601
A10,'Feistritz an der Drau',162.01,2.0,0.0,29679.0,14929.0,14750.0,122093.03941770014,58681.72369671648,63411.31572098366,1.0,12.0,5.0,7.0,10900.678696354382,4871.167510081959,6029.511186272422,9557.65526275968,4225.668549418078,5331.986713341601,0.0,0.0,0.0
A11,'St. Niklas/Nord',2.11,1.0,2.0,7502.999999999997,0.0,7502.999999999997,10409.086151425912,0.0,10409.086151425912,0.0,0.0,0.0,-0.0,0.0,0.0,0.0,0.0,0.0,0.0,114.49994766568503,0.0,114.49994766568503
A11,'Rosegg',9.04,2.0,0.0,9108.5,4306.5,4802.0,19444.03423128799,7806.040740767851,11637.99349052014,1.0,2.0,1.0,1.0,328.38432420985293,85.86644814844635,242.51787606140658,114.49994766568503,0.0,114.49994766568503,0.0,0.0,0.0
A12,'Langkampfen Süd',9.32,1.0,2.0,11349.585916642443,0.0,11349.585916642443,27244.807627465096,0.0,27244.807627465096,0.0,0.0,0.0,-0.0,0.0,0.0,0.0,0.0,0.0,0.0,299.692883902116,0.0,299.692883902116
A12,'Angath Süd',14.1,2.0,0.0,39222.99999999994,19907.99999999997,19314.99999999997,56148.10872631689,56144.28825076325,3.820475553634762,0.0,0.0,-0.0,-0.0,0.0,0.0,0.0,299.692883902116,0.0,299.692883902116,917.3220798916018,617.5871707583957,299.73490913320603
A12,'Angath Nord',14.22,2.0,0.0,39222.99999999994,19907.99999999997,19314.99999999997,86003.9180407436,3.93776998818332,85999.98027075542,0.0,0.0,-0.0,0.0,0.0,0.0,0.0,917.3220798916018,617.5871707583957,299.73490913320603,1863.3651783397813,617.6304862282657,1245.7346921115156
A12,'Münster Nord',35.71,0.0,1.0,18334.0,18334.0,0.0,79565.35290639894,79565.35290639894,0.0,0.0,0.0,0.0,0.0,0.0,0.0,0.0,617.6304862282657,617.6304862282657,0.0,1492.849368198654,1492.849368198654,0.0
A12,'Münster Süd',36.25,1.0,1.0,18162.0,0.0,18162.0,51027.0984567292,0.0,51027.0984567292,0.0,0.0,0.0,0.0,0.0,0.0,0.0,1245.7346921115156,0.0,1245.7346921115156,1807.032775135537,0.0,1807.032775135537
A12,'Vomp',50.47,1.0,0.0,24431.999999991072,0.0,24431.999999991072,22234.356307397185,0.0,22234.356307397185,0.0,0.0,0.0,0.0,0.0,0.0,0.0,1807.032775135537,0.0,1807.032775135537,2051.610694516906,0.0,2051.610694516906
A12,'Weer',54.8,0.0,0.0,24110.000189607712,24110.000189607712,0.0,91922.39487971723,91922.39487971723,0.0,0.0,0.0,0.0,0.0,0.0,0.0,0.0,1492.849368198654,1492.849368198654,0.0,2503.9957118755437,2503.9957118755437,0.0
A12,'Weer Süd',55.0,1.0,1.0,24141.001987531265,0.0,24141.001987531265,44418.90300224888,0.0,44418.90300224888,0.0,0.0,0.0,0.0,0.0,0.0,0.0,2051.610694516906,0.0,2051.610694516906,2540.2186275416434,0.0,2540.2186275416434
A12,'Volders/Karlskirche',64.18,1.0,2.0,27543.0,0.0,27543.0,89230.87375309618,0.0,89230.87375309618,0.0,0.0,0.0,0.0,0.0,0.0,0.0,2540.2186275416434,0.0,2540.2186275416434,3521.7582388257015,0.0,3521.7582388257015
A12,'Hall in Tirol',66.28,0.0,2.0,28148.000000002427,28148.000000002427,0.0,63926.9286125208,63926.9286125208,0.0,0.0,0.0,0.0,0.0,0.0,0.0,0.0,2503.9957118755437,2503.9957118755437,0.0,3207.1919266132727,3207.1919266132727,0.0
A12,'Ampaß',72.07,0.0,0.0,35539.999996608014,35539.999996608014,0.0,42439.32195018204,42439.32195018204,0.0,0.0,0.0,0.0,0.0,0.0,0.0,0.0,3207.1919266132727,3207.1919266132727,0.0,3674.024468065275,3674.024468065275,0.0
A12,'Sieglanger',80.39,1.0,2.0,31124.793431490507,0.0,31124.793431490507,96002.72792907088,0.0,96002.72792907088,0.0,0.0,0.0,0.0,0.0,0.0,0.0,3521.7582388257015,0.0,3521.7582388257015,4577.788246045481,0.0,4577.788246045481
A12,'Kematen',86.01,0.0,2.0,27475.052704552163,27475.052704552163,0.0,75774.45683256471,75774.45683256471,0.0,0.0,0.0,0.0,0.0,0.0,0.0,0.0,3674.024468065275,3674.024468065275,0.0,4507.543493223487,4507.543493223487,0.0
A12,'Zirl-Inzing',91.77,0.0,1.0,20799.0,20799.0,0.0,24661.258850671245,24661.258850671245,0.0,0.0,0.0,0.0,0.0,0.0,0.0,0.0,4507.543493223487,4507.543493223487,0.0,4778.81734058087,4778.81734058087,0.0
A12,'Pettnau',95.81,2.0,0.0,37922.0,18889.0,19033.0,43167.59505459553,14638.245573299051,28529.34948129648,0.0,0.0,0.0,0.0,0.0,0.0,0.0,9356.605586626352,4778.81734058087,4577.788246045481,9831.449132226902,4939.83804188716,4891.611090339742
A12,'Telfs Süd',103.3,1.0,2.0,13364.77793940206,0.0,13364.77793940206,40593.43969968221,0.0,40593.43969968221,0.0,0.0,0.0,0.0,0.0,0.0,0.0,4891.611090339742,0.0,4891.611090339742,5338.138927036246,0.0,5338.138927036246
A12,'Telfs Nord',103.33,0.0,2.0,14213.46393941228,14213.46393941228,0.0,21325.917954749177,21325.917954749177,0.0,0.0,0.0,0.0,0.0,0.0,0.0,0.0,4939.83804188716,4939.83804188716,0.0,5174.4231393894015,5174.4231393894015,0.0
A12,'Haiming Süd',118.5,1.0,2.0,10702.0,0.0,10702.0,32071.449465739544,0.0,32071.449465739544,0.0,0.0,0.0,0.0,0.0,0.0,0.0,5338.138927036246,0.0,5338.138927036246,5690.924871159381,0.0,5690.924871159381
A12,'Imst Süd',133.49,1.0,2.0,9240.0,0.0,9240.0,3679.211043329945,0.0,3679.211043329945,0.0,0.0,0.0,0.0,0.0,0.0,0.0,5690.924871159381,0.0,5690.924871159381,5731.396192636011,0.0,5731.396192636011
A12,'Imst Nord',133.84,0.0,2.0,10262.0,10262.0,0.0,62601.679390679135,62601.679390679135,0.0,0.0,0.0,0.0,0.0,0.0,0.0,0.0,5174.4231393894015,5174.4231393894015,0.0,5863.041612686872,5863.041612686872,0.0
A12,'Mils',135.51,2.0,0.0,19502.000000000833,10262.00000000003,9240.000000000804,21880.454342200468,3391.5819084364844,18488.872433763983,1.0,12.0,6.0,6.0,10998.80191783916,5064.028128431746,5934.773789407414,11594.437805322883,5863.041612686872,5731.396192636011,836.3208852479277,836.3208852479277,0.0
A12,'Kronburg Zams',142.7,0.0,2.0,10312.0,10312.0,0.0,14879.919522915665,14879.919522915665,0.0,1.0,1.0,1.0,0.0,1000.0,1000.0,0.0,836.3208852479277,836.3208852479277,0.0,0.0,0.0,0.0
A13,'Patsch',6.24,0.0,2.0,21023.0,21023.0,0.0,26094.725326847616,26094.725326847616,0.0,0.0,0.0,-0.0,0.0,0.0,0.0,0.0,0.0,0.0,0.0,287.04197859532377,287.04197859532377,0.0
A13,'Europabrücke',8.27,2.0,0.0,41638.0,21023.0,20615.0,32388.526624106256,8452.295186301024,23936.231437805232,0.0,0.0,-0.0,-0.0,0.0,0.0,0.0,287.04197859532377,287.04197859532377,0.0,643.3157714604926,380.017225644635,263.29854581585755
A13,'Gschleirs',14.05,1.0,2.0,14822.0,0.0,14822.0,8546.704281737584,0.0,8546.704281737584,0.0,0.0,0.0,-0.0,0.0,0.0,0.0,263.29854581585755,0.0,263.29854581585755,357.31229291497095,0.0,357.31229291497095
A13,'Matrei West',16.79,0.0,0.0,15161.0,15161.0,0.0,25846.426928735076,25846.426928735076,0.0,0.0,0.0,0.0,0.0,0.0,0.0,0.0,380.017225644635,380.017225644635,0.0,664.3279218607208,664.3279218607208,0.0
A13,'Matrei Ost',16.95,2.0,0.0,29983.0,15161.0,14822.0,16734.882296516167,499.30355502003806,16235.578741496129,0.0,0.0,0.0,0.0,0.0,0.0,0.0,1021.6402147756918,664.3279218607208,357.31229291497095,1205.7239200373697,669.8202609659412,535.9036590714284
A13,'Wipptalerhof Ost',22.41,1.0,2.0,10896.000000000471,0.0,10896.000000000471,2559.258804024997,0.0,2559.258804024997,0.0,0.0,0.0,0.0,0.0,0.0,0.0,535.9036590714284,0.0,535.9036590714284,564.0555059157033,0.0,564.0555059157033
A13,'Wipptalerhof West',22.56,0.0,2.0,11615.000000000608,11615.000000000608,0.0,13021.650439480618,13021.650439480618,0.0,0.0,0.0,0.0,0.0,0.0,0.0,0.0,669.8202609659412,669.8202609659412,0.0,813.058415800228,813.058415800228,0.0
A13,'Plon',23.61,1.0,2.0,10896.000000525348,0.0,10896.000000525348,9061.729580812602,0.0,9061.729580812602,0.0,0.0,0.0,-0.0,0.0,0.0,0.0,564.0555059157033,0.0,564.0555059157033,663.7345313046419,0.0,663.7345313046419
A13,'Nößlach',26.91,2.0,1.0,23614.71960011509,12027.916375220364,11586.803224894727,15947.459093046333,12518.668085194196,3428.7910078521363,0.0,0.0,0.0,-0.0,0.0,0.0,0.0,1476.7929471048699,813.058415800228,663.7345313046419,1652.2149971283795,950.7637647373641,701.4512323910154
A13,'Gries Ost',29.15,1.0,0.0,11601.99774413572,0.0,11601.99774413572,11387.01827145676,0.0,11387.01827145676,0.0,0.0,0.0,-0.0,0.0,0.0,0.0,701.4512323910154,0.0,701.4512323910154,826.7084333770398,0.0,826.7084333770398
A13,'Gries West',29.54,0.0,0.0,12036.99974796117,12036.99974796117,0.0,4238.013247571624,4238.013247571624,0.0,0.0,0.0,0.0,0.0,0.0,0.0,0.0,950.7637647373641,950.7637647373641,0.0,997.381910460652,997.381910460652,0.0
A13,'Brennersee - Fröhlich',32.6,0.0,2.0,12036.999999999998,12036.999999999998,0.0,7411.89807862851,7411.89807862851,0.0,0.0,0.0,0.0,0.0,0.0,0.0,0.0,997.381910460652,997.381910460652,0.0,1078.9127893255652,1078.9127893255652,0.0
A13,'Brennersee',33.44,0.0,0.0,12037.0,12037.0,0.0,1996.4183022148509,1996.4183022148509,0.0,0.0,0.0,0.0,0.0,-4.885467205952511e-10,-4.885467205952511e-10,0.0,1078.9127893255652,1078.9127893255652,0.0,1100.8733906504174,1100.8733906504174,0.0
A13,'Brennerpaß',34.16,2.0,0.0,23639.0,12037.0,11602.0,2518.3592467820863,1729.6446040078497,788.7146427742366,1.0,3.0,2.0,1.0,1955.28377574206,1119.8994812945036,835.3842944475564,1927.581824027457,1100.8733906504174,826.7084333770398,0.0,0.0,0.0
A14,'Hörbranz’,0.0,2.0,1.0,11914.47538487758,11914.47538487758,0.0,580.5002038524873,580.5002038524873,0.0,0.0,0.0,-0.0,0.0,0.0,0.0,0.0,0.0,0.0,0.0,6.38550224237736,6.38550224237736,0.0
A14,'Dornbirn West',15.07,1.0,2.0,22722.01674582917,0.0,22722.01674582917,41625.83313129372,0.0,41625.83313129372,0.0,0.0,0.0,-0.0,0.0,0.0,0.0,0.0,0.0,0.0,457.8841644442309,0.0,457.8841644442309
A14,'Dornbirn Ost',15.27,0.0,2.0,22911.03673497288,22911.03673497288,0.0,67389.02531710501,67389.02531710501,0.0,0.0,0.0,-0.0,0.0,0.0,0.0,0.0,6.38550224237736,6.38550224237736,0.0,747.6647807305325,747.6647807305325,0.0
A14,'Hohenems',24.48,2.0,0.0,53333.40958305029,26852.092271153047,26481.317311897245,99887.79432069242,50177.24661686807,49710.54770382436,0.0,0.0,0.0,0.0,0.0,0.0,0.0,1205.5489451747635,747.6647807305325,457.8841644442309,2304.31468270238,1299.6144935160812,1004.7001891862989
A14,'Rankweil West',33.46,0.0,2.0,22794.137882745563,22794.137882745563,0.0,41099.967515634846,41099.967515634846,0.0,0.0,0.0,0.0,0.0,0.0,0.0,0.0,1299.6144935160812,1299.6144935160812,0.0,1751.7141361880647,1751.7141361880647,0.0
A14,'Rankweil Ost',33.82,1.0,2.0,21949.829570058195,0.0,21949.829570058195,56639.54196425326,0.0,56639.54196425326,0.0,0.0,0.0,0.0,0.0,0.0,0.0,1004.7001891862989,0.0,1004.7001891862989,1627.7351507930848,0.0,1627.7351507930848
A14,'Schlins West',46.72,0.0,2.0,13115.0,13115.0,0.0,35141.4430123402,35141.4430123402,0.0,1.0,3.0,3.0,0.0,2138.270009323807,2138.270009323807,0.0,1751.7141361880647,1751.7141361880647,0.0,0.0,0.0,0.0
A14,'Schlins Ost',46.85,1.0,2.0,13492.000000000002,0.0,13492.000000000002,22886.809608579704,0.0,22886.809608579704,0.0,0.0,0.0,0.0,0.0,0.0,0.0,1627.7351507930848,0.0,1627.7351507930848,1879.4900564874617,0.0,1879.4900564874617
A14,'Nüziders',55.2,1.0,2.0,13282.144454187755,0.0,13282.144454187755,16978.23001179592,0.0,16978.23001179592,1.0,3.0,0.0,3.0,2066.250586617217,0.0,2066.250586617217,1879.4900564874617,0.0,1879.4900564874617,0.0,0.0,0.0
A2,'Guntramsdorf',14.43,2.0,0.0,106539.0608322543,54671.885978190505,51867.17485406379,341487.5079237672,158457.9372379927,183029.57068577447,0.0,0.0,0.0,-0.0,0.0,0.0,0.0,0.0,0.0,0.0,3756.3625871614386,1743.0373096179196,2013.325277543519
A2,'Leobersdorf',32.08,1.0,1.0,39540.0,0.0,39540.0,56942.74699600472,0.0,56942.74699600472,0.0,0.0,0.0,0.0,0.0,0.0,0.0,2013.325277543519,0.0,2013.325277543519,2639.695494499571,0.0,2639.695494499571
A2,'Triestingtal',32.08,0.0,1.0,40445.0,40445.0,0.0,143069.6923848394,143069.6923848394,0.0,0.0,0.0,0.0,0.0,0.0,0.0,0.0,1743.0373096179196,1743.0373096179196,0.0,3316.803925851153,3316.803925851153,0.0
A2,'Föhrenberg',39.31,1.0,0.0,39539.98215618593,0.0,39539.98215618593,93778.97588690832,0.0,93778.97588690832,0.0,0.0,0.0,0.0,0.0,0.0,0.0,2639.695494499571,0.0,2639.695494499571,3671.2642292555624,0.0,3671.2642292555624
A2,'Bad Fischau',40.93,0.0,0.0,37535.00000001001,37535.00000001001,0.0,66634.96786186735,66634.96786186735,0.0,0.0,0.0,0.0,0.0,0.0,0.0,0.0,3316.803925851153,3316.803925851153,0.0,4049.788572331694,4049.788572331694,0.0
A2,'Steinfeld',50.35,0.0,1.0,32434.00031526797,32434.00031526797,0.0,59928.40402750363,59928.40402750363,0.0,0.0,0.0,0.0,0.0,0.0,0.0,0.0,4049.788572331694,4049.788572331694,0.0,4709.001016634234,4709.001016634234,0.0
A2,'Wr. Neustadt',51.18,1.0,1.0,31158.00000000052,0.0,31158.00000000052,64946.24580860265,0.0,64946.24580860265,0.0,0.0,0.0,-0.0,0.0,0.0,0.0,3671.2642292555624,0.0,3671.2642292555624,4385.672933150192,0.0,4385.672933150192
A2,'Witzelsberg',60.84,0.0,2.0,21168.0000351488,21168.0000351488,0.0,44783.30498303353,44783.30498303353,0.0,0.0,0.0,0.0,0.0,0.0,0.0,0.0,4709.001016634234,4709.001016634234,0.0,5201.617371447603,5201.617371447603,0.0
A2,'Gleissenfeld',61.52,1.0,2.0,18726.0,0.0,18726.0,64345.96758390275,0.0,64345.96758390275,0.0,0.0,0.0,0.0,0.0,0.0,0.0,4385.672933150192,0.0,4385.672933150192,5093.478576573122,0.0,5093.478576573122
A2,'Zöbern',78.76,2.0,0.0,34076.0,17853.0,16223.0,89918.35315876387,64008.58622397808,25909.766934785785,0.0,0.0,0.0,0.0,0.0,0.0,0.0,10295.095948020724,5201.617371447603,5093.478576573122,11284.197832767128,5905.711819911361,5378.486012855766
A2,'Schäffern Ost',86.7,1.0,1.0,16223.0,0.0,16223.0,36516.98737256819,0.0,36516.98737256819,0.0,0.0,0.0,0.0,0.0,0.0,0.0,5378.486012855766,0.0,5378.486012855766,5780.172873954016,0.0,5780.172873954016
A2,'Pinkafeld/Ost',97.98,1.0,2.0,14325.0,0.0,14325.0,21727.470606482195,0.0,21727.470606482195,0.0,0.0,0.0,0.0,0.0,0.0,0.0,5780.172873954016,0.0,5780.172873954016,6019.17505062532,0.0,6019.17505062532
A2,'Pinkafeld/West',98.0,0.0,2.0,15628.999999999998,15628.999999999998,0.0,60166.60979667192,60166.60979667192,0.0,0.0,0.0,0.0,0.0,0.0,0.0,0.0,5905.711819911361,5905.711819911361,0.0,6567.544527674752,6567.544527674752,0.0
A2,'Loipersdorf',105.5,2.0,0.0,27899.0,14612.0,13287.0,41927.32661100383,22138.85235466905,19788.474256334783,0.0,0.0,0.0,0.0,0.0,0.0,0.0,12586.719578300072,6567.544527674752,6019.17505062532,13047.920171021115,6811.071903576112,6236.848267445002
A2,'St. Johann/Süd',113.05,1.0,2.0,13287.000477266132,0.0,13287.000477266132,55839.64905204145,0.0,55839.64905204145,0.0,0.0,0.0,0.0,0.0,0.0,0.0,6236.848267445002,0.0,6236.848267445002,6851.084407017458,0.0,6851.084407017458
A2,'St. Johann/Nord',113.24,0.0,2.0,14612.067329295864,14612.067329295864,0.0,22243.9351941791,22243.9351941791,0.0,0.0,0.0,0.0,0.0,0.0,0.0,0.0,6811.071903576112,6811.071903576112,0.0,7055.755190712082,7055.755190712082,0.0
A2,'Hainersdorf',133.87,0.0,1.0,16034.999999999998,16034.999999999998,0.0,66144.33253637272,66144.33253637272,0.0,0.0,0.0,0.0,0.0,0.0,0.0,0.0,7055.755190712082,7055.755190712082,0.0,7783.342848612182,7783.342848612182,0.0
A2,'Bad Blumau',134.06,1.0,1.0,14879.0,0.0,14879.0,39913.51522050923,0.0,39913.51522050923,0.0,0.0,0.0,0.0,0.0,0.0,0.0,6851.084407017458,0.0,6851.084407017458,7290.13307444306,0.0,7290.13307444306
A2,'Ilztal/Nord ',147.5,1.0,2.0,16946.156088329964,0.0,16946.156088329964,22142.86453298605,0.0,22142.86453298605,0.0,0.0,0.0,0.0,0.0,0.0,0.0,7290.13307444306,0.0,7290.13307444306,7533.704584305906,0.0,7533.704584305906
A2,'Arnwiesen',154.1,2.0,0.0,36495.0010822289,19529.0004964994,16966.000585729496,135214.80430038154,78775.931104602,56438.87319577954,0.0,0.0,0.0,0.0,0.0,0.0,0.0,15317.047432918087,7783.342848612182,7533.704584305906,16804.410280222284,8649.878090762804,8154.532189459481
A2,'Laßnitzhöhe Nord',170.16,0.0,1.0,27470.0,27470.0,0.0,89210.41764080411,89210.41764080411,0.0,0.0,0.0,0.0,0.0,0.0,0.0,0.0,8649.878090762804,8649.878090762804,0.0,9631.192684811649,9631.192684811649,0.0
A2,'Laßnitzhöhe Süd',170.65,1.0,1.0,29743.0,0.0,29743.0,119872.94775894134,0.0,119872.94775894134,0.0,0.0,0.0,0.0,0.0,0.0,0.0,8154.532189459481,0.0,8154.532189459481,9473.134614807836,0.0,9473.134614807836
A2,'Kaiserwald',190.77,2.0,0.0,42649.00410506857,21967.00248080555,20682.001624263023,212311.14271654858,90269.44009665956,122041.70261988904,0.0,0.0,0.0,0.0,0.0,0.0,0.0,19104.327299619486,9631.192684811649,9473.134614807836,21439.749869501517,10624.156525874903,10815.593343626615
A2,'Herzogberg Nord',220.13,0.0,1.0,8807.00000002098,8807.00000002098,0.0,51848.951152018446,51848.951152018446,0.0,0.0,0.0,0.0,0.0,0.0,0.0,0.0,10624.156525874903,10624.156525874903,0.0,11194.494988547107,11194.494988547107,0.0
A2,'Herzogberg Süd',220.19,1.0,1.0,8120.999999999229,0.0,8120.999999999229,24362.120249568077,0.0,24362.120249568077,0.0,0.0,0.0,0.0,0.0,0.0,0.0,10815.593343626615,0.0,10815.593343626615,11083.576666371864,0.0,11083.576666371864
A2,'Pack',235.21,2.0,0.0,16928.0,8807.0,8120.999999999999,38160.3171582835,26540.01416042541,11620.302997858087,0.0,0.0,0.0,0.0,0.0,0.0,0.0,22278.07165491897,11194.494988547107,11083.576666371864,22697.83514366009,11486.435144311787,11211.399999348303
A2,'Twimberg Süd',242.34,1.0,2.0,9189.0,0.0,9189.0,32127.24787077568,0.0,32127.24787077568,0.0,0.0,0.0,0.0,0.0,0.0,0.0,11211.399999348303,0.0,11211.399999348303,11564.799725926836,0.0,11564.799725926836
A2,'Twimberg Nord',242.44,0.0,2.0,8465.0,8465.0,0.0,12179.507200753324,12179.507200753324,0.0,0.0,0.0,0.0,0.0,0.0,0.0,0.0,11486.435144311787,11486.435144311787,0.0,11620.409723520073,11620.409723520073,0.0
A2,'Fischering',259.85,1.0,2.0,10919.0,0.0,10919.0,19551.337675387487,0.0,19551.337675387487,0.0,0.0,0.0,0.0,0.0,0.0,0.0,11564.799725926836,0.0,11564.799725926836,11779.864440356097,0.0,11779.864440356097
A2,'St. Ändra',262.91,0.0,2.0,11358.00000168869,11358.00000168869,0.0,46444.591455370966,46444.591455370966,0.0,0.0,0.0,0.0,0.0,0.0,0.0,0.0,11620.409723520073,11620.409723520073,0.0,12131.300229529154,12131.300229529154,0.0
A2,'Gönitz/Süd',268.86,1.0,2.0,11607.0,0.0,11607.0,37377.39333079138,0.0,37377.39333079138,0.0,0.0,0.0,0.0,0.0,0.0,0.0,11779.864440356097,0.0,11779.864440356097,12191.015766994802,0.0,12191.015766994802
A2,'Gönitz/Nord',268.89,0.0,2.0,12420.0,12420.0,0.0,14890.993721836305,14890.993721836305,0.0,0.0,0.0,0.0,0.0,0.0,0.0,0.0,12131.300229529154,12131.300229529154,0.0,12295.101160469352,12295.101160469352,0.0
A2,'Haimburg Nord',279.17,0.0,2.0,10779.0,10779.0,0.0,21954.76010391007,21954.76010391007,0.0,0.0,0.0,0.0,0.0,0.0,0.0,0.0,12295.101160469352,12295.101160469352,0.0,12536.603521612364,12536.603521612364,0.0
A2,'Völkermarkt',285.09,2.0,0.0,21133.0,10779.0,10354.0,43435.933157851614,12657.478100764496,30778.45505708712,0.0,0.0,0.0,0.0,0.0,0.0,0.0,24727.619288607166,12536.603521612364,12191.015766994802,25205.414553343537,12675.835780720774,12529.57877262276
A2,'Grafenstein Nord',300.0,0.0,1.0,13362.0,13362.0,0.0,39644.441582321415,39644.441582321415,0.0,0.0,0.0,0.0,0.0,0.0,0.0,0.0,12675.835780720774,12675.835780720774,0.0,13111.92463812631,13111.92463812631,0.0
A2,'Grafenstein Süd',300.0,1.0,1.0,13587.999999999998,0.0,13587.999999999998,64499.09491933518,0.0,64499.09491933518,0.0,0.0,0.0,0.0,0.0,0.0,0.0,12529.57877262276,0.0,12529.57877262276,13239.068816735447,0.0,13239.068816735447
A2,'Krumpendorf/Nord',329.28,0.0,2.0,19027.00404912327,19027.00404912327,0.0,72939.3212153292,72939.3212153292,0.0,0.0,0.0,0.0,0.0,0.0,0.0,0.0,13111.92463812631,13111.92463812631,0.0,13914.25717149493,13914.25717149493,0.0
A2,'Karawankenblick/Süd',333.84,1.0,2.0,19384.999372588507,0.0,19384.999372588507,24175.820186266053,0.0,24175.820186266053,0.0,0.0,0.0,0.0,0.0,0.0,0.0,13239.068816735447,0.0,13239.068816735447,13505.002838784374,0.0,13505.002838784374
A2,'Wörthersee',340.13,2.0,0.0,38076.99999701492,19452.999998289542,18623.999998725383,75344.61920701242,42137.27856545779,33207.340641554634,0.0,0.0,0.0,0.0,0.0,0.0,0.0,27419.260010279304,13914.25717149493,13505.002838784374,28248.05082155644,14377.767235714966,13870.283585841475
A2,'Sternberg/Süd',349.01,1.0,2.0,19615.999955893047,0.0,19615.999955893047,0.0,0.0,0.0,0.0,0.0,0.0,-0.0,0.0,0.0,0.0,13870.283585841475,0.0,13870.283585841475,13870.283585841475,0.0,13870.283585841475
A2,'Sternberg/Nord',349.03,0.0,2.0,17176.999989573145,17176.999989573145,0.0,30590.1422357276,30590.1422357276,0.0,0.0,0.0,0.0,0.0,0.0,0.0,0.0,14377.767235714966,14377.767235714966,0.0,14714.258800307969,14714.258800307969,0.0
A2,'Federaun/Nord',361.73,0.0,2.0,16516.999999999996,16516.999999999996,0.0,41902.47823736397,41902.47823736397,0.0,0.0,0.0,0.0,0.0,0.0,0.0,0.0,14714.258800307969,14714.258800307969,0.0,15175.186060918973,15175.186060918973,0.0
A2,'Federaun/Süd',362.78,1.0,2.0,14962.999999991674,0.0,14962.999999991674,53969.28273959152,0.0,53969.28273959152,0.0,0.0,0.0,0.0,0.0,0.0,0.0,13870.283585841475,0.0,13870.283585841475,14463.945695976981,0.0,14463.945695976981
A2,'Dreiländereck Süd',374.17,2.0,0.0,29010.99995582863,9394.99999993558,19615.999955893047,73068.57514847351,23346.56263789885,49722.012510574656,0.0,0.0,0.0,-0.0,0.0,0.0,0.0,29639.131756895957,15175.186060918973,14463.945695976981,30442.886083529163,15431.998249935861,15010.887833593302
A2,'Dreiländereck Nord',374.27,2.0,0.0,24357.99999982947,9394.999999829468,14963.000000000002,3460.5851131569007,104.92992358564643,3355.655189571254,1.0,32.0,16.0,16.0,30480.95251977389,15433.152479095303,15047.800040678587,30442.886083529163,15431.998249935861,15010.887833593302,0.0,0.0,0.0
A21,'Alland',14.68,2.0,0.0,40163.5,20093.0,20070.5,103417.58750904436,49420.33889377227,53997.24861527208,0.0,0.0,-0.0,0.0,0.0,0.0,0.0,0.0,0.0,0.0,1137.5934625994878,543.623727831495,593.9697347679928
A21,'Dornbach',19.96,1.0,2.0,19174.48344498892,0.0,19174.48344498892,20444.35624155757,0.0,20444.35624155757,0.0,0.0,0.0,0.0,0.0,0.0,0.0,593.9697347679928,0.0,593.9697347679928,818.8576534252086,0.0,818.8576534252086
A21,'Hinterbrühl',26.99,0.0,1.0,19730.962284466663,19730.962284466663,0.0,44502.271823291965,44502.271823291965,0.0,1.0,2.0,2.0,0.0,1033.1487178877067,1033.1487178877067,0.0,543.623727831495,543.623727831495,0.0,0.0,0.0,0.0
A21,'Sparbach',26.99,1.0,2.0,19671.37785407049,0.0,19671.37785407049,27694.943399277778,0.0,27694.943399277778,1.0,2.0,0.0,2.0,1123.502030817264,0.0,1123.502030817264,818.8576534252086,0.0,818.8576534252086,0.0,0.0,0.0
A22,'Korneuburg West',18.04,1.0,0.0,32131.000000493023,0.0,32131.000000493023,63932.21893438356,0.0,63932.21893438356,0.0,0.0,0.0,-0.0,0.0,0.0,0.0,0.0,0.0,0.0,703.2544082782191,0.0,703.2544082782191
A22,'Korneuburg Ost',18.12,0.0,0.0,32321.000000000007,32321.000000000007,0.0,116866.4197787237,116866.4197787237,0.0,1.0,2.0,2.0,0.0,1285.5306175659607,1285.5306175659607,0.0,0.0,0.0,0.0,0.0,0.0,0.0
A22,'Stockerau',28.09,1.0,0.0,30190.007584098337,0.0,30190.007584098337,9009.757712564318,0.0,9009.757712564318,1.0,1.0,0.0,1.0,802.3617431164266,0.0,802.3617431164266,703.2544082782191,0.0,703.2544082782191,0.0,0.0,0.0
A25,'Pucking',5.97,0.0,1.0,21620.0,21620.0,0.0,25350.64141680889,25350.64141680889,0.0,0.0,0.0,-0.0,0.0,0.0,0.0,0.0,0.0,0.0,0.0,278.85705558489775,278.85705558489775,0.0
A25,'Sinnersdorf/Süd',6.11,1.0,2.0,21271.0,0.0,21271.0,28981.93257809412,0.0,28981.93257809412,0.0,0.0,0.0,-0.0,0.0,0.0,0.0,0.0,0.0,0.0,318.80125835903533,0.0,318.80125835903533
A25,'Wels',13.06,2.0,0.0,49975.503210327646,25078.48219887029,24897.02101145736,71240.92245977157,35488.490093098524,35752.43236667305,1.0,2.0,1.0,1.0,1381.3084610014203,669.2304466089815,712.0780143924388,597.6583139439331,278.85705558489775,318.80125835903533,0.0,0.0,0.0
A3,'Hornstein',28.0,2.0,0.0,35088.0,17427.0,17661.0,114520.76259901357,66852.17460927166,47668.58798974191,1.0,2.0,1.0,1.0,1259.7283885891493,735.3739207019883,524.3544678871609,0.0,0.0,0.0,0.0,0.0,0.0
A4,'Simmering',2.45,0.0,0.0,35371.78969176939,35371.78969176939,0.0,22257.83857434953,22257.83857434953,0.0,0.0,0.0,-0.0,0.0,0.0,0.0,0.0,0.0,0.0,0.0,244.83622431784482,244.83622431784482,0.0
A4,'Fischamend',22.33,0.0,1.0,28227.0,28227.0,0.0,112756.86408974236,112756.86408974236,0.0,0.0,0.0,0.0,0.0,0.0,0.0,0.0,244.83622431784482,244.83622431784482,0.0,1485.1617293050108,1485.1617293050108,0.0
A4,'Maria Ellend',22.48,1.0,1.0,27990.0,0.0,27990.0,32591.644875563223,0.0,32591.644875563223,0.0,0.0,0.0,-0.0,0.0,0.0,0.0,0.0,0.0,0.0,358.50809363119544,0.0,358.50809363119544
A4,'Göttlesbrunn',28.04,2.0,0.0,47550.0,24272.0,23278.0,112197.1085476203,28046.547072865586,84150.56147475471,0.0,0.0,0.0,-0.0,0.0,0.0,0.0,1843.6698229362062,1485.1617293050108,358.50809363119544,3077.8380169600296,1793.6737471065321,1284.1642698534972
A4,'Parndorf',46.23,1.0,2.0,19928.0,0.0,19928.0,74634.97330866668,0.0,74634.97330866668,0.0,0.0,0.0,0.0,0.0,0.0,0.0,1284.1642698534972,0.0,1284.1642698534972,2105.148976248831,0.0,2105.148976248831
A4,'Neusiedl',47.01,0.0,2.0,21837.0,21837.0,0.0,82260.78440998313,82260.78440998313,0.0,0.0,0.0,0.0,0.0,0.0,0.0,0.0,1793.6737471065321,1793.6737471065321,0.0,2698.542375616347,2698.542375616347,0.0
A4,'Nickelsdorf Süd',64.65,0.0,0.0,10545.000205483248,10545.000205483248,0.0,37272.146014313184,37272.146014313184,0.0,1.0,4.0,4.0,0.0,3108.5359817737917,3108.5359817737917,0.0,2698.542375616347,2698.542375616347,0.0,0.0,0.0,0.0
A4,'Nickelsdorf Nord',64.97,1.0,0.0,7158.000028017371,0.0,7158.000028017371,1140.7844882274428,0.0,1140.7844882274428,1.0,3.0,0.0,3.0,2117.6976056193325,0.0,2117.6976056193325,2105.148976248831,0.0,2105.148976248831,0.0,0.0,0.0
A5,'Hochleithen',10.63,2.0,0.0,35611.2,17306.5,18304.7,171050.44466718304,34873.96904422976,136176.4756229533,1.0,3.0,1.0,2.0,1881.5548913390135,383.6136594865273,1497.9412318524862,0.0,0.0,0.0,0.0,0.0,0.0
A6,'Potzneusiedl',10.8,2.0,0.0,15204.999999970727,7325.999999986983,7878.999999983744,33671.23460537669,15733.539261383205,17937.695343993484,1.0,2.0,1.0,1.0,370.38358065914355,173.06893187521524,197.3146487839283,0.0,0.0,0.0,0.0,0.0,0.0
A7,'Engerwitzdorf',25.71,1.0,1.0,19344.0,0.0,19344.0,4050.242286953621,0.0,4050.242286953621,1.0,1.0,0.0,1.0,44.55266515648982,0.0,44.55266515648982,0.0,0.0,0.0,0.0,0.0,0.0
A7,'Denk',25.76,0.0,1.0,18851.0,18851.0,0.0,97075.89483825683,97075.89483825683,0.0,1.0,2.0,2.0,0.0,1067.8348432208252,1067.8348432208252,0.0,0.0,0.0,0.0,0.0,0.0,0.0
A8,'Voralpenkreuz',0.17,2.0,0.0,20453.0,10081.0,10372.0,35002.97696040159,882.1776563040131,34120.79930409758,0.0,0.0,0.0,0.0,0.0,0.0,0.0,0.0,0.0,0.0,385.0327465644175,9.703954219344144,375.32879234507334
A8,'Oberham/Süd',16.76,1.0,2.0,24053.99876684948,0.0,24053.99876684948,18977.635739131696,0.0,18977.635739131696,0.0,0.0,0.0,0.0,0.0,0.0,0.0,375.32879234507334,0.0,375.32879234507334,584.082785475522,0.0,584.082785475522
A8,'Oberham/Nord',18.32,0.0,2.0,21938.95947401208,21938.95947401208,0.0,79070.52120426737,79070.52120426737,0.0,0.0,0.0,0.0,0.0,0.0,0.0,0.0,9.703954219344144,9.703954219344144,0.0,879.4796874662851,879.4796874662851,0.0
A8,'Schnittering/Süd',20.68,1.0,2.0,17695.568077309275,0.0,17695.568077309275,46433.72435952304,0.0,46433.72435952304,0.0,0.0,0.0,0.0,0.0,0.0,0.0,584.082785475522,0.0,584.082785475522,1094.8537534302754,0.0,1094.8537534302754
A8,'Kematen/Nord',24.85,0.0,2.0,16374.0,16374.0,0.0,21401.04458132792,21401.04458132792,0.0,0.0,0.0,0.0,0.0,0.0,0.0,0.0,879.4796874662851,879.4796874662851,0.0,1114.8911778608922,1114.8911778608922,0.0
A8,'Aistersheim',33.81,2.0,0.0,30956.0,14979.0,15977.0,60874.30024176926,26835.862190523447,34038.438051245816,0.0,0.0,0.0,0.0,0.0,0.0,0.0,2209.7449312911676,1114.8911778608922,1094.8537534302754,2879.362233950629,1410.08566195665,1469.2765719939794
A8,'Gotthaming',43.74,0.0,2.0,13574.002126406618,13574.002126406618,0.0,26867.96010209468,26867.96010209468,0.0,0.0,0.0,0.0,0.0,0.0,0.0,0.0,1410.08566195665,1410.08566195665,0.0,1705.6332230796916,1705.6332230796916,0.0
A8,'Renhartsberg',44.47,1.0,2.0,14008.000000000133,0.0,14008.000000000133,14392.702685008398,0.0,14392.702685008398,0.0,0.0,0.0,0.0,0.0,0.0,0.0,1469.2765719939794,0.0,1469.2765719939794,1627.5963015290718,0.0,1627.5963015290718
A8,'Grübl/Süd’,49.59,1.0,2.0,14008.0,0.0,14008.0,20419.630414824154,0.0,20419.630414824154,0.0,0.0,0.0,0.0,0.0,0.0,0.0,1627.5963015290718,0.0,1627.5963015290718,1852.2122360921373,0.0,1852.2122360921373
A8,'Grübl/Nord',49.61,0.0,2.0,13574.000000000002,13574.000000000002,0.0,15944.892462999343,15944.892462999343,0.0,0.0,0.0,0.0,0.0,0.0,0.0,0.0,1705.6332230796916,1705.6332230796916,0.0,1881.0270401726843,1881.0270401726843,0.0
A8,'Murau West',56.77,1.0,1.0,14172.0,0.0,14172.0,41708.92113869764,0.0,41708.92113869764,0.0,0.0,0.0,0.0,0.0,0.0,0.0,1852.2122360921373,0.0,1852.2122360921373,2311.0103686178113,0.0,2311.0103686178113
A8,'Murau Ost',56.88,0.0,1.0,13536.0,13536.0,0.0,19847.682360943298,19847.682360943298,0.0,0.0,0.0,0.0,0.0,0.0,0.0,0.0,1881.0270401726843,1881.0270401726843,0.0,2099.3515461430607,2099.3515461430607,0.0
A8,'Marienkirchen/Schärding’,71.6,1.0,1.0,10055.234280795672,0.0,10055.234280795672,6370.451690557319,0.0,6370.451690557319,0.0,0.0,0.0,0.0,0.0,0.0,0.0,2311.0103686178113,0.0,2311.0103686178113,2381.085337213942,0.0,2381.085337213942
A8,'Dietrichshofen/Ost',72.06,0.0,2.0,8836.923336744558,8836.923336744558,0.0,26734.753655044016,26734.753655044016,0.0,1.0,3.0,3.0,0.0,2393.433836348545,2393.433836348545,0.0,2099.3515461430607,2099.3515461430607,0.0,0.0,0.0,0.0
A8,'Suben West',74.77,1.0,0.0,9186.000000189424,0.0,9186.000000189424,2309.5037607612567,0.0,2309.5037607612567,1.0,3.0,0.0,3.0,2406.4898785823157,0.0,2406.4898785823157,2381.085337213942,0.0,2381.085337213942,0.0,0.0,0.0
A9,'Maisdorf/Ost',12.66,1.0,2.0,10503.0,0.0,10503.0,49687.49353628505,0.0,49687.49353628505,0.0,0.0,0.0,0.0,0.0,0.0,0.0,0.0,0.0,0.0,546.5624288991355,0.0,546.5624288991355
A9,'Maisdorf/West',12.73,0.0,2.0,11055.0,11055.0,0.0,28126.582456850745,28126.582456850745,0.0,0.0,0.0,0.0,0.0,0.0,0.0,0.0,0.0,0.0,0.0,309.3924070253582,309.3924070253582,0.0
A9,'St. Pankraz',36.36,2.0,0.0,13974.0,7033.0,6941.0,59101.108124232705,33173.700142315945,25927.407981916764,0.0,0.0,0.0,0.0,0.0,0.0,0.0,855.9548359244936,309.3924070253582,546.5624288991355,1506.0670252910534,674.3031085908335,831.7639167002199
A9,'Pyhrn-Priel Ost’,55.03,1.0,1.0,7591.971611767987,0.0,7591.971611767987,16849.293094569046,0.0,16849.293094569046,0.0,0.0,0.0,0.0,0.0,0.0,0.0,831.7639167002199,0.0,831.7639167002199,1017.1061407404793,0.0,1017.1061407404793
A9,'Pyhrn-Priel West',55.04,0.0,1.0,8230.855228133318,8230.855228133318,0.0,31192.30198661983,31192.30198661983,0.0,0.0,0.0,0.0,0.0,0.0,0.0,0.0,674.3031085908335,674.3031085908335,0.0,1017.4184304436517,1017.4184304436517,0.0
A9,'Ardning Ost',65.96,1.0,2.0,13083.999999877302,0.0,13083.999999877302,31041.45899234372,0.0,31041.45899234372,0.0,0.0,0.0,0.0,0.0,0.0,0.0,1017.1061407404793,0.0,1017.1061407404793,1358.5621896562602,0.0,1358.5621896562602
A9,'Ardning West',66.04,0.0,2.0,13361.999999983376,13361.999999983376,0.0,29114.41644929437,29114.41644929437,0.0,0.0,0.0,0.0,0.0,0.0,0.0,0.0,1017.4184304436517,1017.4184304436517,0.0,1337.6770113858897,1337.6770113858897,0.0
A9,'Rottenmann/Nord',77.91,1.0,2.0,13084.0,0.0,13084.0,20345.18808414952,0.0,20345.18808414952,0.0,0.0,0.0,0.0,0.0,0.0,0.0,1358.5621896562602,0.0,1358.5621896562602,1582.359258581905,0.0,1582.359258581905
A9,'Rottenmann/Süd',78.18,0.0,2.0,13362.0,13362.0,0.0,32196.632573168365,32196.632573168365,0.0,0.0,0.0,0.0,0.0,0.0,0.0,0.0,1337.6770113858897,1337.6770113858897,0.0,1691.8399696907418,1691.8399696907418,0.0
A9,'Trieben',85.7,2.0,0.0,20906.0,10619.0,10287.0,29194.785607799568,15971.560943056678,13223.224664742887,0.0,0.0,0.0,0.0,0.0,0.0,0.0,3274.199228272647,1691.8399696907418,1582.359258581905,3595.3418699584417,1867.5271400643653,1727.8147298940767
A9,'Gaishorn',92.11,1.0,1.0,10287.0,0.0,10287.0,59758.32239265699,0.0,59758.32239265699,0.0,0.0,0.0,0.0,0.0,0.0,0.0,1727.8147298940767,0.0,1727.8147298940767,2385.1562762133035,0.0,2385.1562762133035
A9,'Treglwang',94.03,0.0,2.0,10619.0,10619.0,0.0,17705.39000500141,17705.39000500141,0.0,0.0,0.0,0.0,0.0,0.0,0.0,0.0,1867.5271400643653,1867.5271400643653,0.0,2062.286430119381,2062.286430119381,0.0
A9,'Kalwang',106.26,0.0,1.0,10953.0,10953.0,0.0,26930.486362994383,26930.486362994383,0.0,0.0,0.0,0.0,0.0,0.0,0.0,0.0,2062.286430119381,2062.286430119381,0.0,2358.521780112319,2358.521780112319,0.0
A9,'Kammern Nord',121.18,1.0,2.0,10926.0,0.0,10926.0,175.9889804448717,0.0,175.9889804448717,0.0,0.0,0.0,0.0,0.0,0.0,0.0,2385.1562762133035,0.0,2385.1562762133035,2387.092154998197,0.0,2387.092154998197
A9,'Kammern Süd',121.26,2.0,0.0,21954.0,11028.0,10926.0,64341.42807325543,32914.014449608665,31427.413623646764,0.0,0.0,0.0,0.0,0.0,0.0,0.0,4745.613935110516,2358.521780112319,2387.092154998197,5453.369643916326,2720.5759390580142,2732.7937048583117
A9,'St. Michael',135.01,0.0,2.0,11073.004965524444,11073.004965524444,0.0,30404.004309309235,30404.004309309235,0.0,0.0,0.0,0.0,0.0,0.0,0.0,0.0,2720.5759390580142,2720.5759390580142,0.0,3055.0199864604156,3055.0199864604156,0.0
A9,'Ortnerhof Nord',135.65,1.0,2.0,10574.999873012946,0.0,10574.999873012946,7705.628111447948,0.0,7705.628111447948,0.0,0.0,0.0,0.0,0.0,0.0,0.0,2732.7937048583117,0.0,2732.7937048583117,2817.555614084239,0.0,2817.555614084239
A9,'Ortnerhof Süd’,135.65,0.0,2.0,11073.999444063618,11073.999444063618,0.0,1386.6510981153897,1386.6510981153897,0.0,0.0,0.0,0.0,0.0,0.0,0.0,0.0,3055.0199864604156,3055.0199864604156,0.0,3070.273148539685,3070.273148539685,0.0
A9,'Hinterlainsach/Ost',139.16,0.0,2.0,11074.0,11074.0,0.0,7841.721665687022,7841.721665687022,0.0,0.0,0.0,0.0,0.0,0.0,0.0,0.0,3070.273148539685,3070.273148539685,0.0,3156.532086862242,3156.532086862242,0.0
A9,'Hinterlainsach/West',139.3,1.0,2.0,10575.0,0.0,10575.0,31388.73352344284,0.0,31388.73352344284,0.0,0.0,0.0,0.0,0.0,0.0,0.0,2817.555614084239,0.0,2817.555614084239,3162.8316828421102,0.0,3162.8316828421102
A9,'Kleintal',150.57,0.0,2.0,11777.0,11777.0,0.0,26809.336064293304,26809.336064293304,0.0,0.0,0.0,0.0,0.0,0.0,0.0,0.0,3156.532086862242,3156.532086862242,0.0,3451.4347835694684,3451.4347835694684,0.0
A9,'Übelbach 1',154.16,1.0,2.0,11512.0,0.0,11512.0,17781.923523171823,0.0,17781.923523171823,0.0,0.0,0.0,0.0,0.0,0.0,0.0,3162.8316828421102,0.0,3162.8316828421102,3358.4328415970003,0.0,3358.4328415970003
A9,'Übelbach 2',154.24,0.0,2.0,11777.0,11777.0,0.0,8639.97767636247,8639.97767636247,0.0,0.0,0.0,0.0,0.0,0.0,0.0,0.0,3451.4347835694684,3451.4347835694684,0.0,3546.4745380094555,3546.4745380094555,0.0
A9,'Deutschfeistritz',161.95,2.0,0.0,23289.000114064176,11777.000055015264,11512.00005904891,76050.65254937344,18003.928396732397,58046.72415264104,0.0,0.0,0.0,0.0,0.0,0.0,0.0,6904.907379606456,3546.4745380094555,3358.4328415970003,7741.464557649564,3744.5177503735117,3996.946807276052
A9,'Eggenfeld',169.13,0.0,2.0,20432.1080698656,20432.1080698656,0.0,29453.135965858,29453.135965858,0.0,0.0,0.0,0.0,0.0,0.0,0.0,0.0,3744.5177503735117,3744.5177503735117,0.0,4068.5022459979496,4068.5022459979496,0.0
A9,'Feldkirchen',186.97,1.0,2.0,29999.01028154669,0.0,29999.01028154669,57184.44424849908,0.0,57184.44424849908,0.0,0.0,0.0,0.0,0.0,0.0,0.0,3996.946807276052,0.0,3996.946807276052,4625.975694009541,0.0,4625.975694009541
A9,'Premstätten',192.48,0.0,1.0,32302.511670869648,32302.511670869648,0.0,152381.31708348572,152381.31708348572,0.0,0.0,0.0,0.0,0.0,0.0,0.0,0.0,4068.5022459979496,4068.5022459979496,0.0,5744.696733916292,5744.696733916292,0.0
A9,'Thalerhof',196.52,1.0,2.0,26113.265874187266,0.0,26113.265874187266,77662.26512324884,0.0,77662.26512324884,0.0,0.0,0.0,0.0,0.0,0.0,0.0,4625.975694009541,0.0,4625.975694009541,5480.260610365279,0.0,5480.260610365279
A9,'Gralla West',211.06,0.0,0.0,20689.0,20689.0,0.0,76643.58637779353,76643.58637779353,0.0,0.0,0.0,0.0,0.0,0.0,0.0,0.0,5744.696733916292,5744.696733916292,0.0,6587.77618407202,6587.77618407202,0.0
A9,'Gralla Ost',211.45,1.0,0.0,19399.0,0.0,19399.0,52785.10516275293,0.0,52785.10516275293,0.0,0.0,0.0,0.0,0.0,0.0,0.0,5480.260610365279,0.0,5480.260610365279,6060.896767155561,0.0,6060.896767155561
A9,'Straß West',225.02,0.0,2.0,8239.000000000515,8239.000000000515,0.0,22970.085281964966,22970.085281964966,0.0,1.0,7.0,7.0,0.0,6840.447122173635,6840.447122173635,0.0,6587.77618407202,6587.77618407202,0.0,0.0,0.0,0.0
A9,'Straß Ost’,225.02,1.0,2.0,7452.000000000777,0.0,7452.000000000777,7466.983597758399,0.0,7466.983597758399,1.0,7.0,0.0,7.0,6143.033586730903,0.0,6143.033586730903,6060.896767155561,0.0,6060.896767155561,0.0,0.0,0.0
S16,'Schnann',18.9,2.0,0.0,9860.99996031521,4941.999999999992,4918.999960315217,43437.30630977449,18700.073610347983,24737.232699426502,0.0,0.0,-0.0,-0.0,0.0,0.0,0.0,0.0,0.0,0.0,477.81036940751926,205.7008097138278,272.1095596936915
S16,'Klösterle',44.17,1.0,0.0,4439.000000265529,0.0,4439.000000265529,13183.237295726443,0.0,13183.237295726443,0.0,0.0,0.0,-0.0,0.0,0.0,0.0,272.1095596936915,0.0,272.1095596936915,417.1251699466824,0.0,417.1251699466824
S16,'Innerbraz',54.99,0.0,0.0,5391.999999999998,5391.999999999998,0.0,38789.08951452321,38789.08951452321,0.0,0.0,0.0,-0.0,0.0,0.0,0.0,0.0,205.7008097138278,205.7008097138278,0.0,632.3807943735832,632.3807943735832,0.0
S16,'Radin Süd',59.01,1.0,2.0,5252.0,0.0,5252.0,3038.655605334979,0.0,3038.655605334979,1.0,1.0,0.0,1.0,450.55038160536714,0.0,450.55038160536714,417.1251699466824,0.0,417.1251699466824,0.0,0.0,0.0
S16,'Radin Nord',59.03,0.0,2.0,5392.0,5392.0,0.0,4366.475635989322,4366.475635989322,0.0,1.0,1.0,1.0,0.0,680.4120263694657,680.4120263694657,0.0,632.3807943735832,632.3807943735832,0.0,0.0,0.0,0.0
S1A,'Schwechat',9.85,2.0,0.0,61703.49999987559,31463.499999975807,30239.99999989978,98660.20943375537,39041.52295889174,59618.68647486362,1.0,2.0,1.0,1.0,1085.262303771309,429.4567525478091,655.8055512234998,0.0,0.0,0.0,0.0,0.0,0.0
S1B,'Deutsch Wagram',39.05,2.0,0.0,32604.83333333333,16237.966666666664,16366.866666666663,73145.99870320682,9677.10465852084,63468.89404468598,1.0,2.0,1.0,1.0,804.605985735275,106.44815124372924,698.1578344915457,0.0,0.0,0.0,0.0,0.0,0.0
S3,'Hollabrunn',23.6,1.0,2.0,6766.0,0.0,6766.0,15563.630436509862,0.0,15563.630436509862,1.0,1.0,0.0,1.0,171.19993480160846,0.0,171.19993480160846,0.0,0.0,0.0,0.0,0.0,0.0
S31,‘Mattersburg’,52.09,1.0,2.0,8153.0,0.0,8153.0,26231.718576042676,0.0,26231.718576042676,0.0,0.0,0.0,-0.0,0.0,0.0,0.0,0.0,0.0,0.0,288.54890433646943,0.0,288.54890433646943
S31,'Forchtenstein’,52.45,0.0,2.0,7857.0,7857.0,0.0,29576.297095027607,29576.297095027607,0.0,0.0,0.0,-0.0,0.0,0.0,0.0,0.0,0.0,0.0,0.0,325.33926804530364,325.33926804530364,0.0
S31,'Kobersdorf',66.91,0.0,2.0,6223.999999590788,6223.999999590788,0.0,17886.095398002628,17886.095398002628,0.0,1.0,1.0,1.0,0.0,522.0863174233325,522.0863174233325,0.0,325.33926804530364,325.33926804530364,0.0,0.0,0.0,0.0
S31,'Tschurndorf',68.14,1.0,2.0,6566.999817015507,0.0,6566.999817015507,21185.283057988152,0.0,21185.283057988152,1.0,1.0,0.0,1.0,521.5870179743391,0.0,521.5870179743391,288.54890433646943,0.0,288.54890433646943,0.0,0.0,0.0
S33,'St. Pölten Ost',1.84,0.0,0.0,15332.000000000002,15332.000000000002,0.0,42162.713450383104,42162.713450383104,0.0,0.0,0.0,-0.0,0.0,0.0,0.0,0.0,0.0,0.0,0.0,463.7898479542141,463.7898479542141,0.0
S33,'Inzersdorf',15.28,1.0,1.0,15650.364459623052,0.0,15650.364459623052,47979.53816597848,0.0,47979.53816597848,1.0,1.0,0.0,1.0,527.7749198257633,0.0,527.7749198257633,0.0,0.0,0.0,0.0,0.0,0.0
S33,'Herzogenburg',15.69,0.0,1.0,15657.319893344473,15657.319893344473,0.0,36041.87317235301,36041.87317235301,0.0,1.0,1.0,1.0,0.0,860.2504528500972,860.2504528500972,0.0,463.7898479542141,463.7898479542141,0.0,0.0,0.0,0.0
S35,'Frohnleiten West',26.82,0.0,2.0,9816.0,9816.0,0.0,51001.472361815664,51001.472361815664,0.0,1.0,1.0,1.0,0.0,561.0161959799723,561.0161959799723,0.0,0.0,0.0,0.0,0.0,0.0,0.0
S35,'Frohnleiten Ost',26.82,1.0,2.0,9690.0,0.0,9690.0,18587.030666064784,0.0,18587.030666064784,1.0,1.0,0.0,1.0,204.4573373267126,0.0,204.4573373267126,0.0,0.0,0.0,0.0,0.0,0.0
S36,'St. Marein Nord',14.89,0.0,0.0,10113.0,10113.0,0.0,30156.505485607195,30156.505485607195,0.0,0.0,0.0,-0.0,0.0,0.0,0.0,0.0,0.0,0.0,0.0,331.72156034167915,331.72156034167915,0.0
S36,'St. Marein Süd',14.97,1.0,0.0,10133.0,0.0,10133.0,39904.344783471744,0.0,39904.344783471744,0.0,0.0,0.0,-0.0,0.0,0.0,0.0,0.0,0.0,0.0,438.94779261818917,0.0,438.94779261818917
S36,'Strettweg',34.61,1.0,2.0,9701.0,0.0,9701.0,5373.278346516238,0.0,5373.278346516238,1.0,1.0,0.0,1.0,498.0538544298678,0.0,498.0538544298678,438.94779261818917,0.0,438.94779261818917,0.0,0.0,0.0
S36,'Hauswald',35.77,0.0,2.0,9740.5,9740.5,0.0,40577.73593246791,40577.73593246791,0.0,1.0,1.0,1.0,0.0,778.0766555988262,778.0766555988262,0.0,331.72156034167915,331.72156034167915,0.0,0.0,0.0,0.0
S37,'Hunnenbrunnen',285.19,0.0,2.0,19888.0,10058.000000000002,9830.0,36142.46463235457,4295.795543572071,31846.6690887825,0.0,1.0,-0.0,1.0,350.31335997660744,0.0,350.31335997660744,0.0,0.0,0.0,47.25375097929279,47.25375097929279,0.0
S37,'Zollfeld',293.91,0.0,2.0,10058.0,10058.0,0.0,17382.606338754165,17382.606338754165,0.0,1.0,1.0,1.0,0.0,238.46242070558858,238.46242070558858,0.0,47.25375097929279,47.25375097929279,0.0,0.0,0.0,0.0
S5,'Zaina',6.3,0.0,2.0,17736.0,17736.0,0.0,22057.74265192454,22057.74265192454,0.0,0.0,0.0,-0.0,0.0,0.0,0.0,0.0,0.0,0.0,0.0,242.63516917116988,242.63516917116988,0.0
S5,'Grafenwörth',32.85,2.0,0.0,24240.0,12017.0,12223.0,92944.80421055126,63800.34208286393,29144.46212768733,1.0,2.0,1.0,1.0,1265.0280154872337,944.4389320826731,320.5890834045606,242.63516917116988,242.63516917116988,0.0,0.0,0.0,0.0
S6,'Natschbach',3.22,2.0,0.0,28895.0,14441.0,14454.000000000002,49805.03843322329,7829.400123642268,41975.63830958102,0.0,0.0,0.0,0.0,0.0,0.0,0.0,0.0,0.0,0.0,547.8554227654562,86.12340136006495,461.7320214053912
S6,'Gloggnitz Süd',17.81,1.0,2.0,7935.5,0.0,7935.5,9081.297254301347,0.0,9081.297254301347,0.0,0.0,0.0,0.0,0.0,0.0,0.0,461.7320214053912,0.0,461.7320214053912,561.626291202706,0.0,561.626291202706
S6,'Gloggnitz Nord',18.44,0.0,2.0,8009.0,8009.0,0.0,24242.62115602437,24242.62115602437,0.0,0.0,0.0,0.0,0.0,0.0,0.0,0.0,86.12340136006495,86.12340136006495,0.0,352.792234076333,352.792234076333,0.0
S6,'Schottwien',23.57,2.0,0.0,15944.5,8009.0,7935.5,47842.38487070686,8181.6019594493055,39660.78291125756,0.0,0.0,0.0,0.0,0.0,0.0,0.0,914.418525279039,352.792234076333,561.626291202706,1440.6847588568144,442.7898556302753,997.8949032265391
S6,'Schwöbing Nord',48.55,0.0,0.0,9945.0,9945.0,0.0,49668.15156439487,49668.15156439487,0.0,0.0,0.0,0.0,0.0,0.0,0.0,0.0,442.7898556302753,442.7898556302753,0.0,989.1395228386189,989.1395228386189,0.0
S6,'Schwöbing Süd',48.57,1.0,0.0,9757.0,0.0,9757.0,46526.20864062981,0.0,46526.20864062981,0.0,0.0,0.0,0.0,0.0,0.0,0.0,997.8949032265391,0.0,997.8949032265391,1509.683198273467,0.0,1509.683198273467
S6,'St. Marein',68.99,0.0,0.0,12864.0,12864.0,0.0,52521.60007264168,52521.60007264168,0.0,0.0,0.0,0.0,0.0,0.0,0.0,0.0,989.1395228386189,989.1395228386189,0.0,1566.8771236376774,1566.8771236376774,0.0
S6,'Kapfenberg Nord',72.03,0.0,2.0,12864.0,12864.0,0.0,7831.345796296708,7831.345796296708,0.0,1.0,2.0,2.0,0.0,1653.0219273969412,1653.0219273969412,0.0,1566.8771236376774,1566.8771236376774,0.0,0.0,0.0,0.0
S6,'Kapfenberg Süd',72.45,1.0,1.0,12893.5,0.0,12893.5,83967.40895002644,0.0,83967.40895002644,1.0,3.0,0.0,3.0,2433.324696723758,0.0,2433.324696723758,1509.683198273467,0.0,1509.683198273467,0.0,0.0,0.0
