Time of calculation: 20210916-175208; value of objective: 1211236.2582483268;  acc=20;  ec=0.25;  e_tax=0.15;  cfix=50000;  cvar=10000;  eta=1;  hours_of_constant_charging=20;  i=0.05;  T=10
highway,name,asfinag_position,direction,asfinag_type,traffic_flow,traffic_flow_1,energy_demand,energy_demand_1,pXi_dir,pYi_dir,pYi_dir_1,pE_charged,pE_charged_1,pE_input,pE_input_1,pE_output,pE_output_1,traffic_flow_0,energy_demand_0,pYi_dir_0,pE_charged_0,pE_input_0,pE_output_0
A1,'Parkplatz Großraum’,27.42,2.0,2.0,25490.00000000002,13297.00000000001,59974.325349551335,14541.089445096652,1.0,60.0,15.0,59342.28885153054,14541.089445096652,0.0,0.0,632.036498020796,0.0,12193.00000000001,45433.23590445468,45.0,44801.19940643389,0.0,632.036498020796
A1,'Steinhäusl',32.7,2.0,0.0,63195.99999999913,31709.9999999998,111561.50482266714,77129.62227259546,0.0,77.0,77.0,76790.57797897555,76790.57797897555,632.036498020796,0.0,35402.963341712406,339.04429361992516,31485.99999999933,34431.882550071685,-0.0,0.0,632.036498020796,35063.91904809248
A1,'Kirchstetten',44.88,0.0,1.0,29897.99999542764,0.0,72732.0809427628,0.0,1.0,48.0,0.0,48000.0,0.0,35063.91904809248,0.0,59795.99999085528,0.0,29897.99999542764,72732.0809427628,48.0,48000.0,35063.91904809248,59795.99999085528
A1,'Kesselhof',44.88,1.0,1.0,30234.999996719125,30234.999996719125,109130.95569981833,109130.95569981833,1.0,49.0,49.0,49000.0,49000.0,339.04429361992516,339.04429361992516,60469.99999343825,60469.99999343825,0.0,0.0,0.0,0.0,0.0,0.0
A1,'St. Pölten',62.9,2.0,0.0,71148.0,35565.0,227454.84943410664,99032.43203384092,1.0,348.0,160.0,347113.98350199027,159113.98350199027,120265.99998429354,60469.99999343825,606.8659164099009,388.4485252888991,35583.0,128422.41740026572,188.0,188000.0,59795.99999085528,218.41739112100186
A1,'Schallaburg',76.81,1.0,1.0,29188.0,29188.0,136934.36037638868,136934.36037638868,1.0,83.0,83.0,83000.00000000003,83000.00000000003,388.4485252888991,388.4485252888991,54322.80890167754,54322.80890167754,0.0,0.0,0.0,0.0,0.0,0.0
A1,'Roggendorf',76.82,0.0,1.0,28377.0,0.0,78562.33219617409,0.0,1.0,25.0,0.0,25000.0,0.0,218.41739112100186,0.0,53780.74958729509,0.0,28377.0,78562.33219617409,25.0,25000.0,218.41739112100186,53780.74958729509
A1,'Ornding',88.04,0.0,1.0,27048.0,0.0,60488.07492270462,0.0,1.0,61.0,0.0,61000.0,0.0,53780.74958729509,0.0,53268.82450999971,0.0,27048.0,60488.07492270462,61.0,61000.0,53780.74958729509,53268.82450999971
A1,'Ybbs',100.32,1.0,0.0,27161.40445083877,27161.40445083877,104129.25066774894,104129.25066774894,1.0,108.0,108.0,107638.05956942648,107638.05956942648,54322.80890167754,54322.80890167754,50814.00000000001,50814.00000000001,0.0,0.0,0.0,0.0,0.0,0.0
A1,'Kemmelbach',101.38,0.0,0.0,26898.000000000207,0.0,72226.10016870651,0.0,1.0,75.0,0.0,75000.0,0.0,53268.82450999971,0.0,50494.92467870622,0.0,26898.000000000207,72226.10016870651,75.0,75000.0,53268.82450999971,50494.92467870622
A1,'Viehdorf',118.17,0.0,1.0,25545.0,0.0,92117.57063469278,0.0,1.0,118.0,0.0,118000.0,0.0,50494.92467870622,0.0,24612.495313399,0.0,25545.0,92117.57063469278,118.0,118000.0,50494.92467870622,24612.495313399
A1,'Amstetten',119.36,1.0,1.0,25407.0,25407.0,56128.53142795883,56128.53142795883,1.0,107.0,107.0,106942.53142795883,106942.53142795883,50814.00000000001,50814.00000000001,0.0,0.0,0.0,0.0,0.0,0.0,0.0,0.0
A1,'Parkplatz Zeillern’,124.31,0.0,2.0,24685.0,0.0,24100.57479449837,0.0,0.0,0.0,0.0,0.0,0.0,24612.495313399,0.0,48713.070107897365,0.0,24685.0,24100.57479449837,-0.0,0.0,24612.495313399,48713.070107897365
A1,'Oed',130.52,1.0,2.0,26849.69206306653,26849.69206306653,69822.67372138443,69822.67372138443,1.0,70.0,70.0,69294.28261766877,69294.28261766877,0.0,0.0,528.3911037156649,528.3911037156649,0.0,0.0,0.0,0.0,0.0,0.0
A1,'Strengberg',136.0,0.0,0.0,25773.0,0.0,60567.28709144443,0.0,1.0,110.0,0.0,109280.35719934199,0.0,48713.070107897365,0.0,-1.9281287677586079e-10,0.0,25773.0,60567.28709144443,110.0,109280.35719934199,48713.070107897365,-1.9281287677586079e-10
A1,'Haag',143.54,1.0,0.0,28172.0,28172.0,72532.38382040594,72532.38382040594,1.0,73.0,73.0,73000.0,73000.0,528.3911037156649,528.3911037156649,60.77492412160791,60.77492412160791,0.0,0.0,0.0,0.0,0.0,0.0
A1,'Ennsblick',147.1,0.0,2.0,27181.0,0.0,59900.9099344678,0.0,1.0,55.0,0.0,55000.0,0.0,-1.9281287677586079e-10,0.0,4900.909934467611,0.0,27181.0,59900.9099344678,55.0,55000.0,-1.9281287677586079e-10,4900.909934467611
A1,'Parkplatz Ennsdorf’,152.88,0.0,2.0,26232.408315204048,0.0,30328.56812345904,0.0,0.0,0.0,0.0,0.0,0.0,4900.909934467611,0.0,35229.47805792665,0.0,26232.408315204048,30328.56812345904,0.0,0.0,4900.909934467611,35229.47805792665
A1,'Enns Süd',156.19,1.0,1.0,29648.737115098505,29648.737115098505,86236.6993060754,86236.6993060754,1.0,27.0,27.0,27000.0,27000.0,60.77492412160791,60.77492412160791,59297.47423019701,59297.47423019701,0.0,0.0,0.0,0.0,0.0,0.0
A1,'Enns Nord',156.79,0.0,1.0,29791.88732837659,0.0,22744.768825614865,0.0,0.0,0.0,0.0,0.0,0.0,35229.47805792665,0.0,57974.24688354152,0.0,29791.88732837659,22744.768825614865,0.0,0.0,35229.47805792665,57974.24688354152
A1,'Ansfelden Süd',170.93,1.0,0.0,46681.64620523784,46681.64620523784,108599.64670259466,108599.64670259466,1.0,124.0,124.0,124000.0,124000.0,59297.47423019701,59297.47423019701,43897.12093279167,43897.12093279167,0.0,0.0,0.0,0.0,0.0,0.0
A1,'Ansfelden Nord',171.01,0.0,0.0,48225.58896718505,0.0,137729.45647842763,0.0,1.0,152.0,0.0,152000.0,0.0,57974.24688354152,0.0,43703.70336196915,0.0,48225.58896718505,137729.45647842763,152.0,152000.0,57974.24688354152,43703.70336196915
A1,'Allhaming Süd',182.59,1.0,1.0,22273.0,22273.0,132032.00498622254,132032.00498622254,1.0,132.0,132.0,131774.7254881643,131774.7254881643,43897.12093279167,43897.12093279167,44154.40043084994,44154.40043084994,0.0,0.0,0.0,0.0,0.0,0.0
A1,'Allhaming Nord',182.6,0.0,1.0,22478.0,0.0,52074.59618392183,0.0,1.0,52.0,0.0,52000.0,0.0,43703.70336196915,0.0,43778.29954589098,0.0,22478.0,52074.59618392183,52.0,52000.0,43703.70336196915,43778.29954589098
A1,'Lindach Nord',212.26,0.0,0.0,24091.0,0.0,143292.1869458095,0.0,1.0,158.0,0.0,158000.0,0.0,43778.29954589098,0.0,29070.486491700467,0.0,24091.0,143292.1869458095,158.0,158000.0,43778.29954589098,29070.486491700467
A1,'Lindach Süd',212.27,1.0,0.0,24205.0,24205.0,88500.71292866017,88500.71292866017,1.0,132.0,132.0,132000.0,132000.0,44154.40043084994,44154.40043084994,655.1133595101165,655.1133595101165,0.0,0.0,0.0,0.0,0.0,0.0
A1,'Hainbach Süd',230.7,1.0,1.0,16641.0,16641.0,43626.88664048988,43626.88664048988,1.0,11.0,11.0,10999.999999999989,10999.999999999989,655.1133595101165,655.1133595101165,33282.00000000001,33282.00000000001,0.0,0.0,0.0,0.0,0.0,0.0
A1,'Hainbach Nord',230.72,0.0,1.0,15023.0,0.0,55447.073726717535,0.0,1.0,55.0,0.0,55000.0,0.0,29070.486491700467,0.0,29517.560218418002,0.0,15023.0,55447.073726717535,55.0,55000.0,29070.486491700467,29517.560218418002
A1,'Straß',243.67,1.0,1.0,16828.67483549712,16828.67483549712,52286.93331258195,52286.93331258195,1.0,55.0,55.0,54902.93171368513,54902.93171368513,33282.00000000001,33282.00000000001,30666.001598896823,30666.001598896823,0.0,0.0,0.0,0.0,0.0,0.0
A1,'Wildenhag Nord',243.76,0.0,2.0,17111.546808170722,0.0,44396.07377615938,0.0,1.0,66.0,0.0,65715.68619488791,0.0,29517.560218418002,0.0,8197.947799689468,0.0,17111.546808170722,44396.07377615938,66.0,65715.68619488791,29517.560218418002,8197.947799689468
A1,'Oberwang',251.03,0.0,1.0,15727.0,0.0,23256.052200310536,0.0,0.0,0.0,0.0,0.0,0.0,8197.947799689468,0.0,31454.000000000004,0.0,15727.0,23256.052200310536,-0.0,0.0,8197.947799689468,31454.000000000004
A1,'Mondsee',259.23,2.0,0.0,31060.001681777,15333.000799448411,60471.650280389,35129.25494322955,1.0,122.0,65.0,121752.2034312628,64955.80809410334,62120.00159889682,30666.001598896823,839.4484480230315,839.4484480230315,15727.000882328592,25342.39533715945,57.0,56796.395337159454,31454.000000000004,0.0
A1,‘Parkplatz Ölgraben’,268.98,0.0,2.0,18793.0,0.0,36691.95858378413,0.0,1.0,19.0,0.0,19000.0,0.0,0.0,0.0,17691.95858378413,0.0,18793.0,36691.95858378413,19.0,19000.0,0.0,17691.95858378413
A1,'Vetterbach',270.63,1.0,2.0,18111.0,18111.0,24972.45872010481,24972.45872010481,0.0,0.0,0.0,0.0,0.0,839.4484480230315,839.4484480230315,25811.90716812784,25811.90716812784,0.0,0.0,0.0,0.0,0.0,0.0
A1,'Enzersberg',274.82,0.0,2.0,21891.999995182963,0.0,25643.70256417291,0.0,0.0,0.0,0.0,0.0,0.0,17691.95858378413,0.0,43335.66114795704,0.0,21891.999995182963,25643.70256417291,0.0,0.0,17691.95858378413,43335.66114795704
A1,'Salzburger Vorland',277.55,1.0,2.0,21776.0,21776.0,38740.09283187224,38740.09283187224,1.0,21.0,21.0,21000.0,21000.0,25811.90716812784,25811.90716812784,43552.00000000009,43552.00000000009,0.0,0.0,0.0,0.0,0.0,0.0
A1,'Söllheim',286.46,1.0,0.0,28864.537464121862,28864.537464121862,82339.63927517904,82339.63927517904,1.0,126.0,126.0,125758.06919852883,125758.06919852883,43552.00000000009,43552.00000000009,133.57007665029312,133.57007665029312,0.0,0.0,0.0,0.0,0.0,0.0
A1,'Kasern',287.89,0.0,0.0,38922.8495638266,0.0,101432.70404041585,0.0,1.0,144.0,0.0,143848.2126746388,0.0,43335.66114795704,0.0,920.1525137340795,0.0,38922.8495638266,101432.70404041585,144.0,143848.2126746388,43335.66114795704,920.1525137340795
A1,'Walserberg Süd',300.71,1.0,0.0,14880.00000000295,14880.00000000295,866.4299233497069,866.4299233497069,1.0,1.0,1.0,1000.0,1000.0,133.57007665029312,133.57007665029312,0.0,0.0,0.0,0.0,0.0,0.0,0.0,0.0
A1,'Walserberg Nord',300.73,0.0,0.0,12964.000000008587,0.0,33079.84748626592,0.0,1.0,34.0,0.0,34000.0,0.0,920.1525137340795,0.0,0.0,0.0,12964.000000008587,33079.84748626592,34.0,34000.0,920.1525137340795,0.0
A10,'Glanegg/West',4.28,0.0,2.0,30225.0,0.0,10702.59495982983,0.0,0.0,0.0,0.0,0.0,0.0,0.0,0.0,10702.59495982983,0.0,30225.0,10702.59495982983,-0.0,0.0,0.0,10702.59495982983
A10,'Untersberg/Ost',4.37,1.0,2.0,30061.0,30061.0,79010.53992075186,79010.53992075186,1.0,79.0,79.0,78861.3219010889,78861.3219010889,0.0,0.0,149.21801966296334,149.21801966296334,0.0,0.0,0.0,0.0,0.0,0.0
A10,'Bruderloch',17.53,1.0,2.0,24652.0,24652.0,55144.78387577903,55144.78387577903,1.0,16.0,16.0,16000.0,16000.0,149.21801966296334,149.21801966296334,39294.001895441994,39294.001895441994,0.0,0.0,0.0,0.0,0.0,0.0
A10,'Golling Ost',28.76,1.0,0.0,19647.00094772099,19647.00094772099,83619.98278708411,83619.98278708411,1.0,122.0,122.0,122000.0,122000.0,39294.001895441994,39294.001895441994,913.9846825261047,913.9846825261047,0.0,0.0,0.0,0.0,0.0,0.0
A10,'Golling West',28.82,0.0,0.0,19875.000668287423,0.0,97340.81805238585,0.0,1.0,108.0,0.0,107786.7310587863,0.0,10702.59495982983,0.0,256.68195342936815,0.0,19875.000668287423,97340.81805238585,108.0,107786.7310587863,10702.59495982983,256.68195342936815
A10,'Werfen',40.34,0.0,2.0,19354.0,0.0,44743.31804657062,0.0,1.0,45.0,0.0,45000.0,0.0,256.68195342936815,0.0,-1.4551915228366852e-11,0.0,19354.0,44743.31804657062,45.0,45000.0,256.68195342936815,-1.4551915228366852e-11
A10,'Klausgraben Ost’,50.01,1.0,2.0,16076.0,16076.0,29740.34522214243,29740.34522214243,0.0,0.0,-0.0,0.0,0.0,913.9846825261047,913.9846825261047,30654.329904668535,30654.329904668535,0.0,0.0,0.0,0.0,0.0,0.0
A10,'Klausgraben West’,50.01,0.0,2.0,16224.0,0.0,31431.033067450226,0.0,0.0,0.0,0.0,0.0,0.0,-1.4551915228366852e-11,0.0,31431.03306745021,0.0,16224.0,31431.033067450226,0.0,0.0,-1.4551915228366852e-11,31431.03306745021
A10,'Eben Süd',59.21,2.0,0.0,31555.3674870556,15557.95086744994,63864.366982730906,63790.382994454136,0.0,64.0,64.0,64000.0,64000.0,62085.362972118746,30654.329904668535,61949.72995484965,30444.71289912267,15997.416619605658,73.98398827676816,0.0,0.0,31431.03306745021,31505.017055726978
A10,'Eben Nord',59.32,2.0,0.0,31554.16119307871,15556.997933878209,29667.927073449984,71.94716372837226,1.0,50.0,10.0,49148.99696544859,10000.0,61949.72995484965,30444.71289912267,42468.66006285105,20516.660062851042,15997.1632592005,29595.979909721613,40.0,39148.99696544859,31505.017055726978,21952.000000000004
A10,'Rohr',71.25,0.0,2.0,10976.0,0.0,26372.39981658969,0.0,1.0,27.0,0.0,27000.0,0.0,21952.000000000004,0.0,21324.399816589692,0.0,10976.0,26372.39981658969,27.0,27000.0,21952.000000000004,21324.399816589692
A10,'Tauernalm',79.79,2.0,0.0,21522.867721662667,10619.213162511343,62621.10903795498,44112.74691892924,1.0,84.0,65.0,83629.40698178031,64629.4069817803,41841.059879440734,20516.660062851042,20832.76193561541,-2.000888343900442e-11,10903.654559151322,18508.36211902574,19.0,19000.0,21324.399816589692,20832.761935615432
A10,'Lungau',97.91,0.0,0.0,10877.0,0.0,39524.43281357246,0.0,1.0,48.0,0.0,48000.0,0.0,20832.761935615432,0.0,12357.19474918789,0.0,10877.0,39524.43281357246,48.0,48000.0,20832.761935615432,12357.19474918789
A10,'Lanschütz',100.6,1.0,1.0,10558.5,10558.5,33491.70982869735,33491.70982869735,1.0,33.0,33.0,33000.0,33000.0,-2.000888343900442e-11,-2.000888343900442e-11,491.7098286973287,491.7098286973287,0.0,0.0,0.0,0.0,0.0,0.0
A10,'Rennweg',112.45,0.0,2.0,6878.0,0.0,19876.6578731468,0.0,1.0,20.0,0.0,20000.0,0.0,12357.19474918789,0.0,12233.852622334689,0.0,6878.0,19876.6578731468,20.0,20000.0,12357.19474918789,12233.852622334689
A10,'Ried’,116.47,1.0,2.0,7303.0,7303.0,13765.2894082998,13765.2894082998,0.0,0.0,-0.0,0.0,0.0,491.7098286973287,491.7098286973287,14256.999236997128,14256.999236997128,0.0,0.0,0.0,0.0,0.0,0.0
A10,'Eisentratten',125.92,2.0,0.0,14180.999999999998,7302.999999999999,41606.555089056084,23123.34435403022,1.0,55.0,37.0,54735.92824133989,36735.92824133989,26490.851859331815,14256.999236997128,13361.47870704802,644.4153496874642,6877.999999999999,18483.210735025867,18.0,18000.0,12233.852622334689,12717.063357360556
A10,'Seeboden',141.72,1.0,2.0,14455.0,14455.0,36156.364361422005,36156.364361422005,1.0,30.0,30.0,30000.0,30000.0,644.4153496874642,644.4153496874642,6800.77971110947,6800.77971110947,0.0,0.0,0.0,0.0,0.0,0.0
A10,'Wolfsberg',142.25,0.0,2.0,14500.0,0.0,47498.89492913899,0.0,1.0,60.0,0.0,59897.681983216025,0.0,12717.063357360556,0.0,318.276303283521,0.0,14500.0,47498.89492913899,60.0,59897.681983216025,12717.063357360556,318.276303283521
A10,'Kamering',154.29,1.0,2.0,14749.703862513728,14749.703862513728,22698.628013917983,22698.628013917983,0.0,0.0,-0.0,0.0,0.0,6800.77971110947,6800.77971110947,29499.40772502745,29499.40772502745,0.0,0.0,0.0,0.0,0.0,0.0
A10,'Feistritz an der Drau',162.01,2.0,0.0,29679.0,14750.0,122093.03941770014,63411.31572098366,1.0,152.0,93.0,151910.7234460111,92910.7234460111,29817.68402831097,29499.40772502745,0.0,0.0,14929.0,58681.72369671648,59.0,59000.0,318.276303283521,0.0
A11,'St. Niklas/Nord',2.11,1.0,2.0,7502.999999999997,7502.999999999997,10409.086151425912,10409.086151425912,1.0,1.0,1.0,1000.0,1000.0,0.0,0.0,9409.086151425912,9409.086151425912,0.0,0.0,0.0,0.0,0.0,0.0
A11,'Rosegg',9.04,2.0,0.0,9108.5,4802.0,19444.03423128799,11637.99349052014,1.0,30.0,22.0,28853.120382713903,21047.079641946053,9409.086151425912,9409.086151425912,0.0,0.0,4306.5,7806.040740767851,8.0,7806.040740767851,0.0,0.0
A12,'Langkampfen Süd',9.32,1.0,2.0,11349.585916642443,11349.585916642443,27244.807627465096,27244.807627465096,1.0,5.0,5.0,5000.0,5000.0,0.0,0.0,22244.807627465096,22244.807627465096,0.0,0.0,0.0,0.0,0.0,0.0
A12,'Angath Süd',14.1,2.0,0.0,39222.99999999994,19314.99999999997,56148.10872631689,3.820475553634762,1.0,39.0,22.0,39000.0,22000.0,22244.807627465096,22244.807627465096,39392.916353781984,248.62810301873105,19907.99999999997,56144.28825076325,17.0,17000.0,0.0,39144.28825076325
A12,'Angath Nord',14.22,2.0,0.0,39222.99999999994,19314.99999999997,86003.9180407436,85999.98027075542,1.0,125.0,86.0,123699.08112555285,85646.9621650869,39392.916353781984,248.62810301873105,1697.7532689727343,601.6462086872671,19907.99999999997,3.93776998818332,39.0,38052.11896046597,39144.28825076325,1096.1070602854672
A12,'Münster Nord',35.71,0.0,1.0,18334.0,0.0,79565.35290639894,0.0,1.0,80.0,0.0,80000.0,0.0,1096.1070602854672,0.0,661.4599666844081,0.0,18334.0,79565.35290639894,80.0,80000.0,1096.1070602854672,661.4599666844081
A12,'Münster Süd',36.25,1.0,1.0,18162.0,18162.0,51027.0984567292,51027.0984567292,1.0,51.0,51.0,51000.0,51000.0,601.6462086872671,601.6462086872671,628.7446654164705,628.7446654164705,0.0,0.0,0.0,0.0,0.0,0.0
A12,'Vomp',50.47,1.0,0.0,24431.999999991072,24431.999999991072,22234.356307397185,22234.356307397185,0.0,0.0,0.0,0.0,0.0,628.7446654164705,628.7446654164705,22863.100972813656,22863.100972813656,0.0,0.0,0.0,0.0,0.0,0.0
A12,'Weer',54.8,0.0,0.0,24110.000189607712,0.0,91922.39487971723,0.0,1.0,92.0,0.0,92000.0,0.0,661.4599666844081,0.0,583.8548464016424,0.0,24110.000189607712,91922.39487971723,92.0,92000.0,661.4599666844081,583.8548464016424
A12,'Weer Süd',55.0,1.0,1.0,24141.001987531265,24141.001987531265,44418.90300224888,44418.90300224888,1.0,19.0,19.0,19000.0,19000.0,22863.100972813656,22863.100972813656,48282.00397506254,48282.00397506254,0.0,0.0,0.0,0.0,0.0,0.0
A12,'Volders/Karlskirche',64.18,1.0,2.0,27543.0,27543.0,89230.87375309618,89230.87375309618,1.0,83.0,83.0,83000.0,83000.0,48282.00397506254,48282.00397506254,54512.87772815872,54512.87772815872,0.0,0.0,0.0,0.0,0.0,0.0
A12,'Hall in Tirol',66.28,0.0,2.0,28148.000000002427,0.0,63926.9286125208,0.0,1.0,52.0,0.0,52000.0,0.0,583.8548464016424,0.0,12510.783458922444,0.0,28148.000000002427,63926.9286125208,52.0,52000.0,583.8548464016424,12510.783458922444
A12,'Ampaß',72.07,0.0,0.0,35539.999996608014,0.0,42439.32195018204,0.0,0.0,0.0,0.0,0.0,0.0,12510.783458922444,0.0,54950.105409104486,0.0,35539.999996608014,42439.32195018204,-0.0,0.0,12510.783458922444,54950.105409104486
A12,'Sieglanger',80.39,1.0,2.0,31124.793431490507,31124.793431490507,96002.72792907088,96002.72792907088,1.0,113.0,113.0,112449.60565722961,112449.60565722961,54512.87772815872,54512.87772815872,38066.0,38066.0,0.0,0.0,0.0,0.0,0.0,0.0
A12,'Kematen',86.01,0.0,2.0,27475.052704552163,0.0,75774.45683256471,0.0,1.0,131.0,0.0,130724.5622416692,0.0,54950.105409104486,0.0,0.0,0.0,27475.052704552163,75774.45683256471,131.0,130724.5622416692,54950.105409104486,0.0
A12,'Zirl-Inzing',91.77,0.0,1.0,20799.0,0.0,24661.258850671245,0.0,0.0,0.0,0.0,0.0,0.0,0.0,0.0,24661.258850671245,0.0,20799.0,24661.258850671245,0.0,0.0,0.0,24661.258850671245
A12,'Pettnau',95.81,2.0,0.0,37922.0,19033.0,43167.59505459553,28529.34948129648,1.0,51.0,40.0,50738.37014763809,39865.793602492355,62727.25885067125,38066.0,55156.48375762868,26729.555878804123,18889.0,14638.245573299051,11.0,10872.576545145736,24661.258850671245,28426.92787882456
A12,'Telfs Süd',103.3,1.0,2.0,13364.77793940206,13364.77793940206,40593.43969968221,40593.43969968221,1.0,46.0,46.0,45918.995578486334,45918.995578486334,26729.555878804123,26729.555878804123,21404.0,21404.0,0.0,0.0,0.0,0.0,0.0,0.0
A12,'Telfs Nord',103.33,0.0,2.0,14213.46393941228,0.0,21325.917954749177,0.0,1.0,30.0,0.0,30000.0,0.0,28426.92787882456,0.0,19752.845833573738,0.0,14213.46393941228,21325.917954749177,30.0,30000.0,28426.92787882456,19752.845833573738
A12,'Haiming Süd',118.5,1.0,2.0,10702.0,10702.0,32071.449465739544,32071.449465739544,1.0,39.0,39.0,39000.0,39000.0,21404.0,21404.0,14475.449465739544,14475.449465739544,0.0,0.0,0.0,0.0,0.0,0.0
A12,'Imst Süd',133.49,1.0,2.0,9240.0,9240.0,3679.211043329945,3679.211043329945,0.0,0.0,0.0,0.0,0.0,14475.449465739544,14475.449465739544,18154.66050906949,18154.66050906949,0.0,0.0,0.0,0.0,0.0,0.0
A12,'Imst Nord',133.84,0.0,2.0,10262.0,0.0,62601.679390679135,0.0,1.0,63.0,0.0,62626.02665560503,0.0,19752.845833573738,0.0,19728.49856864785,0.0,10262.0,62601.679390679135,63.0,62626.02665560503,19752.845833573738,19728.49856864785
A12,'Mils',135.51,2.0,0.0,19502.000000000833,9240.000000000804,21880.454342200468,18488.872433763983,1.0,40.0,37.0,39643.53294283347,36643.53294283347,37883.15907771734,18154.66050906949,20120.080477084335,0.0,10262.00000000003,3391.5819084364844,3.0,3000.0,19728.49856864785,20120.080477084335
A12,'Kronburg Zams',142.7,0.0,2.0,10312.0,0.0,14879.919522915665,0.0,1.0,35.0,0.0,35000.0,0.0,20120.080477084335,0.0,0.0,0.0,10312.0,14879.919522915665,35.0,35000.0,20120.080477084335,0.0
A13,'Patsch',6.24,0.0,2.0,21023.0,0.0,26094.725326847616,0.0,0.0,0.0,0.0,0.0,0.0,0.0,0.0,26094.725326847616,0.0,21023.0,26094.725326847616,0.0,0.0,0.0,26094.725326847616
A13,'Europabrücke',8.27,2.0,0.0,41638.0,20615.0,32388.526624106256,23936.231437805232,1.0,34.0,3.0,34000.0,3000.0,26094.725326847616,0.0,24483.251950953876,20936.231437805232,21023.0,8452.295186301024,31.0,31000.0,26094.725326847616,3547.0205131486437
A13,'Gschleirs',14.05,1.0,2.0,14822.0,14822.0,8546.704281737584,8546.704281737584,0.0,0.0,0.0,0.0,0.0,20936.231437805232,20936.231437805232,29482.935719542817,29482.935719542817,0.0,0.0,0.0,0.0,0.0,0.0
A13,'Matrei West',16.79,0.0,0.0,15161.0,0.0,25846.426928735076,0.0,0.0,0.0,0.0,0.0,0.0,3547.0205131486437,0.0,29393.44744188372,0.0,15161.0,25846.426928735076,0.0,0.0,3547.0205131486437,29393.44744188372
A13,'Matrei Ost',16.95,2.0,0.0,29983.0,14822.0,16734.882296516167,16235.578741496129,1.0,76.0,46.0,75611.26545794276,45718.514461039,58876.38316142654,29482.935719542817,-4.865796654485166e-11,-4.865796654485166e-11,15161.0,499.30355502003806,30.0,29892.750996903756,29393.44744188372,0.0
A13,'Wipptalerhof Ost',22.41,1.0,2.0,10896.000000000471,10896.000000000471,2559.258804024997,2559.258804024997,0.0,0.0,0.0,0.0,0.0,-4.865796654485166e-11,-4.865796654485166e-11,2559.2588040249484,2559.2588040249484,0.0,0.0,0.0,0.0,0.0,0.0
A13,'Wipptalerhof West',22.56,0.0,2.0,11615.000000000608,0.0,13021.650439480618,0.0,1.0,13.0,0.0,12112.648153089795,0.0,0.0,0.0,909.0022863908234,0.0,11615.000000000608,13021.650439480618,13.0,12112.648153089795,0.0,909.0022863908234
A13,'Plon',23.61,1.0,2.0,10896.000000525348,10896.000000525348,9061.729580812602,9061.729580812602,0.0,0.0,0.0,0.0,0.0,2559.2588040249484,2559.2588040249484,11620.98838483755,11620.98838483755,0.0,0.0,0.0,0.0,0.0,0.0
A13,'Nößlach',26.91,2.0,1.0,23614.71960011509,11586.803224894727,15947.459093046333,3428.7910078521363,1.0,3.0,0.0,3000.0,0.0,12529.990671228374,11620.98838483755,25477.44976427471,15049.779392689687,12027.916375220364,12518.668085194196,3.0,3000.0,909.0022863908234,10427.67037158502
A13,'Gries Ost',29.15,1.0,0.0,11601.99774413572,11601.99774413572,11387.01827145676,11387.01827145676,1.0,4.0,4.0,3232.802175875002,3232.802175875002,15049.779392689687,15049.779392689687,23203.995488271445,23203.995488271445,0.0,0.0,0.0,0.0,0.0,0.0
A13,'Gries West',29.54,0.0,0.0,12036.99974796117,0.0,4238.013247571624,0.0,0.0,0.0,0.0,0.0,0.0,10427.67037158502,0.0,14665.683619156644,0.0,12036.99974796117,4238.013247571624,0.0,0.0,10427.67037158502,14665.683619156644
A13,'Brennersee - Fröhlich',32.6,0.0,2.0,12036.999999999998,0.0,7411.89807862851,0.0,0.0,0.0,0.0,0.0,0.0,14665.683619156644,0.0,22077.581697785154,0.0,12036.999999999998,7411.89807862851,0.0,0.0,14665.683619156644,22077.581697785154
A13,'Brennersee',33.44,0.0,0.0,12037.0,0.0,1996.4183022148509,0.0,0.0,0.0,0.0,0.0,0.0,22077.581697785154,0.0,24074.000000000007,0.0,12037.0,1996.4183022148509,0.0,0.0,22077.581697785154,24074.000000000007
A13,'Brennerpaß',34.16,2.0,0.0,23639.0,11602.0,2518.3592467820863,788.7146427742366,1.0,50.0,24.0,49796.35473505354,23992.710131045682,47277.99548827145,23203.995488271445,0.0,0.0,12037.0,1729.6446040078497,26.0,25803.644604007855,24074.000000000007,0.0
A14,'Hörbranz’,0.0,2.0,1.0,11914.47538487758,0.0,580.5002038524873,0.0,0.0,0.0,0.0,0.0,0.0,0.0,0.0,580.5002038524873,0.0,11914.47538487758,580.5002038524873,-0.0,0.0,0.0,580.5002038524873
A14,'Dornbirn West',15.07,1.0,2.0,22722.01674582917,22722.01674582917,41625.83313129372,41625.83313129372,0.0,0.0,0.0,0.0,0.0,0.0,0.0,41625.83313129372,41625.83313129372,0.0,0.0,0.0,0.0,0.0,0.0
A14,'Dornbirn Ost',15.27,0.0,2.0,22911.03673497288,0.0,67389.02531710501,0.0,1.0,68.0,0.0,67388.1826658006,0.0,580.5002038524873,0.0,581.3428551568941,0.0,22911.03673497288,67389.02531710501,68.0,67388.1826658006,580.5002038524873,581.3428551568941
A14,'Hohenems',24.48,2.0,0.0,53333.40958305029,26481.317311897245,99887.79432069242,49710.54770382436,1.0,98.0,48.0,98000.0,48000.0,42207.17598645062,41625.83313129372,44094.970307143056,43336.38083511809,26852.092271153047,50177.24661686807,50.0,50000.0,581.3428551568941,758.5894720249635
A14,'Rankweil West',33.46,0.0,2.0,22794.137882745563,0.0,41099.967515634846,0.0,1.0,40.0,0.0,40000.0,0.0,758.5894720249635,0.0,1858.556987659802,0.0,22794.137882745563,41099.967515634846,40.0,40000.0,758.5894720249635,1858.556987659802
A14,'Rankweil Ost',33.82,1.0,2.0,21949.829570058195,21949.829570058195,56639.54196425326,56639.54196425326,1.0,100.0,100.0,99975.92279937136,99975.92279937136,43336.38083511809,43336.38083511809,0.0,0.0,0.0,0.0,0.0,0.0,0.0,0.0
A14,'Schlins West',46.72,0.0,2.0,13115.0,0.0,35141.4430123402,0.0,1.0,37.0,0.0,37000.0,0.0,1858.556987659802,0.0,0.0,0.0,13115.0,35141.4430123402,37.0,37000.0,1858.556987659802,0.0
A14,'Schlins Ost',46.85,1.0,2.0,13492.000000000002,13492.000000000002,22886.809608579704,22886.809608579704,0.0,0.0,0.0,0.0,0.0,0.0,0.0,22886.80960857971,22886.80960857971,0.0,0.0,0.0,0.0,0.0,0.0
A14,'Nüziders',55.2,1.0,2.0,13282.144454187755,13282.144454187755,16978.23001179592,16978.23001179592,1.0,40.0,40.0,39865.03962037563,39865.03962037563,22886.80960857971,22886.80960857971,0.0,0.0,0.0,0.0,0.0,0.0,0.0,0.0
A2,'Guntramsdorf',14.43,2.0,0.0,106539.0608322543,51867.17485406379,341487.5079237672,183029.57068577447,1.0,320.0,161.0,319349.9829922194,160892.35336940733,0.0,0.0,22137.524931547785,22137.21731636714,54671.885978190505,158457.9372379927,159.0,158457.62962281206,0.0,0.30761518064537086
A2,'Triestingtal',32.08,0.0,1.0,40445.0,0.0,143069.6923848394,0.0,1.0,68.0,0.0,68000.0,0.0,0.30761518064537086,0.0,75070.00000002005,0.0,40445.0,143069.6923848394,68.0,68000.0,0.30761518064537086,75070.00000002005
A2,'Leobersdorf',32.08,1.0,1.0,39540.0,39540.0,56942.74699600472,56942.74699600472,0.0,0.0,-0.0,0.0,0.0,22137.21731636714,22137.21731636714,79079.96431237186,79079.96431237186,0.0,0.0,0.0,0.0,0.0,0.0
A2,'Föhrenberg',39.31,1.0,0.0,39539.98215618593,39539.98215618593,93778.97588690832,93778.97588690832,1.0,111.0,111.0,111000.0,111000.0,79079.96431237186,79079.96431237186,61858.94019928017,61858.94019928017,0.0,0.0,0.0,0.0,0.0,0.0
A2,'Bad Fischau',40.93,0.0,0.0,37535.00000001001,0.0,66634.96786186735,0.0,1.0,77.0,0.0,76836.96723135146,0.0,75070.00000002005,0.0,64868.00063053594,0.0,37535.00000001001,66634.96786186735,77.0,76836.96723135146,75070.00000002005,64868.00063053594
A2,'Steinfeld',50.35,0.0,1.0,32434.00031526797,0.0,59928.40402750363,0.0,1.0,84.0,0.0,84000.0,0.0,64868.00063053594,0.0,40796.40465803957,0.0,32434.00031526797,59928.40402750363,84.0,84000.0,64868.00063053594,40796.40465803957
A2,'Wr. Neustadt',51.18,1.0,1.0,31158.00000000052,31158.00000000052,64946.24580860265,64946.24580860265,1.0,90.0,90.0,90000.0,90000.0,61858.94019928017,61858.94019928017,36805.186007882825,36805.186007882825,0.0,0.0,0.0,0.0,0.0,0.0
A2,'Witzelsberg',60.84,0.0,2.0,21168.0000351488,0.0,44783.30498303353,0.0,1.0,51.0,0.0,51000.0,0.0,40796.40465803957,0.0,34579.7096410731,0.0,21168.0000351488,44783.30498303353,51.0,51000.0,40796.40465803957,34579.7096410731
A2,'Gleissenfeld',61.52,1.0,2.0,18726.0,18726.0,64345.96758390275,64345.96758390275,1.0,69.0,69.0,68705.15359178557,68705.15359178557,36805.186007882825,36805.186007882825,32446.000000000004,32446.000000000004,0.0,0.0,0.0,0.0,0.0,0.0
A2,'Zöbern',78.76,2.0,0.0,34076.0,16223.0,89918.35315876387,25909.766934785785,1.0,126.0,58.0,125207.12383809272,57872.75430735398,67025.7096410731,32446.000000000004,31736.93896174425,483.01262743180996,17853.0,64008.58622397808,68.0,67334.36953073874,34579.7096410731,31253.92633431244
A2,'Schäffern Ost',86.7,1.0,1.0,16223.0,16223.0,36516.98737256819,36516.98737256819,1.0,37.0,37.0,37000.0,37000.0,483.01262743180996,483.01262743180996,0.0,0.0,0.0,0.0,0.0,0.0,0.0,0.0
A2,'Pinkafeld/Ost',97.98,1.0,2.0,14325.0,14325.0,21727.470606482195,21727.470606482195,0.0,0.0,-0.0,0.0,0.0,0.0,0.0,21727.470606482195,21727.470606482195,0.0,0.0,0.0,0.0,0.0,0.0
A2,'Pinkafeld/West',98.0,0.0,2.0,15628.999999999998,0.0,60166.60979667192,0.0,1.0,91.0,0.0,91000.0,0.0,31253.92633431244,0.0,420.53613098435744,0.0,15628.999999999998,60166.60979667192,91.0,91000.0,31253.92633431244,420.53613098435744
A2,'Loipersdorf',105.5,2.0,0.0,27899.0,13287.0,41927.32661100383,19788.474256334783,1.0,31.0,15.0,30941.944862816978,14941.944862816978,22148.006737466552,21727.470606482195,33133.388485653406,26574.0,14612.0,22138.85235466905,16.0,16000.0,420.53613098435744,6559.388485653406
A2,'St. Johann/Süd',113.05,1.0,2.0,13287.000477266132,13287.000477266132,55839.64905204145,55839.64905204145,1.0,56.0,56.0,56000.0,56000.0,26574.0,26574.0,26413.64905204145,26413.64905204145,0.0,0.0,0.0,0.0,0.0,0.0
A2,'St. Johann/Nord',113.24,0.0,2.0,14612.067329295864,0.0,22243.9351941791,0.0,0.0,0.0,0.0,0.0,0.0,6559.388485653406,0.0,28803.323679832505,0.0,14612.067329295864,22243.9351941791,0.0,0.0,6559.388485653406,28803.323679832505
A2,'Hainersdorf',133.87,0.0,1.0,16034.999999999998,0.0,66144.33253637272,0.0,1.0,63.0,0.0,63000.0,0.0,28803.323679832505,0.0,31947.656216205225,0.0,16034.999999999998,66144.33253637272,63.0,63000.0,28803.323679832505,31947.656216205225
A2,'Bad Blumau',134.06,1.0,1.0,14879.0,14879.0,39913.51522050923,39913.51522050923,1.0,66.0,66.0,65908.90200131638,65908.90200131638,26413.64905204145,26413.64905204145,418.26227123429635,418.26227123429635,0.0,0.0,0.0,0.0,0.0,0.0
A2,'Ilztal/Nord ',147.5,1.0,2.0,16946.156088329964,16946.156088329964,22142.86453298605,22142.86453298605,0.0,0.0,-0.0,0.0,0.0,418.26227123429635,418.26227123429635,22561.126804220345,22561.126804220345,0.0,0.0,0.0,0.0,0.0,0.0
A2,'Arnwiesen',154.1,2.0,0.0,36495.0010822289,16966.000585729496,135214.80430038154,56438.87319577954,1.0,151.0,79.0,151000.0,79000.0,54508.78302042557,22561.126804220345,38723.58732080711,-1.1641532182693481e-10,19529.0004964994,78775.931104602,72.0,72000.0,31947.656216205225,38723.58732080723
A2,'Laßnitzhöhe Nord',170.16,0.0,1.0,27470.0,0.0,89210.41764080411,0.0,1.0,84.0,0.0,84000.0,0.0,38723.58732080723,0.0,43934.00496161134,0.0,27470.0,89210.41764080411,84.0,84000.0,38723.58732080723,43934.00496161134
A2,'Laßnitzhöhe Süd',170.65,1.0,1.0,29743.0,29743.0,119872.94775894134,119872.94775894134,1.0,79.0,79.0,79000.0,79000.0,-1.1641532182693481e-10,-1.1641532182693481e-10,40872.94775894123,40872.94775894123,0.0,0.0,0.0,0.0,0.0,0.0
A2,'Kaiserwald',190.77,2.0,0.0,42649.00410506857,20682.001624263023,212311.14271654858,122041.70261988904,1.0,264.0,147.0,264000.0,147000.0,84806.95272055257,40872.94775894123,33118.09543710116,15914.650378830265,21967.00248080555,90269.44009665956,117.0,117000.0,43934.00496161134,17203.445058270896
A2,'Herzogberg Nord',220.13,0.0,1.0,8807.00000002098,0.0,51848.951152018446,0.0,1.0,52.0,0.0,52000.0,0.0,17203.445058270896,0.0,17052.396210289342,0.0,8807.00000002098,51848.951152018446,52.0,52000.0,17203.445058270896,17052.396210289342
A2,'Herzogberg Süd',220.19,1.0,1.0,8120.999999999229,8120.999999999229,24362.120249568077,24362.120249568077,1.0,40.0,40.0,39024.32149703211,39024.32149703211,15914.650378830265,15914.650378830265,1252.449131366231,1252.449131366231,0.0,0.0,0.0,0.0,0.0,0.0
A2,'Pack',235.21,2.0,0.0,16928.0,8120.999999999999,38160.3171582835,11620.302997858087,1.0,51.0,12.0,51000.0,12000.0,18304.84534165557,1252.449131366231,5465.16249993907,872.7521292243182,8807.0,26540.01416042541,39.0,39000.0,17052.396210289342,4592.4103707147515
A2,'Twimberg Süd',242.34,1.0,2.0,9189.0,9189.0,32127.24787077568,32127.24787077568,1.0,33.0,33.0,33000.0,33000.0,872.7521292243182,872.7521292243182,0.0,0.0,0.0,0.0,0.0,0.0,0.0,0.0
A2,'Twimberg Nord',242.44,0.0,2.0,8465.0,0.0,12179.507200753324,0.0,0.0,0.0,0.0,0.0,0.0,4592.4103707147515,0.0,16771.917571468075,0.0,8465.0,12179.507200753324,-0.0,0.0,4592.4103707147515,16771.917571468075
A2,'Fischering',259.85,1.0,2.0,10919.0,10919.0,19551.337675387487,19551.337675387487,0.0,0.0,-0.0,0.0,0.0,0.0,0.0,19551.337675387487,19551.337675387487,0.0,0.0,0.0,0.0,0.0,0.0
A2,'St. Ändra',262.91,0.0,2.0,11358.00000168869,0.0,46444.591455370966,0.0,1.0,57.0,0.0,57000.0,0.0,16771.917571468075,0.0,6216.509026839041,0.0,11358.00000168869,46444.591455370966,57.0,57000.0,16771.917571468075,6216.509026839041
A2,'Gönitz/Süd',268.86,1.0,2.0,11607.0,11607.0,37377.39333079138,37377.39333079138,1.0,56.0,56.0,55999.186063265995,55999.186063265995,19551.337675387487,19551.337675387487,929.5449429128785,929.5449429128785,0.0,0.0,0.0,0.0,0.0,0.0
A2,'Gönitz/Nord',268.89,0.0,2.0,12420.0,0.0,14890.993721836305,0.0,0.0,0.0,0.0,0.0,0.0,6216.509026839041,0.0,21107.502748675346,0.0,12420.0,14890.993721836305,0.0,0.0,6216.509026839041,21107.502748675346
A2,'Haimburg Nord',279.17,0.0,2.0,10779.0,0.0,21954.76010391007,0.0,1.0,22.0,0.0,22000.0,0.0,21107.502748675346,0.0,21062.262852585416,0.0,10779.0,21954.76010391007,22.0,22000.0,21107.502748675346,21062.262852585416
A2,'Völkermarkt',285.09,2.0,0.0,21133.0,10354.0,43435.933157851614,30778.45505708712,1.0,24.0,11.0,24000.0,11000.0,21991.807795498295,929.5449429128785,41427.740953349916,20708.0,10779.0,12657.478100764496,13.0,13000.0,21062.262852585416,20719.740953349912
A2,'Grafenstein Süd',300.0,1.0,1.0,13587.999999999998,13587.999999999998,64499.09491933518,64499.09491933518,1.0,73.0,73.0,72134.91510815047,72134.91510815047,20708.0,20708.0,13072.179811184713,13072.179811184713,0.0,0.0,0.0,0.0,0.0,0.0
A2,'Grafenstein Nord',300.0,0.0,1.0,13362.0,0.0,39644.441582321415,0.0,1.0,34.0,0.0,34000.0,0.0,20719.740953349912,0.0,26364.182535671327,0.0,13362.0,39644.441582321415,34.0,34000.0,20719.740953349912,26364.182535671327
A2,'Krumpendorf/Nord',329.28,0.0,2.0,19027.00404912327,0.0,72939.3212153292,0.0,1.0,62.0,0.0,62000.0,0.0,26364.182535671327,0.0,37303.50375100052,0.0,19027.00404912327,72939.3212153292,62.0,62000.0,26364.182535671327,37303.50375100052
A2,'Karawankenblick/Süd',333.84,1.0,2.0,19384.999372588507,19384.999372588507,24175.820186266053,24175.820186266053,0.0,0.0,-0.0,0.0,0.0,13072.179811184713,13072.179811184713,37247.99999745077,37247.99999745077,0.0,0.0,0.0,0.0,0.0,0.0
A2,'Wörthersee',340.13,2.0,0.0,38076.99999701492,18623.999998725383,75344.61920701242,33207.340641554634,1.0,148.0,70.0,146887.18642977718,69502.29107874283,74551.50374845129,37247.99999745077,3008.936525686506,953.049560262567,19452.999998289542,42137.27856545779,78.0,77384.89535103437,37303.50375100052,2055.886965423939
A2,'Sternberg/Süd',349.01,1.0,2.0,19615.999955893047,19615.999955893047,0.0,0.0,0.0,0.0,0.0,0.0,0.0,953.049560262567,953.049560262567,953.049560262567,953.049560262567,0.0,0.0,0.0,0.0,0.0,0.0
A2,'Sternberg/Nord',349.03,0.0,2.0,17176.999989573145,0.0,30590.1422357276,0.0,0.0,0.0,0.0,0.0,0.0,2055.886965423939,0.0,32646.029201151538,0.0,17176.999989573145,30590.1422357276,-0.0,0.0,2055.886965423939,32646.029201151538
A2,'Federaun/Nord',361.73,0.0,2.0,16516.999999999996,0.0,41902.47823736397,0.0,1.0,56.0,0.0,56000.0,0.0,32646.029201151538,0.0,18548.507438515506,0.0,16516.999999999996,41902.47823736397,56.0,56000.0,32646.029201151538,18548.507438515506
A2,'Federaun/Süd',362.78,1.0,2.0,14962.999999991674,14962.999999991674,53969.28273959152,53969.28273959152,1.0,54.0,54.0,54000.0,54000.0,953.049560262567,953.049560262567,922.3322998540898,922.3322998540898,0.0,0.0,0.0,0.0,0.0,0.0
A2,'Dreiländereck Süd',374.17,2.0,0.0,29010.99995582863,19615.999955893047,73068.57514847351,49722.012510574656,1.0,91.0,50.0,91000.0,50000.0,19470.839738369596,922.3322998540898,1539.4148868430993,644.3448104287459,9394.99999993558,23346.56263789885,41.0,41000.0,18548.507438515506,895.0700764143536
A2,'Dreiländereck Nord',374.27,2.0,0.0,24357.99999982947,14963.000000000002,3460.5851131569007,3355.655189571254,1.0,5.0,4.0,5000.0,4000.0,1539.4148868430993,644.3448104287459,0.0,0.0,9394.999999829468,104.92992358564643,1.0,1000.0,895.0700764143536,0.0
A21,'Alland',14.68,2.0,0.0,40163.5,20070.5,103417.58750904436,53997.24861527208,1.0,64.0,54.0,63997.24861527208,53997.24861527208,0.0,0.0,39420.33889377227,0.0,20093.0,49420.33889377227,10.0,10000.0,0.0,39420.33889377227
A21,'Dornbach',19.96,1.0,2.0,19174.48344498892,19174.48344498892,20444.35624155757,20444.35624155757,0.0,0.0,-0.0,0.0,0.0,0.0,0.0,20444.356241557573,20444.356241557573,0.0,0.0,0.0,0.0,0.0,0.0
A21,'Sparbach',26.99,1.0,2.0,19671.37785407049,19671.37785407049,27694.943399277778,27694.943399277778,1.0,49.0,49.0,48139.29964083535,48139.29964083535,20444.356241557573,20444.356241557573,0.0,0.0,0.0,0.0,0.0,0.0,0.0,0.0
A21,'Hinterbrühl',26.99,0.0,1.0,19730.962284466663,0.0,44502.271823291965,0.0,1.0,84.0,0.0,83922.61071706424,0.0,39420.33889377227,0.0,0.0,0.0,19730.962284466663,44502.271823291965,84.0,83922.61071706424,39420.33889377227,0.0
A22,'Korneuburg West',18.04,1.0,0.0,32131.000000493023,32131.000000493023,63932.21893438356,63932.21893438356,1.0,4.0,4.0,4000.0,4000.0,0.0,0.0,59932.21893438356,59932.21893438356,0.0,0.0,0.0,0.0,0.0,0.0
A22,'Korneuburg Ost',18.12,0.0,0.0,32321.000000000007,0.0,116866.4197787237,0.0,1.0,117.0,0.0,116866.4197787237,0.0,0.0,0.0,0.0,0.0,32321.000000000007,116866.4197787237,117.0,116866.4197787237,0.0,0.0
A22,'Stockerau',28.09,1.0,0.0,30190.007584098337,30190.007584098337,9009.757712564318,9009.757712564318,1.0,69.0,69.0,68941.97664694788,68941.97664694788,59932.21893438356,59932.21893438356,0.0,0.0,0.0,0.0,0.0,0.0,0.0,0.0
A25,'Pucking',5.97,0.0,1.0,21620.0,0.0,25350.64141680889,0.0,0.0,0.0,0.0,0.0,0.0,0.0,0.0,25350.64141680889,0.0,21620.0,25350.64141680889,0.0,0.0,0.0,25350.64141680889
A25,'Sinnersdorf/Süd',6.11,1.0,2.0,21271.0,21271.0,28981.93257809412,28981.93257809412,0.0,0.0,0.0,0.0,0.0,0.0,0.0,28981.93257809412,28981.93257809412,0.0,0.0,0.0,0.0,0.0,0.0
A25,'Wels',13.06,2.0,0.0,49975.503210327646,24897.02101145736,71240.92245977157,35752.43236667305,1.0,126.0,65.0,125573.49645467458,64734.36494476717,54332.57399490301,28981.93257809412,0.0,0.0,25078.48219887029,35488.490093098524,61.0,60839.13150990741,25350.64141680889,0.0
A3,'Hornstein',28.0,2.0,0.0,35088.0,17661.0,114520.76259901357,47668.58798974191,1.0,115.0,48.0,114520.76259901357,47668.58798974191,0.0,0.0,0.0,0.0,17427.0,66852.17460927166,67.0,66852.17460927166,0.0,0.0
A4,'Simmering',2.45,0.0,0.0,35371.78969176939,0.0,22257.83857434953,0.0,0.0,0.0,0.0,0.0,0.0,0.0,0.0,22257.83857434953,0.0,35371.78969176939,22257.83857434953,0.0,0.0,0.0,22257.83857434953
A4,'Fischamend',22.33,0.0,1.0,28227.0,0.0,112756.86408974236,0.0,1.0,135.0,0.0,134594.18016125378,0.0,22257.83857434953,0.0,420.5225028381028,0.0,28227.0,112756.86408974236,135.0,134594.18016125378,22257.83857434953,420.5225028381028
A4,'Maria Ellend',22.48,1.0,1.0,27990.0,27990.0,32591.644875563223,32591.644875563223,0.0,0.0,0.0,0.0,0.0,0.0,0.0,32591.644875563223,32591.644875563223,0.0,0.0,0.0,0.0,0.0,0.0
A4,'Göttlesbrunn',28.04,2.0,0.0,47550.0,23278.0,112197.1085476203,84150.56147475471,1.0,145.0,117.0,144742.20635031792,116742.20635031792,33012.167378401326,32591.644875563223,467.0695757036883,0.0,24272.0,28046.547072865586,28.0,28000.0,420.5225028381028,467.0695757036883
A4,'Parndorf',46.23,1.0,2.0,19928.0,19928.0,74634.97330866668,74634.97330866668,1.0,74.0,74.0,73775.75779689412,73775.75779689412,0.0,0.0,859.2155117725572,859.2155117725572,0.0,0.0,0.0,0.0,0.0,0.0
A4,'Neusiedl',47.01,0.0,2.0,21837.0,0.0,82260.78440998313,0.0,1.0,82.0,0.0,82000.0,0.0,467.0695757036883,0.0,727.8539856868156,0.0,21837.0,82260.78440998313,82.0,82000.0,467.0695757036883,727.8539856868156
A4,'Nickelsdorf Süd',64.65,0.0,0.0,10545.000205483248,0.0,37272.146014313184,0.0,1.0,38.0,0.0,38000.0,0.0,727.8539856868156,0.0,0.0,0.0,10545.000205483248,37272.146014313184,38.0,38000.0,727.8539856868156,0.0
A4,'Nickelsdorf Nord',64.97,1.0,0.0,7158.000028017371,7158.000028017371,1140.7844882274428,1140.7844882274428,1.0,2.0,2.0,2000.0,2000.0,859.2155117725572,859.2155117725572,0.0,0.0,0.0,0.0,0.0,0.0,0.0,0.0
A5,'Hochleithen',10.63,2.0,0.0,35611.2,18304.7,171050.44466718304,136176.4756229533,1.0,172.0,137.0,171050.44466718304,136176.4756229533,0.0,0.0,0.0,0.0,17306.5,34873.96904422976,35.0,34873.96904422976,0.0,0.0
A6,'Potzneusiedl',10.8,2.0,0.0,15204.999999970727,7878.999999983744,33671.23460537669,17937.695343993484,1.0,34.0,18.0,33671.23460537669,17937.695343993484,0.0,0.0,0.0,0.0,7325.999999986983,15733.539261383205,16.0,15733.539261383205,0.0,0.0
A7,'Engerwitzdorf',25.71,1.0,1.0,19344.0,19344.0,4050.242286953621,4050.242286953621,1.0,5.0,5.0,4050.242286953621,4050.242286953621,0.0,0.0,0.0,0.0,0.0,0.0,0.0,0.0,0.0,0.0
A7,'Denk',25.76,0.0,1.0,18851.0,0.0,97075.89483825683,0.0,1.0,98.0,0.0,97075.89483825683,0.0,0.0,0.0,0.0,0.0,18851.0,97075.89483825683,98.0,97075.89483825683,0.0,0.0
A8,'Voralpenkreuz',0.17,2.0,0.0,20453.0,10372.0,35002.97696040159,34120.79930409758,0.0,34.0,34.0,34000.0,34000.0,0.0,0.0,1002.9769604015911,120.79930409757799,10081.0,882.1776563040131,-0.0,0.0,0.0,882.1776563040131
A8,'Oberham/Süd',16.76,1.0,2.0,24053.99876684948,24053.99876684948,18977.635739131696,18977.635739131696,0.0,0.0,-0.0,0.0,0.0,120.79930409757799,120.79930409757799,19098.43504322927,19098.43504322927,0.0,0.0,0.0,0.0,0.0,0.0
A8,'Oberham/Nord',18.32,0.0,2.0,21938.95947401208,0.0,79070.52120426737,0.0,1.0,72.0,0.0,72000.00000000001,0.0,882.1776563040131,0.0,7952.698860571374,0.0,21938.95947401208,79070.52120426737,72.0,72000.00000000001,882.1776563040131,7952.698860571374
A8,'Schnittering/Süd',20.68,1.0,2.0,17695.568077309275,17695.568077309275,46433.72435952304,46433.72435952304,1.0,66.0,66.0,65532.15940275231,65532.15940275231,19098.43504322927,19098.43504322927,0.0,0.0,0.0,0.0,0.0,0.0,0.0,0.0
A8,'Kematen/Nord',24.85,0.0,2.0,16374.0,0.0,21401.04458132792,0.0,0.0,0.0,0.0,0.0,0.0,7952.698860571374,0.0,29353.74344189929,0.0,16374.0,21401.04458132792,-0.0,0.0,7952.698860571374,29353.74344189929
A8,'Aistersheim',33.81,2.0,0.0,30956.0,15977.0,60874.30024176926,34038.438051245816,1.0,90.0,34.0,90000.00000000007,34000.0,29353.74344189929,0.0,228.04368366855442,38.438051245815586,14979.0,26835.862190523447,56.0,56000.00000000007,29353.74344189929,189.60563242273884
A8,'Gotthaming',43.74,0.0,2.0,13574.002126406618,0.0,26867.96010209468,0.0,0.0,0.0,0.0,0.0,0.0,189.60563242273884,0.0,27057.56573451742,0.0,13574.002126406618,26867.96010209468,-0.0,0.0,189.60563242273884,27057.56573451742
A8,'Renhartsberg',44.47,1.0,2.0,14008.000000000133,14008.000000000133,14392.702685008398,14392.702685008398,0.0,0.0,-0.0,0.0,0.0,38.438051245815586,38.438051245815586,14431.140736254214,14431.140736254214,0.0,0.0,0.0,0.0,0.0,0.0
A8,'Grübl/Süd’,49.59,1.0,2.0,14008.0,14008.0,20419.630414824154,20419.630414824154,1.0,7.0,7.0,6834.771151078365,6834.771151078365,14431.140736254214,14431.140736254214,28016.000000000004,28016.000000000004,0.0,0.0,0.0,0.0,0.0,0.0
A8,'Grübl/Nord',49.61,0.0,2.0,13574.000000000002,0.0,15944.892462999343,0.0,1.0,16.0,0.0,16000.000000000018,0.0,27057.56573451742,0.0,27002.458197516713,0.0,13574.000000000002,15944.892462999343,16.0,16000.000000000018,27057.56573451742,27002.458197516713
A8,'Murau West',56.77,1.0,1.0,14172.0,14172.0,41708.92113869764,41708.92113869764,1.0,58.0,58.0,57723.372828876105,57723.372828876105,28016.000000000004,28016.000000000004,12001.548309821534,12001.548309821534,0.0,0.0,0.0,0.0,0.0,0.0
A8,'Murau Ost',56.88,0.0,1.0,13536.0,0.0,19847.682360943298,0.0,1.0,46.0,0.0,46000.00000000006,0.0,27002.458197516713,0.0,850.1405584599524,0.0,13536.0,19847.682360943298,46.0,46000.00000000006,27002.458197516713,850.1405584599524
A8,'Marienkirchen/Schärding’,71.6,1.0,1.0,10055.234280795672,10055.234280795672,6370.451690557319,6370.451690557319,0.0,0.0,0.0,0.0,0.0,12001.548309821534,12001.548309821534,18372.000000378852,18372.000000378852,0.0,0.0,0.0,0.0,0.0,0.0
A8,'Dietrichshofen/Ost',72.06,0.0,2.0,8836.923336744558,0.0,26734.753655044016,0.0,1.0,28.0,0.0,27584.89421350397,0.0,850.1405584599524,0.0,0.0,0.0,8836.923336744558,26734.753655044016,28.0,27584.89421350397,850.1405584599524,0.0
A8,'Suben West',74.77,1.0,0.0,9186.000000189424,9186.000000189424,2309.5037607612567,2309.5037607612567,1.0,21.0,21.0,20681.50376114011,20681.50376114011,18372.000000378852,18372.000000378852,0.0,0.0,0.0,0.0,0.0,0.0,0.0,0.0
A9,'Maisdorf/Ost',12.66,1.0,2.0,10503.0,10503.0,49687.49353628505,49687.49353628505,1.0,49.0,49.0,48505.65360511458,48505.65360511458,0.0,0.0,1181.8399311704707,1181.8399311704707,0.0,0.0,0.0,0.0,0.0,0.0
A9,'Maisdorf/West',12.73,0.0,2.0,11055.0,0.0,28126.582456850745,0.0,1.0,28.0,0.0,28000.0,0.0,0.0,0.0,126.58245685074507,0.0,11055.0,28126.582456850745,28.0,28000.0,0.0,126.58245685074507
A9,'St. Pankraz',36.36,2.0,0.0,13974.0,6941.0,59101.108124232705,25927.407981916764,1.0,59.0,26.0,59000.0,26000.0,1308.4223880212157,1181.8399311704707,1409.5305122539248,1109.2479130872343,7033.0,33173.700142315945,33.0,33000.0,126.58245685074507,300.2825991666905
A9,'Pyhrn-Priel Ost’,55.03,1.0,1.0,7591.971611767987,7591.971611767987,16849.293094569046,16849.293094569046,1.0,17.0,17.0,17000.0,17000.0,1109.2479130872343,1109.2479130872343,958.5410076562803,958.5410076562803,0.0,0.0,0.0,0.0,0.0,0.0
A9,'Pyhrn-Priel West',55.04,0.0,1.0,8230.855228133318,0.0,31192.30198661983,0.0,1.0,31.0,0.0,31000.0,0.0,300.2825991666905,0.0,492.5845857865206,0.0,8230.855228133318,31192.30198661983,31.0,31000.0,300.2825991666905,492.5845857865206
A9,'Ardning Ost',65.96,1.0,2.0,13083.999999877302,13083.999999877302,31041.45899234372,31041.45899234372,1.0,32.0,32.0,32000.0,32000.0,958.5410076562803,958.5410076562803,0.0,0.0,0.0,0.0,0.0,0.0,0.0,0.0
A9,'Ardning West',66.04,0.0,2.0,13361.999999983376,0.0,29114.41644929437,0.0,1.0,29.0,0.0,29000.0,0.0,492.5845857865206,0.0,607.0010350808916,0.0,13361.999999983376,29114.41644929437,29.0,29000.0,492.5845857865206,607.0010350808916
A9,'Rottenmann/Nord',77.91,1.0,2.0,13084.0,13084.0,20345.18808414952,20345.18808414952,0.0,0.0,0.0,0.0,0.0,0.0,0.0,20345.18808414952,20345.18808414952,0.0,0.0,0.0,0.0,0.0,0.0
A9,'Rottenmann/Süd',78.18,0.0,2.0,13362.0,0.0,32196.632573168365,0.0,1.0,32.0,0.0,32000.0,0.0,607.0010350808916,0.0,803.6336082492562,0.0,13362.0,32196.632573168365,32.0,32000.0,607.0010350808916,803.6336082492562
A9,'Trieben',85.7,2.0,0.0,20906.0,10287.0,29194.785607799568,13223.224664742887,1.0,27.0,13.0,26319.498117802883,12994.412748892406,21148.821692398775,20345.18808414952,24024.10918239546,20574.0,10619.0,15971.560943056678,14.0,13325.085368910475,803.6336082492562,3450.1091823954594
A9,'Gaishorn',92.11,1.0,1.0,10287.0,10287.0,59758.32239265699,59758.32239265699,1.0,80.0,80.0,79043.17855595137,79043.17855595137,20574.0,20574.0,1289.1438367056166,1289.1438367056166,0.0,0.0,0.0,0.0,0.0,0.0
A9,'Treglwang',94.03,0.0,2.0,10619.0,0.0,17705.39000500141,0.0,0.0,0.0,0.0,0.0,0.0,3450.1091823954594,0.0,21155.49918739687,0.0,10619.0,17705.39000500141,0.0,0.0,3450.1091823954594,21155.49918739687
A9,'Kalwang',106.26,0.0,1.0,10953.0,0.0,26930.486362994383,0.0,1.0,48.0,0.0,48000.0,0.0,21155.49918739687,0.0,85.98555039124949,0.0,10953.0,26930.486362994383,48.0,48000.0,21155.49918739687,85.98555039124949
A9,'Kammern Nord',121.18,1.0,2.0,10926.0,10926.0,175.9889804448717,175.9889804448717,0.0,0.0,0.0,0.0,0.0,1289.1438367056166,1289.1438367056166,1465.1328171504883,1465.1328171504883,0.0,0.0,0.0,0.0,0.0,0.0
A9,'Kammern Süd',121.26,2.0,0.0,21954.0,10926.0,64341.42807325543,31427.413623646764,1.0,65.0,32.0,65000.0,32000.0,1551.1183675417378,1465.1328171504883,892.5464407971667,892.5464407972522,11028.0,32914.014449608665,33.0,33000.0,85.98555039124949,-8.549250196665525e-11
A9,'St. Michael',135.01,0.0,2.0,11073.004965524444,0.0,30404.004309309235,0.0,1.0,18.0,0.0,18000.0,0.0,-8.549250196665525e-11,0.0,12404.00430930915,0.0,11073.004965524444,30404.004309309235,18.0,18000.0,-8.549250196665525e-11,12404.00430930915
A9,'Ortnerhof Nord',135.65,1.0,2.0,10574.999873012946,10574.999873012946,7705.628111447948,7705.628111447948,0.0,0.0,0.0,0.0,0.0,892.5464407972522,892.5464407972522,8598.1745522452,8598.1745522452,0.0,0.0,0.0,0.0,0.0,0.0
A9,'Ortnerhof Süd’,135.65,0.0,2.0,11073.999444063618,0.0,1386.6510981153897,0.0,0.0,0.0,0.0,0.0,0.0,12404.00430930915,0.0,13790.65540742454,0.0,11073.999444063618,1386.6510981153897,0.0,0.0,12404.00430930915,13790.65540742454
A9,'Hinterlainsach/Ost',139.16,0.0,2.0,11074.0,0.0,7841.721665687022,0.0,0.0,0.0,0.0,0.0,0.0,13790.65540742454,0.0,21632.377073111562,0.0,11074.0,7841.721665687022,0.0,0.0,13790.65540742454,21632.377073111562
A9,'Hinterlainsach/West',139.3,1.0,2.0,10575.0,10575.0,31388.73352344284,31388.73352344284,1.0,39.0,39.0,39000.0,39000.0,8598.1745522452,8598.1745522452,986.9080756880394,986.9080756880394,0.0,0.0,0.0,0.0,0.0,0.0
A9,'Kleintal',150.57,0.0,2.0,11777.0,0.0,26809.336064293304,0.0,1.0,34.0,0.0,33527.69081376733,0.0,21632.377073111562,0.0,14914.022323637533,0.0,11777.0,26809.336064293304,34.0,33527.69081376733,21632.377073111562,14914.022323637533
A9,'Übelbach 1',154.16,1.0,2.0,11512.0,11512.0,17781.923523171823,17781.923523171823,0.0,0.0,-0.0,0.0,0.0,986.9080756880394,986.9080756880394,18768.831598859862,18768.831598859862,0.0,0.0,0.0,0.0,0.0,0.0
A9,'Übelbach 2',154.24,0.0,2.0,11777.0,0.0,8639.97767636247,0.0,0.0,0.0,0.0,0.0,0.0,14914.022323637533,0.0,23554.000000000004,0.0,11777.0,8639.97767636247,0.0,0.0,14914.022323637533,23554.000000000004
A9,'Deutschfeistritz',161.95,2.0,0.0,23289.000114064176,11512.00005904891,76050.65254937344,58046.72415264104,1.0,118.0,76.0,117557.9283967324,76000.0,42322.83159885986,18768.831598859862,815.5557515009059,815.5557515009059,11777.000055015264,18003.928396732397,42.0,41557.9283967324,23554.000000000004,0.0
A9,'Eggenfeld',169.13,0.0,2.0,20432.1080698656,0.0,29453.135965858,0.0,0.0,0.0,0.0,0.0,0.0,0.0,0.0,29453.135965858,0.0,20432.1080698656,29453.135965858,-0.0,0.0,0.0,29453.135965858
A9,'Feldkirchen',186.97,1.0,2.0,29999.01028154669,29999.01028154669,57184.44424849908,57184.44424849908,1.0,58.0,58.0,58000.0,58000.0,815.5557515009059,815.5557515009059,-1.4551915228366852e-11,-1.4551915228366852e-11,0.0,0.0,0.0,0.0,0.0,0.0
A9,'Premstätten',192.48,0.0,1.0,32302.511670869648,0.0,152381.31708348572,0.0,1.0,182.0,0.0,181448.1247091022,0.0,29453.135965858,0.0,386.3283402415109,0.0,32302.511670869648,152381.31708348572,182.0,181448.1247091022,29453.135965858,386.3283402415109
A9,'Thalerhof',196.52,1.0,2.0,26113.265874187266,26113.265874187266,77662.26512324884,77662.26512324884,1.0,39.0,39.0,39000.0,39000.0,-1.4551915228366852e-11,-1.4551915228366852e-11,38662.26512324883,38662.26512324883,0.0,0.0,0.0,0.0,0.0,0.0
A9,'Gralla West',211.06,0.0,0.0,20689.0,0.0,76643.58637779353,0.0,1.0,77.0,0.0,77000.0,0.0,386.3283402415109,0.0,29.91471803503373,0.0,20689.0,76643.58637779353,77.0,77000.0,386.3283402415109,29.91471803503373
A9,'Gralla Ost',211.45,1.0,0.0,19399.0,19399.0,52785.10516275293,52785.10516275293,1.0,91.0,91.0,90914.35388376017,90914.35388376017,38662.26512324883,38662.26512324883,533.0164022416011,533.0164022416011,0.0,0.0,0.0,0.0,0.0,0.0
A9,'Straß West',225.02,0.0,2.0,8239.000000000515,0.0,22970.085281964966,0.0,1.0,23.0,0.0,23000.0,0.0,29.91471803503373,0.0,0.0,0.0,8239.000000000515,22970.085281964966,23.0,23000.0,29.91471803503373,0.0
A9,'Straß Ost’,225.02,1.0,2.0,7452.000000000777,7452.000000000777,7466.983597758399,7466.983597758399,1.0,8.0,8.0,8000.0,8000.0,533.0164022416011,533.0164022416011,0.0,0.0,0.0,0.0,0.0,0.0,0.0,0.0
S16,'Schnann',18.9,2.0,0.0,9860.99996031521,4918.999960315217,43437.30630977449,24737.232699426502,1.0,25.0,16.0,25000.0,16000.0,0.0,0.0,18437.306309774485,8737.232699426502,4941.999999999992,18700.073610347983,9.0,9000.0,0.0,9700.073610347983
S16,'Klösterle',44.17,1.0,0.0,4439.000000265529,4439.000000265529,13183.237295726443,13183.237295726443,1.0,21.0,21.0,20959.125600487925,20959.125600487925,8737.232699426502,8737.232699426502,961.3443946650209,961.3443946650209,0.0,0.0,0.0,0.0,0.0,0.0
S16,'Innerbraz',54.99,0.0,0.0,5391.999999999998,0.0,38789.08951452321,0.0,1.0,48.0,0.0,47855.63876086052,0.0,9700.073610347983,0.0,633.5243640106783,0.0,5391.999999999998,38789.08951452321,48.0,47855.63876086052,9700.073610347983,633.5243640106783
S16,'Radin Süd',59.01,1.0,2.0,5252.0,5252.0,3038.655605334979,3038.655605334979,1.0,4.0,4.0,4000.0,4000.0,961.3443946650209,961.3443946650209,0.0,0.0,0.0,0.0,0.0,0.0,0.0,0.0
S16,'Radin Nord',59.03,0.0,2.0,5392.0,0.0,4366.475635989322,0.0,1.0,5.0,0.0,5000.0,0.0,633.5243640106783,0.0,0.0,0.0,5392.0,4366.475635989322,5.0,5000.0,633.5243640106783,0.0
S1A,'Schwechat',9.85,2.0,0.0,61703.49999987559,30239.99999989978,98660.20943375537,59618.68647486362,1.0,100.0,60.0,98660.20943375537,59618.68647486362,0.0,0.0,0.0,0.0,31463.499999975807,39041.52295889174,40.0,39041.52295889174,0.0,0.0
S1B,'Deutsch Wagram',39.05,2.0,0.0,32604.83333333333,16366.866666666663,73145.99870320682,63468.89404468598,1.0,74.0,64.0,73145.99870320682,63468.89404468598,0.0,0.0,0.0,0.0,16237.966666666664,9677.10465852084,10.0,9677.10465852084,0.0,0.0
S3,'Hollabrunn',23.6,1.0,2.0,6766.0,6766.0,15563.630436509862,15563.630436509862,1.0,16.0,16.0,15563.630436509862,15563.630436509862,0.0,0.0,0.0,0.0,0.0,0.0,0.0,0.0,0.0,0.0
S31,‘Mattersburg’,52.09,1.0,2.0,8153.0,8153.0,26231.718576042676,26231.718576042676,1.0,14.0,14.0,13999.999999999993,13999.999999999993,0.0,0.0,12231.718576042684,12231.718576042684,0.0,0.0,0.0,0.0,0.0,0.0
S31,'Forchtenstein’,52.45,0.0,2.0,7857.0,0.0,29576.297095027607,0.0,1.0,18.0,0.0,18000.0,0.0,0.0,0.0,11576.297095027607,0.0,7857.0,29576.297095027607,18.0,18000.0,0.0,11576.297095027607
S31,'Kobersdorf',66.91,0.0,2.0,6223.999999590788,0.0,17886.095398002628,0.0,1.0,30.0,0.0,29462.392493030235,0.0,11576.297095027607,0.0,0.0,0.0,6223.999999590788,17886.095398002628,30.0,29462.392493030235,11576.297095027607,0.0
S31,'Tschurndorf',68.14,1.0,2.0,6566.999817015507,6566.999817015507,21185.283057988152,21185.283057988152,1.0,34.0,34.0,33417.001634030836,33417.001634030836,12231.718576042684,12231.718576042684,0.0,0.0,0.0,0.0,0.0,0.0,0.0,0.0
S33,'St. Pölten Ost',1.84,0.0,0.0,15332.000000000002,0.0,42162.713450383104,0.0,1.0,42.0,0.0,41204.58662273611,0.0,0.0,0.0,958.1268276469928,0.0,15332.000000000002,42162.713450383104,42.0,41204.58662273611,0.0,958.1268276469928
S33,'Inzersdorf',15.28,1.0,1.0,15650.364459623052,15650.364459623052,47979.53816597848,47979.53816597848,1.0,48.0,48.0,47979.53816597848,47979.53816597848,0.0,0.0,0.0,0.0,0.0,0.0,0.0,0.0,0.0,0.0
S33,'Herzogenburg',15.69,0.0,1.0,15657.319893344473,0.0,36041.87317235301,0.0,1.0,37.0,0.0,37000.0,0.0,958.1268276469928,0.0,0.0,0.0,15657.319893344473,36041.87317235301,37.0,37000.0,958.1268276469928,0.0
S35,'Frohnleiten West',26.82,0.0,2.0,9816.0,0.0,51001.472361815664,0.0,1.0,52.0,0.0,51001.472361815664,0.0,0.0,0.0,0.0,0.0,9816.0,51001.472361815664,52.0,51001.472361815664,0.0,0.0
S35,'Frohnleiten Ost',26.82,1.0,2.0,9690.0,9690.0,18587.030666064784,18587.030666064784,1.0,19.0,19.0,18587.030666064784,18587.030666064784,0.0,0.0,0.0,0.0,0.0,0.0,0.0,0.0,0.0,0.0
S36,'St. Marein Nord',14.89,0.0,0.0,10113.0,0.0,30156.505485607195,0.0,1.0,11.0,0.0,11000.0,0.0,0.0,0.0,19156.505485607195,0.0,10113.0,30156.505485607195,11.0,11000.0,0.0,19156.505485607195
S36,'St. Marein Süd',14.97,1.0,0.0,10133.0,10133.0,39904.344783471744,39904.344783471744,1.0,40.0,40.0,39277.62312998798,39277.62312998798,0.0,0.0,626.7216534837644,626.7216534837644,0.0,0.0,0.0,0.0,0.0,0.0
S36,'Strettweg',34.61,1.0,2.0,9701.0,9701.0,5373.278346516238,5373.278346516238,1.0,6.0,6.0,6000.0,6000.0,626.7216534837644,626.7216534837644,0.0,0.0,0.0,0.0,0.0,0.0,0.0,0.0
S36,'Hauswald',35.77,0.0,2.0,9740.5,0.0,40577.73593246791,0.0,1.0,60.0,0.0,59734.24141807511,0.0,19156.505485607195,0.0,0.0,0.0,9740.5,40577.73593246791,60.0,59734.24141807511,19156.505485607195,0.0
S37,'Hunnenbrunnen',285.19,0.0,2.0,19888.0,9830.0,36142.46463235457,31846.6690887825,0.0,32.0,32.0,31846.6690887825,31846.6690887825,0.0,0.0,4295.795543572072,0.0,10058.000000000002,4295.795543572071,0.0,0.0,0.0,4295.795543572072
S37,'Zollfeld',293.91,0.0,2.0,10058.0,0.0,17382.606338754165,0.0,1.0,22.0,0.0,21678.401882326238,0.0,4295.795543572072,0.0,0.0,0.0,10058.0,17382.606338754165,22.0,21678.401882326238,4295.795543572072,0.0
S5,'Zaina',6.3,0.0,2.0,17736.0,0.0,22057.74265192454,0.0,0.0,0.0,0.0,0.0,0.0,0.0,0.0,22057.742651924535,0.0,17736.0,22057.74265192454,0.0,0.0,0.0,22057.742651924535
S5,'Grafenwörth',32.85,2.0,0.0,24240.0,12223.0,92944.80421055126,29144.46212768733,1.0,116.0,30.0,115002.5468624758,29144.46212768733,22057.742651924535,0.0,0.0,0.0,12017.0,63800.34208286393,86.0,85858.08473478847,22057.742651924535,0.0
S6,'Natschbach',3.22,2.0,0.0,28895.0,14454.000000000002,49805.03843322329,41975.63830958102,1.0,50.0,42.0,49250.35898203023,41975.63830958102,0.0,0.0,554.6794511930611,0.0,14441.0,7829.400123642268,8.0,7274.720672449207,0.0,554.6794511930611
S6,'Gloggnitz Süd',17.81,1.0,2.0,7935.5,7935.5,9081.297254301347,9081.297254301347,0.0,0.0,-0.0,0.0,0.0,0.0,0.0,9081.297254301346,9081.297254301346,0.0,0.0,0.0,0.0,0.0,0.0
S6,'Gloggnitz Nord',18.44,0.0,2.0,8009.0,0.0,24242.62115602437,0.0,1.0,24.0,0.0,24000.0,0.0,554.6794511930611,0.0,797.3006072174312,0.0,8009.0,24242.62115602437,24.0,24000.0,554.6794511930611,797.3006072174312
S6,'Schottwien',23.57,2.0,0.0,15944.5,7935.5,47842.38487070686,39660.78291125756,1.0,41.0,33.0,40871.0801655589,32871.0801655589,9878.597861518778,9081.297254301346,16849.902566666737,15871.0,8009.0,8181.6019594493055,8.0,8000.0,797.3006072174312,978.9025666667367
S6,'Schwöbing Nord',48.55,0.0,0.0,9945.0,0.0,49668.15156439487,0.0,1.0,50.0,0.0,50000.0,0.0,978.9025666667367,0.0,647.05413106161,0.0,9945.0,49668.15156439487,50.0,50000.0,978.9025666667367,647.05413106161
S6,'Schwöbing Süd',48.57,1.0,0.0,9757.0,9757.0,46526.20864062981,46526.20864062981,1.0,63.0,63.0,62364.61759065625,62364.61759065625,15871.0,15871.0,32.591049973561894,32.591049973561894,0.0,0.0,0.0,0.0,0.0,0.0
S6,'St. Marein',68.99,0.0,0.0,12864.0,0.0,52521.60007264168,0.0,1.0,52.0,0.0,52000.0,0.0,647.05413106161,0.0,1168.6542037032923,0.0,12864.0,52521.60007264168,52.0,52000.0,647.05413106161,1168.6542037032923
S6,'Kapfenberg Nord',72.03,0.0,2.0,12864.0,0.0,7831.345796296708,0.0,1.0,9.0,0.0,9000.0,0.0,1168.6542037032923,0.0,0.0,0.0,12864.0,7831.345796296708,9.0,9000.0,1168.6542037032923,0.0
S6,'Kapfenberg Süd',72.45,1.0,1.0,12893.5,12893.5,83967.40895002644,83967.40895002644,1.0,84.0,84.0,84000.0,84000.0,32.591049973561894,32.591049973561894,0.0,0.0,0.0,0.0,0.0,0.0,0.0,0.0
