Time of calculation: 20210928-132403; value of objective: 2918.6259045422307;  acc=20.0;  ec=0.25;  e_tax=0.15;  cfix=50000;  cvar=10000;  eta=0.011; mu=0.8; tf_at_peak=0.14;  hours_of_constant_charging=20;  i=0.05;  T=10
highway,name,asfinag_position,direction,asfinag_type,traffic_flow,traffic_flow_0,energy_demand,energy_demand_0,pXi_dir,pYi_dir,pYi_dir_0,pE_charged,pE_charged_0,pE_input,pE_input_0,pE_output,pE_output_0,traffic_flow_1,energy_demand_1,pYi_dir_1,pE_charged_1,pE_input_1,pE_output_1
A1,'Parkplatz Großraum’,27.42,2.0,2.0,25490.0,12193.0,59974.3253495514,45433.2359044547,0.0,0.0,0.0,0.0,0.0,0.0,0.0,73.88836883064734,55.9737466342882,13297.0,14541.0894450967,0.0,0.0,0.0,17.914622196359137
A1,'Steinhäusl',32.7,2.0,0.0,63195.9999999991,31485.9999999993,111561.5048226672,34431.8825500717,0.0,0.0,0.0,0.0,0.0,73.88836883064734,55.9737466342882,211.33214277217388,98.39382593597706,31709.9999999998,77129.6222725955,0.0,0.0,17.914622196359137,112.93831683619682
A1,'Kirchstetten',44.88,0.0,1.0,29897.9999954276,29897.9999954276,72732.0809427628,72732.0809427628,0.0,0.0,0.0,0.0,0.0,98.39382593597706,98.39382593597706,187.99974965746082,187.99974965746082,0.0,0.0,0.0,0.0,0.0,0.0
A1,'Kesselhof',44.88,1.0,1.0,30234.9999967191,0.0,109130.955699818,0.0,0.0,0.0,0.0,0.0,0.0,112.93831683619682,0.0,247.387654258373,0.0,30234.9999967191,109130.955699818,0.0,0.0,112.93831683619682,247.387654258373
A1,'St. Pölten',62.9,2.0,1.0,71148.0,35583.0,227454.8494341069,128422.417400266,0.0,0.0,0.0,0.0,0.0,435.38740391583383,187.99974965746082,715.6117784186536,346.2161678945886,35565.0,99032.4320338409,0.0,0.0,247.387654258373,369.395610524065
A1,'Schallaburg',76.81,1.0,1.0,29188.0,0.0,136934.360376389,0.0,0.0,0.0,0.0,0.0,0.0,369.395610524065,0.0,538.0987425077763,0.0,29188.0,136934.360376389,0.0,0.0,369.395610524065,538.0987425077763
A1,'Roggendorf',76.82,0.0,1.0,28377.0,28377.0,78562.3321961741,78562.3321961741,0.0,0.0,0.0,0.0,0.0,346.2161678945886,346.2161678945886,443.00496116027506,443.00496116027506,0.0,0.0,0.0,0.0,0.0,0.0
A1,'Ornding',88.04,0.0,1.0,27048.0,27048.0,60488.0749227046,60488.0749227046,0.0,0.0,0.0,0.0,0.0,443.00496116027506,443.00496116027506,517.5262694650471,517.5262694650471,0.0,0.0,0.0,0.0,0.0,0.0
A1,'Ybbs',100.32,1.0,0.0,27161.4044508388,0.0,104129.250667749,0.0,1.0,13.0,0.0,650.0,0.0,538.0987425077763,0.0,16.38597933044298,0.0,27161.4044508388,104129.250667749,13.0,650.0,538.0987425077763,16.38597933044298
A1,'Kemmelbach',101.38,0.0,0.0,26898.0000000002,26898.0000000002,72226.1001687065,72226.1001687065,0.0,0.0,0.0,0.0,0.0,517.5262694650471,517.5262694650471,606.5088248728935,606.5088248728935,0.0,0.0,0.0,0.0,0.0,0.0
A1,'Viehdorf',118.17,0.0,1.0,25545.0,25545.0,92117.5706346928,92117.5706346928,1.0,13.0,13.0,650.0,650.0,606.5088248728935,606.5088248728935,69.99767189483498,69.99767189483498,0.0,0.0,0.0,0.0,0.0,0.0
A1,'Amstetten',119.36,1.0,1.0,25407.0,0.0,56128.5314279588,0.0,0.0,0.0,0.0,0.0,0.0,16.38597933044298,0.0,85.53633004968822,0.0,25407.0,56128.5314279588,0.0,0.0,16.38597933044298,85.53633004968822
A1,'Parkplatz Zeillern’,124.31,0.0,2.0,24685.0,24685.0,24100.5747944984,24100.5747944984,0.0,0.0,0.0,0.0,0.0,69.99767189483498,69.99767189483498,99.68958004165701,99.68958004165701,0.0,0.0,0.0,0.0,0.0,0.0
A1,'Oed',130.52,1.0,2.0,26849.6920630665,0.0,69822.6737213844,0.0,0.0,0.0,0.0,0.0,0.0,85.53633004968822,0.0,171.5578640744338,0.0,26849.6920630665,69822.6737213844,0.0,0.0,85.53633004968822,171.5578640744338
A1,'Strengberg',136.0,0.0,0.0,25773.0,25773.0,60567.2870914444,60567.2870914444,0.0,0.0,0.0,0.0,0.0,99.68958004165701,99.68958004165701,174.30847773831653,174.30847773831653,0.0,0.0,0.0,0.0,0.0,0.0
A1,'Haag',143.54,1.0,0.0,28172.0,0.0,72532.3838204059,0.0,0.0,0.0,0.0,0.0,0.0,171.5578640744338,0.0,260.9177609411739,0.0,28172.0,72532.3838204059,0.0,0.0,171.5578640744338,260.9177609411739
A1,'Ennsblick',147.1,0.0,2.0,27181.0,27181.0,59900.9099344678,59900.9099344678,0.0,0.0,0.0,0.0,0.0,174.30847773831653,174.30847773831653,248.10639877758086,248.10639877758086,0.0,0.0,0.0,0.0,0.0,0.0
A1,'Parkplatz Ennsdorf’,152.88,0.0,2.0,26232.408315204,26232.408315204,30328.568123459,30328.568123459,0.0,0.0,0.0,0.0,0.0,248.10639877758086,248.10639877758086,285.47119470568236,285.47119470568236,0.0,0.0,0.0,0.0,0.0,0.0
A1,'Enns Süd',156.19,1.0,1.0,29648.7371150985,0.0,86236.6993060754,0.0,0.0,0.0,0.0,0.0,0.0,260.9177609411739,0.0,367.1613744862588,0.0,29648.7371150985,86236.6993060754,0.0,0.0,260.9177609411739,367.1613744862588
A1,'Enns Nord',156.79,0.0,1.0,29791.8873283766,29791.8873283766,22744.7688256149,22744.7688256149,0.0,0.0,0.0,0.0,0.0,285.47119470568236,285.47119470568236,313.4927498988399,313.4927498988399,0.0,0.0,0.0,0.0,0.0,0.0
A1,'Ansfelden Süd',170.93,1.0,0.0,46681.6462052378,0.0,108599.646702595,0.0,0.0,0.0,0.0,0.0,0.0,367.1613744862588,0.0,500.95613922385587,0.0,46681.6462052378,108599.646702595,0.0,0.0,367.1613744862588,500.95613922385587
A1,'Ansfelden Nord',171.01,0.0,0.0,48225.5889671851,48225.5889671851,137729.456478428,137729.456478428,0.0,0.0,0.0,0.0,0.0,313.4927498988399,313.4927498988399,483.1754402802633,483.1754402802633,0.0,0.0,0.0,0.0,0.0,0.0
A1,'Allhaming Süd',182.59,1.0,1.0,22273.0,0.0,132032.004986223,0.0,1.0,11.0,0.0,515.1012567318585,0.0,500.95613922385587,0.0,148.51831263502424,0.0,22273.0,132032.004986223,11.0,515.1012567318585,500.95613922385587,148.51831263502424
A1,'Allhaming Nord',182.6,0.0,1.0,22478.0,22478.0,52074.5961839218,52074.5961839218,0.0,0.0,0.0,0.0,0.0,483.1754402802633,483.1754402802633,547.331342778855,547.331342778855,0.0,0.0,0.0,0.0,0.0,0.0
A1,'Lindach Nord',212.26,0.0,0.0,24091.0,24091.0,143292.18694581,143292.18694581,1.0,11.0,11.0,550.0,550.0,547.331342778855,547.331342778855,173.8673170960929,173.8673170960929,0.0,0.0,0.0,0.0,0.0,0.0
A1,'Lindach Süd',212.27,1.0,0.0,24205.0,0.0,88500.7129286602,0.0,0.0,0.0,0.0,0.0,0.0,148.51831263502424,0.0,257.5511909631336,0.0,24205.0,88500.7129286602,0.0,0.0,148.51831263502424,257.5511909631336
A1,'Hainbach Süd',230.7,1.0,1.0,16641.0,0.0,43626.8866404899,0.0,0.0,0.0,0.0,0.0,0.0,257.5511909631336,0.0,311.29951530421715,0.0,16641.0,43626.8866404899,0.0,0.0,257.5511909631336,311.29951530421715
A1,'Hainbach Nord',230.72,0.0,1.0,15023.0,15023.0,55447.0737267175,55447.0737267175,0.0,0.0,0.0,0.0,0.0,173.8673170960929,173.8673170960929,242.17811192740885,242.17811192740885,0.0,0.0,0.0,0.0,0.0,0.0
A1,'Straß',243.67,1.0,1.0,16828.6748354971,0.0,52286.933312582,0.0,0.0,0.0,0.0,0.0,0.0,311.29951530421715,0.0,375.7170171453182,0.0,16828.6748354971,52286.933312582,0.0,0.0,311.29951530421715,375.7170171453182
A1,'Wildenhag Nord',243.76,0.0,2.0,17111.5468081707,17111.5468081707,44396.0737761594,44396.0737761594,0.0,0.0,0.0,0.0,0.0,242.17811192740885,242.17811192740885,296.87407481963726,296.87407481963726,0.0,0.0,0.0,0.0,0.0,0.0
A1,'Oberwang',251.03,0.0,1.0,15727.0,15727.0,23256.0522003105,23256.0522003105,0.0,0.0,0.0,0.0,0.0,296.87407481963726,296.87407481963726,325.5255311304198,325.5255311304198,0.0,0.0,0.0,0.0,0.0,0.0
A1,'Mondsee',259.23,2.0,0.0,31060.001681777,15727.0008823286,60471.650280389,25342.3953371595,1.0,10.0,5.0,499.2643602009555,249.2643602009554,701.242548275738,325.5255311304198,276.47926122022176,107.48300198484489,15333.0007994484,35129.2549432295,5.0,250.00000000000006,375.7170171453182,168.99625923537687
A1,‘Parkplatz Ölgraben’,268.98,0.0,2.0,18793.0,18793.0,36691.9585837841,36691.9585837841,0.0,0.0,0.0,0.0,0.0,107.48300198484489,107.48300198484489,152.6874949600669,152.6874949600669,0.0,0.0,0.0,0.0,0.0,0.0
A1,'Vetterbach',270.63,1.0,2.0,18111.0,0.0,24972.4587201048,0.0,0.0,0.0,0.0,0.0,0.0,168.99625923537687,0.0,199.762328378546,0.0,18111.0,24972.4587201048,0.0,0.0,168.99625923537687,199.762328378546
A1,'Enzersberg',274.82,0.0,2.0,21891.999995183,21891.999995183,25643.7025641729,25643.7025641729,0.0,0.0,0.0,0.0,0.0,152.6874949600669,152.6874949600669,184.28053651912793,184.28053651912793,0.0,0.0,0.0,0.0,0.0,0.0
A1,'Salzburger Vorland',277.55,1.0,2.0,21776.0,0.0,38740.0928318722,0.0,0.0,0.0,0.0,0.0,0.0,199.762328378546,0.0,247.49012274741256,0.0,21776.0,38740.0928318722,0.0,0.0,199.762328378546,247.49012274741256
A1,'Söllheim',286.46,1.0,0.0,28864.5374641219,0.0,82339.639275179,0.0,0.0,0.0,0.0,0.0,0.0,247.49012274741256,0.0,348.93255833443305,0.0,28864.5374641219,82339.639275179,0.0,0.0,247.49012274741256,348.93255833443305
A1,'Kasern',287.89,0.0,0.0,38922.8495638266,38922.8495638266,101432.704040416,101432.704040416,0.0,0.0,0.0,0.0,0.0,184.28053651912793,184.28053651912793,309.2456278969205,309.2456278969205,0.0,0.0,0.0,0.0,0.0,0.0
A1,'Walserberg Süd',300.71,1.0,0.0,14880.000000003,0.0,866.429923349707,0.0,1.0,7.0,0.0,349.9999999999999,0.0,348.93255833443305,0.0,0.0,0.0,14880.000000003,866.429923349707,7.0,349.9999999999999,348.93255833443305,0.0
A1,'Walserberg Nord',300.73,0.0,0.0,12964.0000000086,12964.0000000086,33079.8474862659,33079.8474862659,1.0,7.0,7.0,350.00000000000006,350.00000000000006,309.2456278969205,309.2456278969205,0.0,0.0,0.0,0.0,0.0,0.0,0.0,0.0
A10,'Glanegg/West',4.28,0.0,2.0,30225.0,30225.0,10702.5949598298,10702.5949598298,0.0,0.0,-0.0,0.0,0.0,0.0,0.0,13.185596990510314,13.185596990510314,0.0,0.0,0.0,0.0,0.0,0.0
A10,'Untersberg/Ost',4.37,1.0,2.0,30061.0,0.0,79010.5399207519,0.0,0.0,0.0,0.0,0.0,0.0,0.0,0.0,97.34098518236635,0.0,30061.0,79010.5399207519,-0.0,0.0,0.0,97.34098518236635
A10,'Bruderloch',17.53,1.0,2.0,24652.0,0.0,55144.783875779,0.0,0.0,0.0,0.0,0.0,0.0,97.34098518236635,0.0,165.27935891732625,0.0,24652.0,55144.783875779,-0.0,0.0,97.34098518236635,165.27935891732625
A10,'Golling Ost',28.76,1.0,0.0,19647.000947721,0.0,83619.9827870841,0.0,0.0,0.0,0.0,0.0,0.0,165.27935891732625,0.0,268.29917771101384,0.0,19647.000947721,83619.9827870841,-0.0,0.0,165.27935891732625,268.29917771101384
A10,'Golling West',28.82,0.0,0.0,19875.0006682874,19875.0006682874,97340.8180523858,97340.8180523858,0.0,0.0,-0.0,0.0,0.0,13.185596990510314,13.185596990510314,133.10948483104977,133.10948483104977,0.0,0.0,0.0,0.0,0.0,0.0
A10,'Werfen',40.34,0.0,2.0,19354.0,19354.0,44743.3180465706,44743.3180465706,0.0,0.0,-0.0,0.0,0.0,133.10948483104977,133.10948483104977,188.23325266442475,188.23325266442475,0.0,0.0,0.0,0.0,0.0,0.0
A10,'Klausgraben Ost’,50.01,1.0,2.0,16076.0,0.0,29740.3452221424,0.0,1.0,1.0,0.0,33.61767377957551,0.0,268.29917771101384,0.0,271.32160924511777,0.0,16076.0,29740.3452221424,1.0,33.61767377957551,268.29917771101384,271.32160924511777
A10,'Klausgraben West’,50.01,0.0,2.0,16224.0,16224.0,31431.0330674502,31431.0330674502,0.0,0.0,-0.0,0.0,0.0,188.23325266442475,188.23325266442475,226.95628540352365,226.95628540352365,0.0,0.0,0.0,0.0,0.0,0.0
A10,'Eben Süd',59.21,2.0,0.0,31555.3674870556,15997.4166196057,63864.36698273087,73.9839882767682,0.0,0.0,-0.0,0.0,0.0,498.27789464864145,226.95628540352365,576.9587947713658,227.04743367708062,15557.9508674499,63790.3829944541,-0.0,0.0,271.32160924511777,349.9113610942852
A10,'Eben Nord',59.32,2.0,0.0,31554.1611930787,15997.1632592005,29667.92707344997,29595.9799097216,1.0,12.0,5.0,595.5707611291799,245.57076112917983,576.9587947713658,227.04743367708062,17.938919796676345,17.938919796677823,15556.9979338782,71.9471637283723,7.0,350.00000000000006,349.9113610942852,-1.4779288903810084e-12
A10,'Rohr',71.25,0.0,2.0,10976.0,10976.0,26372.3998165897,26372.3998165897,0.0,0.0,-0.0,0.0,0.0,17.938919796677823,17.938919796677823,50.42971637071633,50.42971637071633,0.0,0.0,0.0,0.0,0.0,0.0
A10,'Tauernalm',79.79,2.0,0.0,21522.867721662602,10903.6545591513,62621.1090379549,18508.3621190257,0.0,0.0,-0.0,0.0,0.0,50.42971637071485,50.42971637071633,127.57892270547529,73.232018501356,10619.2131625113,44112.7469189292,-0.0,0.0,-1.4779288903810084e-12,54.346904204119305
A10,'Lungau',97.91,0.0,0.0,10877.0,10877.0,39524.4328135725,39524.4328135725,0.0,0.0,-0.0,0.0,0.0,73.232018501356,73.232018501356,121.92611972767732,121.92611972767732,0.0,0.0,0.0,0.0,0.0,0.0
A10,'Lanschütz',100.6,1.0,1.0,10558.5,0.0,33491.7098286973,0.0,0.0,0.0,0.0,0.0,0.0,54.346904204119305,0.0,95.60869071307438,0.0,10558.5,33491.7098286973,-0.0,0.0,54.346904204119305,95.60869071307438
A10,'Rennweg',112.45,0.0,2.0,6878.0,6878.0,19876.6578731468,19876.6578731468,0.0,0.0,-0.0,0.0,0.0,121.92611972767732,121.92611972767732,146.41416222739417,146.41416222739417,0.0,0.0,0.0,0.0,0.0,0.0
A10,'Ried’,116.47,1.0,2.0,7303.0,0.0,13765.2894082998,0.0,0.0,0.0,0.0,0.0,0.0,95.60869071307438,0.0,112.56752726409974,0.0,7303.0,13765.2894082998,-0.0,0.0,95.60869071307438,112.56752726409974
A10,'Eisentratten',125.92,2.0,0.0,14181.0,6878.0,41606.5550890561,18483.2107350259,0.0,0.0,-0.0,0.0,0.0,258.9816894914939,146.41416222739417,310.240965361211,169.18547785294606,7303.0,23123.3443540302,-0.0,0.0,112.56752726409974,141.05548750826495
A10,'Seeboden',141.72,1.0,2.0,14455.0,0.0,36156.364361422,0.0,0.0,0.0,0.0,0.0,0.0,141.05548750826495,0.0,185.60012840153684,0.0,14455.0,36156.364361422,-0.0,0.0,141.05548750826495,185.60012840153684
A10,'Wolfsberg',142.25,0.0,2.0,14500.0,14500.0,47498.894929139,47498.894929139,0.0,0.0,-0.0,0.0,0.0,169.18547785294606,169.18547785294606,227.70411640564532,227.70411640564532,0.0,0.0,0.0,0.0,0.0,0.0
A10,'Kamering',154.29,1.0,2.0,14749.7038625137,0.0,22698.628013918,0.0,0.0,0.0,0.0,0.0,0.0,185.60012840153684,0.0,213.56483811468382,0.0,14749.7038625137,22698.628013918,-0.0,0.0,185.60012840153684,213.56483811468382
A10,'Feistritz an der Drau',162.01,2.0,0.0,29679.0,14929.0,122093.0394177002,58681.7236967165,1.0,12.0,6.0,591.6875790829358,300.00000000000006,441.26895452032915,227.70411640564532,0.0,0.0,14750.0,63411.3157209837,6.0,291.68757908293577,213.56483811468382,0.0
A11,'St. Niklas/Nord',2.11,1.0,2.0,7503.0,0.0,10409.0861514259,0.0,0.0,0.0,0.0,0.0,0.0,0.0,0.0,12.823994138556708,0.0,7503.0,10409.0861514259,-0.0,0.0,0.0,12.823994138556708
A11,'Rosegg',9.04,2.0,0.0,9108.5,4306.5,19444.03423128795,7806.04074076785,1.0,2.0,1.0,36.77904431150347,9.617042192625993,12.823994138556708,0.0,0.0,0.0,4802.0,11637.9934905201,1.0,27.162002118877474,12.823994138556708,0.0
A12,'Langkampfen Süd',9.32,1.0,2.0,11349.5859166424,0.0,27244.8076274651,0.0,0.0,0.0,0.0,0.0,0.0,0.0,0.0,33.56560299703701,0.0,11349.5859166424,27244.8076274651,-0.0,0.0,0.0,33.56560299703701
A12,'Angath Süd',14.1,2.0,0.0,39223.0,19908.0,56148.10872631693,56144.2882507633,0.0,0.0,-0.0,0.0,0.0,33.56560299703701,0.0,102.74007294785957,69.16976312494039,19315.0,3.82047555363476,-0.0,0.0,33.56560299703701,33.57030982291919
A12,'Angath Nord',14.22,2.0,0.0,39223.0,19908.0,86003.91804074359,3.93776998818332,0.0,0.0,-0.0,0.0,0.0,102.74007294785957,69.16976312494039,208.696899974056,69.17461445756594,19315.0,85999.9802707554,-0.0,0.0,33.57030982291919,139.52228551649006
A12,'Münster Nord',35.71,0.0,1.0,18334.0,18334.0,79565.3529063989,79565.3529063989,0.0,0.0,-0.0,0.0,0.0,69.17461445756594,69.17461445756594,167.19912923824958,167.19912923824958,0.0,0.0,0.0,0.0,0.0,0.0
A12,'Münster Süd',36.25,1.0,1.0,18162.0,0.0,51027.0984567292,0.0,0.0,0.0,0.0,0.0,0.0,139.52228551649006,0.0,202.38767081518057,0.0,18162.0,51027.0984567292,-0.0,0.0,139.52228551649006,202.38767081518057
A12,'Vomp',50.47,1.0,0.0,24431.9999999911,0.0,22234.3563073972,0.0,0.0,0.0,0.0,0.0,0.0,202.38767081518057,0.0,229.78039778589408,0.0,24431.9999999911,22234.3563073972,-0.0,0.0,202.38767081518057,229.78039778589408
A12,'Weer',54.8,0.0,0.0,24110.0001896077,24110.0001896077,91922.3948797172,91922.3948797172,0.0,0.0,-0.0,0.0,0.0,167.19912923824958,167.19912923824958,280.4475197300613,280.4475197300613,0.0,0.0,0.0,0.0,0.0,0.0
A12,'Weer Süd',55.0,1.0,1.0,24141.0019875313,0.0,44418.9030022489,0.0,0.0,0.0,0.0,0.0,0.0,229.78039778589408,0.0,284.5044862846649,0.0,24141.0019875313,44418.9030022489,-0.0,0.0,229.78039778589408,284.5044862846649
A12,'Volders/Karlskirche',64.18,1.0,2.0,27543.0,0.0,89230.8737530962,0.0,0.0,0.0,0.0,0.0,0.0,284.5044862846649,0.0,394.43692274847945,0.0,27543.0,89230.8737530962,-0.0,0.0,284.5044862846649,394.43692274847945
A12,'Hall in Tirol',66.28,0.0,2.0,28148.0000000024,28148.0000000024,63926.9286125208,63926.9286125208,0.0,0.0,-0.0,0.0,0.0,280.4475197300613,280.4475197300613,359.20549578068693,359.20549578068693,0.0,0.0,0.0,0.0,0.0,0.0
A12,'Ampaß',72.07,0.0,0.0,35539.999996608,35539.999996608,42439.321950182,42439.321950182,0.0,0.0,-0.0,0.0,0.0,359.20549578068693,359.20549578068693,411.49074042331137,411.49074042331137,0.0,0.0,0.0,0.0,0.0,0.0
A12,'Sieglanger',80.39,1.0,2.0,31124.7934314905,0.0,96002.7279290709,0.0,1.0,9.0,0.0,414.6946644136301,0.0,394.43692274847945,0.0,98.01761914346469,0.0,31124.7934314905,96002.7279290709,9.0,414.6946644136301,394.43692274847945,98.01761914346469
A12,'Kematen',86.01,0.0,2.0,27475.0527045522,27475.0527045522,75774.4568325647,75774.4568325647,1.0,9.0,9.0,429.1711503843542,429.1711503843542,411.49074042331137,411.49074042331137,75.67372085667692,75.67372085667692,0.0,0.0,0.0,0.0,0.0,0.0
A12,'Zirl-Inzing',91.77,0.0,1.0,20799.0,20799.0,24661.2588506712,24661.2588506712,0.0,0.0,-0.0,0.0,0.0,75.67372085667692,75.67372085667692,106.05639176070358,106.05639176070358,0.0,0.0,0.0,0.0,0.0,0.0
A12,'Pettnau',95.81,2.0,0.0,37922.0,18889.0,43167.5950545956,14638.2455732991,0.0,0.0,-0.0,0.0,0.0,204.07401090416826,106.05639176070358,257.2564880114289,124.09071030700721,19033.0,28529.3494812965,-0.0,0.0,98.01761914346469,133.1657777044217
A12,'Telfs Süd',103.3,1.0,2.0,13364.7779394021,0.0,40593.4396996822,0.0,0.0,0.0,0.0,0.0,0.0,133.1657777044217,0.0,183.1768954144298,0.0,13364.7779394021,40593.4396996822,-0.0,0.0,133.1657777044217,183.1768954144298
A12,'Telfs Nord',103.33,0.0,2.0,14213.4639394123,14213.4639394123,21325.9179547492,21325.9179547492,0.0,0.0,-0.0,0.0,0.0,124.09071030700721,124.09071030700721,150.36424122725793,150.36424122725793,0.0,0.0,0.0,0.0,0.0,0.0
A12,'Haiming Süd',118.5,1.0,2.0,10702.0,0.0,32071.4494657395,0.0,0.0,0.0,0.0,0.0,0.0,183.1768954144298,0.0,222.6889211562206,0.0,10702.0,32071.4494657395,-0.0,0.0,183.1768954144298,222.6889211562206
A12,'Imst Süd',133.49,1.0,2.0,9240.0,0.0,3679.21104332994,0.0,0.0,0.0,0.0,0.0,0.0,222.6889211562206,0.0,227.22170916160275,0.0,9240.0,3679.21104332994,-0.0,0.0,222.6889211562206,227.22170916160275
A12,'Imst Nord',133.84,0.0,2.0,10262.0,10262.0,62601.6793906791,62601.6793906791,0.0,0.0,-0.0,0.0,0.0,150.36424122725793,150.36424122725793,227.4895102365744,227.4895102365744,0.0,0.0,0.0,0.0,0.0,0.0
A12,'Mils',135.51,2.0,0.0,19502.0000000008,10262.0,21880.454342200483,3391.58190843648,0.0,5.0,-0.0,250.0,0.0,454.71121939817715,227.4895102365744,231.66793914776835,231.66793914776835,9240.0000000008,18488.872433764,5.0,250.0,227.22170916160275,0.0
A12,'Kronburg Zams',142.7,0.0,2.0,10312.0,10312.0,14879.9195229157,14879.9195229157,1.0,5.0,5.0,250.00000000000048,250.00000000000048,231.66793914776835,231.66793914776835,0.0,0.0,0.0,0.0,0.0,0.0,0.0,0.0
A13,'Patsch',6.24,0.0,2.0,21023.0,21023.0,26094.7253268476,26094.7253268476,0.0,0.0,0.0,0.0,0.0,0.0,0.0,32.14870160267625,32.14870160267625,0.0,0.0,0.0,0.0,0.0,0.0
A13,'Europabrücke',8.27,2.0,0.0,41638.0,21023.0,32388.52662410622,8452.29518630102,0.0,0.0,0.0,0.0,0.0,32.14870160267625,32.14870160267625,72.05136640357512,42.56192927219911,20615.0,23936.2314378052,0.0,0.0,0.0,29.489437131376008
A13,'Gschleirs',14.05,1.0,2.0,14822.0,0.0,8546.70428173758,0.0,0.0,0.0,0.0,0.0,0.0,29.489437131376008,0.0,40.01897680647671,0.0,14822.0,8546.70428173758,0.0,0.0,29.489437131376008,40.01897680647671
A13,'Matrei West',16.79,0.0,0.0,15161.0,15161.0,25846.4269287351,25846.4269287351,0.0,0.0,0.0,0.0,0.0,42.56192927219911,42.56192927219911,74.40472724840076,74.40472724840076,0.0,0.0,0.0,0.0,0.0,0.0
A13,'Matrei Ost',16.95,2.0,0.0,29983.0,15161.0,16734.882296516138,499.303555020038,0.0,0.0,0.0,0.0,0.0,114.42370405487748,74.40472724840076,135.04107904418535,75.01986922818544,14822.0,16235.5787414961,0.0,0.0,40.01897680647671,60.0212098159999
A13,'Wipptalerhof Ost',22.41,1.0,2.0,10896.0000000005,0.0,2559.258804025,0.0,0.0,0.0,0.0,0.0,0.0,60.0212098159999,0.0,63.174216662558706,0.0,10896.0000000005,2559.258804025,0.0,0.0,60.0212098159999,63.174216662558706
A13,'Wipptalerhof West',22.56,0.0,2.0,11615.0000000006,11615.0000000006,13021.6504394806,13021.6504394806,0.0,0.0,0.0,0.0,0.0,75.01986922818544,75.01986922818544,91.06254256962555,91.06254256962555,0.0,0.0,0.0,0.0,0.0,0.0
A13,'Plon',23.61,1.0,2.0,10896.0000005253,0.0,9061.7295808126,0.0,0.0,0.0,0.0,0.0,0.0,63.174216662558706,0.0,74.33826750611983,0.0,10896.0000005253,9061.7295808126,0.0,0.0,63.174216662558706,74.33826750611983
A13,'Nößlach',26.91,2.0,1.0,23614.719600115102,12027.9163752204,15947.45909304634,12518.6680851942,0.0,0.0,0.0,0.0,0.0,165.40081007574537,91.06254256962555,185.04807967837849,106.4855416505848,11586.8032248947,3428.79100785214,0.0,0.0,74.33826750611983,78.56253802779366
A13,'Gries Ost',29.15,1.0,0.0,11601.9977441357,0.0,11387.0182714568,0.0,0.0,0.0,0.0,0.0,0.0,78.56253802779366,0.0,92.59134453822844,0.0,11601.9977441357,11387.0182714568,0.0,0.0,78.56253802779366,92.59134453822844
A13,'Gries West',29.54,0.0,0.0,12036.9997479612,12036.9997479612,4238.01324757162,4238.01324757162,0.0,0.0,0.0,0.0,0.0,106.4855416505848,106.4855416505848,111.70677397159304,111.70677397159304,0.0,0.0,0.0,0.0,0.0,0.0
A13,'Brennersee - Fröhlich',32.6,0.0,2.0,12037.0,12037.0,7411.89807862851,7411.89807862851,0.0,0.0,0.0,0.0,0.0,111.70677397159304,111.70677397159304,120.83823240446335,120.83823240446335,0.0,0.0,0.0,0.0,0.0,0.0
A13,'Brennersee',33.44,0.0,0.0,12037.0,12037.0,1996.41830221485,1996.41830221485,0.0,0.0,0.0,0.0,0.0,120.83823240446335,120.83823240446335,123.29781975279205,123.29781975279205,0.0,0.0,0.0,0.0,0.0,0.0
A13,'Brennerpaß',34.16,2.0,0.0,23639.0,12037.0,2518.3592467820868,1729.64460400785,1.0,5.0,3.0,218.99178288305603,125.42874190492972,215.8891642910205,123.29781975279205,0.0,0.0,11602.0,788.714642774237,2.0,93.5630409781263,92.59134453822844,0.0
A14,'Hörbranz’,0.0,2.0,1.0,11914.4753848776,11914.4753848776,580.500203852487,580.500203852487,0.0,0.0,0.0,0.0,0.0,0.0,0.0,0.7151762511462639,0.7151762511462639,0.0,0.0,0.0,0.0,0.0,0.0
A14,'Dornbirn West',15.07,1.0,2.0,22722.0167458292,0.0,41625.8331312937,0.0,0.0,0.0,0.0,0.0,0.0,0.0,0.0,51.283026417753845,0.0,22722.0167458292,41625.8331312937,0.0,0.0,0.0,51.283026417753845
A14,'Dornbirn Ost',15.27,0.0,2.0,22911.0367349729,22911.0367349729,67389.025317105,67389.025317105,0.0,0.0,0.0,0.0,0.0,0.7151762511462639,0.7151762511462639,83.73845544181962,83.73845544181962,0.0,0.0,0.0,0.0,0.0,0.0
A14,'Hohenems',24.48,2.0,0.0,53333.409583050205,26852.092271153,99887.7943206925,50177.2466168681,0.0,0.0,0.0,0.0,0.0,135.02148185957347,83.73845544181962,258.08324446266664,145.55682327380111,26481.3173118972,49710.5477038244,0.0,0.0,51.283026417753845,112.52642118886551
A14,'Rankweil West',33.46,0.0,2.0,22794.1378827456,22794.1378827456,41099.9675156349,41099.9675156349,0.0,0.0,0.0,0.0,0.0,145.55682327380111,145.55682327380111,196.1919832530633,196.1919832530633,0.0,0.0,0.0,0.0,0.0,0.0
A14,'Rankweil Ost',33.82,1.0,2.0,21949.8295700582,0.0,56639.5419642533,0.0,0.0,0.0,0.0,0.0,0.0,112.52642118886551,0.0,182.30633688882557,0.0,21949.8295700582,56639.5419642533,0.0,0.0,112.52642118886551,182.30633688882557
A14,'Schlins West',46.72,0.0,2.0,13115.0,13115.0,35141.4430123402,35141.4430123402,1.0,5.0,5.0,239.48624104426645,239.48624104426645,196.1919832530633,196.1919832530633,0.0,0.0,0.0,0.0,0.0,0.0,0.0,0.0
A14,'Schlins Ost',46.85,1.0,2.0,13492.0,0.0,22886.8096085797,0.0,0.0,0.0,0.0,0.0,0.0,182.30633688882557,0.0,210.50288632659573,0.0,13492.0,22886.8096085797,0.0,0.0,182.30633688882557,210.50288632659573
A14,'Nüziders',55.2,1.0,2.0,13282.1444541878,0.0,16978.2300117959,0.0,1.0,5.0,0.0,231.4200657011283,0.0,210.50288632659573,0.0,0.0,0.0,13282.1444541878,16978.2300117959,5.0,231.4200657011283,210.50288632659573,0.0
A2,'Guntramsdorf',14.43,2.0,0.0,106539.0608322543,54671.8859781905,341487.507923768,158457.937237993,1.0,7.0,3.0,350.0,150.0,0.0,0.0,70.71260976208222,45.2201786772074,51867.1748540638,183029.570685775,4.0,200.0,0.0,25.492431084874823
A2,'Leobersdorf',32.08,1.0,1.0,39540.0,0.0,56942.7469960047,0.0,0.0,0.0,0.0,0.0,0.0,25.492431084874823,0.0,95.64589538395262,0.0,39540.0,56942.7469960047,0.0,0.0,25.492431084874823,95.64589538395262
A2,'Triestingtal',32.08,0.0,1.0,40445.0,40445.0,143069.692384839,143069.692384839,0.0,0.0,0.0,0.0,0.0,45.2201786772074,45.2201786772074,221.48203969532904,221.48203969532904,0.0,0.0,0.0,0.0,0.0,0.0
A2,'Föhrenberg',39.31,1.0,0.0,39539.9821561859,0.0,93778.9758869083,0.0,0.0,0.0,0.0,0.0,0.0,95.64589538395262,0.0,211.18159367662366,0.0,39539.9821561859,93778.9758869083,0.0,0.0,95.64589538395262,211.18159367662366
A2,'Bad Fischau',40.93,0.0,0.0,37535.00000001,37535.00000001,66634.9678618674,66634.9678618674,0.0,0.0,0.0,0.0,0.0,221.48203969532904,221.48203969532904,303.5763201011497,303.5763201011497,0.0,0.0,0.0,0.0,0.0,0.0
A2,'Steinfeld',50.35,0.0,1.0,32434.000315268,32434.000315268,59928.4040275036,59928.4040275036,0.0,0.0,0.0,0.0,0.0,303.5763201011497,303.5763201011497,377.40811386303415,377.40811386303415,0.0,0.0,0.0,0.0,0.0,0.0
A2,'Wr. Neustadt',51.18,1.0,1.0,31158.0000000005,0.0,64946.2458086027,0.0,0.0,0.0,0.0,0.0,0.0,211.18159367662366,0.0,291.1953685128222,0.0,31158.0000000005,64946.2458086027,0.0,0.0,211.18159367662366,291.1953685128222
A2,'Witzelsberg',60.84,0.0,2.0,21168.0000351488,21168.0000351488,44783.3049830335,44783.3049830335,0.0,0.0,0.0,0.0,0.0,377.40811386303415,377.40811386303415,432.5811456021314,432.5811456021314,0.0,0.0,0.0,0.0,0.0,0.0
A2,'Gleissenfeld',61.52,1.0,2.0,18726.0,0.0,64345.9675839028,0.0,0.0,0.0,0.0,0.0,0.0,291.1953685128222,0.0,370.46960057619043,0.0,18726.0,64345.9675839028,0.0,0.0,291.1953685128222,370.46960057619043
A2,'Zöbern',78.76,2.0,0.0,34076.0,17853.0,89918.3531587639,64008.5862239781,1.0,16.0,8.0,800.0,400.0,803.0507461783218,432.5811456021314,113.83015726991891,111.43972383007247,16223.0,25909.7669347858,8.0,400.00000000000006,370.46960057619043,2.390433439846447
A2,'Schäffern Ost',86.7,1.0,1.0,16223.0,0.0,36516.9873725682,0.0,0.0,0.0,0.0,0.0,0.0,2.390433439846447,0.0,47.3793618828505,0.0,16223.0,36516.9873725682,0.0,0.0,2.390433439846447,47.3793618828505
A2,'Pinkafeld/Ost',97.98,1.0,2.0,14325.0,0.0,21727.4706064822,0.0,0.0,0.0,0.0,0.0,0.0,47.3793618828505,0.0,74.14760567003657,0.0,14325.0,21727.4706064822,0.0,0.0,47.3793618828505,74.14760567003657
A2,'Pinkafeld/West',98.0,0.0,2.0,15629.0,15629.0,60166.6097966719,60166.6097966719,0.0,0.0,0.0,0.0,0.0,111.43972383007247,111.43972383007247,185.56498709957225,185.56498709957225,0.0,0.0,0.0,0.0,0.0,0.0
A2,'Loipersdorf',105.5,2.0,0.0,27899.0,14612.0,41927.3266110039,22138.8523546691,0.0,0.0,0.0,0.0,0.0,259.7125927696088,185.56498709957225,311.3670591543656,212.84005320052455,13287.0,19788.4742563348,0.0,0.0,74.14760567003657,98.52700595384104
A2,'St. Johann/Süd',113.05,1.0,2.0,13287.0004772661,0.0,55839.6490520415,0.0,0.0,0.0,0.0,0.0,0.0,98.52700595384104,0.0,167.3214535859562,0.0,13287.0004772661,55839.6490520415,0.0,0.0,98.52700595384104,167.3214535859562
A2,'St. Johann/Nord',113.24,0.0,2.0,14612.0673292959,14612.0673292959,22243.9351941791,22243.9351941791,0.0,0.0,0.0,0.0,0.0,212.84005320052455,212.84005320052455,240.2445813597532,240.2445813597532,0.0,0.0,0.0,0.0,0.0,0.0
A2,'Hainersdorf',133.87,0.0,1.0,16035.0,16035.0,66144.3325363727,66144.3325363727,0.0,0.0,0.0,0.0,0.0,240.2445813597532,240.2445813597532,321.7343990445644,321.7343990445644,0.0,0.0,0.0,0.0,0.0,0.0
A2,'Bad Blumau',134.06,1.0,1.0,14879.0,0.0,39913.5152205092,0.0,0.0,0.0,0.0,0.0,0.0,167.3214535859562,0.0,216.49490433762352,0.0,14879.0,39913.5152205092,0.0,0.0,167.3214535859562,216.49490433762352
A2,'Ilztal/Nord ',147.5,1.0,2.0,16946.15608833,0.0,22142.864532986,0.0,0.0,0.0,0.0,0.0,0.0,216.49490433762352,0.0,243.7749134422623,0.0,16946.15608833,22142.864532986,0.0,0.0,216.49490433762352,243.7749134422623
A2,'Arnwiesen',154.1,2.0,0.0,36495.001082228904,19529.0004964994,135214.8043003815,78775.931104602,0.0,0.0,0.0,0.0,0.0,565.5093124868267,321.7343990445644,732.0939513848967,418.7863461654341,16966.0005857295,56438.8731957795,0.0,0.0,243.7749134422623,313.30760521946263
A2,'Laßnitzhöhe Nord',170.16,0.0,1.0,27470.0,27470.0,89210.4176408041,89210.4176408041,0.0,0.0,0.0,0.0,0.0,418.7863461654341,418.7863461654341,528.6935806989047,528.6935806989047,0.0,0.0,0.0,0.0,0.0,0.0
A2,'Laßnitzhöhe Süd',170.65,1.0,1.0,29743.0,0.0,119872.947758941,0.0,0.0,0.0,0.0,0.0,0.0,313.30760521946263,0.0,460.991076858478,0.0,29743.0,119872.947758941,0.0,0.0,313.30760521946263,460.991076858478
A2,'Kaiserwald',190.77,2.0,0.0,42649.004105068496,21967.0024808055,212311.14271654858,90269.4400966596,1.0,25.0,13.0,1228.5130776586739,628.5130776586739,989.6846575573827,528.6935806989047,22.738907725496574,11.3924532393155,20682.001624263,122041.702619889,12.0,600.0000000000001,460.991076858478,11.346454486181074
A2,'Herzogberg Nord',220.13,0.0,1.0,8807.00000002098,8807.00000002098,51848.9511520184,51848.9511520184,0.0,0.0,0.0,0.0,0.0,11.3924532393155,11.3924532393155,75.27036105860219,75.27036105860219,0.0,0.0,0.0,0.0,0.0,0.0
A2,'Herzogberg Süd',220.19,1.0,1.0,8120.99999999923,0.0,24362.1202495681,0.0,0.0,0.0,0.0,0.0,0.0,11.346454486181074,0.0,41.36058663364895,0.0,8120.99999999923,24362.1202495681,0.0,0.0,11.346454486181074,41.36058663364895
A2,'Pack',235.21,2.0,0.0,16928.0,8807.0,38160.3171582835,26540.0141604254,0.0,0.0,0.0,0.0,0.0,116.63094769225114,75.27036105860219,163.64445843125645,107.96765850424629,8121.0,11620.3029978581,0.0,0.0,41.36058663364895,55.676799927010165
A2,'Twimberg Süd',242.34,1.0,2.0,9189.0,0.0,32127.2478707757,0.0,0.0,0.0,0.0,0.0,0.0,55.676799927010165,0.0,95.25756930380581,0.0,9189.0,32127.2478707757,0.0,0.0,55.676799927010165,95.25756930380581
A2,'Twimberg Nord',242.44,0.0,2.0,8465.0,8465.0,12179.5072007533,12179.5072007533,0.0,0.0,0.0,0.0,0.0,107.96765850424629,107.96765850424629,122.97281137557434,122.97281137557434,0.0,0.0,0.0,0.0,0.0,0.0
A2,'Fischering',259.85,1.0,2.0,10919.0,0.0,19551.3376753875,0.0,0.0,0.0,0.0,0.0,0.0,95.25756930380581,0.0,119.34481731988322,0.0,10919.0,19551.3376753875,0.0,0.0,95.25756930380581,119.34481731988322
A2,'St. Ändra',262.91,0.0,2.0,11358.0000016887,11358.0000016887,46444.591455371,46444.591455371,0.0,0.0,0.0,0.0,0.0,122.97281137557434,122.97281137557434,180.19254804859145,180.19254804859145,0.0,0.0,0.0,0.0,0.0,0.0
A2,'Gönitz/Süd',268.86,1.0,2.0,11607.0,0.0,37377.3933307914,0.0,0.0,0.0,0.0,0.0,0.0,119.34481731988322,0.0,165.39376590341823,0.0,11607.0,37377.3933307914,0.0,0.0,119.34481731988322,165.39376590341823
A2,'Gönitz/Nord',268.89,0.0,2.0,12420.0,12420.0,14890.9937218363,14890.9937218363,0.0,0.0,0.0,0.0,0.0,180.19254804859145,180.19254804859145,198.53825231389376,198.53825231389376,0.0,0.0,0.0,0.0,0.0,0.0
A2,'Haimburg Nord',279.17,0.0,2.0,10779.0,10779.0,21954.7601039101,21954.7601039101,0.0,0.0,0.0,0.0,0.0,198.53825231389376,198.53825231389376,225.586516761911,225.586516761911,0.0,0.0,0.0,0.0,0.0,0.0
A2,'Völkermarkt',285.09,2.0,0.0,21133.0,10779.0,43435.9331578516,12657.4781007645,0.0,0.0,0.0,0.0,0.0,390.98028266532924,225.586516761911,444.4933523158024,241.18052978205287,10354.0,30778.4550570871,0.0,0.0,165.39376590341823,203.3128225337495
A2,'Grafenstein Süd',300.0,1.0,1.0,13588.0,0.0,64499.0949193352,0.0,0.0,0.0,0.0,0.0,0.0,203.3128225337495,0.0,282.7757074743705,0.0,13588.0,64499.0949193352,0.0,0.0,203.3128225337495,282.7757074743705
A2,'Grafenstein Nord',300.0,0.0,1.0,13362.0,13362.0,39644.4415823214,39644.4415823214,0.0,0.0,0.0,0.0,0.0,241.18052978205287,241.18052978205287,290.02248181147286,290.02248181147286,0.0,0.0,0.0,0.0,0.0,0.0
A2,'Krumpendorf/Nord',329.28,0.0,2.0,19027.0040491233,19027.0040491233,72939.3212153292,72939.3212153292,0.0,0.0,0.0,0.0,0.0,290.02248181147286,290.02248181147286,379.88372554875843,379.88372554875843,0.0,0.0,0.0,0.0,0.0,0.0
A2,'Karawankenblick/Süd',333.84,1.0,2.0,19384.9993725885,0.0,24175.8201862661,0.0,0.0,0.0,0.0,0.0,0.0,282.7757074743705,0.0,312.56031794385035,0.0,19384.9993725885,24175.8201862661,0.0,0.0,282.7757074743705,312.56031794385035
A2,'Wörthersee',340.13,2.0,0.0,38076.9999970149,19452.9999982895,75344.6192070124,42137.2785654578,1.0,14.0,7.0,685.3536045560022,350.0000000000001,692.4440434926088,379.88372554875843,99.91500979964577,81.7968527414023,18623.9999987254,33207.3406415546,7.0,335.35360455600215,312.56031794385035,18.11815705824347
A2,'Sternberg/Süd',349.01,1.0,2.0,19615.999955893,0.0,0.0,0.0,0.0,0.0,0.0,0.0,0.0,18.11815705824347,0.0,18.11815705824347,0.0,19615.999955893,0.0,0.0,0.0,18.11815705824347,18.11815705824347
A2,'Sternberg/Nord',349.03,0.0,2.0,17176.9999895731,17176.9999895731,30590.1422357276,30590.1422357276,0.0,0.0,0.0,0.0,0.0,81.7968527414023,81.7968527414023,119.48390797581871,119.48390797581871,0.0,0.0,0.0,0.0,0.0,0.0
A2,'Federaun/Nord',361.73,0.0,2.0,16517.0,16517.0,41902.478237364,41902.478237364,0.0,0.0,0.0,0.0,0.0,119.48390797581871,119.48390797581871,171.10776116425117,171.10776116425117,0.0,0.0,0.0,0.0,0.0,0.0
A2,'Federaun/Süd',362.78,1.0,2.0,14962.9999999917,0.0,53969.2827395915,0.0,0.0,0.0,0.0,0.0,0.0,18.11815705824347,0.0,84.6083133934202,0.0,14962.9999999917,53969.2827395915,0.0,0.0,18.11815705824347,84.6083133934202
A2,'Dreiländereck Süd',374.17,2.0,0.0,29010.999955828578,9394.99999993558,73068.5751484735,23346.5626378988,0.0,0.0,0.0,0.0,0.0,255.7160745576714,171.10776116425117,345.7365591405907,199.8707263341425,19615.999955893,49722.0125105747,0.0,0.0,84.6083133934202,145.86583280644822
A2,'Dreiländereck Nord',374.27,2.0,0.0,24357.99999982947,9394.99999982947,3460.585113156896,104.929923585646,1.0,7.0,4.0,350.0,200.0,345.7365591405907,199.8707263341425,0.0,0.0,14963.0,3355.65518957125,3.0,150.0,145.86583280644822,0.0
A21,'Alland',14.68,2.0,0.0,40163.5,20093.0,103417.5875090444,49420.3388937723,0.0,0.0,-0.0,0.0,0.0,0.0,0.0,127.41046781114271,60.88585751712748,20070.5,53997.2486152721,0.0,0.0,0.0,66.52461029401523
A21,'Dornbach',19.96,1.0,2.0,19174.4834449889,0.0,20444.3562415576,0.0,0.0,0.0,0.0,0.0,0.0,66.52461029401523,0.0,91.71205718361429,0.0,19174.4834449889,20444.3562415576,0.0,0.0,66.52461029401523,91.71205718361429
A21,'Hinterbrühl',26.99,0.0,1.0,19730.9622844667,19730.9622844667,44502.271823292,44502.271823292,1.0,3.0,3.0,115.71265640342324,115.71265640342324,60.88585751712748,60.88585751712748,0.0,0.0,0.0,0.0,0.0,0.0,0.0,0.0
A21,'Sparbach',26.99,1.0,2.0,19671.3778540705,0.0,27694.9433992778,0.0,1.0,3.0,0.0,125.83222745152455,0.0,91.71205718361429,0.0,0.0,0.0,19671.3778540705,27694.9433992778,3.0,125.83222745152455,91.71205718361429,0.0
A22,'Korneuburg West',18.04,1.0,0.0,32131.000000493,0.0,63932.2189343836,0.0,0.0,0.0,0.0,0.0,0.0,0.0,0.0,78.7644937271606,0.0,32131.000000493,63932.2189343836,-0.0,0.0,0.0,78.7644937271606
A22,'Korneuburg Ost',18.12,0.0,0.0,32321.0,32321.0,116866.419778724,116866.419778724,1.0,3.0,3.0,143.979429167388,143.979429167388,0.0,0.0,0.0,0.0,0.0,0.0,0.0,0.0,0.0,0.0
A22,'Stockerau',28.09,1.0,0.0,30190.0075840983,0.0,9009.75771256432,0.0,1.0,2.0,0.0,89.86451522903984,0.0,78.7644937271606,0.0,0.0,0.0,30190.0075840983,9009.75771256432,2.0,89.86451522903984,78.7644937271606,0.0
A25,'Pucking',5.97,0.0,1.0,21620.0,21620.0,25350.6414168089,25350.6414168089,0.0,0.0,-0.0,0.0,0.0,0.0,0.0,31.231990225508568,31.231990225508568,0.0,0.0,0.0,0.0,0.0,0.0
A25,'Sinnersdorf/Süd',6.11,1.0,2.0,21271.0,0.0,28981.9325780941,0.0,0.0,0.0,0.0,0.0,0.0,0.0,0.0,35.70574093621194,0.0,21271.0,28981.9325780941,-0.0,0.0,0.0,35.70574093621194
A25,'Wels',13.06,2.0,0.0,49975.503210327704,25078.4821988703,71240.92245977151,35488.4900930985,1.0,4.0,2.0,154.70654763215902,74.95381002020592,66.9377311617205,31.231990225508568,0.0,0.0,24897.0210114574,35752.432366673,2.0,79.75273761195308,35.70574093621194,0.0
A3,'Hornstein',28.0,2.0,0.0,35088.0,17427.0,114520.7625990136,66852.1746092717,1.0,4.0,2.0,141.08957952198477,82.36187911862272,0.0,0.0,0.0,0.0,17661.0,47668.5879897419,2.0,58.727700403362036,0.0,0.0
A4,'Simmering',2.45,0.0,0.0,35371.7896917694,35371.7896917694,22257.8385743495,22257.8385743495,0.0,0.0,0.0,0.0,0.0,0.0,0.0,27.421657123598578,27.421657123598578,0.0,0.0,0.0,0.0,0.0,0.0
A4,'Fischamend',22.33,0.0,1.0,28227.0,28227.0,112756.864089742,112756.864089742,0.0,0.0,0.0,0.0,0.0,27.421657123598578,27.421657123598578,166.33811368216075,166.33811368216075,0.0,0.0,0.0,0.0,0.0,0.0
A4,'Maria Ellend',22.48,1.0,1.0,27990.0,0.0,32591.6448755632,0.0,0.0,0.0,0.0,0.0,0.0,0.0,0.0,40.152906486693865,0.0,27990.0,32591.6448755632,0.0,0.0,0.0,40.152906486693865
A4,'Göttlesbrunn',28.04,2.0,0.0,47550.0,24272.0,112197.1085476203,28046.5470728656,1.0,3.0,1.0,150.00000000000028,50.000000000000284,206.49102016885462,166.33811368216075,194.71785789952256,150.8914596759309,23278.0,84150.5614747547,2.0,100.0,40.152906486693865,43.82639822359167
A4,'Parndorf',46.23,1.0,2.0,19928.0,0.0,74634.9733086667,0.0,0.0,0.0,0.0,0.0,0.0,43.82639822359167,0.0,135.77668533986903,0.0,19928.0,74634.9733086667,0.0,0.0,43.82639822359167,135.77668533986903
A4,'Neusiedl',47.01,0.0,2.0,21837.0,21837.0,82260.7844099831,82260.7844099831,0.0,0.0,0.0,0.0,0.0,150.8914596759309,150.8914596759309,252.23674606903063,252.23674606903063,0.0,0.0,0.0,0.0,0.0,0.0
A4,'Nickelsdorf Süd',64.65,0.0,0.0,10545.0002054832,10545.0002054832,37272.1460143132,37272.1460143132,1.0,6.0,6.0,298.1560299586645,298.1560299586645,252.23674606903063,252.23674606903063,0.0,0.0,0.0,0.0,0.0,0.0,0.0,0.0
A4,'Nickelsdorf Nord',64.97,1.0,0.0,7158.00002801737,0.0,1140.78448822744,0.0,1.0,3.0,0.0,137.18213182936523,0.0,135.77668533986903,0.0,0.0,0.0,7158.00002801737,1140.78448822744,3.0,137.18213182936523,135.77668533986903,0.0
A5,'Hochleithen',10.63,2.0,0.0,35611.2,17306.5,171050.4446671828,34873.9690442298,1.0,5.0,1.0,210.73414782996923,42.96472986249112,0.0,0.0,0.0,0.0,18304.7,136176.475622953,4.0,167.76941796747812,0.0,0.0
A6,'Potzneusiedl',10.8,2.0,0.0,15204.99999997072,7325.99999998698,33671.234605376696,15733.5392613832,1.0,2.0,1.0,41.4829610338241,19.383720370024104,0.0,0.0,0.0,0.0,7878.99999998374,17937.6953439935,1.0,22.099240663799993,0.0,0.0
A7,'Engerwitzdorf',25.71,1.0,1.0,19344.0,0.0,4050.24228695362,0.0,1.0,1.0,0.0,4.989898497526861,0.0,0.0,0.0,0.0,0.0,19344.0,4050.24228695362,1.0,4.989898497526861,0.0,0.0
A7,'Denk',25.76,0.0,1.0,18851.0,18851.0,97075.8948382568,97075.8948382568,1.0,3.0,3.0,119.5975024407324,119.5975024407324,0.0,0.0,0.0,0.0,0.0,0.0,0.0,0.0,0.0,0.0
A8,'Voralpenkreuz',0.17,2.0,0.0,20453.0,10081.0,35002.97696040161,882.177656304013,0.0,0.0,-0.0,0.0,0.0,0.0,0.0,43.12366761521479,1.086842872566544,10372.0,34120.7993040976,-0.0,0.0,0.0,42.03682474264825
A8,'Oberham/Süd',16.76,1.0,2.0,24053.9987668495,0.0,18977.6357391317,0.0,0.0,0.0,0.0,0.0,0.0,42.03682474264825,0.0,65.4172719732586,0.0,24053.9987668495,18977.6357391317,-0.0,0.0,42.03682474264825,65.4172719732586
A8,'Oberham/Nord',18.32,0.0,2.0,21938.9594740121,21938.9594740121,79070.5212042674,79070.5212042674,0.0,0.0,-0.0,0.0,0.0,1.086842872566544,1.086842872566544,98.50172499622401,98.50172499622401,0.0,0.0,0.0,0.0,0.0,0.0
A8,'Schnittering/Süd',20.68,1.0,2.0,17695.5680773093,0.0,46433.724359523,0.0,0.0,0.0,0.0,0.0,0.0,65.4172719732586,0.0,122.62362038419094,0.0,17695.5680773093,46433.724359523,-0.0,0.0,65.4172719732586,122.62362038419094
A8,'Kematen/Nord',24.85,0.0,2.0,16374.0,16374.0,21401.0445813279,21401.0445813279,0.0,0.0,-0.0,0.0,0.0,98.50172499622401,98.50172499622401,124.86781192042,124.86781192042,0.0,0.0,0.0,0.0,0.0,0.0
A8,'Aistersheim',33.81,2.0,0.0,30956.0,14979.0,60874.300241769204,26835.8621905234,1.0,2.0,1.0,58.40310743433098,18.064589671036742,247.49143230461095,124.86781192042,264.0854627681396,139.86500446810808,15977.0,34038.4380512458,1.0,40.338517763294234,122.62362038419094,124.22045830003154
A8,'Gotthaming',43.74,0.0,2.0,13574.0021264066,13574.0021264066,26867.9601020947,26867.9601020947,0.0,0.0,-0.0,0.0,0.0,139.86500446810808,139.86500446810808,172.96633131388876,172.96633131388876,0.0,0.0,0.0,0.0,0.0,0.0
A8,'Renhartsberg',44.47,1.0,2.0,14008.0000000001,0.0,14392.7026850084,0.0,0.0,0.0,0.0,0.0,0.0,124.22045830003154,0.0,141.9522680079619,0.0,14008.0000000001,14392.7026850084,-0.0,0.0,124.22045830003154,141.9522680079619
A8,'Grübl/Süd’,49.59,1.0,2.0,14008.0,0.0,20419.6304148242,0.0,0.0,0.0,0.0,0.0,0.0,141.9522680079619,0.0,167.1092526790253,0.0,14008.0,20419.6304148242,-0.0,0.0,141.9522680079619,167.1092526790253
A8,'Grübl/Nord',49.61,0.0,2.0,13574.0,13574.0,15944.8924629993,15944.8924629993,0.0,0.0,-0.0,0.0,0.0,172.96633131388876,172.96633131388876,192.6104388283039,192.6104388283039,0.0,0.0,0.0,0.0,0.0,0.0
A8,'Murau West',56.77,1.0,1.0,14172.0,0.0,41708.9211386976,0.0,0.0,0.0,0.0,0.0,0.0,167.1092526790253,0.0,218.49464352190074,0.0,14172.0,41708.9211386976,-0.0,0.0,167.1092526790253,218.49464352190074
A8,'Murau Ost',56.88,0.0,1.0,13536.0,13536.0,19847.6823609433,19847.6823609433,0.0,0.0,-0.0,0.0,0.0,192.6104388283039,192.6104388283039,217.06278349698604,217.06278349698604,0.0,0.0,0.0,0.0,0.0,0.0
A8,'Marienkirchen/Schärding’,71.6,1.0,1.0,10055.2342807957,0.0,6370.45169055732,0.0,0.0,0.0,0.0,0.0,0.0,218.49464352190074,0.0,226.34304000466736,0.0,10055.2342807957,6370.45169055732,-0.0,0.0,218.49464352190074,226.34304000466736
A8,'Dietrichshofen/Ost',72.06,0.0,2.0,8836.92333674456,8836.92333674456,26734.753655044,26734.753655044,1.0,5.0,5.0,250.00000000000026,250.00000000000026,217.06278349698604,217.06278349698604,0.0,0.0,0.0,0.0,0.0,0.0,0.0,0.0
A8,'Suben West',74.77,1.0,0.0,9186.00000018942,0.0,2309.50376076126,0.0,1.0,5.0,0.0,229.18834863792523,0.0,226.34304000466736,0.0,0.0,0.0,9186.00000018942,2309.50376076126,5.0,229.18834863792523,226.34304000466736,0.0
A9,'Maisdorf/Ost',12.66,1.0,2.0,10503.0,0.0,49687.4935362851,0.0,0.0,0.0,0.0,0.0,0.0,0.0,0.0,61.21499203670325,0.0,10503.0,49687.4935362851,0.0,0.0,0.0,61.21499203670325
A9,'Maisdorf/West',12.73,0.0,2.0,11055.0,11055.0,28126.5824568507,28126.5824568507,0.0,0.0,0.0,0.0,0.0,0.0,0.0,34.65194958684007,34.65194958684007,0.0,0.0,0.0,0.0,0.0,0.0
A9,'St. Pankraz',36.36,2.0,0.0,13974.0,7033.0,59101.108124232705,33173.7001423159,0.0,0.0,0.0,0.0,0.0,95.86694162354331,34.65194958684007,168.679506832598,75.52194816217326,6941.0,25927.4079819168,0.0,0.0,61.21499203670325,93.15755867042475
A9,'Pyhrn-Priel Ost’,55.03,1.0,1.0,7591.97161176799,0.0,16849.293094569,0.0,0.0,0.0,0.0,0.0,0.0,93.15755867042475,0.0,113.91588776293375,0.0,7591.97161176799,16849.293094569,0.0,0.0,93.15755867042475,113.91588776293375
A9,'Pyhrn-Priel West',55.04,0.0,1.0,8230.85522813332,8230.85522813332,31192.3019866198,31192.3019866198,0.0,0.0,0.0,0.0,0.0,75.52194816217326,75.52194816217326,113.95086420968886,113.95086420968886,0.0,0.0,0.0,0.0,0.0,0.0
A9,'Ardning Ost',65.96,1.0,2.0,13083.9999998773,0.0,31041.4589923437,0.0,0.0,0.0,0.0,0.0,0.0,113.91588776293375,0.0,152.1589652415012,0.0,13083.9999998773,31041.4589923437,0.0,0.0,113.91588776293375,152.1589652415012
A9,'Ardning West',66.04,0.0,2.0,13361.9999999834,13361.9999999834,29114.4164492944,29114.4164492944,0.0,0.0,0.0,0.0,0.0,113.95086420968886,113.95086420968886,149.81982527521956,149.81982527521956,0.0,0.0,0.0,0.0,0.0,0.0
A9,'Rottenmann/Nord',77.91,1.0,2.0,13084.0,0.0,20345.1880841495,0.0,0.0,0.0,0.0,0.0,0.0,152.1589652415012,0.0,177.22423696117343,0.0,13084.0,20345.1880841495,0.0,0.0,152.1589652415012,177.22423696117343
A9,'Rottenmann/Süd',78.18,0.0,2.0,13362.0,13362.0,32196.6325731684,32196.6325731684,0.0,0.0,0.0,0.0,0.0,149.81982527521956,149.81982527521956,189.48607660536317,189.48607660536317,0.0,0.0,0.0,0.0,0.0,0.0
A9,'Trieben',85.7,2.0,0.0,20906.0,10619.0,29194.7856077996,15971.5609430567,1.0,8.0,4.0,393.5152497481367,200.0,366.71031356653657,189.48607660536317,9.163039687209022,9.163039687209022,10287.0,13223.2246647429,4.0,193.51524974813668,177.22423696117343,0.0
A9,'Gaishorn',92.11,1.0,1.0,10287.0,0.0,59758.322392657,0.0,0.0,0.0,0.0,0.0,0.0,0.0,0.0,73.62225318775343,0.0,10287.0,59758.322392657,0.0,0.0,0.0,73.62225318775343
A9,'Treglwang',94.03,0.0,2.0,10619.0,10619.0,17705.3900050014,17705.3900050014,0.0,0.0,0.0,0.0,0.0,9.163039687209022,9.163039687209022,30.97608017337075,30.97608017337075,0.0,0.0,0.0,0.0,0.0,0.0
A9,'Kalwang',106.26,0.0,1.0,10953.0,10953.0,26930.4863629944,26930.4863629944,0.0,0.0,0.0,0.0,0.0,30.97608017337075,30.97608017337075,64.15443937257986,64.15443937257986,0.0,0.0,0.0,0.0,0.0,0.0
A9,'Kammern Nord',121.18,1.0,2.0,10926.0,0.0,175.988980444872,0.0,0.0,0.0,0.0,0.0,0.0,73.62225318775343,0.0,73.83907161166151,0.0,10926.0,175.988980444872,0.0,0.0,73.62225318775343,73.83907161166151
A9,'Kammern Süd',121.26,2.0,0.0,21954.0,11028.0,64341.428073255505,32914.0144496087,0.0,0.0,0.0,0.0,0.0,137.99351098424137,64.15443937257986,217.26215037049215,104.70450517449778,10926.0,31427.4136236468,0.0,0.0,73.83907161166151,112.55764519599437
A9,'St. Michael',135.01,0.0,2.0,11073.0049655244,11073.0049655244,30404.0043093092,30404.0043093092,0.0,0.0,0.0,0.0,0.0,104.70450517449778,104.70450517449778,142.1622384835667,142.1622384835667,0.0,0.0,0.0,0.0,0.0,0.0
A9,'Ortnerhof Süd’,135.65,0.0,2.0,11073.9994440636,11073.9994440636,1386.65109811539,1386.65109811539,0.0,0.0,0.0,0.0,0.0,142.1622384835667,142.1622384835667,143.87059263644488,143.87059263644488,0.0,0.0,0.0,0.0,0.0,0.0
A9,'Ortnerhof Nord',135.65,1.0,2.0,10574.9998730129,0.0,7705.62811144795,0.0,0.0,0.0,0.0,0.0,0.0,112.55764519599437,0.0,122.05097902929825,0.0,10574.9998730129,7705.62811144795,0.0,0.0,112.55764519599437,122.05097902929825
A9,'Hinterlainsach/Ost',139.16,0.0,2.0,11074.0,11074.0,7841.72166568702,7841.72166568702,0.0,0.0,0.0,0.0,0.0,143.87059263644488,143.87059263644488,153.5315937285713,153.5315937285713,0.0,0.0,0.0,0.0,0.0,0.0
A9,'Hinterlainsach/West',139.3,1.0,2.0,10575.0,0.0,31388.7335234428,0.0,0.0,0.0,0.0,0.0,0.0,122.05097902929825,0.0,160.7218987301798,0.0,10575.0,31388.7335234428,0.0,0.0,122.05097902929825,160.7218987301798
A9,'Kleintal',150.57,0.0,2.0,11777.0,11777.0,26809.3360642933,26809.3360642933,0.0,0.0,0.0,0.0,0.0,153.5315937285713,153.5315937285713,186.56069575978063,186.56069575978063,0.0,0.0,0.0,0.0,0.0,0.0
A9,'Übelbach 1',154.16,1.0,2.0,11512.0,0.0,17781.9235231718,0.0,0.0,0.0,0.0,0.0,0.0,160.7218987301798,0.0,182.62922851072744,0.0,11512.0,17781.9235231718,0.0,0.0,160.7218987301798,182.62922851072744
A9,'Übelbach 2',154.24,0.0,2.0,11777.0,11777.0,8639.97767636247,8639.97767636247,0.0,0.0,0.0,0.0,0.0,186.56069575978063,186.56069575978063,197.2051482570592,197.2051482570592,0.0,0.0,0.0,0.0,0.0,0.0
A9,'Deutschfeistritz',161.95,2.0,0.0,23289.000114064198,11777.0000550153,76050.6525493734,18003.9283967324,0.0,0.0,0.0,0.0,0.0,379.83437676778664,197.2051482570592,473.5287807086147,219.3859880418335,11512.0000590489,58046.724152641,0.0,0.0,182.62922851072744,254.14279266678116
A9,'Eggenfeld',169.13,0.0,2.0,20432.1080698656,20432.1080698656,29453.135965858,29453.135965858,0.0,0.0,0.0,0.0,0.0,219.3859880418335,219.3859880418335,255.6722515517706,255.6722515517706,0.0,0.0,0.0,0.0,0.0,0.0
A9,'Feldkirchen',186.97,1.0,2.0,29999.0102815467,0.0,57184.4442484991,0.0,0.0,0.0,0.0,0.0,0.0,254.14279266678116,0.0,324.5940279809321,0.0,29999.0102815467,57184.4442484991,0.0,0.0,254.14279266678116,324.5940279809321
A9,'Premstätten',192.48,0.0,1.0,32302.5116708696,32302.5116708696,152381.317083486,152381.317083486,0.0,0.0,0.0,0.0,0.0,255.6722515517706,255.6722515517706,443.4060341986254,443.4060341986254,0.0,0.0,0.0,0.0,0.0,0.0
A9,'Thalerhof',196.52,1.0,2.0,26113.2658741873,0.0,77662.2651232488,0.0,0.0,0.0,0.0,0.0,0.0,324.5940279809321,0.0,420.2739386127746,0.0,26113.2658741873,77662.2651232488,0.0,0.0,324.5940279809321,420.2739386127746
A9,'Gralla West',211.06,0.0,0.0,20689.0,20689.0,76643.5863777935,76643.5863777935,1.0,8.0,8.0,366.1300776834479,366.1300776834479,443.4060341986254,443.4060341986254,171.7008549326191,171.7008549326191,0.0,0.0,0.0,0.0,0.0,0.0
A9,'Gralla Ost',211.45,1.0,0.0,19399.0,0.0,52785.1051627529,0.0,1.0,9.0,0.0,444.50451196572453,0.0,420.2739386127746,0.0,40.80067620756165,0.0,19399.0,52785.1051627529,9.0,444.50451196572453,420.2739386127746,40.80067620756165
A9,'Straß Ost’,225.02,1.0,2.0,7452.00000000078,0.0,7466.9835977584,0.0,1.0,1.0,0.0,50.0,0.0,40.80067620756165,0.0,0.0,0.0,7452.00000000078,7466.9835977584,1.0,50.0,40.80067620756165,0.0
A9,'Straß West',225.02,0.0,2.0,8239.00000000051,8239.00000000051,22970.085281965,22970.085281965,1.0,4.0,4.0,200.0,200.0,171.7008549326191,171.7008549326191,0.0,0.0,0.0,0.0,0.0,0.0,0.0,0.0
S16,'Schnann',18.9,2.0,0.0,9860.99996031521,4941.99999999999,43437.3063097745,18700.073610348,0.0,0.0,0.0,0.0,0.0,0.0,0.0,53.51476137364219,23.038490687948737,4918.99996031522,24737.2326994265,0.0,0.0,0.0,30.47627068569345
S16,'Klösterle',44.17,1.0,0.0,4439.00000026553,0.0,13183.2372957264,0.0,0.0,0.0,0.0,0.0,0.0,30.47627068569345,0.0,46.7180190340284,0.0,4439.00000026553,13183.2372957264,0.0,0.0,30.47627068569345,46.7180190340284
S16,'Innerbraz',54.99,0.0,0.0,5392.0,5392.0,38789.0895145232,38789.0895145232,0.0,0.0,0.0,0.0,0.0,23.038490687948737,23.038490687948737,70.82664896984133,70.82664896984133,0.0,0.0,0.0,0.0,0.0,0.0
S16,'Radin Süd',59.01,1.0,2.0,5252.0,0.0,3038.65560533498,0.0,1.0,2.0,0.0,50.4616427398011,0.0,46.7180190340284,0.0,0.0,0.0,5252.0,3038.65560533498,2.0,50.4616427398011,46.7180190340284,0.0
S16,'Radin Nord',59.03,0.0,2.0,5392.0,5392.0,4366.47563598932,4366.47563598932,1.0,2.0,2.0,76.20614695338017,76.20614695338017,70.82664896984133,70.82664896984133,0.0,0.0,0.0,0.0,0.0,0.0,0.0,0.0
S1A,'Schwechat',9.85,2.0,0.0,61703.499999875596,31463.4999999758,98660.2094337553,39041.5229588917,1.0,3.0,1.0,121.54937802238653,48.09915628535458,0.0,0.0,0.0,0.0,30239.9999998998,59618.6864748636,2.0,73.45022173703195,0.0,0.0
S1B,'Deutsch Wagram',39.05,2.0,0.0,32604.8333333334,16237.9666666667,73145.99870320685,9677.10465852084,1.0,3.0,1.0,90.11587040235084,11.922192939297675,0.0,0.0,0.0,0.0,16366.8666666667,63468.894044686,2.0,78.19367746305316,0.0,0.0
S3,'Hollabrunn',23.6,1.0,2.0,6766.0,0.0,15563.6304365099,0.0,1.0,1.0,0.0,19.1743926977802,0.0,0.0,0.0,0.0,0.0,6766.0,15563.6304365099,1.0,19.1743926977802,0.0,0.0
S31,‘Mattersburg’,52.09,1.0,2.0,8153.0,0.0,26231.7185760427,0.0,0.0,0.0,0.0,0.0,0.0,0.0,0.0,32.31747728568461,0.0,8153.0,26231.7185760427,-0.0,0.0,0.0,32.31747728568461
S31,'Forchtenstein’,52.45,0.0,2.0,7857.0,7857.0,29576.2970950276,29576.2970950276,0.0,0.0,-0.0,0.0,0.0,0.0,0.0,36.437998021074,36.437998021074,0.0,0.0,0.0,0.0,0.0,0.0
S31,'Kobersdorf',66.91,0.0,2.0,6223.99999959079,6223.99999959079,17886.0953980026,17886.0953980026,1.0,2.0,2.0,58.4736675514132,58.4736675514132,36.437998021074,36.437998021074,0.0,0.0,0.0,0.0,0.0,0.0,0.0,0.0
S31,'Tschurndorf',68.14,1.0,2.0,6566.99981701551,0.0,21185.2830579882,0.0,1.0,2.0,0.0,58.41774601312607,0.0,32.31747728568461,0.0,0.0,0.0,6566.99981701551,21185.2830579882,2.0,58.41774601312607,32.31747728568461,0.0
S33,'St. Pölten Ost',1.84,0.0,0.0,15332.0,15332.0,42162.7134503831,42162.7134503831,0.0,0.0,-0.0,0.0,0.0,0.0,0.0,51.944462970871975,51.944462970871975,0.0,0.0,0.0,0.0,0.0,0.0
S33,'Inzersdorf',15.28,1.0,1.0,15650.3644596231,0.0,47979.5381659785,0.0,1.0,2.0,0.0,59.110791020485514,0.0,0.0,0.0,0.0,0.0,15650.3644596231,47979.5381659785,2.0,59.110791020485514,0.0,0.0
S33,'Herzogenburg',15.69,0.0,1.0,15657.3198933445,15657.3198933445,36041.873172353,36041.873172353,1.0,2.0,2.0,96.34805071921087,96.34805071921087,51.944462970871975,51.944462970871975,0.0,0.0,0.0,0.0,0.0,0.0,0.0,0.0
S35,'Frohnleiten West',26.82,0.0,2.0,9816.0,9816.0,51001.4723618157,51001.4723618157,1.0,2.0,2.0,62.83381394975695,62.83381394975695,0.0,0.0,0.0,0.0,0.0,0.0,0.0,0.0,0.0,0.0
S35,'Frohnleiten Ost',26.82,1.0,2.0,9690.0,0.0,18587.0306660648,0.0,1.0,1.0,0.0,22.899221780591834,0.0,0.0,0.0,0.0,0.0,9690.0,18587.0306660648,1.0,22.899221780591834,0.0,0.0
S36,'St. Marein Nord',14.89,0.0,0.0,10113.0,10113.0,30156.5054856072,30156.5054856072,0.0,0.0,-0.0,0.0,0.0,0.0,0.0,37.15281475826807,37.15281475826807,0.0,0.0,0.0,0.0,0.0,0.0
S36,'St. Marein Süd',14.97,1.0,0.0,10133.0,0.0,39904.3447834717,0.0,0.0,0.0,0.0,0.0,0.0,0.0,0.0,49.16215277323714,0.0,10133.0,39904.3447834717,-0.0,0.0,0.0,49.16215277323714
S36,'Strettweg',34.61,1.0,2.0,9701.0,0.0,5373.27834651624,0.0,1.0,2.0,0.0,55.78203169614515,0.0,49.16215277323714,0.0,0.0,0.0,9701.0,5373.27834651624,2.0,55.78203169614515,49.16215277323714,0.0
S36,'Hauswald',35.77,0.0,2.0,9740.5,9740.5,40577.7359324679,40577.7359324679,1.0,2.0,2.0,87.14458542706853,87.14458542706853,37.15281475826807,37.15281475826807,0.0,0.0,0.0,0.0,0.0,0.0,0.0,0.0
S37,'Hunnenbrunnen',285.19,0.0,2.0,19888.0,10058.0,36142.46463235457,4295.79554357207,0.0,1.0,-0.0,39.23509631738004,0.0,0.0,0.0,5.292420109680791,5.292420109680791,9830.0,31846.6690887825,1.0,39.23509631738004,0.0,0.0
S37,'Zollfeld',293.91,0.0,2.0,10058.0,10058.0,17382.6063387542,17382.6063387542,1.0,1.0,1.0,26.70779111902597,26.70779111902597,5.292420109680791,5.292420109680791,0.0,0.0,0.0,0.0,0.0,0.0,0.0,0.0
S5,'Zaina',6.3,0.0,2.0,17736.0,17736.0,22057.7426519245,22057.7426519245,0.0,0.0,-0.0,0.0,0.0,0.0,0.0,27.17513894717098,27.17513894717098,0.0,0.0,0.0,0.0,0.0,0.0
S5,'Grafenwörth',32.85,2.0,0.0,24240.0,12017.0,92944.8042105512,63800.3420828639,1.0,4.0,3.0,141.6831377345701,105.77716039325932,27.17513894717098,27.17513894717098,0.0,0.0,12223.0,29144.4621276873,1.0,35.90597734131076,0.0,0.0
S6,'Natschbach',3.22,2.0,0.0,28895.0,14441.0,49805.03843322327,7829.40012364227,0.0,0.0,0.0,0.0,0.0,0.0,0.0,61.35980734973107,9.645820952327277,14454.0,41975.638309581,0.0,0.0,0.0,51.713986397403794
S6,'Gloggnitz Süd',17.81,1.0,2.0,7935.5,0.0,9081.29725430135,0.0,0.0,0.0,0.0,0.0,0.0,51.713986397403794,0.0,62.902144614703055,0.0,7935.5,9081.29725430135,0.0,0.0,51.713986397403794,62.902144614703055
S6,'Gloggnitz Nord',18.44,0.0,2.0,8009.0,8009.0,24242.6211560244,24242.6211560244,0.0,0.0,0.0,0.0,0.0,9.645820952327277,9.645820952327277,39.51273021654934,39.51273021654934,0.0,0.0,0.0,0.0,0.0,0.0
S6,'Schottwien',23.57,2.0,0.0,15944.5,8009.0,47842.38487070691,8181.60195944931,0.0,0.0,0.0,0.0,0.0,102.4148748312524,39.51273021654934,161.3566929919633,49.592463830590894,7935.5,39660.7829112576,0.0,0.0,62.902144614703055,111.76422916137241
S6,'Schwöbing Nord',48.55,0.0,0.0,9945.0,9945.0,49668.1515643949,49668.1515643949,0.0,0.0,0.0,0.0,0.0,49.592463830590894,49.592463830590894,110.78362655792543,110.78362655792543,0.0,0.0,0.0,0.0,0.0,0.0
S6,'Schwöbing Süd',48.57,1.0,0.0,9757.0,0.0,46526.2086406298,0.0,0.0,0.0,0.0,0.0,0.0,111.76422916137241,0.0,169.0845182066283,0.0,9757.0,46526.2086406298,0.0,0.0,111.76422916137241,169.0845182066283
S6,'St. Marein',68.99,0.0,0.0,12864.0,12864.0,52521.6000726417,52521.6000726417,0.0,0.0,0.0,0.0,0.0,110.78362655792543,110.78362655792543,175.49023784742002,175.49023784742002,0.0,0.0,0.0,0.0,0.0,0.0
S6,'Kapfenberg Nord',72.03,0.0,2.0,12864.0,12864.0,7831.34579629671,7831.34579629671,1.0,4.0,4.0,185.13845586845756,185.13845586845756,175.49023784742002,175.49023784742002,0.0,0.0,0.0,0.0,0.0,0.0,0.0,0.0
S6,'Kapfenberg Süd',72.45,1.0,1.0,12893.5,0.0,83967.4089500264,0.0,1.0,6.0,0.0,272.53236603306084,0.0,169.0845182066283,0.0,0.0,0.0,12893.5,83967.4089500264,6.0,272.53236603306084,169.0845182066283,0.0
