Time of calculation: 20211215-122607; value of objective: 41224141210.98069;  acc=2500;  ec=0.25;  e_tax=0.15;  cfix=7000;  cvar=17750;  eta=0.01;  mu=0.6;  i=
segment_id,dir,type_ID,POI_ID,traffic_flow,traffic_flow_0,traffic_flow_1,energy_demand,energy_demand_0,energy_demand_1,dist_along_segment,pois_type,pYi_dir,pYi_dir_0,pYi_dir_1,pE_charged,pE_charged_0,pE_charged_1,pE_input,pE_input_0,pE_input_1,pE_output,pE_output_0,pE_output_1,pXi
0.0,2.0,0.0,0.0,26540.636112053,13243.0239038645,13297.6122081885,88.4784246287636,0.0,88.4784246287636,0.0,link,0.0,0.0,0.0,0.0,0.0,0.0,0.0,0.0,0.0,0.5308705477725816,0.0,0.5308705477725816,0
0.0,2.0,1.0,1.0,26594.7769799282,13269.4415749127,13325.3354050155,16.20007953841552,0.63549550854442,15.5645840298711,239.715824101164,ra,1.0,0.0,1.0,0.7031333006334425,0.0,0.7031333006334425,0.6097457964542159,0.0,0.6097457964542159,0.003812973051266521,0.003812973051266521,0.0,1
0.0,2.0,0.0,2.0,45891.0713847726,24132.5354848012,21758.5358999714,209.06156783801498,107.437268428979,101.624299409036,24427.462160298,ra,1.0,1.0,0.0,0.8963548322239351,0.6484365836251405,0.24791824859879463,0.2517312216500612,0.003812973051266521,0.24791824859879463,0.6097457964542159,0.0,0.6097457964542159,1
0.0,1.0,2.0,3.0,5594.60627343411,0.0,5594.60627343411,41.3197080997991,0.0,41.3197080997991,68504.6013106114,ra,0.0,0.0,0.0,0.0,0.0,0.0,0.0,0.0,0.0,0.24791824859879463,0.0,0.24791824859879463,0
0.0,0.0,3.0,4.0,4553.08388931748,4553.08388931748,0.0,143.748966502766,143.748966502766,0.0,79329.1374904099,ra,0.0,0.0,0.0,0.0,0.0,0.0,0.0,0.0,0.0,0.8624937990165961,0.8624937990165961,0.0,0
0.0,2.0,4.0,5.0,7895.539602766939,4645.32330643337,3250.21629633357,46.859500991839695,20.7732358162279,26.0862651756118,104473.71241617,ra,1.0,1.0,0.0,1.8494993524745984,0.9871332139139635,0.8623661385606349,1.5683423465235602,0.8624937990165961,0.7058485475069641,0.0,0.0,0.0,1
0.0,2.0,5.0,6.0,19815.36822147166,9562.72950758806,10252.6387138836,159.1805253023434,41.5391007178494,117.641424584494,133409.21035476,ra,0.0,0.0,0.0,0.0,0.0,0.0,0.0,0.0,0.0,0.9550831518140606,0.24923460430709643,0.7058485475069641,0
0.0,2.0,6.0,7.0,38420.413170467305,19234.6634945469,19185.7496759204,205.83463281829108,99.1420241730311,106.69260864526,173065.413799776,ra,1.0,0.0,1.0,1.6228366311235756,0.8440863947290638,0.7787502363945118,0.38782918883004824,0.24923460430709643,0.13859458452295184,3.5461621927801446e-07,3.5461621927801446e-07,0.0,1
0.0,1.0,7.0,8.0,21229.4573799075,0.0,21229.4573799075,0.638143813778497,0.0,0.638143813778497,176940.22069629,ra,0.0,0.0,0.0,0.0,0.0,0.0,0.13476572164028083,0.0,0.13476572164028083,0.13859458452295184,0.0,0.13859458452295184,0
0.0,2.0,0.0,9.0,50605.7308716768,25638.9023938735,24966.8284778033,104.203571034847,104.203571034847,0.0,194059.964946131,link,0.0,0.0,0.0,0.0,0.0,0.0,0.1347660762565001,3.5461621927801446e-07,0.13476572164028083,0.7599875024655822,0.6252217808253013,0.13476572164028083,0
1.0,2.0,0.0,10.0,41635.2696746832,21021.6267553003,20613.6429193829,0.795523730019109,0.0,0.795523730019109,0.0,link,0.0,0.0,0.0,0.0,0.0,0.0,0.3516867766758978,0.3516864062584114,3.7041748641060673e-07,0.3564599190560125,0.3516864062584114,0.004773512797601065,0
1.0,2.0,8.0,11.0,39859.9435983602,20128.7100274165,19731.2335709437,45.5265688673572,34.314546284811,11.2120225825462,8218.21591932416,ra,1.0,1.0,0.0,1.1766098845812232,0.5575736839672775,0.6190362006139457,0.9034508417945663,0.3516864062584114,0.5517644355361548,3.7041748641060673e-07,0.0,3.7041748641060673e-07,1
1.0,0.0,9.0,12.0,15021.9786197919,15021.9786197919,0.0,28.5368531280977,28.5368531280977,0.0,16747.0640478161,ra,0.0,0.0,0.0,0.0,0.0,0.0,0.0,0.0,0.0,0.1712211187685862,0.1712211187685862,0.0,0
1.0,2.0,10.0,13.0,29629.2702066633,14994.1517039878,14635.1185026755,3.8265783059592877,0.494222241173728,3.33235606478556,16911.7407621753,ra,0.0,0.0,0.0,-3.7041748641060673e-07,0.0,-3.7041748641060673e-07,0.7029910474985412,0.1712211187685862,0.5317699287299551,0.7259508877517834,0.17418645221562856,0.5517644355361548,0
1.0,2.0,14.0,14.0,23126.816645439998,11846.3351177034,11280.4815277366,54.3117793733013,27.7351908582745,26.5765885150268,27721.2649615329,ra,0.0,0.0,0.0,0.0,0.0,0.0,0.5464968498554228,0.17418645221562856,0.37231039763979423,0.8723675260952306,0.34059759736527556,0.5317699287299551,0
1.0,1.0,13.0,15.0,11337.2619320883,0.0,11337.2619320883,28.4049707386052,0.0,28.4049707386052,29194.6309655969,ra,0.0,0.0,0.0,0.0,0.0,0.0,0.20188057320816302,0.0,0.20188057320816302,0.37231039763979423,0.0,0.37231039763979423,0
1.0,0.0,12.0,16.0,11885.5265358471,11885.5265358471,0.0,4.17009621995463,4.17009621995463,0.0,29478.4736802298,ra,0.0,0.0,0.0,0.0,0.0,0.0,0.34059759736527556,0.34059759736527556,0.0,0.36561817468500335,0.36561817468500335,0.0,0
1.0,0.0,15.0,17.0,11960.1701828351,11960.1701828351,0.0,9.30942360941574,9.30942360941574,0.0,33381.7233696118,ra,0.0,0.0,0.0,0.0,0.0,0.0,0.36561817468500335,0.36561817468500335,0.0,0.4214747163414978,0.4214747163414978,0.0,0
1.0,2.0,16.0,18.0,23460.935326572,11970.3853891252,11490.5499374468,35.37336563433738,1.72660343297688,33.6467622013605,34103.2604930604,ra,1.0,1.0,0.0,0.4318343369393591,0.4318343369393591,0.0,0.4214747163414978,0.4214747163414978,0.0,0.20188057320816302,0.0,0.20188057320816302,1
1.0,2.0,0.0,19.0,23472.9532848191,11974.8809399587,11498.0723448604,0.828627407616686,0.828627407616686,0.0,34449.3464575004,link,0.0,0.0,0.0,0.0,0.0,0.0,0.0,0.0,0.0,0.004971764445700116,0.004971764445700116,0.0,0
2.0,2.0,0.0,20.0,68929.1689525749,33758.8137930879,35170.355159487,40.746089818559,0.0,40.746089818559,0.0,link,0.0,0.0,0.0,0.0,0.0,0.0,0.3880626936770613,0.38804119915631274,2.1494520748539875e-05,0.6325392325884153,0.38804119915631274,0.24449803343210255,0
2.0,1.0,11.0,21.0,34398.2821383792,0.0,34398.2821383792,0.003559885067677,0.0,0.003559885067677,2598.41164546074,ra,0.0,0.0,0.0,0.0,0.0,0.0,1.352103424778761e-07,0.0,1.352103424778761e-07,2.1494520748539875e-05,0.0,2.1494520748539875e-05,0
2.0,0.0,17.0,22.0,24285.974119979,24285.974119979,0.0,112.595069324557,112.595069324557,0.0,19826.0309188716,ra,0.0,0.0,0.0,4.3147150128042527e-07,4.3147150128042527e-07,0.0,0.38804119915631274,0.38804119915631274,0.0,1.0636111836321536,1.0636111836321536,0.0,0
2.0,1.0,18.0,23.0,24186.0911430872,0.0,24186.0911430872,82.5613859430212,0.0,82.5613859430212,19924.5544753991,ra,1.0,0.0,1.0,1.6148105760193014,0.0,1.6148105760193014,1.1194423955715167,0.0,1.1194423955715167,1.352103424778761e-07,0.0,1.352103424778761e-07,1
2.0,0.0,19.0,24.0,24395.8043620461,24395.8043620461,0.0,22.1589923415834,22.1589923415834,0.0,24376.283905319,ra,0.0,0.0,0.0,0.0,0.0,0.0,1.0636111836321536,1.0636111836321536,0.0,1.196565137681654,1.196565137681654,0.0,0
2.0,0.0,20.0,25.0,18382.7449604955,18382.7449604955,0.0,63.8719166171924,63.8719166171924,0.0,38424.0480859037,ra,1.0,1.0,0.0,0.38804076768481144,0.38804076768481144,0.0,1.196565137681654,1.196565137681654,0.0,1.1917558696999968,1.1917558696999968,0.0,1
2.0,1.0,21.0,26.0,18491.6133654888,0.0,18491.6133654888,89.0798499237686,0.0,89.0798499237686,38987.6806255175,ra,0.0,0.0,0.0,0.0,0.0,0.0,0.5849632960289052,0.0,0.5849632960289052,1.1194423955715167,0.0,1.1194423955715167,0
2.0,2.0,22.0,27.0,37060.499514109295,18323.8494067353,18736.650107374,180.7537193044178,83.2598366329336,97.4938826714842,60686.5331745626,ra,0.0,0.0,0.0,0.0,0.0,0.0,1.1917558696999968,1.1917558696999968,0.0,2.2762781855265035,1.6913148894975985,0.5849632960289052,0
2.0,2.0,23.0,28.0,37058.9029265594,18323.1127403572,18735.7901862022,18.113417243932698,0.003481464179398,18.1099357797533,60687.5223097686,ra,1.0,1.0,0.0,1.7999953929611945,1.6913357782826748,0.1086596146785198,1.6913148894975985,1.6913148894975985,0.0,0.0,0.0,0.0,1
2.0,2.0,0.0,29.0,23931.6001633626,12393.9415716933,11537.6585916693,41.3375190721766,41.3375190721766,0.0,74788.4585560346,link,0.0,0.0,0.0,0.0,0.0,0.0,0.0,0.0,0.0,0.2480251144330596,0.2480251144330596,0.0,0
3.0,2.0,0.0,30.0,27844.0,14880.0,12964.0,5.53277592,0.0,5.53277592,0.0,link,0.0,0.0,0.0,0.0,0.0,0.0,0.0,0.0,0.0,0.03319665552,0.0,0.03319665552,0
3.0,0.0,24.0,31.0,14880.0,14880.0,0.0,0.8663136,0.8663136,0.0,291.139117483826,ra,0.0,0.0,0.0,0.0,0.0,0.0,0.0,0.0,0.0,0.0051978816,0.0051978816,0.0,0
3.0,1.0,25.0,32.0,12964.0,0.0,12964.0,1.0157294,0.0,1.0157294,391.789662717657,ra,1.0,0.0,1.0,0.37044154648657823,0.0,0.37044154648657823,0.36434717008657824,0.0,0.36434717008657824,0.0,0.0,0.0,1
3.0,2.0,1.0,33.0,27844.0,14880.0,12964.0,6.6500208,6.6500208,0.0,2525.71464164925,link,0.0,0.0,0.0,0.0,0.0,0.0,0.36954505168657825,0.0051978816,0.36434717008657824,0.40944517648657824,0.0450980064,0.36434717008657824,0
4.0,2.0,1.0,34.0,59761.3086274698,30037.3419745759,29723.9666528939,50.8296084600017,0.0,50.8296084600017,0.0,link,0.0,0.0,0.0,0.0,0.0,0.0,0.6699493145968156,0.6699493145968156,0.0,0.9749269653568258,0.6699493145968156,0.3049776507600102,0
4.0,1.0,29.0,35.0,19741.1962074672,0.0,19741.1962074672,18.8226156177956,0.0,18.8226156177956,27421.918402147,ra,1.0,0.0,1.0,0.6981530114312999,0.0,0.6981530114312999,0.5852173177245263,0.0,0.5852173177245263,0.0,0.0,0.0,1
4.0,0.0,28.0,36.0,20188.7740020659,20188.7740020659,0.0,138.268156341623,138.268156341623,0.0,27456.2755376563,ra,1.0,1.0,0.0,0.6699493145968156,0.6699493145968156,0.0,0.6699493145968156,0.6699493145968156,0.0,0.8296089380497382,0.8296089380497382,0.0,1
4.0,2.0,31.0,37.0,24242.04672144007,16011.0814154375,8230.96530600257,206.7323654138314,109.196145793077,97.5362196207544,57952.4364496481,ra,1.0,0.0,1.0,2.2094874262295976,1.4847858128082003,0.724701613421397,1.5543105514711353,0.8296089380497382,0.724701613421397,0.5852173177245263,0.0,0.5852173177245263,1
4.0,2.0,30.0,38.0,24222.43641462717,16010.6884723873,8211.74794223987,41.943633496328694,0.073970291881796,41.8696632044469,57975.5602403068,ra,1.0,1.0,0.0,0.00044382175129077607,0.00044382175129077607,0.0,0.4734836341947156,0.0,0.4734836341947156,0.724701613421397,0.0,0.724701613421397,1
4.0,2.0,35.0,39.0,21337.9057816767,10925.6060783794,10412.2997032973,94.4964291540121,51.9277018180524,42.5687273359597,78476.4553474238,ra,0.0,0.0,0.0,0.0,0.0,0.0,0.21807127017895744,0.0,0.21807127017895744,0.78504984510303,0.3115662109083144,0.4734836341947156,0
4.0,0.0,40.0,40.0,10876.9999980846,10876.9999980846,0.0,39.5332148793308,39.5332148793308,0.0,96645.2667353262,ra,0.0,0.0,0.0,0.0,0.0,0.0,0.3115662109083144,0.3115662109083144,0.0,0.5487655001842993,0.5487655001842993,0.0,0
4.0,1.0,41.0,41.0,10239.998724531,0.0,10239.998724531,36.3452116964929,0.0,36.3452116964929,99246.7072366671,ra,0.0,0.0,0.0,0.0,0.0,0.0,0.0,0.0,0.0,0.21807127017895744,0.0,0.21807127017895744,0
4.0,2.0,42.0,42.0,15349.44862342799,7293.1561007636,8056.29252266439,44.89687709965849,44.8588943996645,0.037982699993987,124531.184689634,ra,1.0,0.0,1.0,1.365850396713355,0.5487655001842993,0.8170848965290559,1.3656225005133913,0.5487655001842993,0.816857000329092,0.269153366397987,0.269153366397987,0.0,1
4.0,2.0,45.0,43.0,29499.9997821141,14928.9998128104,14570.9999693037,199.3079091565844,98.9874838060954,100.320425350489,160563.715389321,ra,1.0,0.0,1.0,1.204203125675858,0.269153366397987,0.9350497592778712,1.4191375739020162,0.269153366397987,1.1499842075040292,1.4107819031656645,0.5939249028365724,0.816857000329092,1
4.0,2.0,49.0,44.0,29501.2496709625,14929.6109247903,14571.6387461722,155.4279023418824,19.2850689537004,136.142833388182,167022.616706975,ra,1.0,1.0,0.0,0.1526483815405516,0.0,0.1526483815405516,1.0797004915520612,0.5939249028365724,0.48577558871548876,1.859619524062804,0.7096353165587748,1.1499842075040292,1
4.0,2.0,2.0,45.0,37135.979248738106,18661.9898553614,18473.9893933767,51.6023314462275,51.6023314462275,0.0,182066.45484822,link,0.0,0.0,0.0,0.0,0.0,0.0,1.1954109052742634,0.7096353165587748,0.48577558871548876,1.5050248939516284,1.0192493052361398,0.48577558871548876,0
5.0,2.0,1.0,46.0,68793.7826224039,33913.4453688065,34880.3372535974,76.8764418514988,0.0,76.8764418514988,0.0,link,0.0,0.0,0.0,0.0,0.0,0.0,0.7120652156489039,0.24455151961725652,0.4675136960316474,1.1733238667578967,0.24455151961725652,0.9287723471406402,0
5.0,1.0,26.0,47.0,36003.5240013336,0.0,36003.5240013336,77.9189493386079,0.0,77.9189493386079,10624.4240384357,ra,0.0,0.0,0.0,0.0,0.0,0.0,0.0,0.0,0.0,0.4675136960316474,0.0,0.4675136960316474,0
5.0,0.0,27.0,48.0,32653.8009159093,32653.8009159093,0.0,83.5628354220787,83.5628354220787,0.0,12028.5386871855,ra,0.0,0.0,0.0,0.0,0.0,0.0,0.24455151961725652,0.24455151961725652,0.0,0.7459285321497288,0.7459285321497288,0.0,0
5.0,2.0,32.0,49.0,33127.6679782642,16315.8916479239,16811.7763303403,183.04409091686227,117.416729056751,65.6273618601113,39273.393575652,ra,1.0,0.0,1.0,1.9972845426121626,1.4504289064902347,0.5468556361219279,0.8990199971109888,0.7459285321497288,0.15309146496126,0.0,0.0,0.0,1
5.0,1.0,36.0,50.0,15728.3542233459,0.0,15728.3542233459,25.51524416021,0.0,25.51524416021,47330.3638647794,ra,0.0,0.0,0.0,0.0,0.0,0.0,0.0,0.0,0.0,0.15309146496126,0.0,0.15309146496126,0
5.0,0.0,39.0,51.0,16181.0369578104,16181.0369578104,0.0,48.0542387950906,48.0542387950906,0.0,54808.4650706048,ra,0.0,0.0,0.0,0.0,0.0,0.0,0.0,0.0,0.0,0.28832543277054357,0.28832543277054357,0.0,0
5.0,1.0,43.0,52.0,15425.0541977474,0.0,15425.0541977474,131.018327770218,0.0,131.018327770218,67696.5829264334,ra,1.0,0.0,1.0,1.228038689041415,0.0,1.228038689041415,0.441928722420107,0.0,0.441928722420107,0.0,0.0,0.0,1
5.0,0.0,44.0,53.0,16743.9409701348,16743.9409701348,0.0,43.7704753223488,43.7704753223488,0.0,67916.7177403682,ra,0.0,0.0,0.0,0.0,0.0,0.0,0.28832543277054357,0.28832543277054357,0.0,0.5509482847046363,0.5509482847046363,0.0,0
5.0,1.0,50.0,54.0,23926.8657512302,0.0,23926.8657512302,77.3006416447773,0.0,77.3006416447773,86150.6446371155,ra,1.0,0.0,1.0,0.46380384986866385,0.0,0.46380384986866385,0.441928722420107,0.0,0.441928722420107,0.441928722420107,0.0,0.441928722420107,1
5.0,0.0,51.0,55.0,23976.5917239922,23976.5917239922,0.0,77.26420880385,77.26420880385,0.0,86198.2118888899,ra,0.0,0.0,0.0,0.0,0.0,0.0,0.5509482847046363,0.5509482847046363,0.0,1.0145335375277365,1.0145335375277365,0.0,0
5.0,2.0,4.0,56.0,48295.9987384735,24204.9992554563,24090.9994830172,76.9931805753457,76.9931805753457,0.0,102115.051061861,link,0.0,0.0,0.0,0.0,0.0,0.0,1.4564622599478434,1.0145335375277365,0.441928722420107,1.9184213433999175,1.4764926209798106,0.441928722420107,0
6.0,2.0,0.0,57.0,17593.52882743976,9370.08985369332,8223.43897374644,65.6117794331869,0.0,65.6117794331869,0.0,link,0.0,0.0,0.0,0.0,0.0,0.0,0.0,0.0,0.0,0.39367067659912147,0.0,0.39367067659912147,0
6.0,0.0,34.0,58.0,9440.70012643683,9440.70012643683,0.0,2.31255832321132,2.31255832321132,0.0,1229.56192943354,ra,0.0,0.0,0.0,0.0,0.0,0.0,0.0,0.0,0.0,0.013875349939267922,0.013875349939267922,0.0,0
6.0,0.0,33.0,59.0,9685.7540713875,9685.7540713875,0.0,6.05644894270489,6.05644894270489,0.0,4398.31801694572,ra,0.0,0.0,0.0,0.0,0.0,0.0,0.013875349939267922,0.013875349939267922,0.0,0.05021404359549726,0.05021404359549726,0.0,0
6.0,1.0,38.0,60.0,13533.1360897293,0.0,13533.1360897293,65.3453592866002,0.0,65.3453592866002,19100.037855584,ra,1.0,0.0,1.0,0.840780734844583,0.0,0.840780734844583,0.44870857912498174,0.0,0.44870857912498174,0.0,0.0,0.0,1
6.0,0.0,37.0,61.0,14150.2103751211,14150.2103751211,0.0,36.0734762370388,36.0734762370388,0.0,19123.3135023805,ra,0.0,0.0,0.0,0.0,0.0,0.0,0.05021404359549726,0.05021404359549726,0.0,0.26665490101773004,0.26665490101773004,0.0,0
6.0,2.0,48.0,62.0,30972.8842403762,15986.2762154003,14986.6080249759,109.3639728709271,68.4381888689137,40.9257840020134,42213.9465999939,ra,1.0,1.0,0.0,0.9283747146149529,0.6772840342312122,0.2510906803837407,0.720899456514372,0.26665490101773004,0.454244555496642,0.44870857912498174,0.0,0.44870857912498174,1
6.0,2.0,3.0,63.0,43852.3829830634,22912.2538280909,20940.1291549725,71.0780120979308,71.0780120979308,0.0,60876.2242421798,link,0.0,0.0,0.0,0.0,0.0,0.0,0.454244555496642,0.0,0.454244555496642,0.8807126280842268,0.4264680725875848,0.454244555496642,0
7.0,2.0,0.0,64.0,11819.72883309257,5668.99952865367,6150.7293044389,46.2526547713833,0.0,46.2526547713833,0.0,link,0.0,0.0,0.0,0.0,0.0,0.0,0.0,0.0,0.0,0.27751592862829977,0.0,0.27751592862829977,0
7.0,2.0,46.0,65.0,16750.43996107374,8281.7922636936,8468.64769738014,8.878234312414646,8.78748726450068,0.090747047913966,6667.95544755655,ra,1.0,1.0,0.0,0.6504256397802517,0.0,0.6504256397802517,0.6498811574927679,0.0,0.6498811574927679,0.05272492358700409,0.05272492358700409,0.0,1
7.0,2.0,47.0,66.0,16803.00194301874,8309.64474409952,8493.35719891922,9.380161859157816,0.088764550672247,9.29139730848557,6721.47492677825,ra,0.0,0.0,0.0,0.0,0.0,0.0,0.6468576972288586,0.05272492358700409,0.5941327736418545,0.7031386683838055,0.05325751089103757,0.6498811574927679,0
7.0,2.0,2.0,67.0,31479.2646876848,14962.6751347339,16516.5895529509,43.5277394923661,43.5277394923661,0.0,25294.5418793567,link,0.0,0.0,0.0,0.0,0.0,0.0,0.647390284532892,0.05325751089103757,0.5941327736418545,0.9085567214870887,0.3144239478452342,0.5941327736418545,0
8.0,2.0,2.0,68.0,14782.3695846428,7482.84754160049,7299.52204304231,11.4307034650488,0.0,11.4307034650488,0.0,link,0.0,0.0,0.0,0.0,0.0,0.0,0.3768944500197233,0.3768944500197233,0.0,0.44547867081001613,0.3768944500197233,0.0685842207902928,0
8.0,2.0,52.0,69.0,9208.20636712835,4168.18387658208,5040.02249054627,21.8297731059757,10.6109556704707,11.218817435505,9055.82449812222,ra,1.0,1.0,0.0,0.5078730886555775,0.4405601840425475,0.06731290461303,0.3768944500197233,0.3768944500197233,0.0,0.0,0.0,0.0,1
8.0,2.0,0.0,70.0,9708.89067456805,5120.67365793185,4588.2170166362,11.1520763011101,11.1520763011101,0.0,21173.6853058851,link,0.0,0.0,0.0,0.0,0.0,0.0,0.0,0.0,0.0,0.0669124578066606,0.0669124578066606,0.0,0
9.0,2.0,2.0,71.0,31818.42313617,16104.8835451968,15713.5395909732,65.2296519423651,0.0,65.2296519423651,0.0,link,0.0,0.0,0.0,0.0,0.0,0.0,0.7657890983113345,0.5513108357300626,0.21447826258127195,1.1571670099655251,0.5513108357300626,0.6058561742354625,0
9.0,2.0,55.0,72.0,36693.0558776816,18116.8086480647,18576.2472296169,106.50973043548069,54.1600178796028,52.3497125558779,15445.3717833973,ra,1.0,0.0,1.0,1.1903692183429468,0.8762709430076794,0.31409827533526746,0.7657890983113345,0.5513108357300626,0.21447826258127195,0.21447826258127195,0.0,0.21447826258127195,1
9.0,2.0,7.0,73.0,31601.8542643027,15291.9117888883,16309.9424754144,62.8465993564867,62.8465993564867,0.0,33157.1268468838,link,0.0,0.0,0.0,0.0,0.0,0.0,0.21447826258127195,0.0,0.21447826258127195,0.5915578587201922,0.37707959613892017,0.21447826258127195,0
10.0,2.0,3.0,74.0,31606.6695639389,16070.5474552074,15536.1221087315,0.876281378643092,0.0,0.876281378643092,0.0,link,0.0,0.0,0.0,0.0,0.0,0.0,0.7777907596412827,0.37211078920896695,0.40567997043231574,0.7830484479131412,0.37211078920896695,0.4109376587041743,0
10.0,2.0,53.0,75.0,20482.292071415,10386.9656808517,10095.3263905633,77.1995674356368,39.212351587896,37.9872158477408,14793.4065314786,ra,1.0,1.0,0.0,1.568745141072731,0.607384898736343,0.9613602423363881,1.5112277068912259,0.37211078920896695,1.1391169176822589,0.40567997043231574,0.0,0.40567997043231574,1
10.0,2.0,4.0,76.0,20473.6189956967,10382.5344994114,10091.0844962853,0.901592806600099,0.901592806600099,0.0,15227.5355211014,link,0.0,0.0,0.0,0.0,0.0,0.0,1.1391169176822589,0.0,1.1391169176822589,1.1445264745218595,0.005409556839600595,1.1391169176822589,0
11.0,2.0,3.0,77.0,48420.0541429227,24599.8231829302,23820.2309599925,25.3964262763502,0.0,25.3964262763502,0.0,link,0.0,0.0,0.0,0.0,0.0,0.0,0.7964383554353482,0.47993364983979975,0.31650470559554844,0.9488169130934494,0.47993364983979975,0.46888326325364965,0
11.0,2.0,54.0,78.0,48814.9931722971,24295.4347117739,24519.5584605232,67.7681645842998,34.0326255473008,33.735539036999,6967.48714814497,ra,1.0,0.0,1.0,1.0326662038772947,0.219140667241878,0.8135255366354166,1.4075506578487709,0.47993364983979975,0.9276170080089711,0.7814934414772752,0.4649887358817267,0.31650470559554844,1
11.0,1.0,56.0,79.0,22284.9266194441,0.0,22284.9266194441,33.7018886644055,0.0,33.7018886644055,14053.3882390507,ra,0.0,0.0,0.0,0.0,0.0,0.0,0.7254056760225381,0.0,0.7254056760225381,0.9276170080089711,0.0,0.9276170080089711,0
11.0,2.0,5.0,80.0,42919.8251598076,21285.3584845686,21634.466675239,58.2179052357709,58.2179052357709,0.0,19878.6900646546,link,0.0,0.0,0.0,0.0,0.0,0.0,1.1903944119042649,0.4649887358817267,0.7254056760225381,1.5397018433188903,0.8142961672963521,0.7254056760225381,0
12.0,2.0,4.0,81.0,53131.6723320628,26537.1834811746,26594.4888508882,31.2464886001598,0.0,31.2464886001598,0.0,link,0.0,0.0,0.0,0.0,0.0,0.0,1.2452635529070653,0.8380324765234133,0.407231076383652,1.432742484508024,0.8380324765234133,0.5947100079846108,0
12.0,0.0,58.0,82.0,22288.895823896,22288.895823896,0.0,67.2851539459114,67.2851539459114,0.0,13722.6357161214,ra,1.0,1.0,0.0,0.932100681528469,0.932100681528469,0.0,0.8380324765234133,0.8380324765234133,0.0,0.30964271867041254,0.30964271867041254,0.0,1
12.0,1.0,57.0,83.0,22492.6689728353,0.0,22492.6689728353,67.871846063942,0.0,67.871846063942,13775.3691799331,ra,1.0,0.0,1.0,0.8723477829157401,0.0,0.8723477829157401,0.8723477829157401,0.0,0.8723477829157401,0.407231076383652,0.0,0.407231076383652,1
12.0,2.0,5.0,84.0,44751.0771921405,22273.0392762582,22478.0379158823,31.1968175846597,31.1968175846597,0.0,20725.0958331826,link,0.0,0.0,0.0,0.0,0.0,0.0,1.1819905015861527,0.30964271867041254,0.8723477829157401,1.3691714070941108,0.4968236241783707,0.8723477829157401,0
13.0,2.0,4.0,85.0,25987.610544625597,13119.3784455626,12868.232099063,24.1076698093879,0.0,24.1076698093879,0.0,link,0.0,0.0,0.0,0.0,0.0,0.0,0.547697973351132,0.17493903069285127,0.3727589426582808,0.6923439922074595,0.17493903069285127,0.5174049615146082,0
13.0,2.0,59.0,86.0,13974.00634747334,7033.00411775856,6941.00222971478,137.67700987541448,75.5505194323677,62.1264904430468,36309.8952864744,ra,1.0,1.0,0.0,1.102457212461132,0.6282421472870573,0.4742150651740747,0.649154095866926,0.17493903069285127,0.4742150651740747,0.3727589426582808,0.0,0.3727589426582808,1
13.0,1.0,63.0,87.0,7362.49465739319,0.0,7362.49465739319,13.2299521865053,0.0,13.2299521865053,54986.8926639146,ra,0.0,0.0,0.0,0.0,0.0,0.0,0.3948353520550429,0.0,0.3948353520550429,0.4742150651740747,0.0,0.4742150651740747,0
13.0,0.0,62.0,88.0,7963.31449008736,7963.31449008736,0.0,27.91216958586,27.91216958586,0.0,55258.2918559062,ra,0.0,0.0,0.0,0.0,0.0,0.0,0.0,0.0,0.0,0.16747301751515997,0.16747301751515997,0.0,0
13.0,2.0,70.0,89.0,20915.585370117602,10623.7234191176,10291.861951,133.585973882477,67.7800818733032,65.8058920091738,85720.8848871018,ra,1.0,1.0,0.0,0.9093683544645678,0.5741535087549792,0.3352148457095886,0.5026878632247486,0.16747301751515997,0.3352148457095886,0.3948353520550429,0.0,0.3948353520550429,1
13.0,1.0,71.0,90.0,10312.6666929756,0.0,10312.6666929756,26.5174055540081,0.0,26.5174055540081,92148.0377185692,ra,0.0,0.0,0.0,0.0,0.0,0.0,0.17611041238554,0.0,0.17611041238554,0.3352148457095886,0.0,0.3352148457095886,0
13.0,0.0,75.0,91.0,10865.4133062023,10865.4133062023,0.0,44.504535707302,44.504535707302,0.0,106351.198252807,ra,0.0,0.0,0.0,0.0,0.0,0.0,0.0,0.0,0.0,0.267027214243812,0.267027214243812,0.0,0
13.0,2.0,80.0,92.0,21769.3135715549,10924.7717317326,10844.5418398223,104.6281180270864,31.7572041283557,72.8709138987307,121274.128299309,ra,1.0,1.0,0.0,1.239594545712543,0.1905432247701342,1.0490513209424088,1.054963464179377,0.267027214243812,0.787936249935565,0.44313762662935197,0.267027214243812,0.17611041238554,1
13.0,2.0,8.0,93.0,20326.8379673694,10049.6549230906,10277.1830442788,23.9994133765245,23.9994133765245,0.0,132616.969219855,link,0.0,0.0,0.0,0.0,0.0,0.0,1.054963464179377,0.267027214243812,0.787936249935565,1.198959944438524,0.41102369450295895,0.787936249935565,0
14.0,2.0,5.0,94.0,94497.8226477467,47019.266876753,47478.5557709937,18.7268504151593,0.0,18.7268504151593,0.0,link,0.0,0.0,0.0,0.0,0.0,0.0,2.318656987116584,1.072192211071992,1.2464647760445917,2.431018089607539,1.072192211071992,1.3588258785355474,0
14.0,0.0,61.0,95.0,46935.1899031602,46935.1899031602,0.0,43.4957749008434,43.4957749008434,0.0,4629.48262057162,ra,1.0,1.0,0.0,0.06513863967692474,0.06513863967692474,0.0,1.072192211071992,1.072192211071992,0.0,1.268028220800128,1.268028220800128,0.0,1
14.0,1.0,60.0,96.0,47664.7520038718,0.0,47664.7520038718,44.0864914897388,0.0,44.0864914897388,4633.73189838993,ra,0.0,0.0,0.0,0.0,0.0,0.0,0.9819458271061587,0.0,0.9819458271061587,1.2464647760445917,0.0,1.2464647760445917,0
14.0,2.0,6.0,97.0,94641.6911720278,46900.6207445268,47741.070427501,18.4583884100412,18.4583884100412,0.0,6596.60038925666,link,0.0,0.0,0.0,0.0,0.0,0.0,2.249974047906287,1.268028220800128,0.9819458271061587,2.360724378366534,1.3787785512603752,0.9819458271061587,0
15.0,2.0,6.0,98.0,75207.4913410466,44538.3019109056,30669.189430141,37.6970030363307,0.0,37.6970030363307,0.0,link,0.0,0.0,0.0,0.0,0.0,0.0,1.6469641164166262,0.8650964073766743,0.781867709039952,1.8731461346346105,0.8650964073766743,1.0080497272579363,0
15.0,1.0,64.0,99.0,16721.3274524539,0.0,16721.3274524539,130.311284839992,0.0,130.311284839992,25738.7432238461,ra,0.0,0.0,0.0,0.0,0.0,0.0,0.0,0.0,0.0,0.781867709039952,0.0,0.781867709039952,0
15.0,0.0,65.0,100.0,16271.068415411,16271.068415411,0.0,157.829465818351,157.829465818351,0.0,25740.9022185623,ra,1.0,1.0,0.0,1.8120732022867803,1.8120732022867803,0.0,0.8650964073766743,0.8650964073766743,0.0,0.0,0.0,0.0,1
15.0,2.0,0.0,101.0,10998.09198493645,5379.56194516866,5618.53003976779,36.5002514099417,36.5002514099417,0.0,48631.178555929,link,0.0,0.0,0.0,0.0,0.0,0.0,0.0,0.0,0.0,0.21900150845965022,0.21900150845965022,0.0,0
16.0,2.0,6.0,102.0,79740.5667298025,40135.9531021025,39604.6136277,56.0179116263197,0.0,56.0179116263197,0.0,link,0.0,0.0,0.0,0.0,0.0,0.0,1.8826124096588437,1.37925296172612,0.5033594479327236,2.2187198794167617,1.37925296172612,0.8394669176906419,0
16.0,1.0,66.0,103.0,29014.9759926702,0.0,29014.9759926702,83.8932413221206,0.0,83.8932413221206,12316.8385533337,ra,0.0,0.0,0.0,0.0,0.0,0.0,0.0,0.0,0.0,0.5033594479327236,0.0,0.5033594479327236,0
16.0,0.0,67.0,104.0,29278.0080852545,29278.0080852545,0.0,91.7157564521452,91.7157564521452,0.0,12575.9466885105,ra,1.0,1.0,0.0,1.223453034466203,1.223453034466203,0.0,1.37925296172612,1.37925296172612,0.0,0.7060944659727882,0.7060944659727882,0.0,1
16.0,0.0,72.0,105.0,28145.026567285,28145.026567285,0.0,72.859904959997,72.859904959997,0.0,25449.0803158335,ra,0.0,0.0,0.0,0.0,0.0,0.0,0.7060944659727882,0.7060944659727882,0.0,1.1432538957327703,1.1432538957327703,0.0,0
16.0,1.0,74.0,106.0,25731.8558288299,0.0,25731.8558288299,63.0065586717228,0.0,63.0065586717228,32933.7519739179,ra,1.0,0.0,1.0,0.9457685778666607,0.0,0.9457685778666607,0.5677292258363238,0.0,0.5677292258363238,0.0,0.0,0.0,1
16.0,0.0,76.0,107.0,25418.7221777421,25418.7221777421,0.0,127.401374095215,127.401374095215,0.0,49497.4689014342,ra,1.0,1.0,0.0,1.1432538957327703,1.1432538957327703,0.0,1.1432538957327703,1.1432538957327703,0.0,0.7644082445712902,0.7644082445712902,0.0,1
16.0,1.0,77.0,108.0,25469.3693020146,0.0,25469.3693020146,72.5896670074587,0.0,72.5896670074587,49565.5184208006,ra,1.0,0.0,1.0,1.1077401750579101,0.0,1.1077401750579101,1.2399313988494818,0.0,1.2399313988494818,0.5677292258363238,0.0,0.5677292258363238,1
16.0,1.0,82.0,109.0,26935.5497477119,0.0,26935.5497477119,94.6215376393873,0.0,94.6215376393873,67595.9687520987,ra,1.0,0.0,1.0,0.5035652288944937,0.0,0.5035652288944937,1.1757674019076516,0.0,1.1757674019076516,1.2399313988494818,0.0,1.2399313988494818,1
16.0,0.0,83.0,110.0,27462.4751098044,27462.4751098044,0.0,101.142052749134,101.142052749134,0.0,68666.0746432526,ra,0.0,0.0,0.0,0.0,0.0,0.0,0.7644082445712902,0.7644082445712902,0.0,1.3712605610660942,1.3712605610660942,0.0,0
16.0,1.0,86.0,111.0,27163.1527528195,0.0,27163.1527528195,83.9275381490823,0.0,83.9275381490823,81021.8926734055,ra,0.0,0.0,0.0,0.0,0.0,0.0,0.672202173013158,0.0,0.672202173013158,1.1757674019076516,0.0,1.1757674019076516,0
16.0,0.0,89.0,112.0,29187.9984476255,29187.9984476255,0.0,133.078562065394,133.078562065394,0.0,92123.379066016,ra,1.0,1.0,0.0,1.3712605610660942,1.3712605610660942,0.0,1.3712605610660942,1.3712605610660942,0.0,0.7984713723923642,0.7984713723923642,0.0,1
16.0,1.0,90.0,113.0,28376.9986665812,0.0,28376.9986665812,112.033695502193,0.0,112.033695502193,92203.5095301381,ra,1.0,0.0,1.0,1.452754973574479,0.0,1.452754973574479,1.452754973574479,0.0,1.452754973574479,0.672202173013158,0.0,0.672202173013158,1
16.0,2.0,94.0,114.0,71124.20344709541,35553.8279012094,35570.375545886,175.104794376022,85.9927754667718,89.1120189092502,106046.116569043,ra,1.0,0.0,1.0,1.3144280251929952,1.3144280251929952,0.0,1.7165542325113423,0.7984713723923642,0.9180828601189781,1.452754973574479,0.0,1.452754973574479,1
16.0,2.0,12.0,115.0,71147.99996754559,35564.9999847632,35582.9999827824,55.9897431175008,55.9897431175008,0.0,113917.810760995,link,0.0,0.0,0.0,0.0,0.0,0.0,0.9180828601189781,0.0,0.9180828601189781,1.254021318823983,0.3359384587050048,0.9180828601189781,0
18.0,2.0,7.0,118.0,26949.9999999978,13587.9999999988,13361.999999999,25.2470177737235,0.0,25.2470177737235,0.0,link,0.0,0.0,0.0,0.0,0.0,0.0,0.3187369396251984,0.3187369396251984,0.0,0.4702190462675394,0.3187369396251984,0.15148210664234102,0
18.0,0.0,68.0,119.0,13587.9186189986,13587.9186189986,0.0,33.4756574390956,33.4756574390956,0.0,12318.1380453438,ra,0.0,0.0,0.0,0.0,0.0,0.0,0.3187369396251984,0.3187369396251984,0.0,0.5195908842597721,0.5195908842597721,0.0,0
18.0,1.0,69.0,120.0,13361.9322654755,0.0,13361.9322654755,72.402660427751,0.0,72.402660427751,12346.3056788137,ra,1.0,0.0,1.0,0.5934879485256577,0.0,0.5934879485256577,0.1590719859591516,0.0,0.1590719859591516,0.0,0.0,0.0,1
18.0,2.0,73.0,121.0,21133.145613699402,10354.0731302489,10779.0724834505,61.9812795290299,35.4692818691713,26.5119976598586,27186.3293839123,ra,1.0,1.0,0.0,1.365350607057854,0.7324065754747998,0.6329440315830541,1.1525349158428262,0.5195908842597721,0.6329440315830541,0.1590719859591516,0.0,0.1590719859591516,1
18.0,2.0,81.0,122.0,17024.72901544851,8263.2955761644,8761.43343928411,208.14254037175698,102.651868441248,105.490671930509,76811.9776614867,ra,1.0,0.0,1.0,0.21429419085605161,0.0,0.21429419085605161,0.21429419085605161,0.0,0.21429419085605161,1.2488552422305421,0.615911210647488,0.6329440315830541,1
18.0,0.0,84.0,123.0,7912.19781312535,7912.19781312535,0.0,24.3989554548074,24.3989554548074,0.0,91803.7907317536,ra,0.0,0.0,0.0,0.0,0.0,0.0,0.615911210647488,0.615911210647488,0.0,0.7623049433763325,0.7623049433763325,0.0,0
18.0,1.0,85.0,124.0,8875.83878859374,0.0,8875.83878859374,35.7156984760086,0.0,35.7156984760086,91872.4611970398,ra,0.0,0.0,0.0,0.0,0.0,0.0,0.0,0.0,0.0,0.21429419085605161,0.0,0.21429419085605161,0
18.0,2.0,92.0,125.0,47292.9371799686,22515.082655355,24777.8545246136,95.08904874416919,62.094805880694,32.9942428634752,121334.732705969,ra,1.0,0.0,1.0,2.2165602586360755,1.1348737786604963,1.081686479975579,1.6460259661710601,0.7623049433763325,0.8837210227947276,0.0,0.0,0.0,1
18.0,2.0,11.0,126.0,53098.002767233804,24816.3642256391,28281.6385415947,22.5015672879359,22.5015672879359,0.0,126075.531741563,link,0.0,0.0,0.0,0.0,0.0,0.0,0.8837210227947276,0.0,0.8837210227947276,1.018730426522343,0.13500940372761538,0.8837210227947276,0
19.0,2.0,7.0,127.0,19888.0,9830.0,10058.0,36.65044678,0.0,36.65044678,0.0,link,0.0,0.0,0.0,0.0,0.0,0.0,0.21524918125479092,0.21524918125479092,0.0,0.43515186193479094,0.21524918125479092,0.21990268068000002,0
19.0,2.0,0.0,128.0,19888.0,9830.0,10058.0,35.8196353,35.8196353,0.0,18219.577121931,link,0.0,0.0,0.0,0.0,0.0,0.0,0.21524918125479092,0.21524918125479092,0.0,0.43016699305479095,0.43016699305479095,0.0,0
20.0,2.0,0.0,129.0,19481.0003447438,9701.00019990513,9780.00014483867,31.7189360412727,0.0,31.7189360412727,0.0,link,0.0,0.0,0.0,0.0,0.0,0.0,0.0,0.0,0.0,0.1903136162476362,0.0,0.1903136162476362,0
20.0,0.0,78.0,130.0,10133.9989103389,10133.9989103389,0.0,44.0362165795789,44.0362165795789,0.0,22308.8999344534,ra,0.0,0.0,0.0,0.0,0.0,0.0,0.0,0.0,0.0,0.2642172994774734,0.2642172994774734,0.0,0
20.0,1.0,79.0,131.0,10094.128472639,0.0,10094.128472639,44.2935865426873,0.0,44.2935865426873,22364.4498639692,ra,1.0,0.0,1.0,1.261765873433227,0.0,1.261765873433227,0.9960043541771033,0.0,0.9960043541771033,0.0,0.0,0.0,1
20.0,2.0,8.0,132.0,21962.979690817003,10983.9900500203,10978.9896407967,31.884879589547,31.884879589547,0.0,37253.2284842051,link,0.0,0.0,0.0,0.0,0.0,0.0,1.2602216536545767,0.2642172994774734,0.9960043541771033,1.4515309311918587,0.4555265770147554,0.9960043541771033,0
21.0,2.0,8.0,133.0,21649.000000000102,11074.0,10575.0000000001,7.43168671999561,0.0,7.43168671999561,0.0,link,0.0,0.0,0.0,0.0,0.0,0.0,1.2041816433149544,0.3199508773383381,0.8842307659766162,1.248771763634928,0.3199508773383381,0.9288208862965899,0
21.0,2.0,87.0,134.0,23288.9999999286,11776.9999999694,11511.9999999592,130.8517558540975,66.5842346210918,64.2675212330057,29246.6421925882,ra,1.0,1.0,0.0,1.5272925507787027,0.7194562850648889,0.807836265713814,1.6264127816307339,0.3199508773383381,1.3064619042923957,0.8842307659766162,0.0,0.8842307659766162,1
21.0,2.0,10.0,135.0,23288.9999999998,11776.9999999999,11511.9999999999,7.6027601199967,7.6027601199967,0.0,32474.4736101551,link,0.0,0.0,0.0,0.0,0.0,0.0,1.3064619042923957,0.0,1.3064619042923957,1.3520784650123758,0.0456165607199802,1.3064619042923957,0
22.0,2.0,8.0,136.0,18089.34980232114,9293.63667702267,8795.71312529847,50.8320723555467,0.0,50.8320723555467,0.0,link,0.0,0.0,0.0,0.0,0.0,0.0,0.3923362534780259,0.19440418198730205,0.19793207149072384,0.6973286876113061,0.19440418198730205,0.502924505624004,0
22.0,2.0,9.0,137.0,22551.7599214391,11229.4921808602,11322.2677405789,51.9728061182546,51.9728061182546,0.0,25496.1440920557,link,0.0,0.0,0.0,0.0,0.0,0.0,0.3923362534780259,0.19440418198730205,0.19793207149072384,0.7041730901875536,0.5062410186968297,0.19793207149072384,0
24.0,2.0,9.0,140.0,25786.108144857702,12922.6073175015,12863.5008273562,6.20450134751721,0.0,6.20450134751721,0.0,link,0.0,0.0,0.0,0.0,0.0,0.0,0.886872373802101,0.886872373802101,0.0,0.9240993818872043,0.886872373802101,0.037227008085103264,0
24.0,0.0,88.0,141.0,12911.6129537198,12911.6129537198,0.0,18.090429727144,18.090429727144,0.0,7001.12487688288,ra,1.0,1.0,0.0,0.886872373802101,0.886872373802101,0.0,0.886872373802101,0.886872373802101,0.0,0.108542578362864,0.108542578362864,0.0,1
24.0,1.0,91.0,142.0,12797.6950404071,0.0,12797.6950404071,42.2591539553047,0.0,42.2591539553047,10447.761196687,ra,1.0,0.0,1.0,0.8013468586080457,0.0,0.8013468586080457,0.5477919348762175,0.0,0.5477919348762175,0.0,0.0,0.0,1
24.0,0.0,97.0,143.0,9570.73893282761,9570.73893282761,0.0,55.1154602453017,55.1154602453017,0.0,30840.5691895132,ra,0.0,0.0,0.0,0.0,0.0,0.0,0.108542578362864,0.108542578362864,0.0,0.4392353398346742,0.4392353398346742,0.0,0
24.0,1.0,98.0,144.0,9946.42620888775,0.0,9946.42620888775,44.6267145095153,0.0,44.6267145095153,30857.3340619152,ra,1.0,0.0,1.0,0.37271025400323804,0.0,0.37271025400323804,0.6527419018223637,0.0,0.6527419018223637,0.5477919348762175,0.0,0.5477919348762175,1
24.0,2.0,108.0,145.0,15887.70615160749,7870.70573058493,8017.00042102256,90.0397330100835,43.3677917068959,46.6719413031876,55766.1486133563,ra,1.0,0.0,1.0,0.15755687544256658,0.108542578362864,0.049014297079702576,0.8609598909176148,0.4392353398346742,0.4217245510829406,1.2436414135355494,0.5908995117131857,0.6527419018223637,1
24.0,2.0,114.0,146.0,28294.0206982518,14163.5504368669,14130.4702613849,69.0763390413446,42.2261520476434,26.8501869937012,76000.7341358558,ra,1.0,0.0,1.0,0.9785743522276197,0.8442564239990461,0.13431792822857358,0.9858408690624927,0.5908995117131857,0.394941357349307,0.4217245510829406,0.0,0.4217245510829406,1
24.0,2.0,15.0,147.0,28738.6713502246,14383.3123439625,14355.3590062621,6.21755359002561,6.21755359002561,0.0,78175.474803374,link,0.0,0.0,0.0,0.0,0.0,0.0,0.394941357349307,0.0,0.394941357349307,0.43224667888946067,0.03730532154015366,0.394941357349307,0
25.0,2.0,9.0,148.0,18444.994544675952,9036.99752648209,9407.99701819386,63.2514795730409,0.0,63.2514795730409,0.0,link,0.0,0.0,0.0,0.0,0.0,0.0,0.4515352512801126,0.1448538551037331,0.3066813961763795,0.8310441287183581,0.1448538551037331,0.686190273614625,0
25.0,2.0,10.0,149.0,19006.7279100321,9665.34291491844,9341.38499511366,62.7521619682933,62.7521619682933,0.0,35248.1726115327,link,0.0,0.0,0.0,0.0,0.0,0.0,0.4515352512801126,0.1448538551037331,0.3066813961763795,0.8280482230898725,0.521366826913493,0.3066813961763795,0
26.0,2.0,10.0,150.0,39799.090315948604,19727.656489473,20071.4338264756,108.650132990625,0.0,108.650132990625,0.0,link,0.0,0.0,0.0,0.0,0.0,0.0,0.948229896940129,0.26872329571852865,0.6795066012216004,1.600130694883879,0.26872329571852865,1.3314073991653503,0
26.0,2.0,11.0,151.0,61239.0276416527,31319.7944712375,29919.2331704152,110.54197599673,110.54197599673,0.0,24120.7762535988,link,0.0,0.0,0.0,0.0,0.0,0.0,0.948229896940129,0.26872329571852865,0.6795066012216004,1.6114817529205092,0.9319751516989088,0.6795066012216004,0
27.0,2.0,11.0,152.0,68446.95855219441,33632.3321209786,34814.6264312158,89.5003172352572,0.0,89.5003172352572,0.0,link,0.0,0.0,0.0,0.0,0.0,0.0,1.2303360952045688,0.6990240917282671,0.5313120034763017,1.767337998616112,0.6990240917282671,1.0683139068878449,0
27.0,0.0,99.0,153.0,29715.9548515929,29715.9548515929,0.0,99.1810191956301,99.1810191956301,0.0,15398.2814879574,ra,1.0,1.0,0.0,0.6990240917282671,0.6990240917282671,0.0,0.6990240917282671,0.6990240917282671,0.0,0.5950861151737806,0.5950861151737806,0.0,1
27.0,1.0,100.0,154.0,27462.2259431798,0.0,27462.2259431798,88.5520005793836,0.0,88.5520005793836,15788.2300471589,ra,0.0,0.0,0.0,0.0,0.0,0.0,0.0,0.0,0.0,0.5313120034763017,0.0,0.5313120034763017,0
27.0,2.0,107.0,155.0,39803.000772140804,18775.2599855575,21027.7407865833,170.4303949820854,81.55523447022,88.8751605118654,32030.5850885025,ra,1.0,1.0,0.0,1.5671567394432941,0.5950861151737806,0.9720706242695135,1.0339057763721018,0.5950861151737806,0.43881966119832116,0.48933140682132004,0.48933140682132004,0.0,1
27.0,0.0,111.0,156.0,14923.34787731,14923.34787731,0.0,66.6536740741596,66.6536740741596,0.0,51994.455333056,ra,0.0,0.0,0.0,0.0,0.0,0.0,0.48933140682132004,0.48933140682132004,0.0,0.8892534512662775,0.8892534512662775,0.0,0
27.0,1.0,110.0,157.0,16064.7865328213,0.0,16064.7865328213,73.1366101997202,0.0,73.1366101997202,52217.7859827402,ra,0.0,0.0,0.0,0.0,0.0,0.0,0.0,0.0,0.0,0.43881966119832116,0.0,0.43881966119832116,0
27.0,2.0,113.0,158.0,28115.7326932638,13396.479626617,14719.2530666468,163.647239563086,83.0354884979635,80.6117510651225,80453.8359529617,ra,1.0,0.0,1.0,1.976578273508896,1.3874663822540585,0.5891118912548374,0.9946948361303799,0.8892534512662775,0.10544138486410239,0.0,0.0,0.0,1
27.0,0.0,115.0,159.0,16210.1141141057,16210.1141141057,0.0,54.8372961509289,54.8372961509289,0.0,99290.1862589441,ra,0.0,0.0,0.0,0.0,0.0,0.0,0.0,0.0,0.0,0.32902377690557344,0.32902377690557344,0.0,0
27.0,2.0,116.0,160.0,34177.789667498,16266.7915147338,17910.9981527642,127.54232571201831,25.8997969382603,101.642528773758,107271.26953268,ra,1.0,0.0,1.0,0.6098551726425481,0.0,0.6098551726425481,0.4344651617696758,0.32902377690557344,0.10544138486410239,0.5898639433992376,0.4844225585351353,0.10544138486410239,1
27.0,2.0,15.0,161.0,39893.9999998457,18725.9999999336,21167.9999999121,79.4401357047495,79.4401357047495,0.0,128894.513137464,link,0.0,0.0,0.0,0.0,0.0,0.0,0.5898639433992376,0.4844225585351353,0.10544138486410239,1.0665047576277347,0.9610633727636322,0.10544138486410239,0
28.0,2.0,11.0,162.0,61992.2787513973,31725.312247826,30266.9665035713,47.8140448129225,0.0,47.8140448129225,0.0,link,0.0,0.0,0.0,0.0,0.0,0.0,1.3152796499534312,0.73760533270037,0.5776743172530612,1.6021639188309662,0.73760533270037,0.8645585861305962,0
28.0,0.0,93.0,163.0,30439.2241679383,30439.2241679383,0.0,21.4556670568085,21.4556670568085,0.0,3445.55910715547,ra,0.0,0.0,0.0,0.0,0.0,0.0,0.73760533270037,0.73760533270037,0.0,0.866339335041221,0.866339335041221,0.0,0
28.0,0.0,95.0,164.0,18498.9087746208,18498.9087746208,0.0,79.3453149314,79.3453149314,0.0,21968.3457181098,ra,1.0,1.0,0.0,1.3424112246296211,1.3424112246296211,0.0,0.866339335041221,0.866339335041221,0.0,0.0,0.0,0.0,1
28.0,1.0,96.0,165.0,17419.1863324911,0.0,17419.1863324911,96.2790528755102,0.0,96.2790528755102,22264.116411145,ra,0.0,0.0,0.0,0.0,0.0,0.0,0.0,0.0,0.0,0.5776743172530612,0.0,0.5776743172530612,0
28.0,2.0,0.0,166.0,16044.98321671642,8425.39921826346,7619.58399845296,53.6592436926014,53.6592436926014,0.0,40879.2796779836,link,0.0,0.0,0.0,0.0,0.0,0.0,0.0,0.0,0.0,0.3219554621556084,0.3219554621556084,0.0,0
30.0,2.0,12.0,169.0,31173.0077127878,15334.6891591729,15838.3185536149,27.4604467656701,0.0,27.4604467656701,0.0,link,0.0,0.0,0.0,0.0,0.0,0.0,1.153553860803118,0.26392441549096285,0.8896294453121552,1.3183165413971385,0.26392441549096285,1.0543921259061757,0
30.0,0.0,101.0,170.0,15342.1685357064,15342.1685357064,0.0,5.77400459913302,5.77400459913302,0.0,1882.30501330568,ra,0.0,0.0,0.0,0.0,0.0,0.0,0.26392441549096285,0.26392441549096285,0.0,0.29856844308576097,0.29856844308576097,0.0,0
30.0,1.0,102.0,171.0,15008.3801891543,0.0,15008.3801891543,48.5390941140661,0.0,48.5390941140661,15325.3757236118,ra,0.0,0.0,0.0,0.0,0.0,0.0,0.5983948806277585,0.0,0.5983948806277585,0.8896294453121552,0.0,0.8896294453121552,0
30.0,0.0,103.0,172.0,14615.1043928834,14615.1043928834,0.0,42.4707835812159,42.4707835812159,0.0,15632.2115214018,ra,0.0,0.0,0.0,0.0,0.0,0.0,0.29856844308576097,0.29856844308576097,0.0,0.5533931445730562,0.5533931445730562,0.0,0
30.0,2.0,13.0,173.0,18934.3901725728,9143.1385769236,9791.2515956492,25.3623331074238,25.3623331074238,0.0,27311.5905726122,link,0.0,0.0,0.0,0.0,0.0,0.0,1.1517880252008146,0.5533931445730562,0.5983948806277585,1.3039620238453575,0.7055671432175992,0.5983948806277585,0
31.0,2.0,12.0,174.0,61211.2617744492,30941.9007084376,30269.3610660116,11.6975766277116,0.0,11.6975766277116,0.0,link,0.0,0.0,0.0,0.0,0.0,0.0,1.1515606928277022,0.7150347307976057,0.4365259620300966,1.221746152593972,0.7150347307976057,0.5067114217963662,0
31.0,1.0,106.0,175.0,29780.0349085717,0.0,29780.0349085717,72.7543270050161,0.0,72.7543270050161,10173.7794302971,ra,0.0,0.0,0.0,0.0,0.0,0.0,0.0,0.0,0.0,0.4365259620300966,0.0,0.4365259620300966,0
31.0,0.0,105.0,176.0,30402.9541425937,30402.9541425937,0.0,62.3970411602337,62.3970411602337,0.0,10175.4293545811,ra,1.0,1.0,0.0,0.3743822469614022,0.3743822469614022,0.0,0.7150347307976057,0.7150347307976057,0.0,0.7150347307976057,0.7150347307976057,0.0,1
31.0,2.0,109.0,177.0,62402.9342497772,31525.7279110326,30877.2063387446,136.33140926423482,75.2483837478545,61.0830255163803,22337.1483709023,ra,1.0,0.0,1.0,2.29216282343124,1.1665250332847328,1.125637790146507,1.4741743678458308,0.7150347307976057,0.7591396370482251,0.0,0.0,0.0,1
31.0,2.0,14.0,178.0,62766.261417807,31611.057809806,31155.203608001,11.9029605248606,11.9029605248606,0.0,24222.213413882,link,0.0,0.0,0.0,0.0,0.0,0.0,0.7591396370482251,0.0,0.7591396370482251,0.8305574001973887,0.0714177631491636,0.7591396370482251,0
32.0,2.0,13.0,179.0,24034.0,12223.0,11811.0,99.7324801046264,0.0,99.7324801046264,0.0,link,0.0,0.0,0.0,0.0,0.0,0.0,0.7055671432175992,0.7055671432175992,0.0,1.3039620238453575,0.7055671432175992,0.5983948806277585,0
32.0,2.0,104.0,180.0,24034.0000000012,12223.0000000006,11811.0000000006,10.91239736000012,5.54973092000006,5.36266644000006,2270.21285318104,ra,1.0,1.0,0.0,1.5200727591757137,0.5533931445730562,0.9666796146026575,1.6400707591802564,0.7055671432175992,0.9345036159626572,0.18547238416454317,0.18547238416454317,0.0,1
32.0,2.0,16.0,181.0,35472.0,17897.0,17575.0,102.128704967993,102.128704967993,0.0,35413.5690178666,link,0.0,0.0,0.0,0.0,0.0,0.0,1.1199760001272003,0.18547238416454317,0.9345036159626572,1.7327482299351584,0.7982446139725011,0.9345036159626572,0
33.0,2.0,14.0,182.0,25491.3919282071,13297.3329457903,12194.0589824168,58.0392902664104,0.0,58.0392902664104,0.0,link,0.0,0.0,0.0,0.0,0.0,0.0,0.19031094985207636,0.19031094985207636,0.0,0.5385466914505388,0.19031094985207636,0.34823574159846243,0
33.0,2.0,0.0,183.0,27433.9391849649,13761.9854531938,13671.9537317711,60.2913322669648,60.2913322669648,0.0,22213.6117866395,link,0.0,0.0,0.0,0.0,0.0,0.0,0.19031094985207636,0.19031094985207636,0.0,0.5520589434538652,0.5520589434538652,0.0,0
34.0,2.0,14.0,184.0,40290.9817282687,40289.5340857765,1.44764249220084,96.1598489922868,0.0,96.1598489922868,0.0,link,0.0,0.0,0.0,0.0,0.0,0.0,0.4529878097647898,0.25007491078291755,0.20291289898187223,1.0299469037185105,0.25007491078291755,0.7798719929355931,0
34.0,2.0,112.0,185.0,40084.6794214896,20069.2583308031,20015.4210906865,117.59187746917459,94.7698337207351,22.8220437484395,14615.9886216738,ra,1.0,1.0,0.0,1.0912350364637557,0.8186939131073282,0.2725411233564276,0.5885966706305803,0.25007491078291755,0.33852175984766275,0.20291289898187223,0.0,0.20291289898187223,1
34.0,0.0,120.0,186.0,19233.9789959859,19233.9789959859,0.0,47.763747289987,47.763747289987,0.0,26934.1491638682,ra,1.0,1.0,0.0,0.286582483739922,0.286582483739922,0.0,0.0,0.0,0.0,0.0,0.0,0.0,1
34.0,2.0,20.0,187.0,42848.933143860995,20473.5804606555,22375.3526832055,44.9426925531694,44.9426925531694,0.0,38220.8594846279,link,0.0,0.0,0.0,0.0,0.0,0.0,0.33852175984766275,0.0,0.33852175984766275,0.6081779151666791,0.2696561553190164,0.33852175984766275,0
35.0,2.0,0.0,188.0,13637.0,6766.0,6871.0,48.2405351899999,0.0,48.2405351899999,0.0,link,0.0,0.0,0.0,0.0,0.0,0.0,0.4361770459554551,0.0,0.4361770459554551,0.7256202570954545,0.0,0.7256202570954545,0
35.0,2.0,16.0,189.0,13637.0,6766.0,6871.0,47.5033417399999,47.5033417399999,0.0,35104.4629542217,link,0.0,0.0,0.0,0.0,0.0,0.0,0.4361770459554551,0.0,0.4361770459554551,0.7211970963954545,0.2850200504399994,0.4361770459554551,0
36.0,2.0,15.0,190.0,63592.0,31158.0,32434.0,25.27030242,0.0,25.27030242,0.0,link,0.0,0.0,0.0,0.0,0.0,0.0,0.7106889823113478,0.6801483744608622,0.030540607850485655,0.8623107968313478,0.6801483744608622,0.18216242237048566,0
36.0,0.0,121.0,191.0,31158.0,31158.0,0.0,37.25499744,37.25499744,0.0,5978.40628225615,ra,1.0,1.0,0.0,0.6784319025733767,0.6784319025733767,0.0,0.6801483744608622,0.6801483744608622,0.0,0.2252464565274855,0.2252464565274855,0.0,1
36.0,1.0,122.0,192.0,32434.0,0.0,32434.0,44.6599963,0.0,44.6599963,6884.76410576914,ra,1.0,0.0,1.0,1.2362511304901127,0.0,1.2362511304901127,0.9988317605405984,0.0,0.9988317605405984,0.030540607850485655,0.0,0.030540607850485655,1
36.0,2.0,17.0,193.0,63592.0,31158.0,32434.0,29.9241432,29.9241432,0.0,10780.4149902554,link,0.0,0.0,0.0,0.0,0.0,0.0,1.224078217068084,0.2252464565274855,0.9988317605405984,1.403623076268084,0.4047913157274855,0.9988317605405984,0
37.0,2.0,16.0,194.0,61280.6441162145,31014.1744637331,30266.4696524814,61.5064401406688,0.0,61.5064401406688,0.0,link,0.0,0.0,0.0,0.0,0.0,0.0,1.7665082938802843,0.8690364652233389,0.8974718286569454,2.135546934724297,0.8690364652233389,1.2665104695009581,0
37.0,0.0,117.0,195.0,31188.9181978021,31188.9181978021,0.0,9.52529339943545,9.52529339943545,0.0,1531.60155183027,ra,0.0,0.0,0.0,0.0,0.0,0.0,0.8690364652233389,0.8690364652233389,0.0,0.9261882256199516,0.9261882256199516,0.0,0
37.0,2.0,18.0,196.0,64809.525076994905,32882.2900340846,31927.2350429103,53.540460073465,53.540460073465,0.0,9891.28354449013,link,0.0,0.0,0.0,0.0,0.0,0.0,1.823660054276897,0.9261882256199516,0.8974718286569454,2.144902814717687,1.2474309860607415,0.8974718286569454,0
38.0,2.0,17.0,197.0,73980.9084088181,36437.7364219997,37543.1719868184,171.637919263567,0.0,171.637919263567,0.0,link,0.0,0.0,0.0,0.0,0.0,0.0,0.6432238347597653,0.6432238347597653,0.0,1.6730513503411673,0.6432238347597653,1.0298275155814018,0
38.0,1.0,118.0,198.0,38288.3848812199,0.0,38288.3848812199,71.2640127216205,0.0,71.2640127216205,5385.57294187173,ra,1.0,0.0,1.0,0.6878831134244541,0.0,0.6878831134244541,0.260299037094731,0.0,0.260299037094731,0.0,0.0,0.0,1
38.0,0.0,119.0,199.0,38355.5663129252,38355.5663129252,0.0,52.380024504807,52.380024504807,0.0,7097.78606046679,ra,1.0,1.0,0.0,0.5090688224478198,0.5090688224478198,0.0,0.6432238347597653,0.6432238347597653,0.0,0.4484351593407875,0.4484351593407875,0.0,1
38.0,1.0,123.0,200.0,41712.9401712972,0.0,41712.9401712972,40.6222291022271,0.0,40.6222291022271,14257.7141698898,ra,1.0,0.0,1.0,1.8732575737097579,0.0,1.8732575737097579,1.8898232361911262,0.0,1.8898232361911262,0.260299037094731,0.0,0.260299037094731,1
38.0,0.0,124.0,201.0,40728.8663078391,40728.8663078391,0.0,56.9777970121151,56.9777970121151,0.0,14300.5054996462,ra,0.0,0.0,0.0,0.0,0.0,0.0,0.4484351593407875,0.4484351593407875,0.0,0.790301941413478,0.790301941413478,0.0,0
38.0,2.0,22.0,202.0,105896.4428578996,51540.438437961,54356.0044199386,164.600439599617,164.600439599617,0.0,31585.4341675124,link,0.0,0.0,0.0,0.0,0.0,0.0,2.6801251776046042,0.790301941413478,1.8898232361911262,3.6677278152023063,1.77790457901118,1.8898232361911262,0
39.0,2.0,17.0,203.0,25562.2788538132,12328.3002896388,13233.9785641744,39.7666592704558,0.0,39.7666592704558,0.0,link,0.0,0.0,0.0,0.0,0.0,0.0,0.6268805961020136,0.329021893866636,0.2978587022353776,0.8654805517247484,0.329021893866636,0.5364586578581123,0
39.0,2.0,24.0,204.0,21529.4529436522,10591.5844792127,10937.8684644395,37.9473758159135,37.9473758159135,0.0,17071.729881247,link,0.0,0.0,0.0,0.0,0.0,0.0,0.6268805961020136,0.329021893866636,0.2978587022353776,0.8545648509974946,0.556706148762117,0.2978587022353776,0
40.0,2.0,18.0,205.0,25932.8384078479,12821.1458632264,13111.6925446215,33.4959188990446,0.0,33.4959188990446,0.0,link,0.0,0.0,0.0,0.0,0.0,0.0,0.7989564513509319,0.5771773851718064,0.22177906617912543,0.9999319647451994,0.5771773851718064,0.422754579573393,0
40.0,2.0,26.0,206.0,22387.8945153677,11334.7070106569,11053.1875047108,33.4325339456627,33.4325339456627,0.0,13785.5992106443,link,0.0,0.0,0.0,0.0,0.0,0.0,0.7989564513509319,0.5771773851718064,0.22177906617912543,0.9995516550249081,0.7777725888457826,0.22177906617912543,0
41.0,2.0,18.0,207.0,65100.0643805413,32409.6776559215,32690.3867246198,160.638966877445,0.0,160.638966877445,0.0,link,0.0,0.0,0.0,0.0,0.0,0.0,1.1593701530700529,1.1593701530700529,0.0,2.123203954334723,1.1593701530700529,0.9638338012646701,0
41.0,1.0,126.0,208.0,33015.8306660751,0.0,33015.8306660751,10.3148959677144,0.0,10.3148959677144,1570.62189366782,ra,1.0,0.0,1.0,0.9543549642099505,0.0,0.9543549642099505,0.8924655884036641,0.0,0.8924655884036641,0.0,0.0,0.0,1
41.0,0.0,125.0,209.0,32828.8089278736,32828.8089278736,0.0,10.3595962090881,10.3595962090881,0.0,1588.99980042748,ra,1.0,1.0,0.0,1.2215277303245813,1.2215277303245813,0.0,1.1593701530700529,1.1593701530700529,0.0,0.0,0.0,0.0,1
41.0,2.0,25.0,210.0,107717.843361102,52411.8634929897,55305.9798681123,160.387907504592,160.387907504592,0.0,19664.6825171201,link,0.0,0.0,0.0,0.0,0.0,0.0,0.8924655884036641,0.0,0.8924655884036641,1.8547930334312162,0.9623274450275521,0.8924655884036641,0
42.0,2.0,0.0,211.0,64323.0,34358.0,29965.0,5.84287535,0.0,5.84287535,0.0,link,0.0,0.0,0.0,0.0,0.0,0.0,0.7138176165793025,0.0,0.7138176165793025,0.7488748686793026,0.0,0.7488748686793026,0
42.0,2.0,21.0,212.0,64323.0,34358.0,29965.0,6.69946642,6.69946642,0.0,974.993087217836,link,0.0,0.0,0.0,0.0,0.0,0.0,0.7138176165793025,0.0,0.7138176165793025,0.7540144150993026,0.04019679852,0.7138176165793025,0
43.0,2.0,20.0,213.0,150198.49863614672,75767.4489434685,74431.0496926782,5.13077431917987,0.0,5.13077431917987,0.0,link,0.0,0.0,0.0,0.0,0.0,0.0,1.2402455792179516,1.2402455792179516,0.0,1.2710302251330308,1.2402455792179516,0.03078464591507922,0
43.0,2.0,127.0,214.0,143910.6207571261,71622.8655725805,72287.7551845456,293.911014155205,147.233481063914,146.677533091291,10005.6920912667,ra,1.0,0.0,1.0,2.695527184942842,0.0,2.695527184942842,3.055707565613048,1.2402455792179516,1.8154619863950963,2.123646465601436,2.123646465601436,0.0,1
43.0,2.0,22.0,215.0,143835.3128743358,71573.2272359724,72262.0856383634,5.0827022288147,5.0827022288147,0.0,10360.6755425037,link,0.0,0.0,0.0,0.0,0.0,0.0,3.9391084519965323,2.123646465601436,1.8154619863950963,3.9696046653694204,2.154142678974324,1.8154619863950963,0
44.0,2.0,20.0,216.0,153959.0,74263.0,79696.0,69.973088,0.0,69.973088,0.0,link,0.0,0.0,0.0,0.0,0.0,0.0,1.4097407226964416,0.21945146121278875,1.1902892614836529,1.8295792506964415,0.21945146121278875,1.6101277894836528,0
44.0,2.0,21.0,217.0,153959.0,74263.0,79696.0,65.202914,65.202914,0.0,4390.04714603225,link,0.0,0.0,0.0,0.0,0.0,0.0,1.4097407226964416,0.21945146121278875,1.1902892614836529,1.8009582066964418,0.6106689452127888,1.1902892614836529,0
45.0,2.0,20.0,218.0,62196.7600253059,32348.664026557,29848.0959987489,35.5686331504501,0.0,35.5686331504501,0.0,link,0.0,0.0,0.0,0.0,0.0,0.0,0.3257615893420458,0.3257615893420458,0.0,0.5391733882447464,0.3257615893420458,0.21341179890270057,0
45.0,2.0,129.0,219.0,59803.760630072604,31496.7732925594,28306.9873375132,120.388031139173,62.8915126741653,57.4965184650077,9849.37897275001,ra,1.0,0.0,1.0,1.4991840895320196,0.7031106653870375,0.7960734241449823,0.7768559026969819,0.3257615893420458,0.4510943133549361,0.0,0.0,0.0,1
45.0,2.0,27.0,220.0,59265.8366310976,31619.7156039958,27646.1210271018,40.1753552202939,40.1753552202939,0.0,16227.5537304541,link,0.0,0.0,0.0,0.0,0.0,0.0,0.4510943133549361,0.0,0.4510943133549361,0.6921464446766995,0.2410521313217634,0.4510943133549361,0
46.0,2.0,21.0,221.0,122056.3633115633,58092.1447118619,63964.2185997014,125.585212894561,0.0,125.585212894561,0.0,link,0.0,0.0,0.0,0.0,0.0,0.0,1.3393525292337103,0.4198113361354549,0.9195411930982554,2.092863806601076,0.4198113361354549,1.6730524704656213,0
46.0,2.0,23.0,222.0,131872.7061463396,62497.919354533,69374.7867918066,113.560887875182,113.560887875182,0.0,9404.55520736285,link,0.0,0.0,0.0,0.0,0.0,0.0,1.3393525292337103,0.4198113361354549,0.9195411930982554,2.0207178564848025,1.1011766633865472,0.9195411930982554,0
47.0,2.0,22.0,223.0,38579.2955378498,18952.692150841,19626.6033870088,35.2643833285467,0.0,35.2643833285467,0.0,link,0.0,0.0,0.0,0.0,0.0,0.0,1.3436889511122048,0.8910186432413831,0.45267030787082163,1.555275251083485,0.8910186432413831,0.6642566078421018,0
47.0,2.0,128.0,224.0,35162.6248298969,17399.4597199651,17763.1651099318,148.7127599086786,73.267708596875,75.4450513118036,19815.1127809066,ra,1.0,0.0,1.0,1.8612021184649654,1.3306248948226331,0.5305772236423322,1.4215958668837154,0.8910186432413831,0.5305772236423322,0.45267030787082163,0.0,0.45267030787082163,1
47.0,2.0,28.0,225.0,35062.119983040204,16961.1414488018,18100.9785342384,33.5130307108643,33.5130307108643,0.0,29618.3313222541,link,0.0,0.0,0.0,0.0,0.0,0.0,0.5305772236423322,0.0,0.5305772236423322,0.7316554079075179,0.2010781842651858,0.5305772236423322,0
48.0,2.0,24.0,226.0,16009.99993438885,7856.99996682075,8152.9999675681,45.0477587696344,0.0,45.0477587696344,0.0,link,0.0,0.0,0.0,0.0,0.0,0.0,0.21093082592550275,0.21093082592550275,0.0,0.48121737854330915,0.21093082592550275,0.2702865526178064,0
48.0,2.0,0.0,227.0,10228.9496360124,5180.36917753558,5048.58045847682,44.0680781682956,44.0680781682956,0.0,34790.8303429051,link,0.0,0.0,0.0,0.0,0.0,0.0,0.21093082592550275,0.21093082592550275,0.0,0.4753392949352764,0.4753392949352764,0.0,0
50.0,2.0,23.0,230.0,167288.29083468,89420.7692084569,77867.5216262231,41.5505817573207,0.0,41.5505817573207,0.0,link,0.0,0.0,0.0,0.0,0.0,0.0,1.8223785983540917,1.084672512543757,0.7377060858103345,2.0716820888980156,1.084672512543757,0.9870095763542587,0
50.0,2.0,25.0,231.0,167733.1420677742,89424.5683491475,78308.5737186267,47.5818014679367,47.5818014679367,0.0,2660.51340881896,link,0.0,0.0,0.0,0.0,0.0,0.0,1.8223785983540917,1.084672512543757,0.7377060858103345,2.107869407161712,1.3701633213513773,0.7377060858103345,0
51.0,2.0,23.0,232.0,68004.42841151671,33685.4721908872,34318.9562206295,52.1299727835405,0.0,52.1299727835405,0.0,link,0.0,0.0,0.0,0.0,0.0,0.0,0.878544788995199,0.6073262997722819,0.27121848922291714,1.191324625696442,0.6073262997722819,0.5839983259241601,0
51.0,0.0,130.0,233.0,33100.9959033154,33100.9959033154,0.0,15.6632590937338,15.6632590937338,0.0,2344.99727996629,ra,1.0,1.0,0.0,0.1922581008280672,0.1922581008280672,0.0,0.6073262997722819,0.6073262997722819,0.0,0.5090477535066175,0.5090477535066175,0.0,1
51.0,2.0,27.0,234.0,64426.2356563276,31754.4889250316,32671.746731296,35.2558800869775,35.2558800869775,0.0,7784.58868214326,link,0.0,0.0,0.0,0.0,0.0,0.0,0.7802662427295346,0.5090477535066175,0.27121848922291714,0.9918015232513996,0.7205830340284824,0.27121848922291714,0
53.0,2.0,24.0,237.0,26623.0,13216.0,13407.0,26.02419363,0.0,26.02419363,0.0,link,0.0,0.0,0.0,0.0,0.0,0.0,0.7650605784746999,0.6197044567368715,0.1453561217378284,0.9212057402546998,0.6197044567368715,0.3015012835178284,0
53.0,2.0,28.0,238.0,26623.0,13216.0,13407.0,25.65344544,25.65344544,0.0,9705.48649135397,link,0.0,0.0,0.0,0.0,0.0,0.0,0.7650605784746999,0.6197044567368715,0.1453561217378284,0.9189812511146999,0.7736251293768714,0.1453561217378284,0
54.0,2.0,25.0,239.0,63790.743083652196,33602.5555376766,30188.1875459756,18.2933815866498,0.0,18.2933815866498,0.0,link,0.0,0.0,0.0,0.0,0.0,0.0,0.8035861730084229,0.8035861730084229,0.0,0.9133464625283217,0.8035861730084229,0.10976028951989882,0
54.0,2.0,131.0,240.0,33762.4415586177,17029.2127372484,16733.2288213693,143.7083600468043,74.2856194355129,69.4227406112914,14118.0595783865,ra,1.0,1.0,0.0,2.3007709914357997,1.2492998896215002,1.0514711018142995,1.4385208311549742,0.8035861730084229,0.6349346581465513,0.0,0.0,0.0,1
54.0,2.0,26.0,241.0,32484.7744574449,16371.3543459377,16113.4201115072,18.5914298505205,18.5914298505205,0.0,19751.6727385701,link,0.0,0.0,0.0,0.0,0.0,0.0,0.6349346581465513,0.0,0.6349346581465513,0.7464832372496742,0.111548579103123,0.6349346581465513,0
55.0,2.0,26.0,242.0,35611.1999360093,17306.4999689679,18304.6999670414,73.0390805412178,0.0,73.0390805412178,0.0,link,0.0,0.0,0.0,0.0,0.0,0.0,0.4708419268705357,0.4708419268705357,0.0,0.9090764101178426,0.4708419268705357,0.4382344832473068,0
55.0,2.0,132.0,243.0,34335.6700861098,16687.9002306099,17647.7698554999,76.1343235747623,37.0002975059509,39.1340260688114,10714.2329169781,ra,1.0,0.0,1.0,0.9276478683191094,0.692843711906241,0.2348041564128684,0.4708419268705357,0.4708419268705357,0.0,0.0,0.0,0.0,1
55.0,2.0,0.0,244.0,9015.00027880696,4116.00014201232,4899.00013679464,67.6454786360998,67.6454786360998,0.0,47911.3668726574,link,0.0,0.0,0.0,0.0,0.0,0.0,0.0,0.0,0.0,0.4058728718165988,0.4058728718165988,0.0,0
56.0,2.0,27.0,245.0,67553.5172847849,34432.267085203,33121.2501995819,47.3404741943391,0.0,47.3404741943391,0.0,link,0.0,0.0,0.0,0.0,0.0,0.0,0.5233652079384272,0.5233652079384272,0.0,0.8074080531044618,0.5233652079384272,0.2840428451660346,0
56.0,1.0,134.0,246.0,28345.0537807391,0.0,28345.0537807391,28.5892240380979,0.0,28.5892240380979,14670.9425066938,ra,1.0,0.0,1.0,1.0916805206152014,0.0,1.0916805206152014,0.9201451763866139,0.0,0.9201451763866139,0.0,0.0,0.0,1
56.0,0.0,133.0,247.0,28758.648000424,28758.648000424,0.0,92.7044471237499,92.7044471237499,0.0,14715.488271793,ra,0.0,0.0,0.0,0.0,0.0,0.0,0.5233652079384272,0.5233652079384272,0.0,1.0795918906809268,1.0795918906809268,0.0,0
56.0,2.0,135.0,248.0,47006.1040822862,24072.8864014428,22933.2176808434,119.4467612876768,29.3741347670111,90.0726265206657,20490.1826432686,ra,1.0,1.0,0.0,0.2510692924774604,0.2510692924774604,0.0,1.4593013079435464,1.0795918906809268,0.3797094172626197,1.9249125831921465,1.0047674068055328,0.9201451763866139,1
56.0,2.0,29.0,249.0,45237.3265637856,23422.054813021,21815.2717507646,50.2063138071986,50.2063138071986,0.0,31051.5111500156,link,0.0,0.0,0.0,0.0,0.0,0.0,1.3844768240681524,1.0047674068055328,0.3797094172626197,1.685714706911344,1.3060052896487244,0.3797094172626197,0
57.0,2.0,28.0,250.0,21608.0,10785.0,10823.0,13.28609834,0.0,13.28609834,0.0,link,0.0,0.0,0.0,0.0,0.0,0.0,0.3784865583018967,0.3784865583018967,0.0,0.4582031483418967,0.3784865583018967,0.07971659004000001,0
57.0,2.0,0.0,251.0,21608.0,10785.0,10823.0,13.2394503,13.2394503,0.0,6137.90628624439,link,0.0,0.0,0.0,0.0,0.0,0.0,0.3784865583018967,0.3784865583018967,0.0,0.4121208587563626,0.4121208587563626,0.0,0
59.0,2.0,29.0,254.0,41763.642422810604,21836.3114479028,19927.3309749078,1.28384597521334,0.0,1.28384597521334,0.0,link,0.0,0.0,0.0,0.0,0.0,0.0,1.2617033271713538,0.8094292033912758,0.4522741237800781,1.269406403022634,0.8094292033912758,0.45997719963135814,0
59.0,0.0,137.0,255.0,11226.9471972143,11226.9471972143,0.0,85.6288530944835,85.6288530944835,0.0,25939.71611319,ra,1.0,1.0,0.0,1.3232023219581768,1.3232023219581768,0.0,0.8094292033912758,0.8094292033912758,0.0,0.0,0.0,0.0,1
59.0,1.0,138.0,256.0,8142.41876965786,0.0,8142.41876965786,75.379020630013,0.0,75.379020630013,26235.4919576393,ra,0.0,0.0,0.0,0.0,0.0,0.0,0.0,0.0,0.0,0.4522741237800781,0.0,0.4522741237800781,0
59.0,2.0,0.0,257.0,19030.16772086208,11064.8956674036,7965.27205345848,2.43590780092023,2.43590780092023,0.0,27032.7504548799,link,0.0,0.0,0.0,0.0,0.0,0.0,0.0,0.0,0.0,0.01461544680552138,0.01461544680552138,0.0,0
60.0,2.0,29.0,258.0,15204.99963875321,7325.99983936264,7878.99979939057,11.7952375990215,0.0,11.7952375990215,0.0,link,0.0,0.0,0.0,0.0,0.0,0.0,0.6476152942203159,0.6476152942203159,0.0,0.7183867198144449,0.6476152942203159,0.070771425594129,0
60.0,2.0,136.0,259.0,13825.298552554461,6712.48148642337,7112.81706613109,32.4340617440321,15.6354696324923,16.7985921115398,10738.6315701673,ra,1.0,1.0,0.0,0.8422196646845085,0.7414281120152697,0.1007915526692388,0.6476152942203159,0.6476152942203159,0.0,0.0,0.0,0.0,1
60.0,2.0,0.0,260.0,9900.0011340695,4967.00050429217,4933.00062977733,11.7628859764568,11.7628859764568,0.0,22135.2935483001,link,0.0,0.0,0.0,0.0,0.0,0.0,0.0,0.0,0.0,0.0705773158587408,0.0705773158587408,0.0,0
