Time of calculation: 20220104-133707; value of objective: 21115459.104158968;  acc=2500;  cfix=7000;  cvar=17750;  eta=0.33;  mu=0.18;  i=
segment_id,dir,type_ID,POI_ID,traffic_flow,traffic_flow_0,traffic_flow_1,energy_demand,energy_demand_0,energy_demand_1,dist_along_segment,pois_type,pYi_dir,pYi_dir_0,pYi_dir_1,pE_charged,pE_charged_0,pE_charged_1,pE_input,pE_input_0,pE_input_1,pE_output,pE_output_0,pE_output_1,pXi
0.0,2.0,0.0,0.0,26540.63611205301,13243.023903864512,13297.612208188497,4423.921231438179,0.0,4423.921231438179,0.0,link,0.0,0.0,0.0,0.0,0.0,0.0,0.0,0.0,0.0,566.6213612241413,0.0,566.6213612241413,0
0.0,2.0,1.0,1.0,26594.77697992819,13269.441574912722,13325.335405015468,810.0039769207759,31.774775427221,778.2292014935549,239.71582410116363,ra,21.0,0.0,21.0,1049.9999999999957,4.069752955187749,1045.9302470448079,946.2536781310114,0.0,946.2536781310114,0.0,0.0,0.0,1
0.0,2.0,0.0,2.0,45891.071384772644,24132.535484801192,21758.535899971448,10453.078391900737,5371.86342144895,5081.214970451788,24427.46216029796,ra,0.0,-0.0,0.0,0.0,0.0,0.0,295.44531319683335,0.0,295.44531319683335,1634.2886599794697,688.0349818484583,946.2536781310114,0
0.0,1.0,2.0,3.0,5594.606273434111,0.0,5594.606273434111,2065.9854049899545,0.0,2065.9854049899545,68504.60131061138,ra,0.0,0.0,-0.0,0.0,0.0,0.0,30.831320043963757,0.0,30.831320043963757,295.44531319683335,0.0,295.44531319683335,0
0.0,0.0,3.0,4.0,4553.083889317481,4553.083889317481,0.0,7187.448325138304,7187.448325138304,0.0,79329.13749040988,ra,0.0,-0.0,0.0,0.0,0.0,0.0,688.0349818484583,688.0349818484583,0.0,1608.6123476425787,1608.6123476425787,0.0,0
0.0,2.0,4.0,5.0,7895.539602766943,4645.32330643337,3250.2162963335736,2342.9750495919843,1038.6617908113935,1304.3132587805906,104473.7124161702,ra,35.0,35.0,0.0,1750.0000000000045,860.3902118396384,889.6097881603661,2361.995383270717,1608.6123476425787,753.3830356281384,912.0865563412665,881.2552362973028,30.831320043963757,1
0.0,2.0,5.0,6.0,19815.36822147169,9562.72950758806,10252.63871388363,7959.026265117185,2076.9550358924675,5882.071229224718,133409.21035475997,ra,0.0,0.0,-0.0,0.0,0.0,0.0,881.2552362973028,881.2552362973028,0.0,1900.6572691163433,1147.2742334882048,753.3830356281384,0
0.0,2.0,6.0,7.0,38420.41317046725,19234.66349454688,19185.749675920368,10291.73164091456,4957.101208651553,5334.630432263007,173065.41379977632,ra,60.0,60.0,0.0,2914.176578019033,1147.2742334882048,1766.9023445308283,2230.9104439667467,1147.2742334882048,1083.636210478542,634.9117191806017,634.9117191806017,0.0,1
0.0,1.0,7.0,8.0,21229.45737990749,0.0,21229.45737990749,31.90719068892483,0.0,31.90719068892483,176940.22069628988,ra,0.0,0.0,-0.0,0.0,0.0,0.0,1079.549497611116,0.0,1079.549497611116,1083.636210478542,0.0,1083.636210478542,0
0.0,2.0,0.0,9.0,50605.7308716768,25638.902393873523,24966.82847780328,5210.178551742356,5210.178551742356,0.0,194059.96494613093,link,0.0,0.0,0.0,0.0,0.0,0.0,1714.4612167917178,634.9117191806017,1079.549497611116,2381.7873984220687,1302.2379008109524,1079.549497611116,0
1.0,2.0,0.0,10.0,41635.269674683135,21021.62675530025,20613.64291938288,39.776186500955454,0.0,39.776186500955454,0.0,link,0.0,0.0,0.0,0.0,0.0,0.0,1406.8629183180103,1406.8629183180103,0.0,1411.9575020052857,1406.8629183180103,5.094583687275501,0
1.0,2.0,8.0,11.0,39859.943598360216,20128.71002741653,19731.23357094369,2276.328443367862,1715.7273142405495,560.6011291273123,8218.215919324155,ra,46.0,0.0,46.0,2287.339837134124,1626.6154173850825,660.7244197490415,1995.7848446970143,1406.8629183180103,588.9219263790039,0.0,0.0,0.0,1
1.0,0.0,9.0,12.0,15021.9786197919,15021.9786197919,0.0,1426.8426564048834,1426.8426564048834,0.0,16747.064047816148,ra,0.0,-0.0,0.0,0.0,0.0,0.0,0.0,0.0,0.0,182.75179098565798,182.75179098565798,0.0,0
1.0,2.0,10.0,13.0,29629.27020666332,14994.151703987822,14635.1185026755,191.32891529796464,24.711112058686385,166.61780323927826,16911.740762175257,ra,0.0,-0.0,0.0,0.0,0.0,0.0,750.333100853521,182.75179098565798,567.5813098678631,774.8387474860285,185.9168211070246,588.9219263790039,0
1.0,2.0,14.0,14.0,23126.81664543996,11846.335117703364,11280.481527736596,2715.588968665061,1386.7595429137232,1328.829425751338,27721.26496153286,ra,8.0,8.0,0.0,363.53471681284293,363.53471681284293,0.0,583.2999970878741,185.9168211070246,397.38317598084956,567.5813098678631,0.0,567.5813098678631,1
1.0,1.0,13.0,15.0,11337.261932088282,0.0,11337.261932088282,1420.2485369302626,0.0,1420.2485369302626,29194.630965596883,ra,0.0,0.0,-0.0,0.0,0.0,0.0,215.47596806015034,0.0,215.47596806015034,397.38317598084956,0.0,397.38317598084956,0
1.0,0.0,12.0,16.0,11885.52653584708,11885.52653584708,0.0,208.50481099773148,208.50481099773148,0.0,29478.47368022978,ra,0.0,-0.0,0.0,0.0,0.0,0.0,0.0,0.0,0.0,26.705556823603192,26.705556823603192,0.0,0
1.0,0.0,15.0,17.0,11960.17018283512,11960.17018283512,0.0,465.471180470787,465.471180470787,0.0,33381.72336961185,ra,0.0,-0.0,0.0,0.0,0.0,0.0,26.705556823603192,26.705556823603192,0.0,86.32368745727717,86.32368745727717,0.0,0
1.0,2.0,16.0,18.0,23460.93532657191,11970.385389125157,11490.549937446756,1768.6682817168698,86.33017164884411,1682.3381100680258,34103.26049306036,ra,2.0,2.0,0.0,97.38096375477569,97.38096375477569,0.0,86.32368745727717,86.32368745727717,0.0,215.47596806015034,0.0,215.47596806015034,1
1.0,2.0,0.0,19.0,23472.95328481904,11974.880939958675,11498.072344860364,41.43137038083431,41.43137038083431,0.0,34449.34645750041,link,0.0,0.0,0.0,0.0,0.0,0.0,0.0,0.0,0.0,5.306581707590233,5.306581707590233,0.0,0
2.0,2.0,0.0,20.0,68929.16895257494,33758.81379308793,35170.35515948701,2037.3044909279515,0.0,2037.3044909279515,0.0,link,0.0,0.0,0.0,0.0,0.0,0.0,2529.02240997873,805.4414921882486,1723.5809177904816,2789.962915807396,805.4414921882486,1984.5214236191473,0
2.0,1.0,11.0,21.0,34398.2821383792,0.0,34398.2821383792,0.1779942533838276,0.0,0.1779942533838276,2598.411645460739,ra,0.0,0.0,0.0,0.0,0.0,0.0,1723.5581200640154,0.0,1723.5581200640154,1723.5809177904816,0.0,1723.5809177904816,0
2.0,0.0,17.0,22.0,24285.97411997901,24285.97411997901,0.0,5629.753466227842,5629.753466227842,0.0,19826.030918871555,ra,0.0,-0.0,0.0,0.0,0.0,0.0,805.4414921882486,805.4414921882486,0.0,1526.5073533345433,1526.5073533345433,0.0,0
2.0,1.0,18.0,23.0,24186.0911430872,0.0,24186.0911430872,4128.069297151063,0.0,4128.069297151063,19924.554475399083,ra,0.0,0.0,-0.0,0.0,0.0,0.0,1194.8298443982858,0.0,1194.8298443982858,1723.5581200640154,0.0,1723.5581200640154,0
2.0,0.0,19.0,24.0,24395.8043620461,24395.8043620461,0.0,1107.9496170791724,1107.9496170791724,0.0,24376.283905318956,ra,0.0,0.0,0.0,0.0,0.0,0.0,1526.5073533345433,1526.5073533345433,0.0,1668.414925227065,1668.414925227065,0.0,0
2.0,0.0,20.0,25.0,18382.744960495544,18382.744960495544,0.0,3193.5958308596214,3193.5958308596214,0.0,38424.04808590371,ra,0.0,-0.0,0.0,0.0,0.0,0.0,1668.414925227065,1668.414925227065,0.0,2077.454671238354,2077.454671238354,0.0,0
2.0,1.0,21.0,26.0,18491.613365488807,0.0,18491.613365488807,4453.992496188428,0.0,4453.992496188428,38987.68062551749,ra,0.0,0.0,-0.0,0.0,0.0,0.0,624.3569179958519,0.0,624.3569179958519,1194.8298443982858,0.0,1194.8298443982858,0
2.0,2.0,22.0,27.0,37060.49951410931,18323.84940673533,18736.65010737398,9037.685965220891,4162.991831646682,4874.69413357421,60686.533174562566,ra,55.0,0.0,55.0,2676.655324894173,2610.6558687754505,65.99945611872266,2143.4541273570767,2077.454671238354,65.99945611872266,624.3569179958519,0.0,624.3569179958519,1
2.0,2.0,23.0,28.0,37058.90292655935,18323.112740357166,18735.790186202183,905.6708621966342,0.1740732089699103,905.4967889876642,60687.52230976862,ra,1.0,1.0,0.0,50.0,0.022295514196377323,49.97770448580362,0.0,0.0,0.0,65.99945611872266,0.0,65.99945611872266,1
2.0,2.0,0.0,29.0,23931.60016336258,12393.941571693274,11537.658591669302,2066.8759536088314,2066.8759536088314,0.0,74788.45855603463,link,0.0,0.0,0.0,0.0,0.0,0.0,0.0,0.0,0.0,264.7280557331611,264.7280557331611,0.0,0
3.0,2.0,0.0,30.0,27844.0,14880.0,12964.0,276.638796,0.0,276.638796,0.0,link,0.0,0.0,0.0,0.0,0.0,0.0,0.0,0.0,0.0,35.432242790175,0.0,35.432242790175,0
3.0,0.0,24.0,31.0,14880.0,14880.0,0.0,43.31568,43.31568,0.0,291.13911748382634,ra,0.0,-0.0,0.0,0.0,0.0,0.0,0.0,0.0,0.0,5.547926438999999,5.547926438999999,0.0,0
3.0,1.0,25.0,32.0,12963.999999999998,0.0,12963.999999999998,50.78647,0.0,50.78647,391.7896627176565,ra,8.0,0.0,8.0,395.3884693827837,0.0,395.3884693827837,388.88367482209617,0.0,388.88367482209617,0.0,0.0,0.0,1
3.0,2.0,1.0,33.0,27844.0,14880.000000000002,12964.0,332.50104000000005,332.50104000000005,0.0,2525.7146416492456,link,0.0,0.0,0.0,0.0,0.0,0.0,394.43160126109615,5.547926438999999,388.88367482209617,437.0187500905962,48.1350752685,388.88367482209617,0
4.0,2.0,1.0,34.0,59761.3086274698,30037.341974575906,29723.966652893894,2541.480423000085,0.0,2541.480423000085,0.0,link,0.0,0.0,0.0,0.0,0.0,0.0,715.0662137516949,715.0662137516949,0.0,1040.5822031800744,715.0662137516949,325.5159894283796,0
4.0,1.0,29.0,35.0,19741.19620746718,0.0,19741.19620746718,941.1307808897812,0.0,941.1307808897812,27421.918402146952,ra,25.0,0.0,25.0,1218.9917725086718,0.0,1218.9917725086718,1098.4505656788326,0.0,1098.4505656788326,0.0,0.0,0.0,1
4.0,0.0,28.0,36.0,20188.77400206591,20188.77400206591,0.0,6913.407817081132,6913.407817081132,0.0,27456.275537656256,ra,0.0,-0.0,0.0,0.0,0.0,0.0,715.0662137516949,715.0662137516949,0.0,1600.5441287232177,1600.5441287232177,0.0,0
4.0,2.0,31.0,37.0,24242.046721440067,16011.081415437498,8230.965306002568,10336.618270691582,5459.807289653861,4876.810981037721,57952.436449648114,ra,0.0,0.0,-0.0,0.0,0.0,0.0,2074.3666479370127,1600.5441287232177,473.8225192137951,3398.293636820029,2299.843071141196,1098.4505656788326,0
4.0,2.0,30.0,38.0,24222.436414627213,16010.688472387346,8211.747942239866,2097.1816748164333,3.698514594089785,2093.4831602223435,57975.56024030675,ra,52.0,52.0,0.0,2599.9999999999995,2300.3167815135503,299.6832184864493,2805.2128688262123,2299.843071141196,505.36979768501635,473.8225192137951,0.0,473.8225192137951,1
4.0,2.0,35.0,39.0,21337.90578167672,10925.606078379402,10412.299703297318,4724.821457700606,2596.3850909026173,2128.436366797988,78476.45534742385,ra,0.0,0.0,0.0,0.0,0.0,0.0,232.75700728007158,0.0,232.75700728007158,837.9180456091872,332.5482479241708,505.36979768501635,0
4.0,0.0,40.0,40.0,10876.999998084551,10876.999998084551,0.0,1976.660743966538,1976.660743966538,0.0,96645.26673532616,ra,0.0,-0.0,0.0,0.0,0.0,0.0,332.5482479241708,332.5482479241708,0.0,585.721426837335,585.721426837335,0.0,0
4.0,1.0,41.0,41.0,10239.998724530997,0.0,10239.998724530997,1817.260584824645,0.0,1817.260584824645,99246.70723666706,ra,0.0,0.0,-0.0,0.0,0.0,0.0,0.0,0.0,0.0,232.75700728007158,0.0,232.75700728007158,0
4.0,2.0,42.0,42.0,15349.448623427987,7293.1561007636,8056.292522664386,2244.8438549829234,2242.944719983224,1.8991349996993472,124531.18468963404,ra,60.0,60.0,0.0,2963.8029475856747,873.0005902536863,2090.8023573319883,2676.280540584643,585.721426837335,2090.559113747308,0.0,0.0,0.0,1
4.0,2.0,45.0,43.0,29499.999782114108,14928.999812810407,14570.9999693037,9965.395457829238,4949.374190304771,5016.021267524467,160563.71538932095,ra,0.0,-0.0,0.0,0.0,0.0,0.0,1448.10083977619,0.0,1448.10083977619,2724.481146759281,633.922033011973,2090.559113747308,0
4.0,2.0,49.0,44.0,29501.249670962527,14929.610924790286,14571.63874617224,7771.3951170941245,964.2534476850196,6807.141669409105,167022.61670697512,ra,0.0,0.0,-0.0,0.0,0.0,0.0,1210.1556588431583,633.922033011973,576.2336258311853,2205.52565968447,757.4248199082799,1448.10083977619,0
4.0,2.0,2.0,45.0,37135.97924873808,18661.98985536135,18473.98939337673,2580.116572311374,2580.116572311374,0.0,182066.4548482201,link,0.0,0.0,0.0,0.0,0.0,0.0,1333.6584457394652,757.4248199082799,576.2336258311853,1664.1230014668213,1087.889375635636,576.2336258311853,0
5.0,2.0,1.0,46.0,68793.7826224039,33913.44536880647,34880.33725359744,3843.82209257494,0.0,3843.82209257494,0.0,link,0.0,0.0,0.0,0.0,0.0,0.0,760.0183575152594,261.020536016481,498.99782149877836,1252.3398959098733,261.020536016481,991.3193598933924,0
5.0,1.0,26.0,47.0,36003.524001333615,0.0,36003.524001333615,3895.947466930393,0.0,3895.947466930393,10624.424038435742,ra,0.0,0.0,-0.0,0.0,0.0,0.0,0.0,0.0,0.0,498.99782149877836,0.0,498.99782149877836,0
5.0,0.0,27.0,48.0,32653.80091590929,32653.80091590929,0.0,4178.141771103933,4178.141771103933,0.0,12028.538687185455,ra,0.0,-0.0,0.0,0.0,0.0,0.0,261.020536016481,261.020536016481,0.0,796.1621567366865,796.1621567366865,0.0,0
5.0,2.0,32.0,49.0,33127.66797826424,16315.8916479239,16811.776330340337,9152.204545843142,5870.836452837575,3281.368093005566,39273.39357565199,ra,92.0,0.0,92.0,4566.070872033748,1548.1062281616894,3017.9646438720583,3393.8450735464753,796.1621567366865,2597.682916809789,0.0,0.0,0.0,1
5.0,1.0,36.0,50.0,15728.354223345885,0.0,15728.354223345885,1275.7622080104995,0.0,1275.7622080104995,47330.36386477938,ra,0.0,0.0,-0.0,0.0,0.0,0.0,2434.2816985050445,0.0,2434.2816985050445,2597.682916809789,0.0,2597.682916809789,0
5.0,0.0,39.0,51.0,16181.036957810447,16181.036957810447,0.0,2402.71193975453,2402.71193975453,0.0,54808.46507060479,ra,0.0,-0.0,0.0,0.0,0.0,0.0,0.0,0.0,0.0,307.74234863368486,307.74234863368486,0.0,0
5.0,1.0,43.0,52.0,15425.054197747386,0.0,15425.054197747386,6550.9163885109065,0.0,6550.9163885109065,67696.58292643339,ra,0.0,0.0,-0.0,0.0,0.0,0.0,1595.2321388190815,0.0,1595.2321388190815,2434.2816985050445,0.0,2434.2816985050445,0
5.0,0.0,44.0,53.0,16743.940970134765,16743.940970134765,0.0,2188.52376611744,2188.52376611744,0.0,67916.71774036821,ra,0.0,-0.0,0.0,0.0,0.0,0.0,307.74234863368486,307.74234863368486,0.0,588.0512082527142,588.0512082527142,0.0,0
5.0,1.0,50.0,54.0,23926.865751230227,0.0,23926.865751230227,3865.032082238866,0.0,3865.032082238866,86150.64463711552,ra,8.0,0.0,8.0,400.00000000000085,0.0,400.00000000000085,1500.1939984257092,0.0,1500.1939984257092,1595.2321388190815,0.0,1595.2321388190815,1
5.0,0.0,51.0,55.0,23976.591723992253,23976.591723992253,0.0,3863.210440192499,3863.210440192499,0.0,86198.21188888987,ra,0.0,-0.0,0.0,0.0,0.0,0.0,588.0512082527142,588.0512082527142,0.0,1082.8560304456196,1082.8560304456196,0.0,0
5.0,2.0,4.0,56.0,48295.998738473485,24204.99925545633,24090.99948301716,3849.659028767285,3849.659028767285,0.0,102115.05106186114,link,0.0,0.0,0.0,0.0,0.0,0.0,2583.050028871329,1082.8560304456196,1500.1939984257092,3076.1191693496285,1575.9251709239193,1500.1939984257092,0
6.0,2.0,0.0,57.0,17593.52882743976,9370.089853693322,8223.438973746437,3280.588971659345,0.0,3280.588971659345,0.0,link,0.0,0.0,0.0,0.0,0.0,0.0,0.0,0.0,0.0,420.18193622634345,0.0,420.18193622634345,0
6.0,0.0,34.0,58.0,9440.700126436834,9440.700126436834,0.0,115.62791616056612,115.62791616056612,0.0,1229.5619294335402,ra,0.0,-0.0,0.0,0.0,0.0,0.0,0.0,0.0,0.0,14.80976803674051,14.80976803674051,0.0,0
6.0,0.0,33.0,59.0,9685.754071387502,9685.754071387502,0.0,302.82244713524466,302.82244713524466,0.0,4398.318016945725,ra,0.0,-0.0,0.0,0.0,0.0,0.0,14.80976803674051,14.80976803674051,0.0,53.595645593881564,53.595645593881564,0.0,0
6.0,1.0,38.0,60.0,13533.136089729269,0.0,13533.136089729269,3267.2679643300085,0.0,3267.2679643300085,19100.037855584003,ra,9.0,0.0,9.0,418.4757649563429,0.0,418.4757649563429,0.0,0.0,0.0,0.0,0.0,0.0,1
6.0,0.0,37.0,61.0,14150.210375121094,14150.210375121094,0.0,1803.67381185194,1803.67381185194,0.0,19123.313502380493,ra,0.0,-0.0,0.0,0.0,0.0,0.0,53.595645593881564,53.595645593881564,0.0,284.61244200814286,284.61244200814286,0.0,0
6.0,2.0,48.0,62.0,30972.88424037613,15986.27621540026,14986.608024975872,5468.198643546355,3421.909443445684,2046.2892001006717,42213.94659999393,ra,39.0,39.0,0.0,1917.1102555347522,687.9584410125947,1229.1518145221576,1251.6729779199063,284.61244200814286,967.0605359117635,34.93643989887562,34.93643989887562,0.0,1
6.0,2.0,3.0,63.0,43852.38298306345,22912.25382809093,20940.12915497252,3553.9006048965416,3553.9006048965416,0.0,60876.22424217983,link,0.0,0.0,0.0,0.0,0.0,0.0,1001.9969758106391,34.93643989887562,967.0605359117635,1457.1850076615442,490.1244717497807,967.0605359117635,0
7.0,2.0,0.0,64.0,11819.728833092571,5668.999528653672,6150.729304438899,2312.6327385691666,0.0,2312.6327385691666,0.0,link,0.0,0.0,0.0,0.0,0.0,0.0,0.0,0.0,0.0,296.204891946862,0.0,296.204891946862,0
7.0,2.0,46.0,65.0,16750.439961073742,8281.792263693602,8468.64769738014,443.91171562073237,439.3743632250341,4.537352395698317,6667.955447556553,ra,20.0,0.0,20.0,969.8925726686316,56.2756176598164,913.6169550088152,913.0358052422837,0.0,913.0358052422837,0.0,0.0,0.0,1
7.0,2.0,47.0,66.0,16803.00194301874,8309.644744099518,8493.35719891922,469.008092957891,4.438227533612364,464.56986542427865,6721.474926778252,ra,0.0,-0.0,0.0,0.0,0.0,0.0,853.5331161664103,0.0,853.5331161664103,913.6042589725731,0.5684537302894886,913.0358052422837,0
7.0,2.0,2.0,67.0,31479.264687684805,14962.675134733858,16516.589552950947,2176.386974618303,2176.386974618303,0.0,25294.541879356693,link,0.0,0.0,0.0,0.0,0.0,0.0,854.1015698966997,0.5684537302894886,853.5331161664103,1132.8559340895304,279.32281792312,853.5331161664103,0
8.0,2.0,2.0,68.0,14782.369584642798,7482.847541600488,7299.522043042311,571.5351732524385,0.0,571.5351732524385,0.0,link,0.0,0.0,0.0,0.0,0.0,0.0,425.6650473559267,425.6650473559267,0.0,498.86798676506555,425.6650473559267,73.20293940913889,0
8.0,2.0,52.0,69.0,9208.206367128356,4168.183876582084,5040.022490546272,1091.488655298786,530.5477835235342,560.9408717752517,9055.824498122218,ra,12.0,0.0,12.0,565.4642786874143,493.61827065435034,71.84600803306395,425.6650473559267,425.6650473559267,0.0,0.0,0.0,0.0,1
8.0,2.0,0.0,70.0,9708.89067456805,5120.673657931851,4588.2170166362,557.603815055505,557.603815055505,0.0,21173.685305885127,link,0.0,0.0,0.0,0.0,0.0,0.0,0.0,0.0,0.0,71.4185936370779,71.4185936370779,0.0,0
9.0,2.0,2.0,71.0,31818.423136170015,16104.883545196824,15713.539590973189,3261.4825971182563,0.0,3261.4825971182563,0.0,link,0.0,0.0,0.0,0.0,0.0,0.0,1131.0638397902371,566.8909756483812,564.1728641418558,1548.7986076823897,566.8909756483812,981.9076320340085,0
9.0,2.0,55.0,72.0,36693.05587768159,18116.80864806472,18576.24722961687,5325.486521774037,2708.000893980142,2617.485627793895,15445.371783397328,ra,19.0,0.0,19.0,913.7351151504752,913.7351151504752,0.0,795.8130087253603,566.8909756483812,228.92203307697906,564.1728641418558,0.0,564.1728641418558,1
9.0,2.0,7.0,73.0,31601.85426430268,15291.911788888328,16309.942475414353,3142.329967824336,3142.329967824336,0.0,33157.12684688381,link,0.0,0.0,0.0,0.0,0.0,0.0,228.92203307697906,0.0,228.92203307697906,631.3955832683797,402.47355019140065,228.92203307697906,0
10.0,2.0,3.0,74.0,31606.669563938915,16070.547455207432,15536.122108731484,43.81406893215462,0.0,43.81406893215462,0.0,link,0.0,0.0,0.0,0.0,0.0,0.0,933.860846541392,933.860846541392,0.0,939.4726072578085,933.860846541392,5.611760716416528,0
10.0,2.0,53.0,75.0,20482.292071415013,10386.965680851748,10095.326390563265,3859.9783717818373,1960.6175793947991,1899.3607923870384,14793.406531478646,ra,42.0,42.0,0.0,2100.0,1184.979196882252,915.0208031177478,1605.6091451692178,933.860846541392,671.7482986278256,0.0,0.0,0.0,1
10.0,2.0,4.0,76.0,20473.61899569675,10382.534499411437,10091.084496285315,45.07964033000498,45.07964033000498,0.0,15227.535521101405,link,0.0,0.0,0.0,0.0,0.0,0.0,671.7482986278256,0.0,671.7482986278256,677.5221553108431,5.773856683017449,671.7482986278256,0
11.0,2.0,3.0,77.0,48420.054142922716,24599.82318293021,23820.230959992503,1269.8213138175106,0.0,1269.8213138175106,0.0,link,0.0,0.0,0.0,0.0,0.0,0.0,1841.5195806771203,299.4873659202755,1542.0322147568447,2004.1598818275093,299.4873659202755,1704.6725159072337,0
11.0,2.0,54.0,78.0,48814.99317229718,24295.434711773956,24519.55846052323,3388.4082292149897,1701.6312773650386,1686.7769518499513,6967.487148144968,ra,1.0,0.0,1.0,50.0,0.0,50.0,1675.4750802109888,299.4873659202755,1375.9877142907133,2059.466641721131,517.4344269642864,1542.0322147568447,1
11.0,1.0,56.0,79.0,22284.926619444108,0.0,22284.926619444108,1685.094433220274,0.0,1685.094433220274,14053.388239050711,ra,0.0,0.0,-0.0,-4.354721193702062e-09,0.0,-4.354721193702062e-09,1160.1587129114644,0.0,1160.1587129114644,1375.9877142907133,0.0,1375.9877142907133,0
11.0,2.0,5.0,80.0,42919.8251598076,21285.35848456856,21634.466675239044,2910.8952617885475,2910.8952617885475,0.0,19878.69006465457,link,0.0,0.0,0.0,0.0,0.0,0.0,1677.5931398757507,517.4344269642864,1160.1587129114644,2050.424243624705,890.2655307132408,1160.1587129114644,0
12.0,2.0,4.0,81.0,53131.67233206281,26537.18348117461,26594.4888508882,1562.324430007989,0.0,1562.324430007989,0.0,link,0.0,0.0,0.0,0.0,0.0,0.0,2930.4601397832853,1305.629197473381,1624.8309423099042,3130.564605684246,1305.629197473381,1824.9354082108648,0
12.0,0.0,58.0,82.0,22288.895823895957,22288.895823895957,0.0,3364.25769729557,3364.25769729557,0.0,13722.635716121396,ra,0.0,-0.0,0.0,0.0,0.0,0.0,1305.629197473381,1305.629197473381,0.0,1736.5275286651192,1736.5275286651192,0.0,0
12.0,1.0,57.0,83.0,22492.6689728353,0.0,22492.6689728353,3393.592303197099,0.0,3393.592303197099,13775.369179933106,ra,0.0,0.0,-0.0,0.0,0.0,0.0,1190.1753981350632,0.0,1190.1753981350632,1624.8309423099042,0.0,1624.8309423099042,0
12.0,2.0,5.0,84.0,44751.07719214048,22273.03927625819,22478.037915882287,1559.840879232986,1559.840879232986,0.0,20725.095833182608,link,0.0,0.0,0.0,0.0,0.0,0.0,2926.7029268001825,1736.5275286651192,1190.1753981350632,3126.4892964134424,1936.3138982783792,1190.1753981350632,0
13.0,2.0,4.0,85.0,25987.610544625633,13119.378445562592,12868.232099063043,1205.3834904693945,0.0,1205.3834904693945,0.0,link,0.0,0.0,0.0,0.0,0.0,0.0,1891.4747928242004,987.4623791518844,904.0124136723159,2045.861817008291,987.4623791472919,1058.3994378609991,0
13.0,2.0,59.0,86.0,13974.00634747334,7033.004117758563,6941.002229714777,6883.850493770728,3777.525971618388,3106.32452215234,36309.89528647439,ra,16.0,16.0,0.0,757.2815016413819,587.4623791356665,169.8191225057153,1663.4319876223985,987.4623791472919,675.9696084751067,1787.8426620246637,883.8302483523477,904.0124136723159,1
13.0,1.0,63.0,87.0,7362.494657393186,0.0,7362.494657393186,661.497609325267,0.0,661.497609325267,54986.89266391457,ra,0.0,0.0,-0.0,0.0,0.0,0.0,591.2441678007149,0.0,591.2441678007149,675.9696084751067,0.0,675.9696084751067,0
13.0,0.0,62.0,88.0,7963.314490087364,7963.314490087364,0.0,1395.6084792930023,1395.6084792930023,0.0,55258.29185590623,ra,0.0,-0.0,0.0,0.0,0.0,0.0,883.8302483523477,883.8302483523477,0.0,1062.5815268907945,1062.5815268907945,0.0,0
13.0,2.0,70.0,89.0,20915.585370117602,10623.723419117588,10291.861951000015,6679.2986941238505,3389.0040936651603,3290.29460045869,85720.88488710183,ra,8.0,8.0,0.0,400.0,400.0,0.0,1232.4006493965098,1062.5815268907945,169.8191225057153,1687.8935752632601,1096.6494074625452,591.2441678007149,1
13.0,1.0,71.0,90.0,10312.666692975632,0.0,10312.666692975632,1325.8702777004075,0.0,1325.8702777004075,92148.0377185692,ra,0.0,0.0,-0.0,0.0,0.0,0.0,0.0,0.0,0.0,169.8191225057153,0.0,169.8191225057153,0
13.0,0.0,75.0,91.0,10865.41330620228,10865.41330620228,0.0,2225.2267853650983,2225.2267853650983,0.0,106351.19825280692,ra,0.0,-0.0,0.0,0.0,0.0,0.0,1096.6494074625452,1096.6494074625452,0.0,1381.6592356655888,1381.6592356655888,0.0,0
13.0,2.0,80.0,92.0,21769.313571554885,10924.77173173255,10844.541839822334,5231.405901354321,1587.860206417783,3643.5456949365375,121274.1282993086,ra,49.0,49.0,0.0,2450.0000000000005,1555.9419605408536,894.0580394591468,1809.0473880851453,1381.6592356655888,427.3881524195565,29.092395187982845,29.092395187982845,0.0,1
13.0,2.0,8.0,93.0,20326.83796736937,10049.65492309056,10277.18304427881,1199.9706688262263,1199.9706688262263,0.0,132616.96921985535,link,0.0,0.0,0.0,0.0,0.0,0.0,456.48054760753934,29.092395187982845,427.3881524195565,610.1742908341384,182.78613841458193,427.3881524195565,0
14.0,2.0,5.0,94.0,94497.82264774677,47019.26687675304,47478.55577099372,936.3425207579636,0.0,936.3425207579636,0.0,link,0.0,0.0,0.0,0.0,0.0,0.0,4273.861894301556,2435.0175663667396,1838.8443279348164,4393.789814788387,2435.0175663667396,1958.7722484216474,0
14.0,0.0,61.0,95.0,46935.18990316021,46935.18990316021,0.0,2174.788745042169,2174.788745042169,0.0,4629.482620571615,ra,17.0,17.0,0.0,850.0000000000001,850.0000000000001,0.0,2435.0175663667396,2435.0175663667396,0.0,1863.5672273176717,1863.5672273176717,0.0,1
14.0,1.0,60.0,96.0,47664.75200387175,0.0,47664.75200387175,2204.32457448694,0.0,2204.32457448694,4633.73189838993,ra,0.0,0.0,-0.0,0.0,0.0,0.0,1556.511681041768,0.0,1556.511681041768,1838.8443279348164,0.0,1838.8443279348164,0
14.0,2.0,6.0,97.0,94641.69117202783,46900.62074452682,47741.07042750101,922.9194205020584,922.9194205020584,0.0,6596.600389256655,link,0.0,0.0,0.0,0.0,0.0,0.0,3420.07890835944,1863.5672273176717,1556.511681041768,3538.287581386619,1981.775900344851,1556.511681041768,0
15.0,2.0,6.0,98.0,75207.49134104664,44538.30191090561,30669.189430141025,1884.850151816533,0.0,1884.850151816533,0.0,link,0.0,0.0,0.0,0.0,0.0,0.0,2783.7071673631062,1949.1855547924974,834.5216125706088,3025.121130870458,1949.1855547924974,1075.9355760779601,0
15.0,1.0,64.0,99.0,16721.32745245393,0.0,16721.32745245393,6515.564241999581,0.0,6515.564241999581,25738.743223846097,ra,0.0,0.0,-0.0,0.0,0.0,0.0,0.0,0.0,0.0,834.5216125706088,0.0,834.5216125706088,0
15.0,0.0,65.0,100.0,16271.068415411031,16271.068415411031,0.0,7891.47329091754,7891.47329091754,0.0,25740.902218562274,ra,60.0,60.0,0.0,2959.9353182348295,2959.9353182348295,0.0,1949.1855547924974,1949.1855547924974,0.0,0.0,0.0,0.0,1
15.0,2.0,0.0,101.0,10998.091984936455,5379.561945168664,5618.530039767791,1825.012570497084,1825.012570497084,0.0,48631.17855592899,link,0.0,0.0,0.0,0.0,0.0,0.0,0.0,0.0,0.0,233.74989129497965,233.74989129497965,0.0,0
16.0,2.0,6.0,102.0,79740.5667298025,40135.953102102525,39604.61362769997,2800.895581315986,0.0,2800.895581315986,0.0,link,0.0,0.0,0.0,0.0,0.0,0.0,2950.8049568984934,1430.780702330734,1520.0242545677597,3309.547164072922,1430.780702330734,1878.7664617421879,0
16.0,1.0,66.0,103.0,29014.9759926702,0.0,29014.9759926702,4194.662066106028,0.0,4194.662066106028,12316.83855333374,ra,0.0,0.0,-0.0,0.0,0.0,0.0,982.766693813317,0.0,982.766693813317,1520.0242545677597,0.0,1520.0242545677597,0
16.0,0.0,67.0,104.0,29278.008085254503,29278.008085254503,0.0,4585.787822607259,4585.787822607259,0.0,12575.946688510528,ra,0.0,-0.0,0.0,0.0,0.0,0.0,1430.780702330734,1430.780702330734,0.0,2018.1341388850497,2018.1341388850497,0.0,0
16.0,0.0,72.0,105.0,28145.02656728497,28145.02656728497,0.0,3642.99524799985,3642.99524799985,0.0,25449.08031583349,ra,0.0,-0.0,0.0,0.0,0.0,0.0,2018.1341388850497,2018.1341388850497,0.0,2484.7335239929307,2484.7335239929307,0.0,0
16.0,1.0,74.0,106.0,25731.855828829863,0.0,25731.855828829863,3150.32793358614,0.0,3150.32793358614,32933.75197391795,ra,61.0,0.0,61.0,3034.7506805680778,0.0,3034.7506805680778,3614.0194347377656,0.0,3614.0194347377656,982.766693813317,0.0,982.766693813317,1
16.0,0.0,76.0,107.0,25418.722177742115,25418.722177742115,0.0,6370.068704760761,6370.068704760761,0.0,49497.46890143416,ra,0.0,-0.0,0.0,0.0,0.0,0.0,2484.7335239929307,2484.7335239929307,0.0,3300.61988628457,3300.61988628457,0.0,0
16.0,1.0,77.0,108.0,25469.36930201462,0.0,25469.36930201462,3629.483350372933,0.0,3629.483350372933,49565.51842080065,ra,0.0,0.0,-0.0,0.0,0.0,0.0,3149.1506703678124,0.0,3149.1506703678124,3614.0194347377656,0.0,3614.0194347377656,0
16.0,1.0,82.0,109.0,26935.54974771189,0.0,26935.54974771189,4731.076881969367,0.0,4731.076881969367,67595.96875209869,ra,0.0,0.0,-0.0,0.0,0.0,0.0,2543.1884294790725,0.0,2543.1884294790725,3149.1506703678124,0.0,3149.1506703678124,0
16.0,0.0,83.0,110.0,27462.47510980443,27462.47510980443,0.0,5057.102637456699,5057.102637456699,0.0,68666.07464325256,ra,19.0,19.0,0.0,948.0329889761654,948.0329889761654,0.0,3300.61988628457,3300.61988628457,0.0,3000.3069244921553,3000.3069244921553,0.0,1
16.0,1.0,86.0,111.0,27163.152752819547,0.0,27163.152752819547,4196.376907454115,0.0,4196.376907454115,81021.89267340553,ra,0.0,0.0,-0.0,0.0,0.0,0.0,2005.7112297012154,0.0,2005.7112297012154,2543.1884294790725,0.0,2543.1884294790725,0
16.0,0.0,89.0,112.0,29187.99844762554,29187.99844762554,0.0,6653.928103269676,6653.928103269676,0.0,92123.37906601596,ra,0.0,-0.0,0.0,0.0,0.0,0.0,3000.3069244921553,3000.3069244921553,0.0,3852.5503533690644,3852.5503533690644,0.0,0
16.0,1.0,90.0,113.0,28376.998666581203,0.0,28376.998666581203,5601.684775109653,0.0,5601.684775109653,92203.5095301381,ra,0.0,0.0,-0.0,0.0,0.0,0.0,1288.2404415992023,0.0,1288.2404415992023,2005.7112297012154,0.0,2005.7112297012154,0
16.0,2.0,94.0,114.0,71124.20344709541,35553.82790120941,35570.375545886,8755.239718801102,4299.63877333859,4455.600945462512,106046.11656904333,ra,109.0,109.0,0.0,5450.000000000002,4403.253462006738,1046.7465379932632,5616.858394365509,3852.5503533690644,1764.308040996445,1288.2404415992023,0.0,1288.2404415992023,1
16.0,2.0,12.0,115.0,71147.99996754559,35564.99998476318,35582.99998278241,2799.48715587504,2799.48715587504,0.0,113917.81076099534,link,0.0,0.0,0.0,0.0,0.0,0.0,1764.308040996445,0.0,1764.308040996445,2122.869855279865,358.5618142834199,1764.308040996445,0
18.0,2.0,7.0,118.0,26949.99999999783,13587.999999998794,13361.999999999038,1262.350888686173,0.0,1262.350888686173,0.0,link,0.0,0.0,0.0,0.0,0.0,0.0,340.201880403083,340.201880403083,0.0,501.88536016461893,340.201880403083,161.68347976153592,0
18.0,0.0,68.0,119.0,13587.918618998609,13587.918618998609,0.0,1673.7828719547792,1673.7828719547792,0.0,12318.138045343778,ra,0.0,-0.0,0.0,0.0,0.0,0.0,340.201880403083,340.201880403083,0.0,554.5820828716411,554.5820828716411,0.0,0
18.0,1.0,69.0,120.0,13361.93226547554,0.0,13361.93226547554,3620.13302138755,0.0,3620.13302138755,12346.305678813724,ra,10.0,0.0,10.0,500.0000000000002,0.0,500.0000000000002,36.32883745440614,0.0,36.32883745440614,0.0,0.0,0.0,1
18.0,2.0,73.0,121.0,21133.145613699366,10354.073130248858,10779.072483450507,3099.0639764514967,1773.464093458567,1325.5998829929297,27186.329383912336,ra,28.0,0.0,28.0,1377.9519544437512,340.201880403083,1037.7500740406683,1458.8765043531275,554.5820828716411,904.2944214814863,477.8565378432543,441.52770038884813,36.32883745440614,1
18.0,2.0,81.0,122.0,17024.72901544851,8263.2955761644,8761.433439284106,10407.127018587838,5132.593422062407,5274.533596525431,76811.9776614867,ra,0.0,0.0,-0.0,0.0,0.0,0.0,670.2532656603616,441.52770038884813,228.72556527151357,2003.211103109865,1098.9166816283787,904.2944214814863,0
18.0,0.0,84.0,123.0,7912.197813125354,7912.197813125354,0.0,1219.9477727403696,1219.9477727403696,0.0,91803.7907317536,ra,0.0,-0.0,0.0,0.0,0.0,0.0,1098.9166816283787,1098.9166816283787,0.0,1255.1691172956812,1255.1691172956812,0.0,0
18.0,1.0,85.0,124.0,8875.838788593739,0.0,8875.838788593739,1785.784923800428,0.0,1785.784923800428,91872.46119703975,ra,0.0,0.0,-0.0,0.0,0.0,0.0,0.0,0.0,0.0,228.72556527151357,0.0,228.72556527151357,0
18.0,2.0,92.0,125.0,47292.93717996864,22515.08265535503,24777.854524613613,4754.452437208462,3104.7402940346988,1649.7121431737628,121334.73270596893,ra,55.0,0.0,55.0,2745.6909563494046,1652.828135081013,1092.8628212683918,2136.7347451261985,1255.1691172956812,881.5656278305175,0.0,0.0,0.0,1
18.0,2.0,11.0,126.0,53098.00276723388,24816.36422563914,28281.638541594737,1125.0783643967968,1125.0783643967968,0.0,126075.53174156268,link,0.0,0.0,0.0,0.0,0.0,0.0,881.5656278305175,0.0,881.5656278305175,1025.6670710904148,144.1014432598972,881.5656278305175,0
19.0,2.0,7.0,127.0,19888.0,9830.0,10058.0,1832.5223390000008,0.0,1832.5223390000008,0.0,link,0.0,0.0,0.0,0.0,0.0,0.0,229.74486830491833,229.74486830491833,0.0,464.45662013696216,229.74486830491833,234.71175183204383,0
19.0,2.0,0.0,128.0,19888.0,9830.0,10058.0,1790.9817650000002,1790.9817650000002,0.0,18219.57712193098,link,0.0,0.0,0.0,0.0,0.0,0.0,229.74486830491833,229.74486830491833,0.0,459.13605149332454,459.13605149332454,0.0,0
20.0,2.0,0.0,129.0,19481.000344743796,9701.000199905127,9780.000144838668,1585.946802063634,0.0,1585.946802063634,0.0,link,0.0,0.0,0.0,0.0,0.0,0.0,0.0,0.0,0.0,203.13004884181282,0.0,203.13004884181282,0
20.0,0.0,78.0,130.0,10133.998910338903,10133.998910338903,0.0,2201.810828978947,2201.810828978947,0.0,22308.899934453435,ra,6.0,6.0,0.0,282.01068323915973,282.01068323915973,0.0,0.0,0.0,0.0,0.0,0.0,0.0,1
20.0,1.0,79.0,131.0,10094.12847263898,0.0,10094.12847263898,2214.6793271343668,0.0,2214.6793271343668,22364.44986396924,ra,15.0,0.0,15.0,749.9999999999998,0.0,749.9999999999998,466.3411034314715,0.0,466.3411034314715,0.0,0.0,0.0,1
20.0,2.0,8.0,132.0,21962.97969081701,10983.990050020308,10978.989640796704,1594.243979477348,1594.243979477348,0.0,37253.22848420508,link,0.0,0.0,0.0,0.0,0.0,0.0,466.3411034314715,0.0,466.3411034314715,670.5338651279046,204.19276169643308,466.3411034314715,0
21.0,2.0,8.0,133.0,21649.000000000102,11074.000000000044,10575.00000000006,371.5843359997804,0.0,371.5843359997804,0.0,link,0.0,0.0,0.0,0.0,0.0,0.0,535.1352252548002,417.94339016370395,117.19183509109622,582.728211490072,417.94339016370395,164.7848213263681,0
21.0,2.0,87.0,134.0,23288.999999928543,11776.999999969368,11511.999999959173,6542.587792704876,3329.21173105459,3213.376061650286,29246.642192588224,ra,32.0,32.0,0.0,1600.0,417.94339016370395,1182.056609836296,1305.6186123948507,417.94339016370395,887.6752222311468,543.6014351192318,426.4096000281356,117.19183509109622,1
21.0,2.0,10.0,135.0,23288.99999999982,11776.999999999924,11511.999999999898,380.1380059998352,380.1380059998352,0.0,32474.473610155062,link,0.0,0.0,0.0,0.0,0.0,0.0,1314.0848222592824,426.4096000281356,887.6752222311468,1362.773373240249,475.098151009102,887.6752222311468,0
22.0,2.0,8.0,136.0,18089.34980232114,9293.63667702267,8795.71312529847,2541.603617777336,0.0,2541.603617777336,0.0,link,0.0,0.0,0.0,0.0,0.0,0.0,749.6213649606233,157.62210437635895,591.9992605842643,1075.1531333300666,157.62210437635895,917.5310289537076,0
22.0,2.0,9.0,137.0,22551.759921439094,11229.492180860212,11322.267740578884,2598.6403059127283,2598.6403059127283,0.0,25496.14409205573,link,0.0,0.0,0.0,0.0,0.0,0.0,749.6213649606233,157.62210437635895,591.9992605842643,1082.4584636423078,490.4592030580436,591.9992605842643,0
24.0,2.0,9.0,140.0,25786.108144857673,12922.607317501452,12863.500827356223,310.22506737586025,0.0,310.22506737586025,0.0,link,0.0,0.0,0.0,0.0,0.0,0.0,1488.9517784759494,932.5292464604628,556.4225320154866,1528.685792886784,932.5292464604628,596.156546426321,0
24.0,0.0,88.0,141.0,12911.612953719838,12911.612953719838,0.0,904.5214863572012,904.5214863572012,0.0,7001.124876882881,ra,0.0,-0.0,0.0,0.0,0.0,0.0,932.5292464604628,932.5292464604628,0.0,1048.3814890849512,1048.3814890849512,0.0,0
24.0,1.0,91.0,142.0,12797.695040407143,0.0,12797.695040407143,2112.957697765236,0.0,2112.957697765236,10447.761196686972,ra,0.0,0.0,-0.0,0.0,0.0,0.0,285.79226888859296,0.0,285.79226888859296,556.4225320154866,0.0,556.4225320154866,0
24.0,0.0,97.0,143.0,9570.738932827611,9570.738932827611,0.0,2755.7730122650837,2755.7730122650837,0.0,30840.569189513222,ra,0.0,-0.0,0.0,0.0,0.0,0.0,1048.3814890849512,1048.3814890849512,0.0,1401.3443412121283,1401.3443412121283,0.0,0
24.0,1.0,98.0,144.0,9946.426208887748,0.0,9946.426208887748,2231.335725475766,0.0,2231.335725475766,30857.334061915197,ra,0.0,0.0,-0.0,0.0,0.0,0.0,0.0,0.0,0.0,285.79226888859296,0.0,285.79226888859296,0
24.0,2.0,108.0,145.0,15887.706151607494,7870.705730584929,8017.000421022563,4501.986650504175,2168.389585344796,2333.5970651593784,55766.14861335632,ra,42.0,42.0,0.0,2099.9066257572777,1367.3860654551995,732.520560302078,1834.9748724122614,1401.3443412121283,433.6305312001333,311.68832433487194,311.68832433487194,0.0,1
24.0,2.0,114.0,146.0,28294.020698251785,14163.55043686688,14130.470261384906,3453.816952067228,2111.307602382169,1342.5093496850593,76000.7341358558,ra,22.0,22.0,0.0,1100.0,582.1072411824831,517.8927588175168,1091.2613387081724,311.68832433487194,779.5730143733005,433.6305312001333,0.0,433.6305312001333,1
24.0,2.0,15.0,147.0,28738.67135022459,14383.312343962509,14355.35900626208,310.87767950128045,310.87767950128045,0.0,78175.47480337396,link,0.0,0.0,0.0,0.0,0.0,0.0,779.5730143733005,0.0,779.5730143733005,819.3906161609239,39.817601787623374,779.5730143733005,0
25.0,2.0,9.0,148.0,18444.994544675952,9036.997526482091,9407.99701819386,3162.573978652046,0.0,3162.573978652046,0.0,link,0.0,0.0,0.0,0.0,0.0,0.0,1066.5310511108414,451.78614994661285,614.7449011642286,1471.597479514069,451.78614994661285,1019.811329567456,0
25.0,2.0,10.0,149.0,19006.727910032103,9665.34291491844,9341.384995113662,3137.608098414663,3137.608098414663,0.0,35248.172611532704,link,0.0,0.0,0.0,0.0,0.0,0.0,1066.5310511108414,451.78614994661285,614.7449011642286,1468.3998183659146,853.6549172016859,614.7449011642286,0
26.0,2.0,10.0,150.0,39799.09031594862,19727.656489472974,20071.433826475644,5432.50664953123,0.0,5432.50664953123,0.0,link,0.0,0.0,0.0,0.0,0.0,0.0,1382.6973405415904,927.3190345990224,455.37830594256803,2078.4995828468627,927.3190345990224,1151.18054824784,0
26.0,2.0,11.0,151.0,61239.02764165262,31319.794471237463,29919.23317041516,5527.098799836521,5527.098799836521,0.0,24120.7762535988,link,0.0,0.0,0.0,0.0,0.0,0.0,1382.6973405415904,927.3190345990224,455.37830594256803,2090.6150636981524,1635.2367577555842,455.37830594256803,0
27.0,2.0,11.0,152.0,68446.95855219441,33632.332120978645,34814.626431215765,4475.01586176286,0.0,4475.01586176286,0.0,link,0.0,0.0,0.0,0.0,0.0,0.0,1110.0150447207918,750.3356247727168,359.679419948075,1683.180670065206,750.3356247727168,932.8450452924892,0
27.0,0.0,99.0,153.0,29715.95485159294,29715.95485159294,0.0,4959.050959781504,4959.050959781504,0.0,15398.281487957354,ra,1.0,1.0,0.0,50.0,50.0,0.0,750.3356247727168,750.3356247727168,0.0,1335.4970705152314,1335.4970705152314,0.0,1
27.0,1.0,100.0,154.0,27462.225943179787,0.0,27462.225943179787,4427.600028969178,0.0,4427.600028969178,15788.230047158857,ra,23.0,0.0,23.0,1144.8586180079724,0.0,1144.8586180079724,937.4454917456387,0.0,937.4454917456387,359.679419948075,0.0,359.679419948075,1
27.0,2.0,107.0,155.0,39803.00077214074,18775.259985557448,21027.74078658329,8521.51974910427,4077.7617235109983,4443.758025593273,32030.585088502547,ra,14.0,0.0,14.0,700.0000000000002,80.54735686074945,619.4526431392508,2323.2331227846025,1335.4970705152314,987.7360522693712,2714.680024149564,1777.2345324039252,937.4454917456387,1
27.0,0.0,111.0,156.0,14923.34787730996,14923.34787730996,0.0,3332.683703707982,3332.683703707982,0.0,51994.455333056,ra,0.0,-0.0,0.0,0.0,0.0,0.0,1777.2345324039252,1777.2345324039252,0.0,2204.088827029473,2204.088827029473,0.0,0
27.0,1.0,110.0,157.0,16064.78653282132,0.0,16064.78653282132,3656.830509986008,0.0,3656.830509986008,52217.78598274018,ra,0.0,0.0,-0.0,0.0,0.0,0.0,519.3646295122259,0.0,519.3646295122259,987.7360522693712,0.0,987.7360522693712,0
27.0,2.0,113.0,158.0,28115.732693263828,13396.479626617023,14719.253066646805,8182.361978154302,4151.774424898176,4030.5875532561263,80453.83595296173,ra,69.0,69.0,0.0,3429.733817396317,2628.148377360572,801.5854400357453,3008.796204521958,2204.088827029473,804.7073774924849,627.0695372401166,107.70490772789074,519.3646295122259,1
27.0,0.0,115.0,159.0,16210.1141141057,16210.1141141057,0.0,2741.8648075464444,2741.8648075464444,0.0,99290.1862589441,ra,0.0,-0.0,0.0,0.0,0.0,0.0,107.70490772789074,107.70490772789074,0.0,458.8863796094488,458.8863796094488,0.0,0
27.0,2.0,116.0,160.0,34177.78966749807,16266.79151473384,17910.998152764234,6377.116285600918,1294.989846913013,5082.126438687905,107271.26953267986,ra,28.0,28.0,0.0,1400.0,624.7502979393761,775.2497020606238,1387.9183522373626,458.8863796094488,929.0319726279138,804.7073774924849,0.0,804.7073774924849,1
27.0,2.0,15.0,161.0,39893.99999984566,18725.9999999336,21167.99999991206,3972.0067852374737,3972.0067852374737,0.0,128894.5131374644,link,0.0,0.0,0.0,0.0,0.0,0.0,929.0319726279138,0.0,929.0319726279138,1437.771566689611,508.7395940616972,929.0319726279138,0
28.0,2.0,11.0,162.0,61992.2787513973,31725.31224782596,30266.96650357134,2390.702240646126,0.0,2390.702240646126,0.0,link,0.0,0.0,0.0,0.0,0.0,0.0,931.1078191219245,931.1078191219245,0.0,1237.3119504816812,931.1078191219245,306.2041313597566,0
28.0,0.0,93.0,163.0,30439.224167938333,30439.224167938333,0.0,1072.7833528404256,1072.7833528404256,0.0,3445.559107155475,ra,0.0,-0.0,0.0,0.0,0.0,0.0,931.1078191219245,931.1078191219245,0.0,1068.5112519329173,1068.5112519329173,0.0,0
28.0,0.0,95.0,164.0,18498.90877462081,18498.90877462081,0.0,3967.265746570001,3967.265746570001,0.0,21968.34571810977,ra,32.0,32.0,0.0,1576.6436078357865,1576.6436078357865,0.0,1068.5112519329173,1068.5112519329173,0.0,0.0,0.0,0.0,1
28.0,1.0,96.0,165.0,17419.186332491074,0.0,17419.186332491074,4813.95264377551,0.0,4813.95264377551,22264.116411144965,ra,13.0,0.0,13.0,616.577072055572,0.0,616.577072055572,0.0,0.0,0.0,0.0,0.0,0.0,1
28.0,2.0,0.0,166.0,16044.983216716417,8425.399218263456,7619.583998452962,2682.96218463007,2682.96218463007,0.0,40879.27967798362,link,0.0,0.0,0.0,0.0,0.0,0.0,0.0,0.0,0.0,343.6371503101501,343.6371503101501,0.0,0
30.0,2.0,12.0,169.0,31173.00771278776,15334.689159172884,15838.318553614876,1373.022338283504,0.0,1373.022338283504,0.0,link,0.0,0.0,0.0,0.0,0.0,0.0,2074.256976844953,450.7794930548123,1623.4774837901407,2250.115394210227,450.7794930548123,1799.3359011554146,0
30.0,0.0,101.0,170.0,15342.168535706442,15342.168535706442,0.0,288.7002299566512,288.7002299566512,0.0,1882.30501330568,ra,0.0,-0.0,0.0,0.0,0.0,0.0,450.7794930548123,450.7794930548123,0.0,487.7565793829476,487.7565793829476,0.0,0
30.0,1.0,102.0,171.0,15008.380189154295,0.0,15008.380189154295,2426.954705703304,0.0,2426.954705703304,15325.375723611753,ra,0.0,0.0,-0.0,0.0,0.0,0.0,1312.6300913902792,0.0,1312.6300913902792,1623.4774837901407,0.0,1623.4774837901407,0
30.0,0.0,103.0,172.0,14615.10439288337,14615.10439288337,0.0,2123.5391790607955,2123.5391790607955,0.0,15632.211521401772,ra,0.0,-0.0,0.0,0.0,0.0,0.0,487.7565793829476,487.7565793829476,0.0,759.7421318610282,759.7421318610282,0.0,0
30.0,2.0,13.0,173.0,18934.390172572806,9143.138576923604,9791.251595649202,1268.116655371192,1268.116655371192,0.0,27311.590572612236,link,0.0,0.0,0.0,0.0,0.0,0.0,2072.3722232513073,759.7421318610282,1312.6300913902792,2234.7941896170687,922.1640982267897,1312.6300913902792,0
31.0,2.0,12.0,174.0,61211.26177444921,30941.90070843765,30269.36106601156,584.8788313855799,0.0,584.8788313855799,0.0,link,0.0,0.0,0.0,0.0,0.0,0.0,2072.4131263644185,1045.0676597872,1027.3454665772185,2147.325138186823,1045.0676597872,1102.2574783996229,0
31.0,1.0,106.0,175.0,29780.03490857172,0.0,29780.03490857172,3637.7163502508033,0.0,3637.7163502508033,10173.779430297054,ra,0.0,0.0,-0.0,0.0,0.0,0.0,561.4222092916579,0.0,561.4222092916579,1027.3454665772185,0.0,1027.3454665772185,0
31.0,0.0,105.0,176.0,30402.95414259374,30402.95414259374,0.0,3119.852058011688,3119.852058011688,0.0,10175.429354581129,ra,0.0,-0.0,0.0,0.0,0.0,0.0,1045.0676597872,1045.0676597872,0.0,1444.6622111924094,1444.6622111924094,0.0,0
31.0,2.0,109.0,177.0,62402.93424977723,31525.727911032645,30877.20633874459,6816.570463211742,3762.4191873927257,3054.1512758190165,22337.14837090233,ra,47.0,47.0,0.0,2350.0000004502263,1926.5575641878802,423.44243626234623,2038.3473436504191,1444.6622111924094,593.6851324580097,561.4222088414317,-4.5022615307903643e-07,561.4222092916579,1
31.0,2.0,14.0,178.0,62766.261417807065,31611.05780980601,31155.20360800105,595.148026243029,595.148026243029,0.0,24222.213413881997,link,0.0,0.0,0.0,0.0,0.0,0.0,593.6851320077835,-4.5022615307903643e-07,593.6851324580097,669.9124351440234,76.22730268601379,593.6851324580097,0
32.0,2.0,13.0,179.0,24034.000000000007,12223.000000000004,11811.000000000004,4986.624005231322,0.0,4986.624005231322,0.0,link,0.0,0.0,0.0,0.0,0.0,0.0,1596.101153747035,922.1640982267897,673.9370555202452,2234.7941896170687,922.1640982267897,1312.6300913902792,0
32.0,2.0,104.0,180.0,24034.000000001273,12223.000000000631,11811.000000000642,545.6198680000062,277.4865460000031,268.13332200000315,2270.21285318104,ra,28.0,0.0,28.0,1400.0,957.7049218966526,442.2950781033474,2004.053380801969,922.1640982267897,1081.8892825751793,673.9370555202452,0.0,673.9370555202452,1
32.0,2.0,16.0,181.0,35472.0,17897.0,17575.0,5106.43524839964,5106.43524839964,0.0,35413.56901786664,link,0.0,0.0,0.0,0.0,0.0,0.0,1081.8892825751793,0.0,1081.8892825751793,1735.9278922342658,654.0386096590864,1081.8892825751793,0
33.0,2.0,14.0,182.0,25491.39192820705,13297.332945790267,12194.058982416784,2901.9645133205213,0.0,2901.9645133205213,0.0,link,0.0,0.0,0.0,0.0,0.0,0.0,203.12720276945504,203.12720276945504,0.0,574.814445091189,203.12720276945504,371.68724232173395,0
33.0,2.0,0.0,183.0,27433.939184964896,13761.985453193762,13671.953731771133,3014.5666133482373,3014.5666133482373,0.0,22213.61178663945,link,0.0,0.0,0.0,0.0,0.0,0.0,203.12720276945504,203.12720276945504,0.0,589.2366629270855,589.2366629270855,0.0,0
34.0,2.0,14.0,184.0,40290.981728268656,40289.53408577645,1.4476424922008384,4807.99244961434,0.0,4807.99244961434,0.0,link,0.0,0.0,0.0,0.0,0.0,0.0,266.91589271744976,266.91589271744976,-3.25982294278597e-15,882.7295756546165,266.91589271744976,615.8136829371667,0
34.0,2.0,112.0,185.0,40084.67942148965,20069.25833080312,20015.421090686526,5879.593873458729,4738.491686036754,1141.1021874219755,14615.98862167376,ra,25.0,0.0,25.0,1237.182733352576,729.7098541974311,507.47287915514477,628.2349773298536,266.91589271744976,361.31908461240386,144.11797712071814,144.11797712071814,-3.25982294278597e-15,1
34.0,0.0,120.0,186.0,19233.978995985926,19233.978995985926,0.0,2388.1873644993475,2388.1873644993475,0.0,26934.149163868184,ra,9.0,9.0,0.0,450.00000000000017,450.00000000000017,0.0,144.11797712071814,144.11797712071814,0.0,0.0,0.0,0.0,1
34.0,2.0,20.0,187.0,42848.93314386101,20473.58046065553,22375.352683205478,2247.134627658472,2247.134627658472,0.0,38220.85948462789,link,0.0,0.0,0.0,0.0,0.0,0.0,361.31908461240386,0.0,361.31908461240386,649.1348966411855,287.81581202878164,361.31908461240386,0
35.0,2.0,0.0,188.0,13637.0,6766.0,6871.0,2412.026759499997,0.0,2412.026759499997,0.0,link,0.0,0.0,0.0,0.0,0.0,0.0,498.5678808345428,0.0,498.5678808345428,807.5032832247517,0.0,807.5032832247517,0
35.0,2.0,16.0,189.0,13637.0,6766.0,6871.0,2375.1670869999966,2375.1670869999966,0.0,35104.46295422166,link,0.0,0.0,0.0,0.0,0.0,0.0,498.5678808345428,0.0,498.5678808345428,802.7822502963611,304.2143694618183,498.5678808345428,0
36.0,2.0,15.0,190.0,63592.0,31158.0,32434.0,1263.5151210000006,0.0,1263.5151210000006,0.0,link,0.0,0.0,0.0,0.0,0.0,0.0,1742.19100363619,371.98790428793876,1370.2030993482513,1904.0235997277714,371.98790428793876,1532.0356954398326,0
36.0,0.0,121.0,191.0,31158.0,31158.0,0.0,1862.7498720000008,1862.7498720000008,0.0,5978.406282256154,ra,13.0,13.0,0.0,610.5712363310388,610.5712363310388,0.0,371.98790428793876,371.98790428793876,0.0,-9.012892875919298e-14,-9.012892875919298e-14,0.0,1
36.0,1.0,122.0,192.0,32434.0,0.0,32434.0,2232.9998150000006,0.0,2232.9998150000006,6884.764105769136,ra,0.0,0.0,-0.0,0.0,0.0,0.0,1084.197691793282,0.0,1084.197691793282,1370.2030993482513,0.0,1370.2030993482513,0
36.0,2.0,17.0,193.0,63592.0,31158.0,32434.0,1496.2071600000006,1496.2071600000006,0.0,10780.414990255447,link,0.0,0.0,0.0,0.0,0.0,0.0,1084.197691793282,-9.012892875919298e-14,1084.197691793282,1275.8337751050321,191.63608331174999,1084.197691793282,0
37.0,2.0,16.0,194.0,61280.64411621449,31014.17446373309,30266.469652481403,3075.322007033439,0.0,3075.322007033439,0.0,link,0.0,0.0,0.0,0.0,0.0,0.0,1687.508796760662,729.5978496425981,957.910947118064,2081.3998835740135,729.5978496425981,1351.8020339314155,0
37.0,0.0,117.0,195.0,31188.918197802075,31188.918197802075,0.0,476.2646699717726,476.2646699717726,0.0,1531.6015518302704,ra,0.0,-0.0,0.0,0.0,0.0,0.0,729.5978496425981,729.5978496425981,0.0,790.5984239034202,790.5984239034202,0.0,0
37.0,2.0,18.0,196.0,64809.52507699492,32882.29003408458,31927.235042910343,2677.0230036732487,2677.0230036732487,0.0,9891.283544490125,link,0.0,0.0,0.0,0.0,0.0,0.0,1748.5093710214842,790.5984239034202,957.910947118064,2091.3858236107085,1133.4748764926444,957.910947118064,0
38.0,2.0,17.0,197.0,73980.90840881804,36437.73642199968,37543.17198681836,8581.895963178365,0.0,8581.895963178365,0.0,link,0.0,0.0,0.0,0.0,0.0,0.0,464.22639717638674,446.12554229760957,18.1008548787772,1563.4063595102257,446.12554229760957,1117.280817212616,0
38.0,1.0,118.0,198.0,38288.38488121995,0.0,38288.38488121995,3563.200636081027,0.0,3563.200636081027,5385.572941871728,ra,17.0,0.0,17.0,849.9999999999983,0.0,849.9999999999983,411.7216634087224,0.0,411.7216634087224,18.1008548787772,0.0,18.1008548787772,1
38.0,0.0,119.0,199.0,38355.566312925184,38355.566312925184,0.0,2619.00122524035,2619.00122524035,0.0,7097.786060466791,ra,0.0,-0.0,0.0,0.0,0.0,0.0,446.12554229760957,446.12554229760957,0.0,781.5704929779251,781.5704929779251,0.0,0
38.0,1.0,123.0,200.0,41712.9401712972,0.0,41712.9401712972,2031.1114551113544,0.0,2031.1114551113544,14257.714169889843,ra,0.0,0.0,-0.0,0.0,0.0,0.0,151.57436934874133,0.0,151.57436934874133,411.7216634087224,0.0,411.7216634087224,0
38.0,0.0,124.0,201.0,40728.86630783911,40728.86630783911,0.0,2848.889850605756,2848.889850605756,0.0,14300.505499646226,ra,3.0,3.0,0.0,150.0,150.0,0.0,781.5704929779251,781.5704929779251,0.0,996.4598661558236,996.4598661558236,0.0,1
38.0,2.0,22.0,202.0,105896.44285789959,51540.438437961006,54356.004419938574,8230.021979980831,8230.021979980831,0.0,31585.43416751235,link,0.0,0.0,0.0,0.0,0.0,0.0,1148.034235504565,996.4598661558236,151.57436934874133,2202.1457382279846,2050.5713688792434,151.57436934874133,0
39.0,2.0,17.0,203.0,25562.278853813234,12328.30028963884,13233.978564174393,1988.332963522788,0.0,1988.332963522788,0.0,link,0.0,0.0,0.0,0.0,0.0,0.0,669.0970862457599,351.1794620317187,317.9176242140412,923.765257629963,351.1794620317187,572.5857955982443,0
39.0,2.0,24.0,204.0,21529.452943652228,10591.584479212725,10937.868464439502,1897.3687907956744,1897.3687907956744,0.0,17071.72988124704,link,0.0,0.0,0.0,0.0,0.0,0.0,669.0970862457599,351.1794620317187,317.9176242140412,912.1144526818583,594.1968284678171,317.9176242140412,0
40.0,2.0,18.0,205.0,25932.838407847834,12821.14586322636,13111.692544621475,1674.795944952231,0.0,1674.795944952231,0.0,link,0.0,0.0,0.0,0.0,0.0,0.0,852.7611748715943,616.0466747044688,236.71450016712546,1067.271132996007,616.0466747044688,451.2244582915383,0
40.0,2.0,26.0,206.0,22387.89451536771,11334.707010656924,11053.187504710784,1671.626697283136,1671.626697283136,0.0,13785.599210644326,link,0.0,0.0,0.0,0.0,0.0,0.0,852.7611748715943,616.0466747044688,236.71450016712546,1066.8652117929898,830.1507116258645,236.71450016712546,0
41.0,2.0,18.0,207.0,65100.064380541284,32409.67765592153,32690.38672461976,8031.948343872269,0.0,8031.948343872269,0.0,link,0.0,0.0,0.0,0.0,0.0,0.0,1039.48369678024,1039.48369678024,-2.6413296117942907e-14,2068.22568059883,1039.48369678024,1028.7419838185901,0
41.0,1.0,126.0,208.0,33015.8306660751,0.0,33015.8306660751,515.7447983857179,0.0,515.7447983857179,1570.6218936678245,ra,22.0,0.0,22.0,1097.394852409965,0.0,1097.394852409965,1031.3376139517245,0.0,1031.3376139517245,-2.6413296117942907e-14,0.0,-2.6413296117942907e-14,1
41.0,0.0,125.0,209.0,32828.808927873586,32828.808927873586,0.0,517.979810454405,517.979810454405,0.0,1588.999800427482,ra,23.0,23.0,0.0,1105.8271983780035,1105.8271983780035,0.0,1039.48369678024,1039.48369678024,0.0,0.0,0.0,0.0,1
41.0,2.0,25.0,210.0,107717.84336110209,52411.86349298975,55305.979868112336,8019.395375229603,8019.395375229603,0.0,19664.682517120145,link,0.0,0.0,0.0,0.0,0.0,0.0,1031.3376139517245,0.0,1031.3376139517245,2058.471797855351,1027.1341839036265,1031.3376139517245,0
42.0,2.0,0.0,211.0,64323.0,34358.0,29965.000000000004,292.1437675,0.0,292.1437675,0.0,link,0.0,0.0,0.0,0.0,0.0,0.0,761.8887716958155,0.0,761.8887716958155,799.3069106169249,0.0,799.3069106169249,0
42.0,2.0,21.0,212.0,64323.0,34358.0,29965.0,334.9733210000001,334.9733210000001,0.0,974.9930872178356,link,0.0,0.0,0.0,0.0,0.0,0.0,761.8887716958155,0.0,761.8887716958155,804.7925733661468,42.90380167033126,761.8887716958155,0
43.0,2.0,20.0,213.0,150198.49863614666,75767.44894346851,74431.04969267815,256.5387159589935,0.0,256.5387159589935,0.0,link,0.0,0.0,0.0,0.0,0.0,0.0,1323.768367443412,1323.7683674434118,1.1368683772161603e-13,1356.6261668568347,1323.7683674434118,32.85779941342295,0
43.0,2.0,127.0,214.0,143910.62075712613,71622.8655725805,72287.75518454562,14695.550707760216,7361.674053195678,7333.876654564538,10005.69209126666,ra,104.0,104.0,0.0,5200.000000000002,2249.9510369049526,2950.048963095049,3334.4852412760165,1323.7683674434118,2010.716873832605,16.70974536432828,16.709745364328167,1.1368683772161603e-13,1
43.0,2.0,22.0,215.0,143835.3128743358,71573.22723597237,72262.08563836341,254.1351114407348,254.1351114407348,0.0,10360.675542503666,link,0.0,0.0,0.0,0.0,0.0,0.0,2027.4266191969332,16.709745364328167,2010.716873832605,2059.976561939152,49.259688106546776,2010.716873832605,0
44.0,2.0,20.0,216.0,153959.0,74263.0,79696.0,3498.654400000002,0.0,3498.654400000002,0.0,link,0.0,0.0,0.0,0.0,0.0,0.0,1504.677949490532,234.2301455538377,1270.4478039366943,1952.7899783605324,234.2301455538377,1718.5598328066947,0
44.0,2.0,21.0,217.0,153959.0,74263.0,79696.0,3260.145700000001,3260.145700000001,0.0,4390.047146032249,link,0.0,0.0,0.0,0.0,0.0,0.0,1504.677949490532,234.2301455538377,1270.4478039366943,1922.241485928657,651.7936819919628,1270.4478039366943,0
45.0,2.0,20.0,218.0,62196.76002530598,32348.66402655705,29848.09599874893,1778.4316575225057,0.0,1778.4316575225057,0.0,link,0.0,0.0,0.0,0.0,0.0,0.0,347.69959637430026,347.69959637430026,0.0,575.4833461093547,347.69959637430026,227.7837497350544,0
45.0,2.0,129.0,219.0,59803.760630072626,31496.773292559403,28306.987337513223,6019.401556958648,3144.575633708264,2874.8259232503847,9849.378972750012,ra,28.0,28.0,0.0,1399.9999999972663,527.9349135058294,872.0650864914369,851.553385083424,347.69959637430026,503.85378870912376,222.52586075336737,222.52586075336737,0.0,1
45.0,2.0,27.0,220.0,59265.836631097605,31619.71560399585,27646.121027101755,2008.7677610146968,2008.7677610146968,0.0,16227.553730454052,link,0.0,0.0,0.0,0.0,0.0,0.0,726.3796494624911,222.52586075336737,503.85378870912376,983.6651352529548,479.81134654383095,503.85378870912376,0
46.0,2.0,21.0,221.0,122056.36331156333,58092.14471186193,63964.2185997014,6279.260644728073,0.0,6279.260644728073,0.0,link,0.0,0.0,0.0,0.0,0.0,0.0,1429.5495511242927,448.08300580332707,981.4665453209657,2233.8051035768704,448.08300580332707,1785.7220977735435,0
46.0,2.0,23.0,222.0,131872.70614633957,62497.919354533005,69374.78679180656,5678.044393759095,5678.044393759095,0.0,9404.55520736285,link,0.0,0.0,0.0,0.0,0.0,0.0,1429.5495511242927,448.08300580332707,981.4665453209657,2156.8005746324498,1175.3340293114843,981.4665453209657,0
47.0,2.0,22.0,223.0,38579.295537849815,18952.69215084102,19626.6033870088,1763.219166427337,0.0,1763.219166427337,0.0,link,0.0,0.0,0.0,0.0,0.0,0.0,639.5121470556503,401.44363786003277,238.06850919561748,865.3474619156216,401.44363786003277,463.90382405558887,0
47.0,2.0,128.0,224.0,35162.62482989687,17399.45971996509,17763.16510993178,7435.637995433931,3663.3854298437486,3772.2525655901823,19815.112780906624,ra,32.0,32.0,0.0,1599.9999999999995,870.6546229462074,729.3453770537923,885.702700192945,401.44363786003277,484.2590623329122,238.0685091956175,2.564249998285723e-14,238.06850919561748,1
47.0,2.0,28.0,225.0,35062.11998304022,16961.141448801816,18100.9785342384,1675.651535543216,1675.651535543216,0.0,29618.33132225415,link,0.0,0.0,0.0,0.0,0.0,0.0,484.2590623329122,2.564249998285723e-14,484.2590623329122,698.8786055697068,214.61954323679456,484.2590623329122,0
48.0,2.0,24.0,226.0,16009.999934388854,7856.999966820751,8152.999967568103,2252.387938481718,0.0,2252.387938481718,0.0,link,0.0,0.0,0.0,0.0,0.0,0.0,356.07182675915493,356.07182675915493,0.0,644.5604894048164,356.07182675915493,288.48866264566146,0
48.0,2.0,0.0,227.0,10228.9496360124,5180.369177535584,5048.580458476815,2203.4039084147803,2203.4039084147803,0.0,34790.83034290512,link,0.0,0.0,0.0,0.0,0.0,0.0,356.07182675915493,356.07182675915493,0.0,638.2865536038055,638.2865536038055,0.0,0
50.0,2.0,23.0,230.0,167288.29083468003,89420.76920845687,77867.52162622314,2077.529087866036,0.0,2077.529087866036,0.0,link,0.0,0.0,0.0,0.0,0.0,0.0,2062.6680260633684,1275.282046036744,787.3859800266241,2328.76054854861,1275.282046036744,1053.4785025118658,0
50.0,2.0,25.0,231.0,167733.1420677742,89424.56834914754,78308.57371862668,2379.090073396836,2379.090073396836,0.0,2660.513408818963,link,0.0,0.0,0.0,0.0,0.0,0.0,2062.6680260633684,1275.282046036744,787.3859800266241,2367.3848565266267,1579.9988765000026,787.3859800266241,0
51.0,2.0,23.0,232.0,68004.42841151668,33685.47219088722,34318.956220629465,2606.4986391770226,0.0,2606.4986391770226,0.0,link,0.0,0.0,0.0,0.0,0.0,0.0,1025.9675924863961,665.9375683905641,360.03002409583206,1359.8111963154881,665.9375683905641,693.873627924924,0
51.0,0.0,130.0,233.0,33100.995903315394,33100.995903315394,0.0,783.1629546866914,783.1629546866914,0.0,2344.9972799662905,ra,3.0,3.0,0.0,150.00000000000014,150.00000000000014,0.0,665.9375683905641,665.9375683905641,0.0,616.2460585805288,616.2460585805288,0.0,1
51.0,2.0,27.0,234.0,64426.23565632764,31754.48892503164,32671.746731296,1762.794004348873,1762.794004348873,0.0,7784.588682143257,link,0.0,0.0,0.0,0.0,0.0,0.0,976.2760826755487,616.2460585805288,360.0300240950198,1202.05694224587,842.0269181500379,360.03002409583206,0
53.0,2.0,24.0,237.0,26623.0,13216.0,13407.000000000002,1301.209681500001,0.0,1301.209681500001,0.0,link,0.0,0.0,0.0,0.0,0.0,0.0,685.646498781125,530.5015507200147,155.1449480611103,852.307061299747,530.5015507200147,321.8055105797323,0
53.0,2.0,28.0,238.0,26623.0,13216.0,13407.0,1282.6722719999998,1282.6722719999998,0.0,9705.486491353968,link,0.0,0.0,0.0,0.0,0.0,0.0,685.646498781125,530.5015507200147,155.1449480611103,849.9327667192249,694.7878186581146,155.1449480611103,0
54.0,2.0,25.0,239.0,63790.74308365228,33602.55553767664,30188.187545975637,914.669079332492,0.0,914.669079332492,0.0,link,0.0,0.0,0.0,0.0,0.0,0.0,905.5614254425351,905.5614254425351,0.0,1022.7133844597898,905.5614254425351,117.15195901725471,0
54.0,2.0,131.0,240.0,33762.441558617626,17029.212737248363,16733.228821369263,7185.418002340216,3714.280971775646,3471.13703056457,14118.05957838652,ra,39.0,0.0,39.0,1949.9999999963425,827.7188911692357,1122.281108827107,1583.254964473644,905.5614254425351,677.6935390311088,553.5722839895387,553.5722839895387,0.0,1
54.0,2.0,26.0,241.0,32484.774457444895,16371.354345937669,16113.420111507226,929.5714925260236,929.5714925260236,0.0,19751.672738570145,link,0.0,0.0,0.0,0.0,0.0,0.0,1231.2658230206475,553.5722839895387,677.6935390311088,1350.3265017477463,672.6329627166375,677.6935390311088,0
55.0,2.0,26.0,242.0,35611.19993600926,17306.49996896785,18304.699967041404,3651.9540270608895,0.0,3651.9540270608895,0.0,link,0.0,0.0,0.0,0.0,0.0,0.0,1056.1224718727603,1056.1224718727603,0.0,1523.869308601253,1056.1224718727603,467.74683672849255,0
55.0,2.0,132.0,243.0,34335.6700861098,16687.900230609903,17647.769855499897,3806.716178738113,1850.014875297545,1956.701303440568,10714.232916978135,ra,31.0,0.0,31.0,1543.6914384407617,1293.0746896194644,250.61674882129725,1056.1224718727603,1056.1224718727603,0.0,0.0,0.0,0.0,1
55.0,2.0,0.0,244.0,9015.000278806967,4116.000142012323,4899.000136794644,3382.273931804988,3382.273931804988,0.0,47911.36687265736,link,0.0,0.0,0.0,0.0,0.0,0.0,0.0,0.0,0.0,433.20587302799754,433.20587302799754,0.0,0
56.0,2.0,27.0,245.0,67553.51728478492,34432.267085202984,33121.25019958193,2367.0237097169543,0.0,2367.0237097169543,0.0,link,0.0,0.0,0.0,0.0,0.0,0.0,761.1258074099101,761.1258074099101,0.0,1064.2971629300946,761.1258074099101,303.17135552018465,0
56.0,1.0,134.0,246.0,28345.05378073905,0.0,28345.05378073905,1429.461201904893,0.0,1429.461201904893,14670.942506693847,ra,4.0,0.0,4.0,183.08717756648105,0.0,183.08717756648105,0.0,0.0,0.0,0.0,0.0,0.0,1
56.0,0.0,133.0,247.0,28758.648000424007,28758.648000424007,0.0,4635.222356187495,4635.222356187495,0.0,14715.488271793003,ra,0.0,-0.0,0.0,4.801613329163956e-09,4.801613329163956e-09,0.0,761.1258074099101,761.1258074099101,0.0,1354.810880814404,1354.810880814404,0.0,0
56.0,2.0,135.0,248.0,47006.10408228616,24072.8864014428,22933.21768084336,5972.3380643838445,1468.7067383505575,4503.631326033287,20490.182643268578,ra,45.0,0.0,45.0,2219.187475630086,1183.3125817684186,1035.874893861667,1813.8550448985702,1354.810880814404,459.04416408416625,359.6120939773481,359.6120939773481,0.0,1
56.0,2.0,29.0,249.0,45237.32656378552,23422.054813020965,21815.27175076456,2510.3156903599324,2510.3156903599324,0.0,31051.51115001564,link,0.0,0.0,0.0,0.0,0.0,0.0,818.6562580615143,359.6120939773481,459.04416408416625,1140.1806295774277,681.1364654932613,459.04416408416625,0
57.0,2.0,28.0,250.0,21608.0,10785.0,10823.000000000002,664.3049169999997,0.0,664.3049169999997,0.0,link,0.0,0.0,0.0,0.0,0.0,0.0,355.08835565139293,355.08835565139293,0.0,440.17335980189915,355.08835565139293,85.08500415050621,0
57.0,2.0,0.0,251.0,21608.0,10785.000000000002,10823.0,661.972515,661.972515,0.0,6137.906286244384,link,0.0,0.0,0.0,0.0,0.0,0.0,355.08835565139293,355.08835565139293,0.0,439.87462283823663,439.87462283823663,0.0,0
59.0,2.0,29.0,254.0,41763.642422810655,21836.31144790283,19927.330974907825,64.19229876066692,0.0,64.19229876066692,0.0,link,0.0,0.0,0.0,0.0,0.0,0.0,1084.3594322794074,601.627472976015,482.7319593033923,1092.581262145047,601.627472976015,490.95378916903195,0
59.0,0.0,137.0,255.0,11226.947197214342,11226.947197214342,0.0,4281.442654724177,4281.442654724177,0.0,25939.716113189967,ra,23.0,23.0,0.0,1149.9999999964061,1149.9999999964061,0.0,601.627472976015,601.627472976015,0.0,0.0,0.0,0.0,1
59.0,1.0,138.0,256.0,8142.41876965786,0.0,8142.41876965786,3768.951031500648,0.0,3768.951031500648,26235.491957639333,ra,0.0,0.0,-0.0,0.0,0.0,0.0,0.0,0.0,0.0,482.7319593033923,0.0,482.7319593033923,0
59.0,2.0,0.0,257.0,19030.167720862108,11064.89566740363,7965.272053458477,121.79539004601152,121.79539004601152,0.0,27032.750454879864,link,0.0,0.0,0.0,0.0,0.0,0.0,0.0,0.0,0.0,15.59970580133071,15.59970580133071,0.0,0
60.0,2.0,29.0,258.0,15204.999638753205,7325.999839362642,7878.999799390564,589.7618799510744,0.0,589.7618799510744,0.0,link,0.0,0.0,0.0,0.0,0.0,0.0,402.1145239772108,294.535290182903,107.57923379430781,477.65196276490065,294.5352901841093,183.11667258079137,0
60.0,2.0,136.0,259.0,13825.298552554461,6712.4814864233695,7112.817066131092,1621.7030872016057,781.773481624616,839.9296055769897,10738.631570167296,ra,8.0,8.0,0.0,394.66581492744206,394.66581492744206,0.0,294.5352901841093,294.5352901841093,0.0,107.57923379430781,0.0,107.57923379430781,1
60.0,2.0,0.0,260.0,9900.001134069504,4967.000504292169,4933.000629777334,588.1442988228391,588.1442988228391,0.0,22135.2935483001,link,0.0,0.0,0.0,0.0,0.0,0.0,0.0,0.0,0.0,75.33025697360276,75.33025697360276,0.0,0
