Time of calculation: 20220215-192330; value of objective: 82320000.0;  acc=2400;  cfix=40000;  cvar=127000;  eta=0.33;  mu=0.24;  i=
segment_id,dir,type_ID,POI_ID,traffic_flow,traffic_flow_0,traffic_flow_1,energy_demand,energy_demand_0,energy_demand_1,dist_along_segment,pois_type,pYi_dir,pYi_dir_0,pYi_dir_1,pE_charged,pE_charged_0,pE_charged_1,pE_input,pE_input_0,pE_input_1,pE_output,pE_output_0,pE_output_1,pXi
0.0,2.0,0.0,0.0,26540.636112053,13243.0239038645,13297.6122081885,4423.92123143818,0.0,4423.92123143818,0.0,link,0.0,0.0,0.0,0.0,0.0,0.0,0.0,0.0,0.0,696.264,0.0,696.264,0
0.0,2.0,1.0,1.0,26594.7769799282,13269.4415749127,13325.3354050155,810.003976920776,31.774775427221,778.229201493555,239.715824101164,ra,2.0,0.0,2.0,331.6,0.0,331.6,209.117,0.0,209.117,5.001,5.001,0.0,1
0.0,2.0,0.0,2.0,45891.0713847726,24132.5354848012,21758.5358999714,10453.07839190074,5371.86342144895,5081.21497045179,24427.462160298,ra,10.0,0.0,10.0,1658.0,0.0,1658.0,1072.4049999999997,5.001,1067.4039999999998,1059.575,850.458,209.117,1
0.0,1.0,2.0,3.0,5594.60627343411,0.0,5594.60627343411,2065.98540498995,0.0,2065.98540498995,68504.6013106114,ra,11.0,0.0,11.0,1823.8000000000002,0.0,1823.8000000000002,2566.0460000000003,0.0,2566.0460000000003,1067.4039999999998,0.0,1067.4039999999998,1
0.0,0.0,3.0,4.0,4553.08388931748,4553.08388931748,0.0,7187.4483251383,7187.4483251383,0.0,79329.1374904099,ra,4.0,4.0,0.0,663.2,663.2,0.0,850.458,850.458,0.0,1318.4629999999997,1318.4629999999997,0.0,1
0.0,2.0,4.0,5.0,7895.539602766939,4645.32330643337,3250.21629633357,2342.9750495919798,1038.66179081139,1304.31325878059,104473.71241617,ra,1.0,0.0,1.0,165.80000000000004,165.80000000000004,0.0,3679.228,1318.4629999999997,2360.7650000000003,3882.1800000000003,1316.134,2566.0460000000003,1
0.0,2.0,5.0,6.0,19815.36822147166,9562.72950758806,10252.6387138836,7959.02626511719,2076.95503589247,5882.07122922472,133409.21035476,ra,0.0,0.0,-0.0,0.0,0.0,0.0,2751.1420000000003,1316.134,1435.0080000000003,4003.7830000000004,1643.018,2360.7650000000003,0
0.0,2.0,6.0,7.0,38420.413170467305,19234.6634945469,19185.7496759204,10291.73164091456,4957.10120865155,5334.63043226301,173065.413799776,ra,18.0,18.0,0.0,2972.1499999999996,2093.642,878.5079999999996,3116.9369999999994,1643.018,1473.9189999999994,1764.5640000000003,329.556,1435.0080000000003,1
0.0,1.0,7.0,8.0,21229.4573799075,0.0,21229.4573799075,31.9071906889248,0.0,31.9071906889248,176940.22069629,ra,0.0,0.0,-0.0,0.0,0.0,0.0,1468.8969999999995,0.0,1468.8969999999995,1473.9189999999994,0.0,1473.9189999999994,0
0.0,2.0,0.0,9.0,50605.7308716768,25638.9023938735,24966.8284778033,5210.17855174236,5210.17855174236,0.0,194059.964946131,link,0.0,0.0,0.0,0.0,0.0,0.0,1798.4529999999995,329.556,1468.8969999999995,2618.4629999999997,1149.566,1468.8969999999995,0
1.0,2.0,0.0,10.0,41635.2696746832,21021.6267553003,20613.6429193829,39.7761865009555,0.0,39.7761865009555,0.0,link,0.0,0.0,0.0,0.0,0.0,0.0,2250.1861428571424,1710.2415714285712,539.9445714285711,2256.446142857142,1710.2415714285712,546.2045714285711,0
1.0,2.0,8.0,11.0,39859.9435983602,20128.7100274165,19731.2335709437,2276.328443367862,1715.72731424055,560.601129127312,8218.21591932416,ra,13.0,0.0,13.0,2155.4,1883.4465714285711,271.95342857142896,2433.908571428571,1710.2415714285712,723.6669999999999,636.7715714285711,96.82700000000003,539.9445714285711,1
1.0,0.0,9.0,12.0,15021.9786197919,15021.9786197919,0.0,1426.84265640488,1426.84265640488,0.0,16747.0640478161,ra,0.0,-0.0,0.0,0.0,0.0,0.0,96.82700000000003,96.82700000000003,0.0,321.392,321.392,0.0,0
1.0,2.0,10.0,13.0,29629.2702066633,14994.1517039878,14635.1185026755,191.32891529796441,24.7111120586864,166.617803239278,16911.7407621753,ra,0.0,0.0,-0.0,0.0,0.0,0.0,1018.836,321.392,697.444,1048.9479999999999,325.281,723.6669999999999,0
1.0,2.0,14.0,14.0,23126.816645439998,11846.3351177034,11280.4815277366,2715.58896866506,1386.75954291372,1328.82942575134,27721.2649615329,ra,0.0,0.0,-0.0,0.0,0.0,0.0,813.586,325.281,488.30499999999995,1240.982,543.538,697.444,0
1.0,1.0,13.0,15.0,11337.2619320883,0.0,11337.2619320883,1420.24853693026,0.0,1420.24853693026,29194.6309655969,ra,0.0,0.0,-0.0,0.0,0.0,0.0,264.777,0.0,264.777,488.30499999999995,0.0,488.30499999999995,0
1.0,0.0,12.0,16.0,11885.5265358471,11885.5265358471,0.0,208.504810997731,208.504810997731,0.0,29478.4736802298,ra,0.0,-0.0,0.0,0.0,0.0,0.0,543.538,543.538,0.0,576.354,576.354,0.0,0
1.0,0.0,15.0,17.0,11960.1701828351,11960.1701828351,0.0,465.471180470787,465.471180470787,0.0,33381.7233696118,ra,0.0,-0.0,0.0,0.0,0.0,0.0,576.354,576.354,0.0,649.613,649.613,0.0,0
1.0,2.0,16.0,18.0,23460.935326572,11970.3853891252,11490.5499374468,1768.668281716874,86.3301716488441,1682.33811006803,34103.2604930604,ra,4.0,4.0,0.0,663.2,663.2,0.0,649.613,649.613,0.0,264.777,0.0,264.777,1
1.0,2.0,0.0,19.0,23472.9532848191,11974.8809399587,11498.0723448604,41.4313703808343,41.4313703808343,0.0,34449.3464575004,link,0.0,0.0,0.0,0.0,0.0,0.0,0.0,0.0,0.0,6.521,6.521,0.0,0
2.0,2.0,0.0,20.0,68929.1689525749,33758.8137930879,35170.355159487,2037.30449092795,0.0,2037.30449092795,0.0,link,0.0,0.0,0.0,0.0,0.0,0.0,3197.648685714285,1017.4623428571425,2180.1863428571423,3518.292685714285,1017.4623428571425,2500.8303428571426,0
2.0,1.0,11.0,21.0,34398.2821383792,0.0,34398.2821383792,0.177994253383828,0.0,0.177994253383828,2598.41164546074,ra,0.0,0.0,-0.0,0.0,0.0,0.0,2180.1583428571425,0.0,2180.1583428571425,2180.1863428571423,0.0,2180.1863428571423,0
2.0,0.0,17.0,22.0,24285.974119979,24285.974119979,0.0,5629.75346622784,5629.75346622784,0.0,19826.0309188716,ra,0.0,-0.0,0.0,0.0,0.0,0.0,1017.4623428571425,1017.4623428571425,0.0,1903.508342857143,1903.508342857143,0.0,0
2.0,1.0,18.0,23.0,24186.0911430872,0.0,24186.0911430872,4128.06929715106,0.0,4128.06929715106,19924.5544753991,ra,0.0,0.0,-0.0,0.0,0.0,0.0,1530.4573428571425,0.0,1530.4573428571425,2180.1583428571425,0.0,2180.1583428571425,0
2.0,0.0,19.0,24.0,24395.8043620461,24395.8043620461,0.0,1107.94961707917,1107.94961707917,0.0,24376.283905319,ra,0.0,-0.0,0.0,0.0,0.0,0.0,1903.508342857143,1903.508342857143,0.0,2077.8843428571427,2077.8843428571427,0.0,0
2.0,0.0,20.0,25.0,18382.7449604955,18382.7449604955,0.0,3193.59583085962,3193.59583085962,0.0,38424.0480859037,ra,0.0,-0.0,0.0,0.0,0.0,0.0,2077.8843428571427,2077.8843428571427,0.0,2580.5123428571424,2580.5123428571424,0.0,0
2.0,1.0,21.0,26.0,18491.6133654888,0.0,18491.6133654888,4453.99249618843,0.0,4453.99249618843,38987.6806255175,ra,0.0,0.0,-0.0,0.0,0.0,0.0,829.4603428571426,0.0,829.4603428571426,1530.4573428571425,0.0,1530.4573428571425,0
2.0,2.0,22.0,27.0,37060.499514109295,18323.8494067353,18736.650107374,9037.685965220891,4162.99183164668,4874.69413357421,60686.5331745626,ra,4.0,4.0,0.0,663.1999999999997,663.1999999999997,0.0,2642.762685714285,2580.5123428571424,62.250342857142556,3401.9706857142855,2572.510342857143,829.4603428571426,1
2.0,2.0,23.0,28.0,37058.9029265594,18323.1127403572,18735.7901862022,905.670862196634,0.17407320896991,905.496788987664,60687.5223097686,ra,16.0,0.0,16.0,2652.8,2572.537342857143,80.26265714285745,2572.510342857143,2572.510342857143,0.0,62.250342857142556,0.0,62.250342857142556,1
2.0,2.0,0.0,29.0,23931.6001633626,12393.9415716933,11537.6585916693,2066.87595360883,2066.87595360883,0.0,74788.4585560346,link,0.0,0.0,0.0,0.0,0.0,0.0,0.0,0.0,0.0,325.298,325.298,0.0,0
3.0,2.0,0.0,30.0,27844.0,14880.0,12964.0,276.638796,0.0,276.638796,0.0,link,0.0,0.0,0.0,0.0,0.0,0.0,0.0,0.0,0.0,43.539,0.0,43.539,0
3.0,0.0,24.0,31.0,14880.0,14880.0,0.0,43.31568,43.31568,0.0,291.139117483826,ra,0.0,-0.0,0.0,0.0,0.0,0.0,0.0,0.0,0.0,6.817,6.817,0.0,0
3.0,1.0,25.0,32.0,12964.0,0.0,12964.0,50.78647,0.0,50.78647,391.789662717657,ra,10.0,0.0,10.0,1657.9999999999998,0.0,1657.9999999999998,1650.0069999999998,0.0,1650.0069999999998,0.0,0.0,0.0,1
3.0,2.0,1.0,33.0,27844.0,14880.0,12964.0,332.50104,332.50104,0.0,2525.71464164925,link,0.0,0.0,0.0,0.0,0.0,0.0,1656.8239999999998,6.817,1650.0069999999998,1709.1549999999997,59.148,1650.0069999999998,0
4.0,2.0,1.0,34.0,59761.3086274698,30037.3419745759,29723.9666528939,2541.48042300009,0.0,2541.48042300009,0.0,link,0.0,0.0,0.0,0.0,0.0,0.0,3209.5859999999993,3178.8024,30.78359999999948,3609.5799999999995,3178.8024,430.7775999999995,0
4.0,1.0,29.0,35.0,19741.1962074672,0.0,19741.1962074672,941.130780889781,0.0,941.130780889781,27421.918402147,ra,17.0,0.0,17.0,2818.6000000000004,0.0,2818.6000000000004,2701.2626,0.0,2701.2626,30.78359999999948,0.0,30.78359999999948,1
4.0,0.0,28.0,36.0,20188.7740020659,20188.7740020659,0.0,6913.40781708113,6913.40781708113,0.0,27456.2755376563,ra,0.0,-0.0,0.0,0.0,0.0,0.0,3178.8024,3178.8024,0.0,4266.877400000001,4266.877400000001,0.0,0
4.0,2.0,31.0,37.0,24242.04672144007,16011.0814154375,8230.96530600257,10336.618270691579,5459.80728965386,4876.81098103772,57952.4364496481,ra,0.0,0.0,-0.0,0.0,0.0,0.0,6200.597000000001,4266.877400000001,1933.7195999999994,7827.439,5126.1764,2701.2626,0
4.0,2.0,30.0,38.0,24222.43641462717,16010.6884723873,8211.74794223987,2097.1816748164297,3.69851459408978,2093.48316022234,57975.5602403068,ra,22.0,0.0,22.0,3647.600000000001,3647.600000000001,0.0,6730.411,5126.1764,1604.2345999999995,3412.8779999999997,1479.1584,1933.7195999999994,1
4.0,2.0,35.0,39.0,21337.9057816767,10925.6060783794,10412.2997032973,4724.82145770061,2596.38509090262,2128.43636679799,78476.4553474238,ra,0.0,0.0,-0.0,0.0,0.0,0.0,2748.4059999999995,1479.1584,1269.2475999999995,3492.0279999999993,1887.7934,1604.2345999999995,0
4.0,0.0,40.0,40.0,10876.9999980846,10876.9999980846,0.0,1976.66074396654,1976.66074396654,0.0,96645.2667353262,ra,0.0,-0.0,0.0,0.0,0.0,0.0,1887.7934,1887.7934,0.0,2198.8924,2198.8924,0.0,0
4.0,1.0,41.0,41.0,10239.998724531,0.0,10239.998724531,1817.26058482465,0.0,1817.26058482465,99246.7072366671,ra,0.0,0.0,-0.0,0.0,0.0,0.0,983.2355999999997,0.0,983.2355999999997,1269.2475999999995,0.0,1269.2475999999995,0
4.0,2.0,42.0,42.0,15349.44862342799,7293.1561007636,8056.29252266439,2244.8438549829193,2242.94471998322,1.89913499969935,124531.184689634,ra,17.0,17.0,0.0,2818.6000000000004,1474.9533285714285,1343.6466714285718,4525.475671428571,2198.8924,2326.583271428571,2060.183671428571,1076.9480714285714,983.2355999999997,1
4.0,2.0,45.0,43.0,29499.9997821141,14928.9998128104,14570.9999693037,9965.39545782924,4949.37419030477,5016.02126752447,160563.715389321,ra,0.0,0.0,-0.0,0.0,0.0,0.0,2614.078342857143,1076.9480714285714,1537.1302714285716,4182.494342857142,1855.9110714285714,2326.583271428571,0
4.0,2.0,49.0,44.0,29501.2496709625,14929.6109247903,14571.6387461722,7771.39511709413,964.25344768502,6807.14166940911,167022.616706975,ra,0.0,-0.0,0.0,0.0,0.0,0.0,2321.691342857143,1855.9110714285714,465.7802714285715,3544.801342857143,2007.6710714285714,1537.1302714285716,0
4.0,2.0,2.0,45.0,37135.979248738106,18661.9898553614,18473.9893933767,2580.11657231137,2580.11657231137,0.0,182066.45484822,link,0.0,0.0,0.0,0.0,0.0,0.0,2473.4513428571427,2007.6710714285714,465.7802714285715,2879.5263428571425,2413.746071428571,465.7802714285715,0
5.0,2.0,1.0,46.0,68793.7826224039,33913.4453688065,34880.3372535974,3843.82209257494,0.0,3843.82209257494,0.0,link,0.0,0.0,0.0,0.0,0.0,0.0,4396.15544,331.1183199999996,4065.037120000001,5001.12044,331.1183199999996,4670.00212,0
5.0,1.0,26.0,47.0,36003.5240013336,0.0,36003.5240013336,3895.94746693039,0.0,3895.94746693039,10624.4240384357,ra,0.0,0.0,-0.0,0.0,0.0,0.0,3451.868120000001,0.0,3451.868120000001,4065.037120000001,0.0,4065.037120000001,0
5.0,0.0,27.0,48.0,32653.8009159093,32653.8009159093,0.0,4178.14177110393,4178.14177110393,0.0,12028.5386871855,ra,0.0,-0.0,0.0,0.0,0.0,0.0,331.1183199999996,331.1183199999996,0.0,988.7003199999995,988.7003199999995,0.0,0
5.0,2.0,32.0,49.0,33127.6679782642,16315.8916479239,16811.7763303403,9152.20454584315,5870.83645283758,3281.36809300557,39273.393575652,ra,11.0,11.0,0.0,1823.8000000000002,1162.7956272451204,661.0043727548798,4585.130812754881,988.7003199999995,3596.4304927548815,4201.76181275488,749.8936927548791,3451.868120000001,1
5.0,1.0,36.0,50.0,15728.3542233459,0.0,15728.3542233459,1275.7622080105,0.0,1275.7622080105,47330.3638647794,ra,0.0,0.0,-0.0,0.0,0.0,0.0,3395.6434927548817,0.0,3395.6434927548817,3596.4304927548815,0.0,3596.4304927548815,0
5.0,0.0,39.0,51.0,16181.0369578104,16181.0369578104,0.0,2402.71193975453,2402.71193975453,0.0,54808.4650706048,ra,0.0,-0.0,0.0,0.0,0.0,0.0,749.8936927548791,749.8936927548791,0.0,1128.047692754879,1128.047692754879,0.0,0
5.0,1.0,43.0,52.0,15425.0541977474,0.0,15425.0541977474,6550.91638851091,0.0,6550.91638851091,67696.5829264334,ra,0.0,0.0,-0.0,0.0,0.0,0.0,2364.619492754881,0.0,2364.619492754881,3395.6434927548817,0.0,3395.6434927548817,0
5.0,0.0,44.0,53.0,16743.9409701348,16743.9409701348,0.0,2188.52376611744,2188.52376611744,0.0,67916.7177403682,ra,0.0,-0.0,0.0,0.0,0.0,0.0,1128.047692754879,1128.047692754879,0.0,1472.491692754879,1472.491692754879,0.0,0
5.0,1.0,50.0,54.0,23926.8657512302,0.0,23926.8657512302,3865.03208223887,0.0,3865.03208223887,86150.6446371155,ra,0.0,0.0,-0.0,0.0,0.0,0.0,1756.3164927548803,0.0,1756.3164927548803,2364.619492754881,0.0,2364.619492754881,0
5.0,0.0,51.0,55.0,23976.5917239922,23976.5917239922,0.0,3863.2104401925,3863.2104401925,0.0,86198.2118888899,ra,0.0,-0.0,0.0,0.0,0.0,0.0,1472.491692754879,1472.491692754879,0.0,2080.507692754879,2080.507692754879,0.0,0
5.0,2.0,4.0,56.0,48295.9987384735,24204.9992554563,24090.9994830172,3849.65902876729,3849.65902876729,0.0,102115.051061861,link,0.0,0.0,0.0,0.0,0.0,0.0,3836.8241855097594,2080.507692754879,1756.3164927548803,4442.707185509759,2686.3906927548787,1756.3164927548803,0
6.0,2.0,0.0,57.0,17593.52882743976,9370.08985369332,8223.43897374644,3280.58897165935,0.0,3280.58897165935,0.0,link,0.0,0.0,0.0,0.0,0.0,0.0,0.0,0.0,0.0,516.32,0.0,516.32,0
6.0,0.0,34.0,58.0,9440.70012643683,9440.70012643683,0.0,115.627916160566,115.627916160566,0.0,1229.56192943354,ra,0.0,-0.0,0.0,0.0,0.0,0.0,0.0,0.0,0.0,18.198,18.198,0.0,0
6.0,0.0,33.0,59.0,9685.7540713875,9685.7540713875,0.0,302.822447135245,302.822447135245,0.0,4398.31801694572,ra,0.0,-0.0,0.0,0.0,0.0,0.0,18.198,18.198,0.0,65.858,65.858,0.0,0
6.0,1.0,38.0,60.0,13533.1360897293,0.0,13533.1360897293,3267.26796433001,0.0,3267.26796433001,19100.037855584,ra,4.0,0.0,4.0,663.2,0.0,663.2,148.9770000000001,0.0,148.9770000000001,0.0,0.0,0.0,1
6.0,0.0,37.0,61.0,14150.2103751211,14150.2103751211,0.0,1803.67381185194,1803.67381185194,0.0,19123.3135023805,ra,0.0,-0.0,0.0,0.0,0.0,0.0,65.858,65.858,0.0,349.731,349.731,0.0,0
6.0,2.0,48.0,62.0,30972.8842403762,15986.2762154003,14986.6080249759,5468.1986435463505,3421.90944344568,2046.28920010067,42213.9465999939,ra,13.0,0.0,13.0,2155.3999999999996,721.7111806941431,1433.6888193058567,1610.3388193058568,349.731,1260.6078193058568,315.55781930585704,166.58081930585692,148.9770000000001,1
6.0,2.0,3.0,63.0,43852.3829830634,22912.2538280909,20940.1291549725,3553.90060489654,3553.90060489654,0.0,60876.2242421798,link,0.0,0.0,0.0,0.0,0.0,0.0,1427.1886386117137,166.58081930585692,1260.6078193058568,1986.5236386117137,725.915819305857,1260.6078193058568,0
7.0,2.0,0.0,64.0,11819.72883309257,5668.99952865367,6150.7293044389,2312.63273856917,0.0,2312.63273856917,0.0,link,0.0,0.0,0.0,0.0,0.0,0.0,0.0,0.0,0.0,363.977,0.0,363.977,0
7.0,2.0,46.0,65.0,16750.43996107374,8281.7922636936,8468.64769738014,443.9117156207323,439.374363225034,4.53735239569832,6667.95544755655,ra,8.0,8.0,0.0,1326.4,0.0,1326.4,1325.6860000000001,0.0,1325.6860000000001,69.151,69.151,0.0,1
7.0,2.0,47.0,66.0,16803.00194301874,8309.64474409952,8493.35719891922,469.00809295789134,4.43822753361236,464.569865424279,6721.47492677825,ra,0.0,-0.0,0.0,-1.1102230246251565e-16,-1.1102230246251565e-16,0.0,1321.72,69.151,1252.569,1395.536,69.85,1325.6860000000001,0
7.0,2.0,2.0,67.0,31479.2646876848,14962.6751347339,16516.5895529509,2176.3869746183,2176.3869746183,0.0,25294.5418793567,link,0.0,0.0,0.0,0.0,0.0,0.0,1322.4189999999999,69.85,1252.569,1664.952,412.38300000000004,1252.569,0
8.0,2.0,2.0,68.0,14782.3695846428,7482.84754160049,7299.52204304231,571.535173252439,0.0,571.535173252439,0.0,link,0.0,0.0,0.0,0.0,0.0,0.0,725.1730000000002,691.1940000000001,33.979000000000106,815.1250000000002,691.1940000000001,123.9310000000001,0
8.0,2.0,52.0,69.0,9208.20636712835,4168.18387658208,5040.02249054627,1091.488655298786,530.547783523534,560.940871775252,9055.82449812222,ra,5.0,0.0,5.0,829.0,774.695,54.3049999999999,691.1940000000001,691.1940000000001,0.0,33.979000000000106,0.0,33.979000000000106,1
8.0,2.0,0.0,70.0,9708.89067456805,5120.67365793185,4588.2170166362,557.603815055505,557.603815055505,0.0,21173.6853058851,link,0.0,0.0,0.0,0.0,0.0,0.0,0.0,0.0,0.0,87.759,87.759,0.0,0
9.0,2.0,2.0,71.0,31818.42313617,16104.8835451968,15713.5395909732,3261.48259711826,0.0,3261.48259711826,0.0,link,0.0,0.0,0.0,0.0,0.0,0.0,1283.478157142857,1168.6534785714284,114.82467857142854,1796.790157142857,1168.6534785714284,628.1366785714285,0
9.0,2.0,55.0,72.0,36693.0558776816,18116.8086480647,18576.2472296169,5325.486521774041,2708.00089398014,2617.4856277939,15445.3717833973,ra,13.0,13.0,0.0,2155.3999999999996,1594.8554785714284,560.5445214285714,1432.0666785714284,1168.6534785714284,263.41319999999996,114.82467857142854,0.0,114.82467857142854,1
9.0,2.0,7.0,73.0,31601.8542643027,15291.9117888883,16309.9424754144,3142.32996782434,3142.32996782434,0.0,33157.1268468838,link,0.0,0.0,0.0,0.0,0.0,0.0,263.41319999999996,0.0,263.41319999999996,757.9721999999999,494.559,263.41319999999996,0
10.0,2.0,3.0,74.0,31606.6695639389,16070.5474552074,15536.1221087315,43.8140689321546,0.0,43.8140689321546,0.0,link,0.0,0.0,0.0,0.0,0.0,0.0,1127.9052739262474,1127.9052739262474,0.0,1134.8012739262474,1127.9052739262474,6.896,0
10.0,2.0,53.0,75.0,20482.292071415,10386.9656808517,10095.3263905633,3859.97837178184,1960.6175793948,1899.36079238704,14793.4065314786,ra,16.0,16.0,0.0,2650.1598655791754,1343.4810739262473,1306.678791652928,2135.651065579176,1127.9052739262474,1007.7457916529282,92.99820000000001,92.99820000000001,0.0,1
10.0,2.0,4.0,76.0,20473.6189956967,10382.5344994114,10091.0844962853,45.079640330005,45.079640330005,0.0,15227.5355211014,link,0.0,0.0,0.0,0.0,0.0,0.0,1100.7439916529283,92.99820000000001,1007.7457916529282,1107.8389916529281,100.09320000000002,1007.7457916529282,0
11.0,2.0,3.0,77.0,48420.0541429227,24599.8231829302,23820.2309599925,1269.82131381751,0.0,1269.82131381751,0.0,link,0.0,0.0,0.0,0.0,0.0,0.0,2333.844257093276,438.99749158351415,1894.846765509762,2533.696257093276,438.99749158351415,2094.698765509762,0
11.0,2.0,54.0,78.0,48814.9931722971,24295.4347117739,24519.5584605232,3388.4082292149897,1701.63127736504,1686.77695184995,6967.48714814497,ra,0.0,0.0,-0.0,4.440892098500626e-16,4.440892098500626e-16,0.0,2068.369257093276,438.99749158351415,1629.3717655097616,2601.6572570932763,706.8104915835141,1894.846765509762,0
11.0,1.0,56.0,79.0,22284.9266194441,0.0,22284.9266194441,1685.09443322027,0.0,1685.09443322027,14053.3882390507,ra,0.0,0.0,-0.0,0.0,0.0,0.0,1364.1607655097614,0.0,1364.1607655097614,1629.3717655097616,0.0,1629.3717655097616,0
11.0,2.0,5.0,80.0,42919.8251598076,21285.3584845686,21634.466675239,2910.89526178855,2910.89526178855,0.0,19878.6900646546,link,0.0,0.0,0.0,0.0,0.0,0.0,2070.9712570932757,706.8104915835141,1364.1607655097614,2529.1062570932754,1164.9454915835142,1364.1607655097614,0
12.0,2.0,4.0,81.0,53131.6723320628,26537.1834811746,26594.4888508882,1562.32443000799,0.0,1562.32443000799,0.0,link,0.0,0.0,0.0,0.0,0.0,0.0,3667.6654118872,1949.7277463774392,1717.9376655097612,3913.5534118872006,1949.7277463774392,1963.8256655097614,0
12.0,0.0,58.0,82.0,22288.895823896,22288.895823896,0.0,3364.25769729557,3364.25769729557,0.0,13722.6357161214,ra,0.0,-0.0,0.0,0.0,0.0,0.0,1949.7277463774392,1949.7277463774392,0.0,2479.2157463774397,2479.2157463774397,0.0,0
12.0,1.0,57.0,83.0,22492.6689728353,0.0,22492.6689728353,3393.5923031971,0.0,3393.5923031971,13775.3691799331,ra,1.0,0.0,1.0,165.80000000000013,0.0,165.80000000000013,1349.6326655097614,0.0,1349.6326655097614,1717.9376655097612,0.0,1717.9376655097612,1
12.0,2.0,5.0,84.0,44751.0771921405,22273.0392762582,22478.0379158823,1559.84087923299,1559.84087923299,0.0,20725.0958331826,link,0.0,0.0,0.0,0.0,0.0,0.0,3828.848411887201,2479.2157463774397,1349.6326655097614,4074.345411887201,2724.7127463774395,1349.6326655097614,0
13.0,2.0,4.0,85.0,25987.610544625597,13119.3784455626,12868.232099063,1205.38349046939,0.0,1205.38349046939,0.0,link,0.0,0.0,0.0,0.0,0.0,0.0,2865.280527479392,1545.7555274793922,1319.5249999999999,3054.991527479392,1545.7555274793922,1509.2359999999999,0
13.0,2.0,59.0,86.0,13974.00634747334,7033.00411775856,6941.00222971478,6883.850493770729,3777.52597161839,3106.32452215234,36309.8952864744,ra,0.0,0.0,-0.0,1.4210854715202004e-14,0.0,1.4210854715202004e-14,2376.3875274793922,1545.7555274793922,830.632,3459.8115274793918,2140.286527479392,1319.5249999999999,0
13.0,1.0,63.0,87.0,7362.49465739319,0.0,7362.49465739319,661.497609325267,0.0,661.497609325267,54986.8926639146,ra,0.0,0.0,-0.0,0.0,0.0,0.0,726.521,0.0,726.521,830.632,0.0,830.632,0
13.0,0.0,62.0,88.0,7963.31449008736,7963.31449008736,0.0,1395.608479293,1395.608479293,0.0,55258.2918559062,ra,0.0,0.0,0.0,0.0,0.0,0.0,2140.286527479392,2140.286527479392,0.0,2359.9365274793918,2359.9365274793918,0.0,0
13.0,2.0,70.0,89.0,20915.585370117602,10623.7234191176,10291.861951,6679.2986941238505,3389.00409366516,3290.29460045869,85720.8848871018,ra,0.0,-0.0,0.0,0.0,0.0,0.0,2568.6105274793917,2359.9365274793918,208.674,3619.8405274793913,2893.3195274793916,726.521,0
13.0,1.0,71.0,90.0,10312.6666929756,0.0,10312.6666929756,1325.87027770041,0.0,1325.87027770041,92148.0377185692,ra,0.0,0.0,-0.0,0.0,0.0,0.0,0.0,0.0,0.0,208.674,0.0,208.674,0
13.0,0.0,75.0,91.0,10865.4133062023,10865.4133062023,0.0,2225.2267853651,2225.2267853651,0.0,106351.198252807,ra,0.0,-0.0,0.0,0.0,0.0,0.0,2893.3195274793916,2893.3195274793916,0.0,3243.539527479392,3243.539527479392,0.0,0
13.0,2.0,80.0,92.0,21769.3135715549,10924.7717317326,10844.5418398223,5231.40590135432,1587.86020641778,3643.54569493654,121274.128299309,ra,29.0,29.0,0.0,4804.748426479392,3493.446527479392,1311.3018990000003,3981.397426479392,3243.539527479392,737.8578990000001,0.0,0.0,0.0,1
13.0,2.0,8.0,93.0,20326.8379673694,10049.6549230906,10277.1830442788,1199.97066882623,1199.97066882623,0.0,132616.969219855,link,0.0,0.0,0.0,0.0,0.0,0.0,737.8578990000001,0.0,737.8578990000001,926.7168990000001,188.859,737.8578990000001,0
14.0,2.0,5.0,94.0,94497.8226477467,47019.266876753,47478.5557709937,936.342520757964,0.0,936.342520757964,0.0,link,0.0,0.0,0.0,0.0,0.0,0.0,5551.7532689804775,3437.492537960954,2114.260731019523,5699.120268980477,3437.492537960954,2261.627731019523,0
14.0,0.0,61.0,95.0,46935.1899031602,46935.1899031602,0.0,2174.78874504217,2174.78874504217,0.0,4629.48262057162,ra,0.0,-0.0,0.0,0.0,0.0,0.0,3437.492537960954,3437.492537960954,0.0,3779.774537960954,3779.774537960954,0.0,0
14.0,1.0,60.0,96.0,47664.7520038718,0.0,47664.7520038718,2204.32457448694,0.0,2204.32457448694,4633.73189838993,ra,0.0,0.0,-0.0,0.0,0.0,0.0,1767.3307310195228,0.0,1767.3307310195228,2114.260731019523,0.0,2114.260731019523,0
14.0,2.0,6.0,97.0,94641.6911720278,46900.6207445268,47741.070427501,922.919420502059,922.919420502059,0.0,6596.60038925666,link,0.0,0.0,0.0,0.0,0.0,0.0,5547.1052689804765,3779.774537960954,1767.3307310195228,5692.3602689804775,3925.0295379609543,1767.3307310195228,0
15.0,2.0,6.0,98.0,75207.4913410466,44538.3019109056,30669.189430141,1884.85015181653,0.0,1884.85015181653,0.0,link,0.0,0.0,0.0,0.0,0.0,0.0,4094.251,3068.791,1025.46,4390.9,3068.791,1322.109,0
15.0,1.0,64.0,99.0,16721.3274524539,0.0,16721.3274524539,6515.56424199958,0.0,6515.56424199958,25738.7432238461,ra,0.0,0.0,-0.0,0.0,0.0,0.0,0.0,0.0,0.0,1025.46,0.0,1025.46,0
15.0,0.0,65.0,100.0,16271.068415411,16271.068415411,0.0,7891.47329091754,7891.47329091754,0.0,25740.9022185623,ra,26.0,26.0,0.0,4310.8,4310.8,0.0,3068.791,3068.791,0.0,0.0,0.0,0.0,1
15.0,2.0,0.0,101.0,10998.09198493645,5379.56194516866,5618.53003976779,1825.01257049708,1825.01257049708,0.0,48631.178555929,link,0.0,0.0,0.0,0.0,0.0,0.0,0.0,0.0,0.0,287.232,287.232,0.0,0
16.0,2.0,6.0,102.0,79740.5667298025,40135.9531021025,39604.6136277,2800.89558131599,0.0,2800.89558131599,0.0,link,0.0,0.0,0.0,0.0,0.0,0.0,4395.299731019523,2623.5692689804773,1771.7304620390457,4836.1217310195225,2623.5692689804773,2212.5524620390456,0
16.0,1.0,66.0,103.0,29014.9759926702,0.0,29014.9759926702,4194.66206610603,0.0,4194.66206610603,12316.8385533337,ra,0.0,0.0,-0.0,0.0,0.0,0.0,1111.5484620390457,0.0,1111.5484620390457,1771.7304620390457,0.0,1771.7304620390457,0
16.0,0.0,67.0,104.0,29278.0080852545,29278.0080852545,0.0,4585.78782260726,4585.78782260726,0.0,12575.9466885105,ra,0.0,-0.0,0.0,0.0,0.0,0.0,2623.5692689804773,2623.5692689804773,0.0,3345.309268980477,3345.309268980477,0.0,0
16.0,0.0,72.0,105.0,28145.026567285,28145.026567285,0.0,3642.99524799985,3642.99524799985,0.0,25449.0803158335,ra,0.0,-0.0,0.0,0.0,0.0,0.0,3345.309268980477,3345.309268980477,0.0,3918.666268980477,3918.666268980477,0.0,0
16.0,1.0,74.0,106.0,25731.8558288299,0.0,25731.8558288299,3150.32793358614,0.0,3150.32793358614,32933.7519739179,ra,0.0,0.0,-0.0,0.0,0.0,0.0,615.7304620390457,0.0,615.7304620390457,1111.5484620390457,0.0,1111.5484620390457,0
16.0,0.0,76.0,107.0,25418.7221777421,25418.7221777421,0.0,6370.06870476076,6370.06870476076,0.0,49497.4689014342,ra,0.0,-0.0,0.0,0.0,0.0,0.0,3918.666268980477,3918.666268980477,0.0,4921.227268980477,4921.227268980477,0.0,0
16.0,1.0,77.0,108.0,25469.3693020146,0.0,25469.3693020146,3629.48335037293,0.0,3629.48335037293,49565.5184208006,ra,0.0,0.0,0.0,0.0,0.0,0.0,44.49946203904574,0.0,44.49946203904574,615.7304620390457,0.0,615.7304620390457,0
16.0,1.0,82.0,109.0,26935.5497477119,0.0,26935.5497477119,4731.07688196937,0.0,4731.07688196937,67595.9687520987,ra,15.0,0.0,15.0,2487.0,0.0,2487.0,1786.8934620390455,0.0,1786.8934620390455,44.49946203904574,0.0,44.49946203904574,1
16.0,0.0,83.0,110.0,27462.4751098044,27462.4751098044,0.0,5057.1026374567,5057.1026374567,0.0,68666.0746432526,ra,17.0,17.0,0.0,2818.6,2818.6,0.0,4921.227268980477,4921.227268980477,0.0,2898.5452689804765,2898.5452689804765,0.0,1
16.0,1.0,86.0,111.0,27163.1527528195,0.0,27163.1527528195,4196.37690745412,0.0,4196.37690745412,81021.8926734055,ra,0.0,0.0,0.0,0.0,0.0,0.0,1126.4414620390457,0.0,1126.4414620390457,1786.8934620390455,0.0,1786.8934620390455,0
16.0,0.0,89.0,112.0,29187.9984476255,29187.9984476255,0.0,6653.92810326968,6653.92810326968,0.0,92123.379066016,ra,0.0,-0.0,0.0,0.0,0.0,0.0,2898.5452689804765,2898.5452689804765,0.0,3945.7822689804766,3945.7822689804766,0.0,0
16.0,1.0,90.0,113.0,28376.9986665812,0.0,28376.9986665812,5601.68477510965,0.0,5601.68477510965,92203.5095301381,ra,0.0,0.0,-0.0,0.0,0.0,0.0,244.81346203904565,0.0,244.81346203904565,1126.4414620390457,0.0,1126.4414620390457,0
16.0,2.0,94.0,114.0,71124.20344709541,35553.8279012094,35570.375545886,8755.2397188011,4299.63877333859,4455.60094546251,106046.116569043,ra,29.0,0.0,29.0,4808.200000000001,2341.4483809914,2466.7516190086008,5956.0973500281225,3945.7822689804766,2010.315081047646,2525.851350028122,2281.0378879890764,244.81346203904565,1
16.0,2.0,12.0,115.0,71147.99996754559,35564.9999847632,35582.9999827824,2799.48715587504,2799.48715587504,0.0,113917.810760995,link,0.0,0.0,0.0,0.0,0.0,0.0,4291.352969036722,2281.0378879890764,2010.315081047646,4731.953969036722,2721.6388879890765,2010.315081047646,0
18.0,2.0,7.0,118.0,26949.9999999978,13587.9999999988,13361.999999999,1262.35088868617,0.0,1262.35088868617,0.0,link,0.0,0.0,0.0,0.0,0.0,0.0,440.9424,440.9424,0.0,639.6194,440.9424,198.677,0
18.0,0.0,68.0,119.0,13587.9186189986,13587.9186189986,0.0,1673.78287195478,1673.78287195478,0.0,12318.1380453438,ra,0.0,-0.0,0.0,0.0,0.0,0.0,440.9424,440.9424,0.0,704.3724000000001,704.3724000000001,0.0,0
18.0,1.0,69.0,120.0,13361.9322654755,0.0,13361.9322654755,3620.13302138755,0.0,3620.13302138755,12346.3056788137,ra,7.0,0.0,7.0,1160.6000000000001,0.0,1160.6000000000001,590.8410000000001,0.0,590.8410000000001,0.0,0.0,0.0,1
18.0,2.0,73.0,121.0,21133.145613699402,10354.0731302489,10779.0724834505,3099.0639764515,1773.46409345857,1325.59988299293,27186.3293839123,ra,13.0,13.0,0.0,2155.4000000000005,983.4914000000001,1171.9086000000002,2258.4910000000004,704.3724000000001,1554.1186000000005,590.8410000000001,0.0,590.8410000000001,1
18.0,2.0,81.0,122.0,17024.72901544851,8263.2955761644,8761.43343928411,10407.12701858784,5132.59342206241,5274.53359652543,76811.9776614867,ra,0.0,-0.0,0.0,0.0,0.0,0.0,723.9796000000003,0.0,723.9796000000003,2361.9186000000004,807.8,1554.1186000000005,0
18.0,0.0,84.0,123.0,7912.19781312535,7912.19781312535,0.0,1219.94777274037,1219.94777274037,0.0,91803.7907317536,ra,0.0,-0.0,0.0,0.0,0.0,0.0,807.8,807.8,0.0,999.8029999999999,999.8029999999999,0.0,0
18.0,1.0,85.0,124.0,8875.83878859374,0.0,8875.83878859374,1785.78492380043,0.0,1785.78492380043,91872.4611970398,ra,0.0,0.0,-0.0,0.0,0.0,0.0,442.9216000000004,0.0,442.9216000000004,723.9796000000003,0.0,723.9796000000003,0
18.0,2.0,92.0,125.0,47292.9371799686,22515.082655355,24777.8545246136,4754.45243720846,3104.7402940347,1649.71214317376,121334.732705969,ra,12.0,0.0,12.0,1989.6,0.0,1989.6,3172.6826000000005,999.8029999999999,2172.8796000000007,1931.3676000000003,1488.446,442.9216000000004,1
18.0,2.0,11.0,126.0,53098.002767233804,24816.3642256391,28281.6385415947,1125.0783643968,1125.0783643968,0.0,126075.531741563,link,0.0,0.0,0.0,0.0,0.0,0.0,3661.3256000000006,1488.446,2172.8796000000007,3838.3976000000007,1665.518,2172.8796000000007,0
19.0,2.0,7.0,127.0,19888.0,9830.0,10058.0,1832.522339,0.0,1832.522339,0.0,link,0.0,0.0,0.0,0.0,0.0,0.0,277.2944,277.2944,0.0,565.7084,277.2944,288.414,0
19.0,2.0,0.0,128.0,19888.0,9830.0,10058.0,1790.981765,1790.981765,0.0,18219.577121931,link,0.0,0.0,0.0,0.0,0.0,0.0,277.2944,277.2944,0.0,559.1704,559.1704,0.0,0
20.0,2.0,0.0,129.0,19481.0003447438,9701.00019990513,9780.00014483867,1585.94680206363,0.0,1585.94680206363,0.0,link,0.0,0.0,0.0,0.0,0.0,0.0,0.0,0.0,0.0,249.606,0.0,249.606,0
20.0,0.0,78.0,130.0,10133.9989103389,10133.9989103389,0.0,2201.81082897895,2201.81082897895,0.0,22308.8999344534,ra,3.0,3.0,0.0,346.535,346.535,0.0,0.0,0.0,0.0,0.0,0.0,0.0,1
20.0,1.0,79.0,131.0,10094.128472639,0.0,10094.128472639,2214.67932713437,0.0,2214.67932713437,22364.4498639692,ra,7.0,0.0,7.0,1160.6,0.0,1160.6,812.0400000000001,0.0,812.0400000000001,0.0,0.0,0.0,1
20.0,2.0,8.0,132.0,21962.979690817003,10983.9900500203,10978.9896407967,1594.24397947735,1594.24397947735,0.0,37253.2284842051,link,0.0,0.0,0.0,0.0,0.0,0.0,812.0400000000001,0.0,812.0400000000001,1062.952,250.912,812.0400000000001,0
21.0,2.0,8.0,133.0,21649.000000000102,11074.0,10575.0000000001,371.58433599978,0.0,371.58433599978,0.0,link,0.0,0.0,0.0,0.0,0.0,0.0,1325.6275060000003,579.550096,746.0774100000003,1384.1095060000002,579.550096,804.5594100000003,0
21.0,2.0,87.0,134.0,23288.9999999286,11776.9999999694,11511.9999999592,6542.5877927048805,3329.21173105459,3213.37606165029,29246.6421925882,ra,16.0,16.0,0.0,2652.8,976.442430000001,1676.3575699999992,2496.2440759999995,579.550096,1916.6939799999996,873.1570759999993,127.07966599999898,746.0774100000003,1
21.0,2.0,10.0,135.0,23288.9999999998,11776.9999999999,11511.9999999999,380.138005999835,380.138005999835,0.0,32474.4736101551,link,0.0,0.0,0.0,0.0,0.0,0.0,2043.7736459999985,127.07966599999898,1916.6939799999996,2103.6016459999987,186.90766599999898,1916.6939799999996,0
22.0,2.0,8.0,136.0,18089.34980232114,9293.63667702267,8795.71312529847,2541.60361777734,0.0,2541.60361777734,0.0,link,0.0,0.0,0.0,0.0,0.0,0.0,1308.101123,353.66760300000004,954.4335199999999,1708.1141230000003,353.66760300000004,1354.4465200000002,0
22.0,2.0,9.0,137.0,22551.7599214391,11229.4921808602,11322.2677405789,2598.64030591273,2598.64030591273,0.0,25496.1440920557,link,0.0,0.0,0.0,0.0,0.0,0.0,1308.101123,353.66760300000004,954.4335199999999,1717.091123,762.657603,954.4335199999999,0
24.0,2.0,9.0,140.0,25786.108144857702,12922.6073175015,12863.5008273562,310.22506737586,0.0,310.22506737586,0.0,link,0.0,0.0,0.0,0.0,0.0,0.0,2923.765843,1811.613643,1112.1522,2972.590843,1811.613643,1160.9771999999998,0
24.0,0.0,88.0,141.0,12911.6129537198,12911.6129537198,0.0,904.521486357201,904.521486357201,0.0,7001.12487688288,ra,0.0,-0.0,0.0,0.0,0.0,0.0,1811.613643,1811.613643,0.0,1953.972643,1953.972643,0.0,0
24.0,1.0,91.0,142.0,12797.6950404071,0.0,12797.6950404071,2112.95769776524,0.0,2112.95769776524,10447.761196687,ra,0.0,0.0,-0.0,0.0,0.0,0.0,779.6022,0.0,779.6022,1112.1522,0.0,1112.1522,0
24.0,0.0,97.0,143.0,9570.73893282761,9570.73893282761,0.0,2755.77301226508,2755.77301226508,0.0,30840.5691895132,ra,0.0,-0.0,0.0,0.0,0.0,0.0,1953.972643,1953.972643,0.0,2387.6936430000005,2387.6936430000005,0.0,0
24.0,1.0,98.0,144.0,9946.42620888775,0.0,9946.42620888775,2231.33572547577,0.0,2231.33572547577,30857.3340619152,ra,0.0,0.0,-0.0,0.0,0.0,0.0,428.4202,0.0,428.4202,779.6022,0.0,779.6022,0
24.0,2.0,108.0,145.0,15887.70615160749,7870.70573058493,8017.00042102256,4501.986650504179,2168.3895853448,2333.59706515938,55766.1486133563,ra,10.0,10.0,0.0,1657.9999999999995,486.4618124000003,1171.5381875999992,3620.3760305999995,2387.6936430000005,1232.6823875999992,2670.9270306,2242.5068306,428.4202,1
24.0,2.0,114.0,146.0,28294.0206982518,14163.5504368669,14130.4702613849,3453.81695206723,2111.30760238217,1342.50934968506,76000.7341358558,ra,0.0,-0.0,0.0,-5.684341886080802e-14,-5.684341886080802e-14,0.0,3263.897218199999,2242.5068306,1021.3903875999991,3807.4802181999994,2574.7978306,1232.6823875999992,0
24.0,2.0,15.0,147.0,28738.6713502246,14383.3123439625,14355.3590062621,310.87767950128,310.87767950128,0.0,78175.474803374,link,0.0,0.0,0.0,0.0,0.0,0.0,3596.188218199999,2574.7978306,1021.3903875999991,3645.116218199999,2623.7258306,1021.3903875999991,0
25.0,2.0,9.0,148.0,18444.994544675952,9036.99752648209,9407.99701819386,3162.57397865205,0.0,3162.57397865205,0.0,link,0.0,0.0,0.0,0.0,0.0,0.0,1841.59868,748.4661599999998,1093.13252,2339.3446799999997,748.46616,1590.8785199999998,0
25.0,2.0,10.0,149.0,19006.7279100321,9665.34291491844,9341.38499511366,3137.60809841466,3137.60809841466,0.0,35248.1726115327,link,0.0,0.0,0.0,0.0,0.0,0.0,1841.59868,748.46616,1093.13252,2335.41468,1242.28216,1093.13252,0
26.0,2.0,10.0,150.0,39799.090315948604,19727.656489473,20071.4338264756,5432.50664953123,0.0,5432.50664953123,0.0,link,0.0,0.0,0.0,0.0,0.0,0.0,2969.4154059999987,1095.504105999999,1873.9112999999998,3824.4174059999987,1095.504105999999,2728.9132999999997,0
26.0,2.0,11.0,151.0,61239.0276416527,31319.7944712375,29919.2331704152,5527.09879983652,5527.09879983652,0.0,24120.7762535988,link,0.0,0.0,0.0,0.0,0.0,0.0,2969.4154059999987,1095.504105999999,1873.9112999999998,3839.304405999999,1965.393105999999,1873.9112999999998,0
27.0,2.0,11.0,152.0,68446.95855219441,33632.3321209786,34814.6264312158,4475.01586176286,0.0,4475.01586176286,0.0,link,0.0,0.0,0.0,0.0,0.0,0.0,5047.0084348,1896.1469703999994,3150.861464400001,5751.3144348000005,1896.1469703999994,3855.1674644000013,0
27.0,0.0,99.0,153.0,29715.9548515929,29715.9548515929,0.0,4959.0509597815,4959.0509597815,0.0,15398.2814879574,ra,0.0,-0.0,0.0,0.0,0.0,0.0,1896.1469703999994,1896.1469703999994,0.0,2676.6329703999995,2676.6329703999995,0.0,0
27.0,1.0,100.0,154.0,27462.2259431798,0.0,27462.2259431798,4427.60002896918,0.0,4427.60002896918,15788.2300471589,ra,0.0,0.0,-0.0,0.0,0.0,0.0,2454.018464400001,0.0,2454.018464400001,3150.861464400001,0.0,3150.861464400001,0
27.0,2.0,107.0,155.0,39803.000772140804,18775.2599855575,21027.7407865833,8521.51974910427,4077.761723511,4443.75802559327,32030.5850885025,ra,0.0,0.0,-0.0,0.0,0.0,0.0,4431.265434800001,2676.6329703999995,1754.6324644000013,5772.435434800001,3318.4169703999996,2454.018464400001,0
27.0,0.0,111.0,156.0,14923.34787731,14923.34787731,0.0,3332.68370370798,3332.68370370798,0.0,51994.455333056,ra,0.0,-0.0,0.0,0.0,0.0,0.0,3318.4169703999996,3318.4169703999996,0.0,3842.9359703999994,3842.9359703999994,0.0,0
27.0,1.0,110.0,157.0,16064.7865328213,0.0,16064.7865328213,3656.83050998601,0.0,3656.83050998601,52217.7859827402,ra,0.0,0.0,-0.0,0.0,0.0,0.0,1179.0974644000012,0.0,1179.0974644000012,1754.6324644000013,0.0,1754.6324644000013,0
27.0,2.0,113.0,158.0,28115.7326932638,13396.479626617,14719.2530666468,8182.361978154309,4151.77442489818,4030.58755325613,80453.8359529617,ra,23.0,23.0,0.0,3813.3999999999996,2621.768078400001,1191.6319215999988,5579.3063563999995,3842.9359703999994,1736.370386,3053.6973564,1874.5998919999986,1179.0974644000012,1
27.0,0.0,115.0,159.0,16210.1141141057,16210.1141141057,0.0,2741.86480754644,2741.86480754644,0.0,99290.1862589441,ra,0.0,-0.0,0.0,0.0,0.0,0.0,1874.5998919999986,1874.5998919999986,0.0,2306.1318919999985,2306.1318919999985,0.0,0
27.0,2.0,116.0,160.0,34177.789667498,16266.7915147338,17910.9981527642,6377.1162856009105,1294.98984691301,5082.1264386879,107271.26953268,ra,19.0,19.0,0.0,3150.2000000000007,2213.5426800000005,936.65732,4179.302597999998,2306.1318919999985,1873.170706,2032.773597999998,296.4032119999979,1736.370386,1
27.0,2.0,15.0,161.0,39893.9999998457,18725.9999999336,21167.9999999121,3972.00678523747,3972.00678523747,0.0,128894.513137464,link,0.0,0.0,0.0,0.0,0.0,0.0,2169.5739179999982,296.4032119999979,1873.170706,2794.712917999998,921.5422119999979,1873.170706,0
28.0,2.0,11.0,162.0,61992.2787513973,31725.312247826,30266.9665035713,2390.70224064613,0.0,2390.70224064613,0.0,link,0.0,0.0,0.0,0.0,0.0,0.0,3434.7047000000002,2677.0547,757.65,3810.9687000000004,2677.0547,1133.914,0
28.0,0.0,93.0,163.0,30439.2241679383,30439.2241679383,0.0,1072.78335284043,1072.78335284043,0.0,3445.55910715547,ra,0.0,-0.0,0.0,8.526512829121202e-14,8.526512829121202e-14,0.0,2677.0547,2677.0547,0.0,2845.8957,2845.8957,0.0,0
28.0,0.0,95.0,164.0,18498.9087746208,18498.9087746208,0.0,3967.26574657,3967.26574657,0.0,21968.3457181098,ra,21.0,21.0,0.0,3470.2887,3470.2887,0.0,2845.8957,2845.8957,0.0,0.0,0.0,0.0,1
28.0,1.0,96.0,165.0,17419.1863324911,0.0,17419.1863324911,4813.95264377551,0.0,4813.95264377551,22264.116411145,ra,0.0,0.0,-0.0,0.0,0.0,0.0,0.0,0.0,0.0,757.65,0.0,757.65,0
28.0,2.0,0.0,166.0,16044.98321671642,8425.39921826346,7619.58399845296,2682.96218463007,2682.96218463007,0.0,40879.2796779836,link,0.0,0.0,0.0,0.0,0.0,0.0,0.0,0.0,0.0,422.261,422.261,0.0,0
30.0,2.0,12.0,169.0,31173.0077127878,15334.6891591729,15838.3185536149,1373.0223382835,0.0,1373.0223382835,0.0,link,0.0,0.0,0.0,0.0,0.0,0.0,2577.6129284920153,1373.786366396723,1203.8265620952925,2793.707928492015,1373.7863663967228,1419.9215620952923,0
30.0,0.0,101.0,170.0,15342.1685357064,15342.1685357064,0.0,288.700229956651,288.700229956651,0.0,1882.30501330568,ra,0.0,-0.0,0.0,0.0,0.0,0.0,1373.7863663967228,1373.7863663967228,0.0,1419.223366396723,1419.223366396723,0.0,0
30.0,1.0,102.0,171.0,15008.3801891543,0.0,15008.3801891543,2426.9547057033,0.0,2426.9547057033,15325.3757236118,ra,0.0,0.0,-0.0,0.0,0.0,0.0,821.8575620952923,0.0,821.8575620952923,1203.8265620952925,0.0,1203.8265620952925,0
30.0,0.0,103.0,172.0,14615.1043928834,14615.1043928834,0.0,2123.5391790608,2123.5391790608,0.0,15632.2115214018,ra,0.0,-0.0,0.0,0.0,0.0,0.0,1419.223366396723,1419.223366396723,0.0,1753.4393663967228,1753.4393663967228,0.0,0
30.0,2.0,13.0,173.0,18934.3901725728,9143.1385769236,9791.2515956492,1268.11665537119,1268.11665537119,0.0,27311.5905726122,link,0.0,0.0,0.0,0.0,0.0,0.0,2575.296928492015,1753.4393663967228,821.8575620952923,2774.880928492015,1953.0233663967226,821.8575620952923,0
31.0,2.0,12.0,174.0,61211.2617744492,30941.9007084376,30269.3610660116,584.87883138558,0.0,584.87883138558,0.0,link,0.0,0.0,0.0,0.0,0.0,0.0,4380.705002639999,2615.1080026399995,1765.597,4472.757002639999,2615.1080026399995,1857.6489999999997,0
31.0,1.0,106.0,175.0,29780.0349085717,0.0,29780.0349085717,3637.7163502508,0.0,3637.7163502508,10173.7794302971,ra,0.0,0.0,-0.0,0.0,0.0,0.0,1193.071,0.0,1193.071,1765.597,0.0,1765.597,0
31.0,0.0,105.0,176.0,30402.9541425937,30402.9541425937,0.0,3119.85205801169,3119.85205801169,0.0,10175.4293545811,ra,0.0,-0.0,0.0,0.0,0.0,0.0,2615.1080026399995,2615.1080026399995,0.0,3106.13000264,3106.13000264,0.0,0
31.0,2.0,109.0,177.0,62402.9342497772,31525.7279110326,30877.2063387446,6816.57046321175,3762.41918739273,3054.15127581902,22337.1483709023,ra,22.0,0.0,22.0,3647.599999999999,3647.599999999999,0.0,3818.52000264,3106.13000264,712.39,1243.7540026400004,50.683002640000566,1193.071,1
31.0,2.0,14.0,178.0,62766.261417807,31611.057809806,31155.203608001,595.148026243029,595.148026243029,0.0,24222.213413882,link,0.0,0.0,0.0,0.0,0.0,0.0,763.0730026400006,50.683002640000566,712.39,856.7410026400005,144.35100264000056,712.39,0
32.0,2.0,13.0,179.0,24034.0,12223.0,11811.0,4986.62400523132,0.0,4986.62400523132,0.0,link,0.0,0.0,0.0,0.0,0.0,0.0,1990.0549284920148,1953.0233663967226,37.031562095292315,2774.880928492015,1953.0233663967226,821.8575620952923,0
32.0,2.0,104.0,180.0,24034.0000000012,12223.0000000006,11811.0000000006,545.6198680000059,277.486546000003,268.133322000003,2270.21285318104,ra,19.0,0.0,19.0,3150.2,1844.0708820952925,1306.1291179047073,3253.9840463967225,1953.0233663967226,1300.96068,189.65704639672245,152.62548430143013,37.031562095292315,1
32.0,2.0,16.0,181.0,35472.0,17897.0,17575.0,5106.43524839964,5106.43524839964,0.0,35413.5690178666,link,0.0,0.0,0.0,0.0,0.0,0.0,1453.58616430143,152.62548430143013,1300.96068,2257.26916430143,956.3084843014301,1300.96068,0
33.0,2.0,14.0,182.0,25491.3919282071,13297.3329457903,12194.0589824168,2901.96451332052,0.0,2901.96451332052,0.0,link,0.0,0.0,0.0,0.0,0.0,0.0,245.7472,245.7472,0.0,702.4762,245.7472,456.729,0
33.0,2.0,0.0,183.0,27433.9391849649,13761.9854531938,13671.9537317711,3014.56661334824,3014.56661334824,0.0,22213.6117866395,link,0.0,0.0,0.0,0.0,0.0,0.0,245.7472,245.7472,0.0,720.1982,720.1982,0.0,0
34.0,2.0,14.0,184.0,40290.9817282687,40289.5340857765,1.44764249220084,4807.99244961434,0.0,4807.99244961434,0.0,link,0.0,0.0,0.0,0.0,0.0,0.0,399.6548026400006,399.6548026400006,0.0,1156.3668026400005,399.6548026400006,756.712,0
34.0,2.0,112.0,185.0,40084.6794214896,20069.2583308031,20015.4210906865,5879.593873458731,4738.49168603675,1141.10218742198,14615.9886216738,ra,10.0,0.0,10.0,1658.0000000000005,1023.8958026400005,634.10419736,854.1650000000005,399.6548026400006,454.51019735999995,121.53200000000004,121.53200000000004,0.0,1
34.0,0.0,120.0,186.0,19233.9789959859,19233.9789959859,0.0,2388.18736449935,2388.18736449935,0.0,26934.1491638682,ra,3.0,3.0,0.0,497.40000000000003,497.40000000000003,0.0,121.53200000000004,121.53200000000004,0.0,0.0,0.0,0.0,1
34.0,2.0,20.0,187.0,42848.933143860995,20473.5804606555,22375.3526832055,2247.13462765847,2247.13462765847,0.0,38220.8594846279,link,0.0,0.0,0.0,0.0,0.0,0.0,454.51019735999995,0.0,454.51019735999995,808.17819736,353.668,454.51019735999995,0
35.0,2.0,0.0,188.0,13637.0,6766.0,6871.0,2412.0267595,0.0,2412.0267595,0.0,link,0.0,0.0,0.0,0.0,0.0,0.0,654.2079199999998,0.0,654.2079199999998,1033.82792,0.0,1033.82792,0
35.0,2.0,16.0,189.0,13637.0,6766.0,6871.0,2375.167087,2375.167087,0.0,35104.4629542217,link,0.0,0.0,0.0,0.0,0.0,0.0,654.2079199999998,0.0,654.2079199999998,1028.0269199999998,373.819,654.2079199999998,0
36.0,2.0,15.0,190.0,63592.0,31158.0,32434.0,1263.515121,0.0,1263.515121,0.0,link,0.0,0.0,0.0,0.0,0.0,0.0,4176.485568999998,2513.026258999998,1663.4593099999997,4375.345568999997,2513.026258999998,1862.3193099999999,0
36.0,0.0,121.0,191.0,31158.0,31158.0,0.0,1862.749872,1862.749872,0.0,5978.40628225615,ra,17.0,17.0,0.0,2806.197258999998,2806.197258999998,0.0,2513.026258999998,2513.026258999998,0.0,0.0,0.0,0.0,1
36.0,1.0,122.0,192.0,32434.0,0.0,32434.0,2232.999815,0.0,2232.999815,6884.76410576914,ra,0.0,0.0,-0.0,0.0,0.0,0.0,1312.0163099999997,0.0,1312.0163099999997,1663.4593099999997,0.0,1663.4593099999997,0
36.0,2.0,17.0,193.0,63592.0,31158.0,32434.0,1496.20716,1496.20716,0.0,10780.4149902554,link,0.0,0.0,0.0,0.0,0.0,0.0,1312.0163099999997,0.0,1312.0163099999997,1547.4983099999997,235.482,1312.0163099999997,0
37.0,2.0,16.0,194.0,61280.6441162145,31014.1744637331,30266.4696524814,3075.32200703344,0.0,3075.32200703344,0.0,link,0.0,0.0,0.0,0.0,0.0,0.0,2180.7546843014297,1019.8632843014301,1160.8913999999997,2664.76768430143,1019.8632843014301,1644.9044,0
37.0,0.0,117.0,195.0,31188.9181978021,31188.9181978021,0.0,476.264669971773,476.264669971773,0.0,1531.60155183027,ra,4.0,4.0,0.0,663.2,663.2,0.0,1019.8632843014301,1019.8632843014301,0.0,431.6212843014301,431.6212843014301,0.0,1
37.0,2.0,18.0,196.0,64809.525076994905,32882.2900340846,31927.2350429103,2677.02300367325,2677.02300367325,0.0,9891.28354449013,link,0.0,0.0,0.0,0.0,0.0,0.0,1592.5126843014298,431.6212843014301,1160.8913999999997,2013.8396843014298,852.94828430143,1160.8913999999997,0
38.0,2.0,17.0,197.0,73980.9084088181,36437.7364219997,37543.1719868184,8581.89596317837,0.0,8581.89596317837,0.0,link,0.0,0.0,0.0,0.0,0.0,0.0,531.3833099999999,531.3833099999999,0.0,1882.05531,531.3833099999999,1350.672,0
38.0,1.0,118.0,198.0,38288.3848812199,0.0,38288.3848812199,3563.20063608103,0.0,3563.20063608103,5385.57294187173,ra,18.0,0.0,18.0,2984.4,0.0,2984.4,2423.601,0.0,2423.601,0.0,0.0,0.0,1
38.0,0.0,119.0,199.0,38355.5663129252,38355.5663129252,0.0,2619.00122524035,2619.00122524035,0.0,7097.78606046679,ra,0.0,-0.0,0.0,0.0,0.0,0.0,531.3833099999999,531.3833099999999,0.0,943.57831,943.57831,0.0,0
38.0,1.0,123.0,200.0,41712.9401712972,0.0,41712.9401712972,2031.11145511135,0.0,2031.11145511135,14257.7141698898,ra,0.0,0.0,-0.0,1.0658141036401503e-14,0.0,1.0658141036401503e-14,2103.932,0.0,2103.932,2423.601,0.0,2423.601,0
38.0,0.0,124.0,201.0,40728.8663078391,40728.8663078391,0.0,2848.88985060576,2848.88985060576,0.0,14300.5054996462,ra,2.0,2.0,0.0,331.6,331.6,0.0,943.57831,943.57831,0.0,1060.35431,1060.35431,0.0,1
38.0,2.0,22.0,202.0,105896.4428578996,51540.438437961,54356.0044199386,8230.02197998083,8230.02197998083,0.0,31585.4341675124,link,0.0,0.0,0.0,0.0,0.0,0.0,3164.2863099999995,1060.35431,2103.9319999999993,4459.578309999999,2355.6463099999996,2103.932,0
39.0,2.0,17.0,203.0,25562.2788538132,12328.3002896388,13233.9785641744,1988.33296352279,0.0,1988.33296352279,0.0,link,0.0,0.0,0.0,0.0,0.0,0.0,896.0020199999999,475.84619999999995,420.15582,1208.93802,475.84619999999995,733.09182,0
39.0,2.0,24.0,204.0,21529.4529436522,10591.5844792127,10937.8684644395,1897.36879079567,1897.36879079567,0.0,17071.729881247,link,0.0,0.0,0.0,0.0,0.0,0.0,896.0020199999999,475.84619999999995,420.15582,1194.62202,774.4662,420.15582,0
40.0,2.0,18.0,205.0,25932.8384078479,12821.1458632264,13111.6925446215,1674.79594495223,0.0,1674.79594495223,0.0,link,0.0,0.0,0.0,0.0,0.0,0.0,885.980387290429,597.552787290429,288.42760000000004,1149.5703872904292,597.552787290429,552.0176,0
40.0,2.0,26.0,206.0,22387.8945153677,11334.7070106569,11053.1875047108,1671.62669728314,1671.62669728314,0.0,13785.5992106443,link,0.0,0.0,0.0,0.0,0.0,0.0,885.980387290429,597.552787290429,288.42760000000004,1149.071387290429,860.6437872904289,288.42760000000004,0
41.0,2.0,18.0,207.0,65100.0643805413,32409.6776559215,32690.3867246198,8031.94834387227,0.0,8031.94834387227,0.0,link,0.0,0.0,0.0,0.0,0.0,0.0,910.639697011001,910.639697011001,0.0,2174.757697011001,910.639697011001,1264.118,0
41.0,1.0,126.0,208.0,33015.8306660751,0.0,33015.8306660751,515.744798385718,0.0,515.744798385718,1570.62189366782,ra,8.0,0.0,8.0,1251.7310487999998,0.0,1251.7310487999998,1170.5600487999998,0.0,1170.5600487999998,0.0,0.0,0.0,1
41.0,0.0,125.0,209.0,32828.8089278736,32828.8089278736,0.0,517.979810454405,517.979810454405,0.0,1588.99980042748,ra,6.0,6.0,0.0,992.162697011001,992.162697011001,0.0,910.639697011001,910.639697011001,0.0,0.0,0.0,0.0,1
41.0,2.0,25.0,210.0,107717.843361102,52411.8634929897,55305.9798681123,8019.3953752296,8019.3953752296,0.0,19664.6825171201,link,0.0,0.0,0.0,0.0,0.0,0.0,1170.5600487999998,0.0,1170.5600487999998,2432.7020488,1262.142,1170.5600487999998,0
42.0,2.0,0.0,211.0,64323.0,34358.0,29965.0,292.1437675,0.0,292.1437675,0.0,link,0.0,0.0,0.0,0.0,0.0,0.0,948.74889,0.0,948.74889,994.7278899999999,0.0,994.7278899999999,0
42.0,2.0,21.0,212.0,64323.0,34358.0,29965.0,334.973321,334.973321,0.0,974.993087217836,link,0.0,0.0,0.0,0.0,0.0,0.0,948.74889,0.0,948.74889,1001.46889,52.72,948.74889,0
43.0,2.0,20.0,213.0,150198.49863614672,75767.4489434685,74431.0496926782,256.538715958994,0.0,256.538715958994,0.0,link,0.0,0.0,0.0,0.0,0.0,0.0,1649.4224174400001,1649.4224174400001,0.0,1689.79841744,1649.4224174400001,40.376,0
43.0,2.0,127.0,214.0,143910.6207571261,71622.8655725805,72287.7551845456,14695.55070776022,7361.67405319568,7333.87665456454,10005.6920912667,ra,20.0,20.0,0.0,3316.0000000000014,1.00313172571407,3314.9968682742874,3810.168285714288,1649.4224174400001,2160.7458682742877,2807.045285714286,2807.045285714286,0.0,1
43.0,2.0,22.0,215.0,143835.3128743358,71573.2272359724,72262.0856383634,254.135111440735,254.135111440735,0.0,10360.6755425037,link,0.0,0.0,0.0,0.0,0.0,0.0,4967.791153988574,2807.045285714286,2160.7458682742877,5007.788153988574,2847.042285714286,2160.7458682742877,0
44.0,2.0,20.0,216.0,153959.0,74263.0,79696.0,3498.6544,0.0,3498.6544,0.0,link,0.0,0.0,0.0,0.0,0.0,0.0,1795.65337,277.6532,1518.00017,2346.2933700000003,277.6532,2068.64017,0
44.0,2.0,21.0,217.0,153959.0,74263.0,79696.0,3260.1457,3260.1457,0.0,4390.04714603225,link,0.0,0.0,0.0,0.0,0.0,0.0,1795.65337,277.6532,1518.00017,2308.75537,790.7552000000001,1518.00017,0
45.0,2.0,20.0,218.0,62196.7600253059,32348.664026557,29848.0959987489,1778.43165752251,0.0,1778.43165752251,0.0,link,0.0,0.0,0.0,0.0,0.0,0.0,384.2154887999999,360.631172,23.584316799999897,664.1164887999998,360.631172,303.4853167999999,0
45.0,2.0,129.0,219.0,59803.760630072604,31496.7732925594,28306.9873375132,6019.40155695864,3144.57563370826,2874.82592325038,9849.37897275001,ra,10.0,0.0,10.0,1658.0,749.72506,908.2749399999999,840.0324287999999,360.631172,479.40125679999994,129.40342879999992,105.819112,23.584316799999897,1
45.0,2.0,27.0,220.0,59265.8366310976,31619.7156039958,27646.1210271018,2008.7677610147,2008.7677610147,0.0,16227.5537304541,link,0.0,0.0,0.0,0.0,0.0,0.0,585.2203688,105.819112,479.40125679999994,901.3723688,421.971112,479.40125679999994,0
46.0,2.0,21.0,221.0,122056.3633115633,58092.1447118619,63964.2185997014,6279.26064472807,0.0,6279.26064472807,0.0,link,0.0,0.0,0.0,0.0,0.0,0.0,1784.2381399999997,574.61664,1209.6214999999997,2772.5071399999997,574.61664,2197.8905,0
46.0,2.0,23.0,222.0,131872.7061463396,62497.919354533,69374.7867918066,5678.0443937591,5678.0443937591,0.0,9404.55520736285,link,0.0,0.0,0.0,0.0,0.0,0.0,1784.2381399999997,574.61664,1209.6214999999997,2677.88414,1468.2626400000001,1209.6214999999997,0
47.0,2.0,22.0,223.0,38579.2955378498,18952.692150841,19626.6033870088,1763.21916642734,0.0,1763.21916642734,0.0,link,0.0,0.0,0.0,0.0,0.0,0.0,1415.9790399885733,1315.7478837142858,100.23115627428746,1693.4850399885731,1315.7478837142858,377.73715627428743,0
47.0,2.0,128.0,224.0,35162.6248298969,17399.4597199651,17763.1651099318,7435.63799543393,3663.38542984375,3772.25256559018,19815.1127809066,ra,18.0,18.0,0.0,2954.796259439998,1892.3138837142856,1062.4823757257125,1884.7604157142857,1315.7478837142858,569.012532,100.23115627428746,0.0,100.23115627428746,1
47.0,2.0,28.0,225.0,35062.119983040204,16961.1414488018,18100.9785342384,1675.65153554322,1675.65153554322,0.0,29618.3313222541,link,0.0,0.0,0.0,0.0,0.0,0.0,569.012532,0.0,569.012532,832.7365319999999,263.724,569.012532,0
48.0,2.0,24.0,226.0,16009.99993438885,7856.99996682075,8152.9999675681,2252.38793848172,0.0,2252.38793848172,0.0,link,0.0,0.0,0.0,0.0,0.0,0.0,471.72536,471.72536,0.0,826.22036,471.72536,354.495,0
48.0,2.0,0.0,227.0,10228.9496360124,5180.36917753558,5048.58045847682,2203.40390841478,2203.40390841478,0.0,34790.8303429051,link,0.0,0.0,0.0,0.0,0.0,0.0,471.72536,471.72536,0.0,818.5103600000001,818.5103600000001,0.0,0
50.0,2.0,23.0,230.0,167288.29083468,89420.7692084569,77867.5216262231,2077.52908786604,0.0,2077.52908786604,0.0,link,0.0,0.0,0.0,0.0,0.0,0.0,2450.399748,1480.5267479999998,969.873,2777.373748,1480.5267479999998,1296.847,0
50.0,2.0,25.0,231.0,167733.1420677742,89424.5683491475,78308.5737186267,2379.09007339684,2379.09007339684,0.0,2660.51340881896,link,0.0,0.0,0.0,0.0,0.0,0.0,2450.399748,1480.5267479999998,969.873,2824.8357479999995,1854.9627479999997,969.873,0
51.0,2.0,23.0,232.0,68004.42841151671,33685.4721908872,34318.9562206295,2606.49863917702,0.0,2606.49863917702,0.0,link,0.0,0.0,0.0,0.0,0.0,0.0,1173.8773919999999,829.5328919999998,344.3445,1584.1043919999997,829.5328919999998,754.5715,0
51.0,0.0,130.0,233.0,33100.9959033154,33100.9959033154,0.0,783.162954686691,783.162954686691,0.0,2344.99727996629,ra,3.0,3.0,0.0,497.40000000000026,497.40000000000026,0.0,829.5328919999998,829.5328919999998,0.0,455.3918919999997,455.3918919999997,0.0,1
51.0,2.0,27.0,234.0,64426.2356563276,31754.4889250316,32671.746731296,1762.79400434887,1762.79400434887,0.0,7784.58868214326,link,0.0,0.0,0.0,0.0,0.0,0.0,799.7363919999997,455.3918919999997,344.3445,1077.1763919999996,732.8318919999996,344.3445,0
53.0,2.0,24.0,237.0,26623.0,13216.0,13407.0,1301.2096815,0.0,1301.2096815,0.0,link,0.0,0.0,0.0,0.0,0.0,0.0,841.98242,641.92722,200.0552,1046.77442,641.92722,404.8472,0
53.0,2.0,28.0,238.0,26623.0,13216.0,13407.0,1282.672272,1282.672272,0.0,9705.48649135397,link,0.0,0.0,0.0,0.0,0.0,0.0,841.98242,641.92722,200.0552,1043.85742,843.80222,200.0552,0
54.0,2.0,25.0,239.0,63790.743083652196,33602.5555376766,30188.1875459756,914.669079332492,0.0,914.669079332492,0.0,link,0.0,0.0,0.0,0.0,0.0,0.0,1120.6276991999998,1120.6276991999998,0.0,1264.5836991999997,1120.6276991999998,143.956,0
54.0,2.0,131.0,240.0,33762.4415586177,17029.2127372484,16733.2288213693,7185.4180023402205,3714.28097177565,3471.13703056457,14118.0595783865,ra,14.0,0.0,14.0,2321.2000000000007,999.7089063547861,1321.4910936452145,1895.8097928452144,1120.6276991999998,775.1820936452145,705.4957928452138,705.4957928452138,0.0,1
54.0,2.0,26.0,241.0,32484.7744574449,16371.3543459377,16113.4201115072,929.571492526024,929.571492526024,0.0,19751.6727385701,link,0.0,0.0,0.0,0.0,0.0,0.0,1480.6778864904284,705.4957928452138,775.1820936452145,1626.9798864904283,851.7977928452138,775.1820936452145,0
55.0,2.0,26.0,242.0,35611.1999360093,17306.4999689679,18304.6999670414,3651.95402706089,0.0,3651.95402706089,0.0,link,0.0,0.0,0.0,0.0,0.0,0.0,1223.5988864904284,1223.5988864904284,0.0,1798.3658864904285,1223.5988864904284,574.767,0
55.0,2.0,132.0,243.0,34335.6700861098,16687.9002306099,17647.7698554999,3806.71617873812,1850.01487529755,1956.70130344057,10714.2329169781,ra,11.0,0.0,11.0,1822.7238864904284,1514.7658864904283,307.958,1223.5988864904284,1223.5988864904284,0.0,0.0,0.0,0.0,1
55.0,2.0,0.0,244.0,9015.00027880696,4116.00014201232,4899.00013679464,3382.27393180499,3382.27393180499,0.0,47911.3668726574,link,0.0,0.0,0.0,0.0,0.0,0.0,0.0,0.0,0.0,532.323,532.323,0.0,0
56.0,2.0,27.0,245.0,67553.5172847849,34432.267085203,33121.2501995819,2367.02370971695,0.0,2367.02370971695,0.0,link,0.0,0.0,0.0,0.0,0.0,0.0,703.5942471999998,703.5942471999998,0.0,1076.1312471999997,703.5942471999998,372.537,0
56.0,1.0,134.0,246.0,28345.0537807391,0.0,28345.0537807391,1429.46120190489,0.0,1429.46120190489,14670.9425066938,ra,6.0,0.0,6.0,994.8000000000001,0.0,994.8000000000001,769.822,0.0,769.822,0.0,0.0,0.0,1
56.0,0.0,133.0,247.0,28758.648000424,28758.648000424,0.0,4635.2223561875,4635.2223561875,0.0,14715.488271793,ra,0.0,-0.0,0.0,0.0,0.0,0.0,703.5942471999998,703.5942471999998,0.0,1433.1142472,1433.1142472,0.0,0
56.0,2.0,135.0,248.0,47006.1040822862,24072.8864014428,22933.2176808434,5972.33806438385,1468.70673835056,4503.63132603329,20490.1826432686,ra,12.0,0.0,12.0,1965.5222471999996,1505.309129552941,460.21311764705877,1954.3393648470587,1433.1142472,521.2251176470588,928.7811176470591,158.9591176470591,769.822,1
56.0,2.0,29.0,249.0,45237.3265637856,23422.054813021,21815.2717507646,2510.31569035993,2510.31569035993,0.0,31051.5111500156,link,0.0,0.0,0.0,0.0,0.0,0.0,680.1842352941179,158.9591176470591,521.2251176470588,1075.273235294118,554.0481176470591,521.2251176470588,0
57.0,2.0,28.0,250.0,21608.0,10785.0,10823.0,664.304917,0.0,664.304917,0.0,link,0.0,0.0,0.0,0.0,0.0,0.0,443.010488,443.010488,0.0,547.562488,443.010488,104.552,0
57.0,2.0,0.0,251.0,21608.0,10785.0,10823.0,661.972515,661.972515,0.0,6137.90628624439,link,0.0,0.0,0.0,0.0,0.0,0.0,443.010488,443.010488,0.0,547.1954880000001,547.1954880000001,0.0,0
59.0,2.0,29.0,254.0,41763.642422810604,21836.3114479028,19927.3309749078,64.1922987606669,0.0,64.1922987606669,0.0,link,0.0,0.0,0.0,0.0,0.0,0.0,1079.9410000000003,486.7600000000001,593.181,1090.0440000000003,486.7600000000002,603.284,0
59.0,0.0,137.0,255.0,11226.9471972143,11226.9471972143,0.0,4281.44265472418,4281.44265472418,0.0,25939.71611319,ra,7.0,7.0,0.0,1160.6000000000004,1160.6000000000004,0.0,486.7600000000002,486.7600000000002,0.0,0.0,0.0,0.0,1
59.0,1.0,138.0,256.0,8142.41876965786,0.0,8142.41876965786,3768.95103150065,0.0,3768.95103150065,26235.4919576393,ra,0.0,0.0,-0.0,0.0,0.0,0.0,0.0,0.0,0.0,593.181,0.0,593.181,0
59.0,2.0,0.0,257.0,19030.16772086208,11064.8956674036,7965.27205345848,121.795390046012,121.795390046012,0.0,27032.7504548799,link,0.0,0.0,0.0,0.0,0.0,0.0,0.0,0.0,0.0,19.169,19.169,0.0,0
60.0,2.0,29.0,258.0,15204.99963875321,7325.99983936264,7878.99979939057,589.761879951074,0.0,589.761879951074,0.0,link,0.0,0.0,0.0,0.0,0.0,0.0,452.2322705882354,347.1996352941177,105.03263529411771,545.0522705882354,347.1996352941177,197.8526352941177,0
60.0,2.0,136.0,259.0,13825.298552554461,6712.48148642337,7112.81706613109,1621.703087201606,781.773481624616,839.92960557699,10738.6315701673,ra,3.0,0.0,3.0,497.4000000000001,470.23963529411776,27.1603647058823,347.1996352941177,347.1996352941177,0.0,105.03263529411771,0.0,105.03263529411771,1
60.0,2.0,0.0,260.0,9900.0011340695,4967.00050429217,4933.00062977733,588.144298822839,588.144298822839,0.0,22135.2935483001,link,0.0,0.0,0.0,0.0,0.0,0.0,0.0,0.0,0.0,92.566,92.566,0.0,0
