Time of calculation: 20220104-123214; value of objective: 77789701098611.28;  acc=2500;  cfix=7000;  cvar=17750;  eta=0.33;  mu=0.18;  i=
segment_id,dir,type_ID,POI_ID,traffic_flow,traffic_flow_0,traffic_flow_1,energy_demand,energy_demand_0,energy_demand_1,dist_along_segment,pois_type,pYi_dir,pYi_dir_0,pYi_dir_1,pE_charged,pE_charged_0,pE_charged_1,pE_input,pE_input_0,pE_input_1,pE_output,pE_output_0,pE_output_1,pXi
0.0,2.0,0.0,0.0,26540.63611205301,13243.023903864512,13297.612208188497,4423.921231438179,0.0,4423.921231438179,0.0,link,0.0,0.0,0.0,0.0,0.0,0.0,16.73464148998785,0.0,16.73464148998785,566.6213612241413,0.0,566.6213612241413,0
0.0,2.0,1.0,1.0,26594.77697992819,13269.441574912722,13325.335405015468,810.0039769207759,31.774775427221,778.2292014935549,239.71582410116363,ra,5.0,0.0,5.0,250.0,0.0,250.0,167.05807257619148,0.0,167.05807257619148,20.8043944451756,4.069752955187749,16.73464148998785,1
0.0,2.0,0.0,2.0,45891.071384772644,24132.535484801192,21758.535899971448,10453.078391900737,5371.86342144895,5081.214970451788,24427.46216029796,ra,0.0,0.0,0.0,0.0,0.0,0.0,171.12782553137922,4.069752955187749,167.05807257619148,167.05807257619148,0.0,167.05807257619148,0
0.0,1.0,2.0,3.0,5594.606273434111,0.0,5594.606273434111,2065.9854049899545,0.0,2065.9854049899545,68504.60131061138,ra,0.0,0.0,0.0,0.0,0.0,0.0,167.05807257619148,0.0,167.05807257619148,167.05807257619148,0.0,167.05807257619148,0
0.0,0.0,3.0,4.0,4553.083889317481,4553.083889317481,0.0,7187.448325138304,7187.448325138304,0.0,79329.13749040988,ra,0.0,0.0,0.0,0.0,0.0,0.0,0.0,0.0,0.0,920.5773657941205,920.5773657941205,0.0,0
0.0,2.0,4.0,5.0,7895.539602766943,4645.32330643337,3250.2162963335736,2342.9750495919843,1038.6617908113935,1304.3132587805906,104473.7124161702,ra,3.0,0.0,3.0,150.0,0.0,150.0,1211.7195426888482,920.5773657941205,291.1421768947276,1220.6685388646738,1053.6104662884823,167.05807257619148,1
0.0,2.0,5.0,6.0,19815.36822147169,9562.72950758806,10252.63871388363,7959.026265117185,2076.9550358924675,5882.071229224718,133409.21035475997,ra,0.0,0.0,0.0,0.0,0.0,0.0,1344.7526431832098,1053.6104662884823,291.1421768947276,1610.771640374112,1319.6294634793844,291.1421768947276,0
0.0,2.0,6.0,7.0,38420.41317046725,19234.66349454688,19185.749675920368,10291.73164091456,4957.101208651553,5334.630432263007,173065.41379977632,ra,2.0,0.0,2.0,100.0,100.0,0.0,1702.3798600140187,1319.6294634793844,382.75039653463426,1225.1059937605933,933.9638168658656,291.1421768947276,1
0.0,1.0,7.0,8.0,21229.45737990749,0.0,21229.45737990749,31.90719068892483,0.0,31.90719068892483,176940.22069628988,ra,0.0,0.0,0.0,0.0,0.0,0.0,378.66368366720855,0.0,378.66368366720855,382.75039653463426,0.0,382.75039653463426,0
0.0,2.0,0.0,9.0,50605.7308716768,25638.902393873523,24966.82847780328,5210.178551742356,5210.178551742356,0.0,194059.96494613093,link,0.0,0.0,0.0,0.0,0.0,0.0,2205.840612298744,933.9638168658656,1271.8767954328785,1979.9536821634247,1601.2899984962162,378.66368366720855,0
1.0,2.0,0.0,10.0,41635.269674683135,21021.62675530025,20613.64291938288,39.776186500955454,0.0,39.776186500955454,0.0,link,0.0,0.0,0.0,0.0,0.0,0.0,1979.098750965116,1521.6221556479147,457.47659531720143,1722.654325261721,1265.1777299445196,457.47659531720143,0
1.0,2.0,8.0,11.0,39859.943598360216,20128.71002741653,19731.23357094369,2276.328443367862,1715.7273142405495,560.6011291273123,8218.215919324155,ra,2.0,0.0,2.0,100.0,100.0,0.0,1650.8518318916836,1265.1777299445196,385.6741019471639,1581.6398802762014,1124.163284959,457.47659531720143,1
1.0,0.0,9.0,12.0,15021.9786197919,15021.9786197919,0.0,1426.8426564048834,1426.8426564048834,0.0,16747.064047816148,ra,0.0,0.0,0.0,0.0,0.0,0.0,1124.163284959,1124.163284959,0.0,1124.163284959,1124.163284959,0.0,0
1.0,2.0,10.0,13.0,29629.27020666332,14994.151703987822,14635.1185026755,191.32891529796464,24.711112058686385,166.61780323927826,16911.740762175257,ra,0.0,0.0,0.0,0.0,0.0,0.0,1509.8373869061638,1124.163284959,385.6741019471639,1512.9919960361271,1127.3178940889632,385.6741019471639,0
1.0,2.0,14.0,14.0,23126.81664543996,11846.335117703364,11280.481527736596,2715.588968665061,1386.7595429137232,1328.829425751338,27721.26496153286,ra,0.0,0.0,0.0,0.0,0.0,0.0,1342.7938621491135,1127.3178940889632,215.47596806015034,1108.316694012247,722.642592065083,385.6741019471639,0
1.0,1.0,13.0,15.0,11337.261932088282,0.0,11337.261932088282,1420.2485369302626,0.0,1420.2485369302626,29194.630965596883,ra,0.0,0.0,0.0,0.0,0.0,0.0,215.47596806015034,0.0,215.47596806015034,215.47596806015034,0.0,215.47596806015034,0
1.0,0.0,12.0,16.0,11885.52653584708,11885.52653584708,0.0,208.50481099773148,208.50481099773148,0.0,29478.47368022978,ra,0.0,0.0,0.0,0.0,0.0,0.0,722.642592065083,722.642592065083,0.0,259.2469778720714,259.2469778720714,0.0,0
1.0,0.0,15.0,17.0,11960.17018283512,11960.17018283512,0.0,465.471180470787,465.471180470787,0.0,33381.72336961185,ra,0.0,0.0,0.0,0.0,0.0,0.0,259.2469778720714,259.2469778720714,0.0,315.70007838437874,315.70007838437874,0.0,0
1.0,2.0,16.0,18.0,23460.93532657191,11970.385389125157,11490.549937446756,1768.6682817168698,86.33017164884411,1682.3381100680258,34103.26049306036,ra,0.0,0.0,0.0,0.0,0.0,0.0,315.70007838437874,315.70007838437874,0.0,531.1760464445291,315.70007838437874,215.47596806015034,0
1.0,2.0,0.0,19.0,23472.95328481904,11974.880939958675,11498.072344860364,41.43137038083431,41.43137038083431,0.0,34449.34645750041,link,0.0,0.0,0.0,0.0,0.0,0.0,315.70007838437874,315.70007838437874,0.0,5.306581707590233,5.306581707590233,0.0,0
2.0,2.0,0.0,20.0,68929.16895257494,33758.81379308793,35170.35515948701,2037.3044909279515,0.0,2037.3044909279515,0.0,link,0.0,0.0,0.0,0.0,0.0,0.0,3089.3471447467796,1249.7890663517715,1839.5580783950081,3110.4427415506752,1125.921317931528,1984.5214236191473,0
2.0,1.0,11.0,21.0,34398.2821383792,0.0,34398.2821383792,0.1779942533838276,0.0,0.1779942533838276,2598.411645460739,ra,0.0,0.0,0.0,0.0,0.0,0.0,1839.5352806685419,0.0,1839.5352806685419,1839.5580783950081,0.0,1839.5580783950081,0
2.0,0.0,17.0,22.0,24285.97411997901,24285.97411997901,0.0,5629.753466227842,5629.753466227842,0.0,19826.030918871555,ra,0.0,0.0,0.0,0.0,0.0,0.0,1125.921317931528,1125.921317931528,0.0,1251.4500848428177,1251.4500848428177,0.0,0
2.0,1.0,18.0,23.0,24186.0911430872,0.0,24186.0911430872,4128.069297151063,0.0,4128.069297151063,19924.554475399083,ra,0.0,0.0,0.0,0.0,0.0,0.0,1310.8070050028123,0.0,1310.8070050028123,1839.5352806685419,0.0,1839.5352806685419,0
2.0,0.0,19.0,24.0,24395.8043620461,24395.8043620461,0.0,1107.9496170791724,1107.9496170791724,0.0,24376.283905318956,ra,0.0,0.0,0.0,0.0,0.0,0.0,1251.4500848428177,1251.4500848428177,0.0,762.3419870399407,762.3419870399407,0.0,0
2.0,0.0,20.0,25.0,18382.744960495544,18382.744960495544,0.0,3193.5958308596214,3193.5958308596214,0.0,38424.04808590371,ra,0.0,0.0,0.0,0.0,0.0,0.0,762.3419870399407,762.3419870399407,0.0,1171.3817330512297,1171.3817330512297,0.0,0
2.0,1.0,21.0,26.0,18491.613365488807,0.0,18491.613365488807,4453.992496188428,0.0,4453.992496188428,38987.68062551749,ra,0.0,0.0,0.0,0.0,0.0,0.0,740.3340786003781,0.0,740.3340786003781,1310.8070050028123,0.0,1310.8070050028123,0
2.0,2.0,22.0,27.0,37060.49951410931,18323.84940673533,18736.65010737398,9037.685965220891,4162.991831646682,4874.69413357421,60686.533174562566,ra,3.0,0.0,3.0,150.0,150.0,0.0,1287.358893655756,1171.3817330512297,115.97716060452628,1149.373824611667,409.03974601128886,740.3340786003781,1
2.0,2.0,23.0,28.0,37058.90292655935,18323.112740357166,18735.790186202183,905.6708621966342,0.1740732089699103,905.4967889876642,60687.52230976862,ra,0.0,0.0,0.0,0.0,0.0,0.0,409.03974601128886,409.03974601128886,0.0,115.97716060452628,0.0,115.97716060452628,0
2.0,2.0,0.0,29.0,23931.60016336258,12393.941571693274,11537.658591669302,2066.8759536088314,2066.8759536088314,0.0,74788.45855603463,link,0.0,0.0,0.0,0.0,0.0,0.0,0.0,0.0,0.0,264.7280557331611,264.7280557331611,0.0,0
3.0,2.0,0.0,30.0,27844.0,14880.0,12964.0,276.638796,0.0,276.638796,0.0,link,0.0,0.0,0.0,0.0,0.0,0.0,90.02174187925371,0.0,90.02174187925371,35.432242790175,0.0,35.432242790175,0
3.0,0.0,24.0,31.0,14880.0,14880.0,0.0,43.31568,43.31568,0.0,291.13911748382634,ra,0.0,0.0,0.0,0.0,0.0,0.0,0.0,0.0,0.0,0.0,0.0,0.0,0
3.0,1.0,25.0,32.0,12963.999999999998,0.0,12963.999999999998,50.78647,0.0,50.78647,391.7896627176565,ra,0.0,0.0,0.0,0.0,0.0,0.0,90.02174187925371,0.0,90.02174187925371,90.02174187925371,0.0,90.02174187925371,0
3.0,2.0,1.0,33.0,27844.0,14880.000000000002,12964.0,332.50104000000005,332.50104000000005,0.0,2525.7146416492456,link,0.0,0.0,0.0,0.0,0.0,0.0,372.4342239489618,0.0,372.4342239489618,90.02174187925371,0.0,90.02174187925371,0
4.0,2.0,1.0,34.0,59761.3086274698,30037.341974575906,29723.966652893894,2541.480423000085,0.0,2541.480423000085,0.0,link,0.0,0.0,0.0,0.0,0.0,0.0,1013.3051933101049,0.0,1013.3051933101049,1338.8211827384844,0.0,1338.8211827384844,0
4.0,1.0,29.0,35.0,19741.19620746718,0.0,19741.19620746718,941.1307808897812,0.0,941.1307808897812,27421.918402146952,ra,3.0,0.0,3.0,150.0,0.0,150.0,1042.7639864802654,0.0,1042.7639864802654,1013.3051933101049,0.0,1013.3051933101049,1
4.0,0.0,28.0,36.0,20188.77400206591,20188.77400206591,0.0,6913.407817081132,6913.407817081132,0.0,27456.275537656256,ra,0.0,0.0,0.0,0.0,0.0,0.0,0.0,0.0,0.0,885.4779149715226,885.4779149715226,0.0,0
4.0,2.0,31.0,37.0,24242.046721440067,16011.081415437498,8230.965306002568,10336.618270691582,5459.807289653861,4876.810981037721,57952.436449648114,ra,0.0,0.0,0.0,0.0,0.0,0.0,1876.19802288879,885.4779149715226,990.7201079172673,1928.2419014517882,885.4779149715226,1042.7639864802654,0
4.0,2.0,30.0,38.0,24222.436414627213,16010.688472387346,8211.747942239866,2097.1816748164333,3.698514594089785,2093.4831602223435,57975.56024030675,ra,6.0,0.0,6.0,300.0,0.47371037235426217,299.5262896276457,2030.2011629061526,885.4779149715226,1144.7232479346299,1876.19802288879,885.4779149715226,990.7201079172673,1
4.0,2.0,35.0,39.0,21337.90578167672,10925.606078379402,10412.299703297318,4724.821457700606,2596.3850909026173,2128.436366797988,78476.45534742385,ra,0.0,0.0,0.0,0.0,0.0,0.0,1757.5883725012077,885.4779149715226,872.1104575296852,2362.7494108303235,1218.0261628956935,1144.7232479346299,0
4.0,0.0,40.0,40.0,10876.999998084551,10876.999998084551,0.0,1976.660743966538,1976.660743966538,0.0,96645.26673532616,ra,0.0,0.0,0.0,0.0,0.0,0.0,1218.0261628956935,1218.0261628956935,0.0,332.5482479241708,332.5482479241708,0.0,0
4.0,1.0,41.0,41.0,10239.998724530997,0.0,10239.998724530997,1817.260584824645,0.0,1817.260584824645,99246.70723666706,ra,0.0,0.0,0.0,0.0,0.0,0.0,896.8273533647761,0.0,896.8273533647761,872.1104575296852,0.0,872.1104575296852,0
4.0,2.0,42.0,42.0,15349.448623427987,7293.1561007636,8056.292522664386,2244.8438549829234,2242.944719983224,1.8991349996993472,124531.18468963404,ra,3.0,0.0,3.0,150.0,94.30844379572378,55.691556204276225,1407.5056947946123,332.5482479241708,1074.9574468704416,1229.3756012889469,332.5482479241708,896.8273533647761,1
4.0,2.0,45.0,43.0,29499.999782114108,14928.999812810407,14570.9999693037,9965.395457829238,4949.374190304771,5016.021267524467,160563.71538932095,ra,0.0,0.0,0.0,0.0,0.0,0.0,1523.9293701836664,332.5482479241708,1191.3811222594957,1407.5056947946123,332.5482479241708,1074.9574468704416,0
4.0,2.0,49.0,44.0,29501.249670962527,14929.610924790286,14571.63874617224,7771.3951170941245,964.2534476850196,6807.141669409105,167022.61670697512,ra,0.0,0.0,0.0,0.0,0.0,0.0,833.7575905233834,332.5482479241708,501.2093425992126,1491.3811222594957,300.0,1191.3811222594957,0
4.0,2.0,2.0,45.0,37135.97924873808,18661.98985536135,18473.98939337673,2580.116572311374,2580.116572311374,0.0,182066.4548482201,link,0.0,0.0,0.0,0.0,0.0,0.0,1098.8395247856965,300.0,798.8395247856964,801.2093425992126,300.0,501.2093425992126,0
5.0,2.0,1.0,46.0,68793.7826224039,33913.44536880647,34880.33725359744,3843.82209257494,0.0,3843.82209257494,0.0,link,0.0,0.0,0.0,0.0,0.0,0.0,1072.665731054979,968.5689713291317,104.09675972584733,518.8643897303944,516.6823771907852,2.1820125396091528,0
5.0,1.0,26.0,47.0,36003.524001333615,0.0,36003.524001333615,3895.947466930393,0.0,3895.947466930393,10624.424038435742,ra,0.0,0.0,0.0,0.0,0.0,0.0,104.09675972584733,0.0,104.09675972584733,104.09675972584733,0.0,104.09675972584733,0
5.0,0.0,27.0,48.0,32653.80091590929,32653.80091590929,0.0,4178.141771103933,4178.141771103933,0.0,12028.538687185455,ra,0.0,0.0,0.0,0.0,0.0,0.0,516.6823771907852,516.6823771907852,0.0,970.6358682693315,970.6358682693315,0.0,0
5.0,2.0,32.0,49.0,33127.66797826424,16315.8916479239,16811.776330340337,9152.204545843142,5870.836452837575,3281.368093005566,39273.39357565199,ra,4.0,0.0,4.0,200.0,200.0,0.0,1075.367402876261,970.6358682693315,104.73153460692954,1626.6766994201814,1522.5799396943341,104.09675972584733,1
5.0,1.0,36.0,50.0,15728.354223345885,0.0,15728.354223345885,1275.7622080104995,0.0,1275.7622080104995,47330.36386477938,ra,0.0,0.0,0.0,0.0,0.0,0.0,387.35960823931237,0.0,387.35960823931237,104.73153460692954,0.0,104.73153460692954,0
5.0,0.0,39.0,51.0,16181.036957810447,16181.036957810447,0.0,2402.71193975453,2402.71193975453,0.0,54808.46507060479,ra,0.0,0.0,0.0,0.0,0.0,0.0,1522.5799396943341,1522.5799396943341,0.0,1522.5799396943341,1522.5799396943341,0.0,0
5.0,1.0,43.0,52.0,15425.054197747386,0.0,15425.054197747386,6550.9163885109065,0.0,6550.9163885109065,67696.58292643339,ra,0.0,0.0,0.0,0.0,0.0,0.0,640.1162172428943,0.0,640.1162172428943,387.35960823931237,0.0,387.35960823931237,0
5.0,0.0,44.0,53.0,16743.940970134765,16743.940970134765,0.0,2188.52376611744,2188.52376611744,0.0,67916.71774036821,ra,0.0,0.0,0.0,0.0,0.0,0.0,1522.5799396943341,1522.5799396943341,0.0,1050.9447278883608,1050.9447278883608,0.0,0
5.0,1.0,50.0,54.0,23926.865751230227,0.0,23926.865751230227,3865.032082238866,0.0,3865.032082238866,86150.64463711552,ra,0.0,0.0,0.0,0.0,0.0,0.0,707.4937164058177,0.0,707.4937164058177,640.1162172428943,0.0,640.1162172428943,0
5.0,0.0,51.0,55.0,23976.591723992253,23976.591723992253,0.0,3863.210440192499,3863.210440192499,0.0,86198.21188888987,ra,0.0,0.0,0.0,0.0,0.0,0.0,1050.9447278883608,1050.9447278883608,0.0,1050.9447278883608,1050.9447278883608,0.0,0
5.0,2.0,4.0,56.0,48295.998738473485,24204.99925545633,24090.99948301716,3849.659028767285,3849.659028767285,0.0,102115.05106186114,link,0.0,0.0,0.0,0.0,0.0,0.0,2029.6586328749695,1050.9447278883608,978.7139049866088,1758.4384442941787,1050.9447278883608,707.4937164058177,0
6.0,2.0,0.0,57.0,17593.52882743976,9370.089853693322,8223.438973746437,3280.588971659345,0.0,3280.588971659345,0.0,link,0.0,0.0,0.0,0.0,0.0,0.0,0.0,0.0,0.0,420.18193622634345,0.0,420.18193622634345,0
6.0,0.0,34.0,58.0,9440.700126436834,9440.700126436834,0.0,115.62791616056612,115.62791616056612,0.0,1229.5619294335402,ra,0.0,0.0,0.0,0.0,0.0,0.0,0.0,0.0,0.0,0.0,0.0,0.0,0
6.0,0.0,33.0,59.0,9685.754071387502,9685.754071387502,0.0,302.82244713524466,302.82244713524466,0.0,4398.318016945725,ra,0.0,0.0,0.0,0.0,0.0,0.0,0.0,0.0,0.0,0.0,0.0,0.0,0
6.0,1.0,38.0,60.0,13533.136089729269,0.0,13533.136089729269,3267.2679643300085,0.0,3267.2679643300085,19100.037855584003,ra,0.0,0.0,0.0,0.0,0.0,0.0,17.80795897807894,0.0,17.80795897807894,0.0,0.0,0.0,0
6.0,0.0,37.0,61.0,14150.210375121094,14150.210375121094,0.0,1803.67381185194,1803.67381185194,0.0,19123.313502380493,ra,0.0,0.0,0.0,0.0,0.0,0.0,0.0,0.0,0.0,231.01679641426125,231.01679641426125,0.0,0
6.0,2.0,48.0,62.0,30972.88424037613,15986.27621540026,14986.608024975872,5468.198643546355,3421.909443445684,2046.2892001006717,42213.94659999393,ra,3.0,0.0,3.0,150.0,107.36215146929662,42.63784853070338,317.607619959882,231.01679641426125,86.59082354562076,579.745042826371,561.9370838482921,17.80795897807894,1
6.0,2.0,3.0,63.0,43852.38298306345,22912.25382809093,20940.12915497252,3553.9006048965416,3553.9006048965416,0.0,60876.22424217983,link,0.0,0.0,0.0,0.0,0.0,0.0,781.2421863574737,561.9370838482921,219.3051025091815,648.5279073939129,561.9370838482921,86.59082354562076,0
7.0,2.0,0.0,64.0,11819.728833092571,5668.999528653672,6150.729304438899,2312.6327385691666,0.0,2312.6327385691666,0.0,link,0.0,0.0,0.0,0.0,0.0,0.0,0.581149766531535,0.0,0.581149766531535,296.204891946862,0.0,296.204891946862,0
7.0,2.0,46.0,65.0,16750.439961073742,8281.792263693602,8468.64769738014,443.91171562073237,439.3743632250341,4.537352395698317,6667.955447556553,ra,6.0,0.0,6.0,300.0,0.0,300.0,462.2929799040378,0.0,462.2929799040378,56.85676742634793,56.2756176598164,0.581149766531535,1
7.0,2.0,47.0,66.0,16803.00194301874,8309.644744099518,8493.35719891922,469.008092957891,4.438227533612364,464.56986542427865,6721.474926778252,ra,0.0,0.0,0.0,0.0,0.0,0.0,638.693463442803,56.2756176598164,582.4178457829867,519.1370512941437,56.84407139010589,462.2929799040378,0
7.0,2.0,2.0,67.0,31479.264687684805,14962.675134733858,16516.589552950947,2176.386974618303,2176.386974618303,0.0,25294.541879356693,link,0.0,0.0,0.0,0.0,0.0,0.0,639.2619171730926,56.84407139010589,582.4178457829867,918.0162813659231,335.5984355829364,582.4178457829867,0
8.0,2.0,2.0,68.0,14782.369584642798,7482.847541600488,7299.522043042311,571.5351732524385,0.0,571.5351732524385,0.0,link,0.0,0.0,0.0,0.0,0.0,0.0,674.171964468248,602.325956435184,71.84600803306395,610.0453944420951,464.9964469998923,145.04894744220286,0
8.0,2.0,52.0,69.0,9208.206367128356,4168.183876582084,5040.022490546272,1091.488655298786,530.5477835235342,560.9408717752517,9055.824498122218,ra,6.0,0.0,6.0,300.0,300.0,0.0,464.9964469998923,464.9964469998923,0.0,140.68939245593725,68.8433844228733,71.84600803306395,1
8.0,2.0,0.0,70.0,9708.89067456805,5120.673657931851,4588.2170166362,557.603815055505,557.603815055505,0.0,21173.685305885127,link,0.0,0.0,0.0,0.0,0.0,0.0,68.8433844228733,68.8433844228733,0.0,71.4185936370779,71.4185936370779,0.0,0
9.0,2.0,2.0,71.0,31818.423136170015,16104.883545196824,15713.539590973189,3261.4825971182563,0.0,3261.4825971182563,0.0,link,0.0,0.0,0.0,0.0,0.0,0.0,1133.630243868694,174.2145338910594,959.4157099776346,1551.3650117608465,174.2145338910594,1377.1504778697872,0
9.0,2.0,55.0,72.0,36693.05587768159,18116.80864806472,18576.24722961687,5325.486521774037,2708.000893980142,2617.485627793895,15445.371783397328,ra,1.0,0.0,1.0,50.0,50.0,0.0,941.0920762208733,174.2145338910594,766.8775423298139,1430.474383370788,471.0586733931534,959.4157099776346,1
9.0,2.0,7.0,73.0,31601.85426430268,15291.911788888328,16309.942475414353,3142.329967824336,3142.329967824336,0.0,33157.12684688381,link,0.0,0.0,0.0,0.0,0.0,0.0,1659.4554747392965,471.0586733931534,1188.396801346143,1343.565626412274,576.6880840824601,766.8775423298139,0
10.0,2.0,3.0,74.0,31606.669563938915,16070.547455207432,15536.122108731484,43.81406893215462,0.0,43.81406893215462,0.0,link,0.0,0.0,0.0,0.0,0.0,0.0,791.6312008043924,222.04460965390365,569.5865911504887,797.242961520809,222.04460965390365,575.1983518669053,0
10.0,2.0,53.0,75.0,20482.292071415013,10386.965680851748,10095.326390563265,3859.9783717818373,1960.6175793947991,1899.3607923870384,14793.406531478646,ra,3.0,0.0,3.0,150.0,0.0,150.0,698.3586963144701,222.04460965390365,476.3140866605665,1042.7495511452526,473.1629599947638,569.5865911504887,1
10.0,2.0,4.0,76.0,20473.61899569675,10382.534499411437,10091.084496285315,45.07964033000498,45.07964033000498,0.0,15227.535521101405,link,0.0,0.0,0.0,0.0,0.0,0.0,1096.9085144902215,473.1629599947638,623.7455544954578,824.4905955354828,348.17650887491635,476.3140866605665,0
11.0,2.0,3.0,77.0,48420.054142922716,24599.82318293021,23820.230959992503,1269.8213138175106,0.0,1269.8213138175106,0.0,link,0.0,0.0,0.0,0.0,0.0,0.0,695.7857235521124,695.7857235521124,2.842170943040401e-14,453.7831335557802,453.7831335557802,2.842170943040401e-14,0
11.0,2.0,54.0,78.0,48814.99317229718,24295.434711773956,24519.55846052323,3388.4082292149897,1701.6312773650386,1686.7769518499513,6967.487148144968,ra,0.0,0.0,0.0,0.0,0.0,0.0,453.7831335557802,453.7831335557802,2.842170943040401e-14,552.5496257631219,552.5496257631219,2.842170943040401e-14,0
11.0,1.0,56.0,79.0,22284.926619444108,0.0,22284.926619444108,1685.094433220274,0.0,1685.094433220274,14053.388239050711,ra,0.0,0.0,0.0,0.0,0.0,0.0,135.7865785918831,0.0,135.7865785918831,2.842170943040401e-14,0.0,2.842170943040401e-14,0
11.0,2.0,5.0,80.0,42919.8251598076,21285.35848456856,21634.466675239044,2910.8952617885475,2910.8952617885475,0.0,19878.69006465457,link,0.0,0.0,0.0,0.0,0.0,0.0,688.336204355005,552.5496257631219,135.7865785918831,688.336204355005,552.5496257631219,135.7865785918831,0
12.0,2.0,4.0,81.0,53131.67233206281,26537.18348117461,26594.4888508882,1562.324430007989,0.0,1562.324430007989,0.0,link,0.0,0.0,0.0,0.0,0.0,0.0,1938.2144260859689,1389.5828385065658,548.631587579403,1744.0405077939872,1037.8077764973107,706.2327312966764,0
12.0,0.0,58.0,82.0,22288.895823895957,22288.895823895957,0.0,3364.25769729557,3364.25769729557,0.0,13722.635716121396,ra,0.0,0.0,0.0,0.0,0.0,0.0,1037.8077764973107,1037.8077764973107,0.0,1190.3182575830444,1190.3182575830444,0.0,0
12.0,1.0,57.0,83.0,22492.6689728353,0.0,22492.6689728353,3393.592303197099,0.0,3393.592303197099,13775.369179933106,ra,0.0,0.0,0.0,0.0,0.0,0.0,113.97604339553955,0.0,113.97604339553955,548.631587579403,0.0,548.631587579403,0
12.0,2.0,5.0,84.0,44751.07719214048,22273.03927625819,22478.037915882287,1559.840879232986,1559.840879232986,0.0,20725.095833182608,link,0.0,0.0,0.0,0.0,0.0,0.0,1304.294300978584,1190.3182575830444,113.97604339553955,878.5838197104923,764.6077763149527,113.97604339553955,0
13.0,2.0,4.0,85.0,25987.610544625633,13119.378445562592,12868.232099063043,1205.3834904693945,0.0,1205.3834904693945,0.0,link,0.0,0.0,0.0,0.0,0.0,0.0,1415.3617666160662,341.5302304380352,1073.831536178031,1268.0905137860643,39.87195341935023,1228.2185603667142,0
13.0,2.0,59.0,86.0,13974.00634747334,7033.004117758563,6941.002229714777,6883.850493770728,3777.525971618388,3106.32452215234,36309.89528647439,ra,0.0,0.0,0.0,0.0,0.0,0.0,715.841561894457,39.87195341935023,675.9696084751067,1073.831536178031,0.0,1073.831536178031,0
13.0,1.0,63.0,87.0,7362.494657393186,0.0,7362.494657393186,661.497609325267,0.0,661.497609325267,54986.89266391457,ra,0.0,0.0,0.0,0.0,0.0,0.0,659.7231605752208,0.0,659.7231605752208,675.9696084751067,0.0,675.9696084751067,0
13.0,0.0,62.0,88.0,7963.314490087364,7963.314490087364,0.0,1395.6084792930023,1395.6084792930023,0.0,55258.29185590623,ra,0.0,0.0,0.0,0.0,0.0,0.0,0.0,0.0,0.0,178.75127853844685,178.75127853844685,0.0,0
13.0,2.0,70.0,89.0,20915.585370117602,10623.723419117588,10291.861951000015,6679.2986941238505,3389.0040936651603,3290.29460045869,85720.88488710183,ra,0.0,0.0,0.0,0.0,0.0,0.0,433.06002829976455,178.75127853844685,254.30874976131773,1272.5423196854185,612.8191591101977,659.7231605752208,0
13.0,1.0,71.0,90.0,10312.666692975632,0.0,10312.666692975632,1325.8702777004075,0.0,1325.8702777004075,92148.0377185692,ra,0.0,0.0,0.0,0.0,0.0,0.0,84.4896272556024,0.0,84.4896272556024,254.30874976131773,0.0,254.30874976131773,0
13.0,0.0,75.0,91.0,10865.41330620228,10865.41330620228,0.0,2225.2267853650983,2225.2267853650983,0.0,106351.19825280692,ra,0.0,0.0,0.0,0.0,0.0,0.0,612.8191591101977,612.8191591101977,0.0,897.8289873132412,897.8289873132412,0.0,0
13.0,2.0,80.0,92.0,21769.313571554885,10924.77173173255,10844.541839822334,5231.405901354321,1587.860206417783,3643.5456949365375,121274.1282993086,ra,6.0,0.0,6.0,300.0,0.0,300.0,1282.3186145688437,897.8289873132412,384.48962725560244,1185.6937346320913,1101.2041073764888,84.4896272556024,1
13.0,2.0,8.0,93.0,20326.83796736937,10049.65492309056,10277.18304427881,1199.9706688262263,1199.9706688262263,0.0,132616.96921985535,link,0.0,0.0,0.0,0.0,0.0,0.0,1554.6231290294277,1101.2041073764888,453.4190216529388,1639.3874778586903,1254.8978506030878,384.48962725560244,0
14.0,2.0,5.0,94.0,94497.82264774677,47019.26687675304,47478.55577099372,936.3425207579636,0.0,936.3425207579636,0.0,link,0.0,0.0,0.0,0.0,0.0,0.0,1307.8963337633838,1067.394780090652,240.50155367273183,1067.394780090652,1067.394780090652,0.0,0
14.0,0.0,61.0,95.0,46935.18990316021,46935.18990316021,0.0,2174.788745042169,2174.788745042169,0.0,4629.482620571615,ra,0.0,0.0,0.0,0.0,0.0,0.0,1067.394780090652,1067.394780090652,0.0,883.2121603343256,883.2121603343256,0.0,0
14.0,1.0,60.0,96.0,47664.75200387175,0.0,47664.75200387175,2204.32457448694,0.0,2204.32457448694,4633.73189838993,ra,0.0,0.0,0.0,0.0,0.0,0.0,727.2048489103686,0.0,727.2048489103686,240.50155367273183,0.0,240.50155367273183,0
14.0,2.0,6.0,97.0,94641.69117202783,46900.62074452682,47741.07042750101,922.9194205020584,922.9194205020584,0.0,6596.600389256655,link,0.0,0.0,0.0,0.0,0.0,0.0,2958.2551116620944,883.2121603343256,2075.0429513277686,1462.962211410314,735.7573624999455,727.2048489103686,0
15.0,2.0,6.0,98.0,75207.49134104664,44538.30191090561,30669.189430141025,1884.850151816533,0.0,1884.850151816533,0.0,link,0.0,0.0,0.0,0.0,0.0,0.0,1790.4471772093548,1790.4471772093548,0.0,417.8811217891458,417.8811217891458,0.0,0
15.0,1.0,64.0,99.0,16721.32745245393,0.0,16721.32745245393,6515.564241999581,0.0,6515.564241999581,25738.743223846097,ra,0.0,0.0,0.0,0.0,0.0,0.0,0.0,0.0,0.0,0.0,0.0,0.0,0
15.0,0.0,65.0,100.0,16271.068415411031,16271.068415411031,0.0,7891.47329091754,7891.47329091754,0.0,25740.902218562274,ra,0.0,0.0,0.0,0.0,0.0,0.0,417.8811217891458,417.8811217891458,0.0,0.0,0.0,0.0,0
15.0,2.0,0.0,101.0,10998.091984936455,5379.561945168664,5618.530039767791,1825.012570497084,1825.012570497084,0.0,48631.17855592899,link,0.0,0.0,0.0,0.0,0.0,0.0,0.0,0.0,0.0,233.74989129497965,233.74989129497965,0.0,0
16.0,2.0,6.0,102.0,79740.5667298025,40135.953102102525,39604.61362769997,2800.895581315986,0.0,2800.895581315986,0.0,link,0.0,0.0,0.0,0.0,0.0,0.0,3468.4947291985345,348.7520851678926,3119.742644030642,3661.4839196659386,182.99906846086813,3478.4848512050703,0
16.0,1.0,66.0,103.0,29014.9759926702,0.0,29014.9759926702,4194.662066106028,0.0,4194.662066106028,12316.83855333374,ra,0.0,0.0,0.0,0.0,0.0,0.0,2582.4850832761995,0.0,2582.4850832761995,3119.742644030642,0.0,3119.742644030642,0
16.0,0.0,67.0,104.0,29278.008085254503,29278.008085254503,0.0,4585.787822607259,4585.787822607259,0.0,12575.946688510528,ra,0.0,0.0,0.0,0.0,0.0,0.0,182.99906846086813,182.99906846086813,0.0,770.3525050151842,770.3525050151842,0.0,0
16.0,0.0,72.0,105.0,28145.02656728497,28145.02656728497,0.0,3642.99524799985,3642.99524799985,0.0,25449.08031583349,ra,0.0,0.0,0.0,0.0,0.0,0.0,770.3525050151842,770.3525050151842,0.0,1097.0676778508998,1097.0676778508998,0.0,0
16.0,1.0,74.0,106.0,25731.855828829863,0.0,25731.855828829863,3150.32793358614,0.0,3150.32793358614,32933.75197391795,ra,0.0,0.0,0.0,0.0,0.0,0.0,2178.9871436325698,0.0,2178.9871436325698,2582.4850832761995,0.0,2582.4850832761995,0
16.0,0.0,76.0,107.0,25418.722177742115,25418.722177742115,0.0,6370.068704760761,6370.068704760761,0.0,49497.46890143416,ra,0.0,0.0,0.0,0.0,0.0,0.0,1097.0676778508998,1097.0676778508998,0.0,1911.9819005175084,1911.9819005175084,0.0,0
16.0,1.0,77.0,108.0,25469.36930201462,0.0,25469.36930201462,3629.483350372933,0.0,3629.483350372933,49565.51842080065,ra,0.0,0.0,0.0,0.0,0.0,0.0,1714.1183792626166,0.0,1714.1183792626166,2178.9871436325698,0.0,2178.9871436325698,0
16.0,1.0,82.0,109.0,26935.54974771189,0.0,26935.54974771189,4731.076881969367,0.0,4731.076881969367,67595.96875209869,ra,0.0,0.0,0.0,0.0,0.0,0.0,1108.1561383738776,0.0,1108.1561383738776,1714.1183792626166,0.0,1714.1183792626166,0
16.0,0.0,83.0,110.0,27462.47510980443,27462.47510980443,0.0,5057.102637456699,5057.102637456699,0.0,68666.07464325256,ra,0.0,0.0,0.0,0.0,0.0,0.0,1911.9819005175084,1911.9819005175084,0.0,2517.5592111375868,2517.5592111375868,0.0,0
16.0,1.0,86.0,111.0,27163.152752819547,0.0,27163.152752819547,4196.376907454115,0.0,4196.376907454115,81021.89267340553,ra,0.0,0.0,0.0,0.0,0.0,0.0,650.487773586235,0.0,650.487773586235,1108.1561383738776,0.0,1108.1561383738776,0
16.0,0.0,89.0,112.0,29187.99844762554,29187.99844762554,0.0,6653.928103269676,6653.928103269676,0.0,92123.37906601596,ra,0.0,0.0,0.0,0.0,0.0,0.0,2517.5592111375868,2517.5592111375868,0.0,3369.802640014496,3369.802640014496,0.0,0
16.0,1.0,90.0,113.0,28376.998666581203,0.0,28376.998666581203,5601.684775109653,0.0,5601.684775109653,92203.5095301381,ra,0.0,0.0,0.0,0.0,0.0,0.0,766.9329556186192,0.0,766.9329556186192,650.487773586235,0.0,650.487773586235,0
16.0,2.0,94.0,114.0,71124.20344709541,35553.82790120941,35570.375545886,8755.239718801102,4299.63877333859,4455.600945462512,106046.11656904333,ra,2.0,0.0,2.0,99.99999999999999,0.0,99.99999999999999,4317.979290762241,3369.802640014496,948.1766507477456,4687.438704270789,3920.505748652169,766.9329556186192,1
16.0,2.0,12.0,115.0,71147.99996754559,35564.99998476318,35582.99998278241,2799.48715587504,2799.48715587504,0.0,113917.81076099534,link,0.0,0.0,0.0,0.0,0.0,0.0,5077.878370542278,3920.505748652169,1157.372621890109,5227.244213683335,4279.067562935589,948.1766507477456,0
18.0,2.0,7.0,118.0,26949.99999999783,13587.999999998794,13361.999999999038,1262.350888686173,0.0,1262.350888686173,0.0,link,0.0,0.0,0.0,0.0,0.0,0.0,1979.0377468475276,441.2876728068591,1537.7500740406686,1907.1910105359339,207.75745673372944,1699.4335538022044,0
18.0,0.0,68.0,119.0,13587.918618998609,13587.918618998609,0.0,1673.7828719547792,1673.7828719547792,0.0,12318.138045343778,ra,0.0,0.0,0.0,0.0,0.0,0.0,207.75745673372944,207.75745673372944,0.0,207.75745673372944,207.75745673372944,0.0,0
18.0,1.0,69.0,120.0,13361.93226547554,0.0,13361.93226547554,3620.13302138755,0.0,3620.13302138755,12346.305678813724,ra,0.0,0.0,0.0,0.0,0.0,0.0,1074.0789114950744,0.0,1074.0789114950744,1537.7500740406686,0.0,1537.7500740406686,0
18.0,2.0,73.0,121.0,21133.145613699366,10354.073130248858,10779.072483450507,3099.0639764514967,1773.464093458567,1325.5998829929297,27186.329383912336,ra,6.0,0.0,6.0,300.0,101.08579240377601,198.91420759622397,1386.6124434422213,207.75745673372944,1178.8549867084919,1407.898073745318,333.8191622502435,1074.0789114950744,1
18.0,2.0,81.0,122.0,17024.72901544851,8263.2955761644,8761.433439284106,10407.127018587838,5132.593422062407,5274.533596525431,76811.9776614867,ra,0.0,0.0,0.0,0.0,0.0,0.0,837.1052927487626,333.8191622502435,503.2861304985191,2063.3914658683125,884.5364791598207,1178.8549867084919,0
18.0,0.0,84.0,123.0,7912.197813125354,7912.197813125354,0.0,1219.9477727403696,1219.9477727403696,0.0,91803.7907317536,ra,0.0,0.0,0.0,0.0,0.0,0.0,884.5364791598207,884.5364791598207,0.0,813.641416906833,813.641416906833,0.0,0
18.0,1.0,85.0,124.0,8875.838788593739,0.0,8875.838788593739,1785.784923800428,0.0,1785.784923800428,91872.46119703975,ra,0.0,0.0,0.0,0.0,0.0,0.0,563.1448049601626,0.0,563.1448049601626,503.2861304985191,0.0,503.2861304985191,0
18.0,2.0,92.0,125.0,47292.93717996864,22515.08265535503,24777.854524613613,4754.452437208462,3104.7402940346988,1649.7121431737628,121334.73270596893,ra,4.0,0.0,4.0,200.0,0.0,200.0,1365.4890284291212,813.641416906833,551.8476115222882,1774.4452396523275,1211.3004346921648,563.1448049601626,1
18.0,2.0,11.0,126.0,53098.00276723388,24816.36422563914,28281.638541594737,1125.0783643967968,1125.0783643967968,0.0,126075.53174156268,link,0.0,0.0,0.0,0.0,0.0,0.0,1763.148046214453,1211.3004346921648,551.8476115222882,1907.2494894743502,1355.401877952062,551.8476115222882,0
19.0,2.0,7.0,127.0,19888.0,9830.0,10058.0,1832.5223390000008,0.0,1832.5223390000008,0.0,link,0.0,0.0,0.0,0.0,0.0,0.0,881.148915563706,881.148915563706,0.0,987.9286915144048,753.2169396823609,234.71175183204383,0
19.0,2.0,0.0,128.0,19888.0,9830.0,10058.0,1790.9817650000002,1790.9817650000002,0.0,18219.57712193098,link,0.0,0.0,0.0,0.0,0.0,0.0,753.2169396823609,753.2169396823609,0.0,459.13605149332454,459.13605149332454,0.0,0
20.0,2.0,0.0,129.0,19481.000344743796,9701.000199905127,9780.000144838668,1585.946802063634,0.0,1585.946802063634,0.0,link,0.0,0.0,0.0,0.0,0.0,0.0,218.8455579714863,0.0,218.8455579714863,203.13004884181282,0.0,203.13004884181282,0
20.0,0.0,78.0,130.0,10133.998910338903,10133.998910338903,0.0,2201.810828978947,2201.810828978947,0.0,22308.899934453435,ra,0.0,0.0,0.0,0.0,0.0,0.0,0.0,0.0,0.0,0.0,0.0,0.0,0
20.0,1.0,79.0,131.0,10094.12847263898,0.0,10094.12847263898,2214.6793271343668,0.0,2214.6793271343668,22364.44986396924,ra,0.0,0.0,0.0,0.0,0.0,0.0,301.28901977029307,0.0,301.28901977029307,218.8455579714863,0.0,218.8455579714863,0
20.0,2.0,8.0,132.0,21962.97969081701,10983.990050020308,10978.989640796704,1594.243979477348,1594.243979477348,0.0,37253.22848420508,link,0.0,0.0,0.0,0.0,0.0,0.0,850.7480682905085,0.0,850.7480682905085,505.48178146672615,204.19276169643308,301.28901977029307,0
21.0,2.0,8.0,133.0,21649.000000000102,11074.000000000044,10575.00000000006,371.5843359997804,0.0,371.5843359997804,0.0,link,0.0,0.0,0.0,0.0,0.0,0.0,1572.395245055432,628.6170634325795,943.7781816228525,897.5396894909379,290.28243960321356,607.2572498877244,0
21.0,2.0,87.0,134.0,23288.999999928543,11776.999999969368,11511.999999959173,6542.587792704876,3329.21173105459,3213.376061650286,29246.642192588224,ra,6.0,0.0,6.0,300.0,28.75885933208302,271.24114066791697,1093.7285391977375,290.28243960321356,803.4460995945238,1523.5333972434087,579.7552156205561,943.7781816228525,1
21.0,2.0,10.0,135.0,23288.99999999982,11776.999999999924,11511.999999999898,380.1380059998352,380.1380059998352,0.0,32474.473610155062,link,0.0,0.0,0.0,0.0,0.0,0.0,1408.1820663482008,579.7552156205561,828.4268507276447,1278.5442506036259,475.0981510091021,803.4460995945238,0
22.0,2.0,8.0,136.0,18089.34980232114,9293.63667702267,8795.71312529847,2541.603617777336,0.0,2541.603617777336,0.0,link,0.0,0.0,0.0,0.0,0.0,0.0,893.9070691652735,618.7123925877971,275.19467657747634,1050.8649605640212,565.7162767874426,485.14868377657865,0
22.0,2.0,9.0,137.0,22551.759921439094,11229.492180860212,11322.267740578884,2598.6403059127283,2598.6403059127283,0.0,25496.14409205573,link,0.0,0.0,0.0,0.0,0.0,0.0,840.9109533649189,565.7162767874426,275.19467657747634,1048.5422953627083,773.3476187852319,275.19467657747634,0
24.0,2.0,9.0,140.0,25786.108144857673,12922.607317501452,12863.500827356223,310.22506737586025,0.0,310.22506737586025,0.0,link,0.0,0.0,0.0,0.0,0.0,0.0,1364.525404751302,878.6280804383581,485.8973243129438,848.4763814788441,560.9483446641536,287.52803681469055,0
24.0,0.0,88.0,141.0,12911.612953719838,12911.612953719838,0.0,904.5214863572012,904.5214863572012,0.0,7001.124876882881,ra,0.0,0.0,0.0,0.0,0.0,0.0,560.9483446641536,560.9483446641536,0.0,640.3592262368003,640.3592262368003,0.0,0
24.0,1.0,91.0,142.0,12797.695040407143,0.0,12797.695040407143,2112.957697765236,0.0,2112.957697765236,10447.761196686972,ra,0.0,0.0,0.0,0.0,0.0,0.0,1106.6399015627244,0.0,1106.6399015627244,485.8973243129438,0.0,485.8973243129438,0
24.0,0.0,97.0,143.0,9570.738932827611,9570.738932827611,0.0,2755.7730122650837,2755.7730122650837,0.0,30840.569189513222,ra,0.0,0.0,0.0,0.0,0.0,0.0,640.3592262368003,640.3592262368003,0.0,993.3220783639775,993.3220783639775,0.0,0
24.0,1.0,98.0,144.0,9946.426208887748,0.0,9946.426208887748,2231.335725475766,0.0,2231.335725475766,30857.334061915197,ra,0.0,0.0,0.0,0.0,0.0,0.0,1274.2570833068976,0.0,1274.2570833068976,1106.6399015627244,0.0,1106.6399015627244,0
24.0,2.0,108.0,145.0,15887.706151607494,7870.705730584929,8017.000421022563,4501.986650504175,2168.389585344796,2333.5970651593784,55766.14861335632,ra,4.0,0.0,4.0,200.0,200.0,0.0,2516.577006149134,993.3220783639775,1523.2549277851565,2298.223707317612,1023.9666240107144,1274.2570833068976,1
24.0,2.0,114.0,146.0,28294.020698251785,14163.55043686688,14130.470261384906,3453.816952067228,2111.307602382169,1342.5093496850593,76000.7341358558,ra,0.0,0.0,0.0,0.0,0.0,0.0,2865.933999584924,1023.9666240107144,1841.9673755742094,2736.0842213087,1212.8292935235431,1523.2549277851565,0
24.0,2.0,15.0,147.0,28738.67135022459,14383.312343962509,14355.35900626208,310.87767950128045,310.87767950128045,0.0,78175.47480337396,link,0.0,0.0,0.0,0.0,0.0,0.0,3174.001460529261,1212.8292935235431,1961.1721670057177,3094.614270885376,1252.6468953111664,1841.9673755742094,0
25.0,2.0,9.0,148.0,18444.994544675952,9036.997526482091,9407.99701819386,3162.573978652046,0.0,3162.573978652046,0.0,link,0.0,0.0,0.0,0.0,0.0,0.0,1065.1235404530748,376.0392305725766,689.0843098804983,785.2056070523255,186.1068530033565,599.098754048969,0
25.0,2.0,10.0,149.0,19006.727910032103,9665.34291491844,9341.384995113662,3137.608098414663,3137.608098414663,0.0,35248.172611532704,link,0.0,0.0,0.0,0.0,0.0,0.0,890.8373099991144,186.1068530033565,704.7304569957579,1141.1475355998014,452.0632257193032,689.0843098804983,0
26.0,2.0,10.0,150.0,39799.09031594862,19727.656489472974,20071.433826475644,5432.50664953123,0.0,5432.50664953123,0.0,link,0.0,0.0,0.0,0.0,0.0,0.0,1161.8597606121034,576.2022935781475,585.6574670339558,1808.5949766155222,576.2022935781475,1232.3926830373748,0
26.0,2.0,11.0,151.0,61239.02764165262,31319.794471237463,29919.23317041516,5527.098799836521,5527.098799836521,0.0,24120.7762535988,link,0.0,0.0,0.0,0.0,0.0,0.0,1493.1702307291669,576.2022935781475,916.9679371510193,875.0396304475303,289.3821634135745,585.6574670339558,0
27.0,2.0,11.0,152.0,68446.95855219441,33632.332120978645,34814.626431215765,4475.01586176286,0.0,4475.01586176286,0.0,link,0.0,0.0,0.0,0.0,0.0,0.0,920.340959809065,920.3409598090651,-5.684341886080802e-14,1381.3645862590913,808.1989609146772,573.1656253444141,0
27.0,0.0,99.0,153.0,29715.95485159294,29715.95485159294,0.0,4959.050959781504,4959.050959781504,0.0,15398.281487957354,ra,0.0,0.0,0.0,0.0,0.0,0.0,808.1989609146772,808.1989609146772,0.0,667.8270207075363,667.8270207075363,0.0,0
27.0,1.0,100.0,154.0,27462.225943179787,0.0,27462.225943179787,4427.600028969178,0.0,4427.600028969178,15788.230047158857,ra,0.0,0.0,0.0,0.0,0.0,0.0,-5.684341886080802e-14,0.0,-5.684341886080802e-14,-5.684341886080802e-14,0.0,-5.684341886080802e-14,0
27.0,2.0,107.0,155.0,39803.00077214074,18775.259985557448,21027.74078658329,8521.51974910427,4077.7617235109983,4443.758025593273,32030.585088502547,ra,0.0,0.0,0.0,0.0,0.0,0.0,1158.5293852860307,667.8270207075363,490.7023645784944,1134.9553949260244,1134.9553949260244,-5.684341886080802e-14,0
27.0,0.0,111.0,156.0,14923.34787730996,14923.34787730996,0.0,3332.683703707982,3332.683703707982,0.0,51994.455333056,ra,0.0,0.0,0.0,0.0,0.0,0.0,1134.9553949260244,1134.9553949260244,0.0,902.8998834445686,902.8998834445686,0.0,0
27.0,1.0,110.0,157.0,16064.78653282132,0.0,16064.78653282132,3656.830509986008,0.0,3656.830509986008,52217.78598274018,ra,0.0,0.0,0.0,0.0,0.0,0.0,600.0978397116227,0.0,600.0978397116227,490.7023645784944,0.0,490.7023645784944,0
27.0,2.0,113.0,158.0,28115.732693263828,13396.479626617023,14719.253066646805,8182.361978154302,4151.774424898176,4030.5875532561263,80453.83595296173,ra,2.0,0.0,2.0,100.0,0.0,100.0,2164.2343890942952,902.8998834445686,1261.3345056497267,1705.0143124652018,1104.916472753579,600.0978397116227,1
27.0,0.0,115.0,159.0,16210.1141141057,16210.1141141057,0.0,2741.8648075464444,2741.8648075464444,0.0,99290.1862589441,ra,0.0,0.0,0.0,0.0,0.0,0.0,1104.916472753579,1104.916472753579,0.0,1405.2307486899906,1405.2307486899906,0.0,0
27.0,2.0,116.0,160.0,34177.78966749807,16266.79151473384,17910.998152764234,6377.116285600918,1294.989846913013,5082.126438687905,107271.26953267986,ra,3.0,0.0,3.0,150.0,58.39074321405457,91.60925678594543,3084.9456587500417,1405.2307486899906,1679.7149100600514,2774.0384294555897,1512.7039238058633,1261.3345056497267,1
27.0,2.0,15.0,161.0,39893.99999984566,18725.9999999336,21167.99999991206,3972.0067852374737,3972.0067852374737,0.0,128894.5131374644,link,0.0,0.0,0.0,0.0,0.0,0.0,4134.85328364114,1512.7039238058633,2622.149359835276,3178.873609178169,1499.1586991181175,1679.7149100600514,0
28.0,2.0,11.0,162.0,61992.2787513973,31725.31224782596,30266.96650357134,2390.702240646126,0.0,2390.702240646126,0.0,link,0.0,0.0,0.0,0.0,0.0,0.0,1368.1514336985786,751.5743616430066,616.577072055572,1357.4143851193091,434.63318170398054,922.7812034153286,0
28.0,0.0,93.0,163.0,30439.224167938333,30439.224167938333,0.0,1072.7833528404256,1072.7833528404256,0.0,3445.559107155475,ra,0.0,0.0,0.0,0.0,0.0,0.0,434.63318170398054,434.63318170398054,0.0,369.82789584084924,369.82789584084924,0.0,0
28.0,0.0,95.0,164.0,18498.90877462081,18498.90877462081,0.0,3967.265746570001,3967.265746570001,0.0,21968.34571810977,ra,0.0,0.0,0.0,0.0,0.0,0.0,369.82789584084924,369.82789584084924,0.0,317.7989310063547,317.7989310063547,0.0,0
28.0,1.0,96.0,165.0,17419.186332491074,0.0,17419.186332491074,4813.95264377551,0.0,4813.95264377551,22264.116411144965,ra,0.0,0.0,0.0,0.0,0.0,0.0,0.0,0.0,0.0,616.577072055572,0.0,616.577072055572,0
28.0,2.0,0.0,166.0,16044.983216716417,8425.399218263456,7619.583998452962,2682.96218463007,2682.96218463007,0.0,40879.27967798362,link,0.0,0.0,0.0,0.0,0.0,0.0,317.7989310063547,317.7989310063547,0.0,343.6371503101501,343.6371503101501,0.0,0
30.0,2.0,12.0,169.0,31173.00771278776,15334.689159172884,15838.318553614876,1373.022338283504,0.0,1373.022338283504,0.0,link,0.0,0.0,0.0,0.0,0.0,0.0,3395.1097466616284,1517.4941679308579,1877.6155787307705,2732.615471010895,1058.1223786715161,1674.493092339379,0
30.0,0.0,101.0,170.0,15342.168535706442,15342.168535706442,0.0,288.7002299566512,288.7002299566512,0.0,1882.30501330568,ra,0.0,0.0,0.0,0.0,0.0,0.0,1058.1223786715161,1058.1223786715161,0.0,804.2691479535351,804.2691479535351,0.0,0
30.0,1.0,102.0,171.0,15008.380189154295,0.0,15008.380189154295,2426.954705703304,0.0,2426.954705703304,15325.375723611753,ra,0.0,0.0,0.0,0.0,0.0,0.0,1566.7681863309092,0.0,1566.7681863309092,1877.6155787307705,0.0,1877.6155787307705,0
30.0,0.0,103.0,172.0,14615.10439288337,14615.10439288337,0.0,2123.5391790607955,2123.5391790607955,0.0,15632.211521401772,ra,0.0,0.0,0.0,0.0,0.0,0.0,804.2691479535351,804.2691479535351,0.0,583.7116153845084,583.7116153845084,0.0,0
30.0,2.0,13.0,173.0,18934.390172572806,9143.138576923604,9791.251595649202,1268.116655371192,1268.116655371192,0.0,27311.590572612236,link,0.0,0.0,0.0,0.0,0.0,0.0,2150.4798017154176,583.7116153845084,1566.7681863309092,1967.9931272627787,401.2249409318694,1566.7681863309092,0
31.0,2.0,12.0,174.0,61211.26177444921,30941.90070843765,30269.36106601156,584.8788313855799,0.0,584.8788313855799,0.0,link,0.0,0.0,0.0,0.0,0.0,0.0,4113.329828439288,3639.9476764990695,473.38215194021814,3925.210595915431,3563.956784870362,361.25381104506926,0
31.0,1.0,106.0,175.0,29780.03490857172,0.0,29780.03490857172,3637.7163502508033,0.0,3637.7163502508033,10173.779430297054,ra,0.0,0.0,0.0,0.0,0.0,0.0,519.8521923339465,0.0,519.8521923339465,473.38215194021814,0.0,473.38215194021814,0
31.0,0.0,105.0,176.0,30402.95414259374,30402.95414259374,0.0,3119.852058011688,3119.852058011688,0.0,10175.429354581129,ra,0.0,0.0,0.0,0.0,0.0,0.0,3563.956784870362,3563.956784870362,0.0,3309.6320697802103,3309.6320697802103,0.0,0
31.0,2.0,109.0,177.0,62402.93424977723,31525.727911032645,30877.20633874459,6816.570463211742,3762.4191873927257,3054.1512758190165,22337.14837090233,ra,5.0,0.0,5.0,250.0,250.0,0.0,3829.484262114157,3309.6320697802103,519.8521923339465,3677.0539630672283,3157.2017707332816,519.8521923339465,1
31.0,2.0,14.0,178.0,62766.261417807065,31611.05780980601,31155.20360800105,595.148026243029,595.148026243029,0.0,24222.213413881997,link,0.0,0.0,0.0,0.0,0.0,0.0,4116.288947325645,3157.2017707332816,959.0871765923629,2598.7058944072587,2078.853702073312,519.8521923339465,0
32.0,2.0,13.0,179.0,24034.000000000007,12223.000000000004,11811.000000000004,4986.624005231322,0.0,4986.624005231322,0.0,link,0.0,0.0,0.0,0.0,0.0,0.0,1400.9138859371826,401.2249409318694,999.6889450053133,1685.5849354067466,118.81674907583738,1566.7681863309092,0
32.0,2.0,104.0,180.0,24034.000000001273,12223.000000000631,11811.000000000642,545.6198680000062,277.4865460000031,268.13332200000315,2270.21285318104,ra,0.0,0.0,0.0,0.0,0.0,0.0,1118.5056940811505,118.81674907583738,999.6889450053131,1154.0465177510137,154.35757274570028,999.6889450053133,0
32.0,2.0,16.0,181.0,35472.0,17897.0,17575.0,5106.43524839964,5106.43524839964,0.0,35413.56901786664,link,0.0,0.0,0.0,0.0,0.0,0.0,1586.865127663334,154.35757274570028,1432.5075549176338,1689.2683783342625,689.5794333289493,999.6889450053131,0
33.0,2.0,14.0,182.0,25491.39192820705,13297.332945790267,12194.058982416784,2901.9645133205213,0.0,2901.9645133205213,0.0,link,0.0,0.0,0.0,0.0,0.0,0.0,856.0266892639148,856.0266892639148,0.0,1005.111528767391,633.424286445657,371.68724232173395,0
33.0,2.0,0.0,183.0,27433.939184964896,13761.985453193762,13671.953731771133,3014.5666133482373,3014.5666133482373,0.0,22213.61178663945,link,0.0,0.0,0.0,0.0,0.0,0.0,633.424286445657,633.424286445657,0.0,589.2366629270855,589.2366629270855,0.0,0
34.0,2.0,14.0,184.0,40290.981728268656,40289.53408577645,1.4476424922008384,4807.99244961434,0.0,4807.99244961434,0.0,link,0.0,0.0,0.0,0.0,0.0,0.0,2335.49621516864,1772.5998232906031,562.896391878037,2909.7725680424383,1772.5998232906031,1137.1727447518354,0
34.0,2.0,112.0,185.0,40084.67942148965,20069.25833080312,20015.421090686526,5879.593873458729,4738.491686036754,1141.1021874219755,14615.98862167376,ra,0.0,0.0,0.0,0.0,0.0,0.0,2401.184550864292,1772.5998232906031,628.584727573689,2906.271980999286,2343.375589121249,562.896391878037,0
34.0,0.0,120.0,186.0,19233.978995985926,19233.978995985926,0.0,2388.1873644993475,2388.1873644993475,0.0,26934.149163868184,ra,0.0,0.0,0.0,0.0,0.0,0.0,2343.375589121249,2343.375589121249,0.0,2649.2576120005315,2649.2576120005315,0.0,0
34.0,2.0,20.0,187.0,42848.93314386101,20473.58046065553,22375.352683205478,2247.134627658472,2247.134627658472,0.0,38220.85948462789,link,0.0,0.0,0.0,0.0,0.0,0.0,3608.5540682197043,2649.2576120005315,959.2964562191728,2999.571717856823,2370.986990283134,628.584727573689,0
35.0,2.0,0.0,188.0,13637.0,6766.0,6871.0,2412.026759499997,0.0,2412.026759499997,0.0,link,0.0,0.0,0.0,0.0,0.0,0.0,524.4297339896847,0.0,524.4297339896847,807.5032832247517,0.0,807.5032832247517,0
35.0,2.0,16.0,189.0,13637.0,6766.0,6871.0,2375.1670869999966,2375.1670869999966,0.0,35104.46295422166,link,0.0,0.0,0.0,0.0,0.0,0.0,642.0889862924774,0.0,642.0889862924774,828.644103451503,304.2143694618183,524.4297339896847,0
36.0,2.0,15.0,190.0,63592.0,31158.0,32434.0,1263.5151210000006,0.0,1263.5151210000006,0.0,link,0.0,0.0,0.0,0.0,0.0,0.0,5453.6370060106365,1851.4450034002184,3602.192002610418,5324.230948832659,1641.2700130207309,3682.960935811928,0
36.0,0.0,121.0,191.0,31158.0,31158.0,0.0,1862.7498720000008,1862.7498720000008,0.0,5978.406282256154,ra,0.0,0.0,0.0,0.0,0.0,0.0,1641.2700130207309,1641.2700130207309,0.0,1531.5751995287274,1531.5751995287274,0.0,0
36.0,1.0,122.0,192.0,32434.0,0.0,32434.0,2232.9998150000006,0.0,2232.9998150000006,6884.764105769136,ra,0.0,0.0,0.0,0.0,0.0,0.0,3434.4184199096107,0.0,3434.4184199096107,3602.192002610418,0.0,3602.192002610418,0
36.0,2.0,17.0,193.0,63592.0,31158.0,32434.0,1496.2071600000006,1496.2071600000006,0.0,10780.414990255447,link,0.0,0.0,0.0,0.0,0.0,0.0,5116.282276258464,1531.5751995287274,3584.7070767297364,4869.069422730969,1434.651002821358,3434.4184199096107,0
37.0,2.0,16.0,194.0,61280.64411621449,31014.17446373309,30266.469652481403,3075.322007033439,0.0,3075.322007033439,0.0,link,0.0,0.0,0.0,0.0,0.0,0.0,2457.1869785912013,758.692853730202,1698.4941248609991,2404.0102645668376,564.5146724172919,1839.4955921495457,0
37.0,0.0,117.0,195.0,31188.918197802075,31188.918197802075,0.0,476.2646699717726,476.2646699717726,0.0,1531.6015518302704,ra,0.0,0.0,0.0,0.0,0.0,0.0,564.5146724172919,564.5146724172919,0.0,564.5146724172919,564.5146724172919,0.0,0
37.0,2.0,18.0,196.0,64809.52507699492,32882.29003408458,31927.235042910343,2677.0230036732487,2677.0230036732487,0.0,9891.283544490125,link,0.0,0.0,0.0,0.0,0.0,0.0,2535.535894369554,564.5146724172919,1971.0212219522623,2263.0087972782912,564.5146724172919,1698.4941248609991,0
38.0,2.0,17.0,197.0,73980.90840881804,36437.73642199968,37543.17198681836,8581.895963178365,0.0,8581.895963178365,0.0,link,0.0,0.0,0.0,0.0,0.0,0.0,4747.254666292593,1454.9629980733753,3292.291668219218,5717.268388894115,1418.3417732468497,4298.926615647265,0
38.0,1.0,118.0,198.0,38288.38488121995,0.0,38288.38488121995,3563.200636081027,0.0,3563.200636081027,5385.572941871728,ra,0.0,0.0,0.0,0.0,0.0,0.0,2835.912476749165,0.0,2835.912476749165,3292.291668219218,0.0,3292.291668219218,0
38.0,0.0,119.0,199.0,38355.566312925184,38355.566312925184,0.0,2619.00122524035,2619.00122524035,0.0,7097.786060466791,ra,0.0,0.0,0.0,0.0,0.0,0.0,1418.3417732468497,1418.3417732468497,0.0,1440.7849833795085,1440.7849833795085,0.0,0
38.0,1.0,123.0,200.0,41712.9401712972,0.0,41712.9401712972,2031.1114551113544,0.0,2031.1114551113544,14257.714169889843,ra,0.0,0.0,0.0,0.0,0.0,0.0,2672.7142471321436,0.0,2672.7142471321436,2835.912476749165,0.0,2835.912476749165,0
38.0,0.0,124.0,201.0,40728.86630783911,40728.86630783911,0.0,2848.889850605756,2848.889850605756,0.0,14300.505499646226,ra,0.0,0.0,0.0,0.0,0.0,0.0,1440.7849833795085,1440.7849833795085,0.0,1467.5427681804458,1467.5427681804458,0.0,0
38.0,2.0,22.0,202.0,105896.44285789959,51540.438437961006,54356.004419938574,8230.021979980831,8230.021979980831,0.0,31585.43416751235,link,0.0,0.0,0.0,0.0,0.0,0.0,4140.257015312589,1467.5427681804458,2672.7142471321436,5014.731346765235,2342.017099633091,2672.7142471321436,0
39.0,2.0,17.0,203.0,25562.278853813234,12328.30028963884,13233.978564174393,1988.332963522788,0.0,1988.332963522788,0.0,link,0.0,0.0,0.0,0.0,0.0,0.0,2122.2097357941248,1535.3927254219204,586.8170103722045,2076.791028089427,1235.3058463330196,841.4851817564075,0
39.0,2.0,24.0,204.0,21529.452943652228,10591.584479212725,10937.868464439502,1897.3687907956744,1897.3687907956744,0.0,17071.72988124704,link,0.0,0.0,0.0,0.0,0.0,0.0,1822.1228567052242,1235.3058463330196,586.8170103722045,1506.7401527087816,919.923142336577,586.8170103722045,0
40.0,2.0,18.0,205.0,25932.838407847834,12821.14586322636,13111.692544621475,1674.795944952231,0.0,1674.795944952231,0.0,link,0.0,0.0,0.0,0.0,0.0,0.0,1328.4353433229949,804.3375796761802,524.0977636468148,1441.4253977717754,702.8176760005477,738.6077217712276,0
40.0,2.0,26.0,206.0,22387.89451536771,11334.707010656924,11053.187504710784,1671.626697283136,1671.626697283136,0.0,13785.599210644326,link,0.0,0.0,0.0,0.0,0.0,0.0,1347.1176100449268,702.8176760005477,644.299934044379,997.7932531604844,473.6954895136696,524.0977636468148,0
41.0,2.0,18.0,207.0,65100.064380541284,32409.67765592153,32690.38672461976,8031.948343872269,0.0,8031.948343872269,0.0,link,0.0,0.0,0.0,0.0,0.0,0.0,1996.6350079694057,776.5702921740361,1220.0647157953695,2878.142035539523,629.3353359255622,2248.806699613961,0
41.0,1.0,126.0,208.0,33015.8306660751,0.0,33015.8306660751,515.7447983857179,0.0,515.7447983857179,1570.6218936678245,ra,0.0,0.0,0.0,0.0,0.0,0.0,1643.5294607169171,0.0,1643.5294607169171,1220.0647157953695,0.0,1220.0647157953695,0
41.0,0.0,125.0,209.0,32828.808927873586,32828.808927873586,0.0,517.979810454405,517.979810454405,0.0,1588.999800427482,ra,0.0,0.0,0.0,0.0,0.0,0.0,629.3353359255622,629.3353359255622,0.0,587.6195865402786,587.6195865402786,0.0,0
41.0,2.0,25.0,210.0,107717.84336110209,52411.86349298975,55305.979868112336,8019.395375229603,8019.395375229603,0.0,19664.682517120145,link,0.0,0.0,0.0,0.0,0.0,0.0,2305.6234542364873,587.6195865402786,1718.0038676962085,3258.2832311608227,1614.7537704439053,1643.5294607169171,0
42.0,2.0,0.0,211.0,64323.0,34358.0,29965.000000000004,292.1437675,0.0,292.1437675,0.0,link,0.0,0.0,0.0,0.0,0.0,0.0,1251.4195077463792,0.0,1251.4195077463792,799.3069106169249,0.0,799.3069106169249,0
42.0,2.0,21.0,212.0,64323.0,34358.0,29965.0,334.9733210000001,334.9733210000001,0.0,974.9930872178356,link,0.0,0.0,0.0,0.0,0.0,0.0,1855.8843046197412,0.0,1855.8843046197412,1294.3233094167103,42.90380167033126,1251.4195077463792,0
43.0,2.0,20.0,213.0,150198.49863614666,75767.44894346851,74431.04969267815,256.5387159589935,0.0,256.5387159589935,0.0,link,0.0,0.0,0.0,0.0,0.0,0.0,5405.6270217507845,2701.991271685695,2703.6357500650893,5070.349955481437,2463.3169243517696,2607.033031129668,0
43.0,2.0,127.0,214.0,143910.62075712613,71622.8655725805,72287.75518454562,14695.550707760216,7361.674053195678,7333.876654564538,10005.69209126666,ra,2.0,0.0,2.0,100.0,100.0,0.0,5062.707810364966,2463.3169243517696,2599.390886013196,5864.950053843127,3161.3143037780374,2703.6357500650893,1
43.0,2.0,22.0,215.0,143835.3128743358,71573.22723597237,72262.08563836341,254.1351114407348,254.1351114407348,0.0,10360.675542503666,link,0.0,0.0,0.0,0.0,0.0,0.0,5815.210733557291,3161.3143037780374,2653.896429779254,5678.632743011267,3079.2418569980705,2599.390886013196,0
44.0,2.0,20.0,216.0,153959.0,74263.0,79696.0,3498.654400000002,0.0,3498.654400000002,0.0,link,0.0,0.0,0.0,0.0,0.0,0.0,4179.8755728019105,3002.6187281348493,1177.2568446670614,4594.161070973898,2968.7921974368364,1625.3688735370617,0
44.0,2.0,21.0,217.0,153959.0,74263.0,79696.0,3260.145700000001,3260.145700000001,0.0,4390.047146032249,link,0.0,0.0,0.0,0.0,0.0,0.0,4730.540798592172,2968.7921974368364,1761.7486011553356,4299.768078446275,3122.511233779213,1177.2568446670614,0
45.0,2.0,20.0,218.0,62196.76002530598,32348.66402655705,29848.09599874893,1778.4316575225057,0.0,1778.4316575225057,0.0,link,0.0,0.0,0.0,0.0,0.0,0.0,2307.217428952148,1217.875455158833,1089.341973793315,2432.00445472486,1153.611438476175,1278.3930162486852,0
45.0,2.0,129.0,219.0,59803.760630072626,31496.773292559403,28306.987337513223,6019.401556958648,3144.575633708264,2874.8259232503847,9849.378972750012,ra,0.0,0.0,0.0,0.0,0.0,0.0,1884.7363662947905,1153.611438476175,731.1249278186156,2564.4848605097363,1475.1428867164213,1089.341973793315,0
45.0,2.0,27.0,220.0,59265.836631097605,31619.71560399585,27646.121027101755,2008.7677610146968,2008.7677610146968,0.0,16227.553730454052,link,0.0,0.0,0.0,0.0,0.0,0.0,2333.2404868097865,1475.1428867164213,858.0976000933654,2449.161196745037,1718.0362689264214,731.1249278186156,0
46.0,2.0,21.0,221.0,122056.36331156333,58092.14471186193,63964.2185997014,6279.260644728073,0.0,6279.260644728073,0.0,link,0.0,0.0,0.0,0.0,0.0,0.0,3876.4914325674094,2052.855736487849,1823.6356960795606,4557.929343301231,2052.855736487849,2505.073606813382,0
46.0,2.0,23.0,222.0,131872.70614633957,62497.919354533005,69374.78679180656,5678.044393759095,5678.044393759095,0.0,9404.55520736285,link,0.0,0.0,0.0,0.0,0.0,0.0,3876.4914325674094,2052.855736487849,1823.6356960795606,4344.853035209217,2521.2173391296556,1823.6356960795606,0
47.0,2.0,22.0,223.0,38579.295537849815,18952.69215084102,19626.6033870088,1763.219166427337,0.0,1763.219166427337,0.0,link,0.0,0.0,0.0,0.0,0.0,0.0,2225.2126250968367,1199.2827319651394,1025.9298931316973,1947.1034922600015,842.4690400146264,1104.634452245375,0
47.0,2.0,128.0,224.0,35162.62482989687,17399.45971996509,17763.16510993178,7435.637995433931,3663.3854298437486,3772.2525655901823,19815.112780906624,ra,0.0,0.0,0.0,0.0,0.0,0.0,1385.2441092298263,842.4690400146264,542.7750692151999,2222.5159908691735,1196.5860977374762,1025.9298931316973,0
47.0,2.0,28.0,225.0,35062.11998304022,16961.141448801816,18100.9785342384,1675.651535543216,1675.651535543216,0.0,29618.33132225415,link,0.0,0.0,0.0,0.0,0.0,0.0,1758.4004969713405,1196.5860977374762,561.8143992338644,1801.0631615181285,1258.2880923029286,542.7750692151999,0
48.0,2.0,24.0,226.0,16009.999934388854,7856.999966820751,8152.999967568103,2252.387938481718,0.0,2252.387938481718,0.0,link,0.0,0.0,0.0,0.0,0.0,0.0,713.0747192176837,713.0747192176837,0.0,817.6941438575332,529.2054812118716,288.48866264566146,0
48.0,2.0,0.0,227.0,10228.9496360124,5180.369177535584,5048.580458476815,2203.4039084147803,2203.4039084147803,0.0,34790.83034290512,link,0.0,0.0,0.0,0.0,0.0,0.0,529.2054812118716,529.2054812118716,0.0,638.2865536038055,638.2865536038055,0.0,0
50.0,2.0,23.0,230.0,167288.29083468003,89420.76920845687,77867.52162622314,2077.529087866036,0.0,2077.529087866036,0.0,link,0.0,0.0,0.0,0.0,0.0,0.0,4182.606212808039,2518.214589239562,1664.391623568477,4437.483212386377,2506.9990663326585,1930.4841460537189,0
50.0,2.0,25.0,231.0,167733.1420677742,89424.56834914754,78308.57371862668,2379.090073396836,2379.090073396836,0.0,2660.513408818963,link,0.0,0.0,0.0,0.0,0.0,0.0,4297.29504618675,2506.9990663326585,1790.2959798540917,4348.258311082559,2683.866687514082,1664.391623568477,0
51.0,2.0,23.0,232.0,68004.42841151668,33685.47219088722,34318.956220629465,2606.4986391770226,0.0,2606.4986391770226,0.0,link,0.0,0.0,0.0,0.0,0.0,0.0,2187.5230684929275,1309.5699884587625,877.9530800341647,2388.4445465701133,1188.7257579756035,1199.7187885945098,0
51.0,0.0,130.0,233.0,33100.995903315394,33100.995903315394,0.0,783.1629546866914,783.1629546866914,0.0,2344.9972799662905,ra,3.0,3.0,0.0,150.0,150.0,0.0,1188.7257579756035,1188.7257579756035,0.0,944.6718479507228,944.6718479507228,0.0,1
51.0,2.0,27.0,234.0,64426.23565632764,31754.48892503164,32671.746731296,1762.794004348873,1762.794004348873,0.0,7784.588682143257,link,0.0,0.0,0.0,0.0,0.0,0.0,1822.6249279848876,944.6718479507228,877.9530800341647,1895.604929784101,1017.6518497499362,877.9530800341647,0
53.0,2.0,24.0,237.0,26623.0,13216.0,13407.000000000002,1301.209681500001,0.0,1301.209681500001,0.0,link,0.0,0.0,0.0,0.0,0.0,0.0,1346.8651845561003,692.3834906287651,654.4816939273351,1438.129644904533,654.2662296681183,783.8634152364148,0
53.0,2.0,28.0,238.0,26623.0,13216.0,13407.0,1282.6722719999998,1282.6722719999998,0.0,9705.486491353968,link,0.0,0.0,0.0,0.0,0.0,0.0,1387.803383306678,654.2662296681183,733.5371536385597,1473.0341915335534,818.5524976062183,654.4816939273351,0
54.0,2.0,25.0,239.0,63790.74308365228,33602.55553767664,30188.187545975637,914.669079332492,0.0,914.669079332492,0.0,link,0.0,0.0,0.0,0.0,0.0,0.0,1851.0701922753997,1342.6833535619066,508.38683871349315,1371.8591784634905,819.4964353092707,552.3627431542197,0
54.0,2.0,131.0,240.0,33762.441558617626,17029.212737248363,16733.228821369263,7185.418002340216,3714.280971775646,3471.13703056457,14118.05957838652,ra,0.0,0.0,0.0,0.0,0.0,0.0,1327.883274022764,819.4964353092707,508.38683871349315,1747.3447932635381,1238.957954550045,508.38683871349315,0
54.0,2.0,26.0,241.0,32484.774457444895,16371.354345937669,16113.420111507226,929.5714925260236,929.5714925260236,0.0,19751.672738570145,link,0.0,0.0,0.0,0.0,0.0,0.0,1893.4356917834025,1238.957954550045,654.4777372333574,1555.5390788131344,1047.1522400996412,508.38683871349315,0
55.0,2.0,26.0,242.0,35611.19993600926,17306.49996896785,18304.699967041404,3651.9540270608895,0.0,3651.9540270608895,0.0,link,0.0,0.0,0.0,0.0,0.0,0.0,1191.0503927066618,940.4336438853645,250.61674882129725,1090.0618961143166,371.6983105645268,718.3635855497898,0
55.0,2.0,132.0,243.0,34335.6700861098,16687.900230609903,17647.769855499897,3806.716178738113,1850.014875297545,1956.701303440568,10714.232916978135,ra,5.0,0.0,5.0,250.0,250.0,0.0,371.6983105645268,371.6983105645268,0.0,553.8667159370094,303.2499671157122,250.61674882129725,1
55.0,2.0,0.0,244.0,9015.000278806967,4116.000142012323,4899.000136794644,3382.273931804988,3382.273931804988,0.0,47911.36687265736,link,0.0,0.0,0.0,0.0,0.0,0.0,303.2499671157122,303.2499671157122,0.0,433.20587302799754,433.20587302799754,0.0,0
56.0,2.0,27.0,245.0,67553.51728478492,34432.267085202984,33121.25019958193,2367.0237097169543,0.0,2367.0237097169543,0.0,link,0.0,0.0,0.0,0.0,0.0,0.0,2507.287290933262,1905.048042501137,602.2392484321249,2762.218427846298,1856.8078238939884,905.4106039523095,0
56.0,1.0,134.0,246.0,28345.05378073905,0.0,28345.05378073905,1429.461201904893,0.0,1429.461201904893,14670.942506693847,ra,0.0,0.0,0.0,0.0,0.0,0.0,419.15207086564385,0.0,419.15207086564385,602.2392484321249,0.0,602.2392484321249,0
56.0,0.0,133.0,247.0,28758.648000424007,28758.648000424007,0.0,4635.222356187495,4635.222356187495,0.0,14715.488271793003,ra,0.0,0.0,0.0,0.0,0.0,0.0,1856.8078238939884,1856.8078238939884,0.0,2333.631335436214,2333.631335436214,0.0,0
56.0,2.0,135.0,248.0,47006.10408228616,24072.8864014428,22933.21768084336,5972.3380643838445,1468.7067383505575,4503.631326033287,20490.182643268578,ra,4.0,0.0,4.0,200.0,42.321341088142965,157.67865891185704,2333.631335436214,2333.631335436214,0.0,2593.961379759278,2174.809308893634,419.15207086564385,1
56.0,2.0,29.0,249.0,45237.32656378552,23422.054813020965,21815.27175076456,2510.3156903599324,2510.3156903599324,0.0,31051.51115001564,link,0.0,0.0,0.0,0.0,0.0,0.0,2174.809308893634,2174.809308893634,0.0,2133.0009488282094,2133.0009488282094,0.0,0
57.0,2.0,28.0,250.0,21608.0,10785.0,10823.000000000002,664.3049169999997,0.0,664.3049169999997,0.0,link,0.0,0.0,0.0,0.0,0.0,0.0,866.5740411872289,866.5740411872289,0.0,773.2975093041762,688.21250515367,85.08500415050621,0
57.0,2.0,0.0,251.0,21608.0,10785.000000000002,10823.0,661.972515,661.972515,0.0,6137.906286244384,link,0.0,0.0,0.0,0.0,0.0,0.0,688.21250515367,688.21250515367,0.0,439.87462283823663,439.87462283823663,0.0,0
59.0,2.0,29.0,254.0,41763.642422810655,21836.31144790283,19927.330974907825,64.19229876066692,0.0,64.19229876066692,0.0,link,0.0,0.0,0.0,0.0,0.0,0.0,1523.7814744211432,1523.7814744211432,0.0,1259.708098962011,1259.708098962011,0.0,0
59.0,0.0,137.0,255.0,11226.947197214342,11226.947197214342,0.0,4281.442654724177,4281.442654724177,0.0,25939.716113189967,ra,0.0,0.0,0.0,0.0,0.0,0.0,1259.708098962011,1259.708098962011,0.0,67.5141855520464,67.5141855520464,0.0,0
59.0,1.0,138.0,256.0,8142.41876965786,0.0,8142.41876965786,3768.951031500648,0.0,3768.951031500648,26235.491957639333,ra,0.0,0.0,0.0,0.0,0.0,0.0,0.0,0.0,0.0,0.0,0.0,0.0,0
59.0,2.0,0.0,257.0,19030.167720862108,11064.89566740363,7965.272053458477,121.79539004601152,121.79539004601152,0.0,27032.750454879864,link,0.0,0.0,0.0,0.0,0.0,0.0,67.5141855520464,67.5141855520464,0.0,15.59970580133071,15.59970580133071,0.0,0
60.0,2.0,29.0,258.0,15204.999638753205,7325.999839362642,7878.999799390564,589.7618799510744,0.0,589.7618799510744,0.0,link,0.0,0.0,0.0,0.0,0.0,0.0,609.2194744070655,609.2194744070655,0.0,407.41749412262567,407.41749412262567,0.0,0
60.0,2.0,136.0,259.0,13825.298552554461,6712.4814864233695,7112.817066131092,1621.7030872016057,781.773481624616,839.9296055769897,10738.631570167296,ra,0.0,0.0,0.0,0.0,0.0,0.0,407.41749412262567,407.41749412262567,0.0,68.20117964776944,68.20117964776944,0.0,0
60.0,2.0,0.0,260.0,9900.001134069504,4967.000504292169,4933.000629777334,588.1442988228391,588.1442988228391,0.0,22135.2935483001,link,0.0,0.0,0.0,0.0,0.0,0.0,68.20117964776944,68.20117964776944,0.0,75.33025697360276,75.33025697360276,0.0,0
