Time of calculation: 20220108-175313; value of objective: 878106243066.6018;  acc=27.333333333333332;  cfix=35000;  cvar=17750;  eta=0.014;  mu=0.1859430513361825;  i=
segment_id,dir,type_ID,POI_ID,traffic_flow,traffic_flow_0,traffic_flow_1,energy_demand,energy_demand_0,energy_demand_1,dist_along_segment,pois_type,pYi_dir,pYi_dir_0,pYi_dir_1,pE_charged,pE_charged_0,pE_charged_1,pE_input,pE_input_0,pE_input_1,pE_output,pE_output_0,pE_output_1,pXi
0.0,2.0,0.0,0.0,26540.636112053,13243.0239038645,13297.6122081885,4423.92123143818,0.0,4423.92123143818,0.0,link,0.0,0.0,0.0,0.0,0.0,0.0,0.0,0.0,0.0,31.740522168988203,0.0,31.740522168988203,0
0.0,2.0,1.0,1.0,26594.7769799282,13269.4415749127,13325.3354050155,810.003976920776,31.774775427221,778.229201493555,239.715824101164,ra,4.0,0.0,4.0,147.15499884389146,0.22797602197235756,146.9270228219191,141.34342403471152,0.0,141.34342403471152,0.0,0.0,0.0,1
0.0,2.0,0.0,2.0,45891.0713847726,24132.5354848012,21758.5358999714,10453.07839190074,5371.86342144895,5081.21497045179,24427.462160298,ra,0.0,0.0,0.0,0.0,0.0,0.0,104.88698460516301,0.0,104.88698460516301,179.8851929987686,38.54176896405708,141.34342403471152,0
0.0,1.0,2.0,3.0,5594.60627343411,0.0,5594.60627343411,2065.98540498995,0.0,2065.98540498995,68504.6013106114,ra,0.0,0.0,0.0,0.0,0.0,0.0,90.06405894322225,0.0,90.06405894322225,104.88698460516301,0.0,104.88698460516301,0
0.0,0.0,3.0,4.0,4553.08388931748,4553.08388931748,0.0,7187.4483251383,7187.4483251383,0.0,79329.1374904099,ra,0.0,0.0,0.0,0.0,0.0,0.0,38.54176896405708,38.54176896405708,0.0,90.1099029718014,90.1099029718014,0.0,0
0.0,2.0,4.0,5.0,7895.539602766939,4645.32330643337,3250.21629633357,2342.9750495919798,1038.66179081139,1304.31325878059,104473.71241617,ra,3.0,0.0,3.0,103.37825895864671,38.54176896405708,64.83648999458964,235.65233232750404,90.1099029718014,145.54242935570264,149.08433006476696,59.020271121544695,90.06405894322225,1
0.0,2.0,5.0,6.0,19815.36822147166,9562.72950758806,10252.6387138836,7959.02626511719,2076.95503589247,5882.07122922472,133409.21035476,ra,0.0,0.0,0.0,0.0,0.0,0.0,162.36031881547433,59.020271121544695,103.34004769392962,219.46433048192654,73.92190112622391,145.54242935570264,0
0.0,2.0,6.0,7.0,38420.413170467305,19234.6634945469,19185.7496759204,10291.73164091456,4957.10120865155,5334.63043226301,173065.413799776,ra,1.0,0.0,1.0,8.057575231426734,0.0,8.057575231426734,147.04489242041143,73.92190112622391,73.12299129418751,212.82790322481017,109.48785553088055,103.34004769392962,1
0.0,1.0,7.0,8.0,21229.4573799075,0.0,21229.4573799075,31.9071906889248,0.0,31.9071906889248,176940.22069629,ra,0.0,0.0,0.0,0.0,0.0,0.0,72.8940652260164,0.0,72.8940652260164,73.12299129418751,0.0,73.12299129418751,0
0.0,2.0,0.0,9.0,50605.7308716768,25638.9023938735,24966.8284778033,5210.17855174236,5210.17855174236,0.0,194059.964946131,link,0.0,0.0,0.0,0.0,0.0,0.0,182.38192075689693,109.48785553088055,72.8940652260164,219.76364144639564,146.86957622037926,72.8940652260164,0
1.0,2.0,0.0,10.0,41635.2696746832,21021.6267553003,20613.6429193829,39.7761865009555,0.0,39.7761865009555,0.0,link,0.0,0.0,0.0,0.0,0.0,0.0,131.0645794925959,110.1451957028102,20.919383789785698,131.34996362657628,110.1451957028102,21.204767923766074,0
1.0,2.0,8.0,11.0,39859.9435983602,20128.7100274165,19731.2335709437,2276.328443367862,1715.72731424055,560.601129127312,8218.21591932416,ra,6.0,0.0,6.0,138.54763257398304,122.45510765752348,16.09252491645954,143.13493230513652,110.1451957028102,32.989736602326325,20.919383789785698,0.0,20.919383789785698,1
1.0,0.0,9.0,12.0,15021.9786197919,15021.9786197919,0.0,1426.84265640488,1426.84265640488,0.0,16747.0640478161,ra,0.0,0.0,0.0,0.0,0.0,0.0,0.0,0.0,0.0,0.0,0.0,0.0,0
1.0,2.0,10.0,13.0,29629.2702066633,14994.1517039878,14635.1185026755,191.32891529796441,24.7111120586864,166.617803239278,16911.7407621753,ra,0.0,0.0,0.0,0.0,0.0,0.0,31.794295770359895,0.0,31.794295770359895,32.989736602326325,0.0,32.989736602326325,0
1.0,2.0,14.0,14.0,23126.816645439998,11846.3351177034,11280.4815277366,2715.58896866506,1386.75954291372,1328.82942575134,27721.2649615329,ra,0.0,0.0,0.0,0.0,0.0,0.0,22.260278856330743,0.0,22.260278856330743,31.794295770359895,0.0,31.794295770359895,0
1.0,1.0,13.0,15.0,11337.2619320883,0.0,11337.2619320883,1420.24853693026,0.0,1420.24853693026,29194.6309655969,ra,0.0,0.0,0.0,0.0,0.0,0.0,12.070352812540623,0.0,12.070352812540623,22.260278856330743,0.0,22.260278856330743,0
1.0,0.0,12.0,16.0,11885.5265358471,11885.5265358471,0.0,208.504810997731,208.504810997731,0.0,29478.4736802298,ra,0.0,0.0,0.0,0.0,0.0,0.0,0.0,0.0,0.0,0.0,0.0,0.0,0
1.0,0.0,15.0,17.0,11960.1701828351,11960.1701828351,0.0,465.471180470787,465.471180470787,0.0,33381.7233696118,ra,0.0,0.0,0.0,0.0,0.0,0.0,0.0,0.0,0.0,0.0,0.0,0.0,0
1.0,2.0,16.0,18.0,23460.935326572,11970.3853891252,11490.5499374468,1768.668281716874,86.3301716488441,1682.33811006803,34103.2604930604,ra,0.0,0.0,0.0,0.0,0.0,0.0,0.0,0.0,0.0,12.070352812540623,0.0,12.070352812540623,0
1.0,2.0,0.0,19.0,23472.9532848191,11974.8809399587,11498.0723448604,41.4313703808343,41.4313703808343,0.0,34449.3464575004,link,0.0,0.0,0.0,0.0,0.0,0.0,0.0,0.0,0.0,0.2972596620209079,0.2972596620209079,0.0,0
2.0,2.0,0.0,20.0,68929.1689525749,33758.8137930879,35170.355159487,2037.30449092795,0.0,2037.30449092795,0.0,link,0.0,0.0,0.0,0.0,0.0,0.0,205.74588659332176,102.69905856288149,103.04682803044028,220.36303391044424,102.69905856288149,117.66397534756277,0
2.0,1.0,11.0,21.0,34398.2821383792,0.0,34398.2821383792,0.177994253383828,0.0,0.177994253383828,2598.41164546074,ra,0.0,0.0,0.0,0.0,0.0,0.0,103.04555096643983,0.0,103.04555096643983,103.04682803044028,0.0,103.04682803044028,0
2.0,0.0,17.0,22.0,24285.974119979,24285.974119979,0.0,5629.75346622784,5629.75346622784,0.0,19826.0309188716,ra,0.0,0.0,0.0,0.0,0.0,0.0,102.69905856288149,102.69905856288149,0.0,143.0911237359433,143.0911237359433,0.0,0
2.0,1.0,18.0,23.0,24186.0911430872,0.0,24186.0911430872,4128.06929715106,0.0,4128.06929715106,19924.5544753991,ra,0.0,0.0,0.0,0.0,0.0,0.0,73.42769201583032,0.0,73.42769201583032,103.04555096643983,0.0,103.04555096643983,0
2.0,0.0,19.0,24.0,24395.8043620461,24395.8043620461,0.0,1107.94961707917,1107.94961707917,0.0,24376.283905319,ra,0.0,0.0,0.0,0.0,0.0,0.0,143.0911237359433,143.0911237359433,0.0,151.04038357653747,151.04038357653747,0.0,0
2.0,0.0,20.0,25.0,18382.7449604955,18382.7449604955,0.0,3193.59583085962,3193.59583085962,0.0,38424.0480859037,ra,0.0,0.0,0.0,0.0,0.0,0.0,151.04038357653747,151.04038357653747,0.0,173.95363043722688,173.95363043722688,0.0,0
2.0,1.0,21.0,26.0,18491.6133654888,0.0,18491.6133654888,4453.99249618843,0.0,4453.99249618843,38987.6806255175,ra,0.0,0.0,0.0,0.0,0.0,0.0,41.47141608552469,0.0,41.47141608552469,73.42769201583032,0.0,73.42769201583032,0
2.0,2.0,22.0,27.0,37060.499514109295,18323.8494067353,18736.650107374,9037.685965220891,4162.99183164668,4874.69413357421,60686.5331745626,ra,6.0,0.0,6.0,203.82204978942724,203.82204978942724,0.0,180.4503421554568,173.95363043722688,6.496711718229923,41.47141608552469,0.0,41.47141608552469,1
2.0,2.0,23.0,28.0,37058.9029265594,18323.1127403572,18735.7901862022,905.670862196634,0.17407320896991,905.496788987664,60687.5223097686,ra,0.0,0.0,0.0,0.0,0.0,0.0,0.0,0.0,0.0,6.496711718229923,0.0,6.496711718229923,0
2.0,2.0,0.0,29.0,23931.6001633626,12393.9415716933,11537.6585916693,2066.87595360883,2066.87595360883,0.0,74788.4585560346,link,0.0,0.0,0.0,0.0,0.0,0.0,0.0,0.0,0.0,14.829315124298104,14.829315124298104,0.0,0
3.0,2.0,0.0,30.0,27844.0,14880.0,12964.0,276.638796,0.0,276.638796,0.0,link,0.0,0.0,0.0,0.0,0.0,0.0,13.357087300927764,0.0,13.357087300927764,1.9848137834917294,0.0,1.9848137834917294,0
3.0,0.0,24.0,31.0,14880.0,14880.0,0.0,43.31568,43.31568,0.0,291.139117483826,ra,0.0,0.0,0.0,0.0,0.0,0.0,0.0,0.0,0.0,0.31077910961308924,0.31077910961308924,0.0,0
3.0,1.0,25.0,32.0,12964.0,0.0,12964.0,50.78647,0.0,50.78647,391.789662717657,ra,0.0,0.0,0.0,0.0,0.0,0.0,13.357087300927764,0.0,13.357087300927764,13.357087300927764,0.0,13.357087300927764,0
3.0,2.0,1.0,33.0,27844.0,14880.0,12964.0,332.50104,332.50104,0.0,2525.71464164925,link,0.0,0.0,0.0,0.0,0.0,0.0,22.09494000884472,0.31077910961308924,21.78416089923163,16.05347774474191,2.696390443814149,13.357087300927764,0
4.0,2.0,1.0,34.0,59761.3086274698,30037.3419745759,29723.9666528939,2541.48042300009,0.0,2541.48042300009,0.0,link,0.0,0.0,0.0,0.0,0.0,0.0,40.055981936236805,40.055981936236805,0.0,58.29046475998713,40.055981936236805,18.234482823750326,0
4.0,1.0,29.0,35.0,19741.1962074672,0.0,19741.1962074672,941.130780889781,0.0,941.130780889781,27421.918402147,ra,6.0,0.0,6.0,169.91371347142262,0.0,169.91371347142262,163.16133682364986,0.0,163.16133682364986,0.0,0.0,0.0,1
4.0,0.0,28.0,36.0,20188.7740020659,20188.7740020659,0.0,6913.40781708113,6913.40781708113,0.0,27456.2755376563,ra,0.0,0.0,0.0,0.0,0.0,0.0,40.055981936236805,40.055981936236805,0.0,89.65794422298019,89.65794422298019,0.0,0
4.0,2.0,31.0,37.0,24242.04672144007,16011.0814154375,8230.96530600257,10336.618270691579,5459.80728965386,4876.81098103772,57952.4364496481,ra,0.0,0.0,0.0,0.0,0.0,0.0,217.82938883119584,89.65794422298019,128.17144460821567,291.99202514617275,128.83068832252292,163.16133682364986,0
4.0,2.0,30.0,38.0,24222.43641462717,16010.6884723873,8211.74794223987,2097.1816748164297,3.69851459408978,2093.48316022234,57975.5602403068,ra,5.0,0.0,5.0,40.055981936236805,40.055981936236805,0.0,241.9819177910041,128.83068832252292,113.15122946848118,216.97268690649582,88.80124229828014,128.17144460821567,1
4.0,2.0,35.0,39.0,21337.9057816767,10925.6060783794,10412.2997032973,4724.82145770061,2596.38509090262,2128.43636679799,78476.4553474238,ra,0.0,0.0,0.0,0.0,0.0,0.0,186.6814761609761,88.80124229828014,97.88023386269597,220.5808817735629,107.42965230508175,113.15122946848118,0
4.0,0.0,40.0,40.0,10876.9999980846,10876.9999980846,0.0,1976.66074396654,1976.66074396654,0.0,96645.2667353262,ra,0.0,0.0,0.0,0.0,0.0,0.0,107.42965230508175,107.42965230508175,0.0,121.61169599034925,121.61169599034925,0.0,0
4.0,1.0,41.0,41.0,10239.998724531,0.0,10239.998724531,1817.26058482465,0.0,1817.26058482465,99246.7072366671,ra,0.0,0.0,0.0,0.0,0.0,0.0,84.84184622831584,0.0,84.84184622831584,97.88023386269597,0.0,97.88023386269597,0
4.0,2.0,42.0,42.0,15349.44862342799,7293.1561007636,8056.29252266439,2244.8438549829193,2242.94471998322,1.89913499969935,124531.184689634,ra,6.0,0.0,6.0,142.98435980573075,121.61169599034925,21.3726638153815,227.81258021807784,121.61169599034925,106.2008842277286,100.93441046804992,16.09256423973408,84.84184622831584,1
4.0,2.0,45.0,43.0,29499.9997821141,14928.9998128104,14570.9999693037,9965.39545782924,4949.37419030477,5016.02126752447,160563.715389321,ra,0.0,0.0,0.0,0.0,0.0,0.0,86.30475745945878,16.09256423973408,70.2121932197247,157.8039634589143,51.603079231185696,106.2008842277286,0
4.0,2.0,49.0,44.0,29501.2496709625,14929.6109247903,14571.6387461722,7771.39511709413,964.25344768502,6807.14166940911,167022.616706975,ra,0.0,0.0,0.0,0.0,0.0,0.0,72.9757430465672,51.603079231185696,21.3726638153815,128.73354841732493,58.521355197600215,70.2121932197247,0
4.0,2.0,2.0,45.0,37135.979248738106,18661.9898553614,18473.9893933767,2580.11657231137,2580.11657231137,0.0,182066.45484822,link,0.0,0.0,0.0,0.0,0.0,0.0,79.89401901298172,58.521355197600215,21.3726638153815,98.40570649060884,77.03304267522734,21.3726638153815,0
5.0,2.0,1.0,46.0,68793.7826224039,33913.4453688065,34880.3372535974,3843.82209257494,0.0,3843.82209257494,0.0,link,0.0,0.0,0.0,0.0,0.0,0.0,42.5740735814026,14.621630381342094,27.952443200060507,70.15253033058815,14.621630381342094,55.53089994924605,0
5.0,1.0,26.0,47.0,36003.5240013336,0.0,36003.5240013336,3895.94746693039,0.0,3895.94746693039,10624.4240384357,ra,0.0,0.0,0.0,0.0,0.0,0.0,0.0,0.0,0.0,27.952443200060507,0.0,27.952443200060507,0
5.0,0.0,27.0,48.0,32653.8009159093,32653.8009159093,0.0,4178.14177110393,4178.14177110393,0.0,12028.5386871855,ra,0.0,0.0,0.0,0.0,0.0,0.0,14.621630381342094,14.621630381342094,0.0,44.5987467387659,44.5987467387659,0.0,0
5.0,2.0,32.0,49.0,33127.6679782642,16315.8916479239,16811.7763303403,9152.20454584315,5870.83645283758,3281.36809300557,39273.393575652,ra,6.0,0.0,6.0,298.06197702044176,86.7205217056354,211.34145531480635,232.39721128770933,44.5987467387659,187.79846454894343,0.0,0.0,0.0,1
5.0,1.0,36.0,50.0,15728.3542233459,0.0,15728.3542233459,1275.7622080105,0.0,1275.7622080105,47330.3638647794,ra,0.0,0.0,0.0,0.0,0.0,0.0,178.64519157519507,0.0,178.64519157519507,187.79846454894343,0.0,187.79846454894343,0
5.0,0.0,39.0,51.0,16181.0369578104,16181.0369578104,0.0,2402.71193975453,2402.71193975453,0.0,54808.4650706048,ra,0.0,0.0,0.0,0.0,0.0,0.0,0.0,0.0,0.0,17.23885385831762,17.23885385831762,0.0,0
5.0,1.0,43.0,52.0,15425.0541977474,0.0,15425.0541977474,6550.91638851091,0.0,6550.91638851091,67696.5829264334,ra,0.0,0.0,0.0,0.0,0.0,0.0,131.64401411771976,0.0,131.64401411771976,178.64519157519507,0.0,178.64519157519507,0
5.0,0.0,44.0,53.0,16743.9409701348,16743.9409701348,0.0,2188.52376611744,2188.52376611744,0.0,67916.7177403682,ra,0.0,0.0,0.0,0.0,0.0,0.0,17.23885385831762,17.23885385831762,0.0,32.94096144155452,32.94096144155452,0.0,0
5.0,1.0,50.0,54.0,23926.8657512302,0.0,23926.8657512302,3865.03208223887,0.0,3865.03208223887,86150.6446371155,ra,0.0,0.0,0.0,0.0,0.0,0.0,103.91338102724951,0.0,103.91338102724951,131.64401411771976,0.0,131.64401411771976,0
5.0,0.0,51.0,55.0,23976.5917239922,23976.5917239922,0.0,3863.2104401925,3863.2104401925,0.0,86198.2118888899,ra,0.0,0.0,0.0,0.0,0.0,0.0,32.94096144155452,32.94096144155452,0.0,60.65852470850579,60.65852470850579,0.0,0
5.0,2.0,4.0,56.0,48295.9987384735,24204.9992554563,24090.9994830172,3849.65902876729,3849.65902876729,0.0,102115.051061861,link,0.0,0.0,0.0,0.0,0.0,0.0,164.5719057357553,60.65852470850579,103.91338102724951,192.19224103406503,88.2788600068155,103.91338102724951,0
6.0,2.0,0.0,57.0,17593.52882743976,9370.08985369332,8223.43897374644,3280.58897165935,0.0,3280.58897165935,0.0,link,0.0,0.0,0.0,0.0,0.0,0.0,19.554549804552355,0.0,19.554549804552355,23.53740076616165,0.0,23.53740076616165,0
6.0,0.0,34.0,58.0,9440.70012643683,9440.70012643683,0.0,115.627916160566,115.627916160566,0.0,1229.56192943354,ra,0.0,0.0,0.0,0.0,0.0,0.0,0.0,0.0,0.0,0.8296012167140775,0.8296012167140775,0.0,0
6.0,0.0,33.0,59.0,9685.7540713875,9685.7540713875,0.0,302.822447135245,302.822447135245,0.0,4398.31801694572,ra,0.0,0.0,0.0,0.0,0.0,0.0,0.8296012167140775,0.8296012167140775,0.0,3.0022761116146826,3.0022761116146826,0.0,0
6.0,1.0,38.0,60.0,13533.1360897293,0.0,13533.1360897293,3267.26796433001,0.0,3267.26796433001,19100.037855584,ra,0.0,0.0,0.0,0.0,0.0,0.0,36.85192008254148,0.0,36.85192008254148,19.554549804552355,0.0,19.554549804552355,0
6.0,0.0,37.0,61.0,14150.2103751211,14150.2103751211,0.0,1803.67381185194,1803.67381185194,0.0,19123.3135023805,ra,0.0,0.0,0.0,0.0,0.0,0.0,3.0022761116146826,3.0022761116146826,0.0,15.943182067143777,15.943182067143777,0.0,0
6.0,2.0,48.0,62.0,30972.8842403762,15986.2762154003,14986.6080249759,5468.1986435463505,3421.90944344568,2046.28920010067,42213.9465999939,ra,0.0,0.0,0.0,0.0,0.0,0.0,70.31319803919351,15.943182067143777,54.370015972049735,77.34644175720545,40.49452167466397,36.85192008254148,0
6.0,2.0,3.0,63.0,43852.3829830634,22912.2538280909,20940.1291549725,3553.90060489654,3553.90060489654,0.0,60876.2242421798,link,0.0,0.0,0.0,0.0,0.0,0.0,110.2720256429042,40.49452167466397,69.77750396824023,120.36288064036324,65.99286466831352,54.370015972049735,0
7.0,2.0,0.0,64.0,11819.72883309257,5668.99952865367,6150.7293044389,2312.63273856917,0.0,2312.63273856917,0.0,link,0.0,0.0,0.0,0.0,0.0,0.0,0.0,0.0,0.0,16.592558245757814,0.0,16.592558245757814,0
7.0,2.0,46.0,65.0,16750.43996107374,8281.7922636936,8468.64769738014,443.9117156207323,439.374363225034,4.53735239569832,6667.95544755655,ra,7.0,0.0,7.0,46.81719554934959,0.0,46.81719554934959,46.78464118710627,0.0,46.78464118710627,3.1524005484825386,3.1524005484825386,0.0,1
7.0,2.0,47.0,66.0,16803.00194301874,8309.64474409952,8493.35719891922,469.00809295789134,4.43822753361236,464.569865424279,6721.47492677825,ra,0.0,0.0,0.0,0.0,0.0,0.0,46.60386979578248,3.1524005484825386,43.45146924729994,49.96888490187769,3.1842437147714286,46.78464118710627,0
7.0,2.0,2.0,67.0,31479.2646876848,14962.6751347339,16516.5895529509,2176.3869746183,2176.3869746183,0.0,25294.5418793567,link,0.0,0.0,0.0,0.0,0.0,0.0,46.635712962071366,3.1842437147714286,43.45146924729994,62.25074211884324,18.7992728715433,43.45146924729994,0
8.0,2.0,2.0,68.0,14782.3695846428,7482.84754160049,7299.52204304231,571.535173252439,0.0,571.535173252439,0.0,link,0.0,0.0,0.0,0.0,0.0,0.0,25.864809233082575,21.840199561113835,4.024609671968739,29.96543035356263,21.840199561113835,8.125230792448798,0
8.0,2.0,52.0,69.0,9208.20636712835,4168.18387658208,5040.02249054627,1091.488655298786,530.547783523534,560.940871775252,9055.82449812222,ra,4.0,0.0,4.0,25.64674646908439,25.64674646908439,0.0,21.840199561113835,21.840199561113835,0.0,4.024609671968739,0.0,4.024609671968739,1
8.0,2.0,0.0,70.0,9708.89067456805,5120.67365793185,4588.2170166362,557.603815055505,557.603815055505,0.0,21173.6853058851,link,0.0,0.0,0.0,0.0,0.0,0.0,0.0,0.0,0.0,4.00066712931233,4.00066712931233,0.0,0
9.0,2.0,2.0,71.0,31818.42313617,16104.8835451968,15713.5395909732,3261.48259711826,0.0,3261.48259711826,0.0,link,0.0,0.0,0.0,0.0,0.0,0.0,40.69353104972429,40.69353104972429,0.0,64.09384838402445,40.69353104972429,23.400317334300155,0
9.0,2.0,55.0,72.0,36693.0558776816,18116.8086480647,18576.2472296169,5325.486521774041,2708.00089398014,2617.4856277939,15445.3717833973,ra,5.0,0.0,5.0,107.93223924958431,60.122756370961255,47.809482878623065,69.72321287637621,40.69353104972429,29.02968182665191,0.0,0.0,0.0,1
9.0,2.0,7.0,73.0,31601.8542643027,15291.9117888883,16309.9424754144,3142.32996782434,3142.32996782434,0.0,33157.1268468838,link,0.0,0.0,0.0,0.0,0.0,0.0,29.02968182665191,0.0,29.02968182665191,51.57510901401168,22.54542718735977,29.02968182665191,0
10.0,2.0,3.0,74.0,31606.6695639389,16070.5474552074,15536.1221087315,43.8140689321546,0.0,43.8140689321546,0.0,link,0.0,0.0,0.0,0.0,0.0,0.0,79.51647745991693,79.51647745991693,0.0,79.83083238476773,79.51647745991693,0.31435492485080513,0
10.0,2.0,53.0,75.0,20482.292071415,10386.9656808517,10095.3263905633,3859.97837178184,1960.6175793948,1899.36079238704,14793.4065314786,ra,4.0,0.0,4.0,146.42123987435485,93.58341547442083,52.83782439993402,118.72686588534805,79.51647745991693,39.21038842543113,0.0,0.0,0.0,1
10.0,2.0,4.0,76.0,20473.6189956967,10382.5344994114,10091.0844962853,45.079640330005,45.079640330005,0.0,15227.5355211014,link,0.0,0.0,0.0,0.0,0.0,0.0,39.21038842543113,0.0,39.21038842543113,39.53382350675589,0.32343508132475957,39.21038842543113,0
11.0,2.0,3.0,77.0,48420.0541429227,24599.8231829302,23820.2309599925,1269.82131381751,0.0,1269.82131381751,0.0,link,0.0,0.0,0.0,0.0,0.0,0.0,154.0484330975325,40.08615990732794,113.96227319020457,163.15908164964873,40.08615990732794,123.07292174232079,0
11.0,2.0,54.0,78.0,48814.9931722971,24295.4347117739,24519.5584605232,3388.4082292149897,1701.63127736504,1686.77695184995,6967.48714814497,ra,0.0,0.0,0.0,0.0,0.0,0.0,141.9886614783626,40.08615990732794,101.90250157103465,166.25720953297784,52.294936342773276,113.96227319020457,0
11.0,1.0,56.0,79.0,22284.9266194441,0.0,22284.9266194441,1685.09443322027,0.0,1685.09443322027,14053.3882390507,ra,0.0,0.0,0.0,0.0,0.0,0.0,89.81237283312338,0.0,89.81237283312338,101.90250157103465,0.0,101.90250157103465,0
11.0,2.0,5.0,80.0,42919.8251598076,21285.3584845686,21634.466675239,2910.89526178855,2910.89526178855,0.0,19878.6900646546,link,0.0,0.0,0.0,0.0,0.0,0.0,142.10730917589666,52.294936342773276,89.81237283312338,162.99225055591438,73.179877722791,89.81237283312338,0
12.0,2.0,4.0,81.0,53131.6723320628,26537.1834811746,26594.4888508882,1562.32443000799,0.0,1562.32443000799,0.0,link,0.0,0.0,0.0,0.0,0.0,0.0,194.10509643435134,77.2951819356623,116.80991449868904,194.99699311370205,66.97779377209562,128.01919934160642,0
12.0,0.0,58.0,82.0,22288.895823896,22288.895823896,0.0,3364.25769729557,3364.25769729557,0.0,13722.6357161214,ra,0.0,0.0,0.0,0.0,0.0,0.0,66.97779377209562,66.97779377209562,0.0,86.9579605835662,86.9579605835662,0.0,0
12.0,1.0,57.0,83.0,22492.6689728353,0.0,22492.6689728353,3393.5923031971,0.0,3393.5923031971,13775.3691799331,ra,0.0,0.0,0.0,0.0,0.0,0.0,92.4617432503691,0.0,92.4617432503691,116.80991449868904,0.0,116.80991449868904,0
12.0,2.0,5.0,84.0,44751.0771921405,22273.0392762582,22478.0379158823,1559.84087923299,1559.84087923299,0.0,20725.0958331826,link,0.0,0.0,0.0,0.0,0.0,0.0,179.4197038339353,86.9579605835662,92.4617432503691,190.61116982468337,98.14942657431428,92.4617432503691,0
13.0,2.0,4.0,85.0,25987.610544625597,13119.3784455626,12868.232099063,1205.38349046939,0.0,1205.38349046939,0.0,link,0.0,0.0,0.0,0.0,0.0,0.0,125.15686266966769,65.00386454375572,60.152998125911964,127.64921278784112,58.84789128548915,68.80132150235197,0
13.0,2.0,59.0,86.0,13974.00634747334,7033.00411775856,6941.00222971478,6883.850493770729,3777.52597161839,3106.32452215234,36309.8952864744,ra,0.0,0.0,0.0,0.0,0.0,0.0,96.71379224095824,58.84789128548915,37.86590095546909,146.103688166953,85.95069004104103,60.152998125911964,0
13.0,1.0,63.0,87.0,7362.49465739319,0.0,7362.49465739319,661.497609325267,0.0,661.497609325267,54986.8926639146,ra,0.0,0.0,0.0,0.0,0.0,0.0,33.119821982743886,0.0,33.119821982743886,37.86590095546909,0.0,37.86590095546909,0
13.0,0.0,62.0,88.0,7963.31449008736,7963.31449008736,0.0,1395.608479293,1395.608479293,0.0,55258.2918559062,ra,0.0,0.0,0.0,0.0,0.0,0.0,85.95069004104103,85.95069004104103,0.0,90.01039406875186,90.01039406875186,0.0,0
13.0,2.0,70.0,89.0,20915.585370117602,10623.7234191176,10291.861951,6679.2986941238505,3389.00409366516,3290.29460045869,85720.8848871018,ra,0.0,0.0,0.0,0.0,0.0,0.0,99.52317983977503,90.01039406875186,9.512785771023168,147.44546805041097,114.32564606766708,33.119821982743886,0
13.0,1.0,71.0,90.0,10312.6666929756,0.0,10312.6666929756,1325.87027770041,0.0,1325.87027770041,92148.0377185692,ra,0.0,0.0,0.0,0.0,0.0,0.0,0.0,0.0,0.0,9.512785771023168,0.0,9.512785771023168,0
13.0,0.0,75.0,91.0,10865.4133062023,10865.4133062023,0.0,2225.2267853651,2225.2267853651,0.0,106351.198252807,ra,0.0,0.0,0.0,0.0,0.0,0.0,114.32564606766708,114.32564606766708,0.0,130.2910885827785,130.2910885827785,0.0,0
13.0,2.0,80.0,92.0,21769.3135715549,10924.7717317326,10844.5418398223,5231.40590135432,1587.86020641778,3643.54569493654,121274.128299309,ra,7.0,0.0,7.0,193.122519896612,141.68358619889753,51.43893369771446,155.58849831256768,130.2910885827785,25.297409729789162,0.0,0.0,0.0,1
13.0,2.0,8.0,93.0,20326.8379673694,10049.6549230906,10277.1830442788,1199.97066882623,1199.97066882623,0.0,132616.969219855,link,0.0,0.0,0.0,0.0,0.0,0.0,25.297409729789162,0.0,25.297409729789162,33.90689747232579,8.609487742536626,25.297409729789162,0
14.0,2.0,5.0,94.0,94497.8226477467,47019.266876753,47478.5557709937,936.342520757964,0.0,936.342520757964,0.0,link,0.0,0.0,0.0,0.0,0.0,0.0,303.0170275214956,149.39511891036867,153.62190861112697,309.73504960712455,149.39511891036867,160.3399306967559,0
14.0,0.0,61.0,95.0,46935.1899031602,46935.1899031602,0.0,2174.78874504217,2174.78874504217,0.0,4629.48262057162,ra,0.0,0.0,0.0,0.0,0.0,0.0,149.39511891036867,149.39511891036867,0.0,164.99868117190474,164.99868117190474,0.0,0
14.0,1.0,60.0,96.0,47664.7520038718,0.0,47664.7520038718,2204.32457448694,0.0,2204.32457448694,4633.73189838993,ra,0.0,0.0,0.0,0.0,0.0,0.0,137.8064342019222,0.0,137.8064342019222,153.62190861112697,0.0,153.62190861112697,0
14.0,2.0,6.0,97.0,94641.6911720278,46900.6207445268,47741.070427501,922.919420502059,922.919420502059,0.0,6596.60038925666,link,0.0,0.0,0.0,0.0,0.0,0.0,302.80511537382694,164.99868117190474,137.8064342019222,309.42683009118235,171.62039588926015,137.8064342019222,0
15.0,2.0,6.0,98.0,75207.4913410466,44538.3019109056,30669.189430141,1884.85015181653,0.0,1884.85015181653,0.0,link,0.0,0.0,0.0,0.0,0.0,0.0,235.0338616744211,188.28632697669704,46.74753469772406,113.14145074351757,52.870590267792615,60.270860475724945,0
15.0,1.0,64.0,99.0,16721.3274524539,0.0,16721.3274524539,6515.56424199958,0.0,6515.56424199958,25738.7432238461,ra,0.0,0.0,0.0,0.0,0.0,0.0,0.0,0.0,0.0,46.74753469772406,0.0,46.74753469772406,0
15.0,0.0,65.0,100.0,16271.068415411,16271.068415411,0.0,7891.47329091754,7891.47329091754,0.0,25740.9022185623,ra,0.0,0.0,0.0,0.0,0.0,0.0,52.870590267792615,52.870590267792615,0.0,29.748287979993414,29.748287979993414,0.0,0
15.0,2.0,0.0,101.0,10998.09198493645,5379.56194516866,5618.53003976779,1825.01257049708,1825.01257049708,0.0,48631.178555929,link,0.0,0.0,0.0,0.0,0.0,0.0,29.748287979993414,29.748287979993414,0.0,13.094006181867117,13.094006181867117,0.0,0
16.0,2.0,6.0,102.0,79740.5667298025,40135.9531021025,39604.6136277,2800.89558131599,0.0,2800.89558131599,0.0,link,0.0,0.0,0.0,0.0,0.0,0.0,291.8582186018554,108.87621756351051,182.9820010383449,311.0931708129327,108.01544843578813,203.0777223771446,0
16.0,1.0,66.0,103.0,29014.9759926702,0.0,29014.9759926702,4194.66206610603,0.0,4194.66206610603,12316.8385533337,ra,0.0,0.0,0.0,0.0,0.0,0.0,152.8863557193234,0.0,152.8863557193234,182.9820010383449,0.0,182.9820010383449,0
16.0,0.0,67.0,104.0,29278.0080852545,29278.0080852545,0.0,4585.78782260726,4585.78782260726,0.0,12575.9466885105,ra,0.0,0.0,0.0,0.0,0.0,0.0,108.01544843578813,108.01544843578813,0.0,140.91732268512305,140.91732268512305,0.0,0
16.0,0.0,72.0,105.0,28145.026567285,28145.026567285,0.0,3642.99524799985,3642.99524799985,0.0,25449.0803158335,ra,0.0,0.0,0.0,0.0,0.0,0.0,140.91732268512305,140.91732268512305,0.0,166.07168920595785,166.07168920595785,0.0,0
16.0,1.0,74.0,106.0,25731.8558288299,0.0,25731.8558288299,3150.32793358614,0.0,3150.32793358614,32933.7519739179,ra,0.0,0.0,0.0,0.0,0.0,0.0,130.2835451392022,0.0,130.2835451392022,152.8863557193234,0.0,152.8863557193234,0
16.0,0.0,76.0,107.0,25418.7221777421,25418.7221777421,0.0,6370.06870476076,6370.06870476076,0.0,49497.4689014342,ra,0.0,0.0,0.0,0.0,0.0,0.0,166.07168920595785,166.07168920595785,0.0,211.77533001777826,211.77533001777826,0.0,0
16.0,1.0,77.0,108.0,25469.3693020146,0.0,25469.3693020146,3629.48335037293,0.0,3629.48335037293,49565.5184208006,ra,0.0,0.0,0.0,0.0,0.0,0.0,104.24291495668098,0.0,104.24291495668098,130.2835451392022,0.0,130.2835451392022,0
16.0,1.0,82.0,109.0,26935.5497477119,0.0,26935.5497477119,4731.07688196937,0.0,4731.07688196937,67595.9687520987,ra,0.0,0.0,0.0,0.0,0.0,0.0,70.29862824827627,0.0,70.29862824827627,104.24291495668098,0.0,104.24291495668098,0
16.0,0.0,83.0,110.0,27462.4751098044,27462.4751098044,0.0,5057.1026374567,5057.1026374567,0.0,68666.0746432526,ra,0.0,0.0,0.0,0.0,0.0,0.0,211.77533001777826,211.77533001777826,0.0,248.05876952261343,248.05876952261343,0.0,0
16.0,1.0,86.0,111.0,27163.1527528195,0.0,27163.1527528195,4196.37690745412,0.0,4196.37690745412,81021.8926734055,ra,0.0,0.0,0.0,0.0,0.0,0.0,40.19067937388436,0.0,40.19067937388436,70.29862824827627,0.0,70.29862824827627,0
16.0,0.0,89.0,112.0,29187.9984476255,29187.9984476255,0.0,6653.92810326968,6653.92810326968,0.0,92123.379066016,ra,0.0,0.0,0.0,0.0,0.0,0.0,248.05876952261343,248.05876952261343,0.0,295.7990301248633,295.7990301248633,0.0,0
16.0,1.0,90.0,113.0,28376.9986665812,0.0,28376.9986665812,5601.68477510965,0.0,5601.68477510965,92203.5095301381,ra,0.0,0.0,0.0,0.0,0.0,0.0,0.0,0.0,0.0,40.19067937388436,0.0,40.19067937388436,0
16.0,2.0,94.0,114.0,71124.20344709541,35553.8279012094,35570.375545886,8755.2397188011,4299.63877333859,4455.60094546251,106046.116569043,ra,12.0,0.0,12.0,454.6322317250007,326.6478569154408,127.98437480955987,391.81558878511936,295.7990301248633,96.01655866025605,0.0,0.0,0.0,1
16.0,2.0,12.0,115.0,71147.99996754559,35564.9999847632,35582.9999827824,2799.48715587504,2799.48715587504,0.0,113917.810760995,link,0.0,0.0,0.0,0.0,0.0,0.0,96.01655866025605,0.0,96.01655866025605,116.10217490075198,20.085616240495924,96.01655866025605,0
18.0,2.0,7.0,118.0,26949.9999999978,13587.9999999988,13361.999999999,1262.35088868617,0.0,1262.35088868617,0.0,link,0.0,0.0,0.0,0.0,0.0,0.0,45.030688722431094,19.05714479866572,25.973543923765373,54.08773885312695,19.05714479866572,35.03059405446123,0
18.0,0.0,68.0,119.0,13587.9186189986,13587.9186189986,0.0,1673.78287195478,1673.78287195478,0.0,12318.1380453438,ra,0.0,0.0,0.0,0.0,0.0,0.0,19.05714479866572,19.05714479866572,0.0,31.066115929483612,31.066115929483612,0.0,0
18.0,1.0,69.0,120.0,13361.9322654755,0.0,13361.9322654755,3620.13302138755,0.0,3620.13302138755,12346.3056788137,ra,0.0,0.0,0.0,0.0,0.0,0.0,0.0,0.0,0.0,25.973543923765373,0.0,25.973543923765373,0
18.0,2.0,73.0,121.0,21133.145613699402,10354.0731302489,10779.0724834505,3099.0639764515,1773.46409345857,1325.59988299293,27186.3293839123,ra,5.0,0.0,5.0,164.29101645058796,43.79027475362856,120.50074169695941,142.0560118694387,31.066115929483612,110.98989593995509,0.0,0.0,0.0,1
18.0,2.0,81.0,122.0,17024.72901544851,8263.2955761644,8761.43343928411,10407.12701858784,5132.59342206241,5274.53359652543,76811.9776614867,ra,0.0,0.0,0.0,0.0,0.0,0.0,73.14644399016466,0.0,73.14644399016466,147.81496283754402,36.825066897588925,110.98989593995509,0
18.0,0.0,84.0,123.0,7912.19781312535,7912.19781312535,0.0,1219.94777274037,1219.94777274037,0.0,91803.7907317536,ra,0.0,0.0,0.0,0.0,0.0,0.0,36.825066897588925,36.825066897588925,0.0,45.57788533624033,45.57788533624033,0.0,0
18.0,1.0,85.0,124.0,8875.83878859374,0.0,8875.83878859374,1785.78492380043,0.0,1785.78492380043,91872.4611970398,ra,0.0,0.0,0.0,0.0,0.0,0.0,60.333886307146024,0.0,60.333886307146024,73.14644399016466,0.0,73.14644399016466,0
18.0,2.0,92.0,125.0,47292.9371799686,22515.082655355,24777.8545246136,4754.45243720846,3104.7402940347,1649.71214317376,121334.732705969,ra,6.0,0.0,6.0,108.5032776556418,67.85361606839055,40.64966158725125,134.72516352476106,45.57788533624033,89.14727818852073,60.333886307146024,0.0,60.333886307146024,1
18.0,2.0,11.0,126.0,53098.002767233804,24816.3642256391,28281.6385415947,1125.0783643968,1125.0783643968,0.0,126075.531741563,link,0.0,0.0,0.0,0.0,0.0,0.0,89.14727818852073,0.0,89.14727818852073,97.21943248304383,8.072154294523099,89.14727818852073,0
19.0,2.0,7.0,127.0,19888.0,9830.0,10058.0,1832.522339,0.0,1832.522339,0.0,link,0.0,0.0,0.0,0.0,0.0,0.0,22.637081498586618,22.637081498586618,0.0,26.017543031101802,12.869656149018553,13.147886882083247,0
19.0,2.0,0.0,128.0,19888.0,9830.0,10058.0,1790.981765,1790.981765,0.0,18219.577121931,link,0.0,0.0,0.0,0.0,0.0,0.0,12.869656149018553,12.869656149018553,0.0,25.719499860579333,25.719499860579333,0.0,0
20.0,2.0,0.0,129.0,19481.0003447438,9701.00019990513,9780.00014483867,1585.94680206363,0.0,1585.94680206363,0.0,link,0.0,0.0,0.0,0.0,0.0,0.0,5.886423479737978,0.0,5.886423479737978,11.378769421120971,0.0,11.378769421120971,0
20.0,0.0,78.0,130.0,10133.9989103389,10133.9989103389,0.0,2201.81082897895,2201.81082897895,0.0,22308.8999344534,ra,0.0,0.0,0.0,0.0,0.0,0.0,0.0,0.0,0.0,15.797438917420573,15.797438917420573,0.0,0
20.0,1.0,79.0,131.0,10094.128472639,0.0,10094.128472639,2214.67932713437,0.0,2214.67932713437,22364.4498639692,ra,0.0,0.0,0.0,0.0,0.0,0.0,9.113257880288923,0.0,9.113257880288923,5.886423479737978,0.0,5.886423479737978,0
20.0,2.0,8.0,132.0,21962.979690817003,10983.9900500203,10978.9896407967,1594.24397947735,1594.24397947735,0.0,37253.2284842051,link,0.0,0.0,0.0,0.0,0.0,0.0,36.08014889174679,15.797438917420573,20.282709974326213,36.34899637993928,27.235738499650356,9.113257880288923,0
21.0,2.0,8.0,133.0,21649.000000000102,11074.0,10575.0000000001,371.58433599978,0.0,371.58433599978,0.0,link,0.0,0.0,0.0,0.0,0.0,0.0,29.12066317578629,29.12066317578629,0.0,31.786687328891645,29.12066317578629,2.666024153105356,0
21.0,2.0,87.0,134.0,23288.9999999286,11776.9999999694,11511.9999999592,6542.5877927048805,3329.21173105459,3213.37606165029,29246.6421925882,ra,6.0,0.0,6.0,149.91420045773424,53.00692001143096,96.90728044630328,102.97277858043046,29.12066317578629,73.85211540464417,0.0,0.0,0.0,1
21.0,2.0,10.0,135.0,23288.9999999998,11776.9999999999,11511.9999999999,380.138005999835,380.138005999835,0.0,32474.4736101551,link,0.0,0.0,0.0,0.0,0.0,0.0,73.85211540464417,0.0,73.85211540464417,76.57950998865448,2.727394584010314,73.85211540464417,0
22.0,2.0,8.0,136.0,18089.34980232114,9293.63667702267,8795.71312529847,2541.60361777734,0.0,2541.60361777734,0.0,link,0.0,0.0,0.0,0.0,0.0,0.0,41.200850950862936,11.623342590772904,29.577508360090032,59.436217666155144,11.623342590772904,47.81287507538224,0
22.0,2.0,9.0,137.0,22551.7599214391,11229.4921808602,11322.2677405789,2598.64030591273,2598.64030591273,0.0,25496.1440920557,link,0.0,0.0,0.0,0.0,0.0,0.0,41.200850950862936,11.623342590772904,29.577508360090032,59.845441558149815,30.267933198059783,29.577508360090032,0
24.0,2.0,9.0,140.0,25786.108144857702,12922.6073175015,12863.5008273562,310.22506737586,0.0,310.22506737586,0.0,link,0.0,0.0,0.0,0.0,0.0,0.0,106.23571865141572,75.06650597894145,31.169212672474274,108.08942946723549,74.69442996147751,33.39499950575798,0
24.0,0.0,88.0,141.0,12911.6129537198,12911.6129537198,0.0,904.521486357201,904.521486357201,0.0,7001.12487688288,ra,0.0,0.0,0.0,0.0,0.0,0.0,74.69442996147751,74.69442996147751,0.0,81.18414412863358,81.18414412863358,0.0,0
24.0,1.0,91.0,142.0,12797.6950404071,0.0,12797.6950404071,2112.95769776524,0.0,2112.95769776524,10447.761196687,ra,0.0,0.0,0.0,0.0,0.0,0.0,16.00927262393748,0.0,16.00927262393748,31.169212672474274,0.0,31.169212672474274,0
24.0,0.0,97.0,143.0,9570.73893282761,9570.73893282761,0.0,2755.77301226508,2755.77301226508,0.0,30840.5691895132,ra,0.0,0.0,0.0,0.0,0.0,0.0,81.18414412863358,81.18414412863358,0.0,100.9561223833331,100.9561223833331,0.0,0
24.0,1.0,98.0,144.0,9946.42620888775,0.0,9946.42620888775,2231.33572547577,0.0,2231.33572547577,30857.3340619152,ra,0.0,0.0,0.0,0.0,0.0,0.0,0.0,0.0,0.0,16.00927262393748,0.0,16.00927262393748,0
24.0,2.0,108.0,145.0,15887.70615160749,7870.70573058493,8017.00042102256,4501.986650504179,2168.3895853448,2333.59706515938,55766.1486133563,ra,4.0,0.0,4.0,253.07861737088072,116.5137722835021,136.56484508737861,220.7779954544361,100.9561223833331,119.821873071103,0.0,0.0,0.0,1
24.0,2.0,114.0,146.0,28294.0206982518,14163.5504368669,14130.4702613849,3453.81695206723,2111.30760238217,1342.50934968506,76000.7341358558,ra,0.0,0.0,0.0,0.0,0.0,0.0,110.1897061435061,0.0,110.1897061435061,134.96997410028405,15.148101029181051,119.821873071103,0
24.0,2.0,15.0,147.0,28738.6713502246,14383.3123439625,14355.3590062621,310.87767950128,310.87767950128,0.0,78175.474803374,link,0.0,0.0,0.0,0.0,0.0,0.0,125.33780717268715,15.148101029181051,110.1897061435061,127.56827633383136,17.378570190325263,110.1897061435061,0
25.0,2.0,9.0,148.0,18444.994544675952,9036.99752648209,9407.99701819386,3162.57397865205,0.0,3162.57397865205,0.0,link,0.0,0.0,0.0,0.0,0.0,0.0,72.84913211940568,27.27936167882063,45.569770440585046,95.53980499285497,27.27936167882063,68.26044331403433,0
25.0,2.0,10.0,149.0,19006.7279100321,9665.34291491844,9341.38499511366,3137.60809841466,3137.60809841466,0.0,35248.1726115327,link,0.0,0.0,0.0,0.0,0.0,0.0,77.15910011272037,27.27936167882063,49.87973843389974,93.38909861693242,47.819328176347376,45.569770440585046,0
26.0,2.0,10.0,150.0,39799.090315948604,19727.656489473,20071.4338264756,5432.50664953123,0.0,5432.50664953123,0.0,link,0.0,0.0,0.0,0.0,0.0,0.0,108.49084314286421,35.735414843047,72.75542829981721,147.46771201594902,35.73541484304701,111.73229717290201,0
26.0,2.0,11.0,151.0,61239.0276416527,31319.7944712375,29919.2331704152,5527.09879983652,5527.09879983652,0.0,24120.7762535988,link,0.0,0.0,0.0,0.0,0.0,0.0,108.49084314286422,35.73541484304701,72.75542829981721,148.1463869033862,75.390958603569,72.75542829981721,0
27.0,2.0,11.0,152.0,68446.95855219441,33632.3321209786,34814.6264312158,4475.01586176286,0.0,4475.01586176286,0.0,link,0.0,0.0,0.0,0.0,0.0,0.0,177.19059024032066,48.858689916184126,128.33190032413654,209.29770353100693,48.858689916184126,160.4390136148228,0
27.0,0.0,99.0,153.0,29715.9548515929,29715.9548515929,0.0,4959.0509597815,4959.0509597815,0.0,15398.2814879574,ra,0.0,0.0,0.0,0.0,0.0,0.0,48.858689916184126,48.858689916184126,0.0,84.43863329481351,84.43863329481351,0.0,0
27.0,1.0,100.0,154.0,27462.2259431798,0.0,27462.2259431798,4427.60002896918,0.0,4427.60002896918,15788.2300471589,ra,0.0,0.0,0.0,0.0,0.0,0.0,96.5649837081229,0.0,96.5649837081229,128.33190032413654,0.0,128.33190032413654,0
27.0,2.0,107.0,155.0,39803.000772140804,18775.2599855575,21027.7407865833,8521.51974910427,4077.761723511,4443.75802559327,32030.5850885025,ra,0.0,0.0,0.0,0.0,0.0,0.0,149.1207708250651,84.43863329481351,64.68213753025161,210.2605317656063,113.69554805748339,96.5649837081229,0
27.0,0.0,111.0,156.0,14923.34787731,14923.34787731,0.0,3332.68370370798,3332.68370370798,0.0,51994.455333056,ra,0.0,0.0,0.0,0.0,0.0,0.0,113.69554805748339,113.69554805748339,0.0,135.05441045093494,135.05441045093494,0.0,0
27.0,1.0,110.0,157.0,16064.7865328213,0.0,16064.7865328213,3656.83050998601,0.0,3656.83050998601,52217.7859827402,ra,0.0,0.0,0.0,0.0,0.0,0.0,38.445298355628665,0.0,38.445298355628665,64.68213753025161,0.0,64.68213753025161,0
27.0,2.0,113.0,158.0,28115.7326932638,13396.479626617,14719.2530666468,8182.361978154309,4151.77442489818,4030.58755325613,80453.8359529617,ra,0.0,0.0,0.0,0.0,0.0,0.0,144.58125685063126,135.05441045093494,9.526846399696316,203.2876460866491,164.84234773102042,38.445298355628665,0
27.0,0.0,115.0,159.0,16210.1141141057,16210.1141141057,0.0,2741.86480754644,2741.86480754644,0.0,99290.1862589441,ra,0.0,0.0,0.0,0.0,0.0,0.0,164.84234773102042,164.84234773102042,0.0,184.5145381149356,184.5145381149356,0.0,0
27.0,2.0,116.0,160.0,34177.789667498,16266.7915147338,17910.9981527642,6377.1162856009105,1294.98984691301,5082.1264386879,107271.26953268,ra,2.0,0.0,2.0,160.90000000000006,46.3063849434436,114.59361505655646,272.1720205862904,184.5145381149356,87.65748247135478,157.026226018092,147.49937961839566,9.526846399696316,1
27.0,2.0,15.0,161.0,39893.9999998457,18725.9999999336,21167.9999999121,3972.00678523747,3972.00678523747,0.0,128894.513137464,link,0.0,0.0,0.0,0.0,0.0,0.0,235.15686208975046,147.49937961839566,87.65748247135478,263.6550117688793,175.99752929752455,87.65748247135478,0
28.0,2.0,11.0,162.0,61992.2787513973,31725.312247826,30266.9665035713,2390.70224064613,0.0,2390.70224064613,0.0,link,0.0,0.0,0.0,0.0,0.0,0.0,119.37121630651512,84.83231685134946,34.538899455165655,114.0687241324716,62.377137389514964,51.69158674295663,0
28.0,0.0,93.0,163.0,30439.2241679383,30439.2241679383,0.0,1072.78335284043,1072.78335284043,0.0,3445.55910715547,ra,0.0,0.0,0.0,0.0,0.0,0.0,62.377137389514964,62.377137389514964,0.0,49.20761197029305,49.20761197029305,0.0,0
28.0,0.0,95.0,164.0,18498.9087746208,18498.9087746208,0.0,3967.26574657,3967.26574657,0.0,21968.3457181098,ra,0.0,0.0,0.0,0.0,0.0,0.0,49.20761197029305,49.20761197029305,0.0,4.569507232688607,4.569507232688607,0.0,0
28.0,1.0,96.0,165.0,17419.1863324911,0.0,17419.1863324911,4813.95264377551,0.0,4813.95264377551,22264.116411145,ra,0.0,0.0,0.0,0.0,0.0,0.0,0.0,0.0,0.0,34.538899455165655,0.0,34.538899455165655,0
28.0,2.0,0.0,166.0,16044.98321671642,8425.39921826346,7619.58399845296,2682.96218463007,2682.96218463007,0.0,40879.2796779836,link,0.0,0.0,0.0,0.0,0.0,0.0,4.569507232688607,4.569507232688607,0.0,19.24957887917082,19.24957887917082,0.0,0
30.0,2.0,12.0,169.0,31173.0077127878,15334.6891591729,15838.3185536149,1373.0223382835,0.0,1373.0223382835,0.0,link,0.0,0.0,0.0,0.0,0.0,0.0,145.9089995753319,15.779927509590909,130.12907206574098,152.39989526089377,15.779927509590909,136.61996775130285,0
30.0,0.0,101.0,170.0,15342.1685357064,15342.1685357064,0.0,288.700229956651,288.700229956651,0.0,1882.30501330568,ra,0.0,0.0,0.0,0.0,0.0,0.0,15.779927509590909,15.779927509590909,0.0,17.85127904813358,17.85127904813358,0.0,0
30.0,1.0,102.0,171.0,15008.3801891543,0.0,15008.3801891543,2426.9547057033,0.0,2426.9547057033,15325.3757236118,ra,0.0,0.0,0.0,0.0,0.0,0.0,112.71628245907272,0.0,112.71628245907272,130.12907206574098,0.0,130.12907206574098,0
30.0,0.0,103.0,172.0,14615.1043928834,14615.1043928834,0.0,2123.5391790608,2123.5391790608,0.0,15632.2115214018,ra,0.0,0.0,0.0,0.0,0.0,0.0,17.85127904813358,17.85127904813358,0.0,33.08713856360294,33.08713856360294,0.0,0
30.0,2.0,13.0,173.0,18934.3901725728,9143.1385769236,9791.2515956492,1268.11665537119,1268.11665537119,0.0,27311.5905726122,link,0.0,0.0,0.0,0.0,0.0,0.0,155.24541978690476,33.08713856360294,122.15828122330183,154.90183907918055,42.18555662010782,112.71628245907272,0
31.0,2.0,12.0,174.0,61211.2617744492,30941.9007084376,30269.3610660116,584.87883138558,0.0,584.87883138558,0.0,link,0.0,0.0,0.0,0.0,0.0,0.0,101.30485610535857,75.20515621940687,26.0996998859517,105.50121461686192,75.20515621940687,30.296058397455035,0
31.0,1.0,106.0,175.0,29780.0349085717,0.0,29780.0349085717,3637.7163502508,0.0,3637.7163502508,10173.7794302971,ra,0.0,0.0,0.0,0.0,0.0,0.0,0.0,0.0,0.0,26.0996998859517,0.0,26.0996998859517,0
31.0,0.0,105.0,176.0,30402.9541425937,30402.9541425937,0.0,3119.85205801169,3119.85205801169,0.0,10175.4293545811,ra,0.0,0.0,0.0,0.0,0.0,0.0,75.20515621940687,75.20515621940687,0.0,97.58931005731121,97.58931005731121,0.0,0
31.0,2.0,109.0,177.0,62402.9342497772,31525.7279110326,30877.2063387446,6816.57046321175,3762.41918739273,3054.15127581902,22337.1483709023,ra,7.0,0.0,7.0,214.91660889722004,124.58372143557231,90.33288746164773,166.00943026879187,97.58931005731121,68.42012021148066,0.0,0.0,0.0,1
31.0,2.0,14.0,178.0,62766.261417807,31611.057809806,31155.203608001,595.148026243029,595.148026243029,0.0,24222.213413882,link,0.0,0.0,0.0,0.0,0.0,0.0,68.42012021148066,0.0,68.42012021148066,72.69015761326672,4.27003740178605,68.42012021148066,0
32.0,2.0,13.0,179.0,24034.0,12223.0,11811.0,4986.62400523132,0.0,4986.62400523132,0.0,link,0.0,0.0,0.0,0.0,0.0,0.0,136.81084411590075,42.18555662010782,94.62528749579292,163.08003631473167,40.921755091429844,122.15828122330183,0
32.0,2.0,104.0,180.0,24034.0000000012,12223.0000000006,11811.0000000006,545.6198680000059,277.486546000003,268.133322000003,2270.21285318104,ra,0.0,0.0,0.0,0.0,0.0,0.0,136.27744580400076,40.921755091429844,95.3556907125709,129.6775901964148,35.05230270062189,94.62528749579292,0
32.0,2.0,16.0,181.0,35472.0,17897.0,17575.0,5106.43524839964,5106.43524839964,0.0,35413.5690178666,link,0.0,0.0,0.0,0.0,0.0,0.0,130.4079934131928,35.05230270062189,95.3556907125709,167.04538199382995,71.68969128125906,95.3556907125709,0
33.0,2.0,14.0,182.0,25491.3919282071,13297.3329457903,12194.0589824168,2901.96451332052,0.0,2901.96451332052,0.0,link,0.0,0.0,0.0,0.0,0.0,0.0,27.420699424934334,27.420699424934334,0.0,40.906784758022525,20.085919252077957,20.820865505944568,0
33.0,2.0,0.0,183.0,27433.9391849649,13761.9854531938,13671.9537317711,3014.56661334824,3014.56661334824,0.0,22213.6117866395,link,0.0,0.0,0.0,0.0,0.0,0.0,20.085919252077957,20.085919252077957,0.0,33.007367251407764,33.007367251407764,0.0,0
34.0,2.0,14.0,184.0,40290.9817282687,40289.5340857765,1.44764249220084,4807.99244961434,0.0,4807.99244961434,0.0,link,0.0,0.0,0.0,0.0,0.0,0.0,67.1543147503956,14.95187156815727,52.202443182238326,100.65365986499894,14.95187156815727,85.70178829684167,0
34.0,2.0,112.0,185.0,40084.6794214896,20069.2583308031,20015.4210906865,5879.593873458731,4738.49168603675,1141.10218742198,14615.9886216738,ra,0.0,0.0,0.0,0.0,0.0,0.0,59.55075718837102,14.95187156815727,44.59888562021376,101.15180081307606,48.94935763083774,52.202443182238326,0
34.0,0.0,120.0,186.0,19233.9789959859,19233.9789959859,0.0,2388.18736449935,2388.18736449935,0.0,26934.1491638682,ra,0.0,0.0,0.0,0.0,0.0,0.0,48.94935763083774,48.94935763083774,0.0,66.08400131479557,66.08400131479557,0.0,0
34.0,2.0,20.0,187.0,42848.933143860995,20473.5804606555,22375.3526832055,2247.13462765847,2247.13462765847,0.0,38220.8594846279,link,0.0,0.0,0.0,0.0,0.0,0.0,112.8123854382219,66.08400131479557,46.72838412342633,126.80551270850381,82.20662708829006,44.59888562021376,0
35.0,2.0,0.0,188.0,13637.0,6766.0,6871.0,2412.0267595,0.0,2412.0267595,0.0,link,0.0,0.0,0.0,0.0,0.0,0.0,37.770041129495596,0.0,37.770041129495596,45.234044490227355,0.0,45.234044490227355,0
35.0,2.0,16.0,189.0,13637.0,6766.0,6871.0,2375.167087,2375.167087,0.0,35104.4629542217,link,0.0,0.0,0.0,0.0,0.0,0.0,47.871713717570465,0.0,47.871713717570465,54.81126759714368,17.041226467648084,37.770041129495596,0
36.0,2.0,15.0,190.0,63592.0,31158.0,32434.0,1263.515121,0.0,1263.515121,0.0,link,0.0,0.0,0.0,0.0,0.0,0.0,257.0745172735596,130.8344156756392,126.24010159792039,266.13992047828947,130.8344156756392,135.3055048026503,0
36.0,0.0,121.0,191.0,31158.0,31158.0,0.0,1862.749872,1862.749872,0.0,5978.40628225615,ra,0.0,0.0,0.0,0.0,0.0,0.0,130.8344156756392,130.8344156756392,0.0,144.1991775044286,144.1991775044286,0.0,0
36.0,1.0,122.0,192.0,32434.0,0.0,32434.0,2232.999815,0.0,2232.999815,6884.76410576914,ra,0.0,0.0,0.0,0.0,0.0,0.0,110.21888955018403,0.0,110.21888955018403,126.24010159792039,0.0,126.24010159792039,0
36.0,2.0,17.0,193.0,63592.0,31158.0,32434.0,1496.20716,1496.20716,0.0,10780.4149902554,link,0.0,0.0,0.0,0.0,0.0,0.0,254.41806705461264,144.1991775044286,110.21888955018403,265.1529771144692,154.9340875642852,110.21888955018403,0
37.0,2.0,16.0,194.0,61280.6441162145,31014.1744637331,30266.4696524814,3075.32200703344,0.0,3075.32200703344,0.0,link,0.0,0.0,0.0,0.0,0.0,0.0,187.3642159007189,69.56508612668549,117.79912977403342,193.6266589346052,69.56508612668549,124.0615728079197,0
37.0,0.0,117.0,195.0,31188.9181978021,31188.9181978021,0.0,476.264669971773,476.264669971773,0.0,1531.60155183027,ra,0.0,0.0,0.0,0.0,0.0,0.0,69.56508612668549,69.56508612668549,0.0,72.98216534774353,72.98216534774353,0.0,0
37.0,2.0,18.0,196.0,64809.525076994905,32882.2900340846,31927.2350429103,2677.02300367325,2677.02300367325,0.0,9891.28354449013,link,0.0,0.0,0.0,0.0,0.0,0.0,195.86981635249927,72.98216534774353,122.88765100475574,209.98826187135424,92.18913209732082,117.79912977403342,0
38.0,2.0,17.0,197.0,73980.9084088181,36437.7364219997,37543.1719868184,8581.89596317837,0.0,8581.89596317837,0.0,link,0.0,0.0,0.0,0.0,0.0,0.0,200.53210458993277,137.22048677229063,63.311617817642144,261.4806121749666,136.59604926610723,124.88456290885941,0
38.0,1.0,118.0,198.0,38288.3848812199,0.0,38288.3848812199,3563.20063608103,0.0,3563.20063608103,5385.57294187173,ra,0.0,0.0,0.0,0.0,0.0,0.0,37.74654943930766,0.0,37.74654943930766,63.311617817642144,0.0,63.311617817642144,0
38.0,0.0,119.0,199.0,38355.5663129252,38355.5663129252,0.0,2619.00122524035,2619.00122524035,0.0,7097.78606046679,ra,0.0,0.0,0.0,0.0,0.0,0.0,136.59604926610723,136.59604926610723,0.0,151.51498393971764,151.51498393971764,0.0,0
38.0,1.0,123.0,200.0,41712.9401712972,0.0,41712.9401712972,2031.11145511135,0.0,2031.11145511135,14257.7141698898,ra,0.0,0.0,0.0,0.0,0.0,0.0,23.173835596550223,0.0,23.173835596550223,37.74654943930766,0.0,37.74654943930766,0
38.0,0.0,124.0,201.0,40728.8663078391,40728.8663078391,0.0,2848.88985060576,2848.88985060576,0.0,14300.5054996462,ra,0.0,0.0,0.0,0.0,0.0,0.0,151.51498393971764,151.51498393971764,0.0,171.95505208956604,171.95505208956604,0.0,0
38.0,2.0,22.0,202.0,105896.4428578996,51540.438437961,54356.0044199386,8230.02197998083,8230.02197998083,0.0,31585.4341675124,link,0.0,0.0,0.0,0.0,0.0,0.0,195.12888768611626,171.95505208956604,23.173835596550223,254.17722544820603,231.0033898516558,23.173835596550223,0
39.0,2.0,17.0,203.0,25562.2788538132,12328.3002896388,13233.9785641744,1988.33296352279,0.0,1988.33296352279,0.0,link,0.0,0.0,0.0,0.0,0.0,0.0,99.21676479438707,72.93091393497225,26.285850859414815,99.50677168396953,58.95513189966729,40.55163978430224,0
39.0,2.0,24.0,204.0,21529.4529436522,10591.5844792127,10937.8684644395,1897.36879079567,1897.36879079567,0.0,17071.729881247,link,0.0,0.0,0.0,0.0,0.0,0.0,86.61073268441372,58.95513189966729,27.655600784746426,71.30753773594859,45.02168687653378,26.285850859414815,0
40.0,2.0,18.0,205.0,25932.8384078479,12821.1458632264,13111.6925446215,1674.79594495223,0.0,1674.79594495223,0.0,link,0.0,0.0,0.0,0.0,0.0,0.0,91.31912213327286,67.23767222076573,24.081449912507132,90.07335543632638,53.975665849044056,36.09768958728233,0
40.0,2.0,26.0,206.0,22387.8945153677,11334.7070106569,11053.1875047108,1671.62669728314,1671.62669728314,0.0,13785.5992106443,link,0.0,0.0,0.0,0.0,0.0,0.0,84.79050054962511,53.975665849044056,30.81483470058106,83.51011392870407,59.42866401619694,24.081449912507132,0
41.0,2.0,18.0,207.0,65100.0643805413,32409.6776559215,32690.3867246198,8031.94834387227,0.0,8031.94834387227,0.0,link,0.0,0.0,0.0,0.0,0.0,0.0,173.68096575157654,84.02226604585888,89.65869970571765,224.5127329146208,78.65196532784363,145.86076758677717,0
41.0,1.0,126.0,208.0,33015.8306660751,0.0,33015.8306660751,515.744798385718,0.0,515.744798385718,1570.62189366782,ra,0.0,0.0,0.0,0.0,0.0,0.0,93.59190331349495,0.0,93.59190331349495,89.65869970571765,0.0,89.65869970571765,0
41.0,0.0,125.0,209.0,32828.8089278736,32828.8089278736,0.0,517.979810454405,517.979810454405,0.0,1588.99980042748,ra,0.0,0.0,0.0,0.0,0.0,0.0,78.65196532784363,78.65196532784363,0.0,78.46415922052186,78.46415922052186,0.0,0
41.0,2.0,25.0,210.0,107717.843361102,52411.8634929897,55305.9798681123,8019.3953752296,8019.3953752296,0.0,19664.6825171201,link,0.0,0.0,0.0,0.0,0.0,0.0,174.93497834021946,78.46415922052186,96.47081911969758,229.59320738200677,136.0013040685118,93.59190331349495,0
42.0,2.0,0.0,211.0,64323.0,34358.0,29965.0,292.1437675,0.0,292.1437675,0.0,link,0.0,0.0,0.0,0.0,0.0,0.0,64.94798879256349,0.0,64.94798879256349,44.774906935120065,0.0,44.774906935120065,0
42.0,2.0,21.0,212.0,64323.0,34358.0,29965.0,334.973321,334.973321,0.0,974.993087217836,link,0.0,0.0,0.0,0.0,0.0,0.0,88.4720718388018,0.0,88.4720718388018,67.35133812113273,2.4033493285692273,64.94798879256349,0
43.0,2.0,20.0,213.0,150198.49863614672,75767.4489434685,74431.0496926782,256.538715958994,0.0,256.538715958994,0.0,link,0.0,0.0,0.0,0.0,0.0,0.0,209.27541592288713,165.7146473136384,43.56076860924873,211.11601668748375,165.7146473136384,45.40136937384533,0
43.0,2.0,127.0,214.0,143910.6207571261,71622.8655725805,72287.7551845456,14695.55070776022,7361.67405319568,7333.87665456454,10005.6920912667,ra,6.0,0.0,6.0,482.69999999999993,218.53280710043927,264.16719289956063,420.823888379463,165.7146473136384,255.1092410658246,43.56076860924873,1.5451961340794832e-15,43.56076860924873,1
43.0,2.0,22.0,215.0,143835.3128743358,71573.2272359724,72262.0856383634,254.135111440735,254.135111440735,0.0,10360.6755425037,link,0.0,0.0,0.0,0.0,0.0,0.0,255.1092410658246,1.5451961340794832e-15,255.1092410658246,256.93259657253657,1.8233555067120009,255.1092410658246,0
44.0,2.0,20.0,216.0,153959.0,74263.0,79696.0,3498.6544,0.0,3498.6544,0.0,link,0.0,0.0,0.0,0.0,0.0,0.0,213.9487693857605,81.79785827695028,132.15091110881022,239.0507347543272,81.79785827695028,157.25287647737693,0
44.0,2.0,21.0,217.0,153959.0,74263.0,79696.0,3260.1457,3260.1457,0.0,4390.04714603225,link,0.0,0.0,0.0,0.0,0.0,0.0,213.9487693857605,81.79785827695028,132.15091110881022,231.96178706827237,99.81087595946215,132.15091110881022,0
45.0,2.0,20.0,218.0,62196.7600253059,32348.664026557,29848.0959987489,1778.43165752251,0.0,1778.43165752251,0.0,link,0.0,0.0,0.0,0.0,0.0,0.0,80.86642240365433,42.12310273802818,38.74331966562615,93.62622225055911,42.12310273802818,51.50311951253093,0
45.0,2.0,129.0,219.0,59803.760630072604,31496.7732925594,28306.9873375132,6019.40155695864,3144.57563370826,2874.82592325038,9849.37897275001,ra,0.0,0.0,0.0,0.0,0.0,0.0,60.2402694557985,42.12310273802818,18.117166717770314,103.42796167892067,64.6846420132945,38.74331966562615,0
45.0,2.0,27.0,220.0,59265.8366310976,31619.7156039958,27646.1210271018,2008.7677610147,2008.7677610147,0.0,16227.5537304541,link,0.0,0.0,0.0,0.0,0.0,0.0,82.80180873106482,64.6846420132945,18.117166717770314,96.86961176029642,78.7524450425261,18.117166717770314,0
46.0,2.0,21.0,221.0,122056.3633115633,58092.1447118619,63964.2185997014,6279.26064472807,0.0,6279.26064472807,0.0,link,0.0,0.0,0.0,0.0,0.0,0.0,207.07555748776548,66.8594578242661,140.21609966349936,252.12767330811283,66.8594578242661,185.26821548384675,0
46.0,2.0,23.0,222.0,131872.7061463396,62497.919354533,69374.7867918066,5678.0443937591,5678.0443937591,0.0,9404.55520736285,link,0.0,0.0,0.0,0.0,0.0,0.0,209.5025517186183,66.8594578242661,142.64309389435218,247.81409792014574,107.59799825664639,140.21609966349936,0
47.0,2.0,22.0,223.0,38579.2955378498,18952.692150841,19626.6033870088,1763.21916642734,0.0,1763.21916642734,0.0,link,0.0,0.0,0.0,0.0,0.0,0.0,83.20021981938916,24.664006638760366,58.53621318062879,93.21610700728405,23.095769064516652,70.1203379427674,0
47.0,2.0,128.0,224.0,35162.6248298969,17399.4597199651,17763.1651099318,7435.63799543393,3663.38542984375,3772.25256559018,19815.1127809066,ra,0.0,0.0,0.0,0.0,0.0,0.0,54.5670188515243,23.095769064516652,31.47124978700765,107.91585132111065,49.37963814048186,58.53621318062879,0
47.0,2.0,28.0,225.0,35062.119983040204,16961.1414488018,18100.9785342384,1675.65153554322,1675.65153554322,0.0,29618.3313222541,link,0.0,0.0,0.0,0.0,0.0,0.0,80.85088792748951,49.37963814048186,31.47124978700765,91.47287347376215,60.00162368675449,31.47124978700765,0
48.0,2.0,24.0,226.0,16009.99993438885,7856.99996682075,8152.9999675681,2252.38793848172,0.0,2252.38793848172,0.0,link,0.0,0.0,0.0,0.0,0.0,0.0,31.822874657692537,31.822874657692537,0.0,44.820975031545,28.66065807416119,16.160316957383806,0
48.0,2.0,0.0,227.0,10228.9496360124,5180.36917753558,5048.58045847682,2203.40390841478,2203.40390841478,0.0,34790.8303429051,link,0.0,0.0,0.0,0.0,0.0,0.0,28.66065807416119,28.66065807416119,0.0,35.755003060702606,35.755003060702606,0.0,0
50.0,2.0,23.0,230.0,167288.29083468,89420.7692084569,77867.5216262231,2077.52908786604,0.0,2077.52908786604,0.0,link,0.0,0.0,0.0,0.0,0.0,0.0,274.86458265124963,113.2283873579881,161.63619529326152,289.7703313344586,113.2283873579881,176.5419439764705,0
50.0,2.0,25.0,231.0,167733.1420677742,89424.5683491475,78308.5737186267,2379.09007339684,2379.09007339684,0.0,2660.51340881896,link,0.0,0.0,0.0,0.0,0.0,0.0,274.86458265124963,113.2283873579881,161.63619529326152,291.9339555596192,130.29776026635773,161.63619529326152,0
51.0,2.0,23.0,232.0,68004.42841151671,33685.4721908872,34318.9562206295,2606.49863917702,0.0,2606.49863917702,0.0,link,0.0,0.0,0.0,0.0,0.0,0.0,126.44481014171157,86.70712164724299,39.73768849446858,145.1457823137094,86.70712164724299,58.438660666466404,0
51.0,0.0,130.0,233.0,33100.9959033154,33100.9959033154,0.0,783.162954686691,783.162954686691,0.0,2344.99727996629,ra,3.0,3.0,0.0,92.32611887271622,92.32611887271622,0.0,86.70712164724299,86.70712164724299,0.0,0.0,0.0,0.0,1
51.0,2.0,27.0,234.0,64426.2356563276,31754.4889250316,32671.746731296,1762.79400434887,1762.79400434887,0.0,7784.58868214326,link,0.0,0.0,0.0,0.0,0.0,0.0,39.73768849446858,0.0,39.73768849446858,52.38529211290038,12.6476036184318,39.73768849446858,0
53.0,2.0,24.0,237.0,26623.0,13216.0,13407.0,1301.2096815,0.0,1301.2096815,0.0,link,0.0,0.0,0.0,0.0,0.0,0.0,69.32158309358466,36.65013920819409,32.67144388539057,71.59675002490954,36.65013920819409,34.946610816715456,0
53.0,2.0,28.0,238.0,26623.0,13216.0,13407.0,1282.672272,1282.672272,0.0,9705.48649135397,link,0.0,0.0,0.0,0.0,0.0,0.0,71.48533728688304,36.65013920819409,34.83519807868895,78.52443403849787,45.8529901531073,32.67144388539057,0
54.0,2.0,25.0,239.0,63790.743083652196,33602.5555376766,30188.1875459756,914.669079332492,0.0,914.669079332492,0.0,link,0.0,0.0,0.0,0.0,0.0,0.0,125.64202592351694,69.45499463605644,56.18703128746049,130.7179393502024,69.45499463605644,61.262944714145966,0
54.0,2.0,131.0,240.0,33762.4415586177,17029.2127372484,16733.2288213693,7185.4180023402205,3714.28097177565,3471.13703056457,14118.0595783865,ra,0.0,0.0,0.0,0.0,0.0,0.0,100.96924058456445,69.45499463605644,31.514245948508005,152.29105771203504,96.10402642457456,56.18703128746049,0
54.0,2.0,26.0,241.0,32484.7744574449,16371.3543459377,16113.4201115072,929.571492526024,929.571492526024,0.0,19751.6727385701,link,0.0,0.0,0.0,0.0,0.0,0.0,137.7547759350697,96.10402642457456,41.65074951049512,134.28771403413805,102.77346808563006,31.514245948508005,0
55.0,2.0,26.0,242.0,35611.1999360093,17306.4999689679,18304.6999670414,3651.95402706089,0.0,3651.95402706089,0.0,link,0.0,0.0,0.0,0.0,0.0,0.0,115.93839952687703,115.93839952687703,0.0,142.14025116300323,115.93839952687703,26.2018516361262,0
55.0,2.0,132.0,243.0,34335.6700861098,16687.9002306099,17647.7698554999,3806.71617873812,1850.01487529755,1956.70130344057,10714.2329169781,ra,9.0,0.0,9.0,143.25063067684337,129.21179095732307,14.03883971952031,115.93839952687703,115.93839952687703,0.0,0.0,0.0,0.0,1
55.0,2.0,0.0,244.0,9015.00027880696,4116.00014201232,4899.00013679464,3382.27393180499,3382.27393180499,0.0,47911.3668726574,link,0.0,0.0,0.0,0.0,0.0,0.0,0.0,0.0,0.0,24.26696478028089,24.26696478028089,0.0,0
56.0,2.0,27.0,245.0,67553.5172847849,34432.267085203,33121.2501995819,2367.02370971695,0.0,2367.02370971695,0.0,link,0.0,0.0,0.0,0.0,0.0,0.0,71.04004242829917,60.78401783040626,10.256024597892912,88.02284221209352,60.78401783040626,27.23882438168726,0
56.0,1.0,134.0,246.0,28345.0537807391,0.0,28345.0537807391,1429.46120190489,0.0,1429.46120190489,14670.9425066938,ra,0.0,0.0,0.0,0.0,0.0,0.0,0.0,0.0,0.0,10.256024597892912,0.0,10.256024597892912,0
56.0,0.0,133.0,247.0,28758.648000424,28758.648000424,0.0,4635.2223561875,4635.2223561875,0.0,14715.488271793,ra,0.0,0.0,0.0,0.0,0.0,0.0,60.78401783040626,60.78401783040626,0.0,94.04057242483113,94.04057242483113,0.0,0
56.0,2.0,135.0,248.0,47006.1040822862,24072.8864014428,22933.2176808434,5972.33806438385,1468.70673835056,4503.63132603329,20490.1826432686,ra,8.0,0.0,8.0,162.60494851417147,104.57817387602228,58.026774638149185,119.75492501326893,94.04057242483113,25.71435258843781,0.0,0.0,0.0,1
56.0,2.0,29.0,249.0,45237.3265637856,23422.054813021,21815.2717507646,2510.31569035993,2510.31569035993,0.0,31051.5111500156,link,0.0,0.0,0.0,0.0,0.0,0.0,25.71435258843781,0.0,25.71435258843781,25.71435258843781,0.0,25.71435258843781,0
57.0,2.0,28.0,250.0,21608.0,10785.0,10823.0,664.304917,0.0,664.304917,0.0,link,0.0,0.0,0.0,0.0,0.0,0.0,44.31438667338675,44.31438667338675,0.0,32.96012110828932,28.193900409067766,4.766220699221556,0
57.0,2.0,0.0,251.0,21608.0,10785.0,10823.0,661.972515,661.972515,0.0,6137.90628624439,link,0.0,0.0,0.0,0.0,0.0,0.0,28.193900409067766,28.193900409067766,0.0,24.64052923738859,24.64052923738859,0.0,0
59.0,2.0,29.0,254.0,41763.642422810604,21836.3114479028,19927.3309749078,64.1922987606669,0.0,64.1922987606669,0.0,link,0.0,0.0,0.0,0.0,0.0,0.0,32.17258618650328,5.1313104696010825,27.0412757169022,29.61855564183821,2.1167163264225506,27.50183931541566,0
59.0,0.0,137.0,255.0,11226.9471972143,11226.9471972143,0.0,4281.44265472418,4281.44265472418,0.0,25939.71611319,ra,0.0,0.0,0.0,0.0,0.0,0.0,2.1167163264225506,2.1167163264225506,0.0,0.0,0.0,0.0,0
59.0,1.0,138.0,256.0,8142.41876965786,0.0,8142.41876965786,3768.95103150065,0.0,3768.95103150065,26235.4919576393,ra,0.0,0.0,0.0,0.0,0.0,0.0,0.0,0.0,0.0,27.0412757169022,0.0,27.0412757169022,0
59.0,2.0,0.0,257.0,19030.16772086208,11064.8956674036,7965.27205345848,121.795390046012,121.795390046012,0.0,27032.7504548799,link,0.0,0.0,0.0,0.0,0.0,0.0,0.0,0.0,0.0,0.8738512906522192,0.8738512906522192,0.0,0
60.0,2.0,29.0,258.0,15204.99963875321,7325.99983936264,7878.99979939057,589.761879951074,0.0,589.761879951074,0.0,link,0.0,0.0,0.0,0.0,0.0,0.0,12.940136750498812,6.913853082346998,6.026283668151814,10.373460682867119,0.11578385789688693,10.257676824970233,0
60.0,2.0,136.0,259.0,13825.298552554461,6712.48148642337,7112.81706613109,1621.703087201606,781.773481624616,839.92960557699,10738.6315701673,ra,0.0,0.0,0.0,0.0,0.0,0.0,0.11578385789688693,0.11578385789688693,0.0,6.026283668151814,0.0,6.026283668151814,0
60.0,2.0,0.0,260.0,9900.0011340695,4967.00050429217,4933.00062977733,588.144298822839,588.144298822839,0.0,22135.2935483001,link,0.0,0.0,0.0,0.0,0.0,0.0,0.0,0.0,0.0,4.219787419063411,4.219787419063411,0.0,0
