Time of calculation: 20220210-162457; value of objective: 132396000.0;  acc=2400;  cfix=40000;  cvar=127000;  eta=0.5;  mu=0.24;  i=
segment_id,dir,type_ID,POI_ID,traffic_flow,traffic_flow_0,traffic_flow_1,energy_demand,energy_demand_0,energy_demand_1,dist_along_segment,pois_type,pYi_dir,pYi_dir_0,pYi_dir_1,pE_charged,pE_charged_0,pE_charged_1,pE_input,pE_input_0,pE_input_1,pE_output,pE_output_0,pE_output_1,pXi
0.0,2.0,0.0,0.0,26540.636112053,13243.0239038645,13297.6122081885,4423.92123143818,0.0,4423.92123143818,0.0,link,0.0,0.0,0.0,0.0,0.0,0.0,0.0,0.0,0.0,1054.946,0.0,1054.946,0
0.0,2.0,1.0,1.0,26594.7769799282,13269.4415749127,13325.3354050155,810.003976920776,31.774775427221,778.229201493555,239.715824101164,ra,30.0,0.0,30.0,4980.0,0.0,4980.0,4794.42,0.0,4794.42,7.577,7.577,0.0,1
0.0,2.0,0.0,2.0,45891.0713847726,24132.5354848012,21758.5358999714,10453.07839190074,5371.86342144895,5081.21497045179,24427.462160298,ra,0.0,-0.0,0.0,0.0,0.0,0.0,3590.31,7.577,3582.7329999999997,6082.993,1288.573,4794.42,0
0.0,1.0,2.0,3.0,5594.60627343411,0.0,5594.60627343411,2065.98540498995,0.0,2065.98540498995,68504.6013106114,ra,0.0,0.0,-0.0,0.0,0.0,0.0,3090.0699999999997,0.0,3090.0699999999997,3582.7329999999997,0.0,3582.7329999999997,0
0.0,0.0,3.0,4.0,4553.08388931748,4553.08388931748,0.0,7187.4483251383,7187.4483251383,0.0,79329.1374904099,ra,0.0,-0.0,0.0,0.0,0.0,0.0,1288.573,1288.573,0.0,3002.521,3002.521,0.0,0
0.0,2.0,4.0,5.0,7895.539602766939,4645.32330643337,3250.21629633357,2342.9750495919798,1038.66179081139,1304.31325878059,104473.71241617,ra,33.0,0.0,33.0,5397.614400000002,3203.509000000002,2194.1054000000004,7975.6644,3002.521,4973.1434,3136.7649999999976,46.69499999999812,3090.0699999999997,1
0.0,2.0,5.0,6.0,19815.36822147166,9562.72950758806,10252.6387138836,7959.02626511719,2076.95503589247,5882.07122922472,133409.21035476,ra,0.0,-0.0,0.0,0.0,0.0,0.0,3617.1763999999976,46.69499999999812,3570.4813999999997,5515.117399999998,541.9739999999981,4973.1434,0
0.0,2.0,6.0,7.0,38420.413170467305,19234.6634945469,19185.7496759204,10291.73164091456,4957.10120865155,5334.63043226301,173065.413799776,ra,0.0,0.0,-0.0,0.0,0.0,0.0,2840.338399999998,541.9739999999981,2298.3644,5294.545399999999,1724.063999999999,3570.4813999999997,0
0.0,1.0,7.0,8.0,21229.4573799075,0.0,21229.4573799075,31.9071906889248,0.0,31.9071906889248,176940.22069629,ra,0.0,0.0,-0.0,0.0,0.0,0.0,2290.7554,0.0,2290.7554,2298.3644,0.0,2298.3644,0
0.0,2.0,0.0,9.0,50605.7308716768,25638.9023938735,24966.8284778033,5210.17855174236,5210.17855174236,0.0,194059.964946131,link,0.0,0.0,0.0,0.0,0.0,0.0,4014.819399999999,1724.063999999999,2290.7554,5257.259399999999,2966.503999999999,2290.7554,0
1.0,2.0,0.0,10.0,41635.2696746832,21021.6267553003,20613.6429193829,39.7761865009555,0.0,39.7761865009555,0.0,link,0.0,0.0,0.0,0.0,0.0,0.0,3970.9455999999996,3141.9745999999996,828.971,3980.4305999999997,3141.9745999999996,838.456,0
1.0,2.0,8.0,11.0,39859.9435983602,20128.7100274165,19731.2335709437,2276.328443367862,1715.72731424055,560.601129127312,8218.21591932416,ra,0.0,0.0,-0.0,0.0,0.0,0.0,3837.2625999999996,3141.9745999999996,695.288,4380.0846,3551.1135999999997,828.971,0
1.0,0.0,9.0,12.0,15021.9786197919,15021.9786197919,0.0,1426.84265640488,1426.84265640488,0.0,16747.0640478161,ra,0.0,-0.0,0.0,0.0,0.0,0.0,3551.1135999999997,3551.1135999999997,0.0,3891.3645999999994,3891.3645999999994,0.0,0
1.0,2.0,10.0,13.0,29629.2702066633,14994.1517039878,14635.1185026755,191.32891529796441,24.7111120586864,166.617803239278,16911.7407621753,ra,0.0,0.0,-0.0,0.0,0.0,0.0,4546.9205999999995,3891.3645999999994,655.556,4592.5455999999995,3897.2576,695.288,0
1.0,2.0,14.0,14.0,23126.816645439998,11846.3351177034,11280.4815277366,2715.58896866506,1386.75954291372,1328.82942575134,27721.2649615329,ra,0.0,0.0,-0.0,0.0,0.0,0.0,4235.9356,3897.2576,338.678,4883.5056,4227.949600000001,655.556,0
1.0,1.0,13.0,15.0,11337.2619320883,0.0,11337.2619320883,1420.24853693026,0.0,1420.24853693026,29194.6309655969,ra,0.0,0.0,-0.0,0.0,0.0,0.0,0.0,0.0,0.0,338.678,0.0,338.678,0
1.0,0.0,12.0,16.0,11885.5265358471,11885.5265358471,0.0,208.504810997731,208.504810997731,0.0,29478.4736802298,ra,0.0,-0.0,0.0,0.0,0.0,0.0,4227.949600000001,4227.949600000001,0.0,4277.6706,4277.6706,0.0,0
1.0,0.0,15.0,17.0,11960.1701828351,11960.1701828351,0.0,465.471180470787,465.471180470787,0.0,33381.7233696118,ra,0.0,-0.0,0.0,0.0,0.0,0.0,4277.6706,4277.6706,0.0,4388.668600000001,4388.668600000001,0.0,0
1.0,2.0,16.0,18.0,23460.935326572,11970.3853891252,11490.5499374468,1768.668281716874,86.3301716488441,1682.33811006803,34103.2604930604,ra,29.0,29.0,0.0,4810.4326,4409.2556,401.177,4388.668600000001,4388.668600000001,0.0,0.0,0.0,0.0,1
1.0,2.0,0.0,19.0,23472.9532848191,11974.8809399587,11498.0723448604,41.4313703808343,41.4313703808343,0.0,34449.3464575004,link,0.0,0.0,0.0,0.0,0.0,0.0,0.0,0.0,0.0,9.88,9.88,0.0,0
2.0,2.0,0.0,20.0,68929.1689525749,33758.8137930879,35170.355159487,2037.30449092795,0.0,2037.30449092795,0.0,link,0.0,0.0,0.0,0.0,0.0,0.0,5707.897999999999,2282.975999999999,3424.922,6193.722,2282.975999999999,3910.746,0
2.0,1.0,11.0,21.0,34398.2821383792,0.0,34398.2821383792,0.177994253383828,0.0,0.177994253383828,2598.41164546074,ra,0.0,0.0,-0.0,0.0,0.0,0.0,3424.88,0.0,3424.88,3424.922,0.0,3424.922,0
2.0,0.0,17.0,22.0,24285.974119979,24285.974119979,0.0,5629.75346622784,5629.75346622784,0.0,19826.0309188716,ra,0.0,-0.0,0.0,0.0,0.0,0.0,2282.975999999999,2282.975999999999,0.0,3625.4699999999993,3625.4699999999993,0.0,0
2.0,1.0,18.0,23.0,24186.0911430872,0.0,24186.0911430872,4128.06929715106,0.0,4128.06929715106,19924.5544753991,ra,0.0,0.0,-0.0,0.0,0.0,0.0,2440.4840000000004,0.0,2440.4840000000004,3424.88,0.0,3424.88,0
2.0,0.0,19.0,24.0,24395.8043620461,24395.8043620461,0.0,1107.94961707917,1107.94961707917,0.0,24376.283905319,ra,0.0,-0.0,0.0,0.0,0.0,0.0,3625.4699999999993,3625.4699999999993,0.0,3889.6759999999986,3889.6759999999986,0.0,0
2.0,0.0,20.0,25.0,18382.7449604955,18382.7449604955,0.0,3193.59583085962,3193.59583085962,0.0,38424.0480859037,ra,0.0,-0.0,0.0,0.0,0.0,0.0,3889.6759999999986,3889.6759999999986,0.0,4651.233999999999,4651.233999999999,0.0,0
2.0,1.0,21.0,26.0,18491.6133654888,0.0,18491.6133654888,4453.99249618843,0.0,4453.99249618843,38987.6806255175,ra,0.0,0.0,-0.0,0.0,0.0,0.0,1378.3670000000002,0.0,1378.3670000000002,2440.4840000000004,0.0,2440.4840000000004,0
2.0,2.0,22.0,27.0,37060.499514109295,18323.8494067353,18736.650107374,9037.685965220891,4162.99183164668,4874.69413357421,60686.5331745626,ra,0.0,0.0,-0.0,0.0,0.0,0.0,4867.161999999998,4651.233999999999,215.928,7022.324999999999,5643.957999999999,1378.3670000000002,0
2.0,2.0,23.0,28.0,37058.9029265594,18323.1127403572,18735.7901862022,905.670862196634,0.17407320896991,905.496788987664,60687.5223097686,ra,34.0,0.0,34.0,5643.999999999999,5643.999999999999,0.0,5643.957999999999,5643.957999999999,0.0,215.928,0.0,215.928,1
2.0,2.0,0.0,29.0,23931.6001633626,12393.9415716933,11537.6585916693,2066.87595360883,2066.87595360883,0.0,74788.4585560346,link,0.0,0.0,0.0,0.0,0.0,0.0,0.0,0.0,0.0,492.876,492.876,0.0,0
3.0,2.0,0.0,30.0,27844.0,14880.0,12964.0,276.638796,0.0,276.638796,0.0,link,0.0,0.0,0.0,0.0,0.0,0.0,0.0,0.0,0.0,65.968,0.0,65.968,0
3.0,0.0,24.0,31.0,14880.0,14880.0,0.0,43.31568,43.31568,0.0,291.139117483826,ra,0.0,-0.0,0.0,0.0,0.0,0.0,0.0,0.0,0.0,10.329,10.329,0.0,0
3.0,1.0,25.0,32.0,12964.0,0.0,12964.0,50.78647,0.0,50.78647,391.789662717657,ra,14.0,0.0,14.0,2305.5928840196207,0.0,2305.5928840196207,2293.481884019621,0.0,2293.481884019621,0.0,0.0,0.0,1
3.0,2.0,1.0,33.0,27844.0,14880.0,12964.0,332.50104,332.50104,0.0,2525.71464164925,link,0.0,0.0,0.0,0.0,0.0,0.0,2303.810884019621,10.329,2293.481884019621,2383.100884019621,89.619,2293.481884019621,0
4.0,2.0,1.0,34.0,59761.3086274698,30037.3419745759,29723.9666528939,2541.48042300009,0.0,2541.48042300009,0.0,link,0.0,0.0,0.0,0.0,0.0,0.0,4615.315596894407,2111.823048447202,2503.492548447205,5221.367596894407,2111.823048447202,3109.544548447205,0
4.0,1.0,29.0,35.0,19741.1962074672,0.0,19741.1962074672,941.130780889781,0.0,941.130780889781,27421.918402147,ra,0.0,0.0,-0.0,0.0,0.0,0.0,2279.066548447205,0.0,2279.066548447205,2503.492548447205,0.0,2503.492548447205,0
4.0,0.0,28.0,36.0,20188.7740020659,20188.7740020659,0.0,6913.40781708113,6913.40781708113,0.0,27456.2755376563,ra,0.0,-0.0,0.0,0.0,0.0,0.0,2111.823048447202,2111.823048447202,0.0,3760.4220484472016,3760.4220484472016,0.0,0
4.0,2.0,31.0,37.0,24242.04672144007,16011.0814154375,8230.96530600257,10336.618270691579,5459.80728965386,4876.81098103772,57952.4364496481,ra,0.0,0.0,-0.0,0.0,0.0,0.0,4876.544596894407,3760.4220484472016,1116.1225484472052,7341.455596894406,5062.389048447201,2279.066548447205,0
4.0,2.0,30.0,38.0,24222.43641462717,16010.6884723873,8211.74794223987,2097.1816748164297,3.69851459408978,2093.48316022234,57975.5602403068,ra,34.0,0.0,34.0,5643.999999999998,1657.5197999999982,3986.4802000000004,9665.771796894407,5062.389048447201,4603.382748447206,4521.87379689441,3405.751248447204,1116.1225484472052,1
4.0,2.0,35.0,39.0,21337.9057816767,10925.6060783794,10412.2997032973,4724.82145770061,2596.38509090262,2128.43636679799,78476.4553474238,ra,0.0,-0.0,0.0,0.0,0.0,0.0,7501.57899689441,3405.751248447204,4095.8277484472055,8628.277996894409,4024.895248447204,4603.382748447206,0
4.0,0.0,40.0,40.0,10876.9999980846,10876.9999980846,0.0,1976.66074396654,1976.66074396654,0.0,96645.2667353262,ra,0.0,-0.0,0.0,0.0,0.0,0.0,4024.895248447204,4024.895248447204,0.0,4496.257248447204,4496.257248447204,0.0,0
4.0,1.0,41.0,41.0,10239.998724531,0.0,10239.998724531,1817.26058482465,0.0,1817.26058482465,99246.7072366671,ra,0.0,0.0,-0.0,0.0,0.0,0.0,3662.4767484472054,0.0,3662.4767484472054,4095.8277484472055,0.0,4095.8277484472055,0
4.0,2.0,42.0,42.0,15349.44862342799,7293.1561007636,8056.29252266439,2244.8438549829193,2242.94471998322,1.89913499969935,124531.184689634,ra,0.0,0.0,-0.0,0.0,0.0,0.0,8158.280996894409,4496.257248447204,3662.0237484472054,8693.59599689441,5031.119248447204,3662.4767484472054,0
4.0,2.0,45.0,43.0,29499.9997821141,14928.9998128104,14570.9999693037,9965.39545782924,4949.37419030477,5016.02126752447,160563.715389321,ra,0.0,-0.0,0.0,0.0,0.0,0.0,7497.002996894409,5031.119248447204,2465.8837484472056,9873.39099689441,6211.3672484472045,3662.0237484472054,0
4.0,2.0,49.0,44.0,29501.2496709625,14929.6109247903,14571.6387461722,7771.39511709413,964.25344768502,6807.14166940911,167022.616706975,ra,0.0,0.0,-0.0,0.0,0.0,0.0,7053.99299689441,6211.3672484472045,842.625748447205,8907.19099689441,6441.307248447204,2465.8837484472056,0
4.0,2.0,2.0,45.0,37135.979248738106,18661.9898553614,18473.9893933767,2580.11657231137,2580.11657231137,0.0,182066.45484822,link,0.0,0.0,0.0,0.0,0.0,0.0,7283.932996894409,6441.307248447204,842.625748447205,7899.19799689441,7056.572248447204,842.625748447205,0
5.0,2.0,1.0,46.0,68793.7826224039,33913.4453688065,34880.3372535974,3843.82209257494,0.0,3843.82209257494,0.0,link,0.0,0.0,0.0,0.0,0.0,0.0,4579.423184019617,2144.9474,2434.4757840196175,5496.036184019618,2144.9474,3351.088784019618,0
5.0,1.0,26.0,47.0,36003.5240013336,0.0,36003.5240013336,3895.94746693039,0.0,3895.94746693039,10624.4240384357,ra,0.0,0.0,-0.0,0.0,0.0,0.0,1505.4327840196174,0.0,1505.4327840196174,2434.4757840196175,0.0,2434.4757840196175,0
5.0,0.0,27.0,48.0,32653.8009159093,32653.8009159093,0.0,4178.14177110393,4178.14177110393,0.0,12028.5386871855,ra,0.0,0.0,0.0,0.0,0.0,0.0,2144.9474,2144.9474,0.0,3141.2834000000003,3141.2834000000003,0.0,0
5.0,2.0,32.0,49.0,33127.6679782642,16315.8916479239,16811.7763303403,9152.20454584315,5870.83645283758,3281.36809300557,39273.393575652,ra,0.0,-0.0,0.0,0.0,0.0,0.0,3864.228184019618,3141.2834000000003,722.9447840196175,6046.699184019618,4541.2664,1505.4327840196174,0
5.0,1.0,36.0,50.0,15728.3542233459,0.0,15728.3542233459,1275.7622080105,0.0,1275.7622080105,47330.3638647794,ra,0.0,0.0,-0.0,0.0,0.0,0.0,418.72178401961753,0.0,418.72178401961753,722.9447840196175,0.0,722.9447840196175,0
5.0,0.0,39.0,51.0,16181.0369578104,16181.0369578104,0.0,2402.71193975453,2402.71193975453,0.0,54808.4650706048,ra,0.0,-0.0,0.0,0.0,0.0,0.0,4541.2664,4541.2664,0.0,5114.2264000000005,5114.2264000000005,0.0,0
5.0,1.0,43.0,52.0,15425.0541977474,0.0,15425.0541977474,6550.91638851091,0.0,6550.91638851091,67696.5829264334,ra,34.0,0.0,34.0,5643.999999999999,0.0,5643.999999999999,4500.563784019617,0.0,4500.563784019617,418.72178401961753,0.0,418.72178401961753,1
5.0,0.0,44.0,53.0,16743.9409701348,16743.9409701348,0.0,2188.52376611744,2188.52376611744,0.0,67916.7177403682,ra,0.0,-0.0,0.0,0.0,0.0,0.0,5114.2264000000005,5114.2264000000005,0.0,5636.1104000000005,5636.1104000000005,0.0,0
5.0,1.0,50.0,54.0,23926.8657512302,0.0,23926.8657512302,3865.03208223887,0.0,3865.03208223887,86150.6446371155,ra,0.0,0.0,-0.0,0.0,0.0,0.0,3578.892784019618,0.0,3578.892784019618,4500.563784019617,0.0,4500.563784019617,0
5.0,0.0,51.0,55.0,23976.5917239922,23976.5917239922,0.0,3863.2104401925,3863.2104401925,0.0,86198.2118888899,ra,0.0,-0.0,0.0,0.0,0.0,0.0,5636.1104000000005,5636.1104000000005,0.0,6557.3474,6557.3474,0.0,0
5.0,2.0,4.0,56.0,48295.9987384735,24204.9992554563,24090.9994830172,3849.65902876729,3849.65902876729,0.0,102115.051061861,link,0.0,0.0,0.0,0.0,0.0,0.0,10136.240184019618,6557.3474,3578.892784019618,11054.245184019617,7475.3524,3578.892784019618,0
6.0,2.0,0.0,57.0,17593.52882743976,9370.08985369332,8223.43897374644,3280.58897165935,0.0,3280.58897165935,0.0,link,0.0,0.0,0.0,0.0,0.0,0.0,0.0,0.0,0.0,782.302,0.0,782.302,0
6.0,0.0,34.0,58.0,9440.70012643683,9440.70012643683,0.0,115.627916160566,115.627916160566,0.0,1229.56192943354,ra,0.0,-0.0,0.0,0.0,0.0,0.0,0.0,0.0,0.0,27.573,27.573,0.0,0
6.0,0.0,33.0,59.0,9685.7540713875,9685.7540713875,0.0,302.822447135245,302.822447135245,0.0,4398.31801694572,ra,0.0,-0.0,0.0,0.0,0.0,0.0,27.573,27.573,0.0,99.785,99.785,0.0,0
6.0,1.0,38.0,60.0,13533.1360897293,0.0,13533.1360897293,3267.26796433001,0.0,3267.26796433001,19100.037855584,ra,21.0,0.0,21.0,3475.4318409285693,0.0,3475.4318409285693,2696.305840928569,0.0,2696.305840928569,0.0,0.0,0.0,1
6.0,0.0,37.0,61.0,14150.2103751211,14150.2103751211,0.0,1803.67381185194,1803.67381185194,0.0,19123.3135023805,ra,0.0,-0.0,0.0,0.0,0.0,0.0,99.785,99.785,0.0,529.896,529.896,0.0,0
6.0,2.0,48.0,62.0,30972.8842403762,15986.2762154003,14986.6080249759,5468.1986435463505,3421.90944344568,2046.28920010067,42213.9465999939,ra,0.0,-0.0,0.0,0.0,0.0,0.0,2738.235840928569,529.896,2208.3398409285687,4042.2038409285688,1345.898,2696.305840928569,0
6.0,2.0,3.0,63.0,43852.3829830634,22912.2538280909,20940.1291549725,3553.90060489654,3553.90060489654,0.0,60876.2242421798,link,0.0,0.0,0.0,0.0,0.0,0.0,3554.2378409285684,1345.898,2208.3398409285687,4401.714840928569,2193.375,2208.3398409285687,0
7.0,2.0,0.0,64.0,11819.72883309257,5668.99952865367,6150.7293044389,2312.63273856917,0.0,2312.63273856917,0.0,link,0.0,0.0,0.0,0.0,0.0,0.0,0.0,0.0,0.0,551.48,0.0,551.48,0
7.0,2.0,46.0,65.0,16750.43996107374,8281.7922636936,8468.64769738014,443.9117156207323,439.374363225034,4.53735239569832,6667.95544755655,ra,22.0,22.0,0.0,3651.9999999999995,104.775,3547.2249999999995,3546.143,0.0,3546.143,0.0,0.0,0.0,1
7.0,2.0,47.0,66.0,16803.00194301874,8309.64474409952,8493.35719891922,469.00809295789134,4.43822753361236,464.569865424279,6721.47492677825,ra,0.0,0.0,-0.0,-5.684341886080802e-14,0.0,-5.684341886080802e-14,3435.3599999999997,0.0,3435.3599999999997,3547.201,1.058,3546.143,0
7.0,2.0,2.0,67.0,31479.2646876848,14962.6751347339,16516.5895529509,2176.3869746183,2176.3869746183,0.0,25294.5418793567,link,0.0,0.0,0.0,0.0,0.0,0.0,3436.4179999999997,1.058,3435.3599999999997,3955.4079999999994,520.048,3435.3599999999997,0
8.0,2.0,2.0,68.0,14782.3695846428,7482.84754160049,7299.52204304231,571.535173252439,0.0,571.535173252439,0.0,link,0.0,0.0,0.0,0.0,0.0,0.0,1855.329956521739,1793.5244782608695,61.80547826086952,1991.6209565217391,1793.5244782608695,198.0964782608695,0
8.0,2.0,52.0,69.0,9208.20636712835,4168.18387658208,5040.02249054627,1091.488655298786,530.547783523534,560.940871775252,9055.82449812222,ra,12.0,0.0,12.0,1992.0,1920.0414782608696,71.95852173913049,1793.5244782608695,1793.5244782608695,0.0,61.80547826086952,0.0,61.80547826086952,1
8.0,2.0,0.0,70.0,9708.89067456805,5120.67365793185,4588.2170166362,557.603815055505,557.603815055505,0.0,21173.6853058851,link,0.0,0.0,0.0,0.0,0.0,0.0,0.0,0.0,0.0,132.968,132.968,0.0,0
9.0,2.0,2.0,71.0,31818.42313617,16104.8835451968,15713.5395909732,3261.48259711826,0.0,3261.48259711826,0.0,link,0.0,0.0,0.0,0.0,0.0,0.0,3702.3002857142856,3091.6263928571425,610.6738928571431,4480.046285714286,3091.6263928571425,1388.419892857143,0
9.0,2.0,55.0,72.0,36693.0558776816,18116.8086480647,18576.2472296169,5325.486521774041,2708.00089398014,2617.4856277939,15445.3717833973,ra,25.0,0.0,25.0,4149.999999999999,3737.3873928571425,412.612607142857,3490.7368928571423,3091.6263928571425,399.1105,610.6738928571431,0.0,610.6738928571431,1
9.0,2.0,7.0,73.0,31601.8542643027,15291.9117888883,16309.9424754144,3142.32996782434,3142.32996782434,0.0,33157.1268468838,link,0.0,0.0,0.0,0.0,0.0,0.0,399.1105,0.0,399.1105,1148.4434999999999,749.333,399.1105,0
10.0,2.0,3.0,74.0,31606.6695639389,16070.5474552074,15536.1221087315,43.8140689321546,0.0,43.8140689321546,0.0,link,0.0,0.0,0.0,0.0,0.0,0.0,2661.069440619046,2166.491800619046,494.57764,2671.5174406190463,2166.4918006190464,505.02563999999995,0
10.0,2.0,53.0,75.0,20482.292071415,10386.9656808517,10095.3263905633,3859.97837178184,1960.6175793948,1899.36079238704,14793.4065314786,ra,29.0,29.0,0.0,4814.0,2273.804307,2540.195693,4748.336133619046,2166.4918006190464,2581.844333,854.8021336190461,360.2244936190461,494.57764,1
10.0,2.0,4.0,76.0,20473.6189956967,10382.5344994114,10091.0844962853,45.079640330005,45.079640330005,0.0,15227.5355211014,link,0.0,0.0,0.0,0.0,0.0,0.0,2942.068826619046,360.2244936190461,2581.844333,2952.818826619046,370.9744936190461,2581.844333,0
11.0,2.0,3.0,77.0,48420.0541429227,24599.8231829302,23820.2309599925,1269.82131381751,0.0,1269.82131381751,0.0,link,0.0,0.0,0.0,0.0,0.0,0.0,4469.051001547616,1547.7134999999998,2921.337501547616,4771.8580015476155,1547.7134999999998,3224.1445015476156,0
11.0,2.0,54.0,78.0,48814.9931722971,24295.4347117739,24519.5584605232,3388.4082292149897,1701.63127736504,1686.77695184995,6967.48714814497,ra,7.0,0.0,7.0,1161.9999999999995,938.5025111276155,223.497488872384,4290.312490419999,1547.7134999999998,2742.59899042,3936.32649042,1014.9889888723843,2921.337501547616,1
11.0,1.0,56.0,79.0,22284.9266194441,0.0,22284.9266194441,1685.09443322027,0.0,1685.09443322027,14053.3882390507,ra,0.0,0.0,-0.0,0.0,0.0,0.0,2340.76499042,0.0,2340.76499042,2742.59899042,0.0,2742.59899042,0
11.0,2.0,5.0,80.0,42919.8251598076,21285.3584845686,21634.466675239,2910.89526178855,2910.89526178855,0.0,19878.6900646546,link,0.0,0.0,0.0,0.0,0.0,0.0,3355.753979292384,1014.9889888723843,2340.76499042,4049.8979792923838,1709.1329888723842,2340.76499042,0
12.0,2.0,4.0,81.0,53131.6723320628,26537.1834811746,26594.4888508882,1562.32443000799,0.0,1562.32443000799,0.0,link,0.0,0.0,0.0,0.0,0.0,0.0,8634.907031067618,5335.815313447617,3299.09171762,9007.465031067615,5335.815313447617,3671.649717619999,0
12.0,0.0,58.0,82.0,22288.895823896,22288.895823896,0.0,3364.25769729557,3364.25769729557,0.0,13722.6357161214,ra,34.0,34.0,0.0,5643.999999999999,5643.999999999999,0.0,5335.815313447617,5335.815313447617,0.0,494.06931344761864,494.06931344761864,0.0,1
12.0,1.0,57.0,83.0,22492.6689728353,0.0,22492.6689728353,3393.5923031971,0.0,3393.5923031971,13775.3691799331,ra,0.0,0.0,-0.0,0.0,0.0,0.0,2489.841717619999,0.0,2489.841717619999,3299.09171762,0.0,3299.09171762,0
12.0,2.0,5.0,84.0,44751.0771921405,22273.0392762582,22478.0379158823,1559.84087923299,1559.84087923299,0.0,20725.0958331826,link,0.0,0.0,0.0,0.0,0.0,0.0,2983.911031067618,494.06931344761864,2489.841717619999,3355.8770310676177,866.0353134476187,2489.841717619999,0
13.0,2.0,4.0,85.0,25987.610544625597,13119.3784455626,12868.232099063,1205.38349046939,0.0,1205.38349046939,0.0,link,0.0,0.0,0.0,0.0,0.0,0.0,6746.525810771808,3527.695495771809,3218.8303149999992,7033.966810771808,3527.695495771809,3506.271314999999,0
13.0,2.0,59.0,86.0,13974.00634747334,7033.00411775856,6941.00222971478,6883.850493770729,3777.52597161839,3106.32452215234,36309.8952864744,ra,10.0,0.0,10.0,1659.9999999999993,1399.6815849999994,260.31841499999996,6266.097225771808,3527.695495771809,2738.401729999999,6247.648225771809,3028.81791077181,3218.8303149999992,1
13.0,1.0,63.0,87.0,7362.49465739319,0.0,7362.49465739319,661.497609325267,0.0,661.497609325267,54986.8926639146,ra,0.0,0.0,-0.0,0.0,0.0,0.0,2580.6587299999997,0.0,2580.6587299999997,2738.401729999999,0.0,2738.401729999999,0
13.0,0.0,62.0,88.0,7963.31449008736,7963.31449008736,0.0,1395.608479293,1395.608479293,0.0,55258.2918559062,ra,0.0,-0.0,0.0,0.0,0.0,0.0,3028.81791077181,3028.81791077181,0.0,3361.6199107718103,3361.6199107718103,0.0,0
13.0,2.0,70.0,89.0,20915.585370117602,10623.7234191176,10291.861951,6679.2986941238505,3389.00409366516,3290.29460045869,85720.8848871018,ra,0.0,0.0,-0.0,0.0,0.0,0.0,5157.66164077181,3361.6199107718103,1796.04173,6750.433640771811,4169.774910771811,2580.6587299999997,0
13.0,1.0,71.0,90.0,10312.6666929756,0.0,10312.6666929756,1325.87027770041,0.0,1325.87027770041,92148.0377185692,ra,0.0,0.0,-0.0,0.0,0.0,0.0,1479.86973,0.0,1479.86973,1796.04173,0.0,1796.04173,0
13.0,0.0,75.0,91.0,10865.4133062023,10865.4133062023,0.0,2225.2267853651,2225.2267853651,0.0,106351.198252807,ra,0.0,-0.0,0.0,0.0,0.0,0.0,4169.774910771811,4169.774910771811,0.0,4700.4109107718095,4700.4109107718095,0.0,0
13.0,2.0,80.0,92.0,21769.3135715549,10924.7717317326,10844.5418398223,5231.40590135432,1587.86020641778,3643.54569493654,121274.128299309,ra,33.0,0.0,33.0,5477.999999999999,5037.539447473631,440.46055252636745,5751.8871932981765,4700.4109107718095,1051.4762825263674,1521.3881932981767,41.51846329817673,1479.86973,1
13.0,2.0,8.0,93.0,20326.8379673694,10049.6549230906,10277.1830442788,1199.97066882623,1199.97066882623,0.0,132616.969219855,link,0.0,0.0,0.0,0.0,0.0,0.0,1092.9947458245442,41.51846329817673,1051.4762825263674,1379.144745824544,327.6684632981767,1051.4762825263674,0
14.0,2.0,5.0,94.0,94497.8226477467,47019.266876753,47478.5557709937,936.342520757964,0.0,936.342520757964,0.0,link,0.0,0.0,0.0,0.0,0.0,0.0,5882.711864760001,1925.2787295200026,3957.433135239998,6105.9958647600015,1925.2787295200028,4180.717135239999,0
14.0,0.0,61.0,95.0,46935.1899031602,46935.1899031602,0.0,2174.78874504217,2174.78874504217,0.0,4629.48262057162,ra,0.0,-0.0,0.0,0.0,0.0,0.0,1925.2787295200028,1925.2787295200028,0.0,2443.8877295200027,2443.8877295200027,0.0,0
14.0,1.0,60.0,96.0,47664.7520038718,0.0,47664.7520038718,2204.32457448694,0.0,2204.32457448694,4633.73189838993,ra,0.0,0.0,-0.0,0.0,0.0,0.0,3431.781135239998,0.0,3431.781135239998,3957.433135239998,0.0,3957.433135239998,0
14.0,2.0,6.0,97.0,94641.6911720278,46900.6207445268,47741.070427501,922.919420502059,922.919420502059,0.0,6596.60038925666,link,0.0,0.0,0.0,0.0,0.0,0.0,5875.66886476,2443.8877295200027,3431.781135239998,6095.751864760001,2663.970729520003,3431.781135239998,0
15.0,2.0,6.0,98.0,75207.4913410466,44538.3019109056,30669.189430141,1884.85015181653,0.0,1884.85015181653,0.0,link,0.0,0.0,0.0,0.0,0.0,0.0,5315.895999999999,3762.167999999999,1553.728,5765.365,3762.167999999999,2003.1970000000001,0
15.0,1.0,64.0,99.0,16721.3274524539,0.0,16721.3274524539,6515.56424199958,0.0,6515.56424199958,25738.7432238461,ra,0.0,0.0,-0.0,0.0,0.0,0.0,0.0,0.0,0.0,1553.728,0.0,1553.728,0
15.0,0.0,65.0,100.0,16271.068415411,16271.068415411,0.0,7891.47329091754,7891.47329091754,0.0,25740.9022185623,ra,34.0,34.0,0.0,5644.0,5644.0,0.0,3762.167999999999,3762.167999999999,0.0,0.0,0.0,0.0,1
15.0,2.0,0.0,101.0,10998.09198493645,5379.56194516866,5618.53003976779,1825.01257049708,1825.01257049708,0.0,48631.178555929,link,0.0,0.0,0.0,0.0,0.0,0.0,0.0,0.0,0.0,435.2,435.2,0.0,0
16.0,2.0,6.0,102.0,79740.5667298025,40135.9531021025,39604.6136277,2800.89558131599,0.0,2800.89558131599,0.0,link,0.0,0.0,0.0,0.0,0.0,0.0,6526.03613524,2333.5838647600017,4192.452270479997,7193.949135239998,2333.5838647600017,4860.365270479997,0
16.0,1.0,66.0,103.0,29014.9759926702,0.0,29014.9759926702,4194.66206610603,0.0,4194.66206610603,12316.8385533337,ra,33.0,0.0,33.0,5478.000000000001,0.0,5478.000000000001,8670.176270479998,0.0,8670.176270479998,4192.452270479997,0.0,4192.452270479997,1
16.0,0.0,67.0,104.0,29278.0080852545,29278.0080852545,0.0,4585.78782260726,4585.78782260726,0.0,12575.9466885105,ra,0.0,-0.0,0.0,0.0,0.0,0.0,2333.5838647600017,2333.5838647600017,0.0,3427.1288647600018,3427.1288647600018,0.0,0
16.0,0.0,72.0,105.0,28145.026567285,28145.026567285,0.0,3642.99524799985,3642.99524799985,0.0,25449.0803158335,ra,0.0,-0.0,0.0,0.0,0.0,0.0,3427.1288647600018,3427.1288647600018,0.0,4295.851864760001,4295.851864760001,0.0,0
16.0,1.0,74.0,106.0,25731.8558288299,0.0,25731.8558288299,3150.32793358614,0.0,3150.32793358614,32933.7519739179,ra,0.0,0.0,-0.0,0.0,0.0,0.0,7918.936270479998,0.0,7918.936270479998,8670.176270479998,0.0,8670.176270479998,0
16.0,0.0,76.0,107.0,25418.7221777421,25418.7221777421,0.0,6370.06870476076,6370.06870476076,0.0,49497.4689014342,ra,0.0,-0.0,0.0,0.0,0.0,0.0,4295.851864760001,4295.851864760001,0.0,5814.883864760001,5814.883864760001,0.0,0
16.0,1.0,77.0,108.0,25469.3693020146,0.0,25469.3693020146,3629.48335037293,0.0,3629.48335037293,49565.5184208006,ra,0.0,0.0,-0.0,0.0,0.0,0.0,7053.435270479998,0.0,7053.435270479998,7918.936270479998,0.0,7918.936270479998,0
16.0,1.0,82.0,109.0,26935.5497477119,0.0,26935.5497477119,4731.07688196937,0.0,4731.07688196937,67595.9687520987,ra,0.0,0.0,-0.0,0.0,0.0,0.0,5925.2432704799985,0.0,5925.2432704799985,7053.435270479998,0.0,7053.435270479998,0
16.0,0.0,83.0,110.0,27462.4751098044,27462.4751098044,0.0,5057.1026374567,5057.1026374567,0.0,68666.0746432526,ra,0.0,-0.0,0.0,0.0,0.0,0.0,5814.883864760001,5814.883864760001,0.0,7020.820864760001,7020.820864760001,0.0,0
16.0,1.0,86.0,111.0,27163.1527528195,0.0,27163.1527528195,4196.37690745412,0.0,4196.37690745412,81021.8926734055,ra,0.0,0.0,-0.0,0.0,0.0,0.0,4924.558270479999,0.0,4924.558270479999,5925.2432704799985,0.0,5925.2432704799985,0
16.0,0.0,89.0,112.0,29187.9984476255,29187.9984476255,0.0,6653.92810326968,6653.92810326968,0.0,92123.379066016,ra,0.0,-0.0,0.0,0.0,0.0,0.0,7020.820864760001,7020.820864760001,0.0,8607.542864760002,8607.542864760002,0.0,0
16.0,1.0,90.0,113.0,28376.9986665812,0.0,28376.9986665812,5601.68477510965,0.0,5601.68477510965,92203.5095301381,ra,0.0,0.0,-0.0,0.0,0.0,0.0,3588.7582704799993,0.0,3588.7582704799993,4924.558270479999,0.0,4924.558270479999,0
16.0,2.0,94.0,114.0,71124.20344709541,35553.8279012094,35570.375545886,8755.2397188011,4299.63877333859,4455.60094546251,106046.116569043,ra,0.0,-0.0,0.0,0.0,0.0,0.0,11133.80113524,8607.542864760002,2526.258270479999,13221.61013524,9632.851864760001,3588.7582704799993,0
16.0,2.0,12.0,115.0,71147.99996754559,35564.9999847632,35582.9999827824,2799.48715587504,2799.48715587504,0.0,113917.810760995,link,0.0,0.0,0.0,0.0,0.0,0.0,12159.11013524,9632.851864760001,2526.258270479999,12826.68713524,10300.42886476,2526.258270479999,0
18.0,2.0,7.0,118.0,26949.9999999978,13587.9999999988,13361.999999999,1262.35088868617,0.0,1262.35088868617,0.0,link,0.0,0.0,0.0,0.0,0.0,0.0,668.0953,668.0953,0.0,969.1202999999999,668.0953,301.025,0
18.0,0.0,68.0,119.0,13587.9186189986,13587.9186189986,0.0,1673.78287195478,1673.78287195478,0.0,12318.1380453438,ra,0.0,-0.0,0.0,0.0,0.0,0.0,668.0953,668.0953,0.0,1067.2323,1067.2323,0.0,0
18.0,1.0,69.0,120.0,13361.9322654755,0.0,13361.9322654755,3620.13302138755,0.0,3620.13302138755,12346.3056788137,ra,34.0,0.0,34.0,5643.999999999999,0.0,5643.999999999999,4780.729,0.0,4780.729,0.0,0.0,0.0,1
18.0,2.0,73.0,121.0,21133.145613699402,10354.0731302489,10779.0724834505,3099.0639764515,1773.46409345857,1325.59988299293,27186.3293839123,ra,0.0,-0.0,0.0,0.0,0.0,0.0,5531.8533,1067.2323,4464.621,6270.8683,1490.1392999999998,4780.729,0
18.0,2.0,81.0,122.0,17024.72901544851,8263.2955761644,8761.43343928411,10407.12701858784,5132.59342206241,5274.53359652543,76811.9776614867,ra,0.0,0.0,-0.0,0.0,0.0,0.0,4696.9743,1490.1392999999998,3206.8350000000005,7178.6993,2714.0783,4464.621,0
18.0,0.0,84.0,123.0,7912.19781312535,7912.19781312535,0.0,1219.94777274037,1219.94777274037,0.0,91803.7907317536,ra,0.0,-0.0,0.0,0.0,0.0,0.0,2714.0783,2714.0783,0.0,3004.9923,3004.9923,0.0,0
18.0,1.0,85.0,124.0,8875.83878859374,0.0,8875.83878859374,1785.78492380043,0.0,1785.78492380043,91872.4611970398,ra,0.0,0.0,-0.0,0.0,0.0,0.0,2780.9900000000002,0.0,2780.9900000000002,3206.8350000000005,0.0,3206.8350000000005,0
18.0,2.0,92.0,125.0,47292.9371799686,22515.082655355,24777.8545246136,4754.45243720846,3104.7402940347,1649.71214317376,121334.732705969,ra,18.0,18.0,0.0,2988.0,1559.6990692307693,1428.3009307692305,6820.886230769231,3004.9923,3815.893930769231,4966.65223076923,2185.6622307692305,2780.9900000000002,1
18.0,2.0,11.0,126.0,53098.002767233804,24816.3642256391,28281.6385415947,1125.0783643968,1125.0783643968,0.0,126075.531741563,link,0.0,0.0,0.0,0.0,0.0,0.0,6001.556161538461,2185.6622307692305,3815.8939307692312,6269.8471615384615,2453.9532307692307,3815.893930769231,0
19.0,2.0,7.0,127.0,19888.0,9830.0,10058.0,1832.522339,0.0,1832.522339,0.0,link,0.0,0.0,0.0,0.0,0.0,0.0,420.1432,420.1432,0.0,857.1342,420.1432,436.991,0
19.0,2.0,0.0,128.0,19888.0,9830.0,10058.0,1790.981765,1790.981765,0.0,18219.577121931,link,0.0,0.0,0.0,0.0,0.0,0.0,420.1432,420.1432,0.0,847.2281999999999,847.2281999999999,0.0,0
20.0,2.0,0.0,129.0,19481.0003447438,9701.00019990513,9780.00014483867,1585.94680206363,0.0,1585.94680206363,0.0,link,0.0,0.0,0.0,0.0,0.0,0.0,0.0,0.0,0.0,378.191,0.0,378.191,0
20.0,0.0,78.0,130.0,10133.9989103389,10133.9989103389,0.0,2201.81082897895,2201.81082897895,0.0,22308.8999344534,ra,4.0,4.0,0.0,525.053,525.053,0.0,0.0,0.0,0.0,0.0,0.0,0.0,1
20.0,1.0,79.0,131.0,10094.128472639,0.0,10094.128472639,2214.67932713437,0.0,2214.67932713437,22364.4498639692,ra,10.0,0.0,10.0,1660.0000000000002,0.0,1660.0000000000002,1131.8790000000001,0.0,1131.8790000000001,0.0,0.0,0.0,1
20.0,2.0,8.0,132.0,21962.979690817003,10983.9900500203,10978.9896407967,1594.24397947735,1594.24397947735,0.0,37253.2284842051,link,0.0,0.0,0.0,0.0,0.0,0.0,1131.879,0.0,1131.879,1512.0490000000002,380.17,1131.8790000000001,0
21.0,2.0,8.0,133.0,21649.000000000102,11074.0,10575.0000000001,371.58433599978,0.0,371.58433599978,0.0,link,0.0,0.0,0.0,0.0,0.0,0.0,1318.3301117545582,1022.18657,296.1435417545582,1406.939111754558,1022.18657,384.7525417545582,0
21.0,2.0,87.0,134.0,23288.9999999286,11776.9999999694,11511.9999999592,6542.5877927048805,3329.21173105459,3213.37606165029,29246.6421925882,ra,22.0,0.0,22.0,3636.3754147718096,509.74007498790644,3126.635339783903,3678.6904515384613,1022.18657,2656.5038815384614,1602.4870367666517,1306.3434950120936,296.1435417545582,1
21.0,2.0,10.0,135.0,23288.9999999998,11776.9999999999,11511.9999999999,380.138005999835,380.138005999835,0.0,32474.4736101551,link,0.0,0.0,0.0,0.0,0.0,0.0,3962.847376550555,1306.3434950120936,2656.5038815384614,4053.496376550555,1396.9924950120935,2656.5038815384614,0
22.0,2.0,8.0,136.0,18089.34980232114,9293.63667702267,8795.71312529847,2541.60361777734,0.0,2541.60361777734,0.0,link,0.0,0.0,0.0,0.0,0.0,0.0,2360.7845625263676,315.3217625263674,2045.4628000000002,2966.8655625263677,315.3217625263674,2651.5438000000004,0
22.0,2.0,9.0,137.0,22551.7599214391,11229.4921808602,11322.2677405789,2598.64030591273,2598.64030591273,0.0,25496.1440920557,link,0.0,0.0,0.0,0.0,0.0,0.0,2360.784562526367,315.3217625263674,2045.4627999999996,2980.466562526368,935.0037625263675,2045.4628000000002,0
24.0,2.0,9.0,140.0,25786.108144857702,12922.6073175015,12863.5008273562,310.22506737586,0.0,310.22506737586,0.0,link,0.0,0.0,0.0,0.0,0.0,0.0,5151.7534802186765,2666.229980218676,2485.5235000000002,5225.731480218676,2666.229980218676,2559.5014999999994,0
24.0,0.0,88.0,141.0,12911.6129537198,12911.6129537198,0.0,904.521486357201,904.521486357201,0.0,7001.12487688288,ra,0.0,-0.0,0.0,0.0,0.0,0.0,2666.229980218676,2666.229980218676,0.0,2881.9259802186757,2881.9259802186757,0.0,0
24.0,1.0,91.0,142.0,12797.6950404071,0.0,12797.6950404071,2112.95769776524,0.0,2112.95769776524,10447.761196687,ra,0.0,0.0,-0.0,0.0,0.0,0.0,1981.6594999999998,0.0,1981.6594999999998,2485.5235000000002,0.0,2485.5235000000002,0
24.0,0.0,97.0,143.0,9570.73893282761,9570.73893282761,0.0,2755.77301226508,2755.77301226508,0.0,30840.5691895132,ra,0.0,-0.0,0.0,0.0,0.0,0.0,2881.9259802186757,2881.9259802186757,0.0,3539.078980218676,3539.078980218676,0.0,0
24.0,1.0,98.0,144.0,9946.42620888775,0.0,9946.42620888775,2231.33572547577,0.0,2231.33572547577,30857.3340619152,ra,0.0,0.0,-0.0,0.0,0.0,0.0,1449.5665,0.0,1449.5665,1981.6594999999998,0.0,1981.6594999999998,0
24.0,2.0,108.0,145.0,15887.70615160749,7870.70573058493,8017.00042102256,4501.986650504179,2168.3895853448,2333.59706515938,55766.1486133563,ra,0.0,0.0,-0.0,0.0,0.0,0.0,4432.166480218676,3539.078980218676,893.0874999999999,5505.728480218675,4056.1619802186756,1449.5665,0
24.0,2.0,114.0,146.0,28294.0206982518,14163.5504368669,14130.4702613849,3453.81695206723,2111.30760238217,1342.50934968506,76000.7341358558,ra,34.0,0.0,34.0,5644.0,3664.3610614941294,1979.638938505871,6608.748418724546,4056.1619802186756,2552.5864385058712,1788.3594187245462,895.2719187245463,893.0874999999999,1
24.0,2.0,15.0,147.0,28738.6713502246,14383.3123439625,14355.3590062621,310.87767950128,310.87767950128,0.0,78175.474803374,link,0.0,0.0,0.0,0.0,0.0,0.0,3447.8583572304174,895.2719187245463,2552.5864385058712,3521.9913572304176,969.4049187245463,2552.5864385058712,0
25.0,2.0,9.0,148.0,18444.994544675952,9036.99752648209,9407.99701819386,3162.57397865205,0.0,3162.57397865205,0.0,link,0.0,0.0,0.0,0.0,0.0,0.0,3187.5572776923073,1362.2648799999997,1825.2923976923075,3941.717277692307,1362.2648799999997,2579.4523976923074,0
25.0,2.0,10.0,149.0,19006.7279100321,9665.34291491844,9341.38499511366,3137.60809841466,3137.60809841466,0.0,35248.1726115327,link,0.0,0.0,0.0,0.0,0.0,0.0,3187.5572776923073,1362.2648799999997,1825.2923976923075,3935.764277692307,2110.4718799999996,1825.2923976923075,0
26.0,2.0,10.0,150.0,39799.090315948604,19727.656489473,20071.4338264756,5432.50664953123,0.0,5432.50664953123,0.0,link,0.0,0.0,0.0,0.0,0.0,0.0,5177.159234242862,2709.162965012093,2467.996269230769,6472.616234242862,2709.162965012093,3763.4532692307694,0
26.0,2.0,11.0,151.0,61239.0276416527,31319.7944712375,29919.2331704152,5527.09879983652,5527.09879983652,0.0,24120.7762535988,link,0.0,0.0,0.0,0.0,0.0,0.0,5177.159234242862,2709.162965012093,2467.996269230769,6495.173234242862,4027.176965012093,2467.996269230769,0
27.0,2.0,11.0,152.0,68446.95855219441,33632.3321209786,34814.6264312158,4475.01586176286,0.0,4475.01586176286,0.0,link,0.0,0.0,0.0,0.0,0.0,0.0,7745.211760843737,3142.75087831253,4602.460882531206,8812.341760843736,3142.75087831253,5669.590882531205,0
27.0,0.0,99.0,153.0,29715.9548515929,29715.9548515929,0.0,4959.0509597815,4959.0509597815,0.0,15398.2814879574,ra,0.0,-0.0,0.0,0.0,0.0,0.0,3142.75087831253,3142.75087831253,0.0,4325.305878312531,4325.305878312531,0.0,0
27.0,1.0,100.0,154.0,27462.2259431798,0.0,27462.2259431798,4427.60002896918,0.0,4427.60002896918,15788.2300471589,ra,0.0,0.0,-0.0,0.0,0.0,0.0,3546.6378825312054,0.0,3546.6378825312054,4602.460882531206,0.0,4602.460882531206,0
27.0,2.0,107.0,155.0,39803.000772140804,18775.2599855575,21027.7407865833,8521.51974910427,4077.761723511,4443.75802559327,32030.5850885025,ra,34.0,34.0,0.0,5643.999999999998,3128.0396096519326,2515.960390348066,9328.228151191803,4325.305878312531,5002.922272879272,5716.3031511918025,2169.665268660597,3546.6378825312054,1
27.0,0.0,111.0,156.0,14923.34787731,14923.34787731,0.0,3332.68370370798,3332.68370370798,0.0,51994.455333056,ra,0.0,-0.0,0.0,0.0,0.0,0.0,2169.665268660597,2169.665268660597,0.0,2964.390268660597,2964.390268660597,0.0,0
27.0,1.0,110.0,157.0,16064.7865328213,0.0,16064.7865328213,3656.83050998601,0.0,3656.83050998601,52217.7859827402,ra,0.0,0.0,-0.0,0.0,0.0,0.0,4130.900272879272,0.0,4130.900272879272,5002.922272879272,0.0,5002.922272879272,0
27.0,2.0,113.0,158.0,28115.7326932638,13396.479626617,14719.2530666468,8182.361978154309,4151.77442489818,4030.58755325613,80453.8359529617,ra,0.0,-0.0,0.0,0.0,0.0,0.0,6134.140541539868,2964.390268660597,3169.750272879271,8085.339541539869,3954.439268660597,4130.900272879272,0
27.0,0.0,115.0,159.0,16210.1141141057,16210.1141141057,0.0,2741.86480754644,2741.86480754644,0.0,99290.1862589441,ra,0.0,-0.0,0.0,0.0,0.0,0.0,3954.439268660597,3954.439268660597,0.0,4608.275268660597,4608.275268660597,0.0,0
27.0,2.0,116.0,160.0,34177.789667498,16266.7915147338,17910.9981527642,6377.1162856009105,1294.98984691301,5082.1264386879,107271.26953268,ra,0.0,0.0,-0.0,0.0,0.0,0.0,6566.121541539868,4608.275268660597,1957.8462728792708,8086.833541539869,4917.083268660597,3169.750272879271,0
27.0,2.0,15.0,161.0,39893.9999998457,18725.9999999336,21167.9999999121,3972.00678523747,3972.00678523747,0.0,128894.513137464,link,0.0,0.0,0.0,0.0,0.0,0.0,6874.929541539868,4917.083268660597,1957.8462728792708,7822.110541539868,5864.264268660597,1957.8462728792708,0
28.0,2.0,11.0,162.0,61992.2787513973,31725.312247826,30266.9665035713,2390.70224064613,0.0,2390.70224064613,0.0,link,0.0,0.0,0.0,0.0,0.0,0.0,5590.083999999999,4442.129999999999,1147.954,6160.179999999999,4442.129999999999,1718.05,0
28.0,0.0,93.0,163.0,30439.2241679383,30439.2241679383,0.0,1072.78335284043,1072.78335284043,0.0,3445.55910715547,ra,0.0,-0.0,0.0,0.0,0.0,0.0,4442.129999999999,4442.129999999999,0.0,4697.949999999999,4697.949999999999,0.0,0
28.0,0.0,95.0,164.0,18498.9087746208,18498.9087746208,0.0,3967.26574657,3967.26574657,0.0,21968.3457181098,ra,34.0,34.0,0.0,5644.0,5644.0,0.0,4697.949999999999,4697.949999999999,0.0,0.0,0.0,0.0,1
28.0,1.0,96.0,165.0,17419.1863324911,0.0,17419.1863324911,4813.95264377551,0.0,4813.95264377551,22264.116411145,ra,0.0,0.0,-0.0,0.0,0.0,0.0,0.0,0.0,0.0,1147.954,0.0,1147.954,0
28.0,2.0,0.0,166.0,16044.98321671642,8425.39921826346,7619.58399845296,2682.96218463007,2682.96218463007,0.0,40879.2796779836,link,0.0,0.0,0.0,0.0,0.0,0.0,0.0,0.0,0.0,639.79,639.79,0.0,0
30.0,2.0,12.0,169.0,31173.0077127878,15334.6891591729,15838.3185536149,1373.0223382835,0.0,1373.0223382835,0.0,link,0.0,0.0,0.0,0.0,0.0,0.0,5982.322114568469,3556.761391924235,2425.5607226442344,6309.738114568469,3556.761391924235,2752.9767226442345,0
30.0,0.0,101.0,170.0,15342.1685357064,15342.1685357064,0.0,288.700229956651,288.700229956651,0.0,1882.30501330568,ra,0.0,-0.0,0.0,0.0,0.0,0.0,3556.761391924235,3556.761391924235,0.0,3625.6063919242347,3625.6063919242347,0.0,0
30.0,1.0,102.0,171.0,15008.3801891543,0.0,15008.3801891543,2426.9547057033,0.0,2426.9547057033,15325.3757236118,ra,0.0,0.0,-0.0,0.0,0.0,0.0,1846.8197226442346,0.0,1846.8197226442346,2425.5607226442344,0.0,2425.5607226442344,0
30.0,0.0,103.0,172.0,14615.1043928834,14615.1043928834,0.0,2123.5391790608,2123.5391790608,0.0,15632.2115214018,ra,0.0,-0.0,0.0,0.0,0.0,0.0,3625.6063919242347,3625.6063919242347,0.0,4131.994391924235,4131.994391924235,0.0,0
30.0,2.0,13.0,173.0,18934.3901725728,9143.1385769236,9791.2515956492,1268.11665537119,1268.11665537119,0.0,27311.5905726122,link,0.0,0.0,0.0,0.0,0.0,0.0,5978.814114568469,4131.994391924235,1846.8197226442346,6281.21411456847,4434.394391924236,1846.8197226442346,0
31.0,2.0,12.0,174.0,61211.2617744492,30941.9007084376,30269.3610660116,584.87883138558,0.0,584.87883138558,0.0,link,0.0,0.0,0.0,0.0,0.0,0.0,9941.797808308234,8525.828366654117,1415.969441654117,10081.270808308234,8525.828366654117,1555.442441654117,0
31.0,1.0,106.0,175.0,29780.0349085717,0.0,29780.0349085717,3637.7163502508,0.0,3637.7163502508,10173.7794302971,ra,0.0,0.0,-0.0,0.0,0.0,0.0,548.5054416541168,0.0,548.5054416541168,1415.969441654117,0.0,1415.969441654117,0
31.0,0.0,105.0,176.0,30402.9541425937,30402.9541425937,0.0,3119.85205801169,3119.85205801169,0.0,10175.4293545811,ra,34.0,34.0,0.0,5644.000000000001,5644.000000000001,0.0,8525.828366654117,8525.828366654117,0.0,3625.8003666541167,3625.8003666541167,0.0,1
31.0,2.0,109.0,177.0,62402.9342497772,31525.7279110326,30877.2063387446,6816.57046321175,3762.41918739273,3054.15127581902,22337.1483709023,ra,34.0,34.0,0.0,5644.0,4384.821741654117,1259.178258345883,4705.1790666541165,3625.8003666541167,1079.3786999999998,686.6860666541169,138.18062500000005,548.5054416541168,1
31.0,2.0,14.0,178.0,62766.261417807,31611.057809806,31155.203608001,595.148026243029,595.148026243029,0.0,24222.213413882,link,0.0,0.0,0.0,0.0,0.0,0.0,1217.5593249999997,138.18062500000005,1079.3786999999998,1359.4803249999998,280.101625,1079.3786999999998,0
32.0,2.0,13.0,179.0,24034.0,12223.0,11811.0,4986.62400523132,0.0,4986.62400523132,0.0,link,0.0,0.0,0.0,0.0,0.0,0.0,5092.08411456847,4434.394391924236,657.6897226442345,6281.21411456847,4434.394391924236,1846.8197226442346,0
32.0,2.0,104.0,180.0,24034.0000000012,12223.0000000006,11811.0000000006,545.6198680000059,277.486546000003,268.133322000003,2270.21285318104,ra,34.0,0.0,34.0,5644.0,4266.596222644234,1377.4037773557654,6405.547891924236,4434.394391924236,1971.1535,891.6588919242346,233.9691692800001,657.6897226442345,1
32.0,2.0,16.0,181.0,35472.0,17897.0,17575.0,5106.43524839964,5106.43524839964,0.0,35413.5690178666,link,0.0,0.0,0.0,0.0,0.0,0.0,2205.12266928,233.9691692800001,1971.1535,3422.82366928,1451.6701692800002,1971.1535,0
33.0,2.0,14.0,182.0,25491.3919282071,13297.3329457903,12194.0589824168,2901.96451332052,0.0,2901.96451332052,0.0,link,0.0,0.0,0.0,0.0,0.0,0.0,372.34409999999997,372.34409999999997,0.0,1064.3581,372.34409999999997,692.014,0
33.0,2.0,0.0,183.0,27433.9391849649,13761.9854531938,13671.9537317711,3014.56661334824,3014.56661334824,0.0,22213.6117866395,link,0.0,0.0,0.0,0.0,0.0,0.0,372.34409999999997,372.34409999999997,0.0,1091.2100999999998,1091.2100999999998,0.0,0
34.0,2.0,14.0,184.0,40290.9817282687,40289.5340857765,1.44764249220084,4807.99244961434,0.0,4807.99244961434,0.0,link,0.0,0.0,0.0,0.0,0.0,0.0,666.925825,666.925825,0.0,1813.458825,666.925825,1146.533,0
34.0,2.0,112.0,185.0,40084.6794214896,20069.2583308031,20015.4210906865,5879.593873458731,4738.49168603675,1141.10218742198,14615.9886216738,ra,7.0,7.0,0.0,1161.9999999999998,208.38282499999988,953.617175,1348.431,666.925825,681.5051749999999,1588.5030000000002,1588.5030000000002,0.0,1
34.0,0.0,120.0,186.0,19233.9789959859,19233.9789959859,0.0,2388.18736449935,2388.18736449935,0.0,26934.1491638682,ra,13.0,13.0,0.0,2158.0000000000005,2158.0000000000005,0.0,1588.5030000000002,1588.5030000000002,0.0,0.0,0.0,0.0,1
34.0,2.0,20.0,187.0,42848.933143860995,20473.5804606555,22375.3526832055,2247.13462765847,2247.13462765847,0.0,38220.8594846279,link,0.0,0.0,0.0,0.0,0.0,0.0,681.5051749999999,0.0,681.5051749999999,1217.3661749999999,535.861,681.5051749999999,0
35.0,2.0,0.0,188.0,13637.0,6766.0,6871.0,2412.0267595,0.0,2412.0267595,0.0,link,0.0,0.0,0.0,0.0,0.0,0.0,991.2245000000001,0.0,991.2245000000001,1566.4065000000003,0.0,1566.4065000000003,0
35.0,2.0,16.0,189.0,13637.0,6766.0,6871.0,2375.167087,2375.167087,0.0,35104.4629542217,link,0.0,0.0,0.0,0.0,0.0,0.0,991.2245000000001,0.0,991.2245000000001,1557.6165,566.392,991.2245000000001,0
36.0,2.0,15.0,190.0,63592.0,31158.0,32434.0,1263.515121,0.0,1263.515121,0.0,link,0.0,0.0,0.0,0.0,0.0,0.0,7775.062523999998,5199.8009999999995,2575.2615239999986,8076.365523999998,5199.8009999999995,2876.5645239999985,0
36.0,0.0,121.0,191.0,31158.0,31158.0,0.0,1862.749872,1862.749872,0.0,5978.40628225615,ra,34.0,34.0,0.0,5643.999999999999,5643.999999999999,0.0,5199.8009999999995,5199.8009999999995,0.0,0.0,0.0,0.0,1
36.0,1.0,122.0,192.0,32434.0,0.0,32434.0,2232.999815,0.0,2232.999815,6884.76410576914,ra,0.0,0.0,-0.0,0.0,0.0,0.0,2042.7715239999993,0.0,2042.7715239999993,2575.2615239999986,0.0,2575.2615239999986,0
36.0,2.0,17.0,193.0,63592.0,31158.0,32434.0,1496.20716,1496.20716,0.0,10780.4149902554,link,0.0,0.0,0.0,0.0,0.0,0.0,2042.7715239999993,0.0,2042.7715239999993,2399.5635239999992,356.792,2042.7715239999993,0
37.0,2.0,16.0,194.0,61280.6441162145,31014.1744637331,30266.4696524814,3075.32200703344,0.0,3075.32200703344,0.0,link,0.0,0.0,0.0,0.0,0.0,0.0,3306.8921692800004,1547.9651692800003,1758.927,4040.2461692800002,1547.9651692800003,2492.281,0
37.0,0.0,117.0,195.0,31188.9181978021,31188.9181978021,0.0,476.264669971773,476.264669971773,0.0,1531.60155183027,ra,3.0,3.0,0.0,497.99999999999994,497.99999999999994,0.0,1547.9651692800003,1547.9651692800003,0.0,1163.5371692800002,1163.5371692800002,0.0,1
37.0,2.0,18.0,196.0,64809.525076994905,32882.2900340846,31927.2350429103,2677.02300367325,2677.02300367325,0.0,9891.28354449013,link,0.0,0.0,0.0,0.0,0.0,0.0,2922.46416928,1163.5371692800002,1758.927,3560.8381692800003,1801.9111692800002,1758.927,0
38.0,2.0,17.0,197.0,73980.9084088181,36437.7364219997,37543.1719868184,8581.89596317837,0.0,8581.89596317837,0.0,link,0.0,0.0,0.0,0.0,0.0,0.0,859.9948239999991,805.12775,54.86707399999911,2906.4678239999994,805.12775,2101.3400739999993,0
38.0,1.0,118.0,198.0,38288.3848812199,0.0,38288.3848812199,3563.20063608103,0.0,3563.20063608103,5385.57294187173,ra,26.0,0.0,26.0,4316.0,0.0,4316.0,3521.172074,0.0,3521.172074,54.86707399999911,0.0,54.86707399999911,1
38.0,0.0,119.0,199.0,38355.5663129252,38355.5663129252,0.0,2619.00122524035,2619.00122524035,0.0,7097.78606046679,ra,0.0,-0.0,0.0,7.105427357601002e-15,7.105427357601002e-15,0.0,805.12775,805.12775,0.0,1429.6657500000001,1429.6657500000001,0.0,0
38.0,1.0,123.0,200.0,41712.9401712972,0.0,41712.9401712972,2031.11145511135,0.0,2031.11145511135,14257.7141698898,ra,0.0,0.0,-0.0,5.684341886080802e-14,0.0,5.684341886080802e-14,3036.8250739999994,0.0,3036.8250739999994,3521.172074,0.0,3521.172074,0
38.0,0.0,124.0,201.0,40728.8663078391,40728.8663078391,0.0,2848.88985060576,2848.88985060576,0.0,14300.5054996462,ra,1.0,1.0,0.0,165.99999999999963,165.99999999999963,0.0,1429.6657500000001,1429.6657500000001,0.0,1943.02375,1943.02375,0.0,1
38.0,2.0,22.0,202.0,105896.4428578996,51540.438437961,54356.0044199386,8230.02197998083,8230.02197998083,0.0,31585.4341675124,link,0.0,0.0,0.0,0.0,0.0,0.0,4979.848824,1943.02375,3036.8250739999994,6942.412823999999,3905.58775,3036.8250739999994,0
39.0,2.0,17.0,203.0,25562.2788538132,12328.3002896388,13233.9785641744,1988.33296352279,0.0,1988.33296352279,0.0,link,0.0,0.0,0.0,0.0,0.0,0.0,1357.5801999999999,720.9794999999999,636.6007,1831.7262,720.9794999999999,1110.7467000000001,0
39.0,2.0,24.0,204.0,21529.4529436522,10591.5844792127,10937.8684644395,1897.36879079567,1897.36879079567,0.0,17071.729881247,link,0.0,0.0,0.0,0.0,0.0,0.0,1357.5801999999999,720.9794999999999,636.6007,1810.0341999999998,1173.4334999999999,636.6007,0
40.0,2.0,18.0,205.0,25932.8384078479,12821.1458632264,13111.6925446215,1674.79594495223,0.0,1674.79594495223,0.0,link,0.0,0.0,0.0,0.0,0.0,0.0,1529.2373692800004,1092.2257692800003,437.01160000000004,1928.6163692800005,1092.2257692800003,836.3906000000001,0
40.0,2.0,26.0,206.0,22387.8945153677,11334.7070106569,11053.1875047108,1671.62669728314,1671.62669728314,0.0,13785.5992106443,link,0.0,0.0,0.0,0.0,0.0,0.0,1529.2373692800004,1092.2257692800003,437.01160000000004,1927.8603692800004,1490.8487692800004,437.01160000000004,0
41.0,2.0,18.0,207.0,65100.0643805413,32409.6776559215,32690.3867246198,8031.94834387227,0.0,8031.94834387227,0.0,link,0.0,0.0,0.0,0.0,0.0,0.0,1702.4799999999998,1702.4799999999998,0.0,3617.8109999999997,1702.48,1915.331,0
41.0,1.0,126.0,208.0,33015.8306660751,0.0,33015.8306660751,515.744798385718,0.0,515.744798385718,1570.62189366782,ra,12.0,0.0,12.0,1909.29049608,0.0,1909.29049608,1786.3034960799998,0.0,1786.3034960799998,0.0,0.0,0.0,1
41.0,0.0,125.0,209.0,32828.8089278736,32828.8089278736,0.0,517.979810454405,517.979810454405,0.0,1588.99980042748,ra,11.0,11.0,0.0,1826.0,1826.0,0.0,1702.48,1702.48,0.0,0.0,0.0,0.0,1
41.0,2.0,25.0,210.0,107717.843361102,52411.8634929897,55305.9798681123,8019.3953752296,8019.3953752296,0.0,19664.6825171201,link,0.0,0.0,0.0,0.0,0.0,0.0,1786.3034960799998,0.0,1786.3034960799998,3698.64049608,1912.337,1786.3034960799998,0
42.0,2.0,0.0,211.0,64323.0,34358.0,29965.0,292.1437675,0.0,292.1437675,0.0,link,0.0,0.0,0.0,0.0,0.0,0.0,1437.4987350000001,0.0,1437.4987350000001,1507.164735,0.0,1507.164735,0
42.0,2.0,21.0,212.0,64323.0,34358.0,29965.0,334.973321,334.973321,0.0,974.993087217836,link,0.0,0.0,0.0,0.0,0.0,0.0,1437.4987350000001,0.0,1437.4987350000001,1517.377735,79.879,1437.4987350000001,0
43.0,2.0,20.0,213.0,150198.49863614672,75767.4489434685,74431.0496926782,256.538715958994,0.0,256.538715958994,0.0,link,0.0,0.0,0.0,0.0,0.0,0.0,2470.538964,2470.538964,0.0,2531.713964,2470.538964,61.175,0
43.0,2.0,127.0,214.0,143910.6207571261,71622.8655725805,72287.7551845456,14695.55070776022,7361.67405319568,7333.87665456454,10005.6920912667,ra,34.0,34.0,0.0,5644.0,281.6548240000006,5362.345176,6084.01814,2470.538964,3613.479176,3944.3781399999993,3944.3781399999993,0.0,1
43.0,2.0,22.0,215.0,143835.3128743358,71573.2272359724,72262.0856383634,254.135111440735,254.135111440735,0.0,10360.6755425037,link,0.0,0.0,0.0,0.0,0.0,0.0,7557.857316,3944.3781399999993,3613.479176,7618.459315999999,4004.980139999999,3613.479176,0
44.0,2.0,20.0,216.0,153959.0,74263.0,79696.0,3498.6544,0.0,3498.6544,0.0,link,0.0,0.0,0.0,0.0,0.0,0.0,2720.688075,420.6862,2300.001875,3554.991075,420.6862,3134.304875,0
44.0,2.0,21.0,217.0,153959.0,74263.0,79696.0,3260.1457,3260.1457,0.0,4390.04714603225,link,0.0,0.0,0.0,0.0,0.0,0.0,2720.688075,420.6862,2300.001875,3498.1150749999997,1198.1132,2300.001875,0
45.0,2.0,20.0,218.0,62196.7600253059,32348.664026557,29848.0959987489,1778.43165752251,0.0,1778.43165752251,0.0,link,0.0,0.0,0.0,0.0,0.0,0.0,546.410836,546.410836,0.0,970.502836,546.410836,424.092,0
45.0,2.0,129.0,219.0,59803.760630072604,31496.7732925594,28306.9873375132,6019.40155695864,3144.57563370826,2874.82592325038,9849.37897275001,ra,14.0,0.0,14.0,2324.0000000000005,1093.5217224000003,1230.4782776000002,1091.3471136000003,546.410836,544.9362776000002,202.7571135999998,202.7571135999998,0.0,1
45.0,2.0,27.0,220.0,59265.8366310976,31619.7156039958,27646.1210271018,2008.7677610147,2008.7677610147,0.0,16227.5537304541,link,0.0,0.0,0.0,0.0,0.0,0.0,747.6933912,202.7571135999998,544.9362776000002,1226.7123912,681.7761135999998,544.9362776000002,0
46.0,2.0,21.0,221.0,122056.3633115633,58092.1447118619,63964.2185997014,6279.26064472807,0.0,6279.26064472807,0.0,link,0.0,0.0,0.0,0.0,0.0,0.0,2703.39209,870.6308399999999,1832.7612499999998,4200.77009,870.6308399999999,3330.13925,0
46.0,2.0,23.0,222.0,131872.7061463396,62497.919354533,69374.7867918066,5678.0443937591,5678.0443937591,0.0,9404.55520736285,link,0.0,0.0,0.0,0.0,0.0,0.0,2703.39209,870.6308399999999,1832.7612499999998,4057.4010899999994,2224.6398399999994,1832.7612499999998,0
47.0,2.0,22.0,223.0,38579.2955378498,18952.692150841,19626.6033870088,1763.21916642734,0.0,1763.21916642734,0.0,link,0.0,0.0,0.0,0.0,0.0,0.0,2160.908683999999,1920.8181619999996,240.0905219999994,2581.372683999999,1920.8181619999996,660.5545219999995,0
47.0,2.0,128.0,224.0,35162.6248298969,17399.4597199651,17763.1651099318,7435.63799543393,3663.38542984375,3772.25256559018,19815.1127809066,ra,26.0,0.0,26.0,4316.0,2794.404162,1521.5958380000006,2782.9585219999994,1920.8181619999996,862.1403599999999,240.0905219999994,0.0,240.0905219999994,1
47.0,2.0,28.0,225.0,35062.119983040204,16961.1414488018,18100.9785342384,1675.65153554322,1675.65153554322,0.0,29618.3313222541,link,0.0,0.0,0.0,0.0,0.0,0.0,862.1403599999999,0.0,862.1403599999999,1261.72336,399.583,862.1403599999999,0
48.0,2.0,24.0,226.0,16009.99993438885,7856.99996682075,8152.9999675681,2252.38793848172,0.0,2252.38793848172,0.0,link,0.0,0.0,0.0,0.0,0.0,0.0,714.7362,714.7362,0.0,1251.8492,714.7362,537.113,0
48.0,2.0,0.0,227.0,10228.9496360124,5180.36917753558,5048.58045847682,2203.40390841478,2203.40390841478,0.0,34790.8303429051,link,0.0,0.0,0.0,0.0,0.0,0.0,714.7362,714.7362,0.0,1240.1692,1240.1692,0.0,0
50.0,2.0,23.0,230.0,167288.29083468,89420.7692084569,77867.5216262231,2077.52908786604,0.0,2077.52908786604,0.0,link,0.0,0.0,0.0,0.0,0.0,0.0,3733.9403267999996,2264.4348268,1469.5055,4229.3563268,2264.4348268,1964.9215,0
50.0,2.0,25.0,231.0,167733.1420677742,89424.5683491475,78308.5737186267,2379.09007339684,2379.09007339684,0.0,2660.51340881896,link,0.0,0.0,0.0,0.0,0.0,0.0,3733.9403267999996,2264.4348268,1469.5055,4301.2673268,2831.7618268,1469.5055,0
51.0,2.0,23.0,232.0,68004.42841151671,33685.4721908872,34318.9562206295,2606.49863917702,0.0,2606.49863917702,0.0,link,0.0,0.0,0.0,0.0,0.0,0.0,1799.8155408,1256.868402,542.9471388,2421.3715408,1256.868402,1164.5031388,0
51.0,0.0,130.0,233.0,33100.9959033154,33100.9959033154,0.0,783.162954686691,783.162954686691,0.0,2344.99727996629,ra,7.0,7.0,0.0,1161.9999999999998,1161.9999999999998,0.0,1256.868402,1256.868402,0.0,281.62440200000015,281.62440200000015,0.0,1
51.0,2.0,27.0,234.0,64426.2356563276,31754.4889250316,32671.746731296,1762.79400434887,1762.79400434887,0.0,7784.58868214326,link,0.0,0.0,0.0,0.0,0.0,0.0,824.5715408000001,281.62440200000015,542.9471388,1244.9345408000001,701.9874020000002,542.9471388,0
53.0,2.0,24.0,237.0,26623.0,13216.0,13407.0,1301.2096815,0.0,1301.2096815,0.0,link,0.0,0.0,0.0,0.0,0.0,0.0,1275.7316,972.6166,303.115,1586.0236,972.6166,613.4069999999999,0
53.0,2.0,28.0,238.0,26623.0,13216.0,13407.0,1282.672272,1282.672272,0.0,9705.48649135397,link,0.0,0.0,0.0,0.0,0.0,0.0,1275.7316,972.6166,303.115,1581.6026,1278.4876,303.115,0
54.0,2.0,25.0,239.0,63790.743083652196,33602.5555376766,30188.1875459756,914.669079332492,0.0,914.669079332492,0.0,link,0.0,0.0,0.0,0.0,0.0,0.0,1706.4058307200003,1706.4058307200003,0.0,1924.5218307200003,1706.4058307200003,218.116,0
54.0,2.0,131.0,240.0,33762.4415586177,17029.2127372484,16733.2288213693,7185.4180023402205,3714.28097177565,3471.13703056457,14118.0595783865,ra,28.0,0.0,28.0,4648.0,2552.31861536,2095.68138464,2974.3462153600003,1706.4058307200003,1267.9403846400003,39.80921535999998,39.80921535999998,0.0,1
54.0,2.0,26.0,241.0,32484.7744574449,16371.3543459377,16113.4201115072,929.571492526024,929.571492526024,0.0,19751.6727385701,link,0.0,0.0,0.0,0.0,0.0,0.0,1307.7496000000003,39.80921535999998,1267.9403846400003,1529.4186000000002,261.47821536,1267.9403846400003,0
55.0,2.0,26.0,242.0,35611.1999360093,17306.4999689679,18304.6999670414,3651.95402706089,0.0,3651.95402706089,0.0,link,0.0,0.0,0.0,0.0,0.0,0.0,918.2350000000002,918.2350000000002,0.0,1789.0950000000003,918.2350000000002,870.86,0
55.0,2.0,132.0,243.0,34335.6700861098,16687.9002306099,17647.7698554999,3806.71617873812,1850.01487529755,1956.70130344057,10714.2329169781,ra,11.0,0.0,11.0,1826.0000000000002,1359.3970000000002,466.603,918.2350000000002,918.2350000000002,0.0,0.0,0.0,0.0,1
55.0,2.0,0.0,244.0,9015.00027880696,4116.00014201232,4899.00013679464,3382.27393180499,3382.27393180499,0.0,47911.3668726574,link,0.0,0.0,0.0,0.0,0.0,0.0,0.0,0.0,0.0,806.551,806.551,0.0,0
56.0,2.0,27.0,245.0,67553.5172847849,34432.267085203,33121.2501995819,2367.02370971695,0.0,2367.02370971695,0.0,link,0.0,0.0,0.0,0.0,0.0,0.0,860.3300992000001,860.3300992000001,0.0,1424.7800992000002,860.3300992000001,564.45,0
56.0,1.0,134.0,246.0,28345.0537807391,0.0,28345.0537807391,1429.46120190489,0.0,1429.46120190489,14670.9425066938,ra,13.0,0.0,13.0,2145.64116488,0.0,2145.64116488,1804.76616488,0.0,1804.76616488,0.0,0.0,0.0,1
56.0,0.0,133.0,247.0,28758.648000424,28758.648000424,0.0,4635.2223561875,4635.2223561875,0.0,14715.488271793,ra,0.0,-0.0,0.0,0.0,0.0,0.0,860.3300992000001,860.3300992000001,0.0,1965.6640992,1965.6640992,0.0,0
56.0,2.0,135.0,248.0,47006.1040822862,24072.8864014428,22933.2176808434,5972.33806438385,1468.70673835056,4503.63132603329,20490.1826432686,ra,0.0,0.0,-0.0,0.0,0.0,0.0,2696.47626408,1965.6640992,730.8121648799998,4120.66426408,2315.8980991999997,1804.76616488,0
56.0,2.0,29.0,249.0,45237.3265637856,23422.054813021,21815.2717507646,2510.31569035993,2510.31569035993,0.0,31051.5111500156,link,0.0,0.0,0.0,0.0,0.0,0.0,3046.7102640799994,2315.8980991999997,730.8121648799998,3645.3302640799993,2914.5180991999996,730.8121648799998,0
57.0,2.0,28.0,250.0,21608.0,10785.0,10823.0,664.304917,0.0,664.304917,0.0,link,0.0,0.0,0.0,0.0,0.0,0.0,671.22824,671.22824,0.0,829.64124,671.22824,158.413,0
57.0,2.0,0.0,251.0,21608.0,10785.0,10823.0,661.972515,661.972515,0.0,6137.90628624439,link,0.0,0.0,0.0,0.0,0.0,0.0,671.22824,671.22824,0.0,829.08524,829.08524,0.0,0
59.0,2.0,29.0,254.0,41763.642422810604,21836.3114479028,19927.3309749078,64.1922987606669,0.0,64.1922987606669,0.0,link,0.0,0.0,0.0,0.0,0.0,0.0,3029.88693432,2131.12793432,898.759,3045.19493432,2131.12793432,914.067,0
59.0,0.0,137.0,255.0,11226.9471972143,11226.9471972143,0.0,4281.44265472418,4281.44265472418,0.0,25939.71611319,ra,19.0,19.0,0.0,3152.09793432,3152.09793432,0.0,2131.12793432,2131.12793432,0.0,0.0,0.0,0.0,1
59.0,1.0,138.0,256.0,8142.41876965786,0.0,8142.41876965786,3768.95103150065,0.0,3768.95103150065,26235.4919576393,ra,0.0,0.0,-0.0,0.0,0.0,0.0,0.0,0.0,0.0,898.759,0.0,898.759,0
59.0,2.0,0.0,257.0,19030.16772086208,11064.8956674036,7965.27205345848,121.795390046012,121.795390046012,0.0,27032.7504548799,link,0.0,0.0,0.0,0.0,0.0,0.0,0.0,0.0,0.0,29.044,29.044,0.0,0
60.0,2.0,29.0,258.0,15204.99963875321,7325.99983936264,7878.99979939057,589.761879951074,0.0,589.761879951074,0.0,link,0.0,0.0,0.0,0.0,0.0,0.0,1189.8690595199996,1148.5755297599999,41.293529759999835,1330.5060595199998,1148.5755297599999,181.93052975999984,0
60.0,2.0,136.0,259.0,13825.298552554461,6712.48148642337,7112.81706613109,1621.703087201606,781.773481624616,839.92960557699,10738.6315701673,ra,9.0,9.0,0.0,1494.0000000000002,1335.00052976,158.99947024000016,1148.5755297599999,1148.5755297599999,0.0,41.293529759999835,0.0,41.293529759999835,1
60.0,2.0,0.0,260.0,9900.0011340695,4967.00050429217,4933.00062977733,588.144298822839,588.144298822839,0.0,22135.2935483001,link,0.0,0.0,0.0,0.0,0.0,0.0,0.0,0.0,0.0,140.251,140.251,0.0,0
