Time of calculation: 20220212-182110; value of objective: 67508000.0;  acc=2400;  cfix=40000;  cvar=127000.0;  eta=0.27;  mu=0.24;  i=
segment_id,dir,type_ID,POI_ID,traffic_flow,traffic_flow_0,traffic_flow_1,energy_demand,energy_demand_0,energy_demand_1,dist_along_segment,pois_type,pYi_dir,pYi_dir_0,pYi_dir_1,pE_charged,pE_charged_0,pE_charged_1,pE_input,pE_input_0,pE_input_1,pE_output,pE_output_0,pE_output_1,pXi
0.0,2.0,0.0,0.0,26540.636112053,13243.0239038645,13297.6122081885,4423.92123143818,0.0,4423.92123143818,0.0,link,0.0,0.0,0.0,0.0,0.0,0.0,0.0,0.0,0.0,569.671,0.0,569.671,0
0.0,2.0,1.0,1.0,26594.7769799282,13269.4415749127,13325.3354050155,810.003976920776,31.774775427221,778.229201493555,239.715824101164,ra,1.0,1.0,0.0,163.5,0.0,163.5,63.287000000000006,0.0,63.287000000000006,4.092,4.092,0.0,1
0.0,2.0,0.0,2.0,45891.0713847726,24132.5354848012,21758.5358999714,10453.07839190074,5371.86342144895,5081.21497045179,24427.462160298,ra,4.0,0.0,4.0,654.0000000000001,0.0,654.0000000000001,67.06800000000008,4.092,62.976000000000084,759.1170000000001,695.83,63.287000000000006,1
0.0,1.0,2.0,3.0,5594.60627343411,0.0,5594.60627343411,2065.98540498995,0.0,2065.98540498995,68504.6013106114,ra,10.0,0.0,10.0,1635.0,0.0,1635.0,1431.938,0.0,1431.938,62.976000000000084,0.0,62.976000000000084,1
0.0,0.0,3.0,4.0,4553.08388931748,4553.08388931748,0.0,7187.4483251383,7187.4483251383,0.0,79329.1374904099,ra,6.0,6.0,0.0,981.0,981.0,0.0,695.83,695.83,0.0,640.3620000000001,640.3620000000001,0.0,1
0.0,2.0,4.0,5.0,7895.539602766939,4645.32330643337,3250.21629633357,2342.9750495919798,1038.66179081139,1304.31325878059,104473.71241617,ra,2.0,0.0,2.0,327.0,0.0,327.0,2231.3430000000003,640.3620000000001,1590.9810000000002,2206.049,774.1110000000001,1431.938,1
0.0,2.0,5.0,6.0,19815.36822147166,9562.72950758806,10252.6387138836,7959.02626511719,2076.95503589247,5882.07122922472,133409.21035476,ra,0.0,0.0,-0.0,0.0,0.0,0.0,1607.6540000000002,774.1110000000001,833.5430000000001,2632.5430000000006,1041.5620000000001,1590.9810000000002,0
0.0,2.0,6.0,7.0,38420.413170467305,19234.6634945469,19185.7496759204,10291.73164091456,4957.10120865155,5334.63043226301,173065.413799776,ra,5.0,0.0,5.0,817.5,234.4391190476192,583.0608809523808,1771.222880952381,1041.5620000000001,729.6608809523809,2278.994880952381,1445.451880952381,833.5430000000001,1
0.0,1.0,7.0,8.0,21229.4573799075,0.0,21229.4573799075,31.9071906889248,0.0,31.9071906889248,176940.22069629,ra,0.0,0.0,-0.0,0.0,0.0,0.0,725.5518809523809,0.0,725.5518809523809,729.6608809523809,0.0,729.6608809523809,0
0.0,2.0,0.0,9.0,50605.7308716768,25638.9023938735,24966.8284778033,5210.17855174236,5210.17855174236,0.0,194059.964946131,link,0.0,0.0,0.0,0.0,0.0,0.0,2171.003761904762,1445.451880952381,725.5518809523809,2841.921761904762,2116.369880952381,725.5518809523809,0
1.0,2.0,0.0,10.0,41635.2696746832,21021.6267553003,20613.6429193829,39.7761865009555,0.0,39.7761865009555,0.0,link,0.0,0.0,0.0,0.0,0.0,0.0,1629.6919047619049,1530.2904523809525,99.40145238095234,1634.8139047619047,1530.2904523809525,104.52345238095234,0
1.0,2.0,8.0,11.0,39859.9435983602,20128.7100274165,19731.2335709437,2276.328443367862,1715.72731424055,560.601129127312,8218.21591932416,ra,7.0,0.0,7.0,1144.5,579.6214523809524,564.8785476190476,2122.3814523809524,1530.2904523809525,592.091,1271.0054523809526,1171.6040000000003,99.40145238095234,1
1.0,0.0,9.0,12.0,15021.9786197919,15021.9786197919,0.0,1426.84265640488,1426.84265640488,0.0,16747.0640478161,ra,0.0,-0.0,0.0,0.0,0.0,0.0,1171.6040000000003,1171.6040000000003,0.0,1355.339,1355.339,0.0,0
1.0,2.0,10.0,13.0,29629.2702066633,14994.1517039878,14635.1185026755,191.32891529796441,24.7111120586864,166.617803239278,16911.7407621753,ra,0.0,0.0,-0.0,0.0,0.0,0.0,1925.975,1355.339,570.636,1950.612,1358.5210000000002,592.091,0
1.0,2.0,14.0,14.0,23126.816645439998,11846.3351177034,11280.4815277366,2715.58896866506,1386.75954291372,1328.82942575134,27721.2649615329,ra,0.0,0.0,-0.0,0.0,0.0,0.0,1758.0430000000001,1358.5210000000002,399.522,2107.731,1537.0950000000003,570.636,0
1.0,1.0,13.0,15.0,11337.2619320883,0.0,11337.2619320883,1420.24853693026,0.0,1420.24853693026,29194.6309655969,ra,0.0,0.0,-0.0,0.0,0.0,0.0,216.636,0.0,216.636,399.522,0.0,399.522,0
1.0,0.0,12.0,16.0,11885.5265358471,11885.5265358471,0.0,208.504810997731,208.504810997731,0.0,29478.4736802298,ra,0.0,-0.0,0.0,0.0,0.0,0.0,1537.0950000000003,1537.0950000000003,0.0,1563.944,1563.944,0.0,0
1.0,0.0,15.0,17.0,11960.1701828351,11960.1701828351,0.0,465.471180470787,465.471180470787,0.0,33381.7233696118,ra,0.0,-0.0,0.0,0.0,0.0,0.0,1563.944,1563.944,0.0,1623.8830000000003,1623.8830000000003,0.0,0
1.0,2.0,16.0,18.0,23460.935326572,11970.3853891252,11490.5499374468,1768.668281716874,86.3301716488441,1682.33811006803,34103.2604930604,ra,10.0,0.0,10.0,1635.0,1635.0,0.0,1623.8830000000003,1623.8830000000003,0.0,216.636,0.0,216.636,1
1.0,2.0,0.0,19.0,23472.9532848191,11974.8809399587,11498.0723448604,41.4313703808343,41.4313703808343,0.0,34449.3464575004,link,0.0,0.0,0.0,0.0,0.0,0.0,0.0,0.0,0.0,5.335,5.335,0.0,0
2.0,2.0,0.0,20.0,68929.1689525749,33758.8137930879,35170.355159487,2037.30449092795,0.0,2037.30449092795,0.0,link,0.0,0.0,0.0,0.0,0.0,0.0,2437.676,1332.536,1105.1399999999999,2700.0209999999997,1332.536,1367.485,0
2.0,1.0,11.0,21.0,34398.2821383792,0.0,34398.2821383792,0.177994253383828,0.0,0.177994253383828,2598.41164546074,ra,0.0,0.0,-0.0,0.0,0.0,0.0,1105.117,0.0,1105.117,1105.1399999999999,0.0,1105.1399999999999,0
2.0,0.0,17.0,22.0,24285.974119979,24285.974119979,0.0,5629.75346622784,5629.75346622784,0.0,19826.0309188716,ra,0.0,-0.0,0.0,0.0,0.0,0.0,1332.536,1332.536,0.0,2057.4829999999997,2057.4829999999997,0.0,0
2.0,1.0,18.0,23.0,24186.0911430872,0.0,24186.0911430872,4128.06929715106,0.0,4128.06929715106,19924.5544753991,ra,0.0,0.0,-0.0,0.0,0.0,0.0,573.543,0.0,573.543,1105.117,0.0,1105.117,0
2.0,0.0,19.0,24.0,24395.8043620461,24395.8043620461,0.0,1107.94961707917,1107.94961707917,0.0,24376.283905319,ra,0.0,-0.0,0.0,0.0,0.0,0.0,2057.4829999999997,2057.4829999999997,0.0,2200.1539999999995,2200.1539999999995,0.0,0
2.0,0.0,20.0,25.0,18382.7449604955,18382.7449604955,0.0,3193.59583085962,3193.59583085962,0.0,38424.0480859037,ra,0.0,-0.0,0.0,0.0,0.0,0.0,2200.1539999999995,2200.1539999999995,0.0,2611.3949999999995,2611.3949999999995,0.0,0
2.0,1.0,21.0,26.0,18491.6133654888,0.0,18491.6133654888,4453.99249618843,0.0,4453.99249618843,38987.6806255175,ra,0.0,0.0,-0.0,0.0,0.0,0.0,0.0,0.0,0.0,573.543,0.0,573.543,0
2.0,2.0,22.0,27.0,37060.499514109295,18323.8494067353,18736.650107374,9037.685965220891,4162.99183164668,4874.69413357421,60686.5331745626,ra,10.0,10.0,0.0,1635.0,1007.283,627.717,2611.3949999999995,2611.3949999999995,0.0,2140.1829999999995,2140.1829999999995,0.0,1
2.0,2.0,23.0,28.0,37058.9029265594,18323.1127403572,18735.7901862022,905.670862196634,0.17407320896991,905.496788987664,60687.5223097686,ra,14.0,0.0,14.0,2256.8059999999996,2140.2049999999995,116.601,2140.1829999999995,2140.1829999999995,0.0,0.0,0.0,0.0,1
2.0,2.0,0.0,29.0,23931.6001633626,12393.9415716933,11537.6585916693,2066.87595360883,2066.87595360883,0.0,74788.4585560346,link,0.0,0.0,0.0,0.0,0.0,0.0,0.0,0.0,0.0,266.153,266.153,0.0,0
3.0,2.0,0.0,30.0,27844.0,14880.0,12964.0,276.638796,0.0,276.638796,0.0,link,0.0,0.0,0.0,0.0,0.0,0.0,0.0,0.0,0.0,35.623,0.0,35.623,0
3.0,0.0,24.0,31.0,14880.0,14880.0,0.0,43.31568,43.31568,0.0,291.139117483826,ra,0.0,-0.0,0.0,0.0,0.0,0.0,0.0,0.0,0.0,5.578,5.578,0.0,0
3.0,1.0,25.0,32.0,12964.0,0.0,12964.0,50.78647,0.0,50.78647,391.789662717657,ra,9.0,0.0,9.0,1471.5,0.0,1471.5,1464.96,0.0,1464.96,0.0,0.0,0.0,1
3.0,2.0,1.0,33.0,27844.0,14880.0,12964.0,332.50104,332.50104,0.0,2525.71464164925,link,0.0,0.0,0.0,0.0,0.0,0.0,1470.538,5.578,1464.96,1513.354,48.394000000000005,1464.96,0
4.0,2.0,1.0,34.0,59761.3086274698,30037.3419745759,29723.9666528939,2541.48042300009,0.0,2541.48042300009,0.0,link,0.0,0.0,0.0,0.0,0.0,0.0,3442.5373707118215,1289.5072353559108,2153.0301353559107,3769.8053707118215,1289.5072353559108,2480.2981353559107,0
4.0,1.0,29.0,35.0,19741.1962074672,0.0,19741.1962074672,941.130780889781,0.0,941.130780889781,27421.918402147,ra,6.0,0.0,6.0,980.9999999999999,0.0,980.9999999999999,3012.8401353559107,0.0,3012.8401353559107,2153.0301353559107,0.0,2153.0301353559107,1
4.0,0.0,28.0,36.0,20188.7740020659,20188.7740020659,0.0,6913.40781708113,6913.40781708113,0.0,27456.2755376563,ra,0.0,-0.0,0.0,0.0,0.0,0.0,1289.5072353559108,1289.5072353559108,0.0,2179.7502353559107,2179.7502353559107,0.0,0
4.0,2.0,31.0,37.0,24242.04672144007,16011.0814154375,8230.96530600257,10336.618270691579,5459.80728965386,4876.81098103772,57952.4364496481,ra,0.0,0.0,-0.0,0.0,0.0,0.0,4564.600370711822,2179.7502353559107,2384.8501353559104,5895.652370711821,2882.81223535591,3012.8401353559107,0
4.0,2.0,30.0,38.0,24222.43641462717,16010.6884723873,8211.74794223987,2097.1816748164297,3.69851459408978,2093.48316022234,57975.5602403068,ra,1.0,1.0,0.0,163.50000000000003,163.50000000000003,0.0,4998.083370711821,2882.81223535591,2115.2711353559107,5104.63837071182,2719.7882353559103,2384.8501353559104,1
4.0,2.0,35.0,39.0,21337.9057816767,10925.6060783794,10412.2997032973,4724.82145770061,2596.38509090262,2128.43636679799,78476.4553474238,ra,0.0,-0.0,0.0,0.0,0.0,0.0,4560.979370711821,2719.7882353559103,1841.1911353559105,5169.397370711821,3054.1262353559105,2115.2711353559107,0
4.0,0.0,40.0,40.0,10876.9999980846,10876.9999980846,0.0,1976.66074396654,1976.66074396654,0.0,96645.2667353262,ra,0.0,-0.0,0.0,0.0,0.0,0.0,3054.1262353559105,3054.1262353559105,0.0,3308.6622353559105,3308.6622353559105,0.0,0
4.0,1.0,41.0,41.0,10239.998724531,0.0,10239.998724531,1817.26058482465,0.0,1817.26058482465,99246.7072366671,ra,0.0,0.0,-0.0,0.0,0.0,0.0,1607.1811353559108,0.0,1607.1811353559108,1841.1911353559105,0.0,1841.1911353559105,0
4.0,2.0,42.0,42.0,15349.44862342799,7293.1561007636,8056.29252266439,2244.8438549829193,2242.94471998322,1.89913499969935,124531.184689634,ra,6.0,6.0,0.0,981.0,578.426592498768,402.5734075012321,5318.171778213054,3308.6622353559105,2009.5095428571428,4626.241778213053,3019.0606428571427,1607.1811353559108,1
4.0,2.0,45.0,43.0,29499.9997821141,14928.9998128104,14570.9999693037,9965.39545782924,4949.37419030477,5016.02126752447,160563.715389321,ra,0.0,-0.0,0.0,0.0,0.0,0.0,4382.654185714286,3019.0606428571427,1363.5935428571431,5665.904185714286,3656.3946428571426,2009.5095428571428,0
4.0,2.0,49.0,44.0,29501.2496709625,14929.6109247903,14571.6387461722,7771.39511709413,964.25344768502,6807.14166940911,167022.616706975,ra,0.0,0.0,-0.0,0.0,0.0,0.0,4143.429185714285,3656.3946428571426,487.0345428571429,5144.155185714286,3780.5616428571425,1363.5935428571431,0
4.0,2.0,2.0,45.0,37135.979248738106,18661.9898553614,18473.9893933767,2580.11657231137,2580.11657231137,0.0,182066.45484822,link,0.0,0.0,0.0,0.0,0.0,0.0,4267.596185714286,3780.5616428571425,487.0345428571429,4599.839185714285,4112.804642857142,487.0345428571429,0
5.0,2.0,1.0,46.0,68793.7826224039,33913.4453688065,34880.3372535974,3843.82209257494,0.0,3843.82209257494,0.0,link,0.0,0.0,0.0,0.0,0.0,0.0,3251.6154894982747,1760.4056947491376,1491.2097947491372,3746.586489498275,1760.4056947491376,1986.1807947491372,0
5.0,1.0,26.0,47.0,36003.5240013336,0.0,36003.5240013336,3895.94746693039,0.0,3895.94746693039,10624.4240384357,ra,0.0,0.0,-0.0,0.0,0.0,0.0,989.5267947491375,0.0,989.5267947491375,1491.2097947491372,0.0,1491.2097947491372,0
5.0,0.0,27.0,48.0,32653.8009159093,32653.8009159093,0.0,4178.14177110393,4178.14177110393,0.0,12028.5386871855,ra,0.0,-0.0,0.0,0.0,0.0,0.0,1760.4056947491376,1760.4056947491376,0.0,2298.4276947491376,2298.4276947491376,0.0,0
5.0,2.0,32.0,49.0,33127.6679782642,16315.8916479239,16811.7763303403,9152.20454584315,5870.83645283758,3281.36809300557,39273.393575652,ra,28.0,0.0,28.0,4578.000000000002,1513.8582323601008,3064.1417676399005,5929.552257138175,2298.4276947491376,3631.1245623890377,2530.087257138174,1540.5604623890367,989.5267947491375,1
5.0,1.0,36.0,50.0,15728.3542233459,0.0,15728.3542233459,1275.7622080105,0.0,1275.7622080105,47330.3638647794,ra,0.0,0.0,-0.0,0.0,0.0,0.0,3466.8435623890377,0.0,3466.8435623890377,3631.1245623890377,0.0,3631.1245623890377,0
5.0,0.0,39.0,51.0,16181.0369578104,16181.0369578104,0.0,2402.71193975453,2402.71193975453,0.0,54808.4650706048,ra,0.0,-0.0,0.0,0.0,0.0,0.0,1540.5604623890367,1540.5604623890367,0.0,1849.9594623890368,1849.9594623890368,0.0,0
5.0,1.0,43.0,52.0,15425.0541977474,0.0,15425.0541977474,6550.91638851091,0.0,6550.91638851091,67696.5829264334,ra,0.0,0.0,-0.0,0.0,0.0,0.0,2623.278562389038,0.0,2623.278562389038,3466.8435623890377,0.0,3466.8435623890377,0
5.0,0.0,44.0,53.0,16743.9409701348,16743.9409701348,0.0,2188.52376611744,2188.52376611744,0.0,67916.7177403682,ra,0.0,-0.0,0.0,0.0,0.0,0.0,1849.9594623890368,1849.9594623890368,0.0,2131.7764623890366,2131.7764623890366,0.0,0
5.0,1.0,50.0,54.0,23926.8657512302,0.0,23926.8657512302,3865.03208223887,0.0,3865.03208223887,86150.6446371155,ra,0.0,0.0,-0.0,0.0,0.0,0.0,2125.5765623890375,0.0,2125.5765623890375,2623.278562389038,0.0,2623.278562389038,0
5.0,0.0,51.0,55.0,23976.5917239922,23976.5917239922,0.0,3863.2104401925,3863.2104401925,0.0,86198.2118888899,ra,0.0,-0.0,0.0,0.0,0.0,0.0,2131.7764623890366,2131.7764623890366,0.0,2629.2444623890365,2629.2444623890365,0.0,0
5.0,2.0,4.0,56.0,48295.9987384735,24204.9992554563,24090.9994830172,3849.65902876729,3849.65902876729,0.0,102115.051061861,link,0.0,0.0,0.0,0.0,0.0,0.0,4754.8210247780735,2629.2444623890365,2125.5765623890375,5250.544024778073,3124.9674623890364,2125.5765623890375,0
6.0,2.0,0.0,57.0,17593.52882743976,9370.08985369332,8223.43897374644,3280.58897165935,0.0,3280.58897165935,0.0,link,0.0,0.0,0.0,0.0,0.0,0.0,0.0,0.0,0.0,422.443,0.0,422.443,0
6.0,0.0,34.0,58.0,9440.70012643683,9440.70012643683,0.0,115.627916160566,115.627916160566,0.0,1229.56192943354,ra,0.0,-0.0,0.0,0.0,0.0,0.0,0.0,0.0,0.0,14.889,14.889,0.0,0
6.0,0.0,33.0,59.0,9685.7540713875,9685.7540713875,0.0,302.822447135245,302.822447135245,0.0,4398.31801694572,ra,0.0,-0.0,0.0,0.0,0.0,0.0,14.889,14.889,0.0,53.884,53.884,0.0,0
6.0,1.0,38.0,60.0,13533.1360897293,0.0,13533.1360897293,3267.26796433001,0.0,3267.26796433001,19100.037855584,ra,13.0,0.0,13.0,2125.4999999999995,0.0,2125.4999999999995,1704.7719999999997,0.0,1704.7719999999997,0.0,0.0,0.0,1
6.0,0.0,37.0,61.0,14150.2103751211,14150.2103751211,0.0,1803.67381185194,1803.67381185194,0.0,19123.3135023805,ra,0.0,-0.0,0.0,0.0,0.0,0.0,53.884,53.884,0.0,286.144,286.144,0.0,0
6.0,2.0,48.0,62.0,30972.8842403762,15986.2762154003,14986.6080249759,5468.1986435463505,3421.90944344568,2046.28920010067,42213.9465999939,ra,0.0,0.0,-0.0,7.327471962526033e-14,5.684341886080802e-14,1.6431300764452317e-14,1727.4139999999982,286.144,1441.2699999999982,2431.557,726.785,1704.7719999999997,0
6.0,2.0,3.0,63.0,43852.3829830634,22912.2538280909,20940.1291549725,3553.90060489654,3553.90060489654,0.0,60876.2242421798,link,0.0,0.0,0.0,0.0,0.0,0.0,2168.054999999998,726.785,1441.2699999999982,2625.6929999999984,1184.423,1441.2699999999982,0
7.0,2.0,0.0,64.0,11819.72883309257,5668.99952865367,6150.7293044389,2312.63273856917,0.0,2312.63273856917,0.0,link,0.0,0.0,0.0,0.0,0.0,0.0,0.0,0.0,0.0,297.799,0.0,297.799,0
7.0,2.0,46.0,65.0,16750.43996107374,8281.7922636936,8468.64769738014,443.9117156207323,439.374363225034,4.53735239569832,6667.95544755655,ra,13.0,13.0,0.0,2125.5,56.578,2068.922,2068.338,0.0,2068.338,0.0,0.0,0.0,1
7.0,2.0,47.0,66.0,16803.00194301874,8309.64474409952,8493.35719891922,469.00809295789134,4.43822753361236,464.569865424279,6721.47492677825,ra,0.0,0.0,-0.0,-1.1102230246251565e-16,-1.1102230246251565e-16,0.0,2008.5150000000003,0.0,2008.5150000000003,2068.9100000000003,0.5720000000000001,2068.338,0
7.0,2.0,2.0,67.0,31479.2646876848,14962.6751347339,16516.5895529509,2176.3869746183,2176.3869746183,0.0,25294.5418793567,link,0.0,0.0,0.0,0.0,0.0,0.0,2009.0870000000002,0.5720000000000001,2008.5150000000003,2289.3420000000006,280.827,2008.5150000000003,0
8.0,2.0,2.0,68.0,14782.3695846428,7482.84754160049,7299.52204304231,571.535173252439,0.0,571.535173252439,0.0,link,0.0,0.0,0.0,0.0,0.0,0.0,1082.9660000000001,1043.457,39.50900000000007,1156.563,1043.457,113.10600000000007,0
8.0,2.0,52.0,69.0,9208.20636712835,4168.18387658208,5040.02249054627,1091.488655298786,530.547783523534,560.940871775252,9055.82449812222,ra,7.0,7.0,0.0,1144.5,1111.776,32.72399999999993,1043.457,1043.457,0.0,39.50900000000007,0.0,39.50900000000007,1
8.0,2.0,0.0,70.0,9708.89067456805,5120.67365793185,4588.2170166362,557.603815055505,557.603815055505,0.0,21173.6853058851,link,0.0,0.0,0.0,0.0,0.0,0.0,0.0,0.0,0.0,71.803,71.803,0.0,0
9.0,2.0,2.0,71.0,31818.42313617,16104.8835451968,15713.5395909732,3261.48259711826,0.0,3261.48259711826,0.0,link,0.0,0.0,0.0,0.0,0.0,0.0,2195.054814285714,1791.384457142857,403.6703571428571,2615.037814285714,1791.384457142857,823.653357142857,0
9.0,2.0,55.0,72.0,36693.0558776816,18116.8086480647,18576.2472296169,5325.486521774041,2708.00089398014,2617.4856277939,15445.3717833973,ra,14.0,0.0,14.0,2289.0,2140.095457142857,148.9045428571429,2006.904357142857,1791.384457142857,215.5199,403.6703571428571,0.0,403.6703571428571,1
9.0,2.0,7.0,73.0,31601.8542643027,15291.9117888883,16309.9424754144,3142.32996782434,3142.32996782434,0.0,33157.1268468838,link,0.0,0.0,0.0,0.0,0.0,0.0,215.5199,0.0,215.5199,620.1599,404.64,215.5199,0
10.0,2.0,3.0,74.0,31606.6695639389,16070.5474552074,15536.1221087315,43.8140689321546,0.0,43.8140689321546,0.0,link,0.0,0.0,0.0,0.0,0.0,0.0,1540.8296073900533,1342.4805799999997,198.34902739005355,1546.4716073900531,1342.4805799999997,203.99102739005355,0
10.0,2.0,53.0,75.0,20482.292071415,10386.9656808517,10095.3263905633,3859.97837178184,1960.6175793948,1899.36079238704,14793.4065314786,ra,14.0,0.0,14.0,2289.0000000000027,1090.618070791902,1198.3819292081007,2494.629536598154,1342.4805799999997,1152.1489565981542,702.6815365981512,504.33250920809763,198.34902739005355,1
10.0,2.0,4.0,76.0,20473.6189956967,10382.5344994114,10091.0844962853,45.079640330005,45.079640330005,0.0,15227.5355211014,link,0.0,0.0,0.0,0.0,0.0,0.0,1656.481465806252,504.33250920809763,1152.1489565981542,1662.2864658062517,510.13750920809764,1152.1489565981542,0
11.0,2.0,3.0,77.0,48420.0541429227,24599.8231829302,23820.2309599925,1269.82131381751,0.0,1269.82131381751,0.0,link,0.0,0.0,0.0,0.0,0.0,0.0,2843.971979999998,806.0757136950268,2037.8962663049713,3007.487979999998,806.0757136950268,2201.412266304971,0
11.0,2.0,54.0,78.0,48814.9931722971,24295.4347117739,24519.5584605232,3388.4082292149897,1701.63127736504,1686.77695184995,6967.48714814497,ra,0.0,0.0,-0.0,-1.0658141036401503e-14,-6.714628852932947e-13,6.608047442568932e-13,2626.7649799999986,806.0757136950268,1820.6892663049716,3063.0919799999983,1025.1957136950273,2037.8962663049713,0
11.0,1.0,56.0,79.0,22284.9266194441,0.0,22284.9266194441,1685.09443322027,0.0,1685.09443322027,14053.3882390507,ra,0.0,0.0,-0.0,0.0,0.0,0.0,1603.6982663049714,0.0,1603.6982663049714,1820.6892663049716,0.0,1820.6892663049716,0
11.0,2.0,5.0,80.0,42919.8251598076,21285.3584845686,21634.466675239,2910.89526178855,2910.89526178855,0.0,19878.6900646546,link,0.0,0.0,0.0,0.0,0.0,0.0,2628.893979999999,1025.1957136950273,1603.6982663049714,3003.7319799999987,1400.033713695027,1603.6982663049714,0
12.0,2.0,4.0,81.0,53131.6723320628,26537.1834811746,26594.4888508882,1562.32443000799,0.0,1562.32443000799,0.0,link,0.0,0.0,0.0,0.0,0.0,0.0,4437.92774722696,2429.423303118451,2008.5044441085086,4639.108747226959,2429.423303118451,2209.6854441085084,0
12.0,0.0,58.0,82.0,22288.895823896,22288.895823896,0.0,3364.25769729557,3364.25769729557,0.0,13722.6357161214,ra,0.0,-0.0,0.0,5.773159728050814e-14,5.773159728050814e-14,0.0,2429.423303118451,2429.423303118451,0.0,2862.640303118451,2862.640303118451,0.0,0
12.0,1.0,57.0,83.0,22492.6689728353,0.0,22492.6689728353,3393.5923031971,0.0,3393.5923031971,13775.3691799331,ra,0.0,0.0,-0.0,0.0,0.0,0.0,1571.5094441085084,0.0,1571.5094441085084,2008.5044441085086,0.0,2008.5044441085086,0
12.0,2.0,5.0,84.0,44751.0771921405,22273.0392762582,22478.0379158823,1559.84087923299,1559.84087923299,0.0,20725.0958331826,link,0.0,0.0,0.0,0.0,0.0,0.0,4434.149747226959,2862.640303118451,1571.5094441085084,4635.011747226959,3063.5023031184505,1571.5094441085084,0
13.0,2.0,4.0,85.0,25987.610544625597,13119.3784455626,12868.232099063,1205.38349046939,0.0,1205.38349046939,0.0,link,0.0,0.0,0.0,0.0,0.0,0.0,3400.292938803468,1846.5762662017344,1553.7166726017335,3555.510938803468,1846.5762662017344,1708.9346726017336,0
13.0,2.0,59.0,86.0,13974.00634747334,7033.00411775856,6941.00222971478,6883.850493770729,3777.52597161839,3106.32452215234,36309.8952864744,ra,0.0,0.0,-0.0,0.0,0.0,0.0,3000.289938803468,1846.5762662017344,1153.7136726017336,3886.7269388034683,2333.010266201735,1553.7166726017335,0
13.0,1.0,63.0,87.0,7362.49465739319,0.0,7362.49465739319,661.497609325267,0.0,661.497609325267,54986.8926639146,ra,0.0,0.0,-0.0,0.0,0.0,0.0,1068.5326726017336,0.0,1068.5326726017336,1153.7136726017336,0.0,1153.7136726017336,0
13.0,0.0,62.0,88.0,7963.31449008736,7963.31449008736,0.0,1395.608479293,1395.608479293,0.0,55258.2918559062,ra,0.0,-0.0,0.0,0.0,0.0,0.0,2333.010266201735,2333.010266201735,0.0,2512.7232662017345,2512.7232662017345,0.0,0
13.0,2.0,70.0,89.0,20915.585370117602,10623.7234191176,10291.861951,6679.2986941238505,3389.00409366516,3290.29460045869,85720.8848871018,ra,0.0,0.0,-0.0,0.0,0.0,0.0,3157.562938803468,2512.7232662017345,644.8396726017337,4017.6599388034674,2949.1272662017336,1068.5326726017336,0
13.0,1.0,71.0,90.0,10312.6666929756,0.0,10312.6666929756,1325.87027770041,0.0,1325.87027770041,92148.0377185692,ra,0.0,0.0,-0.0,0.0,0.0,0.0,474.10667260173375,0.0,474.10667260173375,644.8396726017337,0.0,644.8396726017337,0
13.0,0.0,75.0,91.0,10865.4133062023,10865.4133062023,0.0,2225.2267853651,2225.2267853651,0.0,106351.198252807,ra,0.0,-0.0,0.0,0.0,0.0,0.0,2949.1272662017336,2949.1272662017336,0.0,3235.6712662017335,3235.6712662017335,0.0,0
13.0,2.0,80.0,92.0,21769.3135715549,10924.7717317326,10844.5418398223,5231.40590135432,1587.86020641778,3643.54569493654,121274.128299309,ra,24.0,0.0,24.0,3923.9999999999995,3379.218966201733,544.7810337982665,3785.3779726017337,3235.6712662017335,549.7067064000004,535.0289726017337,60.9223,474.10667260173375,1
13.0,2.0,8.0,93.0,20326.8379673694,10049.6549230906,10277.1830442788,1199.97066882623,1199.97066882623,0.0,132616.969219855,link,0.0,0.0,0.0,0.0,0.0,0.0,610.6290064000003,60.9223,549.7067064000004,765.1500064000004,215.4433,549.7067064000004,0
14.0,2.0,5.0,94.0,94497.8226477467,47019.266876753,47478.5557709937,936.342520757964,0.0,936.342520757964,0.0,link,0.0,0.0,0.0,0.0,0.0,0.0,6703.118306399998,4056.0098063999976,2647.1085000000003,6823.691306399997,4056.0098063999976,2767.6814999999997,0
14.0,0.0,61.0,95.0,46935.1899031602,46935.1899031602,0.0,2174.78874504217,2174.78874504217,0.0,4629.48262057162,ra,0.0,-0.0,0.0,0.0,0.0,0.0,4056.0098063999976,4056.0098063999976,0.0,4336.058806399997,4336.058806399997,0.0,0
14.0,1.0,60.0,96.0,47664.7520038718,0.0,47664.7520038718,2204.32457448694,0.0,2204.32457448694,4633.73189838993,ra,0.0,0.0,-0.0,0.0,0.0,0.0,2363.2565,0.0,2363.2565,2647.1085000000003,0.0,2647.1085000000003,0
14.0,2.0,6.0,97.0,94641.6911720278,46900.6207445268,47741.070427501,922.919420502059,922.919420502059,0.0,6596.60038925666,link,0.0,0.0,0.0,0.0,0.0,0.0,6699.315306399996,4336.058806399997,2363.2565,6818.160306399997,4454.903806399997,2363.2565,0
15.0,2.0,6.0,98.0,75207.4913410466,44538.3019109056,30669.189430141,1884.85015181653,0.0,1884.85015181653,0.0,link,0.0,0.0,0.0,0.0,0.0,0.0,4888.858403199999,4049.8454031999986,839.013,5131.571403199999,4049.8454031999986,1081.726,0
15.0,1.0,64.0,99.0,16721.3274524539,0.0,16721.3274524539,6515.56424199958,0.0,6515.56424199958,25738.7432238461,ra,0.0,0.0,-0.0,0.0,0.0,0.0,0.0,0.0,0.0,839.013,0.0,839.013,0
15.0,0.0,65.0,100.0,16271.068415411,16271.068415411,0.0,7891.47329091754,7891.47329091754,0.0,25740.9022185623,ra,31.0,31.0,0.0,5066.034403199998,5066.034403199998,0.0,4049.8454031999986,4049.8454031999986,0.0,0.0,0.0,0.0,1
15.0,2.0,0.0,101.0,10998.09198493645,5379.56194516866,5618.53003976779,1825.01257049708,1825.01257049708,0.0,48631.178555929,link,0.0,0.0,0.0,0.0,0.0,0.0,0.0,0.0,0.0,235.008,235.008,0.0,0
16.0,2.0,6.0,102.0,79740.5667298025,40135.9531021025,39604.6136277,2800.89558131599,0.0,2800.89558131599,0.0,link,0.0,0.0,0.0,0.0,0.0,0.0,6052.428903199998,2768.3149031999983,3284.1139999999996,6413.101903199998,2768.3149031999983,3644.7869999999994,0
16.0,1.0,66.0,103.0,29014.9759926702,0.0,29014.9759926702,4194.66206610603,0.0,4194.66206610603,12316.8385533337,ra,0.0,0.0,-0.0,0.0,0.0,0.0,2743.9649999999997,0.0,2743.9649999999997,3284.1139999999996,0.0,3284.1139999999996,0
16.0,0.0,67.0,104.0,29278.0080852545,29278.0080852545,0.0,4585.78782260726,4585.78782260726,0.0,12575.9466885105,ra,0.0,-0.0,0.0,0.0,0.0,0.0,2768.3149031999983,2768.3149031999983,0.0,3358.828903199998,3358.828903199998,0.0,0
16.0,0.0,72.0,105.0,28145.026567285,28145.026567285,0.0,3642.99524799985,3642.99524799985,0.0,25449.0803158335,ra,0.0,-0.0,0.0,0.0,0.0,0.0,3358.828903199998,3358.828903199998,0.0,3827.939903199998,3827.939903199998,0.0,0
16.0,1.0,74.0,106.0,25731.8558288299,0.0,25731.8558288299,3150.32793358614,0.0,3150.32793358614,32933.7519739179,ra,0.0,0.0,-0.0,0.0,0.0,0.0,2338.296,0.0,2338.296,2743.9649999999997,0.0,2743.9649999999997,0
16.0,0.0,76.0,107.0,25418.7221777421,25418.7221777421,0.0,6370.06870476076,6370.06870476076,0.0,49497.4689014342,ra,0.0,-0.0,0.0,0.0,0.0,0.0,3827.939903199998,3827.939903199998,0.0,4648.216903199998,4648.216903199998,0.0,0
16.0,1.0,77.0,108.0,25469.3693020146,0.0,25469.3693020146,3629.48335037293,0.0,3629.48335037293,49565.5184208006,ra,0.0,0.0,-0.0,0.0,0.0,0.0,1870.925,0.0,1870.925,2338.296,0.0,2338.296,0
16.0,1.0,82.0,109.0,26935.5497477119,0.0,26935.5497477119,4731.07688196937,0.0,4731.07688196937,67595.9687520987,ra,0.0,0.0,-0.0,0.0,0.0,0.0,1261.702,0.0,1261.702,1870.925,0.0,1870.925,0
16.0,0.0,83.0,110.0,27462.4751098044,27462.4751098044,0.0,5057.1026374567,5057.1026374567,0.0,68666.0746432526,ra,12.0,12.0,0.0,1961.9999999999998,1961.9999999999998,0.0,4648.216903199998,4648.216903199998,0.0,3337.4229031999985,3337.4229031999985,0.0,1
16.0,1.0,86.0,111.0,27163.1527528195,0.0,27163.1527528195,4196.37690745412,0.0,4196.37690745412,81021.8926734055,ra,0.0,0.0,-0.0,0.0,0.0,0.0,721.332,0.0,721.332,1261.702,0.0,1261.702,0
16.0,0.0,89.0,112.0,29187.9984476255,29187.9984476255,0.0,6653.92810326968,6653.92810326968,0.0,92123.379066016,ra,0.0,-0.0,0.0,0.0,0.0,0.0,3337.4229031999985,3337.4229031999985,0.0,4194.252903199998,4194.252903199998,0.0,0
16.0,1.0,90.0,113.0,28376.9986665812,0.0,28376.9986665812,5601.68477510965,0.0,5601.68477510965,92203.5095301381,ra,0.0,0.0,-0.0,0.0,0.0,0.0,0.0,0.0,0.0,721.332,0.0,721.332,0
16.0,2.0,94.0,114.0,71124.20344709541,35553.8279012094,35570.375545886,8755.2397188011,4299.63877333859,4455.60094546251,106046.116569043,ra,30.0,0.0,30.0,4904.999999999998,2641.247164847058,2263.752835152941,5884.255738352939,4194.252903199998,1690.002835152941,2106.6727383529415,2106.6727383529415,0.0,1
16.0,2.0,12.0,115.0,71147.99996754559,35564.9999847632,35582.9999827824,2799.48715587504,2799.48715587504,0.0,113917.810760995,link,0.0,0.0,0.0,0.0,0.0,0.0,3796.6755735058823,2106.6727383529415,1690.002835152941,4157.1675735058825,2467.1647383529416,1690.002835152941,0
18.0,2.0,7.0,118.0,26949.9999999978,13587.9999999988,13361.999999999,1262.35088868617,0.0,1262.35088868617,0.0,link,0.0,0.0,0.0,0.0,0.0,0.0,360.7715,360.7715,0.0,523.3255,360.7715,162.554,0
18.0,0.0,68.0,119.0,13587.9186189986,13587.9186189986,0.0,1673.78287195478,1673.78287195478,0.0,12318.1380453438,ra,0.0,-0.0,0.0,0.0,0.0,0.0,360.7715,360.7715,0.0,576.3054999999999,576.3054999999999,0.0,0
18.0,1.0,69.0,120.0,13361.9322654755,0.0,13361.9322654755,3620.13302138755,0.0,3620.13302138755,12346.3056788137,ra,20.0,0.0,20.0,3270.0000000000005,0.0,3270.0000000000005,2803.833,0.0,2803.833,0.0,0.0,0.0,1
18.0,2.0,73.0,121.0,21133.145613699402,10354.0731302489,10779.0724834505,3099.0639764515,1773.46409345857,1325.59988299293,27186.3293839123,ra,5.0,5.0,0.0,817.5,512.6573330000011,304.84266699999887,3514.2831669999987,576.3054999999999,2937.9776669999987,3095.851166999999,292.01816699999887,2803.833,1
18.0,2.0,81.0,122.0,17024.72901544851,8263.2955761644,8761.43343928411,10407.12701858784,5132.59342206241,5274.53359652543,76811.9776614867,ra,0.0,-0.0,0.0,0.0,0.0,0.0,2550.7908339999985,292.01816699999887,2258.7726669999997,3890.9228339999977,952.945166999999,2937.9776669999987,0
18.0,0.0,84.0,123.0,7912.19781312535,7912.19781312535,0.0,1219.94777274037,1219.94777274037,0.0,91803.7907317536,ra,0.0,-0.0,0.0,0.0,0.0,0.0,952.945166999999,952.945166999999,0.0,1110.038166999999,1110.038166999999,0.0,0
18.0,1.0,85.0,124.0,8875.83878859374,0.0,8875.83878859374,1785.78492380043,0.0,1785.78492380043,91872.4611970398,ra,0.0,0.0,-0.0,0.0,0.0,0.0,2028.8156669999996,0.0,2028.8156669999996,2258.7726669999997,0.0,2258.7726669999997,0
18.0,2.0,92.0,125.0,47292.9371799686,22515.082655355,24777.8545246136,4754.45243720846,3104.7402940347,1649.71214317376,121334.732705969,ra,9.0,9.0,0.0,1471.5,1316.7522439230765,154.74775607692334,3081.1675900769224,1110.038166999999,1971.129423076923,2221.900590076922,193.0849230769224,2028.8156669999996,1
18.0,2.0,11.0,126.0,53098.002767233804,24816.3642256391,28281.6385415947,1125.0783643968,1125.0783643968,0.0,126075.531741563,link,0.0,0.0,0.0,0.0,0.0,0.0,2164.2143461538453,193.0849230769224,1971.129423076923,2309.0913461538457,337.9619230769224,1971.129423076923,0
19.0,2.0,7.0,127.0,19888.0,9830.0,10058.0,1832.522339,0.0,1832.522339,0.0,link,0.0,0.0,0.0,0.0,0.0,0.0,226.8776,226.8776,0.0,462.8526,226.8776,235.975,0
19.0,2.0,0.0,128.0,19888.0,9830.0,10058.0,1790.981765,1790.981765,0.0,18219.577121931,link,0.0,0.0,0.0,0.0,0.0,0.0,226.8776,226.8776,0.0,457.5036,457.5036,0.0,0
20.0,2.0,0.0,129.0,19481.0003447438,9701.00019990513,9780.00014483867,1585.94680206363,0.0,1585.94680206363,0.0,link,0.0,0.0,0.0,0.0,0.0,0.0,0.0,0.0,0.0,204.223,0.0,204.223,0
20.0,0.0,78.0,130.0,10133.9989103389,10133.9989103389,0.0,2201.81082897895,2201.81082897895,0.0,22308.8999344534,ra,2.0,2.0,0.0,283.528,283.528,0.0,0.0,0.0,0.0,0.0,0.0,0.0,1
20.0,1.0,79.0,131.0,10094.128472639,0.0,10094.128472639,2214.67932713437,0.0,2214.67932713437,22364.4498639692,ra,6.0,0.0,6.0,921.5348477041421,0.0,921.5348477041421,636.3498477041421,0.0,636.3498477041421,0.0,0.0,0.0,1
20.0,2.0,8.0,132.0,21962.979690817003,10983.9900500203,10978.9896407967,1594.24397947735,1594.24397947735,0.0,37253.2284842051,link,0.0,0.0,0.0,0.0,0.0,0.0,636.3498477041421,0.0,636.3498477041421,841.6418477041422,205.292,636.3498477041421,0
21.0,2.0,8.0,133.0,21649.000000000102,11074.0,10575.0000000001,371.58433599978,0.0,371.58433599978,0.0,link,0.0,0.0,0.0,0.0,0.0,0.0,772.1094407289936,538.7876872875739,233.32175344141962,819.9584407289935,538.7876872875739,281.1707534414196,0
21.0,2.0,87.0,134.0,23288.9999999286,11776.9999999694,11511.9999999592,6542.5877927048805,3329.21173105459,3213.37606165029,29246.6421925882,ra,16.0,0.0,16.0,2616.0000000000005,967.491687287574,1648.5083127124265,2006.82975344142,538.7876872875739,1468.042066153846,233.32175344141962,0.0,233.32175344141962,1
21.0,2.0,10.0,135.0,23288.9999999998,11776.9999999999,11511.9999999999,380.138005999835,380.138005999835,0.0,32474.4736101551,link,0.0,0.0,0.0,0.0,0.0,0.0,1468.0420661538456,0.0,1468.0420661538456,1516.993066153846,48.951,1468.042066153846,0
22.0,2.0,8.0,136.0,18089.34980232114,9293.63667702267,8795.71312529847,2541.60361777734,0.0,2541.60361777734,0.0,link,0.0,0.0,0.0,0.0,0.0,0.0,1180.710964871005,184.44402391242514,996.2669409585799,1507.9949648710049,184.4440239124251,1323.5509409585798,0
22.0,2.0,9.0,137.0,22551.7599214391,11229.4921808602,11322.2677405789,2598.64030591273,2598.64030591273,0.0,25496.1440920557,link,0.0,0.0,0.0,0.0,0.0,0.0,1180.7109648710048,184.4440239124251,996.2669409585795,1515.338964871005,519.0720239124252,996.2669409585799,0
24.0,2.0,9.0,140.0,25786.108144857702,12922.6073175015,12863.5008273562,310.22506737586,0.0,310.22506737586,0.0,link,0.0,0.0,0.0,0.0,0.0,0.0,2645.949076047652,1377.0615911166858,1268.8874849309664,2685.897076047652,1377.0615911166858,1308.835484930966,0
24.0,0.0,88.0,141.0,12911.6129537198,12911.6129537198,0.0,904.521486357201,904.521486357201,0.0,7001.12487688288,ra,0.0,-0.0,0.0,0.0,0.0,0.0,1377.0615911166858,1377.0615911166858,0.0,1493.537591116686,1493.537591116686,0.0,0
24.0,1.0,91.0,142.0,12797.6950404071,0.0,12797.6950404071,2112.95769776524,0.0,2112.95769776524,10447.761196687,ra,0.0,0.0,-0.0,0.0,0.0,0.0,996.8004849309663,0.0,996.8004849309663,1268.8874849309664,0.0,1268.8874849309664,0
24.0,0.0,97.0,143.0,9570.73893282761,9570.73893282761,0.0,2755.77301226508,2755.77301226508,0.0,30840.5691895132,ra,0.0,-0.0,0.0,0.0,0.0,0.0,1493.537591116686,1493.537591116686,0.0,1848.399591116686,1848.399591116686,0.0,0
24.0,1.0,98.0,144.0,9946.42620888775,0.0,9946.42620888775,2231.33572547577,0.0,2231.33572547577,30857.3340619152,ra,0.0,0.0,-0.0,0.0,0.0,0.0,709.4704849309662,0.0,709.4704849309662,996.8004849309663,0.0,996.8004849309663,0
24.0,2.0,108.0,145.0,15887.70615160749,7870.70573058493,8017.00042102256,4501.986650504179,2168.3895853448,2333.59706515938,55766.1486133563,ra,12.0,12.0,0.0,1961.9999999999998,851.3953009309657,1110.604699069034,3367.9757751166862,1848.399591116686,1519.576184,1985.6997751166862,1276.22929018572,709.4704849309662,1
24.0,2.0,114.0,146.0,28294.0206982518,14163.5504368669,14130.4702613849,3453.81695206723,2111.30760238217,1342.50934968506,76000.7341358558,ra,0.0,0.0,-0.0,0.0,0.0,0.0,2622.92947418572,1276.22929018572,1346.7001840000003,3067.67947418572,1548.1032901857202,1519.576184,0
24.0,2.0,15.0,147.0,28738.6713502246,14383.3123439625,14355.3590062621,310.87767950128,310.87767950128,0.0,78175.474803374,link,0.0,0.0,0.0,0.0,0.0,0.0,2894.8034741857205,1548.1032901857202,1346.7001840000003,2934.83547418572,1588.1352901857201,1346.7001840000003,0
25.0,2.0,9.0,148.0,18444.994544675952,9036.99752648209,9407.99701819386,3162.57397865205,0.0,3162.57397865205,0.0,link,0.0,0.0,0.0,0.0,0.0,0.0,1561.713958306587,711.7694675373564,849.9444907692307,1968.9599583065874,711.7694675373565,1257.190490769231,0
25.0,2.0,10.0,149.0,19006.7279100321,9665.34291491844,9341.38499511366,3137.60809841466,3137.60809841466,0.0,35248.1726115327,link,0.0,0.0,0.0,0.0,0.0,0.0,1561.7139583065873,711.7694675373565,849.9444907692307,1965.7459583065872,1115.8014675373565,849.9444907692307,0
26.0,2.0,10.0,150.0,39799.090315948604,19727.656489473,20071.4338264756,5432.50664953123,0.0,5432.50664953123,0.0,link,0.0,0.0,0.0,0.0,0.0,0.0,2280.337304460433,891.7363275373566,1388.6009769230768,2979.8843044604337,891.7363275373566,2088.147976923077,0
26.0,2.0,11.0,151.0,61239.0276416527,31319.7944712375,29919.2331704152,5527.09879983652,5527.09879983652,0.0,24120.7762535988,link,0.0,0.0,0.0,0.0,0.0,0.0,2280.337304460433,891.7363275373566,1388.6009769230768,2992.0653044604333,1603.4643275373564,1388.6009769230768,0
27.0,2.0,11.0,152.0,68446.95855219441,33632.3321209786,34814.6264312158,4475.01586176286,0.0,4475.01586176286,0.0,link,0.0,0.0,0.0,0.0,0.0,0.0,4215.940453877144,1085.5716522457114,3130.3688016314327,4792.190453877144,1085.5716522457114,3706.6188016314327,0
27.0,0.0,99.0,153.0,29715.9548515929,29715.9548515929,0.0,4959.0509597815,4959.0509597815,0.0,15398.2814879574,ra,0.0,-0.0,0.0,0.0,0.0,0.0,1085.5716522457114,1085.5716522457114,0.0,1724.1516522457116,1724.1516522457116,0.0,0
27.0,1.0,100.0,154.0,27462.2259431798,0.0,27462.2259431798,4427.60002896918,0.0,4427.60002896918,15788.2300471589,ra,0.0,0.0,-0.0,0.0,0.0,0.0,2560.2238016314327,0.0,2560.2238016314327,3130.3688016314327,0.0,3130.3688016314327,0
27.0,2.0,107.0,155.0,39803.000772140804,18775.2599855575,21027.7407865833,8521.51974910427,4077.761723511,4443.75802559327,32030.5850885025,ra,0.0,0.0,-0.0,0.0,0.0,0.0,3712.1504538771433,1724.1516522457116,1987.998801631432,4809.471453877144,2249.247652245712,2560.2238016314327,0
27.0,0.0,111.0,156.0,14923.34787731,14923.34787731,0.0,3332.68370370798,3332.68370370798,0.0,51994.455333056,ra,0.0,-0.0,0.0,0.0,0.0,0.0,2249.247652245712,2249.247652245712,0.0,2678.3996522457123,2678.3996522457123,0.0,0
27.0,1.0,110.0,157.0,16064.7865328213,0.0,16064.7865328213,3656.83050998601,0.0,3656.83050998601,52217.7859827402,ra,0.0,0.0,-0.0,0.0,0.0,0.0,1517.106801631432,0.0,1517.106801631432,1987.998801631432,0.0,1987.998801631432,0
27.0,2.0,113.0,158.0,28115.7326932638,13396.479626617,14719.2530666468,8182.361978154309,4151.77442489818,4030.58755325613,80453.8359529617,ra,4.0,0.0,4.0,654.0000000000002,654.0000000000002,0.0,3676.485453877144,2678.3996522457123,998.0858016314319,4076.132453877144,2559.025652245712,1517.106801631432,1
27.0,0.0,115.0,159.0,16210.1141141057,16210.1141141057,0.0,2741.86480754644,2741.86480754644,0.0,99290.1862589441,ra,0.0,-0.0,0.0,0.0,0.0,0.0,2559.025652245712,2559.025652245712,0.0,2912.096652245712,2912.096652245712,0.0,0
27.0,2.0,116.0,160.0,34177.789667498,16266.7915147338,17910.9981527642,6377.1162856009105,1294.98984691301,5082.1264386879,107271.26953268,ra,11.0,0.0,11.0,1798.5,810.3690795571438,988.1309204428561,4243.88537432,2912.096652245712,1331.788722074288,3266.5703743199997,2268.484572688568,998.0858016314319,1
27.0,2.0,15.0,161.0,39893.9999998457,18725.9999999336,21167.9999999121,3972.00678523747,3972.00678523747,0.0,128894.513137464,link,0.0,0.0,0.0,0.0,0.0,0.0,3600.2732947628556,2268.484572688568,1331.788722074288,4111.751294762856,2779.962572688568,1331.788722074288,0
28.0,2.0,11.0,162.0,61992.2787513973,31725.312247826,30266.9665035713,2390.70224064613,0.0,2390.70224064613,0.0,link,0.0,0.0,0.0,0.0,0.0,0.0,2750.3849999999993,2130.4899999999993,619.895,3058.236999999999,2130.4899999999993,927.747,0
28.0,0.0,93.0,163.0,30439.2241679383,30439.2241679383,0.0,1072.78335284043,1072.78335284043,0.0,3445.55910715547,ra,0.0,-0.0,0.0,3.552713678800501e-15,3.552713678800501e-15,0.0,2130.4899999999993,2130.4899999999993,0.0,2268.6329999999994,2268.6329999999994,0.0,0
28.0,0.0,95.0,164.0,18498.9087746208,18498.9087746208,0.0,3967.26574657,3967.26574657,0.0,21968.3457181098,ra,17.0,17.0,0.0,2779.499999999999,2779.499999999999,0.0,2268.6329999999994,2268.6329999999994,0.0,0.0,0.0,0.0,1
28.0,1.0,96.0,165.0,17419.1863324911,0.0,17419.1863324911,4813.95264377551,0.0,4813.95264377551,22264.116411145,ra,0.0,0.0,-0.0,0.0,0.0,0.0,0.0,0.0,0.0,619.895,0.0,619.895,0
28.0,2.0,0.0,166.0,16044.98321671642,8425.39921826346,7619.58399845296,2682.96218463007,2682.96218463007,0.0,40879.2796779836,link,0.0,0.0,0.0,0.0,0.0,0.0,0.0,0.0,0.0,345.487,345.487,0.0,0
30.0,2.0,12.0,169.0,31173.0077127878,15334.6891591729,15838.3185536149,1373.0223382835,0.0,1373.0223382835,0.0,link,0.0,0.0,0.0,0.0,0.0,0.0,2214.2528279999997,1193.765868,1020.48696,2391.057828,1193.765868,1197.29196,0
30.0,0.0,101.0,170.0,15342.1685357064,15342.1685357064,0.0,288.700229956651,288.700229956651,0.0,1882.30501330568,ra,0.0,-0.0,0.0,0.0,0.0,0.0,1193.765868,1193.765868,0.0,1230.9418679999999,1230.9418679999999,0.0,0
30.0,1.0,102.0,171.0,15008.3801891543,0.0,15008.3801891543,2426.9547057033,0.0,2426.9547057033,15325.3757236118,ra,0.0,0.0,-0.0,0.0,0.0,0.0,707.96696,0.0,707.96696,1020.48696,0.0,1020.48696,0
30.0,0.0,103.0,172.0,14615.1043928834,14615.1043928834,0.0,2123.5391790608,2123.5391790608,0.0,15632.2115214018,ra,0.0,-0.0,0.0,0.0,0.0,0.0,1230.9418679999999,1230.9418679999999,0.0,1504.390868,1504.390868,0.0,0
30.0,2.0,13.0,173.0,18934.3901725728,9143.1385769236,9791.2515956492,1268.11665537119,1268.11665537119,0.0,27311.5905726122,link,0.0,0.0,0.0,0.0,0.0,0.0,2212.357828,1504.390868,707.96696,2375.6538279999995,1667.6868679999998,707.96696,0
31.0,2.0,12.0,174.0,61211.2617744492,30941.9007084376,30269.3610660116,584.87883138558,0.0,584.87883138558,0.0,link,0.0,0.0,0.0,0.0,0.0,0.0,3729.4826384941175,2292.7428168470587,1436.7398216470588,3804.7976384941176,2292.7428168470587,1512.0548216470588,0
31.0,1.0,106.0,175.0,29780.0349085717,0.0,29780.0349085717,3637.7163502508,0.0,3637.7163502508,10173.7794302971,ra,0.0,0.0,-0.0,0.0,0.0,0.0,968.3088216470587,0.0,968.3088216470587,1436.7398216470588,0.0,1436.7398216470588,0
31.0,0.0,105.0,176.0,30402.9541425937,30402.9541425937,0.0,3119.85205801169,3119.85205801169,0.0,10175.4293545811,ra,0.0,-0.0,0.0,0.0,0.0,0.0,2292.7428168470587,2292.7428168470587,0.0,2694.487816847059,2694.487816847059,0.0,0
31.0,2.0,109.0,177.0,62402.9342497772,31525.7279110326,30877.2063387446,6816.57046321175,3762.41918739273,3054.15127581902,22337.1483709023,ra,19.0,19.0,0.0,3106.5000000000005,3098.659021647059,7.840978352941221,3277.352616847059,2694.487816847059,582.8648000000001,1048.6266168470586,80.31779519999986,968.3088216470587,1
31.0,2.0,14.0,178.0,62766.261417807,31611.057809806,31155.203608001,595.148026243029,595.148026243029,0.0,24222.213413882,link,0.0,0.0,0.0,0.0,0.0,0.0,663.1825951999999,80.31779519999986,582.8648000000001,739.8205952,156.95579519999987,582.8648000000001,0
32.0,2.0,13.0,179.0,24034.0,12223.0,11811.0,4986.62400523132,0.0,4986.62400523132,0.0,link,0.0,0.0,0.0,0.0,0.0,0.0,1733.5238279999999,1667.6868679999998,65.83696,2375.6538279999995,1667.6868679999998,707.96696,0
32.0,2.0,104.0,180.0,24034.0000000012,12223.0000000006,11811.0000000006,545.6198680000059,277.486546000003,268.133322000003,2270.21285318104,ra,16.0,0.0,16.0,2616.0,1582.88674,1033.1132599999999,2732.1090879999997,1667.6868679999998,1064.42222,186.36908799999998,120.53212799999999,65.83696,1
32.0,2.0,16.0,181.0,35472.0,17897.0,17575.0,5106.43524839964,5106.43524839964,0.0,35413.5690178666,link,0.0,0.0,0.0,0.0,0.0,0.0,1184.954348,120.53212799999999,1064.42222,1842.513348,778.091128,1064.42222,0
33.0,2.0,14.0,182.0,25491.3919282071,13297.3329457903,12194.0589824168,2901.96451332052,0.0,2901.96451332052,0.0,link,0.0,0.0,0.0,0.0,0.0,0.0,201.066,201.066,0.0,574.754,201.066,373.688,0
33.0,2.0,0.0,183.0,27433.9391849649,13761.9854531938,13671.9537317711,3014.56661334824,3014.56661334824,0.0,22213.6117866395,link,0.0,0.0,0.0,0.0,0.0,0.0,201.066,201.066,0.0,589.253,589.253,0.0,0
34.0,2.0,14.0,184.0,40290.9817282687,40289.5340857765,1.44764249220084,4807.99244961434,0.0,4807.99244961434,0.0,link,0.0,0.0,0.0,0.0,0.0,0.0,365.84099519999984,365.84099519999984,0.0,984.9689951999999,365.84099519999984,619.128,0
34.0,2.0,112.0,185.0,40084.6794214896,20069.2583308031,20015.4210906865,5879.593873458731,4738.49168603675,1141.10218742198,14615.9886216738,ra,9.0,9.0,0.0,1471.4999999999998,956.5469951999999,514.9530047999999,733.8539999999998,365.84099519999984,368.0130048,19.47199999999998,19.47199999999998,0.0,1
34.0,0.0,120.0,186.0,19233.9789959859,19233.9789959859,0.0,2388.18736449935,2388.18736449935,0.0,26934.1491638682,ra,2.0,2.0,0.0,327.0,327.0,0.0,19.47199999999998,19.47199999999998,0.0,0.0,0.0,0.0,1
34.0,2.0,20.0,187.0,42848.933143860995,20473.5804606555,22375.3526832055,2247.13462765847,2247.13462765847,0.0,38220.8594846279,link,0.0,0.0,0.0,0.0,0.0,0.0,368.0130048,0.0,368.0130048,657.3780048,289.365,368.0130048,0
35.0,2.0,0.0,188.0,13637.0,6766.0,6871.0,2412.0267595,0.0,2412.0267595,0.0,link,0.0,0.0,0.0,0.0,0.0,0.0,535.2609799999999,0.0,535.2609799999999,845.85898,0.0,845.85898,0
35.0,2.0,16.0,189.0,13637.0,6766.0,6871.0,2375.167087,2375.167087,0.0,35104.4629542217,link,0.0,0.0,0.0,0.0,0.0,0.0,535.2609799999999,0.0,535.2609799999999,841.1129799999999,305.852,535.2609799999999,0
36.0,2.0,15.0,190.0,63592.0,31158.0,32434.0,1263.515121,0.0,1263.515121,0.0,link,0.0,0.0,0.0,0.0,0.0,0.0,4574.340376799999,3213.326666799999,1361.01371,4737.0443768,3213.3266667999997,1523.7177100000001,0
36.0,0.0,121.0,191.0,31158.0,31158.0,0.0,1862.749872,1862.749872,0.0,5978.40628225615,ra,21.0,21.0,0.0,3433.5,3433.5,0.0,3213.3266667999997,3213.3266667999997,0.0,19.693666799999562,19.693666799999562,0.0,1
36.0,1.0,122.0,192.0,32434.0,0.0,32434.0,2232.999815,0.0,2232.999815,6884.76410576914,ra,0.0,0.0,-0.0,0.0,0.0,0.0,1073.4687099999999,0.0,1073.4687099999999,1361.01371,0.0,1361.01371,0
36.0,2.0,17.0,193.0,63592.0,31158.0,32434.0,1496.20716,1496.20716,0.0,10780.4149902554,link,0.0,0.0,0.0,0.0,0.0,0.0,1093.1623767999995,19.693666799999562,1073.4687099999999,1285.8293767999994,212.36066679999956,1073.4687099999999,0
37.0,2.0,16.0,194.0,61280.6441162145,31014.1744637331,30266.4696524814,3075.32200703344,0.0,3075.32200703344,0.0,link,0.0,0.0,0.0,0.0,0.0,0.0,1779.910128,830.090528,949.8196,2175.921128,830.090528,1345.8306,0
37.0,0.0,117.0,195.0,31188.9181978021,31188.9181978021,0.0,476.264669971773,476.264669971773,0.0,1531.60155183027,ra,3.0,3.0,0.0,490.5000000000001,490.5000000000001,0.0,830.090528,830.090528,0.0,400.9195279999998,400.9195279999998,0.0,1
37.0,2.0,18.0,196.0,64809.525076994905,32882.2900340846,31927.2350429103,2677.02300367325,2677.02300367325,0.0,9891.28354449013,link,0.0,0.0,0.0,0.0,0.0,0.0,1350.7391279999997,400.9195279999998,949.8196,1695.4611279999997,745.6415279999997,949.8196,0
38.0,2.0,17.0,197.0,73980.9084088181,36437.7364219997,37543.1719868184,8581.89596317837,0.0,8581.89596317837,0.0,link,0.0,0.0,0.0,0.0,0.0,0.0,454.46207679999947,454.46207679999947,0.0,1559.5580767999995,454.46207679999947,1105.096,0
38.0,1.0,118.0,198.0,38288.3848812199,0.0,38288.3848812199,3563.20063608103,0.0,3563.20063608103,5385.57294187173,ra,13.0,0.0,13.0,2125.5,0.0,2125.5,1666.6649999999997,0.0,1666.6649999999997,0.0,0.0,0.0,1
38.0,0.0,119.0,199.0,38355.5663129252,38355.5663129252,0.0,2619.00122524035,2619.00122524035,0.0,7097.78606046679,ra,1.0,1.0,0.0,163.49999999999991,163.49999999999991,0.0,454.46207679999947,454.46207679999947,0.0,628.2120767999996,628.2120767999996,0.0,1
38.0,1.0,123.0,200.0,41712.9401712972,0.0,41712.9401712972,2031.11145511135,0.0,2031.11145511135,14257.7141698898,ra,0.0,0.0,-0.0,2.842170943040401e-14,0.0,2.842170943040401e-14,1405.118,0.0,1405.118,1666.6649999999997,0.0,1666.6649999999997,0
38.0,0.0,124.0,201.0,40728.8663078391,40728.8663078391,0.0,2848.88985060576,2848.88985060576,0.0,14300.5054996462,ra,0.0,-0.0,0.0,-5.684341886080802e-14,-5.684341886080802e-14,0.0,628.2120767999996,628.2120767999996,0.0,995.0650767999997,995.0650767999997,0.0,0
38.0,2.0,22.0,202.0,105896.4428578996,51540.438437961,54356.0044199386,8230.02197998083,8230.02197998083,0.0,31585.4341675124,link,0.0,0.0,0.0,0.0,0.0,0.0,2400.1830767999995,995.0650767999997,1405.118,3459.9680768,2054.8500768,1405.118,0
39.0,2.0,17.0,203.0,25562.2788538132,12328.3002896388,13233.9785641744,1988.33296352279,0.0,1988.33296352279,0.0,link,0.0,0.0,0.0,0.0,0.0,0.0,733.0929199999999,389.3289,343.76401999999996,989.1319199999999,389.3289,599.80302,0
39.0,2.0,24.0,204.0,21529.4529436522,10591.5844792127,10937.8684644395,1897.36879079567,1897.36879079567,0.0,17071.729881247,link,0.0,0.0,0.0,0.0,0.0,0.0,733.0929199999999,389.3289,343.76401999999996,977.41792,633.6539,343.76401999999996,0
40.0,2.0,18.0,205.0,25932.8384078479,12821.1458632264,13111.6925446215,1674.79594495223,0.0,1674.79594495223,0.0,link,0.0,0.0,0.0,0.0,0.0,0.0,766.9369279999996,530.9509279999996,235.98600000000002,982.6009279999996,530.9509279999996,451.65,0
40.0,2.0,26.0,206.0,22387.8945153677,11334.7070106569,11053.1875047108,1671.62669728314,1671.62669728314,0.0,13785.5992106443,link,0.0,0.0,0.0,0.0,0.0,0.0,766.9369279999996,530.9509279999996,235.98600000000002,982.1929279999996,746.2069279999996,235.98600000000002,0
41.0,2.0,18.0,207.0,65100.0643805413,32409.6776559215,32690.3867246198,8031.94834387227,0.0,8031.94834387227,0.0,link,0.0,0.0,0.0,0.0,0.0,0.0,750.7990000000002,750.7990000000002,0.0,1785.0770000000002,750.7990000000002,1034.278,0
41.0,1.0,126.0,208.0,33015.8306660751,0.0,33015.8306660751,515.744798385718,0.0,515.744798385718,1570.62189366782,ra,7.0,0.0,7.0,1025.6045079999997,0.0,1025.6045079999997,959.1915079999998,0.0,959.1915079999998,0.0,0.0,0.0,1
41.0,0.0,125.0,209.0,32828.8089278736,32828.8089278736,0.0,517.979810454405,517.979810454405,0.0,1588.99980042748,ra,5.0,5.0,0.0,817.5000000000002,817.5000000000002,0.0,750.7990000000002,750.7990000000002,0.0,0.0,0.0,0.0,1
41.0,2.0,25.0,210.0,107717.843361102,52411.8634929897,55305.9798681123,8019.3953752296,8019.3953752296,0.0,19664.6825171201,link,0.0,0.0,0.0,0.0,0.0,0.0,959.1915079999998,0.0,959.1915079999998,1991.8535079999997,1032.662,959.1915079999998,0
42.0,2.0,0.0,211.0,64323.0,34358.0,29965.0,292.1437675,0.0,292.1437675,0.0,link,0.0,0.0,0.0,0.0,0.0,0.0,776.2494959999999,0.0,776.2494959999999,813.8694959999999,0.0,813.8694959999999,0
42.0,2.0,21.0,212.0,64323.0,34358.0,29965.0,334.973321,334.973321,0.0,974.993087217836,link,0.0,0.0,0.0,0.0,0.0,0.0,776.2494959999999,0.0,776.2494959999999,819.3844959999999,43.135,776.2494959999999,0
43.0,2.0,20.0,213.0,150198.49863614672,75767.4489434685,74431.0496926782,256.538715958994,0.0,256.538715958994,0.0,link,0.0,0.0,0.0,0.0,0.0,0.0,1334.0914191999998,1334.0914191999998,0.0,1367.1264191999999,1334.0914191999998,33.035,0
43.0,2.0,127.0,214.0,143910.6207571261,71622.8655725805,72287.7551845456,14695.55070776022,7361.67405319568,7333.87665456454,10005.6920912667,ra,20.0,20.0,0.0,3270.0,473.09134083902427,2796.9086591609757,3186.613078360975,1334.0914191999998,1852.5216591609756,1808.9670783609754,1808.9670783609754,0.0,1
43.0,2.0,22.0,215.0,143835.3128743358,71573.2272359724,72262.0856383634,254.135111440735,254.135111440735,0.0,10360.6755425037,link,0.0,0.0,0.0,0.0,0.0,0.0,3661.488737521951,1808.9670783609754,1852.5216591609756,3694.213737521951,1841.6920783609753,1852.5216591609756,0
44.0,2.0,20.0,216.0,153959.0,74263.0,79696.0,3498.6544,0.0,3498.6544,0.0,link,0.0,0.0,0.0,0.0,0.0,0.0,1469.172024,227.171,1242.001024,1919.6960239999999,227.171,1692.5250239999998,0
44.0,2.0,21.0,217.0,153959.0,74263.0,79696.0,3260.1457,3260.1457,0.0,4390.04714603225,link,0.0,0.0,0.0,0.0,0.0,0.0,1469.172024,227.171,1242.001024,1888.9830240000001,646.9820000000001,1242.001024,0
45.0,2.0,20.0,218.0,62196.7600253059,32348.664026557,29848.0959987489,1778.43165752251,0.0,1778.43165752251,0.0,link,0.0,0.0,0.0,0.0,0.0,0.0,295.0621,295.0621,0.0,524.0721,295.0621,229.01,0
45.0,2.0,129.0,219.0,59803.760630072604,31496.7732925594,28306.9873375132,6019.40155695864,3144.57563370826,2874.82592325038,9849.37897275001,ra,8.0,0.0,8.0,1308.0,652.078956,655.921044,580.790144,295.0621,285.728044,47.912144000000005,47.912144000000005,0.0,1
45.0,2.0,27.0,220.0,59265.8366310976,31619.7156039958,27646.1210271018,2008.7677610147,2008.7677610147,0.0,16227.5537304541,link,0.0,0.0,0.0,0.0,0.0,0.0,333.640188,47.912144000000005,285.728044,592.3101879999999,306.58214399999997,285.728044,0
46.0,2.0,21.0,221.0,122056.3633115633,58092.1447118619,63964.2185997014,6279.26064472807,0.0,6279.26064472807,0.0,link,0.0,0.0,0.0,0.0,0.0,0.0,1459.83232,470.1414,989.6909199999999,2268.41632,470.1414,1798.2749199999998,0
46.0,2.0,23.0,222.0,131872.7061463396,62497.919354533,69374.7867918066,5678.0443937591,5678.0443937591,0.0,9404.55520736285,link,0.0,0.0,0.0,0.0,0.0,0.0,1459.83232,470.1414,989.6909199999999,2190.99732,1201.3064000000002,989.6909199999999,0
47.0,2.0,22.0,223.0,38579.2955378498,18952.692150841,19626.6033870088,1763.21916642734,0.0,1763.21916642734,0.0,link,0.0,0.0,0.0,0.0,0.0,0.0,991.5192217365853,928.7363588682925,62.78286286829282,1218.5702217365854,928.7363588682925,289.83386286829284,0
47.0,2.0,128.0,224.0,35162.6248298969,17399.4597199651,17763.1651099318,7435.63799543393,3663.38542984375,3772.25256559018,19815.1127809066,ra,14.0,0.0,14.0,2288.9999999999995,1400.4723588682925,888.5276411317071,1394.2918628682926,928.7363588682925,465.555504,62.78286286829282,0.0,62.78286286829282,1
47.0,2.0,28.0,225.0,35062.119983040204,16961.1414488018,18100.9785342384,1675.65153554322,1675.65153554322,0.0,29618.3313222541,link,0.0,0.0,0.0,0.0,0.0,0.0,465.555504,0.0,465.555504,681.330504,215.775,465.555504,0
48.0,2.0,24.0,226.0,16009.99993438885,7856.99996682075,8152.9999675681,2252.38793848172,0.0,2252.38793848172,0.0,link,0.0,0.0,0.0,0.0,0.0,0.0,385.95724000000007,385.95724000000007,0.0,675.9982400000001,385.95724000000007,290.041,0
48.0,2.0,0.0,227.0,10228.9496360124,5180.36917753558,5048.58045847682,2203.40390841478,2203.40390841478,0.0,34790.8303429051,link,0.0,0.0,0.0,0.0,0.0,0.0,385.95724000000007,385.95724000000007,0.0,669.69124,669.69124,0.0,0
50.0,2.0,23.0,230.0,167288.29083468,89420.7692084569,77867.5216262231,2077.52908786604,0.0,2077.52908786604,0.0,link,0.0,0.0,0.0,0.0,0.0,0.0,2007.3067799999997,1213.7741799999997,793.5326,2274.8317799999995,1213.7741799999997,1061.0575999999999,0
50.0,2.0,25.0,231.0,167733.1420677742,89424.5683491475,78308.5737186267,2379.09007339684,2379.09007339684,0.0,2660.51340881896,link,0.0,0.0,0.0,0.0,0.0,0.0,2007.3067799999997,1213.7741799999997,793.5326,2313.66378,1520.1311799999999,793.5326,0
51.0,2.0,23.0,232.0,68004.42841151671,33685.4721908872,34318.9562206295,2606.49863917702,0.0,2606.49863917702,0.0,link,0.0,0.0,0.0,0.0,0.0,0.0,962.8794999999998,678.7092,284.17029999999977,1298.5194999999999,678.7092,619.8102999999998,0
51.0,0.0,130.0,233.0,33100.9959033154,33100.9959033154,0.0,783.162954686691,783.162954686691,0.0,2344.99727996629,ra,4.0,4.0,0.0,653.9999999999999,653.9999999999999,0.0,678.7092,678.7092,0.0,125.55719999999997,125.55719999999997,0.0,1
51.0,2.0,27.0,234.0,64426.2356563276,31754.4889250316,32671.746731296,1762.79400434887,1762.79400434887,0.0,7784.58868214326,link,0.0,0.0,0.0,0.0,0.0,0.0,409.72749999999974,125.55719999999997,284.17029999999977,636.7234999999997,352.55319999999995,284.17029999999977,0
53.0,2.0,24.0,237.0,26623.0,13216.0,13407.0,1301.2096815,0.0,1301.2096815,0.0,link,0.0,0.0,0.0,0.0,0.0,0.0,688.8950399999999,525.2128399999999,163.68220000000002,856.4520399999999,525.2128399999999,331.2392,0
53.0,2.0,28.0,238.0,26623.0,13216.0,13407.0,1282.672272,1282.672272,0.0,9705.48649135397,link,0.0,0.0,0.0,0.0,0.0,0.0,688.8950399999999,525.2128399999999,163.68220000000002,854.06504,690.38284,163.68220000000002,0
54.0,2.0,25.0,239.0,63790.743083652196,33602.5555376766,30188.1875459756,914.669079332492,0.0,914.669079332492,0.0,link,0.0,0.0,0.0,0.0,0.0,0.0,917.8510719999998,917.8510719999998,0.0,1035.6330719999999,917.8510719999998,117.782,0
54.0,2.0,131.0,240.0,33762.4415586177,17029.2127372484,16733.2288213693,7185.4180023402205,3714.28097177565,3471.13703056457,14118.0595783865,ra,13.0,0.0,13.0,2125.4999999999995,1023.2581359999997,1102.2418639999999,1573.1129359999995,917.8510719999998,655.2618639999998,372.8829360000001,372.8829360000001,0.0,1
54.0,2.0,26.0,241.0,32484.7744574449,16371.3543459377,16113.4201115072,929.571492526024,929.571492526024,0.0,19751.6727385701,link,0.0,0.0,0.0,0.0,0.0,0.0,1028.1448,372.8829360000001,655.2618639999998,1147.8458,492.5839360000001,655.2618639999998,0
55.0,2.0,26.0,242.0,35611.1999360093,17306.4999689679,18304.6999670414,3651.95402706089,0.0,3651.95402706089,0.0,link,0.0,0.0,0.0,0.0,0.0,0.0,817.8069999999999,817.8069999999999,0.0,1288.071,817.8069999999999,470.264,0
55.0,2.0,132.0,243.0,34335.6700861098,16687.9002306099,17647.7698554999,3806.71617873812,1850.01487529755,1956.70130344057,10714.2329169781,ra,8.0,8.0,0.0,1308.0,1056.0339999999999,251.966,817.8069999999999,817.8069999999999,0.0,0.0,0.0,0.0,1
55.0,2.0,0.0,244.0,9015.00027880696,4116.00014201232,4899.00013679464,3382.27393180499,3382.27393180499,0.0,47911.3668726574,link,0.0,0.0,0.0,0.0,0.0,0.0,0.0,0.0,0.0,435.537,435.537,0.0,0
56.0,2.0,27.0,245.0,67553.5172847849,34432.267085203,33121.2501995819,2367.02370971695,0.0,2367.02370971695,0.0,link,0.0,0.0,0.0,0.0,0.0,0.0,394.04000000000013,394.04000000000013,0.0,698.8430000000001,394.04000000000013,304.803,0
56.0,1.0,134.0,246.0,28345.0537807391,0.0,28345.0537807391,1429.46120190489,0.0,1429.46120190489,14670.9425066938,ra,3.0,0.0,3.0,490.5,0.0,490.5,306.42699999999996,0.0,306.42699999999996,0.0,0.0,0.0,1
56.0,0.0,133.0,247.0,28758.648000424,28758.648000424,0.0,4635.2223561875,4635.2223561875,0.0,14715.488271793,ra,0.0,-0.0,0.0,0.0,0.0,0.0,394.04000000000013,394.04000000000013,0.0,990.9200000000002,990.9200000000002,0.0,0
56.0,2.0,135.0,248.0,47006.1040822862,24072.8864014428,22933.2176808434,5972.33806438385,1468.70673835056,4503.63132603329,20490.1826432686,ra,9.0,9.0,0.0,1471.5,771.5350000000001,699.965,1417.3770000000002,990.9200000000002,426.457,714.938,408.511,306.42699999999996,1
56.0,2.0,29.0,249.0,45237.3265637856,23422.054813021,21815.2717507646,2510.31569035993,2510.31569035993,0.0,31051.5111500156,link,0.0,0.0,0.0,0.0,0.0,0.0,834.9680000000001,408.511,426.457,1158.223,731.7660000000001,426.457,0
57.0,2.0,28.0,250.0,21608.0,10785.0,10823.0,664.304917,0.0,664.304917,0.0,link,0.0,0.0,0.0,0.0,0.0,0.0,362.46313599999996,362.46313599999996,0.0,448.00613599999997,362.46313599999996,85.543,0
57.0,2.0,0.0,251.0,21608.0,10785.0,10823.0,661.972515,661.972515,0.0,6137.90628624439,link,0.0,0.0,0.0,0.0,0.0,0.0,362.46313599999996,362.46313599999996,0.0,447.70613599999996,447.70613599999996,0.0,0
59.0,2.0,29.0,254.0,41763.642422810604,21836.3114479028,19927.3309749078,64.1922987606669,0.0,64.1922987606669,0.0,link,0.0,0.0,0.0,0.0,0.0,0.0,1078.5059999999999,593.1759999999999,485.33,1086.772,593.176,493.596,0
59.0,0.0,137.0,255.0,11226.9471972143,11226.9471972143,0.0,4281.44265472418,4281.44265472418,0.0,25939.71611319,ra,7.0,7.0,0.0,1144.4999999999998,1144.4999999999998,0.0,593.176,593.176,0.0,0.0,0.0,0.0,1
59.0,1.0,138.0,256.0,8142.41876965786,0.0,8142.41876965786,3768.95103150065,0.0,3768.95103150065,26235.4919576393,ra,0.0,0.0,-0.0,0.0,0.0,0.0,0.0,0.0,0.0,485.33,0.0,485.33,0
59.0,2.0,0.0,257.0,19030.16772086208,11064.8956674036,7965.27205345848,121.795390046012,121.795390046012,0.0,27032.7504548799,link,0.0,0.0,0.0,0.0,0.0,0.0,0.0,0.0,0.0,15.684,15.684,0.0,0
60.0,2.0,29.0,258.0,15204.99963875321,7325.99983936264,7878.99979939057,589.761879951074,0.0,589.761879951074,0.0,link,0.0,0.0,0.0,0.0,0.0,0.0,453.54420000000005,367.6086,85.93560000000001,529.4882,367.6086,161.8796,0
60.0,2.0,136.0,259.0,13825.298552554461,6712.48148642337,7112.81706613109,1621.703087201606,781.773481624616,839.92960557699,10738.6315701673,ra,3.0,3.0,0.0,490.5,468.2776,22.222399999999993,367.6086,367.6086,0.0,85.93560000000001,0.0,85.93560000000001,1
60.0,2.0,0.0,260.0,9900.0011340695,4967.00050429217,4933.00062977733,588.144298822839,588.144298822839,0.0,22135.2935483001,link,0.0,0.0,0.0,0.0,0.0,0.0,0.0,0.0,0.0,75.736,75.736,0.0,0
