Time of calculation: 20220210-171023; value of objective: 13360948882137.623;  acc=2400;  cfix=40000;  cvar=127000;  eta=0.8;  mu=0.24;  i=
segment_id,dir,type_ID,POI_ID,traffic_flow,traffic_flow_0,traffic_flow_1,energy_demand,energy_demand_0,energy_demand_1,dist_along_segment,pois_type,pYi_dir,pYi_dir_0,pYi_dir_1,pE_charged,pE_charged_0,pE_charged_1,pE_input,pE_input_0,pE_input_1,pE_output,pE_output_0,pE_output_1,pXi
0.0,2.0,0.0,0.0,26540.636112053,13243.0239038645,13297.6122081885,4423.92123143818,0.0,4423.92123143818,0.0,link,0.0,0.0,0.0,0.0,0.0,0.0,0.0,0.0,0.0,1687.914,0.0,1687.914,0
0.0,2.0,1.0,1.0,26594.7769799282,13269.4415749127,13325.3354050155,810.003976920776,31.774775427221,778.229201493555,239.715824101164,ra,34.0,0.0,34.0,5643.999999999999,12.123,5631.8769999999995,5334.95,0.0,5334.95,0.0,0.0,0.0,1
0.0,2.0,0.0,2.0,45891.0713847726,24132.5354848012,21758.5358999714,10453.07839190074,5371.86342144895,5081.21497045179,24427.462160298,ra,0.0,0.0,0.0,0.0,0.0,0.0,3396.2510000000007,0.0,3396.2510000000007,7384.544,2049.594,5334.95,0
0.0,1.0,2.0,3.0,5594.60627343411,0.0,5594.60627343411,2065.98540498995,0.0,2065.98540498995,68504.6013106114,ra,0.0,0.0,0.0,0.0,0.0,0.0,2607.9900000000007,0.0,2607.9900000000007,3396.2510000000007,0.0,3396.2510000000007,0
0.0,0.0,3.0,4.0,4553.08388931748,4553.08388931748,0.0,7187.4483251383,7187.4483251383,0.0,79329.1374904099,ra,0.0,0.0,0.0,0.0,0.0,0.0,2049.594,2049.594,0.0,4791.91,4791.91,0.0,0
0.0,2.0,4.0,5.0,7895.539602766939,4645.32330643337,3250.21629633357,2342.9750495919798,1038.66179081139,1304.31325878059,104473.71241617,ra,0.0,0.0,0.0,0.0,0.0,0.0,6902.249,4791.91,2110.3390000000004,7796.194,5188.204,2607.9900000000007,0
0.0,2.0,5.0,6.0,19815.36822147166,9562.72950758806,10252.6387138836,7959.02626511719,2076.95503589247,5882.07122922472,133409.21035476,ra,34.0,0.0,34.0,5644.0,2280.4584000000004,3363.5416,8417.8246,5188.204,3229.6206000000006,5810.5306,3700.191599999999,2110.3390000000004,1
0.0,2.0,6.0,7.0,38420.413170467305,19234.6634945469,19185.7496759204,10291.73164091456,4957.10120865155,5334.63043226301,173065.413799776,ra,0.0,0.0,-0.0,0.0,0.0,0.0,4894.4241999999995,3700.191599999999,1194.2325999999998,8821.1562,5591.535599999999,3229.6206000000006,0
0.0,1.0,7.0,8.0,21229.4573799075,0.0,21229.4573799075,31.9071906889248,0.0,31.9071906889248,176940.22069629,ra,0.0,0.0,-0.0,0.0,0.0,0.0,1182.0586,0.0,1182.0586,1194.2325999999998,0.0,1194.2325999999998,0
0.0,2.0,0.0,9.0,50605.7308716768,25638.9023938735,24966.8284778033,5210.17855174236,5210.17855174236,0.0,194059.964946131,link,0.0,0.0,0.0,0.0,0.0,0.0,6773.5942,5591.535599999999,1182.0586,8761.4982,7579.4396,1182.0586,0
1.0,2.0,0.0,10.0,41635.2696746832,21021.6267553003,20613.6429193829,39.7761865009555,0.0,39.7761865009555,0.0,link,0.0,0.0,0.0,0.0,0.0,0.0,5388.706840000001,3420.46884,1968.2380000000003,5403.88284,3420.46884,1983.4140000000002,0
1.0,2.0,8.0,11.0,39859.9435983602,20128.7100274165,19731.2335709437,2276.328443367862,1715.72731424055,560.601129127312,8218.21591932416,ra,0.0,-0.0,0.0,0.0,0.0,0.0,5174.813840000001,3420.46884,1754.3450000000003,6043.32984,4075.09184,1968.2380000000003,0
1.0,0.0,9.0,12.0,15021.9786197919,15021.9786197919,0.0,1426.84265640488,1426.84265640488,0.0,16747.0640478161,ra,0.0,0.0,0.0,0.0,0.0,0.0,4075.09184,4075.09184,0.0,4619.492839999999,4619.492839999999,0.0,0
1.0,2.0,10.0,13.0,29629.2702066633,14994.1517039878,14635.1185026755,191.32891529796441,24.7111120586864,166.617803239278,16911.7407621753,ra,0.0,0.0,-0.0,0.0,0.0,0.0,6310.265839999999,4619.492839999999,1690.7730000000001,6383.265839999999,4628.920839999999,1754.3450000000003,0
1.0,2.0,14.0,14.0,23126.816645439998,11846.3351177034,11280.4815277366,2715.58896866506,1386.75954291372,1328.82942575134,27721.2649615329,ra,0.0,0.0,0.0,0.0,0.0,0.0,5812.688839999999,4628.920839999999,1183.768,6848.801839999999,5158.028839999999,1690.7730000000001,0
1.0,1.0,13.0,15.0,11337.2619320883,0.0,11337.2619320883,1420.24853693026,0.0,1420.24853693026,29194.6309655969,ra,0.0,0.0,0.0,0.0,0.0,0.0,641.883,0.0,641.883,1183.768,0.0,1183.768,0
1.0,0.0,12.0,16.0,11885.5265358471,11885.5265358471,0.0,208.504810997731,208.504810997731,0.0,29478.4736802298,ra,0.0,0.0,0.0,0.0,0.0,0.0,5158.028839999999,5158.028839999999,0.0,5237.581839999999,5237.581839999999,0.0,0
1.0,0.0,15.0,17.0,11960.1701828351,11960.1701828351,0.0,465.471180470787,465.471180470787,0.0,33381.7233696118,ra,0.0,0.0,0.0,0.0,0.0,0.0,5237.581839999999,5237.581839999999,0.0,5415.178839999999,5415.178839999999,0.0,0
1.0,2.0,16.0,18.0,23460.935326572,11970.3853891252,11490.5499374468,1768.668281716874,86.3301716488441,1682.33811006803,34103.2604930604,ra,33.0,33.0,0.0,5448.117839999999,5448.117839999999,7.993605777301127e-15,5415.178839999999,5415.178839999999,0.0,641.883,0.0,641.883,1
1.0,2.0,0.0,19.0,23472.9532848191,11974.8809399587,11498.0723448604,41.4313703808343,41.4313703808343,0.0,34449.3464575004,link,0.0,0.0,0.0,0.0,0.0,0.0,0.0,0.0,0.0,15.808,15.808,0.0,0
2.0,2.0,0.0,20.0,68929.1689525749,33758.8137930879,35170.355159487,2037.30449092795,0.0,2037.30449092795,0.0,link,0.0,0.0,0.0,0.0,0.0,0.0,5737.780159999999,5737.712159999999,0.068,6515.09816,5737.712159999999,777.386,0
2.0,1.0,11.0,21.0,34398.2821383792,0.0,34398.2821383792,0.177994253383828,0.0,0.177994253383828,2598.41164546074,ra,0.0,0.0,0.0,0.0,0.0,0.0,0.0,0.0,0.0,0.068,0.0,0.068,0
2.0,0.0,17.0,22.0,24285.974119979,24285.974119979,0.0,5629.75346622784,5629.75346622784,0.0,19826.0309188716,ra,0.0,0.0,0.0,0.0,0.0,0.0,5737.712159999999,5737.712159999999,0.0,7885.702159999999,7885.702159999999,0.0,0
2.0,1.0,18.0,23.0,24186.0911430872,0.0,24186.0911430872,4128.06929715106,0.0,4128.06929715106,19924.5544753991,ra,33.0,0.0,33.0,5478.0,0.0,5478.0,3902.9670000000006,0.0,3902.9670000000006,0.0,0.0,0.0,1
2.0,0.0,19.0,24.0,24395.8043620461,24395.8043620461,0.0,1107.94961707917,1107.94961707917,0.0,24376.283905319,ra,34.0,34.0,0.0,5639.155159999999,5639.155159999999,0.0,7885.702159999999,7885.702159999999,0.0,2669.277,2669.277,0.0,1
2.0,0.0,20.0,25.0,18382.7449604955,18382.7449604955,0.0,3193.59583085962,3193.59583085962,0.0,38424.0480859037,ra,0.0,-0.0,0.0,0.0,0.0,0.0,2669.277,2669.277,0.0,3887.7690000000002,3887.7690000000002,0.0,0
2.0,1.0,21.0,26.0,18491.6133654888,0.0,18491.6133654888,4453.99249618843,0.0,4453.99249618843,38987.6806255175,ra,0.0,0.0,-0.0,0.0,0.0,0.0,2203.580000000001,0.0,2203.580000000001,3902.9670000000006,0.0,3902.9670000000006,0
2.0,2.0,22.0,27.0,37060.499514109295,18323.8494067353,18736.650107374,9037.685965220891,4162.99183164668,4874.69413357421,60686.5331745626,ra,0.0,0.0,0.0,0.0,0.0,0.0,4231.447000000001,3887.7690000000002,343.6780000000006,7679.707000000001,5476.127,2203.580000000001,0
2.0,2.0,23.0,28.0,37058.9029265594,18323.1127403572,18735.7901862022,905.670862196634,0.17407320896991,905.496788987664,60687.5223097686,ra,33.0,33.0,0.0,5478.0,5476.193,1.8069999999994053,5476.127,5476.127,0.0,343.6780000000006,0.0,343.6780000000006,1
2.0,2.0,0.0,29.0,23931.6001633626,12393.9415716933,11537.6585916693,2066.87595360883,2066.87595360883,0.0,74788.4585560346,link,0.0,0.0,0.0,0.0,0.0,0.0,0.0,0.0,0.0,788.601,788.601,0.0,0
3.0,2.0,0.0,30.0,27844.0,14880.0,12964.0,276.638796,0.0,276.638796,0.0,link,0.0,0.0,0.0,0.0,0.0,0.0,0.0,0.0,0.0,105.549,0.0,105.549,0
3.0,0.0,24.0,31.0,14880.0,14880.0,0.0,43.31568,43.31568,0.0,291.139117483826,ra,0.0,-0.0,0.0,0.0,0.0,0.0,0.0,0.0,0.0,16.527,16.527,0.0,0
3.0,1.0,25.0,32.0,12964.0,0.0,12964.0,50.78647,0.0,50.78647,391.789662717657,ra,34.0,0.0,34.0,5644.0,0.0,5644.0,5624.623,0.0,5624.623,0.0,0.0,0.0,1
3.0,2.0,1.0,33.0,27844.0,14880.0,12964.0,332.50104,332.50104,0.0,2525.71464164925,link,0.0,0.0,0.0,0.0,0.0,0.0,5641.15,16.527,5624.623,5768.013,143.39,5624.623,0
4.0,2.0,1.0,34.0,59761.3086274698,30037.3419745759,29723.9666528939,2541.48042300009,0.0,2541.48042300009,0.0,link,0.0,0.0,0.0,0.0,0.0,0.0,12596.368087428571,7164.269958,5432.098129428571,13566.051087428572,7164.269958,6401.781129428572,0
4.0,1.0,29.0,35.0,19741.1962074672,0.0,19741.1962074672,941.130780889781,0.0,941.130780889781,27421.918402147,ra,0.0,0.0,0.0,0.0,0.0,0.0,5073.017129428571,0.0,5073.017129428571,5432.098129428571,0.0,5432.098129428571,0
4.0,0.0,28.0,36.0,20188.7740020659,20188.7740020659,0.0,6913.40781708113,6913.40781708113,0.0,27456.2755376563,ra,34.0,34.0,0.0,5644.0,5644.0,0.0,7164.269958,7164.269958,0.0,4158.027957999999,4158.027957999999,0.0,1
4.0,2.0,31.0,37.0,24242.04672144007,16011.0814154375,8230.96530600257,10336.618270691579,5459.80728965386,4876.81098103772,57952.4364496481,ra,0.0,0.0,-0.0,0.0,0.0,0.0,7370.33508742857,4158.027957999999,3212.3071294285714,11314.193087428572,6241.175958,5073.017129428571,0
4.0,2.0,30.0,38.0,24222.43641462717,16010.6884723873,8211.74794223987,2097.1816748164297,3.69851459408978,2093.48316022234,57975.5602403068,ra,34.0,34.0,0.0,5643.999999999999,430.2317579999996,5213.768241999999,13868.49832942857,6241.175958,7627.322371428571,9024.662329428571,5812.3552,3212.3071294285714,1
4.0,2.0,35.0,39.0,21337.9057816767,10925.6060783794,10412.2997032973,4724.82145770061,2596.38509090262,2128.43636679799,78476.4553474238,ra,0.0,0.0,0.0,0.0,0.0,0.0,12627.588571428572,5812.3552,6815.233371428571,14430.30857142857,6802.986199999999,7627.322371428571,0
4.0,0.0,40.0,40.0,10876.9999980846,10876.9999980846,0.0,1976.66074396654,1976.66074396654,0.0,96645.2667353262,ra,0.0,0.0,0.0,0.0,0.0,0.0,6802.986199999999,6802.986199999999,0.0,7557.1662,7557.1662,0.0,0
4.0,1.0,41.0,41.0,10239.998724531,0.0,10239.998724531,1817.26058482465,0.0,1817.26058482465,99246.7072366671,ra,0.0,0.0,0.0,0.0,0.0,0.0,6121.871371428572,0.0,6121.871371428572,6815.233371428571,0.0,6815.233371428571,0
4.0,2.0,42.0,42.0,15349.44862342799,7293.1561007636,8056.29252266439,2244.8438549829193,2242.94471998322,1.89913499969935,124531.184689634,ra,0.0,0.0,0.0,0.0,0.0,0.0,13678.31257142857,7557.1662,6121.146371428572,14534.816571428571,8412.9452,6121.871371428572,0
4.0,2.0,45.0,43.0,29499.9997821141,14928.9998128104,14570.9999693037,9965.39545782924,4949.37419030477,5016.02126752447,160563.715389321,ra,0.0,0.0,0.0,0.0,0.0,0.0,12620.266571428572,8412.9452,4207.321371428572,16422.487571428574,10301.3412,6121.146371428572,0
4.0,2.0,49.0,44.0,29501.2496709625,14929.6109247903,14571.6387461722,7771.39511709413,964.25344768502,6807.14166940911,167022.616706975,ra,8.0,8.0,0.0,1218.1840785714298,1217.5068785714298,0.6772,11912.126771428571,10301.3412,1610.7855714285715,13659.059692857141,9451.73832142857,4207.321371428572,1
4.0,2.0,2.0,45.0,37135.979248738106,18661.9898553614,18473.9893933767,2580.11657231137,2580.11657231137,0.0,182066.45484822,link,0.0,0.0,0.0,0.0,0.0,0.0,11062.523892857142,9451.73832142857,1610.7855714285715,12046.94789285714,10436.162321428568,1610.7855714285715,0
5.0,2.0,1.0,46.0,68793.7826224039,33913.4453688065,34880.3372535974,3843.82209257494,0.0,3843.82209257494,0.0,link,0.0,0.0,0.0,0.0,0.0,0.0,13323.76248977143,4273.3108306,9050.45165917143,14790.343489771429,4273.3108306,10517.032659171427,0
5.0,1.0,26.0,47.0,36003.5240013336,0.0,36003.5240013336,3895.94746693039,0.0,3895.94746693039,10624.4240384357,ra,3.0,0.0,3.0,345.2676008285715,0.0,345.2676008285715,7909.250260000001,0.0,7909.250260000001,9050.45165917143,0.0,9050.45165917143,1
5.0,0.0,27.0,48.0,32653.8009159093,32653.8009159093,0.0,4178.14177110393,4178.14177110393,0.0,12028.5386871855,ra,12.0,12.0,0.0,1968.4765306,1968.4765306,0.0,4273.3108306,4273.3108306,0.0,3898.9722999999994,3898.9722999999994,0.0,1
5.0,2.0,32.0,49.0,33127.6679782642,16315.8916479239,16811.7763303403,9152.20454584315,5870.83645283758,3281.36809300557,39273.393575652,ra,12.0,0.0,12.0,1917.6971999999998,1917.6971999999998,0.0,10556.24156,3898.9722999999994,6657.269260000001,12130.498360000001,4221.2481,7909.250260000001,1
5.0,1.0,36.0,50.0,15728.3542233459,0.0,15728.3542233459,1275.7622080105,0.0,1275.7622080105,47330.3638647794,ra,1.0,0.0,1.0,141.25444000000002,0.0,141.25444000000002,6311.7667,0.0,6311.7667,6657.269260000001,0.0,6657.269260000001,1
5.0,0.0,39.0,51.0,16181.0369578104,16181.0369578104,0.0,2402.71193975453,2402.71193975453,0.0,54808.4650706048,ra,0.0,0.0,0.0,0.0,0.0,0.0,4221.2481,4221.2481,0.0,5137.9841,5137.9841,0.0,0
5.0,1.0,43.0,52.0,15425.0541977474,0.0,15425.0541977474,6550.91638851091,0.0,6550.91638851091,67696.5829264334,ra,0.0,0.0,-0.0,0.0,0.0,0.0,3812.3147,0.0,3812.3147,6311.7667,0.0,6311.7667,0
5.0,0.0,44.0,53.0,16743.9409701348,16743.9409701348,0.0,2188.52376611744,2188.52376611744,0.0,67916.7177403682,ra,0.0,0.0,0.0,0.0,0.0,0.0,5137.9841,5137.9841,0.0,5972.999099999999,5972.999099999999,0.0,0
5.0,1.0,50.0,54.0,23926.8657512302,0.0,23926.8657512302,3865.03208223887,0.0,3865.03208223887,86150.6446371155,ra,2.0,0.0,2.0,332.0,0.0,332.0,2669.6407,0.0,2669.6407,3812.3147,0.0,3812.3147,1
5.0,0.0,51.0,55.0,23976.5917239922,23976.5917239922,0.0,3863.2104401925,3863.2104401925,0.0,86198.2118888899,ra,6.0,6.0,0.0,835.015,835.015,0.0,5972.999099999999,5972.999099999999,0.0,6611.963099999999,6611.963099999999,0.0,1
5.0,2.0,4.0,56.0,48295.9987384735,24204.9992554563,24090.9994830172,3849.65902876729,3849.65902876729,0.0,102115.051061861,link,0.0,0.0,0.0,0.0,0.0,0.0,9281.603799999999,6611.963099999999,2669.6407,10750.4118,8080.7711,2669.6407,0
6.0,2.0,0.0,57.0,17593.52882743976,9370.08985369332,8223.43897374644,3280.58897165935,0.0,3280.58897165935,0.0,link,0.0,0.0,0.0,0.0,0.0,0.0,0.0,0.0,0.0,1251.684,0.0,1251.684,0
6.0,0.0,34.0,58.0,9440.70012643683,9440.70012643683,0.0,115.627916160566,115.627916160566,0.0,1229.56192943354,ra,0.0,-0.0,0.0,0.0,0.0,0.0,0.0,0.0,0.0,44.117,44.117,0.0,0
6.0,0.0,33.0,59.0,9685.7540713875,9685.7540713875,0.0,302.822447135245,302.822447135245,0.0,4398.31801694572,ra,0.0,-0.0,0.0,0.0,0.0,0.0,44.117,44.117,0.0,159.657,159.657,0.0,0
6.0,1.0,38.0,60.0,13533.1360897293,0.0,13533.1360897293,3267.26796433001,0.0,3267.26796433001,19100.037855584,ra,34.0,0.0,34.0,5644.0,0.0,5644.0,4397.398999999999,0.0,4397.398999999999,0.0,0.0,0.0,1
6.0,0.0,37.0,61.0,14150.2103751211,14150.2103751211,0.0,1803.67381185194,1803.67381185194,0.0,19123.3135023805,ra,0.0,0.0,0.0,0.0,0.0,0.0,159.657,159.657,0.0,847.835,847.835,0.0,0
6.0,2.0,48.0,62.0,30972.8842403762,15986.2762154003,14986.6080249759,5468.1986435463505,3421.90944344568,2046.28920010067,42213.9465999939,ra,0.0,0.0,0.0,0.0,0.0,0.0,4464.487999999999,847.835,3616.6529999999993,6550.838,2153.4390000000003,4397.398999999999,0
6.0,2.0,3.0,63.0,43852.3829830634,22912.2538280909,20940.1291549725,3553.90060489654,3553.90060489654,0.0,60876.2242421798,link,0.0,0.0,0.0,0.0,0.0,0.0,5770.092,2153.4390000000003,3616.6529999999993,7126.056,3509.4030000000002,3616.6529999999993,0
7.0,2.0,0.0,64.0,11819.72883309257,5668.99952865367,6150.7293044389,2312.63273856917,0.0,2312.63273856917,0.0,link,0.0,0.0,0.0,0.0,0.0,0.0,0.0,0.0,0.0,882.367,0.0,882.367,0
7.0,2.0,46.0,65.0,16750.43996107374,8281.7922636936,8468.64769738014,443.9117156207323,439.374363225034,4.53735239569832,6667.95544755655,ra,34.0,34.0,0.0,5643.999999999999,72.47057142857139,5571.529428571428,5569.798428571428,0.0,5569.798428571428,95.1694285714286,95.1694285714286,0.0,1
7.0,2.0,47.0,66.0,16803.00194301874,8309.64474409952,8493.35719891922,469.00809295789134,4.43822753361236,464.569865424279,6721.47492677825,ra,0.0,0.0,0.0,0.0,0.0,0.0,5487.714857142856,95.1694285714286,5392.545428571428,5666.660857142857,96.8624285714286,5569.798428571428,0
7.0,2.0,2.0,67.0,31479.2646876848,14962.6751347339,16516.5895529509,2176.3869746183,2176.3869746183,0.0,25294.5418793567,link,0.0,0.0,0.0,0.0,0.0,0.0,5489.407857142856,96.8624285714286,5392.545428571428,6319.791857142856,927.2464285714286,5392.545428571428,0
8.0,2.0,2.0,68.0,14782.3695846428,7482.84754160049,7299.52204304231,571.535173252439,0.0,571.535173252439,0.0,link,0.0,0.0,0.0,0.0,0.0,0.0,2849.0122499999998,2849.0122499999998,0.0,3067.07725,2849.0122499999998,218.065,0
8.0,2.0,52.0,69.0,9208.20636712835,4168.18387658208,5040.02249054627,1091.488655298786,530.547783523534,560.940871775252,9055.82449812222,ra,20.0,20.0,0.0,3265.4612500000003,3051.43825,214.023,2849.0122499999998,2849.0122499999998,0.0,0.0,0.0,0.0,1
8.0,2.0,0.0,70.0,9708.89067456805,5120.67365793185,4588.2170166362,557.603815055505,557.603815055505,0.0,21173.6853058851,link,0.0,0.0,0.0,0.0,0.0,0.0,0.0,0.0,0.0,212.749,212.749,0.0,0
9.0,2.0,2.0,71.0,31818.42313617,16104.8835451968,15713.5395909732,3261.48259711826,0.0,3261.48259711826,0.0,link,0.0,0.0,0.0,0.0,0.0,0.0,6248.041499999999,4610.782999999999,1637.2585,7492.4355,4610.782999999999,2881.6525,0
9.0,2.0,55.0,72.0,36693.0558776816,18116.8086480647,18576.2472296169,5325.486521774041,2708.00089398014,2617.4856277939,15445.3717833973,ra,34.0,0.0,34.0,5643.999999999999,5643.999999999999,0.0,5249.3595,4610.782999999999,638.5764999999999,1637.2585000000001,2.2737367544323206e-13,1637.2585,1
9.0,2.0,7.0,73.0,31601.8542643027,15291.9117888883,16309.9424754144,3142.32996782434,3142.32996782434,0.0,33157.1268468838,link,0.0,0.0,0.0,0.0,0.0,0.0,638.5765000000001,2.2737367544323206e-13,638.5764999999999,1837.5085000000001,1198.9320000000002,638.5764999999999,0
10.0,2.0,3.0,74.0,31606.6695639389,16070.5474552074,15536.1221087315,43.8140689321546,0.0,43.8140689321546,0.0,link,0.0,0.0,0.0,0.0,0.0,0.0,5753.759910000001,2837.056345,2916.7035650000003,5770.476909999999,2837.056345,2933.420565,0
10.0,2.0,53.0,75.0,20482.292071415,10386.9656808517,10095.3263905633,3859.97837178184,1960.6175793948,1899.36079238704,14793.4065314786,ra,12.0,12.0,0.0,1992.0,1658.7095449999997,333.2904550000003,5362.363364999999,2837.056345,2525.3070199999997,4843.109365,1926.4058,2916.7035650000003,1
10.0,2.0,4.0,76.0,20473.6189956967,10382.5344994114,10091.0844962853,45.079640330005,45.079640330005,0.0,15227.5355211014,link,0.0,0.0,0.0,0.0,0.0,0.0,4451.71282,1926.4058,2525.3070199999997,4468.91282,1943.6058,2525.3070199999997,0
11.0,2.0,3.0,77.0,48420.0541429227,24599.8231829302,23820.2309599925,1269.82131381751,0.0,1269.82131381751,0.0,link,0.0,0.0,0.0,0.0,0.0,0.0,6671.098944999998,3572.352082499999,3098.746862499999,7155.589944999998,3572.352082499999,3583.237862499999,0
11.0,2.0,54.0,78.0,48814.9931722971,24295.4347117739,24519.5584605232,3388.4082292149897,1701.63127736504,1686.77695184995,6967.48714814497,ra,7.0,0.0,7.0,1085.5487085000009,1085.5487085000009,0.0,6027.521944999999,3572.352082499999,2455.1698625,6234.794236499998,3136.047373999999,3098.746862499999,1
11.0,1.0,56.0,79.0,22284.9266194441,0.0,22284.9266194441,1685.09443322027,0.0,1685.09443322027,14053.3882390507,ra,2.0,0.0,2.0,229.17402150000046,0.0,229.17402150000046,2041.408884,0.0,2041.408884,2455.1698625,0.0,2455.1698625,1
11.0,2.0,5.0,80.0,42919.8251598076,21285.3584845686,21634.466675239,2910.89526178855,2910.89526178855,0.0,19878.6900646546,link,0.0,0.0,0.0,0.0,0.0,0.0,5177.456257999998,3136.047373999999,2041.408884,6288.086257999999,4246.677374,2041.408884,0
12.0,2.0,4.0,81.0,53131.6723320628,26537.1834811746,26594.4888508882,1562.32443000799,0.0,1562.32443000799,0.0,link,0.0,0.0,0.0,0.0,0.0,0.0,6369.12931,6369.12931,0.0,6965.22231,6369.12931,596.093,0
12.0,0.0,58.0,82.0,22288.895823896,22288.895823896,0.0,3364.25769729557,3364.25769729557,0.0,13722.6357161214,ra,34.0,34.0,0.0,5643.999999999998,5643.999999999998,0.0,6369.12931,6369.12931,0.0,2008.7363100000005,2008.7363100000005,0.0,1
12.0,1.0,57.0,83.0,22492.6689728353,0.0,22492.6689728353,3393.5923031971,0.0,3393.5923031971,13775.3691799331,ra,22.0,0.0,22.0,3601.5637999999994,0.0,3601.5637999999994,2306.7648,0.0,2306.7648,0.0,0.0,0.0,1
12.0,2.0,5.0,84.0,44751.0771921405,22273.0392762582,22478.0379158823,1559.84087923299,1559.84087923299,0.0,20725.0958331826,link,0.0,0.0,0.0,0.0,0.0,0.0,4315.50111,2008.7363100000005,2306.7648,4910.64611,2603.8813099999998,2306.7648,0
13.0,2.0,4.0,85.0,25987.610544625597,13119.3784455626,12868.232099063,1205.38349046939,0.0,1205.38349046939,0.0,link,0.0,0.0,0.0,0.0,0.0,0.0,6495.82987,3006.06387,3489.7659999999996,6955.734869999999,3006.06387,3949.6709999999994,0
13.0,2.0,59.0,86.0,13974.00634747334,7033.00411775856,6941.00222971478,6883.850493770729,3777.52597161839,3106.32452215234,36309.8952864744,ra,21.0,21.0,0.0,3403.5381300572317,1298.957085057232,2104.5810449999994,7415.215915,3006.06387,4409.152045,6638.158784942768,3148.3927849427682,3489.7659999999996,1
13.0,1.0,63.0,87.0,7362.49465739319,0.0,7362.49465739319,661.497609325267,0.0,661.497609325267,54986.8926639146,ra,0.0,0.0,0.0,0.0,0.0,0.0,4156.763044999999,0.0,4156.763044999999,4409.152045,0.0,4409.152045,0
13.0,0.0,62.0,88.0,7963.31449008736,7963.31449008736,0.0,1395.608479293,1395.608479293,0.0,55258.2918559062,ra,0.0,-0.0,0.0,0.0,0.0,0.0,3148.3927849427682,3148.3927849427682,0.0,3680.876784942768,3680.876784942768,0.0,0
13.0,2.0,70.0,89.0,20915.585370117602,10623.7234191176,10291.861951,6679.2986941238505,3389.00409366516,3290.29460045869,85720.8848871018,ra,10.0,10.0,0.0,1638.49696,1457.49856,180.99839999999998,6763.251229942767,3680.876784942768,3082.3744449999995,7673.1902699427665,3516.427224942768,4156.763044999999,1
13.0,1.0,71.0,90.0,10312.6666929756,0.0,10312.6666929756,1325.87027770041,0.0,1325.87027770041,92148.0377185692,ra,0.0,0.0,0.0,0.0,0.0,0.0,2576.4984449999997,0.0,2576.4984449999997,3082.3744449999995,0.0,3082.3744449999995,0
13.0,0.0,75.0,91.0,10865.4133062023,10865.4133062023,0.0,2225.2267853651,2225.2267853651,0.0,106351.198252807,ra,0.0,-0.0,0.0,0.0,0.0,0.0,3516.427224942768,3516.427224942768,0.0,4365.4452249427695,4365.4452249427695,0.0,0
13.0,2.0,80.0,92.0,21769.3135715549,10924.7717317326,10844.5418398223,5231.40590135432,1587.86020641778,3643.54569493654,121274.128299309,ra,34.0,34.0,0.0,5644.000000000002,4696.2604249427695,947.7395750572325,6499.5162450000025,4365.4452249427695,2134.0710200572325,2851.5192449999995,275.0208,2576.4984449999997,1
13.0,2.0,8.0,93.0,20326.8379673694,10049.6549230906,10277.1830442788,1199.97066882623,1199.97066882623,0.0,132616.969219855,link,0.0,0.0,0.0,0.0,0.0,0.0,2409.0918200572323,275.0208,2134.0710200572325,2866.9318200572325,732.8607999999999,2134.0710200572325,0
14.0,2.0,5.0,94.0,94497.8226477467,47019.266876753,47478.5557709937,936.342520757964,0.0,936.342520757964,0.0,link,0.0,0.0,0.0,0.0,0.0,0.0,8815.498999999998,5837.568999999999,2977.93,9172.752999999999,5837.568999999999,3335.1839999999997,0
14.0,0.0,61.0,95.0,46935.1899031602,46935.1899031602,0.0,2174.78874504217,2174.78874504217,0.0,4629.48262057162,ra,17.0,17.0,0.0,2822.0,2822.0,0.0,5837.568999999999,5837.568999999999,0.0,3845.342999999999,3845.342999999999,0.0,1
14.0,1.0,60.0,96.0,47664.7520038718,0.0,47664.7520038718,2204.32457448694,0.0,2204.32457448694,4633.73189838993,ra,0.0,0.0,-0.0,0.0,0.0,0.0,2136.887,0.0,2136.887,2977.93,0.0,2977.93,0
14.0,2.0,6.0,97.0,94641.6911720278,46900.6207445268,47741.070427501,922.919420502059,922.919420502059,0.0,6596.60038925666,link,0.0,0.0,0.0,0.0,0.0,0.0,5982.23,3845.342999999999,2136.887,6334.362999999999,4197.475999999999,2136.887,0
15.0,2.0,6.0,98.0,75207.4913410466,44538.3019109056,30669.189430141,1884.85015181653,0.0,1884.85015181653,0.0,link,0.0,0.0,0.0,0.0,0.0,0.0,5119.031999999999,2633.0679999999993,2485.964,5838.181999999999,2633.0679999999993,3205.114,0
15.0,1.0,64.0,99.0,16721.3274524539,0.0,16721.3274524539,6515.56424199958,0.0,6515.56424199958,25738.7432238461,ra,0.0,0.0,0.0,0.0,0.0,0.0,0.0,0.0,0.0,2485.964,0.0,2485.964,0
15.0,0.0,65.0,100.0,16271.068415411,16271.068415411,0.0,7891.47329091754,7891.47329091754,0.0,25740.9022185623,ra,34.0,34.0,0.0,5643.999999999999,5643.999999999999,0.0,2633.0679999999993,2633.0679999999993,0.0,0.0,0.0,0.0,1
15.0,2.0,0.0,101.0,10998.09198493645,5379.56194516866,5618.53003976779,1825.01257049708,1825.01257049708,0.0,48631.178555929,link,0.0,0.0,0.0,0.0,0.0,0.0,0.0,0.0,0.0,696.32,696.32,0.0,0
16.0,2.0,6.0,102.0,79740.5667298025,40135.9531021025,39604.6136277,2800.89558131599,0.0,2800.89558131599,0.0,link,0.0,0.0,0.0,0.0,0.0,0.0,3701.294999999999,3701.294999999999,0.0,4769.954999999999,3701.294999999999,1068.66,0
16.0,1.0,66.0,103.0,29014.9759926702,0.0,29014.9759926702,4194.66206610603,0.0,4194.66206610603,12316.8385533337,ra,34.0,0.0,34.0,5644.0,0.0,5644.0,4043.559,0.0,4043.559,0.0,0.0,0.0,1
16.0,0.0,67.0,104.0,29278.0080852545,29278.0080852545,0.0,4585.78782260726,4585.78782260726,0.0,12575.9466885105,ra,0.0,0.0,0.0,0.0,0.0,0.0,3701.294999999999,3701.294999999999,0.0,5450.967,5450.967,0.0,0
16.0,0.0,72.0,105.0,28145.026567285,28145.026567285,0.0,3642.99524799985,3642.99524799985,0.0,25449.0803158335,ra,0.0,-0.0,0.0,0.0,0.0,0.0,5450.967,5450.967,0.0,6840.924,6840.924,0.0,0
16.0,1.0,74.0,106.0,25731.8558288299,0.0,25731.8558288299,3150.32793358614,0.0,3150.32793358614,32933.7519739179,ra,0.0,0.0,0.0,0.0,0.0,0.0,2841.5750000000007,0.0,2841.5750000000007,4043.559,0.0,4043.559,0
16.0,0.0,76.0,107.0,25418.7221777421,25418.7221777421,0.0,6370.06870476076,6370.06870476076,0.0,49497.4689014342,ra,34.0,34.0,0.0,5644.0,5644.0,0.0,6840.924,6840.924,0.0,3627.374999999999,3627.374999999999,0.0,1
16.0,1.0,77.0,108.0,25469.3693020146,0.0,25469.3693020146,3629.48335037293,0.0,3629.48335037293,49565.5184208006,ra,34.0,0.0,34.0,5643.999999999999,0.0,5643.999999999999,7100.773,0.0,7100.773,2841.5750000000007,0.0,2841.5750000000007,1
16.0,1.0,82.0,109.0,26935.5497477119,0.0,26935.5497477119,4731.07688196937,0.0,4731.07688196937,67595.9687520987,ra,0.0,0.0,-0.0,0.0,0.0,0.0,5295.667,0.0,5295.667,7100.773,0.0,7100.773,0
16.0,0.0,83.0,110.0,27462.4751098044,27462.4751098044,0.0,5057.1026374567,5057.1026374567,0.0,68666.0746432526,ra,0.0,-0.0,0.0,0.0,0.0,0.0,3627.374999999999,3627.374999999999,0.0,5556.874,5556.874,0.0,0
16.0,1.0,86.0,111.0,27163.1527528195,0.0,27163.1527528195,4196.37690745412,0.0,4196.37690745412,81021.8926734055,ra,0.0,0.0,0.0,0.0,0.0,0.0,3694.571,0.0,3694.571,5295.667,0.0,5295.667,0
16.0,0.0,89.0,112.0,29187.9984476255,29187.9984476255,0.0,6653.92810326968,6653.92810326968,0.0,92123.379066016,ra,0.0,0.0,0.0,0.0,0.0,0.0,5556.874,5556.874,0.0,8095.629999999999,8095.629999999999,0.0,0
16.0,1.0,90.0,113.0,28376.9986665812,0.0,28376.9986665812,5601.68477510965,0.0,5601.68477510965,92203.5095301381,ra,33.0,0.0,33.0,5317.7968435,0.0,5317.7968435,6875.0878434999995,0.0,6875.0878434999995,3694.571,0.0,3694.571,1
16.0,2.0,94.0,114.0,71124.20344709541,35553.8279012094,35570.375545886,8755.2397188011,4299.63877333859,4455.60094546251,106046.116569043,ra,0.0,0.0,0.0,0.0,0.0,0.0,13270.716843499999,8095.629999999999,5175.086843499999,16611.2118435,9736.124,6875.0878434999995,0
16.0,2.0,12.0,115.0,71147.99996754559,35564.9999847632,35582.9999827824,2799.48715587504,2799.48715587504,0.0,113917.810760995,link,0.0,0.0,0.0,0.0,0.0,0.0,14911.2108435,9736.124,5175.086843499999,15979.333843499999,10804.247,5175.086843499999,0
18.0,2.0,7.0,118.0,26949.9999999978,13587.9999999988,13361.999999999,1262.35088868617,0.0,1262.35088868617,0.0,link,0.0,0.0,0.0,0.0,0.0,0.0,1068.9517,1068.9517,0.0,1550.5917,1068.9517,481.64,0
18.0,0.0,68.0,119.0,13587.9186189986,13587.9186189986,0.0,1673.78287195478,1673.78287195478,0.0,12318.1380453438,ra,0.0,-0.0,0.0,0.0,0.0,0.0,1068.9517,1068.9517,0.0,1707.5707,1707.5707,0.0,0
18.0,1.0,69.0,120.0,13361.9322654755,0.0,13361.9322654755,3620.13302138755,0.0,3620.13302138755,12346.3056788137,ra,34.0,0.0,34.0,5644.0,0.0,5644.0,4262.766,0.0,4262.766,0.0,0.0,0.0,1
18.0,2.0,73.0,121.0,21133.145613699402,10354.0731302489,10779.0724834505,3099.0639764515,1773.46409345857,1325.59988299293,27186.3293839123,ra,0.0,0.0,0.0,0.0,0.0,0.0,5464.5637,1707.5707,3756.993,6646.9887,2384.2227000000003,4262.766,0
18.0,2.0,81.0,122.0,17024.72901544851,8263.2955761644,8761.43343928411,10407.12701858784,5132.59342206241,5274.53359652543,76811.9776614867,ra,34.0,0.0,34.0,5643.999999999999,693.7655830693366,4950.2344169306625,9078.992116930664,2384.2227000000003,6694.769416930663,7405.752116930664,3648.7591169306634,3756.993,1
18.0,0.0,84.0,123.0,7912.19781312535,7912.19781312535,0.0,1219.94777274037,1219.94777274037,0.0,91803.7907317536,ra,0.0,-0.0,0.0,0.0,0.0,0.0,3648.7591169306634,3648.7591169306634,0.0,4114.221116930664,4114.221116930664,0.0,0
18.0,1.0,85.0,124.0,8875.83878859374,0.0,8875.83878859374,1785.78492380043,0.0,1785.78492380043,91872.4611970398,ra,0.0,0.0,0.0,0.0,0.0,0.0,6013.416416930662,0.0,6013.416416930662,6694.769416930663,0.0,6694.769416930663,0
18.0,2.0,92.0,125.0,47292.9371799686,22515.082655355,24777.8545246136,4754.45243720846,3104.7402940347,1649.71214317376,121334.732705969,ra,0.0,0.0,0.0,0.0,0.0,0.0,9498.202533861328,4114.221116930664,5383.981416930663,11312.227533861325,5298.811116930663,6013.416416930662,0
18.0,2.0,11.0,126.0,53098.002767233804,24816.3642256391,28281.6385415947,1125.0783643968,1125.0783643968,0.0,126075.531741563,link,0.0,0.0,0.0,0.0,0.0,0.0,10682.792533861326,5298.811116930663,5383.981416930663,11112.057533861327,5728.076116930663,5383.981416930663,0
19.0,2.0,7.0,127.0,19888.0,9830.0,10058.0,1832.522339,0.0,1832.522339,0.0,link,0.0,0.0,0.0,0.0,0.0,0.0,672.2288000000001,672.2288000000001,0.0,1371.4138,672.2288000000001,699.185,0
19.0,2.0,0.0,128.0,19888.0,9830.0,10058.0,1790.981765,1790.981765,0.0,18219.577121931,link,0.0,0.0,0.0,0.0,0.0,0.0,672.2288000000001,672.2288000000001,0.0,1355.5638,1355.5638,0.0,0
20.0,2.0,0.0,129.0,19481.0003447438,9701.00019990513,9780.00014483867,1585.94680206363,0.0,1585.94680206363,0.0,link,0.0,0.0,0.0,0.0,0.0,0.0,0.0,0.0,0.0,605.106,0.0,605.106,0
20.0,0.0,78.0,130.0,10133.9989103389,10133.9989103389,0.0,2201.81082897895,2201.81082897895,0.0,22308.8999344534,ra,6.0,6.0,0.0,840.084,840.084,0.0,0.0,0.0,0.0,0.0,0.0,0.0,1
20.0,1.0,79.0,131.0,10094.128472639,0.0,10094.128472639,2214.67932713437,0.0,2214.67932713437,22364.4498639692,ra,21.0,0.0,21.0,3439.4068600572314,0.0,3439.4068600572314,2594.4128600572326,0.0,2594.4128600572326,0.0,0.0,0.0,1
20.0,2.0,8.0,132.0,21962.979690817003,10983.9900500203,10978.9896407967,1594.24397947735,1594.24397947735,0.0,37253.2284842051,link,0.0,0.0,0.0,0.0,0.0,0.0,2594.4128600572326,0.0,2594.4128600572326,3202.6848600572325,608.272,2594.4128600572326,0
21.0,2.0,8.0,133.0,21649.000000000102,11074.0,10575.0000000001,371.58433599978,0.0,371.58433599978,0.0,link,0.0,0.0,0.0,0.0,0.0,0.0,3608.267352,1552.3260859999998,2055.9412660000003,3750.0423520000004,1552.3260859999998,2197.7162660000004,0
21.0,2.0,87.0,134.0,23288.9999999286,11776.9999999694,11511.9999999592,6542.5877927048805,3329.21173105459,3213.37606165029,29246.6421925882,ra,34.0,34.0,0.0,5644.0,1394.2373385702335,4249.762661429766,6631.991013429767,1552.3260859999998,5079.664927429767,3484.2650134297664,1428.3237474297662,2055.9412660000003,1
21.0,2.0,10.0,135.0,23288.9999999998,11776.9999999999,11511.9999999999,380.138005999835,380.138005999835,0.0,32474.4736101551,link,0.0,0.0,0.0,0.0,0.0,0.0,6507.988674859533,1428.3237474297662,5079.664927429767,6653.027674859533,1573.3627474297664,5079.664927429767,0
22.0,2.0,8.0,136.0,18089.34980232114,9293.63667702267,8795.71312529847,2541.60361777734,0.0,2541.60361777734,0.0,link,0.0,0.0,0.0,0.0,0.0,0.0,3849.4077021144653,873.83352,2975.574182114465,4819.137702114465,873.83352,3945.304182114465,0
22.0,2.0,9.0,137.0,22551.7599214391,11229.4921808602,11322.2677405789,2598.64030591273,2598.64030591273,0.0,25496.1440920557,link,0.0,0.0,0.0,0.0,0.0,0.0,3849.4077021144653,873.83352,2975.574182114465,4840.898702114465,1865.32452,2975.574182114465,0
24.0,2.0,9.0,140.0,25786.108144857702,12922.6073175015,12863.5008273562,310.22506737586,0.0,310.22506737586,0.0,link,0.0,0.0,0.0,0.0,0.0,0.0,8535.84527373431,5021.076573734309,3514.7687000000005,8654.209273734308,5021.076573734309,3633.1327,0
24.0,0.0,88.0,141.0,12911.6129537198,12911.6129537198,0.0,904.521486357201,904.521486357201,0.0,7001.12487688288,ra,33.0,33.0,0.0,5366.189573734308,5366.189573734308,0.0,5021.076573734309,5021.076573734309,0.0,4.263256414560601e-14,4.263256414560601e-14,0.0,1
24.0,1.0,91.0,142.0,12797.6950404071,0.0,12797.6950404071,2112.95769776524,0.0,2112.95769776524,10447.761196687,ra,11.0,0.0,11.0,1822.4447499008,0.0,1822.4447499008,4531.0304499008,0.0,4531.0304499008,3514.7687000000005,0.0,3514.7687000000005,1
24.0,0.0,97.0,143.0,9570.73893282761,9570.73893282761,0.0,2755.77301226508,2755.77301226508,0.0,30840.5691895132,ra,0.0,0.0,0.0,0.0,0.0,0.0,4.263256414560601e-14,4.263256414560601e-14,0.0,1051.444,1051.444,0.0,0
24.0,1.0,98.0,144.0,9946.42620888775,0.0,9946.42620888775,2231.33572547577,0.0,2231.33572547577,30857.3340619152,ra,5.0,0.0,5.0,734.248651383315,0.0,734.248651383315,4413.930101284115,0.0,4413.930101284115,4531.0304499008,0.0,4531.0304499008,1
24.0,2.0,108.0,145.0,15887.70615160749,7870.70573058493,8017.00042102256,4501.986650504179,2168.3895853448,2333.59706515938,55766.1486133563,ra,0.0,0.0,0.0,0.0,0.0,0.0,4575.008101284115,1051.444,3523.5641012841147,6292.707101284115,1878.777,4413.930101284115,0
24.0,2.0,114.0,146.0,28294.0206982518,14163.5504368669,14130.4702613849,3453.81695206723,2111.30760238217,1342.50934968506,76000.7341358558,ra,0.0,0.0,0.0,0.0,0.0,0.0,4890.117101284115,1878.777,3011.3401012841146,6207.894101284115,2684.33,3523.5641012841147,0
24.0,2.0,15.0,147.0,28738.6713502246,14383.3123439625,14355.3590062621,310.87767950128,310.87767950128,0.0,78175.474803374,link,0.0,0.0,0.0,0.0,0.0,0.0,5695.670101284115,2684.33,3011.3401012841146,5814.283101284114,2802.9429999999998,3011.3401012841146,0
25.0,2.0,9.0,148.0,18444.994544675952,9036.99752648209,9407.99701819386,3162.57397865205,0.0,3162.57397865205,0.0,link,0.0,0.0,0.0,0.0,0.0,0.0,5575.378735848774,2141.9206000000004,3433.458135848774,6782.034735848774,2141.9206000000004,4640.114135848774,0
25.0,2.0,10.0,149.0,19006.7279100321,9665.34291491844,9341.38499511366,3137.60809841466,3137.60809841466,0.0,35248.1726115327,link,0.0,0.0,0.0,0.0,0.0,0.0,5575.378735848775,2141.9206000000004,3433.458135848775,6772.509735848775,3339.0516000000002,3433.458135848774,0
26.0,2.0,10.0,150.0,39799.090315948604,19727.656489473,20071.4338264756,5432.50664953123,0.0,5432.50664953123,0.0,link,0.0,0.0,0.0,0.0,0.0,0.0,9005.872402250448,3674.981123200837,5330.8912790496115,11078.604402250447,3674.9811232008365,7403.62327904961,0
26.0,2.0,11.0,151.0,61239.0276416527,31319.7944712375,29919.2331704152,5527.09879983652,5527.09879983652,0.0,24120.7762535988,link,0.0,0.0,0.0,0.0,0.0,0.0,9005.872402250448,3674.9811232008365,5330.8912790496115,11114.695402250447,5783.804123200835,5330.8912790496115,0
27.0,2.0,11.0,152.0,68446.95855219441,33632.3321209786,34814.6264312158,4475.01586176286,0.0,4475.01586176286,0.0,link,0.0,0.0,0.0,0.0,0.0,0.0,13216.833503953974,5631.5610240526,7585.272479901374,14924.241503953974,5631.5610240526,9292.680479901373,0
27.0,0.0,99.0,153.0,29715.9548515929,29715.9548515929,0.0,4959.0509597815,4959.0509597815,0.0,15398.2814879574,ra,0.0,0.0,0.0,0.0,0.0,0.0,5631.5610240526,5631.5610240526,0.0,7523.6490240526,7523.6490240526,0.0,0
27.0,1.0,100.0,154.0,27462.2259431798,0.0,27462.2259431798,4427.60002896918,0.0,4427.60002896918,15788.2300471589,ra,22.0,0.0,22.0,3542.1602448512,0.0,3542.1602448512,9438.115724752573,0.0,9438.115724752573,7585.272479901374,0.0,7585.272479901374,1
27.0,2.0,107.0,155.0,39803.000772140804,18775.2599855575,21027.7407865833,8521.51974910427,4077.761723511,4443.75802559327,32030.5850885025,ra,17.0,17.0,0.0,2738.7385213789603,1736.1558012803348,1002.5827200986257,16268.8654689038,7523.6490240526,8745.2164448512,16781.44794752484,7343.3322227722665,9438.115724752573,1
27.0,0.0,111.0,156.0,14923.34787731,14923.34787731,0.0,3332.68370370798,3332.68370370798,0.0,51994.455333056,ra,8.0,8.0,0.0,1271.56,1271.56,0.0,7343.3322227722665,7343.3322227722665,0.0,7343.3322227722665,7343.3322227722665,0.0,1
27.0,1.0,110.0,157.0,16064.7865328213,0.0,16064.7865328213,3656.83050998601,0.0,3656.83050998601,52217.7859827402,ra,0.0,0.0,0.0,0.0,0.0,0.0,7349.9804448511995,0.0,7349.9804448511995,8745.2164448512,0.0,8745.2164448512,0
27.0,2.0,113.0,158.0,28115.7326932638,13396.479626617,14719.2530666468,8182.361978154309,4151.77442489818,4030.58755325613,80453.8359529617,ra,0.0,0.0,0.0,0.0,0.0,0.0,13155.472667623468,7343.3322227722665,5812.1404448512,16277.390667623466,8927.410222772265,7349.9804448511995,0
27.0,0.0,115.0,159.0,16210.1141141057,16210.1141141057,0.0,2741.86480754644,2741.86480754644,0.0,99290.1862589441,ra,29.0,29.0,0.0,4798.306616000001,4798.306616000001,0.0,8927.410222772265,8927.410222772265,0.0,5175.241606772265,5175.241606772265,0.0,1
27.0,2.0,116.0,160.0,34177.789667498,16266.7915147338,17910.9981527642,6377.1162856009105,1294.98984691301,5082.1264386879,107271.26953268,ra,17.0,0.0,17.0,2756.5791353889504,2756.5791353889504,0.0,9048.335051623464,5175.241606772265,3873.0934448512,8724.896916234517,2912.7564713833153,5812.1404448512,1
27.0,2.0,15.0,161.0,39893.9999998457,18725.9999999336,21167.9999999121,3972.00678523747,3972.00678523747,0.0,128894.513137464,link,0.0,0.0,0.0,0.0,0.0,0.0,6785.849916234515,2912.7564713833153,3873.0934448512,8301.338916234516,4428.245471383316,3873.0934448512,0
28.0,2.0,11.0,162.0,61992.2787513973,31725.312247826,30266.9665035713,2390.70224064613,0.0,2390.70224064613,0.0,link,0.0,0.0,0.0,0.0,0.0,0.0,9043.735,7207.008000000001,1836.727,9955.889000000001,7207.008000000001,2748.8810000000003,0
28.0,0.0,93.0,163.0,30439.2241679383,30439.2241679383,0.0,1072.78335284043,1072.78335284043,0.0,3445.55910715547,ra,21.0,21.0,0.0,3486.0,3486.0,0.0,7207.008000000001,7207.008000000001,0.0,4130.32,4130.32,0.0,1
28.0,0.0,95.0,164.0,18498.9087746208,18498.9087746208,0.0,3967.26574657,3967.26574657,0.0,21968.3457181098,ra,34.0,34.0,0.0,5643.999999999999,5643.999999999999,0.0,4130.32,4130.32,0.0,0.0,0.0,0.0,1
28.0,1.0,96.0,165.0,17419.1863324911,0.0,17419.1863324911,4813.95264377551,0.0,4813.95264377551,22264.116411145,ra,0.0,0.0,0.0,0.0,0.0,0.0,0.0,0.0,0.0,1836.727,0.0,1836.727,0
28.0,2.0,0.0,166.0,16044.98321671642,8425.39921826346,7619.58399845296,2682.96218463007,2682.96218463007,0.0,40879.2796779836,link,0.0,0.0,0.0,0.0,0.0,0.0,0.0,0.0,0.0,1023.664,1023.664,0.0,0
30.0,2.0,12.0,169.0,31173.0077127878,15334.6891591729,15838.3185536149,1373.0223382835,0.0,1373.0223382835,0.0,link,0.0,0.0,0.0,0.0,0.0,0.0,7978.374517,4651.88995,3326.4845670000004,8502.240517,4651.88995,3850.3505670000004,0
30.0,0.0,101.0,170.0,15342.1685357064,15342.1685357064,0.0,288.700229956651,288.700229956651,0.0,1882.30501330568,ra,9.0,9.0,0.0,1464.7329790000001,1464.7329790000001,0.0,4651.88995,4651.88995,0.0,3297.3079709999997,3297.3079709999997,0.0,1
30.0,1.0,102.0,171.0,15008.3801891543,0.0,15008.3801891543,2426.9547057033,0.0,2426.9547057033,15325.3757236118,ra,0.0,0.0,-0.0,0.0,0.0,0.0,2400.4985670000005,0.0,2400.4985670000005,3326.4845670000004,0.0,3326.4845670000004,0
30.0,0.0,103.0,172.0,14615.1043928834,14615.1043928834,0.0,2123.5391790608,2123.5391790608,0.0,15632.2115214018,ra,10.0,10.0,0.0,1506.6707274999999,1506.6707274999999,0.0,3297.3079709999997,3297.3079709999997,0.0,2600.8572434999996,2600.8572434999996,0.0,1
30.0,2.0,13.0,173.0,18934.3901725728,9143.1385769236,9791.2515956492,1268.11665537119,1268.11665537119,0.0,27311.5905726122,link,0.0,0.0,0.0,0.0,0.0,0.0,5001.3558105,2600.8572434999996,2400.4985670000005,5485.1958105,3084.6972435,2400.4985670000005,0
31.0,2.0,12.0,174.0,61211.2617744492,30941.9007084376,30269.3610660116,584.87883138558,0.0,584.87883138558,0.0,link,0.0,0.0,0.0,0.0,0.0,0.0,13611.2513735,9331.0140735,4280.2373,13834.4073735,9331.0140735,4503.3933,0
31.0,1.0,106.0,175.0,29780.0349085717,0.0,29780.0349085717,3637.7163502508,0.0,3637.7163502508,10173.7794302971,ra,0.0,0.0,0.0,0.0,0.0,0.0,2892.2943,0.0,2892.2943,4280.2373,0.0,4280.2373,0
31.0,0.0,105.0,176.0,30402.9541425937,30402.9541425937,0.0,3119.85205801169,3119.85205801169,0.0,10175.4293545811,ra,34.0,34.0,0.0,5643.999999999999,5643.999999999999,0.0,9331.0140735,9331.0140735,0.0,4877.3700735,4877.3700735,0.0,1
31.0,2.0,109.0,177.0,62402.9342497772,31525.7279110326,30877.2063387446,6816.57046321175,3762.41918739273,3054.15127581902,22337.1483709023,ra,34.0,0.0,34.0,5643.999999999999,5643.999999999999,0.0,6604.3763735,4877.3700735,1727.0063,3561.186373500001,668.892073500001,2892.2943,1
31.0,2.0,14.0,178.0,62766.261417807,31611.057809806,31155.203608001,595.148026243029,595.148026243029,0.0,24222.213413882,link,0.0,0.0,0.0,0.0,0.0,0.0,2395.898373500001,668.892073500001,1727.0063,2622.9723735000007,895.9660735000009,1727.0063,0
32.0,2.0,13.0,179.0,24034.0,12223.0,11811.0,4986.62400523132,0.0,4986.62400523132,0.0,link,0.0,0.0,0.0,0.0,0.0,0.0,3582.5878105,3084.6972435,497.8905670000006,5485.1958105,3084.6972435,2400.4985670000005,0
32.0,2.0,104.0,180.0,24034.0000000012,12223.0000000006,11811.0000000006,545.6198680000059,277.486546000003,268.133322000003,2270.21285318104,ra,34.0,34.0,0.0,5644.0,2885.741817000001,2758.2581829999995,6238.541993499999,3084.6972435,3153.8447499999997,802.7189934999994,304.8284264999988,497.8905670000006,1
32.0,2.0,16.0,181.0,35472.0,17897.0,17575.0,5106.43524839964,5106.43524839964,0.0,35413.5690178666,link,0.0,0.0,0.0,0.0,0.0,0.0,3458.6731764999986,304.8284264999988,3153.8447499999997,5406.995176499999,2253.1504264999985,3153.8447499999997,0
33.0,2.0,14.0,182.0,25491.3919282071,13297.3329457903,12194.0589824168,2901.96451332052,0.0,2901.96451332052,0.0,link,0.0,0.0,0.0,0.0,0.0,0.0,595.7507000000002,595.7507000000002,0.0,1702.9737,595.7507,1107.223,0
33.0,2.0,0.0,183.0,27433.9391849649,13761.9854531938,13671.9537317711,3014.56661334824,3014.56661334824,0.0,22213.6117866395,link,0.0,0.0,0.0,0.0,0.0,0.0,595.7507,595.7507,0.0,1745.9357,1745.9357,0.0,0
34.0,2.0,14.0,184.0,40290.9817282687,40289.5340857765,1.44764249220084,4807.99244961434,0.0,4807.99244961434,0.0,link,0.0,0.0,0.0,0.0,0.0,0.0,1514.885073500001,1514.8850735000008,1.558118713416791e-13,3349.338073500001,1514.8850735000008,1834.453,0
34.0,2.0,112.0,185.0,40084.6794214896,20069.2583308031,20015.4210906865,5879.593873458731,4738.49168603675,1141.10218742198,14615.9886216738,ra,30.0,30.0,0.0,4928.7495874696,3238.0150735,1690.7345139696,2770.2405874696005,1514.8850735000008,1255.3555139695995,84.80500000000022,84.80500000000006,1.558118713416791e-13,1
34.0,0.0,120.0,186.0,19233.9789959859,19233.9789959859,0.0,2388.18736449935,2388.18736449935,0.0,26934.1491638682,ra,6.0,6.0,0.0,996.0000000000001,996.0000000000001,0.0,84.80500000000006,84.80500000000006,0.0,0.0,0.0,0.0,1
34.0,2.0,20.0,187.0,42848.933143860995,20473.5804606555,22375.3526832055,2247.13462765847,2247.13462765847,0.0,38220.8594846279,link,0.0,0.0,0.0,0.0,0.0,0.0,1255.3555139695998,0.0,1255.3555139695998,2112.7325139695995,857.377,1255.3555139695995,0
35.0,2.0,0.0,188.0,13637.0,6766.0,6871.0,2412.0267595,0.0,2412.0267595,0.0,link,0.0,0.0,0.0,0.0,0.0,0.0,1585.9589499999997,0.0,1585.9589499999997,2506.24895,0.0,2506.24895,0
35.0,2.0,16.0,189.0,13637.0,6766.0,6871.0,2375.167087,2375.167087,0.0,35104.4629542217,link,0.0,0.0,0.0,0.0,0.0,0.0,1585.9589499999997,0.0,1585.9589499999997,2492.1859499999996,906.227,1585.9589499999997,0
36.0,2.0,15.0,190.0,63592.0,31158.0,32434.0,1263.515121,0.0,1263.515121,0.0,link,0.0,0.0,0.0,0.0,0.0,0.0,9037.724074751999,4933.282,4104.442074751999,9519.809074752,4933.282,4586.527074751999,0
36.0,0.0,121.0,191.0,31158.0,31158.0,0.0,1862.749872,1862.749872,0.0,5978.40628225615,ra,34.0,34.0,0.0,5644.0,5644.0,0.0,4933.282,4933.282,0.0,0.0,0.0,0.0,1
36.0,1.0,122.0,192.0,32434.0,0.0,32434.0,2232.999815,0.0,2232.999815,6884.76410576914,ra,0.0,0.0,0.0,0.0,0.0,0.0,3252.4580747519994,0.0,3252.4580747519994,4104.442074751999,0.0,4104.442074751999,0
36.0,2.0,17.0,193.0,63592.0,31158.0,32434.0,1496.20716,1496.20716,0.0,10780.4149902554,link,0.0,0.0,0.0,0.0,0.0,0.0,3252.4580747519994,0.0,3252.4580747519994,3823.3240747519994,570.866,3252.4580747519994,0
37.0,2.0,16.0,194.0,61280.6441162145,31014.1744637331,30266.4696524814,3075.32200703344,0.0,3075.32200703344,0.0,link,0.0,0.0,0.0,0.0,0.0,0.0,5221.504726499999,2407.2222264999987,2814.2825000000003,6394.870726499998,2407.2222264999987,3987.6485,0
37.0,0.0,117.0,195.0,31188.9181978021,31188.9181978021,0.0,476.264669971773,476.264669971773,0.0,1531.60155183027,ra,6.0,6.0,0.0,879.5174146666617,879.5174146666617,0.0,2407.2222264999987,2407.2222264999987,0.0,1709.419811833337,1709.419811833337,0.0,1
37.0,2.0,18.0,196.0,64809.525076994905,32882.2900340846,31927.2350429103,2677.02300367325,2677.02300367325,0.0,9891.28354449013,link,0.0,0.0,0.0,0.0,0.0,0.0,4523.702311833337,1709.419811833337,2814.2825000000003,5545.100311833337,2730.817811833337,2814.2825000000003,0
38.0,2.0,17.0,197.0,73980.9084088181,36437.7364219997,37543.1719868184,8581.89596317837,0.0,8581.89596317837,0.0,link,0.0,0.0,0.0,0.0,0.0,0.0,1360.0143747519996,1288.20301,71.81136475199973,4634.371374752,1288.20301,3346.168364752,0
38.0,1.0,118.0,198.0,38288.3848812199,0.0,38288.3848812199,3563.20063608103,0.0,3563.20063608103,5385.57294187173,ra,34.0,0.0,34.0,5644.0,0.0,5644.0,4356.299364752,0.0,4356.299364752,71.81136475199973,0.0,71.81136475199973,1
38.0,0.0,119.0,199.0,38355.5663129252,38355.5663129252,0.0,2619.00122524035,2619.00122524035,0.0,7097.78606046679,ra,0.0,0.0,0.0,0.0,0.0,0.0,1288.20301,1288.20301,0.0,2287.4630099999995,2287.4630099999995,0.0,0
38.0,1.0,123.0,200.0,41712.9401712972,0.0,41712.9401712972,2031.11145511135,0.0,2031.11145511135,14257.7141698898,ra,12.0,0.0,12.0,1992.0,0.0,1992.0,5573.344364752,0.0,5573.344364752,4356.299364752,0.0,4356.299364752,1
38.0,0.0,124.0,201.0,40728.8663078391,40728.8663078391,0.0,2848.88985060576,2848.88985060576,0.0,14300.5054996462,ra,21.0,21.0,0.0,3374.4350099999997,3374.4350099999997,0.0,2287.4630099999995,2287.4630099999995,0.0,0.0,0.0,0.0,1
38.0,2.0,22.0,202.0,105896.4428578996,51540.438437961,54356.0044199386,8230.02197998083,8230.02197998083,0.0,31585.4341675124,link,0.0,0.0,0.0,0.0,0.0,0.0,5573.344364752,0.0,5573.344364752,8713.446364751999,3140.102,5573.344364752,0
39.0,2.0,17.0,203.0,25562.2788538132,12328.3002896388,13233.9785641744,1988.33296352279,0.0,1988.33296352279,0.0,link,0.0,0.0,0.0,0.0,0.0,0.0,2172.12752,1153.5669,1018.56062,2930.76052,1153.5669,1777.19362,0
39.0,2.0,24.0,204.0,21529.4529436522,10591.5844792127,10937.8684644395,1897.36879079567,1897.36879079567,0.0,17071.729881247,link,0.0,0.0,0.0,0.0,0.0,0.0,2172.12752,1153.5669,1018.56062,2896.0545199999997,1877.4939,1018.56062,0
40.0,2.0,18.0,205.0,25932.8384078479,12821.1458632264,13111.6925446215,1674.79594495223,0.0,1674.79594495223,0.0,link,0.0,0.0,0.0,0.0,0.0,0.0,2358.445000000001,1659.226600000001,699.2184,2997.451000000001,1659.226600000001,1338.2244,0
40.0,2.0,26.0,206.0,22387.8945153677,11334.7070106569,11053.1875047108,1671.62669728314,1671.62669728314,0.0,13785.5992106443,link,0.0,0.0,0.0,0.0,0.0,0.0,2358.445000000001,1659.226600000001,699.2184,2996.241000000001,2297.022600000001,699.2184,0
41.0,2.0,18.0,207.0,65100.0643805413,32409.6776559215,32690.3867246198,8031.94834387227,0.0,8031.94834387227,0.0,link,0.0,0.0,0.0,0.0,0.0,0.0,2660.062111833336,2660.062111833336,0.0,5724.591111833336,2660.062111833336,3064.529,0
41.0,1.0,126.0,208.0,33015.8306660751,0.0,33015.8306660751,515.744798385718,0.0,515.744798385718,1570.62189366782,ra,20.0,0.0,20.0,3179.984829602387,0.0,3179.984829602387,2983.205829602387,0.0,2983.205829602387,0.0,0.0,0.0,1
41.0,0.0,125.0,209.0,32828.8089278736,32828.8089278736,0.0,517.979810454405,517.979810454405,0.0,1588.99980042748,ra,18.0,18.0,0.0,2857.693111833336,2857.693111833336,0.0,2660.062111833336,2660.062111833336,0.0,-2.842170943040401e-14,-2.842170943040401e-14,0.0,1
41.0,2.0,25.0,210.0,107717.843361102,52411.8634929897,55305.9798681123,8019.3953752296,8019.3953752296,0.0,19664.6825171201,link,0.0,0.0,0.0,0.0,0.0,0.0,2983.205829602387,-2.842170943040401e-14,2983.205829602387,6042.9448296023875,3059.739,2983.205829602387,0
42.0,2.0,0.0,211.0,64323.0,34358.0,29965.0,292.1437675,0.0,292.1437675,0.0,link,0.0,0.0,0.0,0.0,0.0,0.0,2448.45028851264,0.0,2448.45028851264,2411.462673,0.0,2411.462673,0
42.0,2.0,21.0,212.0,64323.0,34358.0,29965.0,334.973321,334.973321,0.0,974.993087217836,link,0.0,0.0,0.0,0.0,0.0,0.0,2448.45028851264,0.0,2448.45028851264,2576.2572885126397,127.807,2448.45028851264,0
43.0,2.0,20.0,213.0,150198.49863614672,75767.4489434685,74431.0496926782,256.538715958994,0.0,256.538715958994,0.0,link,0.0,0.0,0.0,0.0,0.0,0.0,4777.598366447999,3952.8616135999996,824.7367528479995,4875.478366447999,3952.8616135999996,922.6167528479995,0
43.0,2.0,127.0,214.0,143910.6207571261,71622.8655725805,72287.7551845456,14695.55070776022,7361.67405319568,7333.87665456454,10005.6920912667,ra,34.0,0.0,34.0,5643.999999999999,0.0,5643.999999999999,7623.413366448,3952.8616135999996,3670.5517528479995,7586.389366448,6761.6526136,824.7367528479995,1
43.0,2.0,22.0,215.0,143835.3128743358,71573.2272359724,72262.0856383634,254.135111440735,254.135111440735,0.0,10360.6755425037,link,0.0,0.0,0.0,0.0,0.0,0.0,10432.204366448,6761.6526136,3670.5517528479995,10529.167366448,6858.6156136,3670.5517528479995,0
44.0,2.0,20.0,216.0,153959.0,74263.0,79696.0,3498.6544,0.0,3498.6544,0.0,link,0.0,0.0,0.0,0.0,0.0,0.0,4847.941968708799,1167.9396517087996,3680.0023169999995,6182.826968708799,1167.9396517087996,5014.887316999999,0
44.0,2.0,21.0,217.0,153959.0,74263.0,79696.0,3260.1457,3260.1457,0.0,4390.04714603225,link,0.0,0.0,0.0,0.0,0.0,0.0,4847.941968708799,1167.9396517087996,3680.0023169999995,6091.825968708799,2411.8236517088,3680.0023169999995,0
45.0,2.0,20.0,218.0,62196.7600253059,32348.664026557,29848.0959987489,1778.43165752251,0.0,1778.43165752251,0.0,link,0.0,0.0,0.0,0.0,0.0,0.0,1121.6782658543998,1121.6782658543998,0.0,1800.2252658543998,1121.6782658543998,678.547,0
45.0,2.0,129.0,219.0,59803.760630072604,31496.7732925594,28306.9873375132,6019.40155695864,3144.57563370826,2874.82592325038,9849.37897275001,ra,28.0,0.0,28.0,4638.6681858544,2321.4672658544,2317.2009199999998,2342.0111858543996,1121.6782658543998,1220.33292,7.105427357601002e-15,7.105427357601002e-15,0.0,1
45.0,2.0,27.0,220.0,59265.8366310976,31619.7156039958,27646.1210271018,2008.7677610147,2008.7677610147,0.0,16227.5537304541,link,0.0,0.0,0.0,0.0,0.0,0.0,1220.33292,7.105427357601002e-15,1220.33292,1986.7629200000001,766.43,1220.33292,0
46.0,2.0,21.0,221.0,122056.3633115633,58092.1447118619,63964.2185997014,6279.26064472807,0.0,6279.26064472807,0.0,link,0.0,0.0,0.0,0.0,0.0,0.0,4671.8166661961595,1739.3993561961597,2932.41731,7067.62066619616,1739.3993561961597,5328.22131,0
46.0,2.0,23.0,222.0,131872.7061463396,62497.919354533,69374.7867918066,5678.0443937591,5678.0443937591,0.0,9404.55520736285,link,0.0,0.0,0.0,0.0,0.0,0.0,4671.8166661961595,1739.3993561961597,2932.41731,6838.2316661961595,3905.814356196159,2932.41731,0
47.0,2.0,22.0,223.0,38579.2955378498,18952.692150841,19626.6033870088,1763.21916642734,0.0,1763.21916642734,0.0,link,0.0,0.0,0.0,0.0,0.0,0.0,3943.6456721599993,2685.60508408,1258.0405880799995,4616.388672159999,2685.60508408,1930.7835880799996,0
47.0,2.0,128.0,224.0,35162.6248298969,17399.4597199651,17763.1651099318,7435.63799543393,3663.38542984375,3772.25256559018,19815.1127809066,ra,34.0,0.0,34.0,5644.0,4083.34208408,1560.6579159200005,4065.02958808,2685.60508408,1379.424504,1258.0405880799995,0.0,1258.0405880799995,1
47.0,2.0,28.0,225.0,35062.119983040204,16961.1414488018,18100.9785342384,1675.65153554322,1675.65153554322,0.0,29618.3313222541,link,0.0,0.0,0.0,0.0,0.0,0.0,1379.424504,0.0,1379.424504,2018.756504,639.332,1379.424504,0
48.0,2.0,24.0,226.0,16009.99993438885,7856.99996682075,8152.9999675681,2252.38793848172,0.0,2252.38793848172,0.0,link,0.0,0.0,0.0,0.0,0.0,0.0,1143.57764,1143.57764,0.0,2002.9586399999998,1143.57764,859.381,0
48.0,2.0,0.0,227.0,10228.9496360124,5180.36917753558,5048.58045847682,2203.40390841478,2203.40390841478,0.0,34790.8303429051,link,0.0,0.0,0.0,0.0,0.0,0.0,1143.57764,1143.57764,0.0,1984.26964,1984.26964,0.0,0
50.0,2.0,23.0,230.0,167288.29083468,89420.7692084569,77867.5216262231,2077.52908786604,0.0,2077.52908786604,0.0,link,0.0,0.0,0.0,0.0,0.0,0.0,6182.837349337311,3831.6290493373117,2351.2083,6975.502349337312,3831.6290493373117,3143.8732999999997,0
50.0,2.0,25.0,231.0,167733.1420677742,89424.5683491475,78308.5737186267,2379.09007339684,2379.09007339684,0.0,2660.51340881896,link,0.0,0.0,0.0,0.0,0.0,0.0,6182.837349337311,3831.6290493373117,2351.2083,7090.561349337311,4739.353049337311,2351.2083,0
51.0,2.0,23.0,232.0,68004.42841151671,33685.4721908872,34318.9562206295,2606.49863917702,0.0,2606.49863917702,0.0,link,0.0,0.0,0.0,0.0,0.0,0.0,2949.6812968588483,2114.9062968588482,834.775,3944.171296858848,2114.9062968588482,1829.2649999999999,0
51.0,0.0,130.0,233.0,33100.9959033154,33100.9959033154,0.0,783.162954686691,783.162954686691,0.0,2344.99727996629,ra,7.0,7.0,0.0,1149.0281568588478,1149.0281568588478,0.0,2114.9062968588482,2114.9062968588482,0.0,1264.68814,1264.68814,0.0,1
51.0,2.0,27.0,234.0,64426.2356563276,31754.4889250316,32671.746731296,1762.79400434887,1762.79400434887,0.0,7784.58868214326,link,0.0,0.0,0.0,0.0,0.0,0.0,2099.46314,1264.68814,834.775,2772.04414,1937.26914,834.775,0
53.0,2.0,24.0,237.0,26623.0,13216.0,13407.0,1301.2096815,0.0,1301.2096815,0.0,link,0.0,0.0,0.0,0.0,0.0,0.0,2041.17004,1556.1868399999998,484.9832,2537.6370399999996,1556.1868399999998,981.4502,0
53.0,2.0,28.0,238.0,26623.0,13216.0,13407.0,1282.672272,1282.672272,0.0,9705.48649135397,link,0.0,0.0,0.0,0.0,0.0,0.0,2041.17004,1556.1868399999998,484.9832,2530.5640399999997,2045.5808399999999,484.9832,0
54.0,2.0,25.0,239.0,63790.743083652196,33602.5555376766,30188.1875459756,914.669079332492,0.0,914.669079332492,0.0,link,0.0,0.0,0.0,0.0,0.0,0.0,2813.6629197349243,2813.6629197349243,0.0,3162.6479197349245,2813.6629197349243,348.985,0
54.0,2.0,131.0,240.0,33762.4415586177,17029.2127372484,16733.2288213693,7185.4180023402205,3714.28097177565,3471.13703056457,14118.0595783865,ra,34.0,34.0,0.0,5644.0,2335.0777,3308.9223000000006,4798.199219734925,2813.6629197349243,1984.5363000000007,1895.7412197349247,1895.7412197349247,0.0,1
54.0,2.0,26.0,241.0,32484.7744574449,16371.3543459377,16113.4201115072,929.571492526024,929.571492526024,0.0,19751.6727385701,link,0.0,0.0,0.0,0.0,0.0,0.0,3880.2775197349256,1895.7412197349247,1984.5363000000007,4234.948519734926,2250.412219734925,1984.5363000000007,0
55.0,2.0,26.0,242.0,35611.1999360093,17306.4999689679,18304.6999670414,3651.95402706089,0.0,3651.95402706089,0.0,link,0.0,0.0,0.0,0.0,0.0,0.0,3257.055119734925,3257.055119734925,0.0,4650.430119734925,3257.055119734925,1393.375,0
55.0,2.0,132.0,243.0,34335.6700861098,16687.9002306099,17647.7698554999,3806.71617873812,1850.01487529755,1956.70130344057,10714.2329169781,ra,29.0,0.0,29.0,4709.479119734925,3962.914119734925,746.565,3257.055119734925,3257.055119734925,0.0,0.0,0.0,0.0,1
55.0,2.0,0.0,244.0,9015.00027880696,4116.00014201232,4899.00013679464,3382.27393180499,3382.27393180499,0.0,47911.3668726574,link,0.0,0.0,0.0,0.0,0.0,0.0,0.0,0.0,0.0,1290.481,1290.481,0.0,0
56.0,2.0,27.0,245.0,67553.5172847849,34432.267085203,33121.2501995819,2367.02370971695,0.0,2367.02370971695,0.0,link,0.0,0.0,0.0,0.0,0.0,0.0,1551.71122,1551.71122,0.0,2454.83122,1551.71122,903.12,0
56.0,1.0,134.0,246.0,28345.0537807391,0.0,28345.0537807391,1429.46120190489,0.0,1429.46120190489,14670.9425066938,ra,20.0,0.0,20.0,3320.0,0.0,3320.0,2774.6,0.0,2774.6,0.0,0.0,0.0,1
56.0,0.0,133.0,247.0,28758.648000424,28758.648000424,0.0,4635.2223561875,4635.2223561875,0.0,14715.488271793,ra,0.0,-0.0,0.0,0.0,0.0,0.0,1551.71122,1551.71122,0.0,3320.2452200000002,3320.2452200000002,0.0,0
56.0,2.0,135.0,248.0,47006.1040822862,24072.8864014428,22933.2176808434,5972.33806438385,1468.70673835056,4503.63132603329,20490.1826432686,ra,0.0,-0.0,0.0,0.0,0.0,0.0,4376.51922,3320.2452200000002,1056.2739999999994,6655.21922,3880.61922,2774.6,0
56.0,2.0,29.0,249.0,45237.3265637856,23422.054813021,21815.2717507646,2510.31569035993,2510.31569035993,0.0,31051.5111500156,link,0.0,0.0,0.0,0.0,0.0,0.0,4936.89322,3880.61922,1056.2739999999994,5894.685219999999,4838.41122,1056.2739999999994,0
57.0,2.0,28.0,250.0,21608.0,10785.0,10823.0,664.304917,0.0,664.304917,0.0,link,0.0,0.0,0.0,0.0,0.0,0.0,1073.965136,1073.965136,0.0,1327.425136,1073.965136,253.46,0
57.0,2.0,0.0,251.0,21608.0,10785.0,10823.0,661.972515,661.972515,0.0,6137.90628624439,link,0.0,0.0,0.0,0.0,0.0,0.0,1073.965136,1073.965136,0.0,1326.536136,1326.536136,0.0,0
59.0,2.0,29.0,254.0,41763.642422810604,21836.3114479028,19927.3309749078,64.1922987606669,0.0,64.1922987606669,0.0,link,0.0,0.0,0.0,0.0,0.0,0.0,4823.140353999999,3499.397354,1323.7429999999995,4847.632353999999,3499.397354,1348.2349999999994,0
59.0,0.0,137.0,255.0,11226.9471972143,11226.9471972143,0.0,4281.44265472418,4281.44265472418,0.0,25939.71611319,ra,31.0,31.0,0.0,5132.949354,5132.949354,0.0,3499.397354,3499.397354,0.0,0.0,0.0,0.0,1
59.0,1.0,138.0,256.0,8142.41876965786,0.0,8142.41876965786,3768.95103150065,0.0,3768.95103150065,26235.4919576393,ra,1.0,0.0,1.0,114.27200000000053,0.0,114.27200000000053,0.0,0.0,0.0,1323.7429999999995,0.0,1323.7429999999995,1
59.0,2.0,0.0,257.0,19030.16772086208,11064.8956674036,7965.27205345848,121.795390046012,121.795390046012,0.0,27032.7504548799,link,0.0,0.0,0.0,0.0,0.0,0.0,0.0,0.0,0.0,46.47,46.47,0.0,0
60.0,2.0,29.0,258.0,15204.99963875321,7325.99983936264,7878.99979939057,589.761879951074,0.0,589.761879951074,0.0,link,0.0,0.0,0.0,0.0,0.0,0.0,1855.993866,1855.993866,0.0,2081.012866,1855.993866,225.019,0
60.0,2.0,136.0,259.0,13825.298552554461,6712.48148642337,7112.81706613109,1621.703087201606,781.773481624616,839.92960557699,10738.6315701673,ra,15.0,15.0,0.0,2474.742866,2154.273866,320.469,1855.993866,1855.993866,0.0,0.0,0.0,0.0,1
60.0,2.0,0.0,260.0,9900.0011340695,4967.00050429217,4933.00062977733,588.144298822839,588.144298822839,0.0,22135.2935483001,link,0.0,0.0,0.0,0.0,0.0,0.0,0.0,0.0,0.0,224.402,224.402,0.0,0
