Time of calculation: 20220106-094920; value of objective: -21526251.019830383;  acc=27.333333333333332;  cfix=7000;  cvar=17750;  eta=0.0087;  mu=0.1859430513361825;  i=
segment_id,dir,type_ID,POI_ID,traffic_flow,traffic_flow_0,traffic_flow_1,energy_demand,energy_demand_0,energy_demand_1,dist_along_segment,pois_type,pYi_dir,pYi_dir_0,pYi_dir_1,pE_charged,pE_charged_0,pE_charged_1,pE_input,pE_input_0,pE_input_1,pE_output,pE_output_0,pE_output_1,pXi
0.0,2.0,0.0,0.0,26540.63611205301,13243.023903864512,13297.612208188497,4423.921231438179,0.0,4423.921231438179,0.0,link,0.0,0.0,0.0,0.0,0.0,0.0,0.0,0.0,0.0,17.931333952610213,0.0,17.931333952610213,0
0.0,2.0,1.0,1.0,26594.77697992819,13269.441574912722,13325.335405015468,810.0039769207759,31.774775427221,778.2292014935549,239.71582410116363,ra,1.0,0.0,1.0,32.25267383998848,0.1287916487765916,32.12388219121189,28.96951144778942,0.0,28.96951144778942,0.0,0.0,0.0,1
0.0,2.0,0.0,2.0,45891.071384772644,24132.535484801192,21758.535899971448,10453.078391900737,5371.86342144895,5081.214970451788,24427.46216029796,ra,1.0,1.0,0.0,27.060326646210854,21.773596752421852,5.286729893789001,13.660720365145163,0.0,13.660720365145163,28.96951144778942,0.0,28.96951144778942,1
0.0,1.0,2.0,3.0,5594.606273434111,0.0,5594.606273434111,2065.9854049899545,0.0,2065.9854049899545,68504.60131061138,ra,1.0,0.0,1.0,23.841605224508122,0.0,23.841605224508122,29.128335118297123,0.0,29.128335118297123,13.660720365145163,0.0,13.660720365145163,1
0.0,0.0,3.0,4.0,4553.083889317481,4553.083889317481,0.0,7187.448325138304,7187.448325138304,0.0,79329.13749040988,ra,0.0,-0.0,0.0,0.0,0.0,0.0,0.0,0.0,0.0,29.13264713424518,29.13264713424518,0.0,0
0.0,2.0,4.0,5.0,7895.539602766943,4645.32330643337,3250.2162963335736,2342.9750495919843,1038.6617908113935,1304.3132587805906,104473.7124161702,ra,0.0,-0.0,0.0,0.0,0.0,0.0,52.974252358753304,29.13264713424518,23.841605224508122,62.47095581683214,33.342620698535015,29.128335118297123,0
0.0,2.0,5.0,6.0,19815.36822147169,9562.72950758806,10252.63871388363,7959.026265117185,2076.9550358924675,5882.071229224718,133409.21035475997,ra,1.0,0.0,1.0,88.20300637432516,41.76107401286677,46.441932361458385,79.7845530599934,33.342620698535015,46.441932361458385,23.841605224508122,0.0,23.841605224508122,1
0.0,2.0,6.0,7.0,38420.41317046725,19234.66349454688,19185.749675920368,10291.73164091456,4957.101208651553,5334.630432263007,173065.41379977632,ra,0.0,0.0,-0.0,0.0,0.0,0.0,24.819250855538346,0.0,24.819250855538346,66.53438712253065,20.09245476107226,46.441932361458385,0
0.0,1.0,7.0,8.0,21229.45737990749,0.0,21229.45737990749,31.90719068892483,0.0,31.90719068892483,176940.22069628988,ra,0.0,0.0,-0.0,0.0,0.0,0.0,24.689922492350757,0.0,24.689922492350757,24.819250855538346,0.0,24.819250855538346,0
0.0,2.0,0.0,9.0,50605.7308716768,25638.902393873523,24966.82847780328,5210.178551742356,5210.178551742356,0.0,194059.96494613093,link,0.0,0.0,0.0,0.0,0.0,0.0,44.78237725342302,20.09245476107226,24.689922492350757,65.90062205852941,41.210699566178654,24.689922492350757,0
1.0,2.0,0.0,10.0,41635.269674683135,21021.62675530025,20613.64291938288,39.776186500955454,0.0,39.776186500955454,0.0,link,0.0,0.0,0.0,0.0,0.0,0.0,38.43756966374943,35.489957161009,2.9476125027404247,38.59879316801107,35.489957161009,3.108836007002066,0
1.0,2.0,8.0,11.0,39859.943598360216,20128.71002741653,19731.23357094369,2276.328443367862,1715.7273142405495,560.6011291273123,8218.215919324155,ra,0.0,-0.0,0.0,0.0,0.0,0.0,36.165303605041984,35.489957161009,0.6753464440329848,45.39187057323031,42.44425807048988,2.9476125027404247,0
1.0,0.0,9.0,12.0,15021.9786197919,15021.9786197919,0.0,1426.8426564048834,1426.8426564048834,0.0,16747.064047816148,ra,0.0,-0.0,0.0,0.0,0.0,0.0,42.44425807048988,42.44425807048988,0.0,48.2276323286043,48.2276323286043,0.0,0
1.0,2.0,10.0,13.0,29629.27020666332,14994.151703987822,14635.1185026755,191.32891529796464,24.711112058686385,166.61780323927826,16911.740762175257,ra,0.0,0.0,-0.0,0.0,0.0,0.0,48.2276323286043,48.2276323286043,0.0,49.00313950775974,48.32779306372676,0.6753464440329848,0
1.0,2.0,14.0,14.0,23126.81664543996,11846.335117703364,11280.481527736596,2715.588968665061,1386.7595429137232,1328.829425751338,27721.26496153286,ra,1.0,1.0,0.0,53.45166970660192,35.489957161009,17.961712545592913,60.90340514490062,48.32779306372676,12.575612081173857,18.45874259952872,18.45874259952872,0.0,1
1.0,1.0,13.0,15.0,11337.261932088282,0.0,11337.261932088282,1420.2485369302626,0.0,1420.2485369302626,29194.630965596883,ra,0.0,0.0,-0.0,0.0,0.0,0.0,6.818965549941764,0.0,6.818965549941764,12.575612081173857,0.0,12.575612081173857,0
1.0,0.0,12.0,16.0,11885.52653584708,11885.52653584708,0.0,208.50481099773148,208.50481099773148,0.0,29478.47368022978,ra,0.0,-0.0,0.0,0.0,0.0,0.0,18.45874259952872,18.45874259952872,0.0,19.303868269976235,19.303868269976235,0.0,0
1.0,0.0,15.0,17.0,11960.17018283512,11960.17018283512,0.0,465.471180470787,465.471180470787,0.0,33381.72336961185,ra,0.0,-0.0,0.0,0.0,0.0,0.0,19.303868269976235,19.303868269976235,0.0,21.190547246768052,21.190547246768052,0.0,0
1.0,2.0,16.0,18.0,23460.93532657191,11970.385389125157,11490.549937446756,1768.6682817168698,86.33017164884411,1682.3381100680258,34103.26049306036,ra,1.0,1.0,0.0,21.540466482901998,21.540466482901998,0.0,21.190547246768052,21.190547246768052,0.0,6.818965549941764,0.0,6.818965549941764,1
1.0,2.0,0.0,19.0,23472.95328481904,11974.880939958675,11498.072344860364,41.43137038083431,41.43137038083431,0.0,34449.34645750041,link,0.0,0.0,0.0,0.0,0.0,0.0,0.0,0.0,0.0,0.1679324064663571,0.1679324064663571,0.0,0
2.0,2.0,0.0,20.0,68929.16895257494,33758.81379308793,35170.35515948701,2037.3044909279515,0.0,2037.3044909279515,0.0,link,0.0,0.0,0.0,0.0,0.0,0.0,61.96961367959351,27.183504334089243,34.786109345504265,70.22735274835752,27.183504334089243,43.043848414268275,0
2.0,1.0,11.0,21.0,34398.2821383792,0.0,34398.2821383792,0.1779942533838276,0.0,0.1779942533838276,2598.411645460739,ra,0.0,0.0,-0.0,0.0,0.0,0.0,34.78538788727025,0.0,34.78538788727025,34.786109345504265,0.0,34.786109345504265,0
2.0,0.0,17.0,22.0,24285.97411997901,24285.97411997901,0.0,5629.753466227842,5629.753466227842,0.0,19826.030918871555,ra,0.0,-0.0,0.0,0.0,0.0,0.0,27.183504334089243,27.183504334089243,0.0,50.0023982954943,50.0023982954943,0.0,0
2.0,1.0,18.0,23.0,24186.0911430872,0.0,24186.0911430872,4128.069297151063,0.0,4128.069297151063,19924.554475399083,ra,0.0,0.0,-0.0,0.0,0.0,0.0,18.053220817770054,0.0,18.053220817770054,34.78538788727025,0.0,34.78538788727025,0
2.0,0.0,19.0,24.0,24395.8043620461,24395.8043620461,0.0,1107.9496170791724,1107.9496170791724,0.0,24376.283905318956,ra,0.0,-0.0,0.0,0.0,0.0,0.0,50.0023982954943,50.0023982954943,0.0,54.493213919726074,54.493213919726074,0.0,0
2.0,0.0,20.0,25.0,18382.744960495544,18382.744960495544,0.0,3193.5958308596214,3193.5958308596214,0.0,38424.04808590371,ra,0.0,-0.0,0.0,0.0,0.0,0.0,54.493213919726074,54.493213919726074,0.0,67.43771052284283,67.43771052284283,0.0,0
2.0,1.0,21.0,26.0,18491.613365488807,0.0,18491.613365488807,4453.992496188428,0.0,4453.992496188428,38987.68062551749,ra,0.0,0.0,-0.0,0.0,0.0,0.0,0.0,0.0,0.0,18.053220817770054,0.0,18.053220817770054,0
2.0,2.0,22.0,27.0,37060.49951410931,18323.84940673533,18736.65010737398,9037.685965220891,4162.991831646682,4874.69413357421,60686.533174562566,ra,1.0,1.0,0.0,94.00000000000001,70.57134286077503,23.428657139224985,71.10793077924545,67.43771052284283,3.6702202564026196,13.74008508831088,13.74008508831088,0.0,1
2.0,2.0,23.0,28.0,37058.90292655935,18323.112740357166,18735.790186202183,905.6708621966342,0.1740732089699103,905.4967889876642,60687.52230976862,ra,1.0,1.0,0.0,13.740790653504956,13.740790653504956,0.0,13.74008508831088,13.74008508831088,0.0,3.6702202564026196,0.0,3.6702202564026196,1
2.0,2.0,0.0,29.0,23931.60016336258,12393.941571693274,11537.658591669302,2066.8759536088314,2066.8759536088314,0.0,74788.45855603463,link,0.0,0.0,0.0,0.0,0.0,0.0,0.0,0.0,0.0,8.377600102687895,8.377600102687895,0.0,0
3.0,2.0,0.0,30.0,27844.0,14880.0,12964.0,276.638796,0.0,276.638796,0.0,link,0.0,0.0,0.0,0.0,0.0,0.0,0.0,0.0,0.0,1.1212909036609118,0.0,1.1212909036609118,0
3.0,0.0,24.0,31.0,14880.0,14880.0,0.0,43.31568,43.31568,0.0,291.13911748382634,ra,0.0,-0.0,0.0,0.0,0.0,0.0,0.0,0.0,0.0,0.1755700164697322,0.1755700164697322,0.0,0
3.0,1.0,25.0,32.0,12963.999999999998,0.0,12963.999999999998,50.78647,0.0,50.78647,391.7896627176565,ra,1.0,0.0,1.0,19.034020051373346,0.0,19.034020051373346,18.828168928307992,0.0,18.828168928307992,0.0,0.0,0.0,1
3.0,2.0,1.0,33.0,27844.0,14880.000000000002,12964.0,332.50104000000005,332.50104000000005,0.0,2525.7146416492456,link,0.0,0.0,0.0,0.0,0.0,0.0,19.00373894477772,0.1755700164697322,18.82816892830799,20.351454438774425,1.523285510466435,18.828168928307992,0
4.0,2.0,1.0,34.0,59761.3086274698,30037.341974575906,29723.966652893894,2541.480423000085,0.0,2541.480423000085,0.0,link,0.0,0.0,0.0,0.0,0.0,0.0,46.21070008132561,22.629028756185736,23.58167132513988,56.51199881941831,22.629028756185736,33.88297006323258,0
4.0,1.0,29.0,35.0,19741.19620746718,0.0,19741.19620746718,941.1307808897812,0.0,941.1307808897812,27421.918402146952,ra,0.0,0.0,-0.0,0.0,0.0,0.0,19.767017030797245,0.0,19.767017030797245,23.58167132513988,0.0,23.58167132513988,0
4.0,0.0,28.0,36.0,20188.77400206591,20188.77400206591,0.0,6913.407817081132,6913.407817081132,0.0,27456.275537656256,ra,0.0,-0.0,0.0,0.0,0.0,0.0,22.629028756185736,22.629028756185736,0.0,50.650916541553755,50.650916541553755,0.0,0
4.0,2.0,31.0,37.0,24242.046721440067,16011.081415437498,8230.965306002568,10336.618270691582,5459.807289653861,4876.810981037721,57952.436449648114,ra,0.0,0.0,-0.0,0.0,0.0,0.0,50.650916541553755,50.650916541553755,0.0,92.54799030391085,72.7809732731136,19.767017030797245,0
4.0,2.0,30.0,38.0,24222.436414627213,16010.688472387346,8211.747942239866,2097.1816748164333,3.698514594089785,2093.4831602223435,57975.56024030675,ra,1.0,1.0,0.0,68.7088269259944,60.223380710689824,8.48544621530457,72.7809732731136,72.7809732731136,0.0,12.572583629589257,12.572583629589257,0.0,1
4.0,2.0,35.0,39.0,21337.90578167672,10925.606078379402,10412.299703297318,4724.821457700606,2596.3850909026173,2128.436366797988,78476.45534742385,ra,1.0,1.0,0.0,48.90451807152154,12.572583629589257,36.331934441932276,40.27739717734419,12.572583629589257,27.704813547754934,10.523842016829462,10.523842016829462,0.0,1
4.0,0.0,40.0,40.0,10876.999998084551,10876.999998084551,0.0,1976.660743966538,1976.660743966538,0.0,96645.26673532616,ra,0.0,-0.0,0.0,0.0,0.0,0.0,10.523842016829462,10.523842016829462,0.0,18.535775787077977,18.535775787077977,0.0,0
4.0,1.0,41.0,41.0,10239.998724530997,0.0,10239.998724530997,1817.260584824645,0.0,1817.260584824645,99246.70723666706,ra,0.0,0.0,-0.0,0.0,0.0,0.0,20.33897118287787,0.0,20.33897118287787,27.704813547754934,0.0,27.704813547754934,0
4.0,2.0,42.0,42.0,15349.448623427987,7293.1561007636,8056.292522664386,2244.8438549829234,2242.944719983224,1.8991349996993472,124531.18468963404,ra,0.0,0.0,-0.0,0.0,0.0,0.0,38.867049278612626,18.535775787077977,20.331273491534652,47.96600079370174,27.62702961082387,20.33897118287787,0
4.0,2.0,45.0,43.0,29499.999782114108,14928.999812810407,14570.9999693037,9965.395457829238,4949.374190304771,5016.021267524467,160563.71538932095,ra,0.0,0.0,-0.0,0.0,0.0,0.0,27.62702963901484,27.62702961082387,2.819096611253624e-08,68.01943819493184,47.68816470339719,20.331273491534652,0
4.0,2.0,49.0,44.0,29501.249670962527,14929.610924790286,14571.63874617224,7771.3951170941245,964.2534476850196,6807.141669409105,167022.61670697512,ra,1.0,1.0,0.0,77.73731384642754,39.67623093314867,38.06108291327887,58.1580849587136,47.68816470339719,10.469920255316406,11.920310480764565,11.920310452573599,2.819096611253624e-08,1
4.0,2.0,2.0,45.0,37135.97924873808,18661.98985536135,18473.98939337673,2580.116572311374,2580.116572311374,0.0,182066.4548482201,link,0.0,0.0,0.0,0.0,0.0,0.0,22.390230707890005,11.920310452573599,10.469920255316406,32.84813207512092,22.378211819804516,10.469920255316406,0
5.0,2.0,1.0,46.0,68793.7826224039,33913.44536880647,34880.33725359744,3843.82209257494,0.0,3843.82209257494,0.0,link,0.0,0.0,0.0,0.0,0.0,0.0,41.11172577225511,25.320410457935203,15.79131531431991,56.69176302666513,25.320410457935203,31.371352568729925,0
5.0,1.0,26.0,47.0,36003.524001333615,0.0,36003.524001333615,3895.947466930393,0.0,3895.947466930393,10624.424038435742,ra,0.0,0.0,-0.0,0.0,0.0,0.0,4.807697173703218e-08,0.0,4.807697173703218e-08,15.79131531431991,0.0,15.79131531431991,0
5.0,0.0,27.0,48.0,32653.80091590929,32653.80091590929,0.0,4178.141771103933,4178.141771103933,0.0,12028.538687185455,ra,0.0,-0.0,0.0,0.0,0.0,0.0,25.320410457935203,25.320410457935203,0.0,42.25553460695876,42.25553460695876,0.0,0
5.0,2.0,32.0,49.0,33127.66797826424,16315.8916479239,16811.776330340337,9152.204545843142,5870.836452837575,3281.368093005566,39273.39357565199,ra,1.0,0.0,1.0,70.34428945347454,25.320410383716936,45.02387906975761,73.97915270771497,42.25553460695876,31.723618100756216,40.731191917150596,40.731191869073626,4.807697173703218e-08,1
5.0,1.0,36.0,50.0,15728.354223345885,0.0,15728.354223345885,1275.7622080104995,0.0,1275.7622080104995,47330.36386477938,ra,0.0,0.0,-0.0,0.0,0.0,0.0,26.552613238963318,0.0,26.552613238963318,31.723618100756216,0.0,31.723618100756216,0
5.0,0.0,39.0,51.0,16181.036957810447,16181.036957810447,0.0,2402.71193975453,2402.71193975453,0.0,54808.46507060479,ra,0.0,-0.0,0.0,0.0,0.0,0.0,40.731191869073626,40.731191869073626,0.0,50.47002487589058,50.47002487589058,0.0,0
5.0,1.0,43.0,52.0,15425.054197747386,0.0,15425.054197747386,6550.9163885109065,0.0,6550.9163885109065,67696.58292643339,ra,0.0,0.0,-0.0,0.0,0.0,0.0,0.0,0.0,0.0,26.552613238963318,0.0,26.552613238963318,0
5.0,0.0,44.0,53.0,16743.940970134765,16743.940970134765,0.0,2188.52376611744,2188.52376611744,0.0,67916.71774036821,ra,0.0,-0.0,0.0,0.0,0.0,0.0,50.47002487589058,50.47002487589058,0.0,59.34069604304389,59.34069604304389,0.0,0
5.0,1.0,50.0,54.0,23926.865751230227,0.0,23926.865751230227,3865.032082238866,0.0,3865.032082238866,86150.64463711552,ra,1.0,0.0,1.0,54.41579053690192,0.0,54.41579053690192,38.74978353124668,0.0,38.74978353124668,0.0,0.0,0.0,1
5.0,0.0,51.0,55.0,23976.591723992253,23976.591723992253,0.0,3863.210440192499,3863.210440192499,0.0,86198.21188888987,ra,0.0,-0.0,0.0,0.0,0.0,0.0,59.34069604304389,59.34069604304389,0.0,74.9993193898426,74.9993193898426,0.0,0
5.0,2.0,4.0,56.0,48295.998738473485,24204.99925545633,24090.99948301716,3849.659028767285,3849.659028767285,0.0,102115.05106186114,link,0.0,0.0,0.0,0.0,0.0,0.0,113.74910292108927,74.9993193898426,38.74978353124668,129.35279883636812,90.60301530512145,38.74978353124668,0
6.0,2.0,0.0,57.0,17593.52882743976,9370.089853693322,8223.438973746437,3280.588971659345,0.0,3280.588971659345,0.0,link,0.0,0.0,0.0,0.0,0.0,0.0,0.0,0.0,0.0,13.297103030234156,0.0,13.297103030234156,0
6.0,0.0,34.0,58.0,9440.700126436834,9440.700126436834,0.0,115.62791616056612,115.62791616056612,0.0,1229.5619294335402,ra,0.0,-0.0,0.0,0.0,0.0,0.0,0.0,0.0,0.0,0.4686708172345767,0.4686708172345767,0.0,0
6.0,0.0,33.0,59.0,9685.754071387502,9685.754071387502,0.0,302.82244713524466,302.82244713524466,0.0,4398.318016945725,ra,0.0,-0.0,0.0,0.0,0.0,0.0,0.4686708172345767,0.4686708172345767,0.0,1.6960910500680337,1.6960910500680337,0.0,0
6.0,1.0,38.0,60.0,13533.136089729269,0.0,13533.136089729269,3267.2679643300085,0.0,3267.2679643300085,19100.037855584003,ra,1.0,0.0,1.0,29.97921237016796,0.0,29.97921237016796,16.73610293939259,0.0,16.73610293939259,0.0,0.0,0.0,1
6.0,0.0,37.0,61.0,14150.210375121094,14150.210375121094,0.0,1803.67381185194,1803.67381185194,0.0,19123.313502380493,ra,0.0,-0.0,0.0,0.0,0.0,0.0,1.6960910500680337,1.6960910500680337,0.0,9.00686259637343,9.00686259637343,0.0,0
6.0,2.0,48.0,62.0,30972.88424037613,15986.27621540026,14986.608024975872,5468.198643546355,3421.909443445684,2046.2892001006717,42213.94659999393,ra,1.0,1.0,0.0,34.83654992119739,15.566003685485295,19.27054623571209,36.71935527749002,9.00686259637343,27.712492681116586,24.04687448569799,7.310771546305398,16.73610293939259,1
6.0,2.0,3.0,63.0,43852.38298306345,22912.25382809093,20940.12915497252,3553.9006048965416,3553.9006048965416,0.0,60876.22424217983,link,0.0,0.0,0.0,0.0,0.0,0.0,35.02326422742198,7.310771546305398,27.712492681116586,49.42817228227595,21.71567960115937,27.712492681116586,0
7.0,2.0,0.0,64.0,11819.728833092571,5668.999528653672,6150.729304438899,2312.6327385691666,0.0,2312.6327385691666,0.0,link,0.0,0.0,0.0,0.0,0.0,0.0,0.0,0.0,0.0,9.373717970006021,0.0,9.373717970006021,0
7.0,2.0,46.0,65.0,16750.439961073742,8281.792263693602,8468.64769738014,443.91171562073237,439.3743632250341,4.537352395698317,6667.955447556553,ra,1.0,1.0,0.0,15.488483854386583,1.7809016085583171,13.707582245828267,13.689191145080414,0.0,13.689191145080414,0.0,0.0,0.0,1
7.0,2.0,47.0,66.0,16803.00194301874,8309.644744099518,8493.35719891922,469.008092957891,4.438227533612364,464.56986542427865,6721.474926778252,ra,0.0,0.0,-0.0,0.0,0.0,0.0,11.806165438826191,0.0,11.806165438826191,13.707180466295567,0.017989321215152156,13.689191145080414,0
7.0,2.0,2.0,67.0,31479.264687684805,14962.675134733858,16516.589552950947,2176.386974618303,2176.386974618303,0.0,25294.541879356693,link,0.0,0.0,0.0,0.0,0.0,0.0,11.824154760041344,0.017989321215152156,11.806165438826191,20.645632270685205,8.839466831859015,11.806165438826191,0
8.0,2.0,2.0,68.0,14782.369584642798,7482.847541600488,7299.522043042311,571.5351732524385,0.0,571.5351732524385,0.0,link,0.0,0.0,0.0,0.0,0.0,0.0,14.594017037147971,14.594017037147971,0.0,16.91060169612047,14.594017037147971,2.316584658972499,0
8.0,2.0,52.0,69.0,9208.206367128356,4168.183876582084,5040.022490546272,1091.488655298786,530.5477835235342,560.9408717752517,9055.824498122218,ra,1.0,1.0,0.0,19.018111988152633,16.744468861780685,2.2736431263719483,14.594017037147971,14.594017037147971,0.0,0.0,0.0,0.0,1
8.0,2.0,0.0,70.0,9708.89067456805,5120.673657931851,4588.2170166362,557.603815055505,557.603815055505,0.0,21173.685305885127,link,0.0,0.0,0.0,0.0,0.0,0.0,0.0,0.0,0.0,2.260117144481641,2.260117144481641,0.0,0
9.0,2.0,2.0,71.0,31818.423136170015,16104.883545196824,15713.539590973189,3261.4825971182563,0.0,3261.4825971182563,0.0,link,0.0,0.0,0.0,0.0,0.0,0.0,9.883820372099434,9.883820372099432,1.7763568394002505e-15,23.1034801648534,9.883820372099432,13.219659792753971,0
9.0,2.0,55.0,72.0,36693.05587768159,18116.80864806472,18576.24722961687,5325.486521774037,2708.000893980142,2617.485627793895,15445.371783397328,ra,1.0,0.0,1.0,38.713919706077704,20.860071040590448,17.85384866548726,17.128300910823786,9.883820372099432,7.2444805387243525,1.7763568394002505e-15,0.0,1.7763568394002505e-15,1
9.0,2.0,7.0,73.0,31601.85426430268,15291.911788888328,16309.942475414353,3142.329967824336,3142.329967824336,0.0,33157.12684688381,link,0.0,0.0,0.0,0.0,0.0,0.0,7.2444805387243525,0.0,7.2444805387243525,19.981182910804204,12.73670237207985,7.2444805387243525,0
10.0,2.0,3.0,74.0,31606.669563938915,16070.547455207432,15536.122108731484,43.81406893215462,0.0,43.81406893215462,0.0,link,0.0,0.0,0.0,0.0,0.0,0.0,30.086099384404783,28.796075351948907,1.2900240324558738,30.263689504288028,28.796075351948907,1.467614152339121,0
10.0,2.0,53.0,75.0,20482.292071415013,10386.965680851748,10095.326390563265,3859.9783717818373,1960.6175793947991,1899.3607923870384,14793.406531478646,ra,1.0,1.0,0.0,65.30109030909398,20.62676781759456,44.674322491499424,67.06180565793507,28.796075351948907,38.26573030598616,17.40623809758565,16.116214065129775,1.2900240324558738,1
10.0,2.0,4.0,76.0,20473.61899569675,10382.534499411437,10091.084496285315,45.07964033000498,45.07964033000498,0.0,15227.535521101405,link,0.0,0.0,0.0,0.0,0.0,0.0,54.381944371115935,16.116214065129775,38.26573030598616,54.56466418978641,16.298933883800256,38.26573030598616,0
11.0,2.0,3.0,77.0,48420.054142922716,24599.82318293021,23820.230959992503,1269.8213138175106,0.0,1269.8213138175106,0.0,link,0.0,0.0,0.0,0.0,0.0,0.0,54.64004195618516,13.230846254004234,41.409195702180924,59.78696678757548,13.230846254004234,46.556120533571246,0
11.0,2.0,54.0,78.0,48814.99317229718,24295.434711773956,24519.55846052323,3388.4082292149897,1701.6312773650386,1686.7769518499513,6967.487148144968,ra,0.0,0.0,-0.0,0.0,0.0,0.0,47.80308485767459,13.230846254004234,34.57223860367036,61.53720782986115,20.12801212768023,41.409195702180924,0
11.0,1.0,56.0,79.0,22284.926619444108,0.0,22284.926619444108,1685.094433220274,0.0,1685.094433220274,14053.388239050711,ra,0.0,0.0,-0.0,0.0,0.0,0.0,27.742100940045134,0.0,27.742100940045134,34.57223860367036,0.0,34.57223860367036,0
11.0,2.0,5.0,80.0,42919.8251598076,21285.35848456856,21634.466675239044,2910.8952617885475,2910.8952617885475,0.0,19878.69006465457,link,0.0,0.0,0.0,0.0,0.0,0.0,47.87011308202335,20.12801212768023,27.742100954343123,59.66874878241069,31.926647842365554,27.742100940045134,0
12.0,2.0,4.0,81.0,53131.67233206281,26537.18348117461,26594.4888508882,1562.324430007989,0.0,1562.324430007989,0.0,link,0.0,0.0,0.0,0.0,0.0,0.0,94.80427443888891,48.21741077970653,46.586863659182384,101.13679249949809,48.21741077970653,52.919381719791545,0
12.0,0.0,58.0,82.0,22288.895823895957,22288.895823895957,0.0,3364.25769729557,3364.25769729557,0.0,13722.635716121396,ra,1.0,1.0,0.0,61.85364544939807,61.85364544939807,0.0,48.21741077970653,48.21741077970653,0.0,4.537252461245256e-08,4.537252461245256e-08,0.0,1
12.0,1.0,57.0,83.0,22492.6689728353,0.0,22492.6689728353,3393.592303197099,0.0,3393.592303197099,13775.369179933106,ra,0.0,0.0,-0.0,0.0,0.0,0.0,32.83172814590107,0.0,32.83172814590107,46.586863659182384,0.0,46.586863659182384,0
12.0,2.0,5.0,84.0,44751.07719214048,22273.03927625819,22478.037915882287,1559.840879232986,1559.840879232986,0.0,20725.095833182608,link,0.0,0.0,0.0,0.0,0.0,0.0,32.83172819127359,4.537252461245256e-08,32.83172814590107,39.15417975747541,6.322451611574347,32.83172814590107,0
13.0,2.0,4.0,85.0,25987.610544625633,13119.378445562592,12868.232099063043,1205.3834904693945,0.0,1205.3834904693945,0.0,link,0.0,0.0,0.0,0.0,0.0,0.0,39.47414742002244,39.47414742002244,0.0,44.35988852301547,39.47414739476688,4.88574112824859,0
13.0,2.0,59.0,86.0,13974.00634747334,7033.004117758563,6941.002229714777,6883.850493770728,3777.525971618388,3106.32452215234,36309.89528647439,ra,1.0,1.0,0.0,73.45668514040874,39.47414723810783,33.982537902300905,60.865922609869536,39.47414739476688,21.391775215102655,15.311321412638204,15.311321412638204,0.0,1
13.0,1.0,63.0,87.0,7362.494657393186,0.0,7362.494657393186,661.497609325267,0.0,661.497609325267,54986.89266391457,ra,0.0,0.0,-0.0,0.0,0.0,0.0,18.710548782459195,0.0,18.710548782459195,21.391775215102655,0.0,21.391775215102655,0
13.0,0.0,62.0,88.0,7963.314490087364,7963.314490087364,0.0,1395.6084792930023,1395.6084792930023,0.0,55258.29185590623,ra,0.0,-0.0,0.0,0.0,0.0,0.0,15.311321412638204,15.311321412638204,0.0,20.968095173541126,20.968095173541126,0.0,0
13.0,2.0,70.0,89.0,20915.585370117602,10623.723419117588,10291.861951000015,6679.2986941238505,3389.0040936651603,3290.29460045869,85720.88488710183,ra,0.0,-0.0,0.0,0.0,0.0,0.0,26.342201420807452,20.968095173541126,5.374106247266325,53.41518242291997,34.70463364046077,18.710548782459195,0
13.0,1.0,71.0,90.0,10312.666692975632,0.0,10312.666692975632,1325.8702777004075,0.0,1325.8702777004075,92148.0377185692,ra,0.0,0.0,-0.0,0.0,0.0,0.0,2.7755575615628914e-17,0.0,2.7755575615628914e-17,5.374106247266325,0.0,5.374106247266325,0
13.0,0.0,75.0,91.0,10865.41330620228,10865.41330620228,0.0,2225.2267853650983,2225.2267853650983,0.0,106351.19825280692,ra,0.0,-0.0,0.0,0.0,0.0,0.0,34.70463364046077,34.70463364046077,0.0,43.72407194445229,43.72407194445229,0.0,0
13.0,2.0,80.0,92.0,21769.313571554885,10924.77173173255,10844.541839822334,5231.405901354321,1587.860206417783,3643.5456949365375,121274.1282993086,ra,1.0,1.0,0.0,75.60703820525994,50.160093324987066,25.446944880272873,54.40275328440374,43.72407194445229,10.678681339951446,2.7755575615628914e-17,0.0,2.7755575615628914e-17,1
13.0,2.0,8.0,93.0,20326.83796736937,10049.65492309056,10277.18304427881,1199.9706688262263,1199.9706688262263,0.0,132616.96921985535,link,0.0,0.0,0.0,0.0,0.0,0.0,10.678681339951446,0.0,10.678681339951446,15.542482856839005,4.86380151688756,10.678681339951446,0
14.0,2.0,5.0,94.0,94497.82264774677,47019.26687675304,47478.55577099372,936.3425207579636,0.0,936.3425207579636,0.0,link,0.0,0.0,0.0,0.0,0.0,0.0,78.88706098530866,30.17878879109218,48.708272194216484,82.6823071974141,30.178788760017646,52.503518437396465,0
14.0,0.0,61.0,95.0,46935.18990316021,46935.18990316021,0.0,2174.788745042169,2174.788745042169,0.0,4629.482620571615,ra,0.0,-0.0,0.0,0.0,0.0,0.0,30.178788760017646,30.178788760017646,0.0,38.99378807428634,38.99378807428634,0.0,0
14.0,1.0,60.0,96.0,47664.75200387175,0.0,47664.75200387175,2204.32457448694,0.0,2204.32457448694,4633.73189838993,ra,0.0,0.0,-0.0,0.0,0.0,0.0,39.77355617201635,0.0,39.77355617201635,48.708272194216484,0.0,48.708272194216484,0
14.0,2.0,6.0,97.0,94641.69117202783,46900.62074452682,47741.07042750101,922.9194205020584,922.9194205020584,0.0,6596.600389256655,link,0.0,0.0,0.0,0.0,0.0,0.0,78.76734424630268,38.99378807428634,39.77355617201635,82.50818308013336,42.73462690811701,39.77355617201635,0
15.0,2.0,6.0,98.0,75207.49134104664,44538.30191090561,30669.189430141025,1884.850151816533,0.0,1884.850151816533,0.0,link,0.0,0.0,0.0,0.0,0.0,0.0,68.73589576793746,42.326574217924524,26.409321550012944,76.37569666429886,42.32657418775294,34.04912247654592,0
15.0,1.0,64.0,99.0,16721.32745245393,0.0,16721.32745245393,6515.564241999581,0.0,6515.564241999581,25738.743223846097,ra,0.0,0.0,-0.0,0.0,0.0,0.0,0.0,0.0,0.0,26.409321550012944,0.0,26.409321550012944,0
15.0,0.0,65.0,100.0,16271.068415411031,16271.068415411031,0.0,7891.47329091754,7891.47329091754,0.0,25740.902218562274,ra,1.0,1.0,0.0,74.31282245597977,74.31282245597977,0.0,42.32657418775294,42.32657418775294,0.0,0.0,0.0,0.0,1
15.0,2.0,0.0,101.0,10998.091984936455,5379.561945168664,5618.530039767791,1825.012570497084,1825.012570497084,0.0,48631.17855592899,link,0.0,0.0,0.0,0.0,0.0,0.0,0.0,0.0,0.0,7.3972632326132555,7.3972632326132555,0.0,0
16.0,2.0,6.0,102.0,79740.5667298025,40135.953102102525,39604.61362769997,2800.895581315986,0.0,2800.895581315986,0.0,link,0.0,0.0,0.0,0.0,0.0,0.0,65.57880778415645,35.80760220916513,29.77120557499132,76.93158542360821,35.80760220916513,41.12398321444308,0
16.0,1.0,66.0,103.0,29014.9759926702,0.0,29014.9759926702,4194.662066106028,0.0,4194.662066106028,12316.83855333374,ra,0.0,0.0,-0.0,0.0,0.0,0.0,12.769120262795736,0.0,12.769120262795736,29.77120557499132,0.0,29.77120557499132,0
16.0,0.0,67.0,104.0,29278.008085254503,29278.008085254503,0.0,4585.787822607259,4585.787822607259,0.0,12575.946688510528,ra,0.0,-0.0,0.0,0.0,0.0,0.0,35.80760220916513,35.80760220916513,0.0,54.39502467469849,54.39502467469849,0.0,0
16.0,0.0,72.0,105.0,28145.02656728497,28145.02656728497,0.0,3642.99524799985,3642.99524799985,0.0,25449.08031583349,ra,1.0,1.0,0.0,69.16105708879694,69.16105708879694,0.0,54.39502467469849,54.39502467469849,0.0,1.7817413950228344e-08,1.7817413950228344e-08,0.0,1
16.0,1.0,74.0,106.0,25731.855828829863,0.0,25731.855828829863,3150.32793358614,0.0,3150.32793358614,32933.75197391795,ra,0.0,0.0,-0.0,0.0,0.0,0.0,0.0,0.0,0.0,12.769120262795736,0.0,12.769120262795736,0
16.0,0.0,76.0,107.0,25418.722177742115,25418.722177742115,0.0,6370.068704760761,6370.068704760761,0.0,49497.46890143416,ra,0.0,-0.0,0.0,0.0,0.0,0.0,1.7817413950228344e-08,1.7817413950228344e-08,0.0,25.81958930761207,25.81958930761207,0.0,0
16.0,1.0,77.0,108.0,25469.36930201462,0.0,25469.36930201462,3629.483350372933,0.0,3629.483350372933,49565.51842080065,ra,2.0,0.0,2.0,123.25309343089009,0.0,123.25309343089009,108.54182832777744,0.0,108.54182832777744,0.0,0.0,0.0,1
16.0,1.0,82.0,109.0,26935.54974771189,0.0,26935.54974771189,4731.076881969367,0.0,4731.076881969367,67595.96875209869,ra,0.0,0.0,-0.0,0.0,0.0,0.0,89.36551051199038,0.0,89.36551051199038,108.54182832777744,0.0,108.54182832777744,0
16.0,0.0,83.0,110.0,27462.47510980443,27462.47510980443,0.0,5057.102637456699,5057.102637456699,0.0,68666.07464325256,ra,0.0,-0.0,0.0,0.0,0.0,0.0,25.81958930761207,25.81958930761207,0.0,46.31737653567236,46.31737653567236,0.0,0
16.0,1.0,86.0,111.0,27163.152752819547,0.0,27163.152752819547,4196.376907454115,0.0,4196.376907454115,81021.89267340553,ra,0.0,0.0,-0.0,0.0,0.0,0.0,72.35647445957419,0.0,72.35647445957419,89.36551051199038,0.0,89.36551051199038,0
16.0,0.0,89.0,112.0,29187.99844762554,29187.99844762554,0.0,6653.928103269676,6653.928103269676,0.0,92123.37906601596,ra,0.0,-0.0,0.0,1.7817413946758897e-08,1.7817413946758897e-08,0.0,46.31737653567236,46.31737653567236,0.0,73.28752370148472,73.28752370148472,0.0,0
16.0,1.0,90.0,113.0,28376.998666581203,0.0,28376.998666581203,5601.684775109653,0.0,5601.684775109653,92203.5095301381,ra,0.0,0.0,-0.0,0.0,0.0,0.0,49.6513504128781,0.0,49.6513504128781,72.35647445957419,0.0,72.35647445957419,0
16.0,2.0,94.0,114.0,71124.20344709541,35553.82790120941,35570.375545886,8755.239718801102,4299.63877333859,4455.600945462512,106046.11656904333,ra,0.0,0.0,-0.0,-4.636765023332956e-08,0.0,-4.636765023332956e-08,104.87913377585598,73.28752370148472,31.591610074371264,140.3664580804683,90.71510766759019,49.6513504128781,0
16.0,2.0,12.0,115.0,71147.99996754559,35564.99998476318,35582.99998278241,2799.48715587504,2799.48715587504,0.0,113917.81076099534,link,0.0,0.0,0.0,0.0,0.0,0.0,122.30671774196145,90.71510766759019,31.591610074371264,133.65378665704682,102.06217658267555,31.591610074371264,0
18.0,2.0,7.0,118.0,26949.99999999783,13587.999999998794,13361.999999999038,1262.350888686173,0.0,1262.350888686173,0.0,link,0.0,0.0,0.0,0.0,0.0,0.0,10.766049334311148,10.766049334311148,0.0,15.882694538015961,10.766049334311148,5.116645203704814,0
18.0,0.0,68.0,119.0,13587.918618998609,13587.918618998609,0.0,1673.7828719547792,1673.7828719547792,0.0,12318.138045343778,ra,0.0,-0.0,0.0,0.0,0.0,0.0,10.766049334311148,10.766049334311148,0.0,17.550338219903068,17.550338219903068,0.0,0
18.0,1.0,69.0,120.0,13361.93226547554,0.0,13361.93226547554,3620.13302138755,0.0,3620.13302138755,12346.305678813724,ra,1.0,0.0,1.0,27.28463909512717,0.0,27.28463909512717,12.611273371961017,0.0,12.611273371961017,0.0,0.0,0.0,1
18.0,2.0,73.0,121.0,21133.145613699366,10354.073130248858,10779.072483450507,3099.0639764514967,1773.464093458567,1325.5998829929297,27186.329383912336,ra,0.0,-0.0,0.0,0.0,0.0,0.0,24.78860132654345,17.550338219903068,7.238263106640382,37.349935059161794,24.738661687200775,12.611273371961017,0
18.0,2.0,81.0,122.0,17024.72901544851,8263.2955761644,8761.433439284106,10407.127018587838,5132.593422062407,5274.533596525431,76811.9776614867,ra,1.0,0.0,1.0,46.11775466193676,24.738661677314887,21.379092984621867,31.976924793841157,24.738661687200775,7.238263106640382,28.042034665667874,20.803771559027492,7.238263106640382,1
18.0,0.0,84.0,123.0,7912.197813125354,7912.197813125354,0.0,1219.9477727403696,1219.9477727403696,0.0,91803.7907317536,ra,0.0,-0.0,0.0,0.0,0.0,0.0,20.803771559027492,20.803771559027492,0.0,25.74854561203185,25.74854561203185,0.0,0
18.0,1.0,85.0,124.0,8875.838788593739,0.0,8875.838788593739,1785.784923800428,0.0,1785.784923800428,91872.46119703975,ra,0.0,0.0,-0.0,0.0,0.0,0.0,0.0,0.0,0.0,7.238263106640382,0.0,7.238263106640382,0
18.0,2.0,92.0,125.0,47292.93717996864,22515.08265535503,24777.854524613613,4754.452437208462,3104.7402940346988,1649.7121431737628,121334.73270596893,ra,1.0,0.0,1.0,67.29870498154375,38.332886999675154,28.965817981868593,48.027639799022126,25.74854561203185,22.27909418699027,0.0,0.0,0.0,1
18.0,2.0,11.0,126.0,53098.00276723388,24816.36422563914,28281.638541594737,1125.0783643967968,1125.0783643967968,0.0,126075.53174156268,link,0.0,0.0,0.0,0.0,0.0,0.0,22.27909418699027,0.0,22.27909418699027,26.83933719753253,4.560243010542257,22.27909418699027,0
19.0,2.0,7.0,127.0,19888.0,9830.0,10058.0,1832.5223390000008,0.0,1832.5223390000008,0.0,link,0.0,0.0,0.0,0.0,0.0,0.0,7.270520032237755,7.270520032237755,0.0,14.698222361726344,7.270520032237755,7.42770232948859,0
19.0,2.0,0.0,128.0,19888.0,9830.0,10058.0,1790.9817650000002,1790.9817650000002,0.0,18219.57712193098,link,0.0,0.0,0.0,0.0,0.0,0.0,7.270520032237755,7.270520032237755,0.0,14.52984732383378,14.52984732383378,0.0,0
20.0,2.0,0.0,129.0,19481.000344743796,9701.000199905127,9780.000144838668,1585.946802063634,0.0,1585.946802063634,0.0,link,0.0,0.0,0.0,0.0,0.0,0.0,0.0,0.0,0.0,6.428265841802123,0.0,6.428265841802123,0
20.0,0.0,78.0,130.0,10133.998910338903,10133.998910338903,0.0,2201.810828978947,2201.810828978947,0.0,22308.899934453435,ra,1.0,1.0,0.0,8.924527180620702,8.924527180620702,0.0,0.0,0.0,0.0,0.0,0.0,0.0,1
20.0,1.0,79.0,131.0,10094.12847263898,0.0,10094.12847263898,2214.6793271343668,0.0,2214.6793271343668,22364.44986396924,ra,1.0,0.0,1.0,19.773036445662832,0.0,19.773036445662832,10.796349806086672,0.0,10.796349806086672,0.0,0.0,0.0,1
20.0,2.0,8.0,132.0,21962.97969081701,10983.990050020308,10978.989640796704,1594.243979477348,1594.243979477348,0.0,37253.22848420508,link,0.0,0.0,0.0,0.0,0.0,0.0,10.796349806086672,0.0,10.796349806086672,17.25824632332037,6.461896517233699,10.796349806086672,0
21.0,2.0,8.0,133.0,21649.000000000102,11074.000000000044,10575.00000000006,371.5843359997804,0.0,371.5843359997804,0.0,link,0.0,0.0,0.0,0.0,0.0,0.0,11.503449618794775,11.503449618794775,0.0,13.009580146847803,11.503449618794775,1.506130528053027,0
21.0,2.0,87.0,134.0,23288.999999928543,11776.999999969368,11511.999999959173,6542.587792704876,3329.21173105459,3213.376061650286,29246.642192588224,ra,1.0,1.0,0.0,48.83250776401625,11.503449618794775,37.329058145221474,35.80783660411794,11.503449618794775,24.304386985323166,13.494184056500558,13.494184056500558,0.0,1
21.0,2.0,10.0,135.0,23288.99999999982,11776.999999999924,11511.999999999898,380.1380059998352,380.1380059998352,0.0,32474.473610155062,link,0.0,0.0,0.0,0.0,0.0,0.0,37.79857104182372,13.494184056500558,24.304386985323166,39.33937187824513,15.034984892921969,24.304386985323166,0
22.0,2.0,8.0,136.0,18089.34980232114,9293.63667702267,8795.71312529847,2541.603617777336,0.0,2541.603617777336,0.0,link,0.0,0.0,0.0,0.0,0.0,0.0,17.564649421427518,3.8598976269710614,13.704751794456456,27.86644745660073,3.8598976269710614,24.00654982962967,0
22.0,2.0,9.0,137.0,22551.759921439094,11229.492180860212,11322.267740578884,2598.6403059127283,2598.6403059127283,0.0,25496.14409205573,link,0.0,0.0,0.0,0.0,0.0,0.0,17.564649421427518,3.8598976269710614,13.704751794456456,28.097632426842825,14.392880632386369,13.704751794456456,0
24.0,2.0,9.0,140.0,25786.108144857673,12922.607317501452,12863.500827356223,310.22506737586025,0.0,310.22506737586025,0.0,link,0.0,0.0,0.0,0.0,0.0,0.0,36.94703774516323,28.382656029431423,8.564381715731805,38.204462774355974,28.382656029431423,9.82180674492455,0
24.0,0.0,88.0,141.0,12911.612953719838,12911.612953719838,0.0,904.5214863572012,904.5214863572012,0.0,7001.124876882881,ra,1.0,1.0,0.0,32.04892312386375,32.04892312386375,0.0,28.382656029431423,28.382656029431423,0.0,0.0,0.0,0.0,1
24.0,1.0,91.0,142.0,12797.695040407143,0.0,12797.695040407143,2112.957697765236,0.0,2112.957697765236,10447.761196686972,ra,0.0,0.0,-0.0,0.0,0.0,0.0,0.0,0.0,0.0,8.564381715731805,0.0,8.564381715731805,0
24.0,0.0,97.0,143.0,9570.738932827611,9570.738932827611,0.0,2755.7730122650837,2755.7730122650837,0.0,30840.569189513222,ra,0.0,-0.0,0.0,0.0,0.0,0.0,0.0,0.0,0.0,11.169883819213373,11.169883819213373,0.0,0
24.0,1.0,98.0,144.0,9946.426208887748,0.0,9946.426208887748,2231.335725475766,0.0,2231.335725475766,30857.334061915197,ra,1.0,0.0,1.0,53.54424917398092,0.0,53.54424917398092,44.500049704613666,0.0,44.500049704613666,0.0,0.0,0.0,1
24.0,2.0,108.0,145.0,15887.706151607494,7870.705730584929,8017.000421022563,4501.986650504175,2168.389585344796,2333.5970651593784,55766.14861335632,ra,0.0,0.0,-0.0,0.0,0.0,0.0,46.21124154060639,11.169883819213373,35.04135772139301,64.45899545392804,19.958945749314374,44.500049704613666,0
24.0,2.0,114.0,146.0,28294.020698251785,14163.55043686688,14130.470261384906,3453.816952067228,2111.307602382169,1342.5093496850593,76000.7341358558,ra,0.0,0.0,-0.0,0.0,0.0,0.0,49.55875462110441,19.958945749314374,29.599808871790042,63.5579969092707,28.51663918787769,35.04135772139301,0
24.0,2.0,15.0,147.0,28738.67135022459,14383.312343962509,14355.35900626208,310.87767950128045,310.87767950128045,0.0,78175.47480337396,link,0.0,0.0,0.0,0.0,0.0,0.0,58.11644805966773,28.51663918787769,29.599808871790042,59.3765183000544,29.776709428264358,29.599808871790042,0
25.0,2.0,9.0,148.0,18444.994544675952,9036.997526482091,9407.99701819386,3162.573978652046,0.0,3162.573978652046,0.0,link,0.0,0.0,0.0,0.0,0.0,0.0,29.736999539868947,10.282745124494653,19.454254415374294,42.55575629305131,10.282745124494653,32.27301116855666,0
25.0,2.0,10.0,149.0,19006.727910032103,9665.34291491844,9341.384995113662,3137.608098414663,3137.608098414663,0.0,35248.172611532704,link,0.0,0.0,0.0,0.0,0.0,0.0,29.736999539868947,10.282745124494653,19.454254415374294,42.45456287267841,23.00030845730412,19.454254415374294,0
26.0,2.0,10.0,150.0,39799.09031594862,19727.656489472974,20071.433826475644,5432.50664953123,0.0,5432.50664953123,0.0,link,0.0,0.0,0.0,0.0,0.0,0.0,35.955380144338854,25.331487582853203,10.623892561485652,57.97478009212054,25.331487582853203,32.64329250926734,0
26.0,2.0,11.0,151.0,61239.02764165262,31319.794471237463,29919.23317041516,5527.098799836521,5527.098799836521,0.0,24120.7762535988,link,0.0,0.0,0.0,0.0,0.0,0.0,35.955380144338854,25.331487582853203,10.623892561485652,58.358187333724665,47.73429477223901,10.623892561485652,0
27.0,2.0,11.0,152.0,68446.95855219441,33632.332120978645,34814.626431215765,4475.01586176286,0.0,4475.01586176286,0.0,link,0.0,0.0,0.0,0.0,0.0,0.0,21.32013145788432,21.32013145788432,0.0,39.45856558963564,21.32013145788432,18.138434131751325,0
27.0,0.0,99.0,153.0,29715.95485159294,29715.95485159294,0.0,4959.050959781504,4959.050959781504,0.0,15398.281487957354,ra,1.0,1.0,0.0,41.42048908087626,41.42048908087626,0.0,21.32013145788432,21.32013145788432,0.0,0.0,0.0,0.0,1
27.0,1.0,100.0,154.0,27462.225943179787,0.0,27462.225943179787,4427.600028969178,0.0,4427.600028969178,15788.230047158857,ra,1.0,0.0,1.0,87.71635625397676,0.0,87.71635625397676,69.77011115272231,0.0,69.77011115272231,0.0,0.0,0.0,1
27.0,2.0,107.0,155.0,39803.00077214074,18775.259985557448,21027.74078658329,8521.51974910427,4077.7617235109983,4443.758025593273,32030.585088502547,ra,1.0,1.0,0.0,23.551710263934137,16.528257041248562,7.023453222685576,58.78182659959748,0.0,58.78182659959748,69.77011115272231,0.0,69.77011115272231,1
27.0,0.0,111.0,156.0,14923.34787730996,14923.34787730996,0.0,3332.683703707982,3332.683703707982,0.0,51994.455333056,ra,0.0,-0.0,0.0,0.0,0.0,0.0,0.0,0.0,0.0,13.50825688869293,13.50825688869293,0.0,0
27.0,1.0,110.0,157.0,16064.78653282132,0.0,16064.78653282132,3656.830509986008,0.0,3656.830509986008,52217.78598274018,ra,0.0,0.0,-0.0,0.0,0.0,0.0,43.959716156791025,0.0,43.959716156791025,58.78182659959748,0.0,58.78182659959748,0
27.0,2.0,113.0,158.0,28115.732693263828,13396.479626617023,14719.253066646805,8182.361978154302,4151.774424898176,4030.5875532561263,80453.83595296173,ra,1.0,0.0,1.0,63.90806094757525,30.336507119184926,33.57155382839033,74.70247939470103,13.50825688869293,61.1942225060081,43.959716156791025,0.0,43.959716156791025,1
27.0,0.0,115.0,159.0,16210.1141141057,16210.1141141057,0.0,2741.8648075464444,2741.8648075464444,0.0,99290.1862589441,ra,0.0,-0.0,0.0,0.0,0.0,0.0,0.0,0.0,0.0,11.113510151952095,11.113510151952095,0.0,0
27.0,2.0,116.0,160.0,34177.78966749807,16266.79151473384,17910.998152764234,6377.116285600918,1294.989846913013,5082.126438687905,107271.26953267986,ra,0.0,0.0,-0.0,0.0,0.0,0.0,51.70851731563252,11.113510151952095,40.59500716368042,77.55667227406812,16.36244976806002,61.1942225060081,0
27.0,2.0,15.0,161.0,39893.99999984566,18725.9999999336,21167.99999991206,3972.0067852374737,3972.0067852374737,0.0,128894.5131374644,link,0.0,0.0,0.0,0.0,0.0,0.0,56.95745693174044,16.36244976806002,40.59500716368042,73.05706097124835,32.46205380756792,40.59500716368042,0
28.0,2.0,11.0,162.0,61992.2787513973,31725.31224782596,30266.96650357134,2390.702240646126,0.0,2390.702240646126,0.0,link,0.0,0.0,0.0,0.0,0.0,0.0,23.162721602343986,23.162721602343986,0.0,32.85287610908303,23.162721602343986,9.690154506739038,0
28.0,0.0,93.0,163.0,30439.224167938333,30439.224167938333,0.0,1072.7833528404256,1072.7833528404256,0.0,3445.559107155475,ra,0.0,-0.0,0.0,0.0,0.0,0.0,23.162721602343986,23.162721602343986,0.0,27.51099896810733,27.51099896810733,0.0,0
28.0,0.0,95.0,164.0,18498.90877462081,18498.90877462081,0.0,3967.265746570001,3967.265746570001,0.0,21968.34571810977,ra,1.0,1.0,0.0,43.59138631202296,43.59138631202296,0.0,27.51099896810733,27.51099896810733,0.0,0.0,0.0,0.0,1
28.0,1.0,96.0,165.0,17419.186332491074,0.0,17419.186332491074,4813.95264377551,0.0,4813.95264377551,22264.116411144965,ra,1.0,0.0,1.0,19.512235406489687,0.0,19.512235406489687,0.0,0.0,0.0,0.0,0.0,0.0,1
28.0,2.0,0.0,166.0,16044.983216716417,8425.399218263456,7619.583998452962,2682.96218463007,2682.96218463007,0.0,40879.27967798362,link,0.0,0.0,0.0,0.0,0.0,0.0,0.0,0.0,0.0,10.87476209407702,10.87476209407702,0.0,0
30.0,2.0,12.0,169.0,31173.00771278776,15334.689159172884,15838.318553614876,1373.022338283504,0.0,1373.022338283504,0.0,link,0.0,0.0,0.0,0.0,0.0,0.0,70.11096005933047,38.97493011897488,31.13602994035558,75.6761861978961,38.97493011897488,36.70125607892122,0
30.0,0.0,101.0,170.0,15342.168535706442,15342.168535706442,0.0,288.7002299566512,288.7002299566512,0.0,1882.30501330568,ra,0.0,-0.0,0.0,-1.2004072910830874e-08,-1.2004072910830874e-08,0.0,38.97493011897488,38.97493011897488,0.0,40.14510917909972,40.14510917909972,0.0,0
30.0,1.0,102.0,171.0,15008.380189154295,0.0,15008.380189154295,2426.954705703304,0.0,2426.954705703304,15325.375723611753,ra,0.0,0.0,-0.0,0.0,0.0,0.0,21.298934513211805,0.0,21.298934513211805,31.13602994035558,0.0,31.13602994035558,0
30.0,0.0,103.0,172.0,14615.10439288337,14615.10439288337,0.0,2123.5391790607955,2123.5391790607955,0.0,15632.211521401772,ra,0.0,-0.0,0.0,0.0,0.0,0.0,40.14510917909972,40.14510917909972,0.0,48.7523804380866,48.7523804380866,0.0,0
30.0,2.0,13.0,173.0,18934.390172572806,9143.138576923604,9791.251595649202,1268.116655371192,1268.116655371192,0.0,27311.590572612236,link,0.0,0.0,0.0,0.0,0.0,0.0,70.0513149512984,48.7523804380866,21.298934513211805,75.19133034685636,53.89239583364456,21.298934513211805,0
31.0,2.0,12.0,174.0,61211.26177444921,30941.90070843765,30269.36106601156,584.8788313855799,0.0,584.8788313855799,0.0,link,0.0,0.0,0.0,0.0,0.0,0.0,100.0568337194058,85.31219812792168,14.744635591484121,102.42750378759274,85.31219812792168,17.11530565967106,0
31.0,1.0,106.0,175.0,29780.03490857172,0.0,29780.03490857172,3637.7163502508033,0.0,3637.7163502508033,10173.779430297054,ra,0.0,0.0,-0.0,0.0,0.0,0.0,-1.2204603757195636e-07,0.0,-1.2204603757195636e-07,14.744635591484121,0.0,14.744635591484121,0
31.0,0.0,105.0,176.0,30402.95414259374,30402.95414259374,0.0,3119.852058011688,3119.852058011688,0.0,10175.429354581129,ra,0.0,-0.0,0.0,0.0,0.0,0.0,85.31219812792168,85.31219812792168,0.0,97.95779152985465,97.95779152985465,0.0,0
31.0,2.0,109.0,177.0,62402.93424977723,31525.727911032645,30877.20633874459,6816.570463211742,3762.4191873927257,3054.1512758190165,22337.14837090233,ra,2.0,0.0,2.0,144.37496730739366,113.2078811012738,31.167086206119862,116.74558696036803,97.95779152985465,18.78779543051339,-1.486034516176256e-07,-2.6557414045669248e-08,-1.2204603757195636e-07,1
31.0,2.0,14.0,178.0,62766.261417807065,31611.05780980601,31155.20360800105,595.148026243029,595.148026243029,0.0,24222.213413881997,link,0.0,0.0,0.0,0.0,0.0,0.0,18.787795403955975,-2.6557414045669248e-08,18.78779543051339,21.200089260809136,2.412293830295744,18.78779543051339,0
32.0,2.0,13.0,179.0,24034.000000000007,12223.000000000004,11811.000000000004,4986.624005231322,0.0,4986.624005231322,0.0,link,0.0,0.0,0.0,0.0,0.0,0.0,54.97921180856202,53.89239583364456,1.0868159749174626,75.19133034685636,53.89239583364456,21.298934513211805,0
32.0,2.0,104.0,180.0,24034.000000001273,12223.000000000631,11811.000000000642,545.6198680000062,277.4865460000031,268.13332200000315,2270.21285318104,ra,1.0,1.0,0.0,80.31754952570478,46.08001590863675,34.237533617068024,88.12992963969651,53.89239583364456,34.23753380605196,10.023922737329393,8.937106762411931,1.0868159749174626,1
32.0,2.0,16.0,181.0,35472.0,17897.0,17575.0,5106.43524839964,5106.43524839964,0.0,35413.56901786664,link,0.0,0.0,0.0,0.0,0.0,0.0,43.174640568463886,8.937106762411931,34.23753380605196,63.87238606531736,29.6348522592654,34.23753380605196,0
33.0,2.0,14.0,182.0,25491.39192820705,13297.332945790267,12194.058982416784,2901.9645133205213,0.0,2901.9645133205213,0.0,link,0.0,0.0,0.0,0.0,0.0,0.0,6.428175654047031,6.428175654047031,0.0,18.190612711157794,6.428175704552742,11.762437006605051,0
33.0,2.0,0.0,183.0,27433.939184964896,13761.985453193762,13671.953731771133,3014.5666133482373,3014.5666133482373,0.0,22213.61178663945,link,0.0,0.0,0.0,0.0,0.0,0.0,6.428175704552742,6.428175704552742,0.0,18.64701916150955,18.64701916150955,0.0,0
34.0,2.0,14.0,184.0,40290.981728268656,40289.53408577645,1.4476424922008384,4807.99244961434,0.0,4807.99244961434,0.0,link,0.0,0.0,0.0,0.0,0.0,0.0,8.446836130077422,8.446836515290357,-3.852129353558146e-07,27.934913278240348,8.446836515290357,19.48807676294999,0
34.0,2.0,112.0,185.0,40084.67942148965,20069.25833080312,20015.421090686526,5879.593873458729,4738.491686036754,1141.1021874219755,14615.98862167376,ra,1.0,1.0,0.0,16.059517826088754,0.0,16.059517826088754,19.881162112489168,8.446836515290357,11.43432559719881,27.6532081464941,27.653208531707037,-3.852129353558146e-07,1
34.0,0.0,120.0,186.0,19233.978995985926,19233.978995985926,0.0,2388.1873644993475,2388.1873644993475,0.0,26934.149163868184,ra,1.0,1.0,0.0,37.33316957394294,37.33316957394294,0.0,27.653208531707037,27.653208531707037,0.0,0.0,0.0,0.0,1
34.0,2.0,20.0,187.0,42848.93314386101,20473.58046065553,22375.352683205478,2247.134627658472,2247.134627658472,0.0,38220.85948462789,link,0.0,0.0,0.0,0.0,0.0,0.0,11.43432559719881,0.0,11.43432559719881,20.54256223547168,9.10823663827287,11.43432559719881,0
35.0,2.0,0.0,188.0,13637.0,6766.0,6871.0,2412.026759499997,0.0,2412.026759499997,0.0,link,0.0,0.0,0.0,0.0,0.0,0.0,15.777709375322562,0.0,15.777709375322562,25.554297861362194,0.0,25.554297861362194,0
35.0,2.0,16.0,189.0,13637.0,6766.0,6871.0,2375.1670869999966,2375.1670869999966,0.0,35104.46295422166,link,0.0,0.0,0.0,0.0,0.0,0.0,15.777709375322562,0.0,15.777709375322562,25.404895756396467,9.627186381073905,15.777709375322562,0
36.0,2.0,15.0,190.0,63592.0,31158.0,32434.0,1263.5151210000006,0.0,1263.5151210000006,0.0,link,0.0,0.0,0.0,0.0,0.0,0.0,82.7427304309364,39.954020889712424,42.78870954122399,87.86409457906305,39.954020889712424,47.91007368935062,0
36.0,0.0,121.0,191.0,31158.0,31158.0,0.0,1862.7498720000008,1862.7498720000008,0.0,5978.406282256154,ra,1.0,1.0,0.0,47.50424339821202,47.50424339821202,0.0,39.954020889712424,39.954020889712424,0.0,8.30892145606187e-08,8.30892145606187e-08,0.0,1
36.0,1.0,122.0,192.0,32434.0,0.0,32434.0,2232.9998150000006,0.0,2232.9998150000006,6884.764105769136,ra,0.0,0.0,-0.0,4.7978265124359216e-08,0.0,4.7978265124359216e-08,33.73776499733223,0.0,33.73776499733223,42.78870954122399,0.0,42.78870954122399,0
36.0,2.0,17.0,193.0,63592.0,31158.0,32434.0,1496.2071600000006,1496.2071600000006,0.0,10780.414990255447,link,0.0,0.0,0.0,0.0,0.0,0.0,33.73776508042144,8.30892145606187e-08,33.73776499733223,39.80229219215861,6.064527194826382,33.73776499733223,0
37.0,2.0,16.0,194.0,61280.64411621449,31014.17446373309,30266.469652481403,3075.322007033439,0.0,3075.322007033439,0.0,link,0.0,0.0,0.0,0.0,0.0,0.0,62.34011242355069,32.02600454908141,30.314107874469283,74.80521363919803,32.02600454908141,42.77920909011662,0
37.0,0.0,117.0,195.0,31188.918197802075,31188.918197802075,0.0,476.2646699717726,476.2646699717726,0.0,1531.6015518302704,ra,0.0,-0.0,0.0,0.0,0.0,0.0,32.02600454908141,32.02600454908141,0.0,33.95643242071809,33.95643242071809,0.0,0
37.0,2.0,18.0,196.0,64809.52507699492,32882.29003408458,31927.235042910343,2677.0230036732487,2677.0230036732487,0.0,9891.283544490125,link,0.0,0.0,0.0,0.0,0.0,0.0,64.27054029518737,33.95643242071809,30.314107874469283,75.12122930306545,44.80712142859616,30.314107874469283,0
38.0,2.0,17.0,197.0,73980.90840881804,36437.73642199968,37543.17198681836,8581.895963178365,0.0,8581.895963178365,0.0,link,0.0,0.0,0.0,0.0,0.0,0.0,14.118115825557535,14.118116023058557,-1.9750102221233778e-07,48.902831558907536,14.118116023058557,34.78471553584898,0
38.0,1.0,118.0,198.0,38288.38488121995,0.0,38288.38488121995,3563.200636081027,0.0,3563.200636081027,5385.572941871728,ra,1.0,0.0,1.0,65.6540623550891,0.0,65.6540623550891,51.21145854925043,0.0,51.21145854925043,-1.9750102221233778e-07,0.0,-1.9750102221233778e-07,1
38.0,0.0,119.0,199.0,38355.566312925184,38355.566312925184,0.0,2619.00122524035,2619.00122524035,0.0,7097.786060466791,ra,0.0,-0.0,0.0,0.0,0.0,0.0,14.118116023058557,14.118116023058557,0.0,24.733627284726605,24.733627284726605,0.0,0
38.0,1.0,123.0,200.0,41712.9401712972,0.0,41712.9401712972,2031.1114551113544,0.0,2031.1114551113544,14257.714169889843,ra,0.0,0.0,-0.0,3.660048723336089e-07,0.0,3.660048723336089e-07,42.97882166653986,0.0,42.97882166653986,51.21145854925043,0.0,51.21145854925043,0
38.0,0.0,124.0,201.0,40728.86630783911,40728.86630783911,0.0,2848.889850605756,2848.889850605756,0.0,14300.505499646226,ra,1.0,1.0,0.0,36.28093851223835,36.28093851223835,0.0,24.733627284726605,24.733627284726605,0.0,0.0,0.0,0.0,1
38.0,2.0,22.0,202.0,105896.44285789959,51540.438437961006,54356.004419938574,8230.021979980831,8230.021979980831,0.0,31585.43416751235,link,0.0,0.0,0.0,0.0,0.0,0.0,42.978821376933745,0.0,42.978821376933745,76.33729819447368,33.358476527933824,42.97882166653986,0
39.0,2.0,17.0,203.0,25562.278853813234,12328.30028963884,13233.978564174393,1988.332963522788,0.0,1988.332963522788,0.0,link,0.0,0.0,0.0,0.0,0.0,0.0,21.174286926549115,11.113446514732447,10.06084041181667,29.233531371926865,11.113446567479,18.120084804447867,0
39.0,2.0,24.0,204.0,21529.452943652228,10591.584479212725,10937.868464439502,1897.3687907956744,1897.3687907956744,0.0,17071.72988124704,link,0.0,0.0,0.0,0.0,0.0,0.0,21.174286979295672,11.113446567479,10.06084041181667,28.864829272772315,18.803988860955645,10.06084041181667,0
40.0,2.0,18.0,205.0,25932.838407847834,12821.14586322636,13111.692544621475,1674.795944952231,0.0,1674.795944952231,0.0,link,0.0,0.0,0.0,0.0,0.0,0.0,26.986531844488642,19.495450419757688,7.491081424730954,33.77492691888813,19.49545035321274,14.279476565675386,0
40.0,2.0,26.0,206.0,22387.89451536771,11334.707010656924,11053.187504710784,1671.626697283136,1671.626697283136,0.0,13785.599210644326,link,0.0,0.0,0.0,0.0,0.0,0.0,26.9865318631844,19.49545035321274,7.491081509971661,33.76208111188568,26.270999687154728,7.491081424730954,0
41.0,2.0,18.0,207.0,65100.064380541284,32409.67765592153,32690.38672461976,8031.948343872269,0.0,8031.948343872269,0.0,link,0.0,0.0,0.0,0.0,0.0,0.0,41.83267081859855,41.8326708565567,-3.795814931358569e-08,74.38830201306884,41.8326708565567,32.555631156512135,0
41.0,1.0,126.0,208.0,33015.8306660751,0.0,33015.8306660751,515.7447983857179,0.0,515.7447983857179,1570.6218936678245,ra,1.0,0.0,1.0,33.33947188738517,0.0,33.33947188738517,31.249020476003835,0.0,31.249020476003835,-3.795814931358569e-08,0.0,-3.795814931358569e-08,1
41.0,0.0,125.0,209.0,32828.808927873586,32828.808927873586,0.0,517.979810454405,517.979810454405,0.0,1588.999800427482,ra,1.0,1.0,0.0,43.93218085999075,43.93218085999075,0.0,41.8326708565567,41.8326708565567,0.0,4.7065913788557623e-07,4.7065913788557623e-07,0.0,1
41.0,2.0,25.0,210.0,107717.84336110209,52411.86349298975,55305.979868112336,8019.395375229603,8019.395375229603,0.0,19664.682517120145,link,0.0,0.0,0.0,0.0,0.0,0.0,31.249020946662974,4.7065913788557623e-07,31.249020476003835,63.753771607540415,32.50475113153658,31.249020476003835,0
42.0,2.0,0.0,211.0,64323.0,34358.0,29965.000000000004,292.1437675,0.0,292.1437675,0.0,link,0.0,0.0,0.0,0.0,0.0,0.0,24.11077826382449,0.0,24.11077826382449,25.29491495685354,0.0,25.29491495685354,0
42.0,2.0,21.0,212.0,64323.0,34358.0,29965.0,334.9733210000001,334.9733210000001,0.0,974.9930872178356,link,0.0,0.0,0.0,0.0,0.0,0.0,24.11077826382449,0.0,24.11077826382449,25.46851457282139,1.3577363089969017,24.11077826382449,0
43.0,2.0,20.0,213.0,150198.49863614666,75767.44894346851,74431.04969267815,256.5387159589935,0.0,256.5387159589935,0.0,link,0.0,0.0,0.0,0.0,0.0,0.0,41.8920538288781,41.892053780868444,4.800965415125334e-08,42.931873741345,41.892053780868444,1.039819960476559,0
43.0,2.0,127.0,214.0,143910.62075712613,71622.8655725805,72287.75518454562,14695.550707760216,7361.674053195678,7333.876654564538,10005.69209126666,ra,1.0,0.0,1.0,79.16635063197174,18.934227775132577,60.23212285683916,72.39801683808989,41.892053780868444,30.505963057221443,52.796656582652496,52.79665653464284,4.800965415125334e-08,1
43.0,2.0,22.0,215.0,143835.3128743358,71573.22723597237,72262.08563836341,254.1351114407348,254.1351114407348,0.0,10360.675542503666,link,0.0,0.0,0.0,0.0,0.0,0.0,83.30261959186429,52.79665653464284,30.505963057221443,84.33269705344833,53.82673399622689,30.505963057221443,0
44.0,2.0,20.0,216.0,153959.0,74263.0,79696.0,3498.654400000002,0.0,3498.654400000002,0.0,link,0.0,0.0,0.0,0.0,0.0,0.0,47.61712948558988,7.412461415648872,40.20466806994101,61.798109776123155,7.412461415648872,54.385648360474285,0
44.0,2.0,21.0,217.0,153959.0,74263.0,79696.0,3260.145700000001,3260.145700000001,0.0,4390.047146032249,link,0.0,0.0,0.0,0.0,0.0,0.0,47.61712964865185,7.412461415648872,40.20466823300298,60.83137044972652,20.626702379785517,40.20466806994101,0
45.0,2.0,20.0,218.0,62196.76002530598,32348.66402655705,29848.09599874893,1778.4316575225057,0.0,1778.4316575225057,0.0,link,0.0,0.0,0.0,0.0,0.0,0.0,11.003322520577148,11.003322520577148,0.0,18.211780861716843,11.003322506647281,7.208458355069562,0
45.0,2.0,129.0,219.0,59803.760630072626,31496.773292559403,28306.987337513223,6019.401556958648,3144.575633708264,2874.8259232503847,9849.378972750012,ra,1.0,0.0,1.0,47.19917846057112,23.74912668318513,23.450051777385987,22.800937694809917,11.003322506647281,11.797615188162634,2.1943131701658537e-07,2.1943131701658537e-07,0.0,1
45.0,2.0,27.0,220.0,59265.836631097605,31619.71560399585,27646.121027101755,2008.7677610146968,2008.7677610146968,0.0,16227.553730454052,link,0.0,0.0,0.0,0.0,0.0,0.0,11.797615407593952,2.1943131701658537e-07,11.797615188162634,19.93968749061833,8.142072302455695,11.797615188162634,0
46.0,2.0,21.0,221.0,122056.36331156333,58092.14471186193,63964.2185997014,6279.260644728073,0.0,6279.260644728073,0.0,link,0.0,0.0,0.0,0.0,0.0,0.0,45.23961177113768,14.180061969761319,31.059549801376363,70.69113174756768,14.180061969761319,56.51106977780637,0
46.0,2.0,23.0,222.0,131872.70614633957,62497.919354533005,69374.78679180656,5678.044393759095,5678.044393759095,0.0,9404.55520736285,link,0.0,0.0,0.0,0.0,0.0,0.0,45.23961177113768,14.180061969761319,31.059549801376363,68.25424177482958,37.194691973453224,31.059549801376363,0
47.0,2.0,22.0,223.0,38579.295537849815,18952.69215084102,19626.6033870088,1763.219166427337,0.0,1763.219166427337,0.0,link,0.0,0.0,0.0,0.0,0.0,0.0,20.84722415688097,20.84722415688097,0.0,27.994022223756406,20.84722415688097,7.146798066875438,0
47.0,2.0,128.0,224.0,35162.62482989687,17399.45971996509,17763.16510993178,7435.637995433931,3663.3854298437486,3772.2525655901823,19815.112780906624,ra,1.0,0.0,1.0,66.31074194975675,35.695903460265846,30.614838489490904,36.17211579413135,20.84722415688097,15.32489163725038,8.013281244642884e-16,8.013281244642884e-16,0.0,1
47.0,2.0,28.0,225.0,35062.11998304022,16961.141448801816,18100.9785342384,1675.651535543216,1675.651535543216,0.0,29618.33132225415,link,0.0,0.0,0.0,0.0,0.0,0.0,15.32489164811842,8.013281244642884e-16,15.32489164811842,22.11675471530559,6.791863078055211,15.32489163725038,0
48.0,2.0,24.0,226.0,16009.999934388854,7856.999966820751,8152.999967568103,2252.387938481718,0.0,2252.387938481718,0.0,link,0.0,0.0,0.0,0.0,0.0,0.0,11.268270618919875,11.268270618919875,0.0,20.397800328610714,11.268270618919875,9.12952970969084,0
48.0,2.0,0.0,227.0,10228.9496360124,5180.369177535584,5048.580458476815,2203.4039084147803,2203.4039084147803,0.0,34790.83034290512,link,0.0,0.0,0.0,0.0,0.0,0.0,11.268270618919875,11.268270618919875,0.0,20.199254975851478,20.199254975851478,0.0,0
50.0,2.0,23.0,230.0,167288.29083468003,89420.76920845687,77867.52162622314,2077.529087866036,0.0,2077.529087866036,0.0,link,0.0,0.0,0.0,0.0,0.0,0.0,63.04279348453121,38.12512893581528,24.917664548715926,71.4635735006743,38.12512893581528,33.33844456485901,0
50.0,2.0,25.0,231.0,167733.1420677742,89424.56834914754,78308.57371862668,2379.090073396836,2379.090073396836,0.0,2660.513408818963,link,0.0,0.0,0.0,0.0,0.0,0.0,63.04279381386973,38.12512893581528,24.917664878054445,72.68588077692183,47.768216228205915,24.917664548715926,0
51.0,2.0,23.0,232.0,68004.42841151668,33685.47219088722,34318.956220629465,2606.4986391770226,0.0,2606.4986391770226,0.0,link,0.0,0.0,0.0,0.0,0.0,0.0,30.235308689396227,21.074300671570118,9.16100801782611,40.800143542019654,21.074300671570118,19.725842870449533,0
51.0,0.0,130.0,233.0,33100.995903315394,33100.995903315394,0.0,783.1629546866914,783.1629546866914,0.0,2344.9972799662905,ra,1.0,1.0,0.0,14.77682424352986,14.77682424352986,0.0,21.074300671570118,21.074300671570118,0.0,9.471845193318487,9.471845193318487,0.0,1
51.0,2.0,27.0,234.0,64426.23565632764,31754.48892503164,32671.746731296,1762.794004348873,1762.794004348873,0.0,7784.588682143257,link,0.0,0.0,0.0,0.0,0.0,0.0,18.632853317981787,9.471845193318487,9.1610081246633,25.77792798259634,16.61691996477023,9.16100801782611,0
53.0,2.0,24.0,237.0,26623.0,13216.0,13407.000000000002,1301.209681500001,0.0,1301.209681500001,0.0,link,0.0,0.0,0.0,0.0,0.0,0.0,21.698010672454835,16.788284239385074,4.909726433069761,26.972160938860213,16.788284239385074,10.18387669947514,0
53.0,2.0,28.0,238.0,26623.0,13216.0,13407.0,1282.6722719999998,1282.6722719999998,0.0,9705.486491353968,link,0.0,0.0,0.0,0.0,0.0,0.0,21.698010672454835,16.788284239385074,4.909726433069761,26.8970238686071,21.98729743553734,4.909726433069761,0
54.0,2.0,25.0,239.0,63790.74308365228,33602.55553767664,30188.187545975637,914.669079332492,0.0,914.669079332492,0.0,link,0.0,0.0,0.0,0.0,0.0,0.0,27.81368029091732,27.813680147401787,1.4351553367930592e-07,31.521078289119366,27.813680147401787,3.7073981417175803,0
54.0,2.0,131.0,240.0,33762.441558617626,17029.212737248363,16733.228821369263,7185.418002340216,3714.280971775646,3471.13703056457,14118.05957838652,ra,1.0,1.0,0.0,60.330659215133196,24.814883680810954,35.515775534322245,49.26001088091556,27.813680147401787,21.446330733513772,18.053769114009413,18.05376897049388,1.4351553367930592e-07,1
54.0,2.0,26.0,241.0,32484.774457444895,16371.354345937669,16113.420111507226,929.5714925260236,929.5714925260236,0.0,19751.672738570145,link,0.0,0.0,0.0,0.0,0.0,0.0,39.50009976441224,18.05376897049388,21.446330793918357,43.267901161876665,21.82157042836289,21.446330733513772,0
55.0,2.0,26.0,242.0,35611.19993600926,17306.49996896785,18304.699967041404,3651.9540270608895,0.0,3651.9540270608895,0.0,link,0.0,0.0,0.0,0.0,0.0,0.0,33.957502567101486,33.957502567101486,0.0,48.759847433549886,33.957502678076,14.802344755473891,0
55.0,2.0,132.0,243.0,34335.6700861098,16687.900230609903,17647.769855499897,3806.716178738113,1850.014875297545,1956.701303440568,10714.232916978135,ra,1.0,0.0,1.0,49.387139756303704,41.45610692774354,7.931032828560165,33.957502678076,33.957502678076,0.0,0.0,0.0,0.0,1
55.0,2.0,0.0,244.0,9015.000278806967,4116.000142012323,4899.000136794644,3382.273931804988,3382.273931804988,0.0,47911.36687265736,link,0.0,0.0,0.0,0.0,0.0,0.0,0.0,0.0,0.0,13.709259323924908,13.709259323924908,0.0,0
56.0,2.0,27.0,245.0,67553.51728478492,34432.267085202984,33121.25019958193,2367.0237097169543,0.0,2367.0237097169543,0.0,link,0.0,0.0,0.0,0.0,0.0,0.0,13.39454833259654,13.394548192816808,1.3977973267742527e-07,22.988727431233624,13.394548192816808,9.594179238416816,0
56.0,1.0,134.0,246.0,28345.05378073905,0.0,28345.05378073905,1429.461201904893,0.0,1429.461201904893,14670.942506693847,ra,1.0,0.0,1.0,38.5753474805817,0.0,38.5753474805817,32.781359698175166,0.0,32.781359698175166,1.3977973267742527e-07,0.0,1.3977973267742527e-07,1
56.0,0.0,133.0,247.0,28758.648000424007,28758.648000424007,0.0,4635.222356187495,4635.222356187495,0.0,14715.488271793003,ra,0.0,-0.0,0.0,2.11621387479961e-07,2.11621387479961e-07,0.0,13.394548192816808,13.394548192816808,0.0,32.182341909554864,32.182341909554864,0.0,0
56.0,2.0,135.0,248.0,47006.10408228616,24072.8864014428,22933.21768084336,5972.3380643838445,1468.7067383505575,4503.631326033287,20490.182643268578,ra,0.0,-0.0,0.0,8.500904375949407e-08,8.500904375949407e-08,0.0,46.709281358867116,32.182341909554864,14.526939449312252,70.91676213126388,38.135402433088714,32.781359698175166,0
56.0,2.0,29.0,249.0,45237.32656378552,23422.054813020965,21815.27175076456,2510.3156903599324,2510.3156903599324,0.0,31051.51115001564,link,0.0,0.0,0.0,0.0,0.0,0.0,52.662341882400966,38.135402433088714,14.526939449312252,62.8373216380165,48.310382188704246,14.526939449312252,0
57.0,2.0,28.0,250.0,21608.0,10785.0,10823.000000000002,664.3049169999997,0.0,664.3049169999997,0.0,link,0.0,0.0,0.0,0.0,0.0,0.0,11.23714763261395,11.23714763261395,0.0,13.92975283282353,11.23714763261395,2.6926052002095786,0
57.0,2.0,0.0,251.0,21608.0,10785.000000000002,10823.0,661.972515,661.972515,0.0,6137.906286244384,link,0.0,0.0,0.0,0.0,0.0,0.0,11.23714763261395,11.23714763261395,0.0,13.920298984758485,13.920298984758485,0.0,0
59.0,2.0,29.0,254.0,41763.642422810655,21836.31144790283,19927.330974907825,64.19229876066692,0.0,64.19229876066692,0.0,link,0.0,0.0,0.0,0.0,0.0,0.0,54.34952847546431,39.07296362240918,15.276564853055127,54.60971700189724,39.07296362240918,15.536753379488056,0
59.0,0.0,137.0,255.0,11226.947197214342,11226.947197214342,0.0,4281.442654724177,4281.442654724177,0.0,25939.716113189967,ra,1.0,1.0,0.0,56.42679386134663,56.42679386134663,0.0,39.07296362240918,39.07296362240918,0.0,0.0,0.0,0.0,1
59.0,1.0,138.0,256.0,8142.41876965786,0.0,8142.41876965786,3768.951031500648,0.0,3768.951031500648,26235.491957639333,ra,0.0,0.0,-0.0,0.0,0.0,0.0,0.0,0.0,0.0,15.276564853055127,0.0,15.276564853055127,0
59.0,2.0,0.0,257.0,19030.167720862108,11064.89566740363,7965.272053458477,121.79539004601152,121.79539004601152,0.0,27032.750454879864,link,0.0,0.0,0.0,0.0,0.0,0.0,0.0,0.0,0.0,0.49366923562819975,0.49366923562819975,0.0,0
60.0,2.0,29.0,258.0,15204.999638753205,7325.999839362642,7878.999799390564,589.7618799510744,0.0,589.7618799510744,0.0,link,0.0,0.0,0.0,0.0,0.0,0.0,19.4466127750528,16.042153819668336,3.404458955384465,21.837075142865803,16.042153819668336,5.794921323197468,0
60.0,2.0,136.0,259.0,13825.298552554461,6712.4814864233695,7112.817066131092,1621.7030872016057,781.773481624616,839.9296055769897,10738.631570167296,ra,1.0,1.0,0.0,19.210890476796514,19.210890476796514,0.0,16.042153819668336,16.042153819668336,0.0,3.404458955384465,0.0,3.404458955384465,1
60.0,2.0,0.0,260.0,9900.001134069504,4967.000504292169,4933.000629777334,588.1442988228391,588.1442988228391,0.0,22135.2935483001,link,0.0,0.0,0.0,0.0,0.0,0.0,0.0,0.0,0.0,2.383905879600758,2.383905879600758,0.0,0
