Time of calculation: 20220215-125510; value of objective: 71243000.0;  acc=2400;  cfix=40000;  cvar=127000;  eta=0.33;  mu=0.24;  i=
segment_id,dir,type_ID,POI_ID,traffic_flow,traffic_flow_0,traffic_flow_1,energy_demand,energy_demand_0,energy_demand_1,dist_along_segment,pois_type,pYi_dir,pYi_dir_0,pYi_dir_1,pE_charged,pE_charged_0,pE_charged_1,pE_input,pE_input_0,pE_input_1,pE_output,pE_output_0,pE_output_1,pXi
0.0,2.0,0.0,0.0,26540.636112053,13243.0239038645,13297.6122081885,4423.92123143818,0.0,4423.92123143818,0.0,link,0.0,0.0,0.0,0.0,0.0,0.0,0.0,0.0,0.0,837.535,0.0,837.535,0
0.0,2.0,1.0,1.0,26594.7769799282,13269.4415749127,13325.3354050155,810.003976920776,31.774775427221,778.229201493555,239.715824101164,ra,23.0,0.0,23.0,5635.633999999997,0.0,5635.633999999997,5488.299999999998,0.0,5488.299999999998,6.016,6.016,0.0,1
0.0,2.0,0.0,2.0,45891.0713847726,24132.5354848012,21758.5358999714,10453.07839190074,5371.86342144895,5081.21497045179,24427.462160298,ra,0.0,-0.0,0.0,0.0,0.0,0.0,4532.341999999999,6.016,4526.325999999999,6511.314999999999,1023.015,5488.299999999998,0
0.0,1.0,2.0,3.0,5594.60627343411,0.0,5594.60627343411,2065.98540498995,0.0,2065.98540498995,68504.6013106114,ra,0.0,0.0,-0.0,0.0,0.0,0.0,4135.1939999999995,0.0,4135.1939999999995,4526.325999999999,0.0,4526.325999999999,0
0.0,0.0,3.0,4.0,4553.08388931748,4553.08388931748,0.0,7187.4483251383,7187.4483251383,0.0,79329.1374904099,ra,0.0,-0.0,0.0,0.0,0.0,0.0,1023.015,1023.015,0.0,2383.74,2383.74,0.0,0
0.0,2.0,4.0,5.0,7895.539602766939,4645.32330643337,3250.21629633357,2342.9750495919798,1038.66179081139,1304.31325878059,104473.71241617,ra,0.0,0.0,-0.0,0.0,0.0,0.0,6272.0019999999995,2383.74,3888.2619999999997,6715.572999999999,2580.379,4135.1939999999995,0
0.0,2.0,5.0,6.0,19815.36822147166,9562.72950758806,10252.6387138836,7959.02626511719,2076.95503589247,5882.07122922472,133409.21035476,ra,0.0,-0.0,0.0,0.0,0.0,0.0,5355.048999999999,2580.379,2774.669999999999,6861.849,2973.587,3888.2619999999997,0
0.0,2.0,6.0,7.0,38420.413170467305,19234.6634945469,19185.7496759204,10291.73164091456,4957.10120865155,5334.63043226301,173065.413799776,ra,0.0,0.0,-0.0,0.0,0.0,0.0,4738.305999999999,2973.587,1764.7189999999991,6686.733999999999,3912.064,2774.669999999999,0
0.0,1.0,7.0,8.0,21229.4573799075,0.0,21229.4573799075,31.9071906889248,0.0,31.9071906889248,176940.22069629,ra,0.0,0.0,-0.0,0.0,0.0,0.0,1758.6779999999994,0.0,1758.6779999999994,1764.7189999999991,0.0,1764.7189999999991,0
0.0,2.0,0.0,9.0,50605.7308716768,25638.9023938735,24966.8284778033,5210.17855174236,5210.17855174236,0.0,194059.964946131,link,0.0,0.0,0.0,0.0,0.0,0.0,5670.741999999999,3912.064,1758.6779999999994,6657.130999999999,4898.4529999999995,1758.6779999999994,0
1.0,2.0,0.0,10.0,41635.2696746832,21021.6267553003,20613.6429193829,39.7761865009555,0.0,39.7761865009555,0.0,link,0.0,0.0,0.0,0.0,0.0,0.0,4139.156857142856,3432.3074285714283,706.8494285714277,4146.686857142856,3432.3074285714283,714.3794285714276,0
1.0,2.0,8.0,11.0,39859.9435983602,20128.7100274165,19731.2335709437,2276.328443367862,1715.72731424055,560.601129127312,8218.21591932416,ra,0.0,0.0,-0.0,0.0,0.0,0.0,4033.023857142856,3432.3074285714283,600.7164285714276,4463.977857142856,3757.1284285714282,706.8494285714277,0
1.0,0.0,9.0,12.0,15021.9786197919,15021.9786197919,0.0,1426.84265640488,1426.84265640488,0.0,16747.0640478161,ra,0.0,-0.0,0.0,0.0,0.0,0.0,3757.1284285714282,3757.1284285714282,0.0,4027.257428571428,4027.257428571428,0.0,0
1.0,2.0,10.0,13.0,29629.2702066633,14994.1517039878,14635.1185026755,191.32891529796441,24.7111120586864,166.617803239278,16911.7407621753,ra,0.0,0.0,-0.0,0.0,0.0,0.0,4596.429857142855,4027.257428571428,569.1724285714276,4632.651857142856,4031.935428571428,600.7164285714276,0
1.0,2.0,14.0,14.0,23126.816645439998,11846.3351177034,11280.4815277366,2715.58896866506,1386.75954291372,1328.82942575134,27721.2649615329,ra,0.0,0.0,-0.0,0.0,0.0,0.0,4349.533857142856,4031.935428571428,317.59842857142763,4863.648857142856,4294.476428571428,569.1724285714276,0
1.0,1.0,13.0,15.0,11337.2619320883,0.0,11337.2619320883,1420.24853693026,0.0,1420.24853693026,29194.6309655969,ra,0.0,0.0,-0.0,0.0,0.0,0.0,48.717428571427654,0.0,48.717428571427654,317.59842857142763,0.0,317.59842857142763,0
1.0,0.0,12.0,16.0,11885.5265358471,11885.5265358471,0.0,208.504810997731,208.504810997731,0.0,29478.4736802298,ra,0.0,-0.0,0.0,0.0,0.0,0.0,4294.476428571428,4294.476428571428,0.0,4333.950428571428,4333.950428571428,0.0,0
1.0,0.0,15.0,17.0,11960.1701828351,11960.1701828351,0.0,465.471180470787,465.471180470787,0.0,33381.7233696118,ra,0.0,-0.0,0.0,0.0,0.0,0.0,4333.950428571428,4333.950428571428,0.0,4422.073428571428,4422.073428571428,0.0,0
1.0,2.0,16.0,18.0,23460.935326572,11970.3853891252,11490.5499374468,1768.668281716874,86.3301716488441,1682.33811006803,34103.2604930604,ra,19.0,19.0,0.0,4708.200000000001,4438.417428571428,269.78257142857234,4422.073428571428,4422.073428571428,0.0,48.717428571427654,0.0,48.717428571427654,1
1.0,2.0,0.0,19.0,23472.9532848191,11974.8809399587,11498.0723448604,41.4313703808343,41.4313703808343,0.0,34449.3464575004,link,0.0,0.0,0.0,0.0,0.0,0.0,0.0,0.0,0.0,7.844,7.844,0.0,0
2.0,2.0,0.0,20.0,68929.1689525749,33758.8137930879,35170.355159487,2037.30449092795,0.0,2037.30449092795,0.0,link,0.0,0.0,0.0,0.0,0.0,0.0,5927.849914285713,3367.6994571428563,2560.1504571428563,6313.551914285712,3367.6994571428563,2945.852457142856,0
2.0,1.0,11.0,21.0,34398.2821383792,0.0,34398.2821383792,0.177994253383828,0.0,0.177994253383828,2598.41164546074,ra,0.0,0.0,-0.0,0.0,0.0,0.0,2560.1164571428562,0.0,2560.1164571428562,2560.1504571428563,0.0,2560.1504571428563,0
2.0,0.0,17.0,22.0,24285.974119979,24285.974119979,0.0,5629.75346622784,5629.75346622784,0.0,19826.0309188716,ra,0.0,-0.0,0.0,0.0,0.0,0.0,3367.6994571428563,3367.6994571428563,0.0,4433.522457142857,4433.522457142857,0.0,0
2.0,1.0,18.0,23.0,24186.0911430872,0.0,24186.0911430872,4128.06929715106,0.0,4128.06929715106,19924.5544753991,ra,0.0,0.0,-0.0,0.0,0.0,0.0,1778.5914571428561,0.0,1778.5914571428561,2560.1164571428562,0.0,2560.1164571428562,0
2.0,0.0,19.0,24.0,24395.8043620461,24395.8043620461,0.0,1107.94961707917,1107.94961707917,0.0,24376.283905319,ra,0.0,-0.0,0.0,0.0,0.0,0.0,4433.522457142857,4433.522457142857,0.0,4643.279457142857,4643.279457142857,0.0,0
2.0,0.0,20.0,25.0,18382.7449604955,18382.7449604955,0.0,3193.59583085962,3193.59583085962,0.0,38424.0480859037,ra,0.0,-0.0,0.0,0.0,0.0,0.0,4643.279457142857,4643.279457142857,0.0,5247.890457142857,5247.890457142857,0.0,0
2.0,1.0,21.0,26.0,18491.6133654888,0.0,18491.6133654888,4453.99249618843,0.0,4453.99249618843,38987.6806255175,ra,0.0,0.0,-0.0,0.0,0.0,0.0,935.3634571428562,0.0,935.3634571428562,1778.5914571428561,0.0,1778.5914571428561,0
2.0,2.0,22.0,27.0,37060.499514109295,18323.8494067353,18736.650107374,9037.685965220891,4162.99183164668,4874.69413357421,60686.5331745626,ra,0.0,0.0,-0.0,0.0,0.0,0.0,5260.377914285713,5247.890457142857,12.487457142856197,6971.389914285713,6036.026457142856,935.3634571428562,0
2.0,2.0,23.0,28.0,37058.9029265594,18323.1127403572,18735.7901862022,905.670862196634,0.17407320896991,905.496788987664,60687.5223097686,ra,25.0,0.0,25.0,6195.0,6036.059457142856,158.9405428571438,6036.026457142856,6036.026457142856,0.0,12.487457142856197,0.0,12.487457142856197,1
2.0,2.0,0.0,29.0,23931.6001633626,12393.9415716933,11537.6585916693,2066.87595360883,2066.87595360883,0.0,74788.4585560346,link,0.0,0.0,0.0,0.0,0.0,0.0,0.0,0.0,0.0,391.3,391.3,0.0,0
3.0,2.0,0.0,30.0,27844.0,14880.0,12964.0,276.638796,0.0,276.638796,0.0,link,0.0,0.0,0.0,0.0,0.0,0.0,0.0,0.0,0.0,52.373,0.0,52.373,0
3.0,0.0,24.0,31.0,14880.0,14880.0,0.0,43.31568,43.31568,0.0,291.139117483826,ra,0.0,-0.0,0.0,0.0,0.0,0.0,0.0,0.0,0.0,8.201,8.201,0.0,0
3.0,1.0,25.0,32.0,12964.0,0.0,12964.0,50.78647,0.0,50.78647,391.789662717657,ra,16.0,0.0,16.0,3964.7999999999993,0.0,3964.7999999999993,3955.184999999999,0.0,3955.184999999999,0.0,0.0,0.0,1
3.0,2.0,1.0,33.0,27844.0,14880.0,12964.0,332.50104,332.50104,0.0,2525.71464164925,link,0.0,0.0,0.0,0.0,0.0,0.0,3963.385999999999,8.201,3955.184999999999,4026.334999999999,71.15,3955.184999999999,0
4.0,2.0,1.0,34.0,59761.3086274698,30037.3419745759,29723.9666528939,2541.48042300009,0.0,2541.48042300009,0.0,link,0.0,0.0,0.0,0.0,0.0,0.0,10167.189208860073,4985.267180502964,5181.922028357108,10648.34120886007,4985.267180502964,5663.074028357108,0
4.0,1.0,29.0,35.0,19741.1962074672,0.0,19741.1962074672,941.130780889781,0.0,941.130780889781,27421.918402147,ra,0.0,0.0,-0.0,0.0,0.0,0.0,5003.747028357107,0.0,5003.747028357107,5181.922028357108,0.0,5181.922028357108,0
4.0,0.0,28.0,36.0,20188.7740020659,20188.7740020659,0.0,6913.40781708113,6913.40781708113,0.0,27456.2755376563,ra,0.0,-0.0,0.0,0.0,0.0,0.0,4985.267180502964,4985.267180502964,0.0,6294.111180502966,6294.111180502966,0.0,0
4.0,2.0,31.0,37.0,24242.04672144007,16011.0814154375,8230.96530600257,10336.618270691579,5459.80728965386,4876.81098103772,57952.4364496481,ra,0.0,0.0,-0.0,0.0,0.0,0.0,10374.582208860073,6294.111180502966,4080.4710283571067,12331.507208860075,7327.760180502967,5003.747028357107,0
4.0,2.0,30.0,38.0,24222.43641462717,16010.6884723873,8211.74794223987,2097.1816748164297,3.69851459408978,2093.48316022234,57975.5602403068,ra,0.0,0.0,-0.0,0.0,0.0,0.0,11011.893208860074,7327.760180502967,3684.1330283571065,11408.931208860073,7328.460180502966,4080.4710283571067,0
4.0,2.0,35.0,39.0,21337.9057816767,10925.6060783794,10412.2997032973,4724.82145770061,2596.38509090262,2128.43636679799,78476.4553474238,ra,0.0,-0.0,0.0,0.0,0.0,0.0,10609.638208860073,7328.460180502966,3281.1780283571065,11504.140208860073,7820.007180502967,3684.1330283571065,0
4.0,0.0,40.0,40.0,10876.9999980846,10876.9999980846,0.0,1976.66074396654,1976.66074396654,0.0,96645.2667353262,ra,0.0,-0.0,0.0,0.0,0.0,0.0,7820.007180502967,7820.007180502967,0.0,8194.228180502967,8194.228180502967,0.0,0
4.0,1.0,41.0,41.0,10239.998724531,0.0,10239.998724531,1817.26058482465,0.0,1817.26058482465,99246.7072366671,ra,0.0,0.0,-0.0,0.0,0.0,0.0,2937.1350283571064,0.0,2937.1350283571064,3281.1780283571065,0.0,3281.1780283571065,0
4.0,2.0,42.0,42.0,15349.44862342799,7293.1561007636,8056.29252266439,2244.8438549829193,2242.94471998322,1.89913499969935,124531.184689634,ra,0.0,0.0,-0.0,0.0,0.0,0.0,11131.003208860073,8194.228180502967,2936.7750283571063,11555.997208860073,8618.862180502967,2937.1350283571064,0
4.0,2.0,45.0,43.0,29499.9997821141,14928.9998128104,14570.9999693037,9965.39545782924,4949.37419030477,5016.02126752447,160563.715389321,ra,0.0,-0.0,0.0,0.0,0.0,0.0,10606.005208860073,8618.862180502967,1987.1430283571065,12492.651208860074,9555.876180502968,2936.7750283571063,0
4.0,2.0,49.0,44.0,29501.2496709625,14929.6109247903,14571.6387461722,7771.39511709413,964.25344768502,6807.14166940911,167022.616706975,ra,0.0,0.0,-0.0,0.0,0.0,0.0,10254.293208860074,9555.876180502968,698.4170283571063,11725.571208860074,9738.428180502968,1987.1430283571065,0
4.0,2.0,2.0,45.0,37135.979248738106,18661.9898553614,18473.9893933767,2580.11657231137,2580.11657231137,0.0,182066.45484822,link,0.0,0.0,0.0,0.0,0.0,0.0,10436.845208860073,9738.428180502968,698.4170283571063,10925.312208860074,10226.895180502968,698.4170283571063,0
5.0,2.0,1.0,46.0,68793.7826224039,33913.4453688065,34880.3372535974,3843.82209257494,0.0,3843.82209257494,0.0,link,0.0,0.0,0.0,0.0,0.0,0.0,10477.970791845808,3999.726819849974,6478.243971995835,11205.68179184581,3999.726819849974,7205.954971995835,0
5.0,1.0,26.0,47.0,36003.5240013336,0.0,36003.5240013336,3895.94746693039,0.0,3895.94746693039,10624.4240384357,ra,0.0,0.0,-0.0,0.0,0.0,0.0,5740.663971995834,0.0,5740.663971995834,6478.243971995835,0.0,6478.243971995835,0
5.0,0.0,27.0,48.0,32653.8009159093,32653.8009159093,0.0,4178.14177110393,4178.14177110393,0.0,12028.5386871855,ra,0.0,-0.0,0.0,0.0,0.0,0.0,3999.726819849974,3999.726819849974,0.0,4790.730819849974,4790.730819849974,0.0,0
5.0,2.0,32.0,49.0,33127.6679782642,16315.8916479239,16811.7763303403,9152.20454584315,5870.83645283758,3281.36809300557,39273.393575652,ra,0.0,-0.0,0.0,0.0,0.0,0.0,9910.166791845808,4790.730819849974,5119.435971995833,11642.859791845809,5902.195819849975,5740.663971995834,0
5.0,1.0,36.0,50.0,15728.3542233459,0.0,15728.3542233459,1275.7622080105,0.0,1275.7622080105,47330.3638647794,ra,0.0,0.0,-0.0,0.0,0.0,0.0,4877.908971995832,0.0,4877.908971995832,5119.435971995833,0.0,5119.435971995833,0
5.0,0.0,39.0,51.0,16181.0369578104,16181.0369578104,0.0,2402.71193975453,2402.71193975453,0.0,54808.4650706048,ra,0.0,-0.0,0.0,0.0,0.0,0.0,5902.195819849975,5902.195819849975,0.0,6357.0768198499745,6357.0768198499745,0.0,0
5.0,1.0,43.0,52.0,15425.0541977474,0.0,15425.0541977474,6550.91638851091,0.0,6550.91638851091,67696.5829264334,ra,0.0,0.0,-0.0,0.0,0.0,0.0,3637.6919719958323,0.0,3637.6919719958323,4877.908971995832,0.0,4877.908971995832,0
5.0,0.0,44.0,53.0,16743.9409701348,16743.9409701348,0.0,2188.52376611744,2188.52376611744,0.0,67916.7177403682,ra,0.0,-0.0,0.0,0.0,0.0,0.0,6357.0768198499745,6357.0768198499745,0.0,6771.407819849976,6771.407819849976,0.0,0
5.0,1.0,50.0,54.0,23926.8657512302,0.0,23926.8657512302,3865.03208223887,0.0,3865.03208223887,86150.6446371155,ra,0.0,0.0,-0.0,0.0,0.0,0.0,2905.964971995833,0.0,2905.964971995833,3637.6919719958323,0.0,3637.6919719958323,0
5.0,0.0,51.0,55.0,23976.5917239922,23976.5917239922,0.0,3863.2104401925,3863.2104401925,0.0,86198.2118888899,ra,0.0,-0.0,0.0,0.0,0.0,0.0,6771.407819849976,6771.407819849976,0.0,7502.789819849975,7502.789819849975,0.0,0
5.0,2.0,4.0,56.0,48295.9987384735,24204.9992554563,24090.9994830172,3849.65902876729,3849.65902876729,0.0,102115.051061861,link,0.0,0.0,0.0,0.0,0.0,0.0,10408.754791845808,7502.789819849975,2905.964971995833,11137.570791845807,8231.605819849974,2905.964971995833,0
6.0,2.0,0.0,57.0,17593.52882743976,9370.08985369332,8223.43897374644,3280.58897165935,0.0,3280.58897165935,0.0,link,0.0,0.0,0.0,0.0,0.0,0.0,0.0,0.0,0.0,621.08,0.0,621.08,0
6.0,0.0,34.0,58.0,9440.70012643683,9440.70012643683,0.0,115.627916160566,115.627916160566,0.0,1229.56192943354,ra,0.0,-0.0,0.0,0.0,0.0,0.0,0.0,0.0,0.0,21.891,21.891,0.0,0
6.0,0.0,33.0,59.0,9685.7540713875,9685.7540713875,0.0,302.822447135245,302.822447135245,0.0,4398.31801694572,ra,0.0,-0.0,0.0,0.0,0.0,0.0,21.891,21.891,0.0,79.221,79.221,0.0,0
6.0,1.0,38.0,60.0,13533.1360897293,0.0,13533.1360897293,3267.26796433001,0.0,3267.26796433001,19100.037855584,ra,13.0,0.0,13.0,3221.3999999999965,0.0,3221.3999999999965,2602.8419999999974,0.0,2602.8419999999974,0.0,0.0,0.0,1
6.0,0.0,37.0,61.0,14150.2103751211,14150.2103751211,0.0,1803.67381185194,1803.67381185194,0.0,19123.3135023805,ra,0.0,-0.0,0.0,0.0,0.0,0.0,79.221,79.221,0.0,420.692,420.692,0.0,0
6.0,2.0,48.0,62.0,30972.8842403762,15986.2762154003,14986.6080249759,5468.1986435463505,3421.90944344568,2046.28920010067,42213.9465999939,ra,0.0,-0.0,0.0,5.684341886080802e-14,0.0,5.684341886080802e-14,2636.130999999997,420.692,2215.438999999997,3671.3689999999974,1068.527,2602.8419999999974,0
6.0,2.0,3.0,63.0,43852.3829830634,22912.2538280909,20940.1291549725,3553.90060489654,3553.90060489654,0.0,60876.2242421798,link,0.0,0.0,0.0,0.0,0.0,0.0,3283.965999999997,1068.527,2215.438999999997,3956.788999999997,1741.35,2215.438999999997,0
7.0,2.0,0.0,64.0,11819.72883309257,5668.99952865367,6150.7293044389,2312.63273856917,0.0,2312.63273856917,0.0,link,0.0,0.0,0.0,0.0,0.0,0.0,0.0,0.0,0.0,437.827,0.0,437.827,0
7.0,2.0,46.0,65.0,16750.43996107374,8281.7922636936,8468.64769738014,443.9117156207323,439.374363225034,4.53735239569832,6667.95544755655,ra,19.0,19.0,0.0,4708.200000000002,34.229841879741294,4673.970158120261,4673.11115812026,0.0,4673.11115812026,48.95215812025871,48.95215812025871,0.0,1
7.0,2.0,47.0,66.0,16803.00194301874,8309.64474409952,8493.35719891922,469.00809295789134,4.43822753361236,464.569865424279,6721.47492677825,ra,0.0,0.0,-0.0,-2.853273173286652e-14,-1.1102230246251565e-16,-2.842170943040401e-14,4634.111316240519,48.95215812025871,4585.15915812026,4722.903316240519,49.79215812025871,4673.11115812026,0
7.0,2.0,2.0,67.0,31479.2646876848,14962.6751347339,16516.5895529509,2176.3869746183,2176.3869746183,0.0,25294.5418793567,link,0.0,0.0,0.0,0.0,0.0,0.0,4634.951316240519,49.79215812025871,4585.15915812026,5046.984316240519,461.8251581202587,4585.15915812026,0
8.0,2.0,2.0,68.0,14782.3695846428,7482.84754160049,7299.52204304231,571.535173252439,0.0,571.535173252439,0.0,link,0.0,0.0,0.0,0.0,0.0,0.0,2440.671583798577,2356.015791899288,84.65579189928897,2548.874583798577,2356.015791899288,192.85879189928897,0
8.0,2.0,52.0,69.0,9208.20636712835,4168.18387658208,5040.02249054627,1091.488655298786,530.547783523534,560.940871775252,9055.82449812222,ra,10.0,0.0,10.0,2477.9999999999995,2456.4587918992884,21.54120810071103,2356.015791899288,2356.015791899288,0.0,84.65579189928897,0.0,84.65579189928897,1
8.0,2.0,0.0,70.0,9708.89067456805,5120.67365793185,4588.2170166362,557.603815055505,557.603815055505,0.0,21173.6853058851,link,0.0,0.0,0.0,0.0,0.0,0.0,0.0,0.0,0.0,105.565,105.565,0.0,0
9.0,2.0,2.0,71.0,31818.42313617,16104.8835451968,15713.5395909732,3261.48259711826,0.0,3261.48259711826,0.0,link,0.0,0.0,0.0,0.0,0.0,0.0,4807.241393892294,4333.345773019076,473.89562087321804,5424.704393892294,4333.345773019076,1091.3586208732181,0
9.0,2.0,55.0,72.0,36693.0558776816,18116.8086480647,18576.2472296169,5325.486521774041,2708.00089398014,2617.4856277939,15445.3717833973,ra,21.0,0.0,21.0,5184.529452145857,4846.023773019076,338.50567912678196,4650.205073019076,4333.345773019076,316.85929999999996,473.89562087321804,0.0,473.89562087321804,1
9.0,2.0,7.0,73.0,31601.8542643027,15291.9117888883,16309.9424754144,3142.32996782434,3142.32996782434,0.0,33157.1268468838,link,0.0,0.0,0.0,0.0,0.0,0.0,316.85929999999996,0.0,316.85929999999996,911.7642999999999,594.905,316.85929999999996,0
10.0,2.0,3.0,74.0,31606.6695639389,16070.5474552074,15536.1221087315,43.8140689321546,0.0,43.8140689321546,0.0,link,0.0,0.0,0.0,0.0,0.0,0.0,2313.2069406792243,2019.4641530569443,293.7427876222798,2321.5019406792244,2019.4641530569447,302.03778762227984,0
10.0,2.0,53.0,75.0,20482.292071415,10386.9656808517,10095.3263905633,3859.97837178184,1960.6175793948,1899.36079238704,14793.4065314786,ra,18.0,18.0,0.0,4460.4,2060.5629038615984,2399.8370961384016,4353.458036817626,2019.4641530569447,2333.993883760681,623.8270368176259,330.08424919534605,293.7427876222798,1
10.0,2.0,4.0,76.0,20473.6189956967,10382.5344994114,10091.0844962853,45.079640330005,45.079640330005,0.0,15227.5355211014,link,0.0,0.0,0.0,0.0,0.0,0.0,2664.078132956027,330.08424919534605,2333.993883760681,2672.612132956027,338.61824919534604,2333.993883760681,0
11.0,2.0,3.0,77.0,48420.0541429227,24599.8231829302,23820.2309599925,1269.82131381751,0.0,1269.82131381751,0.0,link,0.0,0.0,0.0,0.0,0.0,0.0,4255.466880456943,1152.1767575111398,3103.2901229458025,4495.868880456942,1152.1767575111398,3343.692122945802,0
11.0,2.0,54.0,78.0,48814.9931722971,24295.4347117739,24519.5584605232,3388.4082292149897,1701.63127736504,1686.77695184995,6967.48714814497,ra,0.0,0.0,-0.0,9.581672261171903e-12,9.581672261171903e-12,0.0,3936.1268804569386,1152.1767575111398,2783.9501229457987,4577.618880456933,1474.3287575111303,3103.2901229458025,0
11.0,1.0,56.0,79.0,22284.9266194441,0.0,22284.9266194441,1685.09443322027,0.0,1685.09443322027,14053.3882390507,ra,0.0,0.0,-0.0,0.0,0.0,0.0,2464.928122945798,0.0,2464.928122945798,2783.9501229457987,0.0,2783.9501229457987,0
11.0,2.0,5.0,80.0,42919.8251598076,21285.3584845686,21634.466675239,2910.89526178855,2910.89526178855,0.0,19878.6900646546,link,0.0,0.0,0.0,0.0,0.0,0.0,3939.2568804569282,1474.3287575111303,2464.928122945798,4490.346880456928,2025.4187575111305,2464.928122945798,0
12.0,2.0,4.0,81.0,53131.6723320628,26537.1834811746,26594.4888508882,1562.32443000799,0.0,1562.32443000799,0.0,link,0.0,0.0,0.0,0.0,0.0,0.0,8111.954381080192,5054.567661184497,3057.386719895695,8407.733381080192,5054.567661184497,3353.1657198956946,0
12.0,0.0,58.0,82.0,22288.895823896,22288.895823896,0.0,3364.25769729557,3364.25769729557,0.0,13722.6357161214,ra,0.0,-0.0,0.0,1.5987211554602254e-14,1.5987211554602254e-14,0.0,5054.567661184497,5054.567661184497,0.0,5691.4876611844975,5691.4876611844975,0.0,0
12.0,1.0,57.0,83.0,22492.6689728353,0.0,22492.6689728353,3393.5923031971,0.0,3393.5923031971,13775.3691799331,ra,0.0,0.0,-0.0,0.0,0.0,0.0,2414.912719895695,0.0,2414.912719895695,3057.386719895695,0.0,3057.386719895695,0
12.0,2.0,5.0,84.0,44751.0771921405,22273.0392762582,22478.0379158823,1559.84087923299,1559.84087923299,0.0,20725.0958331826,link,0.0,0.0,0.0,0.0,0.0,0.0,8106.400381080192,5691.4876611844975,2414.912719895695,8401.709381080193,5986.796661184497,2414.912719895695,0
13.0,2.0,4.0,85.0,25987.610544625597,13119.3784455626,12868.232099063,1205.38349046939,0.0,1205.38349046939,0.0,link,0.0,0.0,0.0,0.0,0.0,0.0,5564.019903901391,3710.5430879506966,1853.4768159506946,5792.222903901391,3710.5430879506966,2081.6798159506943,0
13.0,2.0,59.0,86.0,13974.00634747334,7033.00411775856,6941.00222971478,6883.850493770729,3777.52597161839,3106.32452215234,36309.8952864744,ra,0.0,0.0,-0.0,0.0,0.0,0.0,4975.931903901392,3710.5430879506966,1265.3888159506948,6279.179903901392,4425.703087950697,1853.4768159506946,0
13.0,1.0,63.0,87.0,7362.49465739319,0.0,7362.49465739319,661.497609325267,0.0,661.497609325267,54986.8926639146,ra,0.0,0.0,-0.0,0.0,0.0,0.0,1140.1538159506952,0.0,1140.1538159506952,1265.3888159506948,0.0,1265.3888159506948,0
13.0,0.0,62.0,88.0,7963.31449008736,7963.31449008736,0.0,1395.608479293,1395.608479293,0.0,55258.2918559062,ra,0.0,-0.0,0.0,0.0,0.0,0.0,4425.703087950697,4425.703087950697,0.0,4689.919087950697,4689.919087950697,0.0,0
13.0,2.0,70.0,89.0,20915.585370117602,10623.7234191176,10291.861951,6679.2986941238505,3389.00409366516,3290.29460045869,85720.8848871018,ra,0.0,0.0,-0.0,0.0,0.0,0.0,5207.154903901392,4689.919087950697,517.2358159506949,6471.677903901392,5331.524087950696,1140.1538159506952,0
13.0,1.0,71.0,90.0,10312.6666929756,0.0,10312.6666929756,1325.87027770041,0.0,1325.87027770041,92148.0377185692,ra,0.0,0.0,-0.0,0.0,0.0,0.0,266.2228159506949,0.0,266.2228159506949,517.2358159506949,0.0,517.2358159506949,0
13.0,0.0,75.0,91.0,10865.4133062023,10865.4133062023,0.0,2225.2267853651,2225.2267853651,0.0,106351.198252807,ra,0.0,-0.0,0.0,0.0,0.0,0.0,5331.524087950696,5331.524087950696,0.0,5752.803087950697,5752.803087950697,0.0,0
13.0,2.0,80.0,92.0,21769.3135715549,10924.7717317326,10844.5418398223,5231.40590135432,1587.86020641778,3643.54569493654,121274.128299309,ra,31.0,0.0,31.0,7681.8,6053.416087950696,1628.3839120493037,6957.6148159506965,5752.803087950697,1204.8117279999994,266.2228159506949,0.0,266.2228159506949,1
13.0,2.0,8.0,93.0,20326.8379673694,10049.6549230906,10277.1830442788,1199.97066882623,1199.97066882623,0.0,132616.969219855,link,0.0,0.0,0.0,0.0,0.0,0.0,1204.8117279999994,0.0,1204.8117279999994,1431.9897279999996,227.178,1204.8117279999994,0
14.0,2.0,5.0,94.0,94497.8226477467,47019.266876753,47478.5557709937,936.342520757964,0.0,936.342520757964,0.0,link,0.0,0.0,0.0,0.0,0.0,0.0,11550.617306423559,7430.129941138848,4120.487365284712,11727.885306423559,7430.129941138848,4297.755365284712,0
14.0,0.0,61.0,95.0,46935.1899031602,46935.1899031602,0.0,2174.78874504217,2174.78874504217,0.0,4629.48262057162,ra,0.0,-0.0,0.0,0.0,0.0,0.0,7430.129941138848,7430.129941138848,0.0,7841.859941138848,7841.859941138848,0.0,0
14.0,1.0,60.0,96.0,47664.7520038718,0.0,47664.7520038718,2204.32457448694,0.0,2204.32457448694,4633.73189838993,ra,0.0,0.0,-0.0,0.0,0.0,0.0,3703.165365284712,0.0,3703.165365284712,4120.487365284712,0.0,4120.487365284712,0
14.0,2.0,6.0,97.0,94641.6911720278,46900.6207445268,47741.070427501,922.919420502059,922.919420502059,0.0,6596.60038925666,link,0.0,0.0,0.0,0.0,0.0,0.0,11545.02530642356,7841.859941138848,3703.165365284712,11719.752306423561,8016.5869411388485,3703.165365284712,0
15.0,2.0,6.0,98.0,75207.4913410466,44538.3019109056,30669.189430141,1884.85015181653,0.0,1884.85015181653,0.0,link,0.0,0.0,0.0,0.0,0.0,0.0,8149.801835854136,6916.276835854136,1233.525,8506.640835854136,6916.276835854136,1590.364,0
15.0,1.0,64.0,99.0,16721.3274524539,0.0,16721.3274524539,6515.56424199958,0.0,6515.56424199958,25738.7432238461,ra,0.0,0.0,-0.0,0.0,0.0,0.0,0.0,0.0,0.0,1233.525,0.0,1233.525,0
15.0,0.0,65.0,100.0,16271.068415411,16271.068415411,0.0,7891.47329091754,7891.47329091754,0.0,25740.9022185623,ra,34.0,34.0,0.0,8410.287835854135,8410.287835854135,0.0,6916.276835854136,6916.276835854136,0.0,0.0,0.0,0.0,1
15.0,2.0,0.0,101.0,10998.09198493645,5379.56194516866,5618.53003976779,1825.01257049708,1825.01257049708,0.0,48631.178555929,link,0.0,0.0,0.0,0.0,0.0,0.0,0.0,0.0,0.0,345.511,345.511,0.0,0
16.0,2.0,6.0,102.0,79740.5667298025,40135.9531021025,39604.6136277,2800.89558131599,0.0,2800.89558131599,0.0,link,0.0,0.0,0.0,0.0,0.0,0.0,10089.17720113885,4803.475470569424,5285.701730569424,10619.442201138849,4803.475470569424,5815.966730569425,0
16.0,1.0,66.0,103.0,29014.9759926702,0.0,29014.9759926702,4194.66206610603,0.0,4194.66206610603,12316.8385533337,ra,0.0,0.0,-0.0,0.0,0.0,0.0,4491.569730569425,0.0,4491.569730569425,5285.701730569424,0.0,5285.701730569424,0
16.0,0.0,67.0,104.0,29278.0080852545,29278.0080852545,0.0,4585.78782260726,4585.78782260726,0.0,12575.9466885105,ra,0.0,-0.0,0.0,0.0,0.0,0.0,4803.475470569424,4803.475470569424,0.0,5671.655470569423,5671.655470569423,0.0,0
16.0,0.0,72.0,105.0,28145.026567285,28145.026567285,0.0,3642.99524799985,3642.99524799985,0.0,25449.0803158335,ra,0.0,-0.0,0.0,0.0,0.0,0.0,5671.655470569423,5671.655470569423,0.0,6361.346470569423,6361.346470569423,0.0,0
16.0,1.0,74.0,106.0,25731.8558288299,0.0,25731.8558288299,3150.32793358614,0.0,3150.32793358614,32933.7519739179,ra,0.0,0.0,-0.0,0.0,0.0,0.0,3895.150730569425,0.0,3895.150730569425,4491.569730569425,0.0,4491.569730569425,0
16.0,0.0,76.0,107.0,25418.7221777421,25418.7221777421,0.0,6370.06870476076,6370.06870476076,0.0,49497.4689014342,ra,0.0,-0.0,0.0,0.0,0.0,0.0,6361.346470569423,6361.346470569423,0.0,7567.3254705694235,7567.3254705694235,0.0,0
16.0,1.0,77.0,108.0,25469.3693020146,0.0,25469.3693020146,3629.48335037293,0.0,3629.48335037293,49565.5184208006,ra,0.0,0.0,-0.0,0.0,0.0,0.0,3208.0177305694247,0.0,3208.0177305694247,3895.150730569425,0.0,3895.150730569425,0
16.0,1.0,82.0,109.0,26935.5497477119,0.0,26935.5497477119,4731.07688196937,0.0,4731.07688196937,67595.9687520987,ra,0.0,0.0,-0.0,0.0,0.0,0.0,2312.3317305694245,0.0,2312.3317305694245,3208.0177305694247,0.0,3208.0177305694247,0
16.0,0.0,83.0,110.0,27462.4751098044,27462.4751098044,0.0,5057.1026374567,5057.1026374567,0.0,68666.0746432526,ra,0.0,-0.0,0.0,0.0,0.0,0.0,7567.3254705694235,7567.3254705694235,0.0,8524.734470569423,8524.734470569423,0.0,0
16.0,1.0,86.0,111.0,27163.1527528195,0.0,27163.1527528195,4196.37690745412,0.0,4196.37690745412,81021.8926734055,ra,0.0,0.0,-0.0,0.0,0.0,0.0,1517.8747305694246,0.0,1517.8747305694246,2312.3317305694245,0.0,2312.3317305694245,0
16.0,0.0,89.0,112.0,29187.9984476255,29187.9984476255,0.0,6653.92810326968,6653.92810326968,0.0,92123.379066016,ra,0.0,-0.0,0.0,0.0,0.0,0.0,8524.734470569423,8524.734470569423,0.0,9784.454470569426,9784.454470569426,0.0,0
16.0,1.0,90.0,113.0,28376.9986665812,0.0,28376.9986665812,5601.68477510965,0.0,5601.68477510965,92203.5095301381,ra,0.0,0.0,-0.0,0.0,0.0,0.0,457.3657305694245,0.0,457.3657305694245,1517.8747305694246,0.0,1517.8747305694246,0
16.0,2.0,94.0,114.0,71124.20344709541,35553.8279012094,35570.375545886,8755.2397188011,4299.63877333859,4455.60094546251,106046.116569043,ra,20.0,20.0,0.0,4956.0,2204.537725471386,2751.462274528614,12149.749475667464,9784.454470569426,2365.2950050980385,8851.288475667463,8393.922745098038,457.3657305694245,1
16.0,2.0,12.0,115.0,71147.99996754559,35564.9999847632,35582.9999827824,2799.48715587504,2799.48715587504,0.0,113917.810760995,link,0.0,0.0,0.0,0.0,0.0,0.0,10759.217750196076,8393.922745098038,2365.2950050980385,11289.215750196076,8923.920745098038,2365.2950050980385,0
18.0,2.0,7.0,118.0,26949.9999999978,13587.9999999988,13361.999999999,1262.35088868617,0.0,1262.35088868617,0.0,link,0.0,0.0,0.0,0.0,0.0,0.0,530.4095,530.4095,0.0,769.3975,530.4095,238.988,0
18.0,0.0,68.0,119.0,13587.9186189986,13587.9186189986,0.0,1673.78287195478,1673.78287195478,0.0,12318.1380453438,ra,0.0,-0.0,0.0,0.0,0.0,0.0,530.4095,530.4095,0.0,847.2895,847.2895,0.0,0
18.0,1.0,69.0,120.0,13361.9322654755,0.0,13361.9322654755,3620.13302138755,0.0,3620.13302138755,12346.3056788137,ra,24.0,0.0,24.0,5947.200000000002,0.0,5947.200000000002,5261.838000000001,0.0,5261.838000000001,0.0,0.0,0.0,1
18.0,2.0,73.0,121.0,21133.145613699402,10354.0731302489,10779.0724834505,3099.0639764515,1773.46409345857,1325.59988299293,27186.3293839123,ra,0.0,-0.0,0.0,0.0,0.0,0.0,5858.1655,847.2895,5010.876,6444.879500000001,1183.0415,5261.838000000001,0
18.0,2.0,81.0,122.0,17024.72901544851,8263.2955761644,8761.43343928411,10407.12701858784,5132.59342206241,5274.53359652543,76811.9776614867,ra,0.0,0.0,-0.0,0.0,0.0,0.0,5195.344500000001,1183.0415,4012.3030000000012,7165.6185000000005,2154.7425000000003,5010.876,0
18.0,0.0,84.0,123.0,7912.19781312535,7912.19781312535,0.0,1219.94777274037,1219.94777274037,0.0,91803.7907317536,ra,0.0,-0.0,0.0,0.0,0.0,0.0,2154.7425000000003,2154.7425000000003,0.0,2385.7025,2385.7025,0.0,0
18.0,1.0,85.0,124.0,8875.83878859374,0.0,8875.83878859374,1785.78492380043,0.0,1785.78492380043,91872.4611970398,ra,0.0,0.0,-0.0,0.0,0.0,0.0,3674.219000000001,0.0,3674.219000000001,4012.3030000000012,0.0,4012.3030000000012,0
18.0,2.0,92.0,125.0,47292.9371799686,22515.082655355,24777.8545246136,4754.45243720846,3104.7402940347,1649.71214317376,121334.732705969,ra,0.0,-0.0,0.0,0.0,0.0,0.0,5747.598500000002,2385.7025,3361.8960000000015,6647.709500000001,2973.4905,3674.219000000001,0
18.0,2.0,11.0,126.0,53098.002767233804,24816.3642256391,28281.6385415947,1125.0783643968,1125.0783643968,0.0,126075.531741563,link,0.0,0.0,0.0,0.0,0.0,0.0,6335.386500000001,2973.4905,3361.8960000000015,6548.385500000001,3186.4894999999997,3361.8960000000015,0
19.0,2.0,7.0,127.0,19888.0,9830.0,10058.0,1832.522339,0.0,1832.522339,0.0,link,0.0,0.0,0.0,0.0,0.0,0.0,333.55719999999997,333.55719999999997,0.0,680.4902,333.55719999999997,346.933,0
19.0,2.0,0.0,128.0,19888.0,9830.0,10058.0,1790.981765,1790.981765,0.0,18219.577121931,link,0.0,0.0,0.0,0.0,0.0,0.0,333.55719999999997,333.55719999999997,0.0,672.6252,672.6252,0.0,0
20.0,2.0,0.0,129.0,19481.0003447438,9701.00019990513,9780.00014483867,1585.94680206363,0.0,1585.94680206363,0.0,link,0.0,0.0,0.0,0.0,0.0,0.0,0.0,0.0,0.0,300.251,0.0,300.251,0
20.0,0.0,78.0,130.0,10133.9989103389,10133.9989103389,0.0,2201.81082897895,2201.81082897895,0.0,22308.8999344534,ra,2.0,2.0,0.0,416.846,416.846,0.0,0.0,0.0,0.0,0.0,0.0,0.0,1
20.0,1.0,79.0,131.0,10094.128472639,0.0,10094.128472639,2214.67932713437,0.0,2214.67932713437,22364.4498639692,ra,7.0,0.0,7.0,1716.0490679999991,0.0,1716.0490679999991,1296.7670679999994,0.0,1296.7670679999994,0.0,0.0,0.0,1
20.0,2.0,8.0,132.0,21962.979690817003,10983.9900500203,10978.9896407967,1594.24397947735,1594.24397947735,0.0,37253.2284842051,link,0.0,0.0,0.0,0.0,0.0,0.0,1296.7670679999994,0.0,1296.7670679999994,1598.5890679999993,301.822,1296.7670679999994,0
21.0,2.0,8.0,133.0,21649.000000000102,11074.0,10575.0000000001,371.58433599978,0.0,371.58433599978,0.0,link,0.0,0.0,0.0,0.0,0.0,0.0,1879.476370470587,980.4285819999999,899.0477884705871,1949.824370470587,980.4285819999999,969.395788470587,0
21.0,2.0,87.0,134.0,23288.9999999286,11776.9999999694,11511.9999999592,6542.5877927048805,3329.21173105459,3213.37606165029,29246.6421925882,ra,11.0,0.0,11.0,2725.8,650.2498084705901,2075.55019152941,3346.671561999997,980.4285819999999,2366.242979999997,1859.511561999997,960.4637735294099,899.0477884705871,1
21.0,2.0,10.0,135.0,23288.9999999998,11776.9999999999,11511.9999999999,380.138005999835,380.138005999835,0.0,32474.4736101551,link,0.0,0.0,0.0,0.0,0.0,0.0,3326.706753529407,960.4637735294099,2366.242979999997,3398.6747535294066,1032.4317735294098,2366.242979999997,0
22.0,2.0,8.0,136.0,18089.34980232114,9293.63667702267,8795.71312529847,2541.60361777734,0.0,2541.60361777734,0.0,link,0.0,0.0,0.0,0.0,0.0,0.0,2603.1784235294117,433.59221999999994,2169.5862035294117,3084.3544235294116,433.59222,2650.7622035294116,0
22.0,2.0,9.0,137.0,22551.7599214391,11229.4921808602,11322.2677405789,2598.64030591273,2598.64030591273,0.0,25496.1440920557,link,0.0,0.0,0.0,0.0,0.0,0.0,2603.1784235294112,433.59222,2169.5862035294113,3095.152423529412,925.5662199999999,2169.5862035294117,0
24.0,2.0,9.0,140.0,25786.108144857702,12922.6073175015,12863.5008273562,310.22506737586,0.0,310.22506737586,0.0,link,0.0,0.0,0.0,0.0,0.0,0.0,5292.77242352941,2381.14202352941,2911.6304,5351.50442352941,2381.14202352941,2970.3623999999995,0
24.0,0.0,88.0,141.0,12911.6129537198,12911.6129537198,0.0,904.521486357201,904.521486357201,0.0,7001.12487688288,ra,0.0,-0.0,0.0,0.0,0.0,0.0,2381.14202352941,2381.14202352941,0.0,2552.3860235294105,2552.3860235294105,0.0,0
24.0,1.0,91.0,142.0,12797.6950404071,0.0,12797.6950404071,2112.95769776524,0.0,2112.95769776524,10447.761196687,ra,0.0,0.0,-0.0,0.0,0.0,0.0,2511.6064,0.0,2511.6064,2911.6304,0.0,2911.6304,0
24.0,0.0,97.0,143.0,9570.73893282761,9570.73893282761,0.0,2755.77301226508,2755.77301226508,0.0,30840.5691895132,ra,0.0,-0.0,0.0,0.0,0.0,0.0,2552.3860235294105,2552.3860235294105,0.0,3074.1080235294103,3074.1080235294103,0.0,0
24.0,1.0,98.0,144.0,9946.42620888775,0.0,9946.42620888775,2231.33572547577,0.0,2231.33572547577,30857.3340619152,ra,0.0,0.0,-0.0,0.0,0.0,0.0,2089.1704,0.0,2089.1704,2511.6064,0.0,2511.6064,0
24.0,2.0,108.0,145.0,15887.70615160749,7870.70573058493,8017.00042102256,4501.986650504179,2168.3895853448,2333.59706515938,55766.1486133563,ra,12.0,0.0,12.0,2973.599999999999,2077.526923999999,896.0730760000002,5617.55549952941,3074.1080235294103,2543.447476,3496.2704995294107,1407.1000995294105,2089.1704,1
24.0,2.0,114.0,146.0,28294.0206982518,14163.5504368669,14130.4702613849,3453.81695206723,2111.30760238217,1342.50934968506,76000.7341358558,ra,0.0,0.0,-0.0,-5.684341886080802e-14,-5.684341886080802e-14,0.0,3696.3845755294105,1407.1000995294105,2289.284476,4350.2595755294105,1806.8120995294105,2543.447476,0
24.0,2.0,15.0,147.0,28738.6713502246,14383.3123439625,14355.3590062621,310.87767950128,310.87767950128,0.0,78175.474803374,link,0.0,0.0,0.0,0.0,0.0,0.0,4096.09657552941,1806.8120995294105,2289.284476,4154.951575529411,1865.6670995294105,2289.284476,0
25.0,2.0,9.0,148.0,18444.994544675952,9036.99752648209,9407.99701819386,3162.57397865205,0.0,3162.57397865205,0.0,link,0.0,0.0,0.0,0.0,0.0,0.0,3115.7804470588217,1529.8589200000001,1585.9215270588213,3714.517447058821,1529.8589200000001,2184.6585270588207,0
25.0,2.0,10.0,149.0,19006.7279100321,9665.34291491844,9341.38499511366,3137.60809841466,3137.60809841466,0.0,35248.1726115327,link,0.0,0.0,0.0,0.0,0.0,0.0,3115.7804470588217,1529.8589200000001,1585.9215270588213,3709.791447058821,2123.86992,1585.9215270588213,0
26.0,2.0,10.0,150.0,39799.090315948604,19727.656489473,20071.4338264756,5432.50664953123,0.0,5432.50664953123,0.0,link,0.0,0.0,0.0,0.0,0.0,0.0,4945.252986470582,2557.195086470587,2388.0578999999952,5973.732986470583,2557.1950864705873,3416.5378999999953,0
26.0,2.0,11.0,151.0,61239.0276416527,31319.7944712375,29919.2331704152,5527.09879983652,5527.09879983652,0.0,24120.7762535988,link,0.0,0.0,0.0,0.0,0.0,0.0,4945.252986470583,2557.1950864705873,2388.0578999999952,5991.641986470582,3603.5840864705874,2388.0578999999952,0
27.0,2.0,11.0,152.0,68446.95855219441,33632.3321209786,34814.6264312158,4475.01586176286,0.0,4475.01586176286,0.0,link,0.0,0.0,0.0,0.0,0.0,0.0,7003.877494705879,3002.784590588234,4001.0929041176446,7851.086494705878,3002.784590588234,4848.301904117644,0
27.0,0.0,99.0,153.0,29715.9548515929,29715.9548515929,0.0,4959.0509597815,4959.0509597815,0.0,15398.2814879574,ra,0.0,-0.0,0.0,0.0,0.0,0.0,3002.784590588234,3002.784590588234,0.0,3941.630590588234,3941.630590588234,0.0,0
27.0,1.0,100.0,154.0,27462.2259431798,0.0,27462.2259431798,4427.60002896918,0.0,4427.60002896918,15788.2300471589,ra,0.0,0.0,-0.0,0.0,0.0,0.0,3162.8609041176446,0.0,3162.8609041176446,4001.0929041176446,0.0,4001.0929041176446,0
27.0,2.0,107.0,155.0,39803.000772140804,18775.2599855575,21027.7407865833,8521.51974910427,4077.761723511,4443.75802559327,32030.5850885025,ra,0.0,-0.0,0.0,0.0,0.0,0.0,6263.200494705878,3941.630590588234,2321.569904117644,7876.492494705879,4713.631590588234,3162.8609041176446,0
27.0,0.0,111.0,156.0,14923.34787731,14923.34787731,0.0,3332.68370370798,3332.68370370798,0.0,51994.455333056,ra,0.0,-0.0,0.0,0.0,0.0,0.0,4713.631590588234,4713.631590588234,0.0,5344.574590588235,5344.574590588235,0.0,0
27.0,1.0,110.0,157.0,16064.7865328213,0.0,16064.7865328213,3656.83050998601,0.0,3656.83050998601,52217.7859827402,ra,0.0,0.0,-0.0,0.0,0.0,0.0,1629.2599041176443,0.0,1629.2599041176443,2321.569904117644,0.0,2321.569904117644,0
27.0,2.0,113.0,158.0,28115.7326932638,13396.479626617,14719.2530666468,8182.361978154309,4151.77442489818,4030.58755325613,80453.8359529617,ra,12.0,12.0,0.0,2973.6000000000004,930.2514305882347,2043.3485694117658,8254.113064117644,5344.574590588235,2909.5384735294097,6829.596064117644,5200.33616,1629.2599041176443,1
27.0,0.0,115.0,159.0,16210.1141141057,16210.1141141057,0.0,2741.86480754644,2741.86480754644,0.0,99290.1862589441,ra,0.0,-0.0,0.0,0.0,0.0,0.0,5200.33616,5200.33616,0.0,5719.42516,5719.42516,0.0,0
27.0,2.0,116.0,160.0,34177.789667498,16266.7915147338,17910.9981527642,6377.1162856009105,1294.98984691301,5082.1264386879,107271.26953268,ra,0.0,0.0,-0.0,0.0,0.0,0.0,7666.81663352941,5719.42516,1947.3914735294102,8874.13063352941,5964.59216,2909.5384735294097,0
27.0,2.0,15.0,161.0,39893.9999998457,18725.9999999336,21167.9999999121,3972.00678523747,3972.00678523747,0.0,128894.513137464,link,0.0,0.0,0.0,0.0,0.0,0.0,7911.98363352941,5964.59216,1947.3914735294102,8663.96263352941,6716.57116,1947.3914735294102,0
28.0,2.0,11.0,162.0,61992.2787513973,31725.312247826,30266.9665035713,2390.70224064613,0.0,2390.70224064613,0.0,link,0.0,0.0,0.0,0.0,0.0,0.0,5160.995999999999,4249.619999999999,911.376,5613.602999999999,4249.619999999999,1363.983,0
28.0,0.0,93.0,163.0,30439.2241679383,30439.2241679383,0.0,1072.78335284043,1072.78335284043,0.0,3445.55910715547,ra,0.0,-0.0,0.0,0.0,0.0,0.0,4249.619999999999,4249.619999999999,0.0,4452.719,4452.719,0.0,0
28.0,0.0,95.0,164.0,18498.9087746208,18498.9087746208,0.0,3967.26574657,3967.26574657,0.0,21968.3457181098,ra,21.0,21.0,0.0,5203.799999999999,5203.799999999999,0.0,4452.719,4452.719,0.0,0.0,0.0,0.0,1
28.0,1.0,96.0,165.0,17419.1863324911,0.0,17419.1863324911,4813.95264377551,0.0,4813.95264377551,22264.116411145,ra,0.0,0.0,-0.0,0.0,0.0,0.0,0.0,0.0,0.0,911.376,0.0,911.376,0
28.0,2.0,0.0,166.0,16044.98321671642,8425.39921826346,7619.58399845296,2682.96218463007,2682.96218463007,0.0,40879.2796779836,link,0.0,0.0,0.0,0.0,0.0,0.0,0.0,0.0,0.0,507.938,507.938,0.0,0
30.0,2.0,12.0,169.0,31173.0077127878,15334.6891591729,15838.3185536149,1373.0223382835,0.0,1373.0223382835,0.0,link,0.0,0.0,0.0,0.0,0.0,0.0,4737.950940000001,3334.4149400000006,1403.536,4997.890940000001,3334.4149400000006,1663.476,0
30.0,0.0,101.0,170.0,15342.1685357064,15342.1685357064,0.0,288.700229956651,288.700229956651,0.0,1882.30501330568,ra,0.0,-0.0,0.0,0.0,0.0,0.0,3334.4149400000006,3334.4149400000006,0.0,3389.0719400000007,3389.0719400000007,0.0,0
30.0,1.0,102.0,171.0,15008.3801891543,0.0,15008.3801891543,2426.9547057033,0.0,2426.9547057033,15325.3757236118,ra,0.0,0.0,-0.0,0.0,0.0,0.0,944.066,0.0,944.066,1403.536,0.0,1403.536,0
30.0,0.0,103.0,172.0,14615.1043928834,14615.1043928834,0.0,2123.5391790608,2123.5391790608,0.0,15632.2115214018,ra,0.0,-0.0,0.0,0.0,0.0,0.0,3389.0719400000007,3389.0719400000007,0.0,3791.099940000001,3791.099940000001,0.0,0
30.0,2.0,13.0,173.0,18934.3901725728,9143.1385769236,9791.2515956492,1268.11665537119,1268.11665537119,0.0,27311.5905726122,link,0.0,0.0,0.0,0.0,0.0,0.0,4735.165940000001,3791.099940000001,944.066,4975.244940000001,4031.178940000001,944.066,0
31.0,2.0,12.0,174.0,61211.2617744492,30941.9007084376,30269.3610660116,584.87883138558,0.0,584.87883138558,0.0,link,0.0,0.0,0.0,0.0,0.0,0.0,9158.549243137255,7078.482521568628,2080.066721568627,9269.278243137254,7078.482521568628,2190.795721568627,0
31.0,1.0,106.0,175.0,29780.0349085717,0.0,29780.0349085717,3637.7163502508,0.0,3637.7163502508,10173.7794302971,ra,0.0,0.0,-0.0,0.0,0.0,0.0,1391.375721568627,0.0,1391.375721568627,2080.066721568627,0.0,2080.066721568627,0
31.0,0.0,105.0,176.0,30402.9541425937,30402.9541425937,0.0,3119.85205801169,3119.85205801169,0.0,10175.4293545811,ra,0.0,-0.0,0.0,0.0,0.0,0.0,7078.482521568628,7078.482521568628,0.0,7669.131521568628,7669.131521568628,0.0,0
31.0,2.0,109.0,177.0,62402.9342497772,31525.7279110326,30877.2063387446,6816.57046321175,3762.41918739273,3054.15127581902,22337.1483709023,ra,34.0,34.0,0.0,8425.2,8381.431521568627,43.76847843137307,8526.064721568628,7669.131521568628,856.9331999999999,1391.375721568627,0.0,1391.375721568627,1
31.0,2.0,14.0,178.0,62766.261417807,31611.057809806,31155.203608001,595.148026243029,595.148026243029,0.0,24222.213413882,link,0.0,0.0,0.0,0.0,0.0,0.0,856.9331999999999,0.0,856.9331999999999,969.6062,112.673,856.9331999999999,0
32.0,2.0,13.0,179.0,24034.0,12223.0,11811.0,4986.62400523132,0.0,4986.62400523132,0.0,link,0.0,0.0,0.0,0.0,0.0,0.0,4031.178940000001,4031.178940000001,0.0,4975.244940000001,4031.178940000001,944.066,0
32.0,2.0,104.0,180.0,24034.0000000012,12223.0000000006,11811.0000000006,545.6198680000059,277.486546000003,268.133322000003,2270.21285318104,ra,23.0,0.0,23.0,5699.4000000000015,4083.7129400000013,1615.68706,5596.103000000001,4031.178940000001,1564.92406,0.0,0.0,0.0,1
32.0,2.0,16.0,181.0,35472.0,17897.0,17575.0,5106.43524839964,5106.43524839964,0.0,35413.5690178666,link,0.0,0.0,0.0,0.0,0.0,0.0,1564.92406,0.0,1564.92406,2531.67306,966.749,1564.92406,0
33.0,2.0,14.0,182.0,25491.3919282071,13297.3329457903,12194.0589824168,2901.96451332052,0.0,2901.96451332052,0.0,link,0.0,0.0,0.0,0.0,0.0,0.0,295.60900000000004,295.60900000000004,0.0,845.008,295.60900000000004,549.399,0
33.0,2.0,0.0,183.0,27433.9391849649,13761.9854531938,13671.9537317711,3014.56661334824,3014.56661334824,0.0,22213.6117866395,link,0.0,0.0,0.0,0.0,0.0,0.0,295.60900000000004,295.60900000000004,0.0,866.326,866.326,0.0,0
34.0,2.0,14.0,184.0,40290.9817282687,40289.5340857765,1.44764249220084,4807.99244961434,0.0,4807.99244961434,0.0,link,0.0,0.0,0.0,0.0,0.0,0.0,419.77779999999996,419.77779999999996,0.0,1330.0258,419.77779999999996,910.248,0
34.0,2.0,112.0,185.0,40084.6794214896,20069.2583308031,20015.4210906865,5879.593873458731,4738.49168603675,1141.10218742198,14615.9886216738,ra,4.0,4.0,0.0,980.8308719999997,223.74204659999964,757.0888254,960.8336253999998,419.77779999999996,541.0558253999999,1093.1257534000003,1093.1257534000003,0.0,1
34.0,0.0,120.0,186.0,19233.9789959859,19233.9789959859,0.0,2388.18736449935,2388.18736449935,0.0,26934.1491638682,ra,7.0,7.0,0.0,1545.2567534000004,1545.2567534000004,0.0,1093.1257534000003,1093.1257534000003,0.0,0.0,0.0,0.0,1
34.0,2.0,20.0,187.0,42848.933143860995,20473.5804606555,22375.3526832055,2247.13462765847,2247.13462765847,0.0,38220.8594846279,link,0.0,0.0,0.0,0.0,0.0,0.0,541.0558254,0.0,541.0558254,966.4828253999999,425.427,541.0558253999999,0
35.0,2.0,0.0,188.0,13637.0,6766.0,6871.0,2412.0267595,0.0,2412.0267595,0.0,link,0.0,0.0,0.0,0.0,0.0,0.0,786.9459400000001,0.0,786.9459400000001,1243.58994,0.0,1243.58994,0
35.0,2.0,16.0,189.0,13637.0,6766.0,6871.0,2375.167087,2375.167087,0.0,35104.4629542217,link,0.0,0.0,0.0,0.0,0.0,0.0,786.9459400000001,0.0,786.9459400000001,1236.61194,449.666,786.9459400000001,0
36.0,2.0,15.0,190.0,63592.0,31158.0,32434.0,1263.515121,0.0,1263.515121,0.0,link,0.0,0.0,0.0,0.0,0.0,0.0,8586.71969,6585.745,2000.97469,8825.92769,6585.745000000001,2240.1826899999996,0
36.0,0.0,121.0,191.0,31158.0,31158.0,0.0,1862.749872,1862.749872,0.0,5978.40628225615,ra,28.0,28.0,0.0,6938.400000000001,6938.400000000001,0.0,6585.745000000001,6585.745000000001,0.0,0.0,0.0,0.0,1
36.0,1.0,122.0,192.0,32434.0,0.0,32434.0,2232.999815,0.0,2232.999815,6884.76410576914,ra,0.0,0.0,-0.0,0.0,0.0,0.0,1578.22369,0.0,1578.22369,2000.97469,0.0,2000.97469,0
36.0,2.0,17.0,193.0,63592.0,31158.0,32434.0,1496.20716,1496.20716,0.0,10780.4149902554,link,0.0,0.0,0.0,0.0,0.0,0.0,1578.22369,0.0,1578.22369,1861.48469,283.261,1578.22369,0
37.0,2.0,16.0,194.0,61280.6441162145,31014.1744637331,30266.4696524814,3075.32200703344,0.0,3075.32200703344,0.0,link,0.0,0.0,0.0,0.0,0.0,0.0,2439.6336,1043.1988000000001,1396.4348,3021.8526,1043.1988000000001,1978.6538,0
37.0,0.0,117.0,195.0,31188.9181978021,31188.9181978021,0.0,476.264669971773,476.264669971773,0.0,1531.60155183027,ra,4.0,4.0,0.0,991.2,991.2,0.0,1043.1988000000001,1043.1988000000001,0.0,142.16480000000007,142.16480000000007,0.0,1
37.0,2.0,18.0,196.0,64809.525076994905,32882.2900340846,31927.2350429103,2677.02300367325,2677.02300367325,0.0,9891.28354449013,link,0.0,0.0,0.0,0.0,0.0,0.0,1538.5996,142.16480000000007,1396.4348,2045.4126,648.9778000000001,1396.4348,0
38.0,2.0,17.0,197.0,73980.9084088181,36437.7364219997,37543.1719868184,8581.89596317837,0.0,8581.89596317837,0.0,link,0.0,0.0,0.0,0.0,0.0,0.0,639.2009899999999,639.2009899999999,0.0,2263.92299,639.2009899999999,1624.722,0
38.0,1.0,118.0,198.0,38288.3848812199,0.0,38288.3848812199,3563.20063608103,0.0,3563.20063608103,5385.57294187173,ra,6.0,0.0,6.0,1486.8000000000002,0.0,1486.8000000000002,812.2160000000003,0.0,812.2160000000003,0.0,0.0,0.0,1
38.0,0.0,119.0,199.0,38355.5663129252,38355.5663129252,0.0,2619.00122524035,2619.00122524035,0.0,7097.78606046679,ra,2.0,2.0,0.0,358.25001959999867,358.25001959999867,0.0,639.2009899999999,639.2009899999999,0.0,776.7789704000013,776.7789704000013,0.0,1
38.0,1.0,123.0,200.0,41712.9401712972,0.0,41712.9401712972,2031.11145511135,0.0,2031.11145511135,14257.7141698898,ra,0.0,0.0,-0.0,0.0,0.0,0.0,427.6870000000004,0.0,427.6870000000004,812.2160000000003,0.0,812.2160000000003,0
38.0,0.0,124.0,201.0,40728.8663078391,40728.8663078391,0.0,2848.88985060576,2848.88985060576,0.0,14300.5054996462,ra,0.0,-0.0,0.0,-1.1368683772161603e-13,-1.1368683772161603e-13,0.0,776.7789704000013,776.7789704000013,0.0,1316.1299704000012,1316.1299704000012,0.0,0
38.0,2.0,22.0,202.0,105896.4428578996,51540.438437961,54356.0044199386,8230.02197998083,8230.02197998083,0.0,31585.4341675124,link,0.0,0.0,0.0,0.0,0.0,0.0,1743.8169704000015,1316.1299704000012,427.6870000000004,3301.9219704000016,2874.234970400001,427.6870000000004,0
39.0,2.0,17.0,203.0,25562.2788538132,12328.3002896388,13233.9785641744,1988.33296352279,0.0,1988.33296352279,0.0,link,0.0,0.0,0.0,0.0,0.0,0.0,1077.8004799999999,572.3949,505.40557999999993,1454.23148,572.3949,881.83658,0
39.0,2.0,24.0,204.0,21529.4529436522,10591.5844792127,10937.8684644395,1897.36879079567,1897.36879079567,0.0,17071.729881247,link,0.0,0.0,0.0,0.0,0.0,0.0,1077.8004799999999,572.3949,505.40557999999993,1437.00948,931.6039,505.40557999999993,0
40.0,2.0,18.0,205.0,25932.8384078479,12821.1458632264,13111.6925446215,1674.79594495223,0.0,1674.79594495223,0.0,link,0.0,0.0,0.0,0.0,0.0,0.0,997.82434,650.87514,346.9492,1314.89634,650.87514,664.0212,0
40.0,2.0,26.0,206.0,22387.8945153677,11334.7070106569,11053.1875047108,1671.62669728314,1671.62669728314,0.0,13785.5992106443,link,0.0,0.0,0.0,0.0,0.0,0.0,997.82434,650.87514,346.9492,1314.29634,967.3471400000001,346.9492,0
41.0,2.0,18.0,207.0,65100.0643805413,32409.6776559215,32690.3867246198,8031.94834387227,0.0,8031.94834387227,0.0,link,0.0,0.0,0.0,0.0,0.0,0.0,786.2950599999999,786.2950599999999,0.0,2306.90106,786.2950599999999,1520.606,0
41.0,1.0,126.0,208.0,33015.8306660751,0.0,33015.8306660751,515.744798385718,0.0,515.744798385718,1570.62189366782,ra,7.0,0.0,7.0,1555.6357016,0.0,1555.6357016,1457.9947015999999,0.0,1457.9947015999999,0.0,0.0,0.0,1
41.0,0.0,125.0,209.0,32828.8089278736,32828.8089278736,0.0,517.979810454405,517.979810454405,0.0,1588.99980042748,ra,4.0,4.0,0.0,884.35906,884.35906,0.0,786.2950599999999,786.2950599999999,0.0,0.0,0.0,0.0,1
41.0,2.0,25.0,210.0,107717.843361102,52411.8634929897,55305.9798681123,8019.3953752296,8019.3953752296,0.0,19664.6825171201,link,0.0,0.0,0.0,0.0,0.0,0.0,1457.9947015999999,0.0,1457.9947015999999,2976.2237016,1518.229,1457.9947015999999,0
42.0,2.0,0.0,211.0,64323.0,34358.0,29965.0,292.1437675,0.0,292.1437675,0.0,link,0.0,0.0,0.0,0.0,0.0,0.0,1141.249003,0.0,1141.249003,1196.558003,0.0,1196.558003,0
42.0,2.0,21.0,212.0,64323.0,34358.0,29965.0,334.973321,334.973321,0.0,974.993087217836,link,0.0,0.0,0.0,0.0,0.0,0.0,1141.249003,0.0,1141.249003,1204.6660029999998,63.417,1141.249003,0
43.0,2.0,20.0,213.0,150198.49863614672,75767.4489434685,74431.0496926782,256.538715958994,0.0,256.538715958994,0.0,link,0.0,0.0,0.0,0.0,0.0,0.0,1961.3927256000002,1961.3927256000002,0.0,2009.9607255999997,1961.3927255999997,48.568,0
43.0,2.0,127.0,214.0,143910.6207571261,71622.8655725805,72287.7551845456,14695.55070776022,7361.67405319568,7333.87665456454,10005.6920912667,ra,28.0,28.0,0.0,6938.4000000000015,2982.9840113142855,3955.4159886857165,4528.361714285716,1961.3927255999997,2566.968988685716,372.1187142857149,372.1187142857149,0.0,1
43.0,2.0,22.0,215.0,143835.3128743358,71573.2272359724,72262.0856383634,254.135111440735,254.135111440735,0.0,10360.6755425037,link,0.0,0.0,0.0,0.0,0.0,0.0,2939.0877029714306,372.1187142857149,2566.968988685716,2987.200702971431,420.2317142857149,2566.968988685716,0
44.0,2.0,20.0,216.0,153959.0,74263.0,79696.0,3498.6544,0.0,3498.6544,0.0,link,0.0,0.0,0.0,0.0,0.0,0.0,2159.9895269999997,333.9884,1826.0011269999998,2822.353527,333.9884,2488.365127,0
44.0,2.0,21.0,217.0,153959.0,74263.0,79696.0,3260.1457,3260.1457,0.0,4390.04714603225,link,0.0,0.0,0.0,0.0,0.0,0.0,2159.9895269999997,333.9884,1826.0011269999998,2777.1995269999998,951.1984,1826.0011269999998,0
45.0,2.0,20.0,218.0,62196.7600253059,32348.664026557,29848.0959987489,1778.43165752251,0.0,1778.43165752251,0.0,link,0.0,0.0,0.0,0.0,0.0,0.0,433.802776,433.802776,0.0,770.494776,433.802776,336.692,0
45.0,2.0,129.0,219.0,59803.760630072604,31496.7732925594,28306.9873375132,6019.40155695864,3144.57563370826,2874.82592325038,9849.37897275001,ra,8.0,0.0,8.0,1982.4,820.3792424000004,1162.0207575999998,1051.5625336,433.802776,617.7597576000001,208.75353359999963,208.75353359999963,0.0,1
45.0,2.0,27.0,220.0,59265.8366310976,31619.7156039958,27646.1210271018,2008.7677610147,2008.7677610147,0.0,16227.5537304541,link,0.0,0.0,0.0,0.0,0.0,0.0,826.5132911999996,208.75353359999963,617.7597576,1206.8122911999997,589.0525335999996,617.7597576000001,0
46.0,2.0,21.0,221.0,122056.3633115633,58092.1447118619,63964.2185997014,6279.26064472807,0.0,6279.26064472807,0.0,link,0.0,0.0,0.0,0.0,0.0,0.0,2146.2580900000003,691.20568,1455.05241,3335.04609,691.20568,2643.84041,0
46.0,2.0,23.0,222.0,131872.7061463396,62497.919354533,69374.7867918066,5678.0443937591,5678.0443937591,0.0,9404.55520736285,link,0.0,0.0,0.0,0.0,0.0,0.0,2146.2580900000003,691.20568,1455.05241,3221.2240899999997,1766.17168,1455.05241,0
47.0,2.0,22.0,223.0,38579.2955378498,18952.692150841,19626.6033870088,1763.21916642734,0.0,1763.21916642734,0.0,link,0.0,0.0,0.0,0.0,0.0,0.0,666.0563927314295,649.8395443657149,16.21684836571461,999.8683927314294,649.8395443657148,350.0288483657146,0
47.0,2.0,128.0,224.0,35162.6248298969,17399.4597199651,17763.1651099318,7435.63799543393,3663.38542984375,3772.25256559018,19815.1127809066,ra,11.0,0.0,11.0,2725.8,1343.3905443657147,1382.4094556342855,1334.3038483657147,649.8395443657148,684.464304,16.21684836571461,0.0,16.21684836571461,1
47.0,2.0,28.0,225.0,35062.119983040204,16961.1414488018,18100.9785342384,1675.65153554322,1675.65153554322,0.0,29618.3313222541,link,0.0,0.0,0.0,0.0,0.0,0.0,684.464304,0.0,684.464304,1001.698304,317.234,684.464304,0
48.0,2.0,24.0,226.0,16009.99993438885,7856.99996682075,8152.9999675681,2252.38793848172,0.0,2252.38793848172,0.0,link,0.0,0.0,0.0,0.0,0.0,0.0,567.4382800000001,567.4382800000001,0.0,993.8592800000001,567.4382800000001,426.421,0
48.0,2.0,0.0,227.0,10228.9496360124,5180.36917753558,5048.58045847682,2203.40390841478,2203.40390841478,0.0,34790.8303429051,link,0.0,0.0,0.0,0.0,0.0,0.0,567.4382800000001,567.4382800000001,0.0,984.5862800000001,984.5862800000001,0.0,0
50.0,2.0,23.0,230.0,167288.29083468,89420.7692084569,77867.5216262231,2077.52908786604,0.0,2077.52908786604,0.0,link,0.0,0.0,0.0,0.0,0.0,0.0,3030.7981359999994,1864.1388359999999,1166.6592999999998,3424.1151359999994,1864.1388359999999,1559.9762999999998,0
50.0,2.0,25.0,231.0,167733.1420677742,89424.5683491475,78308.5737186267,2379.09007339684,2379.09007339684,0.0,2660.51340881896,link,0.0,0.0,0.0,0.0,0.0,0.0,3030.7981359999994,1864.1388359999999,1166.6592999999998,3481.2071359999995,2314.5478359999997,1166.6592999999998,0
51.0,2.0,23.0,232.0,68004.42841151671,33685.4721908872,34318.9562206295,2606.49863917702,0.0,2606.49863917702,0.0,link,0.0,0.0,0.0,0.0,0.0,0.0,1495.2710539999998,997.844394,497.42665999999997,1988.732054,997.844394,990.88766,0
51.0,0.0,130.0,233.0,33100.9959033154,33100.9959033154,0.0,783.162954686691,783.162954686691,0.0,2344.99727996629,ra,2.0,2.0,0.0,495.6000000000002,495.6000000000002,0.0,997.844394,997.844394,0.0,650.5123939999997,650.5123939999997,0.0,1
51.0,2.0,27.0,234.0,64426.2356563276,31754.4889250316,32671.746731296,1762.79400434887,1762.79400434887,0.0,7784.58868214326,link,0.0,0.0,0.0,0.0,0.0,0.0,1147.9390539999997,650.5123939999997,497.42665999999997,1481.6710539999997,984.2443939999997,497.42665999999997,0
53.0,2.0,24.0,237.0,26623.0,13216.0,13407.0,1301.2096815,0.0,1301.2096815,0.0,link,0.0,0.0,0.0,0.0,0.0,0.0,1012.81964,772.1728400000001,240.64679999999998,1259.16464,772.1728400000001,486.9918,0
53.0,2.0,28.0,238.0,26623.0,13216.0,13407.0,1282.672272,1282.672272,0.0,9705.48649135397,link,0.0,0.0,0.0,0.0,0.0,0.0,1012.81964,772.1728400000001,240.64679999999998,1255.6546400000002,1015.0078400000001,240.64679999999998,0
54.0,2.0,25.0,239.0,63790.743083652196,33602.5555376766,30188.1875459756,914.669079332492,0.0,914.669079332492,0.0,link,0.0,0.0,0.0,0.0,0.0,0.0,1381.2878344,1381.2878344,0.0,1554.4528344,1381.2878344,173.165,0
54.0,2.0,131.0,240.0,33762.4415586177,17029.2127372484,16733.2288213693,7185.4180023402205,3714.28097177565,3471.13703056457,14118.0595783865,ra,11.0,0.0,11.0,2725.800000000001,1170.1392300000014,1555.66077,2279.7936044,1381.2878344,898.5057699999999,914.3346043999987,914.3346043999987,0.0,1
54.0,2.0,26.0,241.0,32484.7744574449,16371.3543459377,16113.4201115072,929.571492526024,929.571492526024,0.0,19751.6727385701,link,0.0,0.0,0.0,0.0,0.0,0.0,1812.8403743999986,914.3346043999987,898.5057699999999,1988.8263743999983,1090.3206043999985,898.5057699999999,0
55.0,2.0,26.0,242.0,35611.1999360093,17306.4999689679,18304.6999670414,3651.95402706089,0.0,3651.95402706089,0.0,link,0.0,0.0,0.0,0.0,0.0,0.0,1503.5997743999988,1503.5997743999988,0.0,2194.9867743999985,1503.5997743999988,691.387,0
55.0,2.0,132.0,243.0,34335.6700861098,16687.9002306099,17647.7698554999,3806.71617873812,1850.01487529755,1956.70130344057,10714.2329169781,ra,9.0,0.0,9.0,2224.285774399999,1853.843774399999,370.442,1503.5997743999988,1503.5997743999988,0.0,0.0,0.0,0.0,1
55.0,2.0,0.0,244.0,9015.00027880696,4116.00014201232,4899.00013679464,3382.27393180499,3382.27393180499,0.0,47911.3668726574,link,0.0,0.0,0.0,0.0,0.0,0.0,0.0,0.0,0.0,640.331,640.331,0.0,0
56.0,2.0,27.0,245.0,67553.5172847849,34432.267085203,33121.2501995819,2367.02370971695,0.0,2367.02370971695,0.0,link,0.0,0.0,0.0,0.0,0.0,0.0,906.2345099999994,906.2345099999994,0.0,1354.3585099999996,906.2345099999994,448.124,0
56.0,1.0,134.0,246.0,28345.0537807391,0.0,28345.0537807391,1429.46120190489,0.0,1429.46120190489,14670.9425066938,ra,7.0,0.0,7.0,1710.4865764999997,0.0,1710.4865764999997,1439.8615764999997,0.0,1439.8615764999997,0.0,0.0,0.0,1
56.0,0.0,133.0,247.0,28758.648000424,28758.648000424,0.0,4635.2223561875,4635.2223561875,0.0,14715.488271793,ra,0.0,-0.0,0.0,0.0,0.0,0.0,906.2345099999994,906.2345099999994,0.0,1783.7735099999995,1783.7735099999995,0.0,0
56.0,2.0,135.0,248.0,47006.1040822862,24072.8864014428,22933.2176808434,5972.33806438385,1468.70673835056,4503.63132603329,20490.1826432686,ra,0.0,0.0,0.0,1.1368683772161603e-13,1.1368683772161603e-13,0.0,2371.0090864999993,1783.7735099999995,587.2355764999999,3501.690086499999,2061.8285099999994,1439.8615764999997,0
56.0,2.0,29.0,249.0,45237.3265637856,23422.054813021,21815.2717507646,2510.31569035993,2510.31569035993,0.0,31051.5111500156,link,0.0,0.0,0.0,0.0,0.0,0.0,2649.064086499999,2061.8285099999994,587.2355764999999,3124.3160864999995,2537.08051,587.2355764999999,0
57.0,2.0,28.0,250.0,21608.0,10785.0,10823.0,664.304917,0.0,664.304917,0.0,link,0.0,0.0,0.0,0.0,0.0,0.0,532.896736,532.896736,0.0,658.662736,532.896736,125.766,0
57.0,2.0,0.0,251.0,21608.0,10785.0,10823.0,661.972515,661.972515,0.0,6137.90628624439,link,0.0,0.0,0.0,0.0,0.0,0.0,532.896736,532.896736,0.0,658.220736,658.220736,0.0,0
59.0,2.0,29.0,254.0,41763.642422810604,21836.3114479028,19927.3309749078,64.1922987606669,0.0,64.1922987606669,0.0,link,0.0,0.0,0.0,0.0,0.0,0.0,2568.7459334999994,1855.2089334999994,713.537,2580.8989334999997,1855.2089334999994,725.69,0
59.0,0.0,137.0,255.0,11226.9471972143,11226.9471972143,0.0,4281.44265472418,4281.44265472418,0.0,25939.71611319,ra,11.0,11.0,0.0,2665.769933499999,2665.769933499999,0.0,1855.2089334999994,1855.2089334999994,0.0,0.0,0.0,0.0,1
59.0,1.0,138.0,256.0,8142.41876965786,0.0,8142.41876965786,3768.95103150065,0.0,3768.95103150065,26235.4919576393,ra,0.0,0.0,-0.0,0.0,0.0,0.0,0.0,0.0,0.0,713.537,0.0,713.537,0
59.0,2.0,0.0,257.0,19030.16772086208,11064.8956674036,7965.27205345848,121.795390046012,121.795390046012,0.0,27032.7504548799,link,0.0,0.0,0.0,0.0,0.0,0.0,0.0,0.0,0.0,23.058,23.058,0.0,0
60.0,2.0,29.0,258.0,15204.99963875321,7325.99983936264,7878.99979939057,589.761879951074,0.0,589.761879951074,0.0,link,0.0,0.0,0.0,0.0,0.0,0.0,1025.6823059999997,978.8311529999999,46.85115299999982,1137.3363059999997,978.8311529999999,158.5051529999998,0
60.0,2.0,136.0,259.0,13825.298552554461,6712.48148642337,7112.81706613109,1621.703087201606,781.773481624616,839.92960557699,10738.6315701673,ra,5.0,5.0,0.0,1239.0,1126.8361529999997,112.16384700000017,978.8311529999999,978.8311529999999,0.0,46.85115299999982,0.0,46.85115299999982,1
60.0,2.0,0.0,260.0,9900.0011340695,4967.00050429217,4933.00062977733,588.144298822839,588.144298822839,0.0,22135.2935483001,link,0.0,0.0,0.0,0.0,0.0,0.0,0.0,0.0,0.0,111.347,111.347,0.0,0
