Time of calculation: 20220105-085106; value of objective: 1169595467443.4478;  acc=27.333333333333332;  cfix=7000;  cvar=17750;  eta=0.01;  mu=0.1859430513361825;  i=
segment_id,dir,type_ID,POI_ID,traffic_flow,traffic_flow_0,traffic_flow_1,energy_demand,energy_demand_0,energy_demand_1,dist_along_segment,pois_type,pYi_dir,pYi_dir_0,pYi_dir_1,pE_charged,pE_charged_0,pE_charged_1,pE_input,pE_input_0,pE_input_1,pE_output,pE_output_0,pE_output_1,pXi
0.0,2.0,0.0,0.0,26540.63611205301,13243.023903864512,13297.612208188497,4423.921231438179,0.0,4423.921231438179,0.0,link,0.0,0.0,0.0,0.0,0.0,0.0,0.0,0.0,0.0,25.763410851451457,0.0,25.763410851451457,0
0.0,2.0,1.0,1.0,26594.77697992819,13269.441574912722,13325.335405015468,810.0039769207759,31.774775427221,778.2292014935549,239.71582410116363,ra,6.0,0.0,6.0,46.3400486206731,0.1850454723801604,46.15500314829294,41.6228612755595,0.0,41.6228612755595,0.0,0.0,0.0,1
0.0,2.0,0.0,2.0,45891.071384772644,24132.535484801192,21758.535899971448,10453.078391900737,5371.86342144895,5081.214970451788,24427.46216029796,ra,0.0,0.0,0.0,0.0,0.0,0.0,12.031595504822075,0.0,12.031595504822075,41.6228612755595,0.0,41.6228612755595,0
0.0,1.0,2.0,3.0,5594.606273434111,0.0,5594.606273434111,2065.9854049899545,0.0,2065.9854049899545,68504.60131061138,ra,0.0,0.0,0.0,0.0,0.0,0.0,0.0,0.0,0.0,12.031595504822075,0.0,12.031595504822075,0
0.0,0.0,3.0,4.0,4553.083889317481,4553.083889317481,0.0,7187.448325138304,7187.448325138304,0.0,79329.13749040988,ra,0.0,0.0,0.0,0.0,0.0,0.0,0.0,0.0,0.0,41.85725162966262,41.85725162966262,0.0,0
0.0,2.0,4.0,5.0,7895.539602766943,4645.32330643337,3250.2162963335736,2342.9750495919843,1038.6617908113935,1304.3132587805906,104473.7124161702,ra,3.0,0.0,3.0,83.7083078341125,41.85725162966262,41.85105620444989,76.11243154993291,41.85725162966262,34.25517992027029,6.048812592370453,6.048812592370453,0.0,1
0.0,2.0,5.0,6.0,19815.36822147169,9562.72950758806,10252.63871388363,7959.026265117185,2076.9550358924675,5882.071229224718,133409.21035475997,ra,0.0,0.0,0.0,0.0,0.0,0.0,6.048812592370453,6.048812592370453,0.0,52.39947141254269,18.1442914922724,34.25517992027029,0
0.0,2.0,6.0,7.0,38420.41317046725,19234.66349454688,19185.749675920368,10291.73164091456,4957.101208651553,5334.630432263007,173065.41379977632,ra,4.0,0.0,4.0,113.32714771741209,47.01276097657163,66.31438674084046,53.391607103917394,18.1442914922724,35.24731561164499,0.0,0.0,0.0,1
0.0,1.0,7.0,8.0,21229.45737990749,0.0,21229.45737990749,31.90719068892483,0.0,31.90719068892483,176940.22069628988,ra,0.0,0.0,0.0,0.0,0.0,0.0,35.06149899786972,0.0,35.06149899786972,35.24731561164499,0.0,35.24731561164499,0
0.0,2.0,0.0,9.0,50605.7308716768,25638.902393873523,24966.82847780328,5210.178551742356,5210.178551742356,0.0,194059.96494613093,link,0.0,0.0,0.0,0.0,0.0,0.0,35.06149899786972,0.0,35.06149899786972,65.40380475233293,30.34230575446321,35.06149899786972,0
1.0,2.0,0.0,10.0,41635.269674683135,21021.62675530025,20613.64291938288,39.776186500955454,0.0,39.776186500955454,0.0,link,0.0,0.0,0.0,0.0,0.0,0.0,43.17798624411494,39.91323615976517,3.2647500843497705,43.409629210008106,39.91323615976517,3.4963930502429332,0
1.0,2.0,8.0,11.0,39859.943598360216,20128.71002741653,19731.23357094369,2276.328443367862,1715.7273142405495,560.6011291273123,8218.215919324155,ra,6.0,0.0,6.0,76.68243141710249,49.90504781131816,26.777383605784337,66.69061976554951,39.91323615976517,26.777383605784337,3.2647500843497705,0.0,3.2647500843497705,1
1.0,0.0,9.0,12.0,15021.9786197919,15021.9786197919,0.0,1426.8426564048834,1426.8426564048834,0.0,16747.064047816148,ra,0.0,0.0,0.0,0.0,0.0,0.0,0.0,0.0,0.0,0.0,0.0,0.0,0
1.0,2.0,10.0,13.0,29629.27020666332,14994.151703987822,14635.1185026755,191.32891529796464,24.711112058686385,166.61780323927826,16911.740762175257,ra,0.0,0.0,0.0,0.0,0.0,0.0,25.807058255162232,0.0,25.807058255162232,26.777383605784337,0.0,26.777383605784337,0
1.0,2.0,14.0,14.0,23126.81664543996,11846.335117703364,11280.481527736596,2715.588968665061,1386.7595429137232,1328.829425751338,27721.26496153286,ra,0.0,0.0,0.0,0.0,0.0,0.0,18.068408162606115,0.0,18.068408162606115,25.807058255162232,0.0,25.807058255162232,0
1.0,1.0,13.0,15.0,11337.261932088282,0.0,11337.261932088282,1420.2485369302626,0.0,1420.2485369302626,29194.630965596883,ra,0.0,0.0,0.0,0.0,0.0,0.0,9.797364295893338,0.0,9.797364295893338,18.068408162606115,0.0,18.068408162606115,0
1.0,0.0,12.0,16.0,11885.52653584708,11885.52653584708,0.0,208.50481099773148,208.50481099773148,0.0,29478.47368022978,ra,0.0,0.0,0.0,0.0,0.0,0.0,0.0,0.0,0.0,0.0,0.0,0.0,0
1.0,0.0,15.0,17.0,11960.17018283512,11960.17018283512,0.0,465.471180470787,465.471180470787,0.0,33381.72336961185,ra,0.0,0.0,0.0,0.0,0.0,0.0,0.0,0.0,0.0,0.0,0.0,0.0,0
1.0,2.0,16.0,18.0,23460.93532657191,11970.385389125157,11490.549937446756,1768.6682817168698,86.33017164884411,1682.3381100680258,34103.26049306036,ra,0.0,0.0,0.0,0.0,0.0,0.0,0.0,0.0,0.0,9.797364295893338,0.0,9.797364295893338,0
1.0,2.0,0.0,19.0,23472.95328481904,11974.880939958675,11498.072344860364,41.43137038083431,41.43137038083431,0.0,34449.34645750041,link,0.0,0.0,0.0,0.0,0.0,0.0,0.0,0.0,0.0,0.24128219319878896,0.24128219319878896,0.0,0
2.0,2.0,0.0,20.0,68929.16895257494,33758.81379308793,35170.35515948701,2037.3044909279515,0.0,2037.3044909279515,0.0,link,0.0,0.0,0.0,0.0,0.0,0.0,70.68861560076742,20.708573437686578,49.98004216308084,82.55318322830192,20.70857343768658,61.84460979061534,0
2.0,1.0,11.0,21.0,34398.2821383792,0.0,34398.2821383792,0.1779942533838276,0.0,0.1779942533838276,2598.411645460739,ra,0.0,0.0,0.0,0.0,0.0,0.0,49.9790055851584,0.0,49.9790055851584,49.98004216308084,0.0,49.98004216308084,0
2.0,0.0,17.0,22.0,24285.97411997901,24285.97411997901,0.0,5629.753466227842,5629.753466227842,0.0,19826.030918871555,ra,0.0,0.0,0.0,0.0,0.0,0.0,20.70857343768658,20.70857343768658,0.0,53.494340623613404,53.494340623613404,0.0,0
2.0,1.0,18.0,23.0,24186.0911430872,0.0,24186.0911430872,4128.069297151063,0.0,4128.069297151063,19924.554475399083,ra,0.0,0.0,0.0,0.0,0.0,0.0,25.938535657715594,0.0,25.938535657715594,49.9790055851584,0.0,49.9790055851584,0
2.0,0.0,19.0,24.0,24395.8043620461,24395.8043620461,0.0,1107.9496170791724,1107.9496170791724,0.0,24376.283905318956,ra,0.0,0.0,0.0,0.0,0.0,0.0,53.494340623613404,53.494340623613404,0.0,59.94666192279699,59.94666192279699,0.0,0
2.0,0.0,20.0,25.0,18382.744960495544,18382.744960495544,0.0,3193.5958308596214,3193.5958308596214,0.0,38424.04808590371,ra,0.0,0.0,0.0,0.0,0.0,0.0,59.94666192279699,59.94666192279699,0.0,78.5450765824475,78.5450765824475,0.0,0
2.0,1.0,21.0,26.0,18491.613365488807,0.0,18491.613365488807,4453.992496188428,0.0,4453.992496188428,38987.68062551749,ra,0.0,0.0,0.0,0.0,0.0,0.0,0.0,0.0,0.0,25.938535657715594,0.0,25.938535657715594,0
2.0,2.0,22.0,27.0,37060.49951410931,18323.84940673533,18736.65010737398,9037.685965220891,4162.991831646682,4874.69413357421,60686.533174562566,ra,7.0,0.0,7.0,136.45078716501655,102.78892345923353,33.66186370578303,83.81838154854323,78.5450765824475,5.273304966095719,0.0,0.0,0.0,1
2.0,2.0,23.0,28.0,37058.90292655935,18323.112740357166,18735.790186202183,905.6708621966342,0.1740732089699103,905.4967889876642,60687.52230976862,ra,0.0,0.0,0.0,0.0,0.0,0.0,0.0,0.0,0.0,5.273304966095719,0.0,5.273304966095719,0
2.0,2.0,0.0,29.0,23931.60016336258,12393.941571693274,11537.658591669302,2066.8759536088314,2066.8759536088314,0.0,74788.45855603463,link,0.0,0.0,0.0,0.0,0.0,0.0,0.0,0.0,0.0,12.036781756735483,12.036781756735483,0.0,0
3.0,2.0,0.0,30.0,27844.0,14880.0,12964.0,276.638796,0.0,276.638796,0.0,link,0.0,0.0,0.0,0.0,0.0,0.0,0.0,0.0,0.0,1.611050148938092,0.0,1.611050148938092,0
3.0,0.0,24.0,31.0,14880.0,14880.0,0.0,43.31568,43.31568,0.0,291.13911748382634,ra,0.0,0.0,0.0,0.0,0.0,0.0,0.0,0.0,0.0,0.2522557707898452,0.2522557707898452,0.0,0
3.0,1.0,25.0,32.0,12963.999999999998,0.0,12963.999999999998,50.78647,0.0,50.78647,391.7896627176565,ra,0.0,0.0,0.0,0.0,0.0,0.0,4.093151582898201,0.0,4.093151582898201,0.0,0.0,0.0,0
3.0,2.0,1.0,33.0,27844.0,14880.000000000002,12964.0,332.50104000000005,332.50104000000005,0.0,2525.7146416492456,link,0.0,0.0,0.0,0.0,0.0,0.0,17.9342045526337,0.2522557707898452,17.681948781843857,6.281780189890204,2.1886286069920042,4.093151582898201,0
4.0,2.0,1.0,34.0,59761.3086274698,30037.341974575906,29723.966652893894,2541.480423000085,0.0,2541.480423000085,0.0,link,0.0,0.0,0.0,0.0,0.0,0.0,32.51297235084158,32.51297235084158,0.0,47.313688928560964,32.51297235084158,14.800716577719388,0
4.0,1.0,29.0,35.0,19741.19620746718,0.0,19741.19620746718,941.1307808897812,0.0,941.1307808897812,27421.918402146952,ra,7.0,0.0,7.0,69.05184029472953,0.0,69.05184029472953,63.57101509361527,0.0,63.57101509361527,0.0,0.0,0.0,1
4.0,0.0,28.0,36.0,20188.77400206591,20188.77400206591,0.0,6913.407817081132,6913.407817081132,0.0,27456.275537656256,ra,0.0,0.0,0.0,0.0,0.0,0.0,32.51297235084158,32.51297235084158,0.0,72.77430537579563,72.77430537579563,0.0,0
4.0,2.0,31.0,37.0,24242.046721440067,16011.081415437498,8230.965306002568,10336.618270691582,5459.807289653861,4876.810981037721,57952.436449648114,ra,0.0,0.0,0.0,0.0,0.0,0.0,107.94443393090911,72.77430537579563,35.17012855511348,168.141378991767,104.57036389815174,63.57101509361527,0
4.0,2.0,30.0,38.0,24222.436414627213,16010.688472387346,8211.747942239866,2097.1816748164333,3.698514594089785,2093.4831602223435,57975.56024030675,ra,7.0,0.0,7.0,72.77430537579563,72.77430537579563,0.0,127.54875938529888,104.57036389815174,22.97839548714714,66.98772596707514,31.817597411961664,35.17012855511348,1
4.0,2.0,35.0,39.0,21337.90578167672,10925.606078379402,10412.299703297318,4724.821457700606,2596.3850909026173,2128.436366797988,78476.45534742385,ra,0.0,0.0,0.0,0.0,0.0,0.0,42.4007042580494,31.817597411961664,10.583106846087736,69.91645556696723,46.93806007982009,22.97839548714714,0
4.0,0.0,40.0,40.0,10876.999998084551,10876.999998084551,0.0,1976.660743966538,1976.660743966538,0.0,96645.26673532616,ra,0.0,0.0,0.0,0.0,0.0,0.0,46.93806007982009,46.93806007982009,0.0,58.44945917500473,58.44945917500473,0.0,0
4.0,1.0,41.0,41.0,10239.998724530997,0.0,10239.998724530997,1817.260584824645,0.0,1817.260584824645,99246.70723666706,ra,0.0,0.0,0.0,0.0,0.0,0.0,0.0,0.0,0.0,10.583106846087736,0.0,10.583106846087736,0
4.0,2.0,42.0,42.0,15349.448623427987,7293.1561007636,8056.292522664386,2244.8438549829234,2242.944719983224,1.8991349996993472,124531.18468963404,ra,7.0,0.0,7.0,157.7246818076601,71.51160547349022,86.21307633416988,144.65147559361554,58.44945917500473,86.20201641861082,0.0,0.0,0.0,1
4.0,2.0,45.0,43.0,29499.999782114108,14928.999812810407,14570.9999693037,9965.395457829238,4949.374190304771,5016.021267524467,160563.71538932095,ra,0.0,0.0,0.0,0.0,0.0,0.0,56.99041657445184,0.0,56.99041657445184,115.02548637920468,28.82346996059385,86.20201641861082,0
4.0,2.0,49.0,44.0,29501.249670962527,14929.610924790286,14571.63874617224,7771.3951170941245,964.2534476850196,6807.141669409105,167022.61670697512,ra,0.0,0.0,0.0,0.0,0.0,0.0,46.171411369182735,28.82346996059385,17.34794140858888,91.42937027401851,34.438953699566675,56.99041657445184,0
4.0,2.0,2.0,45.0,37135.97924873808,18661.98985536135,18473.98939337673,2580.116572311374,2580.116572311374,0.0,182066.4548482201,link,0.0,0.0,0.0,0.0,0.0,0.0,51.786895108155555,34.438953699566675,17.34794140858888,66.8126154633724,49.464674054783515,17.34794140858888,0
5.0,2.0,1.0,46.0,68793.7826224039,33913.44536880647,34880.33725359744,3843.82209257494,0.0,3843.82209257494,0.0,link,0.0,0.0,0.0,0.0,0.0,0.0,34.55687790698262,11.868206478362062,22.68867142862056,56.941988904698164,11.86820647836206,45.0737824263361,0
5.0,1.0,26.0,47.0,36003.524001333615,0.0,36003.524001333615,3895.947466930393,0.0,3895.947466930393,10624.424038435742,ra,0.0,0.0,0.0,0.0,0.0,0.0,0.0,0.0,0.0,22.68867142862056,0.0,22.68867142862056,0
5.0,0.0,27.0,48.0,32653.80091590929,32653.80091590929,0.0,4178.141771103933,4178.141771103933,0.0,12028.538687185455,ra,0.0,0.0,0.0,0.0,0.0,0.0,11.86820647836206,11.86820647836206,0.0,36.200281443803476,36.200281443803476,0.0,0
5.0,2.0,32.0,49.0,33127.66797826424,16315.8916479239,16811.776330340337,9152.204545843142,5870.836452837575,3281.368093005566,39273.39357565199,ra,8.0,0.0,8.0,175.17193564478288,70.39003385197675,104.78190179280612,121.87261280977286,36.200281443803476,85.67233136596938,0.0,0.0,0.0,1
5.0,1.0,36.0,50.0,15728.354223345885,0.0,15728.354223345885,1275.7622080104995,0.0,1275.7622080104995,47330.36386477938,ra,0.0,0.0,0.0,0.0,0.0,0.0,78.24272667948534,0.0,78.24272667948534,85.67233136596938,0.0,85.67233136596938,0
5.0,0.0,39.0,51.0,16181.036957810447,16181.036957810447,0.0,2402.71193975453,2402.71193975453,0.0,54808.46507060479,ra,0.0,0.0,0.0,0.0,0.0,0.0,0.0,0.0,0.0,13.992576183699365,13.992576183699365,0.0,0
5.0,1.0,43.0,52.0,15425.054197747386,0.0,15425.054197747386,6550.9163885109065,0.0,6550.9163885109065,67696.58292643339,ra,0.0,0.0,0.0,0.0,0.0,0.0,40.0924203016645,0.0,40.0924203016645,78.24272667948534,0.0,78.24272667948534,0
5.0,0.0,44.0,53.0,16743.940970134765,16743.940970134765,0.0,2188.52376611744,2188.52376611744,0.0,67916.71774036821,ra,0.0,0.0,0.0,0.0,0.0,0.0,13.992576183699365,13.992576183699365,0.0,26.737793377885158,26.737793377885158,0.0,0
5.0,1.0,50.0,54.0,23926.865751230227,0.0,23926.865751230227,3865.032082238866,0.0,3865.032082238866,86150.64463711552,ra,0.0,0.0,0.0,0.0,0.0,0.0,17.583789546412696,0.0,17.583789546412696,40.0924203016645,0.0,40.0924203016645,0
5.0,0.0,51.0,55.0,23976.591723992253,23976.591723992253,0.0,3863.210440192499,3863.210440192499,0.0,86198.21188888987,ra,0.0,0.0,0.0,0.0,0.0,0.0,26.737793377885158,26.737793377885158,0.0,49.235815510150786,49.235815510150786,0.0,0
5.0,2.0,4.0,56.0,48295.998738473485,24204.99925545633,24090.99948301716,3849.659028767285,3849.659028767285,0.0,102115.05106186114,link,0.0,0.0,0.0,0.0,0.0,0.0,79.95044601807113,49.235815510150786,30.71463050792035,89.23870838311356,71.65491883670086,17.583789546412696,0
6.0,2.0,0.0,57.0,17593.52882743976,9370.089853693322,8223.438973746437,3280.588971659345,0.0,3280.588971659345,0.0,link,0.0,0.0,0.0,0.0,0.0,0.0,0.0,0.0,0.0,19.1050330894169,0.0,19.1050330894169,0
6.0,0.0,34.0,58.0,9440.700126436834,9440.700126436834,0.0,115.62791616056612,115.62791616056612,0.0,1229.5619294335402,ra,0.0,0.0,0.0,0.0,0.0,0.0,0.0,0.0,0.0,0.6733776109692194,0.6733776109692194,0.0,0
6.0,0.0,33.0,59.0,9685.754071387502,9685.754071387502,0.0,302.82244713524466,302.82244713524466,0.0,4398.318016945725,ra,0.0,0.0,0.0,0.0,0.0,0.0,0.6733776109692194,0.6733776109692194,0.0,2.4369124282586694,2.4369124282586694,0.0,0
6.0,1.0,38.0,60.0,13533.136089729269,0.0,13533.136089729269,3267.2679643300085,0.0,3267.2679643300085,19100.037855584003,ra,0.0,0.0,0.0,0.0,0.0,0.0,0.0,0.0,0.0,0.0,0.0,0.0,0
6.0,0.0,37.0,61.0,14150.210375121094,14150.210375121094,0.0,1803.67381185194,1803.67381185194,0.0,19123.313502380493,ra,0.0,0.0,0.0,0.0,0.0,0.0,2.4369124282586694,2.4369124282586694,0.0,12.940894535019298,12.940894535019298,0.0,0
6.0,2.0,48.0,62.0,30972.88424037613,15986.27621540026,14986.608024975872,5468.198643546355,3421.909443445684,2046.2892001006717,42213.94659999393,ra,4.0,0.0,4.0,83.60854846526374,32.86892993073376,50.73961853452998,51.763621555198576,12.940894535019298,38.82272702017928,0.0,0.0,0.0,1
6.0,2.0,3.0,63.0,43852.38298306345,22912.25382809093,20940.12915497252,3553.9006048965416,3553.9006048965416,0.0,60876.22424217983,link,0.0,0.0,0.0,0.0,0.0,0.0,38.82272702017928,0.0,38.82272702017928,59.51943399554418,20.696706975364904,38.82272702017928,0
7.0,2.0,0.0,64.0,11819.728833092571,5668.999528653672,6150.729304438899,2312.6327385691666,0.0,2312.6327385691666,0.0,link,0.0,0.0,0.0,0.0,0.0,0.0,0.0,0.0,0.0,13.467985589089116,0.0,13.467985589089116,0
7.0,2.0,46.0,65.0,16750.439961073742,8281.792263693602,8468.64769738014,443.91171562073237,439.3743632250341,4.537352395698317,6667.955447556553,ra,7.0,0.0,7.0,32.6214475677362,0.0,32.6214475677362,32.595023572408834,0.0,32.595023572408834,2.5587666789630994,2.5587666789630994,0.0,1
7.0,2.0,47.0,66.0,16803.00194301874,8309.644744099518,8493.35719891922,469.008092957891,4.438227533612364,464.56986542427865,6721.474926778252,ra,0.0,0.0,0.0,0.0,0.0,0.0,32.44829354698368,2.5587666789630994,29.889526868020578,35.179636977255775,2.5846134048469387,32.595023572408834,0
7.0,2.0,2.0,67.0,31479.264687684805,14962.675134733858,16516.589552950947,2176.386974618303,2176.386974618303,0.0,25294.541879356693,link,0.0,0.0,0.0,0.0,0.0,0.0,32.474140272867515,2.5846134048469387,29.889526868020578,45.14867692609146,15.259150058070881,29.889526868020578,0
8.0,2.0,2.0,68.0,14782.369584642798,7482.847541600488,7299.522043042311,571.5351732524385,0.0,571.5351732524385,0.0,link,0.0,0.0,0.0,0.0,0.0,0.0,18.55696834911204,15.290239719267287,3.266728629844754,21.88539458326793,15.290239719267287,6.595154864000643,0
8.0,2.0,52.0,69.0,9208.206367128356,4168.183876582084,5040.022490546272,1091.488655298786,530.5477835235342,560.9408717752517,9055.824498122218,ra,6.0,0.0,6.0,18.37996935236027,18.37996935236027,0.0,15.290239719267287,15.290239719267287,0.0,3.266728629844754,0.0,3.266728629844754,1
8.0,2.0,0.0,70.0,9708.89067456805,5120.673657931851,4588.2170166362,557.603815055505,557.603815055505,0.0,21173.685305885127,link,0.0,0.0,0.0,0.0,0.0,0.0,0.0,0.0,0.0,3.24729474781845,3.24729474781845,0.0,0
9.0,2.0,2.0,71.0,31818.423136170015,16104.883545196824,15713.539590973189,3261.4825971182563,0.0,3261.4825971182563,0.0,link,0.0,0.0,0.0,0.0,0.0,0.0,27.78503505102711,27.78503505102711,0.0,46.77879912107592,27.78503505102711,18.993764070048808,0
9.0,2.0,55.0,72.0,36693.05587768159,18116.80864806472,18576.24722961687,5325.486521774037,2708.000893980142,2617.485627793895,15445.371783397328,ra,6.0,0.0,6.0,82.3619085898745,43.555510149433736,38.80639844044076,51.34808848175105,27.78503505102711,23.56305343072394,0.0,0.0,0.0,1
9.0,2.0,7.0,73.0,31601.85426430268,15291.911788888328,16309.942475414353,3142.329967824336,3142.329967824336,0.0,33157.12684688381,link,0.0,0.0,0.0,0.0,0.0,0.0,23.56305343072394,0.0,23.56305343072394,41.86291316072373,18.29985972999979,23.56305343072394,0
10.0,2.0,3.0,74.0,31606.669563938915,16070.547455207432,15536.122108731484,43.81406893215462,0.0,43.81406893215462,0.0,link,0.0,0.0,0.0,0.0,0.0,0.0,42.53771269010561,42.53771269010561,0.0,42.792870908328666,42.53771269010561,0.25515821822305623,0
10.0,2.0,53.0,75.0,20482.292071415013,10386.965680851748,10095.326390563265,3859.9783717818373,1960.6175793947991,1899.3607923870384,14793.406531478646,ra,4.0,0.0,4.0,93.39240183124656,53.955681857722396,39.43671997352416,70.91320216484496,42.53771269010561,28.375489474739354,0.0,0.0,0.0,1
10.0,2.0,4.0,76.0,20473.61899569675,10382.534499411437,10091.084496285315,45.07964033000498,45.07964033000498,0.0,15227.535521101405,link,0.0,0.0,0.0,0.0,0.0,0.0,28.375489474739354,0.0,28.375489474739354,28.63801794984062,0.26252847510126576,28.375489474739354,0
11.0,2.0,3.0,77.0,48420.054142922716,24599.82318293021,23820.230959992503,1269.8213138175106,0.0,1269.8213138175106,0.0,link,0.0,0.0,0.0,0.0,0.0,0.0,78.32639303140753,12.656412728181696,65.66998030322584,85.72139997306031,12.656412728181696,73.06498724487862,0
11.0,2.0,54.0,78.0,48814.99317229718,24295.434711773956,24519.55846052323,3388.4082292149897,1701.6312773650386,1686.7769518499513,6967.487148144968,ra,0.0,0.0,0.0,0.0,0.0,0.0,68.50317843245735,12.656412728181696,55.84676570427565,88.2361141640742,22.56613386084836,65.66998030322584,0
11.0,1.0,56.0,79.0,22284.926619444108,0.0,22284.926619444108,1685.094433220274,0.0,1685.094433220274,14053.388239050711,ra,0.0,0.0,0.0,0.0,0.0,0.0,46.033349520906086,0.0,46.033349520906086,55.84676570427565,0.0,55.84676570427565,0
11.0,2.0,5.0,80.0,42919.8251598076,21285.35848456856,21634.466675239044,2910.8952617885475,2910.8952617885475,0.0,19878.69006465457,link,0.0,0.0,0.0,0.0,0.0,0.0,68.59948338175445,22.56613386084836,46.033349520906086,85.55154619021037,39.51819666930429,46.033349520906086,0
12.0,2.0,4.0,81.0,53131.67233206281,26537.18348117461,26594.4888508882,1562.324430007989,0.0,1562.324430007989,0.0,link,0.0,0.0,0.0,0.0,0.0,0.0,91.59374408179973,53.66394837801389,37.929795703785835,89.42068977242914,51.871008713345994,37.54968105908315,0
12.0,0.0,58.0,82.0,22288.895823895957,22288.895823895957,0.0,3364.25769729557,3364.25769729557,0.0,13722.635716121396,ra,0.0,0.0,0.0,0.0,0.0,0.0,51.871008713345994,51.871008713345994,0.0,39.596629884116936,39.596629884116936,0.0,0
12.0,1.0,57.0,83.0,22492.6689728353,0.0,22492.6689728353,3393.592303197099,0.0,3393.592303197099,13775.369179933106,ra,0.0,0.0,0.0,0.0,0.0,0.0,30.126496824783363,0.0,30.126496824783363,37.929795703785835,0.0,37.929795703785835,0
12.0,2.0,5.0,84.0,44751.07719214048,22273.03927625819,22478.037915882287,1559.840879232986,1559.840879232986,0.0,20725.095833182608,link,0.0,0.0,0.0,0.0,0.0,0.0,86.76865312314303,39.596629884116936,47.17202323902609,72.008351686703,41.881854861919635,30.126496824783363,0
13.0,2.0,4.0,85.0,25987.610544625633,13119.378445562592,12868.232099063043,1205.3834904693945,0.0,1205.3834904693945,0.0,link,0.0,0.0,0.0,0.0,0.0,0.0,47.617829217010545,25.675316113789698,21.942513103220847,46.18091087724943,17.218654773671418,28.962256103578017,0
13.0,2.0,59.0,86.0,13974.00634747334,7033.004117758563,6941.002229714777,6883.850493770728,3777.525971618388,3106.32452215234,36309.89528647439,ra,0.0,0.0,0.0,0.0,0.0,0.0,21.070991602182133,17.218654773671418,3.852336828510717,27.423948901257187,5.481435798036341,21.942513103220847,0
13.0,1.0,63.0,87.0,7362.494657393186,0.0,7362.494657393186,661.497609325267,0.0,661.497609325267,54986.89266391457,ra,0.0,0.0,0.0,0.0,0.0,0.0,19.161555366656426,0.0,19.161555366656426,3.852336828510717,0.0,3.852336828510717,0
13.0,0.0,62.0,88.0,7963.314490087364,7963.314490087364,0.0,1395.6084792930023,1395.6084792930023,0.0,55258.29185590623,ra,0.0,0.0,0.0,0.0,0.0,0.0,5.481435798036341,5.481435798036341,0.0,8.127548561280811,8.127548561280811,0.0,0
13.0,2.0,70.0,89.0,20915.585370117602,10623.723419117588,10291.861951000015,6679.2986941238505,3389.0040936651603,3290.29460045869,85720.88488710183,ra,0.0,0.0,0.0,0.0,0.0,0.0,8.127548561280811,8.127548561280811,0.0,47.0255097712126,27.863954404556168,19.161555366656426,0
13.0,1.0,71.0,90.0,10312.666692975632,0.0,10312.666692975632,1325.8702777004075,0.0,1325.8702777004075,92148.0377185692,ra,0.0,0.0,0.0,0.0,0.0,0.0,0.0,0.0,0.0,0.0,0.0,0.0,0
13.0,0.0,75.0,91.0,10865.41330620228,10865.41330620228,0.0,2225.2267853650983,2225.2267853650983,0.0,106351.19825280692,ra,0.0,0.0,0.0,0.0,0.0,0.0,27.863954404556168,27.863954404556168,0.0,40.82291748500376,40.82291748500376,0.0,0
13.0,2.0,80.0,92.0,21769.313571554885,10924.77173173255,10844.541839822334,5231.405901354321,1587.860206417783,3643.5456949365375,121274.1282993086,ra,7.0,0.0,7.0,93.01924527546939,50.070074640944526,42.94917063452486,62.55331866504383,40.82291748500376,21.730401180040072,0.0,0.0,0.0,1
13.0,2.0,8.0,93.0,20326.83796736937,10049.65492309056,10277.18304427881,1199.9706688262263,1199.9706688262263,0.0,132616.96921985535,link,0.0,0.0,0.0,0.0,0.0,0.0,21.730401180040072,0.0,21.730401180040072,28.718621750280818,6.988220570240747,21.730401180040072,0
14.0,2.0,5.0,94.0,94497.82264774677,47019.26687675304,47478.55577099372,936.3425207579636,0.0,936.3425207579636,0.0,link,0.0,0.0,0.0,0.0,0.0,0.0,133.613918345029,63.63076856044484,69.98314978458414,129.68425017045138,54.24816038129829,75.43608978915307,0
14.0,0.0,61.0,95.0,46935.18990316021,46935.18990316021,0.0,2174.788745042169,2174.788745042169,0.0,4629.482620571615,ra,0.0,0.0,0.0,0.0,0.0,0.0,54.24816038129829,54.24816038129829,0.0,54.24816038129829,54.24816038129829,0.0,0
14.0,1.0,60.0,96.0,47664.75200387175,0.0,47664.75200387175,2204.32457448694,0.0,2204.32457448694,4633.73189838993,ra,0.0,0.0,0.0,0.0,0.0,0.0,57.14591406282702,0.0,57.14591406282702,69.98314978458414,0.0,69.98314978458414,0
14.0,2.0,6.0,97.0,94641.69117202783,46900.62074452682,47741.07042750101,922.9194205020584,922.9194205020584,0.0,6596.600389256655,link,0.0,0.0,0.0,0.0,0.0,0.0,111.39407444412531,54.24816038129829,57.14591406282702,101.25645172634769,44.110537663520674,57.14591406282702,0
15.0,2.0,6.0,98.0,75207.49134104664,44538.30191090561,30669.189430141025,1884.850151816533,0.0,1884.850151816533,0.0,link,0.0,0.0,0.0,0.0,0.0,0.0,89.6641150162728,51.71968750188638,37.94442751438642,89.24161030609659,40.320457322553594,48.921152983542996,0
15.0,1.0,64.0,99.0,16721.32745245393,0.0,16721.32745245393,6515.564241999581,0.0,6515.564241999581,25738.743223846097,ra,0.0,0.0,0.0,0.0,0.0,0.0,0.0,0.0,0.0,37.94442751438642,0.0,37.94442751438642,0
15.0,0.0,65.0,100.0,16271.068415411031,16271.068415411031,0.0,7891.47329091754,7891.47329091754,0.0,25740.902218562274,ra,0.0,0.0,0.0,0.0,0.0,0.0,40.320457322553594,40.320457322553594,0.0,17.822935489599494,17.822935489599494,0.0,0
15.0,2.0,0.0,101.0,10998.091984936455,5379.561945168664,5618.530039767791,1825.012570497084,1825.012570497084,0.0,48631.17855592899,link,0.0,0.0,0.0,0.0,0.0,0.0,17.822935489599494,17.822935489599494,0.0,10.628251770996059,10.628251770996059,0.0,0
16.0,2.0,6.0,102.0,79740.5667298025,40135.953102102525,39604.61362769997,2800.895581315986,0.0,2800.895581315986,0.0,link,0.0,0.0,0.0,0.0,0.0,0.0,86.02699260271149,43.252271905355414,42.77472069735607,92.80014987125776,33.71396704825261,59.086182823005146,0
16.0,1.0,66.0,103.0,29014.9759926702,0.0,29014.9759926702,4194.662066106028,0.0,4194.662066106028,12316.83855333374,ra,0.0,0.0,0.0,0.0,0.0,0.0,18.34643715918928,0.0,18.34643715918928,42.77472069735607,0.0,42.77472069735607,0
16.0,0.0,67.0,104.0,29278.008085254503,29278.008085254503,0.0,4585.787822607259,4585.787822607259,0.0,12575.946688510528,ra,0.0,0.0,0.0,0.0,0.0,0.0,33.71396704825261,33.71396704825261,0.0,23.26416672063938,23.26416672063938,0.0,0
16.0,0.0,72.0,105.0,28145.02656728497,28145.02656728497,0.0,3642.99524799985,3642.99524799985,0.0,25449.08031583349,ra,0.0,0.0,0.0,0.0,0.0,0.0,23.26416672063938,23.26416672063938,0.0,0.0,0.0,0.0,0
16.0,1.0,74.0,106.0,25731.855828829863,0.0,25731.855828829863,3150.32793358614,0.0,3150.32793358614,32933.75197391795,ra,0.0,0.0,0.0,0.0,0.0,0.0,24.43827019025315,0.0,24.43827019025315,18.34643715918928,0.0,18.34643715918928,0
16.0,0.0,76.0,107.0,25418.722177742115,25418.722177742115,0.0,6370.068704760761,6370.068704760761,0.0,49497.46890143416,ra,0.0,0.0,0.0,0.0,0.0,0.0,0.0,0.0,0.0,37.09711104855554,37.09711104855554,0.0,0
16.0,1.0,77.0,108.0,25469.36930201462,0.0,25469.36930201462,3629.483350372933,0.0,3629.483350372933,49565.51842080065,ra,0.0,0.0,0.0,0.0,0.0,0.0,24.43827019025315,0.0,24.43827019025315,24.43827019025315,0.0,24.43827019025315,0
16.0,1.0,82.0,109.0,26935.54974771189,0.0,26935.54974771189,4731.076881969367,0.0,4731.076881969367,67595.96875209869,ra,0.0,0.0,0.0,0.0,0.0,0.0,24.43827019025315,0.0,24.43827019025315,24.43827019025315,0.0,24.43827019025315,0
16.0,0.0,83.0,110.0,27462.47510980443,27462.47510980443,0.0,5057.102637456699,5057.102637456699,0.0,68666.07464325256,ra,0.0,0.0,0.0,0.0,0.0,0.0,37.09711104855554,37.09711104855554,0.0,66.54795480248018,66.54795480248018,0.0,0
16.0,1.0,86.0,111.0,27163.152752819547,0.0,27163.152752819547,4196.376907454115,0.0,4196.376907454115,81021.89267340553,ra,0.0,0.0,0.0,0.0,0.0,0.0,1.7763568394002505e-15,0.0,1.7763568394002505e-15,24.43827019025315,0.0,24.43827019025315,0
16.0,0.0,89.0,112.0,29187.99844762554,29187.99844762554,0.0,6653.928103269676,6653.928103269676,0.0,92123.37906601596,ra,0.0,0.0,0.0,0.0,0.0,0.0,66.54795480248018,66.54795480248018,0.0,105.29816633028038,105.29816633028038,0.0,0
16.0,1.0,90.0,113.0,28376.998666581203,0.0,28376.998666581203,5601.684775109653,0.0,5601.684775109653,92203.5095301381,ra,0.0,0.0,0.0,0.0,0.0,0.0,1.7763568394002505e-15,0.0,1.7763568394002505e-15,1.7763568394002505e-15,0.0,1.7763568394002505e-15,0
16.0,2.0,94.0,114.0,71124.20344709541,35553.82790120941,35570.375545886,8755.239718801102,4299.63877333859,4455.600945462512,106046.11656904333,ra,6.0,0.0,6.0,196.8,115.89870383355984,80.90129616644016,160.25155977812975,105.29816633028038,54.95339344784937,14.439094631929573,14.43909463192957,1.7763568394002505e-15,1
16.0,2.0,12.0,115.0,71147.99996754559,35564.99998476318,35582.99998278241,2799.48715587504,2799.48715587504,0.0,113917.81076099534,link,0.0,0.0,0.0,0.0,0.0,0.0,69.39248807977894,14.43909463192957,54.95339344784937,85.69574801524641,30.74235456739704,54.95339344784937,0
18.0,2.0,7.0,118.0,26949.99999999783,13587.999999998794,13361.999999999038,1262.350888686173,0.0,1262.350888686173,0.0,link,0.0,0.0,0.0,0.0,0.0,0.0,36.550883703271985,15.468461687228663,21.082422016043324,43.90238543273293,15.468461687228663,28.433923745504263,0
18.0,0.0,68.0,119.0,13587.918618998609,13587.918618998609,0.0,1673.7828719547792,1673.7828719547792,0.0,12318.138045343778,ra,0.0,0.0,0.0,0.0,0.0,0.0,15.468461687228663,15.468461687228663,0.0,25.21600318951591,25.21600318951591,0.0,0
18.0,1.0,69.0,120.0,13361.93226547554,0.0,13361.93226547554,3620.13302138755,0.0,3620.13302138755,12346.305678813724,ra,0.0,0.0,0.0,0.0,0.0,0.0,0.0,0.0,0.0,21.082422016043324,0.0,21.082422016043324,0
18.0,2.0,73.0,121.0,21133.145613699366,10354.073130248858,10779.072483450507,3099.0639764514967,1773.464093458567,1325.5998829929297,27186.329383912336,ra,7.0,0.0,7.0,84.38078745409246,35.544054183140034,48.83673327095242,66.33289412523753,25.21600318951591,41.11689093572162,0.0,0.0,0.0,1
18.0,2.0,81.0,122.0,17024.72901544851,8263.2955761644,8761.433439284106,10407.127018587838,5132.593422062407,5274.533596525431,76811.9776614867,ra,0.0,0.0,0.0,0.0,0.0,0.0,10.39980331413848,0.0,10.39980331413848,71.00736731363469,29.890476377913068,41.11689093572162,0
18.0,0.0,84.0,123.0,7912.197813125354,7912.197813125354,0.0,1219.9477727403696,1219.9477727403696,0.0,91803.7907317536,ra,0.0,0.0,0.0,0.0,0.0,0.0,29.890476377913068,29.890476377913068,0.0,36.995036798896344,36.995036798896344,0.0,0
18.0,1.0,85.0,124.0,8875.838788593739,0.0,8875.838788593739,1785.784923800428,0.0,1785.784923800428,91872.46119703975,ra,0.0,0.0,0.0,0.0,0.0,0.0,0.0,0.0,0.0,10.39980331413848,0.0,10.39980331413848,0
18.0,2.0,92.0,125.0,47292.93717996864,22515.08265535503,24777.854524613613,4754.452437208462,3104.7402940346988,1649.7121431737628,121334.73270596893,ra,8.0,0.0,8.0,125.22371142516974,55.07598706849879,70.14772435667095,97.53539938131684,36.995036798896344,60.54036258242049,0.0,0.0,0.0,1
18.0,2.0,11.0,126.0,53098.00276723388,24816.36422563914,28281.638541594737,1125.0783643967968,1125.0783643967968,0.0,126075.53174156268,link,0.0,0.0,0.0,0.0,0.0,0.0,60.54036258242049,0.0,60.54036258242049,67.09243587342948,6.55207329100899,60.54036258242049,0
19.0,2.0,7.0,127.0,19888.0,9830.0,10058.0,1832.5223390000008,0.0,1832.5223390000008,0.0,link,0.0,0.0,0.0,0.0,0.0,0.0,18.374254463138506,18.374254463138506,0.0,21.118135577193026,10.44614947160597,10.671986105587056,0
19.0,2.0,0.0,128.0,19888.0,9830.0,10058.0,1790.9817650000002,1790.9817650000002,0.0,18219.57712193098,link,0.0,0.0,0.0,0.0,0.0,0.0,10.44614947160597,10.44614947160597,0.0,20.876217419301412,20.876217419301412,0.0,0
20.0,2.0,0.0,129.0,19481.000344743796,9701.000199905127,9780.000144838668,1585.946802063634,0.0,1585.946802063634,0.0,link,0.0,0.0,0.0,0.0,0.0,0.0,5.2446912462190305,0.0,5.2446912462190305,9.236014140520293,0.0,9.236014140520293,0
20.0,0.0,78.0,130.0,10133.998910338903,10133.998910338903,0.0,2201.810828978947,2201.810828978947,0.0,22308.899934453435,ra,0.0,0.0,0.0,0.0,0.0,0.0,0.0,0.0,0.0,12.822596523880318,12.822596523880318,0.0,0
20.0,1.0,79.0,131.0,10094.12847263898,0.0,10094.12847263898,2214.6793271343668,0.0,2214.6793271343668,22364.44986396924,ra,0.0,0.0,0.0,0.0,0.0,0.0,9.14887119420775,0.0,9.14887119420775,5.2446912462190305,0.0,5.2446912462190305,0
20.0,2.0,8.0,132.0,21962.97969081701,10983.990050020308,10978.989640796704,1594.243979477348,1594.243979477348,0.0,37253.22848420508,link,0.0,0.0,0.0,0.0,0.0,0.0,30.564350683856137,12.822596523880318,17.74175415997582,31.25580179457327,22.10693060036552,9.14887119420775,0
21.0,2.0,8.0,133.0,21649.000000000102,11074.000000000044,10575.00000000006,371.5843359997804,0.0,371.5843359997804,0.0,link,0.0,0.0,0.0,0.0,0.0,0.0,21.16159699756656,21.16159699756656,0.0,23.32557764132091,21.16159699756656,2.1639806437543503,0
21.0,2.0,87.0,134.0,23288.999999928543,11776.999999969368,11511.999999959173,6542.587792704876,3329.21173105459,3213.376061650286,29246.642192588224,ra,6.0,0.0,6.0,116.66328669271475,40.54979248104438,76.11349421167037,78.56148322087728,21.16159699756656,57.39988622331072,0.0,0.0,0.0,1
21.0,2.0,10.0,135.0,23288.99999999982,11776.999999999924,11511.999999999898,380.1380059998352,380.1380059998352,0.0,32474.473610155062,link,0.0,0.0,0.0,0.0,0.0,0.0,57.39988622331072,0.0,57.39988622331072,59.6136805285139,2.2137943052031783,57.39988622331072,0
22.0,2.0,8.0,136.0,18089.34980232114,9293.63667702267,8795.71312529847,2541.603617777336,0.0,2541.603617777336,0.0,link,0.0,0.0,0.0,0.0,0.0,0.0,33.44224914842765,9.434531323679275,24.007717824748372,48.24368317058038,9.434531323679275,38.80915184690111,0
22.0,2.0,9.0,137.0,22551.759921439094,11229.492180860212,11322.267740578884,2598.6403059127283,2598.6403059127283,0.0,25496.14409205573,link,0.0,0.0,0.0,0.0,0.0,0.0,33.44224914842764,9.434531323679275,24.00771782474837,44.6871440207058,20.679426195957426,24.007717824748372,0
24.0,2.0,9.0,140.0,25786.108144857673,12922.607317501452,12863.500827356223,310.22506737586025,0.0,310.22506737586025,0.0,link,0.0,0.0,0.0,0.0,0.0,0.0,47.66485661688374,22.365171006109215,25.299685610774524,47.42717161496252,20.32084084730187,27.10633076766065,0
24.0,0.0,88.0,141.0,12911.612953719838,12911.612953719838,0.0,904.5214863572012,904.5214863572012,0.0,7001.124876882881,ra,0.0,0.0,0.0,0.0,0.0,0.0,20.32084084730187,20.32084084730187,0.0,25.209283712449498,25.209283712449498,0.0,0
24.0,1.0,91.0,142.0,12797.695040407143,0.0,12797.695040407143,2112.957697765236,0.0,2112.957697765236,10447.761196686972,ra,0.0,0.0,0.0,0.0,0.0,0.0,12.994539467481697,0.0,12.994539467481697,25.299685610774524,0.0,25.299685610774524,0
24.0,0.0,97.0,143.0,9570.738932827611,9570.738932827611,0.0,2755.7730122650837,2755.7730122650837,0.0,30840.569189513222,ra,0.0,0.0,0.0,0.0,0.0,0.0,25.209283712449498,25.209283712449498,0.0,40.03873322209746,40.03873322209746,0.0,0
24.0,1.0,98.0,144.0,9946.426208887748,0.0,9946.426208887748,2231.335725475766,0.0,2231.335725475766,30857.334061915197,ra,0.0,0.0,0.0,0.0,0.0,0.0,-8.881784197001252e-16,0.0,-8.881784197001252e-16,12.994539467481697,0.0,12.994539467481697,0
24.0,2.0,108.0,145.0,15887.706151607494,7870.705730584929,8017.000421022563,4501.986650504175,2168.389585344796,2333.5970651593784,55766.14861335632,ra,4.0,0.0,4.0,131.2,52.66669580340345,78.53330419659655,104.9819627301586,40.03873322209746,64.94322950806114,-8.881784197001252e-16,0.0,-8.881784197001252e-16,1
24.0,2.0,114.0,146.0,28294.020698251785,14163.55043686688,14130.470261384906,3453.816952067228,2111.307602382169,1342.5093496850593,76000.7341358558,ra,0.0,0.0,0.0,0.0,0.0,0.0,57.12491219670004,0.0,57.12491219670004,77.23876605772108,12.295536549659937,64.94322950806114,0
24.0,2.0,15.0,147.0,28738.67135022459,14383.312343962509,14355.35900626208,310.87767950128045,310.87767950128045,0.0,78175.47480337396,link,0.0,0.0,0.0,0.0,0.0,0.0,69.42044874635998,12.295536549659937,57.12491219670004,71.23089449404196,14.10598229734193,57.12491219670004,0
25.0,2.0,9.0,148.0,18444.994544675952,9036.997526482091,9407.99701819386,3162.573978652046,0.0,3162.573978652046,0.0,link,0.0,0.0,0.0,0.0,0.0,0.0,45.184380396638645,20.542028583115357,24.642351813523288,39.81923332676247,14.774059086917607,25.04517423984486,0
25.0,2.0,10.0,149.0,19006.727910032103,9665.34291491844,9341.384995113662,3137.608098414663,3137.608098414663,0.0,35248.172611532704,link,0.0,0.0,0.0,0.0,0.0,0.0,40.33808291214278,14.774059086917607,25.564023825225178,57.68877207085427,33.04642025733098,24.642351813523288,0
26.0,2.0,10.0,150.0,39799.09031594862,19727.656489472974,20071.433826475644,5432.50664953123,0.0,5432.50664953123,0.0,link,0.0,0.0,0.0,0.0,0.0,0.0,64.82499031233837,23.23804904523651,41.586941267101864,96.4620592028293,23.23804904523651,73.22401015759279,0
26.0,2.0,11.0,151.0,61239.02764165262,31319.794471237463,29919.23317041516,5527.098799836521,5527.098799836521,0.0,24120.7762535988,link,0.0,0.0,0.0,0.0,0.0,0.0,71.91040216227093,23.23804904523651,48.67235311703442,97.01293167639844,55.42599040929658,41.586941267101864,0
27.0,2.0,11.0,152.0,68446.95855219441,33632.332120978645,34814.626431215765,4475.01586176286,0.0,4475.01586176286,0.0,link,0.0,0.0,0.0,0.0,0.0,0.0,107.17191730896471,34.21201311374728,72.95990419521742,132.69327468905453,33.67240191373464,99.0208727753199,0
27.0,0.0,99.0,153.0,29715.95485159294,29715.95485159294,0.0,4959.050959781504,4959.050959781504,0.0,15398.281487957354,ra,0.0,0.0,0.0,0.0,0.0,0.0,33.67240191373464,33.67240191373464,0.0,33.97875017152661,33.97875017152661,0.0,0
27.0,1.0,100.0,154.0,27462.225943179787,0.0,27462.225943179787,4427.600028969178,0.0,4427.600028969178,15788.230047158857,ra,0.0,0.0,0.0,0.0,0.0,0.0,47.17506927962194,0.0,47.17506927962194,72.95990419521742,0.0,72.95990419521742,0
27.0,2.0,107.0,155.0,39803.00077214074,18775.259985557448,21027.74078658329,8521.51974910427,4077.7617235109983,4443.758025593273,32030.585088502547,ra,0.0,0.0,0.0,0.0,0.0,0.0,55.274885865214046,33.97875017152661,21.296135693687436,99.80238919950774,52.62731991988581,47.17506927962194,0
27.0,0.0,111.0,156.0,14923.34787730996,14923.34787730996,0.0,3332.683703707982,3332.683703707982,0.0,51994.455333056,ra,0.0,0.0,0.0,0.0,0.0,0.0,52.62731991988581,52.62731991988581,0.0,65.8747263041701,65.8747263041701,0.0,0
27.0,1.0,110.0,157.0,16064.78653282132,0.0,16064.78653282132,3656.830509986008,0.0,3656.830509986008,52217.78598274018,ra,0.0,0.0,0.0,0.0,0.0,0.0,0.0,0.0,0.0,21.296135693687436,0.0,21.296135693687436,0
27.0,2.0,113.0,158.0,28115.732693263828,13396.479626617023,14719.253066646805,8182.361978154302,4151.774424898176,4030.5875532561263,80453.83595296173,ra,2.0,0.0,2.0,65.60000000000001,42.12723055524974,23.472769444750266,88.69136452829851,65.8747263041701,22.81663822412841,47.92601626847022,47.92601626847022,0.0,1
27.0,0.0,115.0,159.0,16210.1141141057,16210.1141141057,0.0,2741.8648075464444,2741.8648075464444,0.0,99290.1862589441,ra,0.0,0.0,0.0,0.0,0.0,0.0,47.92601626847022,47.92601626847022,0.0,63.893703268401396,63.893703268401396,0.0,0
27.0,2.0,116.0,160.0,34177.78966749807,16266.79151473384,17910.998152764234,6377.116285600918,1294.989846913013,5082.126438687905,107271.26953267986,ra,3.0,0.0,3.0,98.4,46.98749935098266,51.412500649017346,116.54208163246209,63.893703268401396,52.64837836406069,46.995158743678275,24.178520519549863,22.81663822412841,1
27.0,2.0,15.0,161.0,39893.99999984566,18725.9999999336,21167.99999991206,3972.0067852374737,3972.0067852374737,0.0,128894.5131374644,link,0.0,0.0,0.0,0.0,0.0,0.0,93.88852683785288,24.178520519549863,69.71000631830302,96.14750680055998,43.49912843649929,52.64837836406069,0
28.0,2.0,11.0,162.0,61992.2787513973,31725.31224782596,30266.96650357134,2390.702240646126,0.0,2390.702240646126,0.0,link,0.0,0.0,0.0,0.0,0.0,0.0,83.63360235660578,55.59878137027002,28.034820986335763,76.07281037803891,34.11535360615855,41.95745677188036,0
28.0,0.0,93.0,163.0,30439.224167938333,30439.224167938333,0.0,1072.7833528404256,1072.7833528404256,0.0,3445.559107155475,ra,0.0,0.0,0.0,0.0,0.0,0.0,34.11535360615855,34.11535360615855,0.0,40.36287855696796,40.36287855696796,0.0,0
28.0,0.0,95.0,164.0,18498.90877462081,18498.90877462081,0.0,3967.265746570001,3967.265746570001,0.0,21968.34571810977,ra,0.0,0.0,0.0,0.0,0.0,0.0,40.36287855696796,40.36287855696796,0.0,0.0,0.0,0.0,0
28.0,1.0,96.0,165.0,17419.186332491074,0.0,17419.186332491074,4813.95264377551,0.0,4813.95264377551,22264.116411144965,ra,0.0,0.0,0.0,0.0,0.0,0.0,0.0,0.0,0.0,28.034820986335763,0.0,28.034820986335763,0
28.0,2.0,0.0,166.0,16044.983216716417,8425.399218263456,7619.583998452962,2682.96218463007,2682.96218463007,0.0,40879.27967798362,link,0.0,0.0,0.0,0.0,0.0,0.0,0.0,0.0,0.0,15.624658181145149,15.624658181145149,0.0,0
30.0,2.0,12.0,169.0,31173.00771278776,15334.689159172884,15838.318553614876,1373.022338283504,0.0,1373.022338283504,0.0,link,0.0,0.0,0.0,0.0,0.0,0.0,80.2077197766828,17.5930703665948,62.61464941008799,88.20373434358744,17.5930703665948,70.61066397699264,0
30.0,0.0,101.0,170.0,15342.168535706442,15342.168535706442,0.0,288.7002299566512,288.7002299566512,0.0,1882.30501330568,ra,0.0,0.0,0.0,0.0,0.0,0.0,17.5930703665948,17.5930703665948,0.0,11.212917308696325,11.212917308696325,0.0,0
30.0,1.0,102.0,171.0,15008.380189154295,0.0,15008.380189154295,2426.954705703304,0.0,2426.954705703304,15325.375723611753,ra,0.0,0.0,0.0,0.0,0.0,0.0,49.23364633006653,0.0,49.23364633006653,62.61464941008799,0.0,62.61464941008799,0
30.0,0.0,103.0,172.0,14615.10439288337,14615.10439288337,0.0,2123.5391790607955,2123.5391790607955,0.0,15632.211521401772,ra,0.0,0.0,0.0,0.0,0.0,0.0,11.212917308696325,11.212917308696325,0.0,11.212917308696325,11.212917308696325,0.0,0
30.0,2.0,13.0,173.0,18934.390172572806,9143.138576923604,9791.251595649202,1268.116655371192,1268.116655371192,0.0,27311.590572612236,link,0.0,0.0,0.0,0.0,0.0,0.0,60.44656363876285,11.212917308696325,49.23364633006653,59.42075070964112,10.187104379574592,49.23364633006653,0
31.0,2.0,12.0,174.0,61211.26177444921,30941.90070843765,30269.36106601156,584.8788313855799,0.0,584.8788313855799,0.0,link,0.0,0.0,0.0,0.0,0.0,0.0,74.58233255738608,53.39751122138631,21.184821335999775,77.9884677128271,53.39751122138631,24.590956491440792,0
31.0,1.0,106.0,175.0,29780.03490857172,0.0,29780.03490857172,3637.7163502508033,0.0,3637.7163502508033,10173.779430297054,ra,0.0,0.0,0.0,0.0,0.0,0.0,0.0,0.0,0.0,21.184821335999775,0.0,21.184821335999775,0
31.0,0.0,105.0,176.0,30402.95414259374,30402.95414259374,0.0,3119.852058011688,3119.852058011688,0.0,10175.429354581129,ra,0.0,0.0,0.0,0.0,0.0,0.0,53.39751122138631,53.39751122138631,0.0,63.25064205276131,63.25064205276131,0.0,0
31.0,2.0,109.0,177.0,62402.93424977723,31525.727911032645,30877.20633874459,6816.570463211742,3762.4191873927257,3054.1512758190165,22337.14837090233,ra,9.0,0.0,9.0,172.67451520724816,85.16169024940176,87.5128249578464,132.97712995690068,63.25064205276131,69.72648790413938,0.0,0.0,0.0,1
31.0,2.0,14.0,178.0,62766.261417807065,31611.05780980601,31155.20360800105,595.148026243029,595.148026243029,0.0,24222.213413881997,link,0.0,0.0,0.0,0.0,0.0,0.0,69.72648790413938,0.0,69.72648790413938,73.19242735364104,3.465939449501665,69.72648790413938,0
32.0,2.0,13.0,179.0,24034.000000000007,12223.000000000004,11811.000000000004,4986.624005231322,0.0,4986.624005231322,0.0,link,0.0,0.0,0.0,0.0,0.0,0.0,30.380350510942357,10.187104379574592,20.193246131367765,59.42075070964112,10.187104379574592,49.23364633006653,0
32.0,2.0,104.0,180.0,24034.000000001273,12223.000000000631,11811.000000000642,545.6198680000062,277.4865460000031,268.13332200000315,2270.21285318104,ra,0.0,0.0,0.0,0.0,0.0,0.0,56.55692738678386,10.187104379574592,46.36982300720927,26.593920935407432,6.400674804039669,20.193246131367765,0
32.0,2.0,16.0,181.0,35472.0,17897.0,17575.0,5106.43524839964,5106.43524839964,0.0,35413.56901786664,link,0.0,0.0,0.0,0.0,0.0,0.0,56.881088552232136,6.400674804039669,50.48041374819247,82.50863789293496,36.13881488572569,46.36982300720927,0
33.0,2.0,14.0,182.0,25491.39192820705,13297.332945790267,12194.058982416784,2901.9645133205213,0.0,2901.9645133205213,0.0,link,0.0,0.0,0.0,0.0,0.0,0.0,20.383764040833768,20.383764040833768,0.0,29.01934776060927,12.119294590199713,16.90005317040956,0
33.0,2.0,0.0,183.0,27433.939184964896,13761.985453193762,13671.953731771133,3014.5666133482373,3014.5666133482373,0.0,22213.61178663945,link,0.0,0.0,0.0,0.0,0.0,0.0,12.119294590199713,12.119294590199713,0.0,26.791694197571196,26.791694197571196,0.0,0
34.0,2.0,14.0,184.0,40290.981728268656,40289.53408577645,1.4476424922008384,4807.99244961434,0.0,4807.99244961434,0.0,link,0.0,0.0,0.0,0.0,0.0,0.0,66.01666725947635,12.136259389738038,53.88040786973831,94.01677810453803,12.136259389738038,81.88051871479999,0
34.0,2.0,112.0,185.0,40084.67942148965,20069.25833080312,20015.421090686526,5879.593873458729,4738.491686036754,1141.1021874219755,14615.98862167376,ra,0.0,0.0,0.0,0.0,0.0,0.0,60.593978126180886,12.136259389738038,48.45771873644285,93.6120293233404,39.73162145360208,53.88040786973831,0
34.0,0.0,120.0,186.0,19233.978995985926,19233.978995985926,0.0,2388.1873644993475,2388.1873644993475,0.0,26934.149163868184,ra,0.0,0.0,0.0,0.0,0.0,0.0,39.73162145360208,39.73162145360208,0.0,53.639611456814585,53.639611456814585,0.0,0
34.0,2.0,20.0,187.0,42848.93314386101,20473.58046065553,22375.352683205478,2247.134627658472,2247.134627658472,0.0,38220.85948462789,link,0.0,0.0,0.0,0.0,0.0,0.0,102.3652693291171,53.639611456814585,48.72565787230252,115.18387708732766,66.7261583508848,48.45771873644285,0
35.0,2.0,0.0,188.0,13637.0,6766.0,6871.0,2412.026759499997,0.0,2412.026759499997,0.0,link,0.0,0.0,0.0,0.0,0.0,0.0,23.06922804663611,0.0,23.06922804663611,36.71594520310662,0.0,36.71594520310662,0
35.0,2.0,16.0,189.0,13637.0,6766.0,6871.0,2375.1670869999966,2375.1670869999966,0.0,35104.46295422166,link,0.0,0.0,0.0,0.0,0.0,0.0,23.36230965198416,0.0,23.36230965198416,36.901392387259534,13.832164340623427,23.06922804663611,0
36.0,2.0,15.0,190.0,63592.0,31158.0,32434.0,1263.5151210000006,0.0,1263.5151210000006,0.0,link,0.0,0.0,0.0,0.0,0.0,0.0,138.22875579448544,38.17861491767231,100.05014087681313,132.36033858527293,24.951915886438783,107.40842269883414,0
36.0,0.0,121.0,191.0,31158.0,31158.0,0.0,1862.7498720000008,1862.7498720000008,0.0,5978.406282256154,ra,0.0,0.0,0.0,0.0,0.0,0.0,24.951915886438783,24.951915886438783,0.0,11.92606760725284,11.92606760725284,0.0,0
36.0,1.0,122.0,192.0,32434.0,0.0,32434.0,2232.9998150000006,0.0,2232.9998150000006,6884.764105769136,ra,0.0,0.0,0.0,0.0,0.0,0.0,87.04591031858557,0.0,87.04591031858557,100.05014087681313,0.0,100.05014087681313,0
36.0,2.0,17.0,193.0,63592.0,31158.0,32434.0,1496.2071600000006,1496.2071600000006,0.0,10780.414990255447,link,0.0,0.0,0.0,0.0,0.0,0.0,100.83615913540956,11.92606760725284,88.91009152815671,106.6073323061229,19.56142198753733,87.04591031858557,0
37.0,2.0,16.0,194.0,61280.64411621449,31014.17446373309,30266.469652481403,3075.322007033439,0.0,3075.322007033439,0.0,link,0.0,0.0,0.0,0.0,0.0,0.0,116.26436346902543,39.28129691517075,76.98306655385467,97.64965035639798,34.49660926739972,63.15304108899826,0
37.0,0.0,117.0,195.0,31188.918197802075,31188.918197802075,0.0,476.2646699717726,476.2646699717726,0.0,1531.6015518302704,ra,0.0,0.0,0.0,0.0,0.0,0.0,34.49660926739972,34.49660926739972,0.0,37.270212531245534,37.270212531245534,0.0,0
37.0,2.0,18.0,196.0,64809.52507699492,32882.29003408458,31927.235042910343,2677.0230036732487,2677.0230036732487,0.0,9891.283544490125,link,0.0,0.0,0.0,0.0,0.0,0.0,131.06345674870687,37.270212531245534,93.79324421746135,129.84334949871814,52.860282944863464,76.98306655385467,0
38.0,2.0,17.0,197.0,73980.90840881804,36437.73642199968,37543.17198681836,8581.895963178365,0.0,8581.895963178365,0.0,link,0.0,0.0,0.0,0.0,0.0,0.0,84.66573185939265,32.03057786809137,52.63515399130128,132.6343160981762,32.03057786809137,100.60373823008483,0
38.0,1.0,118.0,198.0,38288.38488121995,0.0,38288.38488121995,3563.200636081027,0.0,3563.200636081027,5385.572941871728,ra,0.0,0.0,0.0,0.0,0.0,0.0,31.884286801094735,0.0,31.884286801094735,52.63515399130128,0.0,52.63515399130128,0
38.0,0.0,119.0,199.0,38355.566312925184,38355.566312925184,0.0,2619.00122524035,2619.00122524035,0.0,7097.786060466791,ra,0.0,0.0,0.0,0.0,0.0,0.0,32.03057786809137,32.03057786809137,0.0,46.77590057610764,46.77590057610764,0.0,0
38.0,1.0,123.0,200.0,41712.9401712972,0.0,41712.9401712972,2031.1114551113544,0.0,2031.1114551113544,14257.714169889843,ra,0.0,0.0,0.0,0.0,0.0,0.0,20.055785305350035,0.0,20.055785305350035,31.884286801094735,0.0,31.884286801094735,0
38.0,0.0,124.0,201.0,40728.86630783911,40728.86630783911,0.0,2848.889850605756,2848.889850605756,0.0,14300.505499646226,ra,0.0,0.0,0.0,0.0,0.0,0.0,46.77590057610764,46.77590057610764,0.0,60.22421854769806,60.22421854769806,0.0,0
38.0,2.0,22.0,202.0,105896.44285789959,51540.438437961006,54356.004419938574,8230.021979980831,8230.021979980831,0.0,31585.43416751235,link,0.0,0.0,0.0,0.0,0.0,0.0,89.71080316778773,60.22421854769806,29.486584620089676,128.20884943915993,108.15306413380989,20.055785305350035,0
39.0,2.0,17.0,203.0,25562.278853813234,12328.30028963884,13233.978564174393,1988.332963522788,0.0,1988.332963522788,0.0,link,0.0,0.0,0.0,0.0,0.0,0.0,53.47570075945603,32.13978285408688,21.33591790536915,62.31264041760708,29.397348384894244,32.915292032712834,0
39.0,2.0,24.0,204.0,21529.452943652228,10591.584479212725,10937.868464439502,1897.3687907956744,1897.3687907956744,0.0,17071.72988124704,link,0.0,0.0,0.0,0.0,0.0,0.0,50.733266290263394,29.397348384894244,21.33591790536915,57.32605659817245,35.9901386928033,21.33591790536915,0
40.0,2.0,18.0,205.0,25932.838407847834,12821.14586322636,13111.692544621475,1674.795944952231,0.0,1674.795944952231,0.0,link,0.0,0.0,0.0,0.0,0.0,0.0,64.38770019590643,45.19408440163316,19.193615794273274,64.89552706281003,35.948469974076374,28.94705708873366,0
40.0,2.0,26.0,206.0,22387.89451536771,11334.707010656924,11053.187504710784,1671.626697283136,1671.626697283136,0.0,13785.599210644326,link,0.0,0.0,0.0,0.0,0.0,0.0,60.96051112714541,35.948469974076374,25.01204115306903,61.20395221610285,42.01033642182958,19.193615794273274,0
41.0,2.0,18.0,207.0,65100.064380541284,32409.67765592153,32690.38672461976,8031.948343872269,0.0,8031.948343872269,0.0,link,0.0,0.0,0.0,0.0,0.0,0.0,123.91185289228281,52.458548767136904,71.4533041251459,154.82285322968602,45.184315877051716,109.63853735263429,0
41.0,1.0,126.0,208.0,33015.8306660751,0.0,33015.8306660751,515.7447983857179,0.0,515.7447983857179,1570.6218936678245,ra,0.0,0.0,0.0,0.0,0.0,0.0,75.07575190717507,0.0,75.07575190717507,71.4533041251459,0.0,71.4533041251459,0
41.0,0.0,125.0,209.0,32828.808927873586,32828.808927873586,0.0,517.979810454405,517.979810454405,0.0,1588.999800427482,ra,0.0,0.0,0.0,0.0,0.0,0.0,45.184315877051716,45.184315877051716,0.0,30.756899082367323,30.756899082367323,0.0,0
41.0,2.0,25.0,210.0,107717.84336110209,52411.86349298975,55305.979868112336,8019.395375229603,8019.395375229603,0.0,19664.682517120145,link,0.0,0.0,0.0,0.0,0.0,0.0,116.0307403031891,30.756899082367323,85.27384122082178,148.17586862750886,73.1001167203338,75.07575190717507,0
42.0,2.0,0.0,211.0,64323.0,34358.0,29965.000000000004,292.1437675,0.0,292.1437675,0.0,link,0.0,0.0,0.0,0.0,0.0,0.0,62.67262592040929,0.0,62.67262592040929,36.343268616168885,0.0,36.343268616168885,0
42.0,2.0,21.0,212.0,64323.0,34358.0,29965.0,334.9733210000001,334.9733210000001,0.0,974.9930872178356,link,0.0,0.0,0.0,0.0,0.0,0.0,81.89257933325636,0.0,81.89257933325636,64.62339647931289,1.9507705589035944,62.67262592040929,0
43.0,2.0,20.0,213.0,150198.49863614666,75767.44894346851,74431.04969267815,256.5387159589935,0.0,256.5387159589935,0.0,link,0.0,0.0,0.0,0.0,0.0,0.0,245.2032423965419,120.89858111170875,124.30466128483314,246.69723652364948,120.89858111170872,125.79865541194076,0
43.0,2.0,127.0,214.0,143910.62075712613,71622.8655725805,72287.75518454562,14695.550707760216,7361.674053195678,7333.876654564538,10005.69209126666,ra,6.0,0.0,6.0,196.80000000000007,149.371106836298,47.428893163702085,249.92213520067835,120.89858111170872,129.02355408896963,138.70401850407578,14.399357219242633,124.30466128483314,1
43.0,2.0,22.0,215.0,143835.3128743358,71573.22723597237,72262.08563836341,254.1351114407348,254.1351114407348,0.0,10360.675542503666,link,0.0,0.0,0.0,0.0,0.0,0.0,143.42291130821226,14.399357219242633,129.02355408896963,144.90290766106293,15.879353572093281,129.02355408896963,0
44.0,2.0,20.0,216.0,153959.0,74263.0,79696.0,3498.654400000002,0.0,3498.654400000002,0.0,link,0.0,0.0,0.0,0.0,0.0,0.0,206.62712380628105,117.604660899897,89.02246290638405,224.28060145854164,114.88316666208722,109.39743479645443,0
44.0,2.0,21.0,217.0,153959.0,74263.0,79696.0,3260.145700000001,3260.145700000001,0.0,4390.047146032249,link,0.0,0.0,0.0,0.0,0.0,0.0,203.90562956847128,114.88316666208722,89.02246290638406,214.02972929958773,125.00726639320368,89.02246290638405,0
45.0,2.0,20.0,218.0,62196.76002530598,32348.66402655705,29848.09599874893,1778.4316575225057,0.0,1778.4316575225057,0.0,link,0.0,0.0,0.0,0.0,0.0,0.0,87.94532852777203,56.49782879917934,31.447499728592703,98.02260078331489,56.218120659507285,41.80448012380759,0
45.0,2.0,129.0,219.0,59803.760630072626,31496.773292559403,28306.987337513223,6019.401556958648,3144.575633708264,2874.8259232503847,9849.378972750012,ra,0.0,0.0,0.0,0.0,0.0,0.0,70.92361312522996,56.218120659507285,14.705492465722674,105.97855811153049,74.53105838293779,31.447499728592703,0
45.0,2.0,27.0,220.0,59265.836631097605,31619.71560399585,27646.121027101755,2008.7677610146968,2008.7677610146968,0.0,16227.553730454052,link,0.0,0.0,0.0,0.0,0.0,0.0,89.23655084866046,74.53105838293779,14.705492465722674,100.9349302782932,86.22943781257052,14.705492465722674,0
46.0,2.0,21.0,221.0,122056.36331156333,58092.14471186193,63964.2185997014,6279.260644728073,0.0,6279.260644728073,0.0,link,0.0,0.0,0.0,0.0,0.0,0.0,173.97062821399948,83.29094937733518,90.6796788366643,210.5389040422035,83.29094937733518,127.24795466486832,0
46.0,2.0,23.0,222.0,131872.70614633957,62497.919354533005,69374.78679180656,5678.044393759095,5678.044393759095,0.0,9404.55520736285,link,0.0,0.0,0.0,0.0,0.0,0.0,173.97062821399948,83.29094937733518,90.6796788366643,200.95248722536033,110.27280838869603,90.6796788366643,0
47.0,2.0,22.0,223.0,38579.295537849815,18952.69215084102,19626.6033870088,1763.219166427337,0.0,1763.219166427337,0.0,link,0.0,0.0,0.0,0.0,0.0,0.0,69.0856084092815,22.43813771662263,46.64747069265888,78.86920746964937,21.953348749870603,56.91585871977876,0
47.0,2.0,128.0,224.0,35162.62482989687,17399.45971996509,17763.16510993178,7435.637995433931,3663.3854298437486,3772.2525655901823,19815.112780906624,ra,0.0,0.0,0.0,0.0,0.0,0.0,46.632504999655154,21.953348749870603,24.679156249784555,89.55250136707119,42.9050306744123,46.64747069265888,0
47.0,2.0,28.0,225.0,35062.11998304022,16961.141448801816,18100.9785342384,1675.651535543216,1675.651535543216,0.0,29618.33132225415,link,0.0,0.0,0.0,0.0,0.0,0.0,68.4498762807497,42.9050306744123,25.544845606337404,66.1109902520605,41.431834002275956,24.679156249784555,0
48.0,2.0,24.0,226.0,16009.999934388854,7856.999966820751,8152.999967568103,2252.387938481718,0.0,2252.387938481718,0.0,link,0.0,0.0,0.0,0.0,0.0,0.0,26.54126135884644,26.54126135884644,0.0,32.652706126107645,19.5355657386208,13.117140387486842,0
48.0,2.0,0.0,227.0,10228.9496360124,5180.369177535584,5048.580458476815,2203.4039084147803,2203.4039084147803,0.0,34790.83034290512,link,0.0,0.0,0.0,0.0,0.0,0.0,19.5355657386208,19.5355657386208,0.0,29.021918068752132,29.021918068752132,0.0,0
50.0,2.0,23.0,230.0,167288.29083468003,89420.76920845687,77867.52162622314,2077.529087866036,0.0,2077.529087866036,0.0,link,0.0,0.0,0.0,0.0,0.0,0.0,198.91127622282394,105.00361792395958,93.90765829886436,209.62527232544326,103.61879204345475,106.00648028198852,0
50.0,2.0,25.0,231.0,167733.1420677742,89424.56834914754,78308.57371862668,2379.090073396836,2379.090073396836,0.0,2660.513408818963,link,0.0,0.0,0.0,0.0,0.0,0.0,197.5264503423191,103.61879204345475,93.90765829886436,210.87299310700985,116.9653348081455,93.90765829886436,0
51.0,2.0,23.0,232.0,68004.42841151668,33685.47219088722,34318.956220629465,2606.4986391770226,0.0,2606.4986391770226,0.0,link,0.0,0.0,0.0,0.0,0.0,0.0,96.93878159987659,64.82232025576802,32.11646134410858,109.04864860147535,64.82232025576802,44.22632834570734,0
51.0,0.0,130.0,233.0,33100.995903315394,33100.995903315394,0.0,783.1629546866914,783.1629546866914,0.0,2344.9972799662905,ra,3.0,3.0,0.0,69.38319462709367,69.38319462709367,0.0,64.82232025576802,64.82232025576802,0.0,0.0,0.0,0.0,1
51.0,2.0,27.0,234.0,64426.23565632764,31754.48892503164,32671.746731296,1762.794004348873,1762.794004348873,0.0,7784.588682143257,link,0.0,0.0,0.0,0.0,0.0,0.0,35.324110812091575,0.0,35.324110812091575,42.38237337205649,10.265912027947909,32.11646134410858,0
53.0,2.0,24.0,237.0,26623.0,13216.0,13407.000000000002,1301.209681500001,0.0,1301.209681500001,0.0,link,0.0,0.0,0.0,0.0,0.0,0.0,52.44537129916943,29.748489617040697,22.696881682128733,58.26687941800685,29.748489617040697,28.518389800966155,0
53.0,2.0,28.0,238.0,26623.0,13216.0,13407.0,1282.6722719999998,1282.6722719999998,0.0,9705.486491353968,link,0.0,0.0,0.0,0.0,0.0,0.0,54.3558278766857,29.748489617040697,24.607338259645005,59.91521784536522,37.218336163236486,22.696881682128733,0
54.0,2.0,25.0,239.0,63790.74308365228,33602.55553767664,30188.187545975637,914.669079332492,0.0,914.669079332492,0.0,link,0.0,0.0,0.0,0.0,0.0,0.0,107.14076523446215,60.61036817287266,46.53039706158949,110.33678433695218,60.61036817287266,49.72641616407952,0
54.0,2.0,131.0,240.0,33762.441558617626,17029.212737248363,16733.228821369263,7185.418002340216,3714.280971775646,3471.13703056457,14118.05957838652,ra,0.0,0.0,0.0,0.0,0.0,0.0,86.92604513397568,60.61036817287266,26.315676961103016,128.7714728550125,82.24107579342301,46.53039706158949,0
54.0,2.0,26.0,241.0,32484.774457444895,16371.354345937669,16113.420111507226,929.5714925260236,929.5714925260236,0.0,19751.672738570145,link,0.0,0.0,0.0,0.0,0.0,0.0,113.650489999505,82.24107579342301,31.409414206081998,112.71033921456109,86.39466225345808,26.315676961103016,0
55.0,2.0,26.0,242.0,35611.19993600926,17306.49996896785,18304.699967041404,3651.9540270608895,0.0,3651.9540270608895,0.0,link,0.0,0.0,0.0,0.0,0.0,0.0,93.25128003377151,93.25128003377151,0.0,114.51901675140641,93.25128003377151,21.267736717634897,0
55.0,2.0,132.0,243.0,34335.6700861098,16687.900230609903,17647.769855499897,3806.716178738113,1850.014875297545,1956.701303440568,10714.232916978135,ra,9.0,0.0,9.0,115.42029882432857,104.02513671432833,11.39516211000024,93.25128003377151,93.25128003377151,0.0,0.0,0.0,0.0,1
55.0,2.0,0.0,244.0,9015.000278806967,4116.000142012323,4899.000136794644,3382.273931804988,3382.273931804988,0.0,47911.36687265736,link,0.0,0.0,0.0,0.0,0.0,0.0,0.0,0.0,0.0,19.697211672305905,19.697211672305905,0.0,0
56.0,2.0,27.0,245.0,67553.51728478492,34432.267085202984,33121.25019958193,2367.0237097169543,0.0,2367.0237097169543,0.0,link,0.0,0.0,0.0,0.0,0.0,0.0,76.89987722794788,68.57518193745037,8.324695290497512,90.68461731219656,68.57518193745037,22.109435374746198,0
56.0,1.0,134.0,246.0,28345.05378073905,0.0,28345.05378073905,1429.461201904893,0.0,1429.461201904893,14670.942506693847,ra,0.0,0.0,0.0,0.0,0.0,0.0,0.0,0.0,0.0,8.324695290497512,0.0,8.324695290497512,0
56.0,0.0,133.0,247.0,28758.648000424007,28758.648000424007,0.0,4635.222356187495,4635.222356187495,0.0,14715.488271793003,ra,0.0,0.0,0.0,0.0,0.0,0.0,68.57518193745037,68.57518193745037,0.0,95.56913858876922,95.56913858876922,0.0,0
56.0,2.0,135.0,248.0,47006.10408228616,24072.8864014428,22933.21768084336,5972.3380643838445,1468.7067383505575,4503.631326033287,20490.182643268578,ra,8.0,0.0,8.0,151.2220412586883,104.12238651993086,47.09965473875744,116.44117802743625,95.56913858876922,20.87203943866703,0.0,0.0,0.0,1
56.0,2.0,29.0,249.0,45237.32656378552,23422.054813020965,21815.27175076456,2510.3156903599324,2510.3156903599324,0.0,31051.51115001564,link,0.0,0.0,0.0,0.0,0.0,0.0,20.87203943866703,0.0,20.87203943866703,20.87203943866703,0.0,20.87203943866703,0
57.0,2.0,28.0,250.0,21608.0,10785.0,10823.000000000002,664.3049169999997,0.0,664.3049169999997,0.0,link,0.0,0.0,0.0,0.0,0.0,0.0,32.366671932015066,32.366671932015066,0.0,30.86326912653292,26.99458349404789,3.868685632485027,0
57.0,2.0,0.0,251.0,21608.0,10785.000000000002,10823.0,661.972515,661.972515,0.0,6137.906286244384,link,0.0,0.0,0.0,0.0,0.0,0.0,26.99458349404789,26.99458349404789,0.0,20.000429575802425,20.000429575802425,0.0,0
59.0,2.0,29.0,254.0,41763.642422810655,21836.31144790283,19927.330974907825,64.19229876066692,0.0,64.19229876066692,0.0,link,0.0,0.0,0.0,0.0,0.0,0.0,26.11411216436954,4.165024731819067,21.949087432550474,26.487946254072025,4.165024731819067,22.32292152225296,0
59.0,0.0,137.0,255.0,11226.947197214342,11226.947197214342,0.0,4281.442654724177,4281.442654724177,0.0,25939.716113189967,ra,0.0,0.0,0.0,0.0,0.0,0.0,4.165024731819067,4.165024731819067,0.0,0.0,0.0,0.0,0
59.0,1.0,138.0,256.0,8142.41876965786,0.0,8142.41876965786,3768.951031500648,0.0,3768.951031500648,26235.491957639333,ra,0.0,0.0,0.0,0.0,0.0,0.0,0.0,0.0,0.0,21.949087432550474,0.0,21.949087432550474,0
59.0,2.0,0.0,257.0,19030.167720862108,11064.89566740363,7965.272053458477,121.79539004601152,121.79539004601152,0.0,27032.750454879864,link,0.0,0.0,0.0,0.0,0.0,0.0,0.0,0.0,0.0,0.7092948787761493,0.7092948787761493,0.0,0
60.0,2.0,29.0,258.0,15204.999638753205,7325.999839362642,7878.999799390564,589.7618799510744,0.0,589.7618799510744,0.0,link,0.0,0.0,0.0,0.0,0.0,0.0,10.503357752028261,5.611893735671272,4.8914640163569905,8.420016788041492,0.09398040413708372,8.326036383904409,0
60.0,2.0,136.0,259.0,13825.298552554461,6712.4814864233695,7112.817066131092,1621.7030872016057,781.773481624616,839.9296055769897,10738.631570167296,ra,0.0,0.0,0.0,0.0,0.0,0.0,0.09398040413708372,0.09398040413708372,0.0,4.8914640163569905,0.0,4.8914640163569905,0
60.0,2.0,0.0,260.0,9900.001134069504,4967.000504292169,4933.000629777334,588.1442988228391,588.1442988228391,0.0,22135.2935483001,link,0.0,0.0,0.0,0.0,0.0,0.0,0.0,0.0,0.0,3.4251521258631588,3.4251521258631588,0.0,0
