Time of calculation: 20220106-114112; value of objective: 784863296429.023;  acc=27.333333333333332;  cfix=35000;  cvar=17750;  eta=0.014;  mu=0.1859430513361825;  i=
segment_id,dir,type_ID,POI_ID,traffic_flow,traffic_flow_0,traffic_flow_1,energy_demand,energy_demand_0,energy_demand_1,dist_along_segment,pois_type,pYi_dir,pYi_dir_0,pYi_dir_1,pE_charged,pE_charged_0,pE_charged_1,pE_input,pE_input_0,pE_input_1,pE_output,pE_output_0,pE_output_1,pXi
0.0,2.0,0.0,0.0,26540.63611205301,13243.023903864512,13297.612208188497,4423.921231438179,0.0,4423.921231438179,0.0,link,0.0,0.0,0.0,0.0,0.0,0.0,0.0,0.0,0.0,28.855020153625635,0.0,28.855020153625635,0
0.0,2.0,1.0,1.0,26594.77697992819,13269.441574912722,13325.335405015468,810.0039769207759,31.774775427221,778.2292014935549,239.71582410116363,ra,6.0,0.0,6.0,98.77403740413774,0.20725092906577958,98.56678647507196,93.49078757761052,0.0,93.49078757761052,0.0,0.0,0.0,1
0.0,2.0,0.0,2.0,45891.071384772644,24132.535484801192,21758.535899971448,10453.078391900737,5371.86342144895,5081.214970451788,24427.46216029796,ra,0.0,0.0,0.0,0.0,0.0,0.0,60.34856991438459,0.0,60.34856991438459,128.52875936311696,35.037971785506436,93.49078757761052,0
0.0,1.0,2.0,3.0,5594.606273434111,0.0,5594.606273434111,2065.9854049899545,0.0,2065.9854049899545,68504.60131061138,ra,0.0,0.0,0.0,0.0,0.0,0.0,46.87318294898387,0.0,46.87318294898387,60.34856991438459,0.0,60.34856991438459,0
0.0,0.0,3.0,4.0,4553.083889317481,4553.083889317481,0.0,7187.448325138304,7187.448325138304,0.0,79329.13749040988,ra,0.0,0.0,0.0,0.0,0.0,0.0,35.037971785506436,35.037971785506436,0.0,81.91809361072858,81.91809361072858,0.0,0
0.0,2.0,4.0,5.0,7895.539602766943,4645.32330643337,3250.2162963335736,2342.9750495919843,1038.6617908113935,1304.3132587805906,104473.7124161702,ra,3.0,0.0,3.0,0.0,0.0,0.0,120.2838951214313,81.91809361072858,38.36580151070272,135.56594666316735,88.69276371418349,46.87318294898387,1
0.0,2.0,5.0,6.0,19815.36822147169,9562.72950758806,10252.63871388363,7959.026265117185,2076.9550358924675,5882.071229224718,133409.21035475997,ra,0.0,0.0,0.0,0.0,0.0,0.0,88.69276371418349,88.69276371418349,0.0,140.6055015927764,102.23970008207367,38.36580151070272,0
0.0,2.0,6.0,7.0,38420.41317046725,19234.66349454688,19185.749675920368,10291.73164091456,4957.101208651553,5334.630432263007,173065.41379977632,ra,4.0,0.0,4.0,157.84204431256344,81.91809361072858,75.92395070183487,143.3685311192096,102.23970008207367,41.128831037135924,52.65429229376023,52.65429229376023,0.0,1
0.0,1.0,7.0,8.0,21229.45737990749,0.0,21229.45737990749,31.90719068892483,0.0,31.90719068892483,176940.22069628988,ra,0.0,0.0,0.0,0.0,0.0,0.0,40.920716429707625,0.0,40.920716429707625,41.128831037135924,0.0,41.128831037135924,0
0.0,2.0,0.0,9.0,50605.7308716768,25638.902393873523,24966.82847780328,5210.178551742356,5210.178551742356,0.0,194059.96494613093,link,0.0,0.0,0.0,0.0,0.0,0.0,93.57500872346785,52.65429229376023,40.920716429707625,127.55839116846666,86.63767473875903,40.920716429707625,0
1.0,2.0,0.0,10.0,41635.269674683135,21021.62675530025,20613.64291938288,39.776186500955454,0.0,39.776186500955454,0.0,link,0.0,0.0,0.0,0.0,0.0,0.0,67.60827416594512,67.60827416594512,0.0,67.86771428774546,67.60827416594512,0.2594401218003423,0
1.0,2.0,8.0,11.0,39859.943598360216,20128.71002741653,19731.23357094369,2276.328443367862,1715.7273142405495,560.6011291273123,8218.215919324155,ra,6.0,0.0,6.0,112.44629294863469,78.79910321568448,33.6471897329502,97.59894380442358,67.60827416594512,29.990669638478458,0.0,0.0,0.0,1
1.0,0.0,9.0,12.0,15021.9786197919,15021.9786197919,0.0,1426.8426564048834,1426.8426564048834,0.0,16747.064047816148,ra,0.0,0.0,0.0,0.0,0.0,0.0,0.0,0.0,0.0,9.30657926593126,9.30657926593126,0.0,0
1.0,2.0,10.0,13.0,29629.27020666332,14994.151703987822,14635.1185026755,191.32891529796464,24.711112058686385,166.61780323927826,16911.740762175257,ra,0.0,0.0,0.0,0.0,0.0,0.0,38.21048451171296,9.30657926593126,28.9039052457817,39.458427098859644,9.467757460381186,29.990669638478458,0
1.0,2.0,14.0,14.0,23126.81664543996,11846.335117703364,11280.481527736596,2715.588968665061,1386.7595429137232,1328.829425751338,27721.26496153286,ra,0.0,0.0,0.0,0.0,0.0,0.0,29.704374602500035,9.467757460381186,20.23661714211885,38.37166270616289,9.467757460381186,28.9039052457817,0
1.0,1.0,13.0,15.0,11337.261932088282,0.0,11337.261932088282,1420.2485369302626,0.0,1420.2485369302626,29194.630965596883,ra,0.0,0.0,0.0,0.0,0.0,0.0,10.97304801140054,0.0,10.97304801140054,20.23661714211885,0.0,20.23661714211885,0
1.0,0.0,12.0,16.0,11885.52653584708,11885.52653584708,0.0,208.50481099773148,208.50481099773148,0.0,29478.47368022978,ra,0.0,0.0,0.0,0.0,0.0,0.0,9.467757460381186,9.467757460381186,0.0,9.30657926593126,9.30657926593126,0.0,0
1.0,0.0,15.0,17.0,11960.17018283512,11960.17018283512,0.0,465.471180470787,465.471180470787,0.0,33381.72336961185,ra,0.0,0.0,0.0,0.0,0.0,0.0,9.30657926593126,9.30657926593126,0.0,12.342614400998553,12.342614400998553,0.0,0
1.0,2.0,16.0,18.0,23460.93532657191,11970.385389125157,11490.549937446756,1768.6682817168698,86.33017164884411,1682.3381100680258,34103.26049306036,ra,0.0,0.0,0.0,0.0,0.0,0.0,12.342614400998553,12.342614400998553,0.0,23.315662412399092,12.342614400998553,10.97304801140054,0
1.0,2.0,0.0,19.0,23472.95328481904,11974.880939958675,11498.072344860364,41.43137038083431,41.43137038083431,0.0,34449.34645750041,link,0.0,0.0,0.0,0.0,0.0,0.0,12.342614400998553,12.342614400998553,0.0,0.2702360563826436,0.2702360563826436,0.0,0
2.0,2.0,0.0,20.0,68929.16895257494,33758.81379308793,35170.35515948701,2037.3044909279515,0.0,2037.3044909279515,0.0,link,0.0,0.0,0.0,0.0,0.0,0.0,115.42393757710074,53.540188792422995,61.88374878467775,128.71225331993938,53.540188792423,75.17206452751638,0
2.0,1.0,11.0,21.0,34398.2821383792,0.0,34398.2821383792,0.1779942533838276,0.0,0.1779942533838276,2598.411645460739,ra,0.0,0.0,0.0,0.0,0.0,0.0,61.88258781740461,0.0,61.88258781740461,61.88374878467775,0.0,61.88374878467775,0
2.0,0.0,17.0,22.0,24285.97411997901,24285.97411997901,0.0,5629.753466227842,5629.753466227842,0.0,19826.030918871555,ra,0.0,0.0,0.0,0.0,0.0,0.0,53.540188792423,53.540188792423,0.0,90.26024804066105,90.26024804066105,0.0,0
2.0,1.0,18.0,23.0,24186.0911430872,0.0,24186.0911430872,4128.069297151063,0.0,4128.069297151063,19924.554475399083,ra,0.0,0.0,0.0,0.0,0.0,0.0,34.95726149866867,0.0,34.95726149866867,61.88258781740461,0.0,61.88258781740461,0
2.0,0.0,19.0,24.0,24395.8043620461,24395.8043620461,0.0,1107.9496170791724,1107.9496170791724,0.0,24376.283905318956,ra,0.0,0.0,0.0,0.0,0.0,0.0,90.26024804066105,90.26024804066105,0.0,97.48684789574666,97.48684789574666,0.0,0
2.0,0.0,20.0,25.0,18382.744960495544,18382.744960495544,0.0,3193.5958308596214,3193.5958308596214,0.0,38424.04808590371,ra,0.0,0.0,0.0,0.0,0.0,0.0,97.48684789574666,97.48684789574666,0.0,118.31707231455522,118.31707231455522,0.0,0
2.0,1.0,21.0,26.0,18491.613365488807,0.0,18491.613365488807,4453.992496188428,0.0,4453.992496188428,38987.68062551749,ra,0.0,0.0,0.0,0.0,0.0,0.0,5.906101562027205,0.0,5.906101562027205,34.95726149866867,0.0,34.95726149866867,0
2.0,2.0,22.0,27.0,37060.49951410931,18323.84940673533,18736.65010737398,9037.685965220891,4162.991831646682,4874.69413357421,60686.533174562566,ra,7.0,0.0,7.0,177.26536660500534,145.47018081655557,31.795185788449785,124.22317387658242,118.31707231455522,5.906101562027205,5.906101562027205,0.0,5.906101562027205,1
2.0,2.0,23.0,28.0,37058.90292655935,18323.112740357166,18735.790186202183,905.6708621966342,0.1740732089699103,905.4967889876642,60687.52230976862,ra,0.0,0.0,0.0,0.0,0.0,0.0,0.0,0.0,0.0,5.906101562027205,0.0,5.906101562027205,0
2.0,2.0,0.0,29.0,23931.60016336258,12393.941571693274,11537.658591669302,2066.8759536088314,2066.8759536088314,0.0,74788.45855603463,link,0.0,0.0,0.0,0.0,0.0,0.0,0.0,0.0,0.0,13.48119556754374,13.48119556754374,0.0,0
3.0,2.0,0.0,30.0,27844.0,14880.0,12964.0,276.638796,0.0,276.638796,0.0,link,0.0,0.0,0.0,0.0,0.0,0.0,0.0,0.0,0.0,1.804376166810663,0.0,1.804376166810663,0
3.0,0.0,24.0,31.0,14880.0,14880.0,0.0,43.31568,43.31568,0.0,291.13911748382634,ra,0.0,0.0,0.0,0.0,0.0,0.0,0.0,0.0,0.0,0.2825264632846266,0.2825264632846266,0.0,0
3.0,1.0,25.0,32.0,12963.999999999998,0.0,12963.999999999998,50.78647,0.0,50.78647,391.7896627176565,ra,0.0,0.0,0.0,0.0,0.0,0.0,7.558476864361066,0.0,7.558476864361066,0.0,0.0,0.0,0
3.0,2.0,1.0,33.0,27844.0,14880.000000000002,12964.0,332.50104000000005,332.50104000000005,0.0,2525.7146416492456,link,0.0,0.0,0.0,0.0,0.0,0.0,20.086309098949744,0.2825264632846266,19.80378263566512,10.00974090419211,2.4512640398310444,7.558476864361066,0
4.0,2.0,1.0,34.0,59761.3086274698,30037.341974575906,29723.966652893894,2541.480423000085,0.0,2541.480423000085,0.0,link,0.0,0.0,0.0,0.0,0.0,0.0,36.41452903294257,36.41452903294257,0.0,52.991331599988285,36.41452903294257,16.576802567045714,0
4.0,1.0,29.0,35.0,19741.19620746718,0.0,19741.19620746718,941.1307808897812,0.0,941.1307808897812,27421.918402146952,ra,7.0,0.0,7.0,110.06744006098127,0.0,110.06744006098127,103.9289158357333,0.0,103.9289158357333,0.0,0.0,0.0,1
4.0,0.0,28.0,36.0,20188.77400206591,20188.77400206591,0.0,6913.407817081132,6913.407817081132,0.0,27456.275537656256,ra,0.0,0.0,0.0,0.0,0.0,0.0,36.41452903294257,36.41452903294257,0.0,81.50722202089112,81.50722202089112,0.0,0
4.0,2.0,31.0,37.0,24242.046721440067,16011.081415437498,8230.965306002568,10336.618270691582,5459.807289653861,4876.810981037721,57952.436449648114,ra,0.0,0.0,0.0,0.0,0.0,0.0,153.62714493350242,81.50722202089112,72.1199229126113,221.04772340166326,117.11880756592996,103.9289158357333,0
4.0,2.0,30.0,38.0,24222.436414627213,16010.688472387346,8211.747942239866,2097.1816748164333,3.698514594089785,2093.4831602223435,57975.56024030675,ra,7.0,0.0,7.0,81.50722202089112,81.50722202089112,0.0,175.58398944241895,117.11880756592996,58.465181876489,107.75563201400837,35.63570910139707,72.1199229126113,1
4.0,2.0,35.0,39.0,21337.90578167672,10925.606078379402,10412.299703297318,4724.821457700606,2596.3850909026173,2128.436366797988,78476.45534742385,ra,0.0,0.0,0.0,0.0,0.0,0.0,80.21816769989954,35.63570910139707,44.58245859850247,111.0358091658875,52.5706272893985,58.465181876489,0
4.0,0.0,40.0,40.0,10876.999998084551,10876.999998084551,0.0,1976.660743966538,1976.660743966538,0.0,96645.26673532616,ra,0.0,0.0,0.0,0.0,0.0,0.0,52.5706272893985,52.5706272893985,0.0,65.4633942760053,65.4633942760053,0.0,0
4.0,1.0,41.0,41.0,10239.998724530997,0.0,10239.998724530997,1817.260584824645,0.0,1817.260584824645,99246.70723666706,ra,0.0,0.0,0.0,0.0,0.0,0.0,32.72937893088421,0.0,32.72937893088421,44.58245859850247,0.0,44.58245859850247,0
4.0,2.0,42.0,42.0,15349.448623427987,7293.1561007636,8056.292522664386,2244.8438549829234,2242.944719983224,1.8991349996993472,124531.18468963404,ra,7.0,0.0,7.0,136.71843425567613,65.4633942760053,71.25503997967081,169.4354260811342,65.4633942760053,103.97203180512889,47.35898278518795,14.629603854303737,32.72937893088421,1
4.0,2.0,45.0,43.0,29499.999782114108,14928.999812810407,14570.9999693037,9965.395457829238,4949.374190304771,5016.021267524467,160563.71538932095,ra,0.0,0.0,0.0,0.0,0.0,0.0,85.88464383397455,14.629603854303737,71.25503997967081,150.88392201529774,46.91189021016885,103.97203180512889,0
4.0,2.0,49.0,44.0,29501.249670962527,14929.610924790286,14571.63874617224,7771.3951170941245,964.2534476850196,6807.141669409105,167022.61670697512,ra,0.0,0.0,0.0,0.0,0.0,0.0,73.76735800407315,46.91189021016885,26.85546779390429,124.45627197748922,53.20123199781841,71.25503997967081,0
4.0,2.0,2.0,45.0,37135.97924873808,18661.98985536135,18473.98939337673,2580.116572311374,2580.116572311374,0.0,182066.4548482201,link,0.0,0.0,0.0,0.0,0.0,0.0,80.0566997917227,53.20123199781841,26.85546779390429,96.88550658956555,70.03003879566127,26.85546779390429,0
5.0,2.0,1.0,46.0,68793.7826224039,33913.44536880647,34880.33725359744,3843.82209257494,0.0,3843.82209257494,0.0,link,0.0,0.0,0.0,0.0,0.0,0.0,38.70370325582054,13.292391255765509,25.411312000055034,63.775027573261944,13.292391255765509,50.482636317496436,0
5.0,1.0,26.0,47.0,36003.524001333615,0.0,36003.524001333615,3895.947466930393,0.0,3895.947466930393,10624.424038435742,ra,0.0,0.0,0.0,0.0,0.0,0.0,0.0,0.0,0.0,25.411312000055034,0.0,25.411312000055034,0
5.0,0.0,27.0,48.0,32653.80091590929,32653.80091590929,0.0,4178.141771103933,4178.141771103933,0.0,12028.538687185455,ra,0.0,0.0,0.0,0.0,0.0,0.0,13.292391255765509,13.292391255765509,0.0,40.54431521705989,40.54431521705989,0.0,0
5.0,2.0,32.0,49.0,33127.66797826424,16315.8916479239,16811.776330340337,9152.204545843142,5870.836452837575,3281.368093005566,39273.39357565199,ra,8.0,0.0,8.0,262.9030646094344,78.83683791421396,184.06622669522045,203.20782303422317,40.54431521705989,162.6635078171633,0.0,0.0,0.0,1
5.0,1.0,36.0,50.0,15728.354223345885,0.0,15728.354223345885,1275.7622080104995,0.0,1275.7622080104995,47330.36386477938,ra,0.0,0.0,0.0,0.0,0.0,0.0,154.34235056830116,0.0,154.34235056830116,162.6635078171633,0.0,162.6635078171633,0
5.0,0.0,39.0,51.0,16181.036957810447,16181.036957810447,0.0,2402.71193975453,2402.71193975453,0.0,54808.46507060479,ra,0.0,0.0,0.0,0.0,0.0,0.0,0.0,0.0,0.0,15.67168532574329,15.67168532574329,0.0,0
5.0,1.0,43.0,52.0,15425.054197747386,0.0,15425.054197747386,6550.9163885109065,0.0,6550.9163885109065,67696.58292643339,ra,0.0,0.0,0.0,0.0,0.0,0.0,111.61400742514182,0.0,111.61400742514182,154.34235056830116,0.0,154.34235056830116,0
5.0,0.0,44.0,53.0,16743.940970134765,16743.940970134765,0.0,2188.52376611744,2188.52376611744,0.0,67916.71774036821,ra,0.0,0.0,0.0,0.0,0.0,0.0,15.67168532574329,15.67168532574329,0.0,29.946328583231377,29.946328583231377,0.0,0
5.0,1.0,50.0,54.0,23926.865751230227,0.0,23926.865751230227,3865.032082238866,0.0,3865.032082238866,86150.64463711552,ra,0.0,0.0,0.0,0.0,0.0,0.0,86.40434097925979,0.0,86.40434097925979,111.61400742514182,0.0,111.61400742514182,0
5.0,0.0,51.0,55.0,23976.591723992253,23976.591723992253,0.0,3863.210440192499,3863.210440192499,0.0,86198.21188888987,ra,0.0,0.0,0.0,0.0,0.0,0.0,29.946328583231377,29.946328583231377,0.0,55.14411337136889,55.14411337136889,0.0,0
5.0,2.0,4.0,56.0,48295.998738473485,24204.99925545633,24090.99948301716,3849.659028767285,3849.659028767285,0.0,102115.05106186114,link,0.0,0.0,0.0,0.0,0.0,0.0,141.54845435062867,55.14411337136889,86.40434097925979,166.65785007636475,80.25350909710497,86.40434097925979,0
6.0,2.0,0.0,57.0,17593.52882743976,9370.089853693322,8223.438973746437,3280.588971659345,0.0,3280.588971659345,0.0,link,0.0,0.0,0.0,0.0,0.0,0.0,0.0,0.0,0.0,21.397637060146923,0.0,21.397637060146923,0
6.0,0.0,34.0,58.0,9440.700126436834,9440.700126436834,0.0,115.62791616056612,115.62791616056612,0.0,1229.5619294335402,ra,0.0,0.0,0.0,0.0,0.0,0.0,0.0,0.0,0.0,0.7541829242855258,0.7541829242855258,0.0,0
6.0,0.0,33.0,59.0,9685.754071387502,9685.754071387502,0.0,302.82244713524466,302.82244713524466,0.0,4398.318016945725,ra,0.0,0.0,0.0,0.0,0.0,0.0,0.7541829242855258,0.7541829242855258,0.0,2.72934191964971,2.72934191964971,0.0,0
6.0,1.0,38.0,60.0,13533.136089729269,0.0,13533.136089729269,3267.2679643300085,0.0,3267.2679643300085,19100.037855584003,ra,0.0,0.0,0.0,0.0,0.0,0.0,0.0,0.0,0.0,0.0,0.0,0.0,0
6.0,0.0,37.0,61.0,14150.210375121094,14150.210375121094,0.0,1803.67381185194,1803.67381185194,0.0,19123.313502380493,ra,0.0,0.0,0.0,0.0,0.0,0.0,2.72934191964971,2.72934191964971,0.0,14.493801879221614,14.493801879221614,0.0,0
6.0,2.0,48.0,62.0,30972.88424037613,15986.27621540026,14986.608024975872,5468.198643546355,3421.909443445684,2046.2892001006717,42213.94659999393,ra,4.0,0.0,4.0,115.70868689206696,36.813201522421814,78.89548536964516,80.04236875279398,14.493801879221614,65.54856687357236,0.0,0.0,0.0,1
6.0,2.0,3.0,63.0,43852.38298306345,22912.25382809093,20940.12915497252,3553.9006048965416,3553.9006048965416,0.0,60876.22424217983,link,0.0,0.0,0.0,0.0,0.0,0.0,65.54856687357236,0.0,65.54856687357236,88.72887868598104,23.18031181240869,65.54856687357236,0
7.0,2.0,0.0,64.0,11819.728833092571,5668.999528653672,6150.729304438899,2312.6327385691666,0.0,2312.6327385691666,0.0,link,0.0,0.0,0.0,0.0,0.0,0.0,0.0,0.0,0.0,15.084143859779807,0.0,15.084143859779807,0
7.0,2.0,46.0,65.0,16750.439961073742,8281.792263693602,8468.64769738014,443.91171562073237,439.3743632250341,4.537352395698317,6667.955447556553,ra,7.0,0.0,7.0,49.200067162230624,0.0,49.200067162230624,49.170472287463966,0.0,49.170472287463966,2.865818680438672,2.865818680438672,0.0,1
7.0,2.0,47.0,66.0,16803.00194301874,8309.644744099518,8493.35719891922,469.008092957891,4.438227533612364,464.56986542427865,6721.474926778252,ra,0.0,0.0,0.0,0.0,0.0,0.0,49.0061346589878,2.865818680438672,46.140315978549125,52.065239300892536,2.894767013428572,49.170472287463966,0
7.0,2.0,2.0,67.0,31479.264687684805,14962.675134733858,16516.589552950947,2176.386974618303,2176.386974618303,0.0,25294.541879356693,link,0.0,0.0,0.0,0.0,0.0,0.0,49.035082991977696,2.894767013428572,46.140315978549125,63.230564043588515,17.090248065039386,46.140315978549125,0
8.0,2.0,2.0,68.0,14782.369584642798,7482.847541600488,7299.522043042311,571.5351732524385,0.0,571.5351732524385,0.0,link,0.0,0.0,0.0,0.0,0.0,0.0,26.52125563457856,22.862519569152436,3.6587360654261243,30.249093016833157,22.862519569152436,7.38657344768072,0
8.0,2.0,52.0,69.0,9208.206367128356,4168.183876582084,5040.022490546272,1091.488655298786,530.5477835235342,560.9408717752517,9055.824498122218,ra,6.0,0.0,6.0,26.323016758216575,26.323016758216575,4.440892098500626e-16,22.862519569152436,22.862519569152436,0.0,3.6587360654261243,0.0,3.6587360654261243,1
8.0,2.0,0.0,70.0,9708.89067456805,5120.673657931851,4588.2170166362,557.603815055505,557.603815055505,0.0,21173.685305885127,link,0.0,0.0,0.0,0.0,0.0,0.0,0.0,0.0,0.0,3.6369701175566638,3.6369701175566638,0.0,0
9.0,2.0,2.0,71.0,31818.423136170015,16104.883545196824,15713.539590973189,3261.4825971182563,0.0,3261.4825971182563,0.0,link,0.0,0.0,0.0,0.0,0.0,0.0,54.06666554699585,36.994119136113014,17.07254641088284,75.33968130545051,36.99411913611302,38.3455621693375,0
9.0,2.0,55.0,72.0,36693.05587768159,18116.80864806472,18576.24722961687,5325.486521774037,2708.000893980142,2617.485627793895,15445.371783397328,ra,6.0,0.0,6.0,81.04767108873926,54.65705124632846,26.390619842410807,63.38473897852383,36.99411913611302,26.390619842410807,17.07254641088284,0.0,17.07254641088284,1
9.0,2.0,7.0,73.0,31601.85426430268,15291.911788888328,16309.942475414353,3142.329967824336,3142.329967824336,0.0,33157.12684688381,link,0.0,0.0,0.0,0.0,0.0,0.0,26.390619842410807,0.0,26.390619842410807,46.88646274001057,20.495842897599765,26.390619842410807,0
10.0,2.0,3.0,74.0,31606.669563938915,16070.547455207432,15536.122108731484,43.81406893215462,0.0,43.81406893215462,0.0,link,0.0,0.0,0.0,0.0,0.0,0.0,59.81718730673977,57.74128655587378,2.075900750865991,60.102964511149594,57.74128655587378,2.3616779552758143,0
10.0,2.0,53.0,75.0,20482.292071415013,10386.965680851748,10095.326390563265,3859.9783717818373,1960.6175793947991,1899.3607923870384,14793.406531478646,ra,4.0,0.0,4.0,112.09322561233775,66.13474054508185,45.95848506725589,93.38709421535665,57.74128655587378,35.645807659482884,6.470572229388715,4.394671478522723,2.075900750865991,1
10.0,2.0,4.0,76.0,20473.61899569675,10382.534499411437,10091.084496285315,45.07964033000498,45.07964033000498,0.0,15227.535521101405,link,0.0,0.0,0.0,0.0,0.0,0.0,40.04047913800561,4.394671478522723,35.645807659482884,40.334511030119025,4.688703370636142,35.645807659482884,0
11.0,2.0,3.0,77.0,48420.054142922716,24599.82318293021,23820.230959992503,1269.8213138175106,0.0,1269.8213138175106,0.0,link,0.0,0.0,0.0,0.0,0.0,0.0,117.81582039823752,14.175182255563499,103.64063814267402,126.09822817288861,14.175182255563499,111.92304591732511,0
11.0,2.0,54.0,78.0,48814.99317229718,24295.434711773956,24519.55846052323,3388.4082292149897,1701.6312773650386,1686.7769518499513,6967.487148144968,ra,0.0,0.0,0.0,0.0,0.0,0.0,106.8138200474133,14.175182255563499,92.6386377918498,128.91470806682418,25.274069924150155,103.64063814267402,0
11.0,1.0,56.0,79.0,22284.926619444108,0.0,22284.926619444108,1685.094433220274,0.0,1685.094433220274,14053.388239050711,ra,0.0,0.0,0.0,0.0,0.0,0.0,81.64761166647587,0.0,81.64761166647587,92.6386377918498,0.0,92.6386377918498,0
11.0,2.0,5.0,80.0,42919.8251598076,21285.35848456856,21634.466675239044,2910.8952617885475,2910.8952617885475,0.0,19878.69006465457,link,0.0,0.0,0.0,0.0,0.0,0.0,106.92168159062602,25.274069924150155,81.64761166647587,125.90799193609666,44.26038026962079,81.64761166647587,0
12.0,2.0,4.0,81.0,53131.67233206281,26537.18348117461,26594.4888508882,1562.324430007989,0.0,1562.324430007989,0.0,link,0.0,0.0,0.0,0.0,0.0,0.0,176.45917857668292,70.26834721423846,106.19083136244444,164.13655546251601,64.603077796116,99.53347766640003,0
12.0,0.0,58.0,82.0,22288.895823895957,22288.895823895957,0.0,3364.25769729557,3364.25769729557,0.0,13722.635716121396,ra,0.0,0.0,0.0,0.0,0.0,0.0,64.603077796116,64.603077796116,0.0,86.5464440042651,86.5464440042651,0.0,0
12.0,1.0,57.0,83.0,22492.6689728353,0.0,22492.6689728353,3393.592303197099,0.0,3393.592303197099,13775.369179933106,ra,0.0,0.0,0.0,0.0,0.0,0.0,84.05613022760814,0.0,84.05613022760814,106.19083136244444,0.0,106.19083136244444,0
12.0,2.0,5.0,84.0,44751.07719214048,22273.03927625819,22478.037915882287,1559.840879232986,1559.840879232986,0.0,20725.095833182608,link,0.0,0.0,0.0,0.0,0.0,0.0,170.60257423187323,86.5464440042651,84.05613022760814,180.7766342234624,96.72050399585424,84.05613022760814,0
13.0,2.0,4.0,85.0,25987.610544625633,13119.378445562592,12868.232099063043,1205.3834904693945,0.0,1205.3834904693945,0.0,link,0.0,0.0,0.0,0.0,0.0,0.0,109.38839394321812,54.70385019238908,54.68454375082904,113.10260203921425,50.555946127985166,62.546655911229074,0
13.0,2.0,59.0,86.0,13974.00634747334,7033.004117758563,6941.002229714777,6883.850493770728,3777.525971618388,3106.32452215234,36309.89528647439,ra,0.0,0.0,0.0,0.0,0.0,0.0,84.97949245113887,50.555946127985166,34.4235463231537,122.90099215442231,68.21644840359326,54.68454375082904,0
13.0,1.0,63.0,87.0,7362.494657393186,0.0,7362.494657393186,661.497609325267,0.0,661.497609325267,54986.89266391457,ra,0.0,0.0,0.0,0.0,0.0,0.0,30.108929075221695,0.0,30.108929075221695,34.4235463231537,0.0,34.4235463231537,0
13.0,0.0,62.0,88.0,7963.314490087364,7963.314490087364,0.0,1395.6084792930023,1395.6084792930023,0.0,55258.29185590623,ra,0.0,0.0,0.0,0.0,0.0,0.0,68.21644840359326,68.21644840359326,0.0,73.18638826357088,73.18638826357088,0.0,0
13.0,2.0,70.0,89.0,20915.585370117602,10623.723419117588,10291.861951000015,6679.2986941238505,3389.0040936651603,3290.29460045869,85720.88488710183,ra,0.0,0.0,0.0,0.0,0.0,0.0,81.83437532813737,73.18638826357088,8.647987064566498,125.40009188326097,95.29116280803927,30.108929075221695,0
13.0,1.0,71.0,90.0,10312.666692975632,0.0,10312.666692975632,1325.8702777004075,0.0,1325.8702777004075,92148.0377185692,ra,0.0,0.0,0.0,0.0,0.0,0.0,0.0,0.0,0.0,8.647987064566498,0.0,8.647987064566498,0
13.0,0.0,75.0,91.0,10865.41330620228,10865.41330620228,0.0,2225.2267853650983,2225.2267853650983,0.0,106351.19825280692,ra,0.0,0.0,0.0,0.0,0.0,0.0,95.29116280803927,95.29116280803927,0.0,109.80520145814057,109.80520145814057,0.0,0
13.0,2.0,80.0,92.0,21769.313571554885,10924.77173173255,10844.541839822334,5231.405901354321,1587.860206417783,3643.5456949365375,121274.1282993086,ra,7.0,0.0,7.0,166.92468447071641,120.16201747279423,46.762666997922175,132.80284666703977,109.80520145814057,22.99764520889919,0.0,0.0,0.0,1
13.0,2.0,8.0,93.0,20326.83796736937,10049.65492309056,10277.18304427881,1199.9706688262263,1199.9706688262263,0.0,132616.96921985535,link,0.0,0.0,0.0,0.0,0.0,0.0,22.99764520889919,0.0,22.99764520889919,30.82445224756883,7.826807038669637,22.99764520889919,0
14.0,2.0,5.0,94.0,94497.82264774677,47019.26687675304,47478.55577099372,936.3425207579636,0.0,936.3425207579636,0.0,link,0.0,0.0,0.0,0.0,0.0,0.0,260.6969962876482,121.0407157320782,139.65628055556996,266.8042890927654,121.04071573207817,145.7635733606872,0
14.0,0.0,61.0,95.0,46935.18990316021,46935.18990316021,0.0,2174.788745042169,2174.788745042169,0.0,4629.482620571615,ra,0.0,0.0,0.0,0.0,0.0,0.0,121.04071573207817,121.04071573207817,0.0,135.2257723334746,135.2257723334746,0.0,0
14.0,1.0,60.0,96.0,47664.75200387175,0.0,47664.75200387175,2204.32457448694,0.0,2204.32457448694,4633.73189838993,ra,0.0,0.0,0.0,0.0,0.0,0.0,125.27857654720196,0.0,125.27857654720196,139.65628055556996,0.0,139.65628055556996,0
14.0,2.0,6.0,97.0,94641.69117202783,46900.62074452682,47741.07042750101,922.9194205020584,922.9194205020584,0.0,6596.600389256655,link,0.0,0.0,0.0,0.0,0.0,0.0,260.50434888067656,135.2257723334746,125.27857654720196,258.9094815163677,133.63090496916575,125.27857654720196,0
15.0,2.0,6.0,98.0,75207.49134104664,44538.30191090561,30669.189430141025,1884.850151816533,0.0,1884.850151816533,0.0,link,0.0,0.0,0.0,0.0,0.0,0.0,201.89134423226136,159.39358541614857,42.497758816112785,146.36807999365112,91.57638865208297,54.79169134156815,0
15.0,1.0,64.0,99.0,16721.32745245393,0.0,16721.32745245393,6515.564241999581,0.0,6515.564241999581,25738.743223846097,ra,0.0,0.0,0.0,0.0,0.0,0.0,0.0,0.0,0.0,42.497758816112785,0.0,42.497758816112785,0
15.0,0.0,65.0,100.0,16271.068415411031,16271.068415411031,0.0,7891.47329091754,7891.47329091754,0.0,25740.902218562274,ra,0.0,0.0,0.0,0.0,0.0,0.0,91.57638865208297,91.57638865208297,0.0,32.528155020970836,32.528155020970836,0.0,0
15.0,2.0,0.0,101.0,10998.091984936455,5379.561945168664,5618.530039767791,1825.012570497084,1825.012570497084,0.0,48631.17855592899,link,0.0,0.0,0.0,0.0,0.0,0.0,32.528155020970836,32.528155020970836,0.0,11.903641983515584,11.903641983515584,0.0,0
16.0,2.0,6.0,102.0,79740.5667298025,40135.953102102525,39604.61362769997,2800.895581315986,0.0,2800.895581315986,0.0,link,0.0,0.0,0.0,0.0,0.0,0.0,254.71381927055555,88.36654559933294,166.3472736712226,268.7853441891407,84.16923293719108,184.61611125194958,0
16.0,1.0,66.0,103.0,29014.9759926702,0.0,29014.9759926702,4194.662066106028,0.0,4194.662066106028,12316.83855333374,ra,0.0,0.0,0.0,0.0,0.0,0.0,138.9875961084758,0.0,138.9875961084758,166.3472736712226,0.0,166.3472736712226,0
16.0,0.0,67.0,104.0,29278.008085254503,29278.008085254503,0.0,4585.787822607259,4585.787822607259,0.0,12575.946688510528,ra,0.0,0.0,0.0,0.0,0.0,0.0,84.16923293719108,84.16923293719108,0.0,114.0800277093137,114.0800277093137,0.0,0
16.0,0.0,72.0,105.0,28145.02656728497,28145.02656728497,0.0,3642.99524799985,3642.99524799985,0.0,25449.08031583349,ra,0.0,0.0,0.0,0.0,0.0,0.0,114.0800277093137,114.0800277093137,0.0,133.87885964576247,133.87885964576247,0.0,0
16.0,1.0,74.0,106.0,25731.855828829863,0.0,25731.855828829863,3150.32793358614,0.0,3150.32793358614,32933.75197391795,ra,0.0,0.0,0.0,0.0,0.0,0.0,118.4395864901838,0.0,118.4395864901838,138.9875961084758,0.0,138.9875961084758,0
16.0,0.0,76.0,107.0,25418.722177742115,25418.722177742115,0.0,6370.068704760761,6370.068704760761,0.0,49497.46890143416,ra,0.0,0.0,0.0,0.0,0.0,0.0,133.87885964576247,133.87885964576247,0.0,170.98172820655682,170.98172820655682,0.0,0
16.0,1.0,77.0,108.0,25469.36930201462,0.0,25469.36930201462,3629.483350372933,0.0,3629.483350372933,49565.51842080065,ra,0.0,0.0,0.0,0.0,0.0,0.0,94.76628632425539,0.0,94.76628632425539,118.4395864901838,0.0,118.4395864901838,0
16.0,1.0,82.0,109.0,26935.54974771189,0.0,26935.54974771189,4731.076881969367,0.0,4731.076881969367,67595.96875209869,ra,0.0,0.0,0.0,0.0,0.0,0.0,63.90784386206933,0.0,63.90784386206933,94.76628632425539,0.0,94.76628632425539,0
16.0,0.0,83.0,110.0,27462.47510980443,27462.47510980443,0.0,5057.102637456699,5057.102637456699,0.0,68666.07464325256,ra,0.0,0.0,0.0,0.0,0.0,0.0,170.98172820655682,170.98172820655682,0.0,203.96667321095242,203.96667321095242,0.0,0
16.0,1.0,86.0,111.0,27163.152752819547,0.0,27163.152752819547,4196.376907454115,0.0,4196.376907454115,81021.89267340553,ra,0.0,0.0,0.0,0.0,0.0,0.0,36.536981248985796,0.0,36.536981248985796,63.90784386206933,0.0,63.90784386206933,0
16.0,0.0,89.0,112.0,29187.99844762554,29187.99844762554,0.0,6653.928103269676,6653.928103269676,0.0,92123.37906601596,ra,0.0,0.0,0.0,0.0,0.0,0.0,203.96667321095242,203.96667321095242,0.0,247.36691012208865,247.36691012208865,0.0,0
16.0,1.0,90.0,113.0,28376.998666581203,0.0,28376.998666581203,5601.684775109653,0.0,5601.684775109653,92203.5095301381,ra,0.0,0.0,0.0,0.0,0.0,0.0,3.552713678800501e-15,0.0,3.552713678800501e-15,36.536981248985796,0.0,36.536981248985796,0
16.0,2.0,94.0,114.0,71124.20344709541,35553.82790120941,35570.375545886,8755.239718801102,4299.63877333859,4455.600945462512,106046.11656904333,ra,6.0,0.0,6.0,300.0,183.65056835494553,116.34943164505447,334.65469072232145,247.36691012208865,87.2877806002328,91.76072975857721,91.76072975857721,3.552713678800501e-15,1
16.0,2.0,12.0,115.0,71147.99996754559,35564.99998476318,35582.99998278241,2799.48715587504,2799.48715587504,0.0,113917.81076099534,link,0.0,0.0,0.0,0.0,0.0,0.0,179.04851035881,91.76072975857721,87.2877806002328,197.30816148653358,110.02038088630079,87.2877806002328,0
18.0,2.0,7.0,118.0,26949.99999999783,13587.999999998794,13361.999999999038,1262.350888686173,0.0,1262.350888686173,0.0,link,0.0,0.0,0.0,0.0,0.0,0.0,40.936989747664626,17.324677089696102,23.61231265796852,49.170671684660874,17.324677089696102,31.845994594964772,0
18.0,0.0,68.0,119.0,13587.918618998609,13587.918618998609,0.0,1673.7828719547792,1673.7828719547792,0.0,12318.138045343778,ra,0.0,0.0,0.0,0.0,0.0,0.0,17.324677089696102,17.324677089696102,0.0,28.241923572257818,28.241923572257818,0.0,0
18.0,1.0,69.0,120.0,13361.93226547554,0.0,13361.93226547554,3620.13302138755,0.0,3620.13302138755,12346.305678813724,ra,0.0,0.0,0.0,0.0,0.0,0.0,0.0,0.0,0.0,23.61231265796852,0.0,23.61231265796852,0
18.0,2.0,73.0,121.0,21133.145613699366,10354.073130248858,10779.072483450507,3099.0639764514967,1773.464093458567,1325.5998829929297,27186.329383912336,ra,7.0,0.0,7.0,140.6674373126609,22.48466359542074,118.18277371724015,137.7784738740395,28.241923572257818,109.53655030178166,17.324677089696102,17.324677089696102,0.0,1
18.0,2.0,81.0,122.0,17024.72901544851,8263.2955761644,8761.433439284106,10407.127018587838,5132.593422062407,5274.533596525431,76811.9776614867,ra,0.0,0.0,0.0,0.0,0.0,0.0,92.45808925530463,17.324677089696102,75.13341216560853,160.3385609347404,50.80201063295873,109.53655030178166,0
18.0,0.0,84.0,123.0,7912.197813125354,7912.197813125354,0.0,1219.9477727403696,1219.9477727403696,0.0,91803.7907317536,ra,0.0,0.0,0.0,0.0,0.0,0.0,50.80201063295873,50.80201063295873,0.0,58.75911830446,58.75911830446,0.0,0
18.0,1.0,85.0,124.0,8875.838788593739,0.0,8875.838788593739,1785.784923800428,0.0,1785.784923800428,91872.46119703975,ra,0.0,0.0,0.0,0.0,0.0,0.0,63.48563245377346,0.0,63.48563245377346,75.13341216560853,0.0,75.13341216560853,0
18.0,2.0,92.0,125.0,47292.93717996864,22515.08265535503,24777.854524613613,4754.452437208462,3104.7402940346988,1649.7121431737628,121334.73270596893,ra,8.0,0.0,8.0,101.14534230917312,79.00978260641475,22.13555970275838,133.6200652738313,58.75911830446,74.86094696937131,63.48563245377346,0.0,63.48563245377346,1
18.0,2.0,11.0,126.0,53098.00276723388,24816.36422563914,28281.638541594737,1125.0783643967968,1125.0783643967968,0.0,126075.53174156268,link,0.0,0.0,0.0,0.0,0.0,0.0,74.86094696937131,0.0,74.86094696937131,82.19926905530139,7.338322085930068,74.86094696937131,0
19.0,2.0,7.0,127.0,19888.0,9830.0,10058.0,1832.5223390000008,0.0,1832.5223390000008,0.0,link,0.0,0.0,0.0,0.0,0.0,0.0,20.579164998715125,20.579164998715125,0.0,32.53178943697263,20.579164998715125,11.952624438257502,0
19.0,2.0,0.0,128.0,19888.0,9830.0,10058.0,1790.9817650000002,1790.9817650000002,0.0,18219.57712193098,link,0.0,0.0,0.0,0.0,0.0,0.0,20.579164998715125,20.579164998715125,0.0,23.381363509617582,23.381363509617582,0.0,0
20.0,2.0,0.0,129.0,19481.000344743796,9701.000199905127,9780.000144838668,1585.946802063634,0.0,1585.946802063634,0.0,link,0.0,0.0,0.0,0.0,0.0,0.0,5.629582231645401,0.0,5.629582231645401,10.344335837382728,0.0,10.344335837382728,0
20.0,0.0,78.0,130.0,10133.998910338903,10133.998910338903,0.0,2201.810828978947,2201.810828978947,0.0,22308.899934453435,ra,0.0,0.0,0.0,0.0,0.0,0.0,0.0,0.0,0.0,14.361308106745955,14.361308106745955,0.0,0
20.0,1.0,79.0,131.0,10094.12847263898,0.0,10094.12847263898,2214.6793271343668,0.0,2214.6793271343668,22364.44986396924,ra,0.0,0.0,0.0,0.0,0.0,0.0,12.520468563166435,0.0,12.520468563166435,5.629582231645401,0.0,5.629582231645401,0
20.0,2.0,8.0,132.0,21962.97969081701,10983.990050020308,10978.989640796704,1594.243979477348,1594.243979477348,0.0,37253.22848420508,link,0.0,0.0,0.0,0.0,0.0,0.0,32.80013535613337,14.361308106745955,18.43882724938741,37.28023083557582,24.759762272409382,12.520468563166435,0
21.0,2.0,8.0,133.0,21649.000000000102,11074.000000000044,10575.00000000006,371.5843359997804,0.0,371.5843359997804,0.0,link,0.0,0.0,0.0,0.0,0.0,0.0,26.473330159805737,26.473330159805737,0.0,28.89698848081061,26.473330159805737,2.4236583210048717,0
21.0,2.0,87.0,134.0,23288.999999928543,11776.999999969368,11511.999999959173,6542.587792704876,3329.21173105459,3213.376061650286,29246.642192588224,ra,6.0,0.0,6.0,132.67526900710587,48.18810910130088,84.48715990580499,90.00124911864793,26.473330159805737,63.52791895884219,0.0,0.0,0.0,1
21.0,2.0,10.0,135.0,23288.99999999982,11776.999999999924,11511.999999999898,380.1380059998352,380.1380059998352,0.0,32474.473610155062,link,0.0,0.0,0.0,0.0,0.0,0.0,63.52791895884219,0.0,63.52791895884219,66.00736858066975,2.47944962182756,63.52791895884219,0
22.0,2.0,8.0,136.0,18089.34980232114,9293.63667702267,8795.71312529847,2541.603617777336,0.0,2541.603617777336,0.0,link,0.0,0.0,0.0,0.0,0.0,0.0,37.45531904623897,10.566675082520788,26.888643963718177,54.03292515105002,10.566675082520788,43.466250068529234,0
22.0,2.0,9.0,137.0,22551.759921439094,11229.492180860212,11322.267740578884,2598.6403059127283,2598.6403059127283,0.0,25496.14409205573,link,0.0,0.0,0.0,0.0,0.0,0.0,37.45531904623897,10.566675082520788,26.888643963718177,54.40494687104521,27.51630290732703,26.888643963718177,0
24.0,2.0,9.0,140.0,25786.108144857673,12922.607317501452,12863.500827356223,310.22506737586025,0.0,310.22506737586025,0.0,link,0.0,0.0,0.0,0.0,0.0,0.0,92.6848533434763,64.34920545940884,28.335647884067473,94.70829591918877,64.34920545940884,30.359090459779935,0
24.0,0.0,88.0,141.0,12911.612953719838,12911.612953719838,0.0,904.5214863572012,904.5214863572012,0.0,7001.124876882881,ra,0.0,0.0,0.0,0.0,0.0,0.0,64.34920545940884,64.34920545940884,0.0,70.2489456113689,70.2489456113689,0.0,0
24.0,1.0,91.0,142.0,12797.695040407143,0.0,12797.695040407143,2112.957697765236,0.0,2112.957697765236,10447.761196686972,ra,0.0,0.0,0.0,0.0,0.0,0.0,14.553884203579505,0.0,14.553884203579505,28.335647884067473,0.0,28.335647884067473,0
24.0,0.0,97.0,143.0,9570.738932827611,9570.738932827611,0.0,2755.7730122650837,2755.7730122650837,0.0,30840.569189513222,ra,0.0,0.0,0.0,0.0,0.0,0.0,70.2489456113689,70.2489456113689,0.0,88.22347129745938,88.22347129745938,0.0,0
24.0,1.0,98.0,144.0,9946.426208887748,0.0,9946.426208887748,2231.335725475766,0.0,2231.335725475766,30857.334061915197,ra,0.0,0.0,0.0,0.0,0.0,0.0,0.0,0.0,0.0,14.553884203579505,0.0,14.553884203579505,0
24.0,2.0,108.0,145.0,15887.706151607494,7870.705730584929,8017.000421022563,4501.986650504175,2168.389585344796,2333.5970651593784,55766.14861335632,ra,4.0,0.0,4.0,199.99999999999994,102.36678938852211,97.63321061147785,170.6357982577776,88.22347129745938,82.4123269603182,-2.252150188052498e-15,-2.252150188052498e-15,0.0,1
24.0,2.0,114.0,146.0,28294.020698251785,14163.55043686688,14130.470261384906,3453.816952067228,2111.307602382169,1342.5093496850593,76000.7341358558,ra,0.0,0.0,0.0,0.0,0.0,0.0,73.65581157159374,-2.252150188052498e-15,73.65581157159374,96.18332789593732,13.77100093561913,82.4123269603182,0
24.0,2.0,15.0,147.0,28738.67135022459,14383.312343962509,14355.35900626208,310.87767950128045,310.87767950128045,0.0,78175.47480337396,link,0.0,0.0,0.0,0.0,0.0,0.0,87.42681250721287,13.77100093561913,73.65581157159374,89.45451174461671,15.798700173022961,73.65581157159374,0
25.0,2.0,9.0,148.0,18444.994544675952,9036.997526482091,9407.99701819386,3162.573978652046,0.0,3162.573978652046,0.0,link,0.0,0.0,0.0,0.0,0.0,0.0,67.2150121316499,24.79941970801875,42.415592423631146,81.168947777128,23.007072013089196,58.1618757640388,0
25.0,2.0,10.0,149.0,19006.727910032103,9665.34291491844,9341.384995113662,3137.608098414663,3137.608098414663,0.0,35248.172611532704,link,0.0,0.0,0.0,0.0,0.0,0.0,65.42266443672034,23.007072013089196,42.415592423631146,85.88770894758332,43.47211652395218,42.415592423631146,0
26.0,2.0,10.0,150.0,39799.09031594862,19727.656489472974,20071.433826475644,5432.50664953123,0.0,5432.50664953123,0.0,link,0.0,0.0,0.0,0.0,0.0,0.0,92.0880471136736,32.48674076640637,59.601306347267226,127.52156427102342,32.48674076640637,95.03482350461705,0
26.0,2.0,11.0,151.0,61239.02764165262,31319.794471237463,29919.23317041516,5527.098799836521,5527.098799836521,0.0,24120.7762535988,link,0.0,0.0,0.0,0.0,0.0,0.0,92.0880471136736,32.48674076640637,59.601306347267226,128.13854144142087,68.53723509415364,59.601306347267226,0
27.0,2.0,11.0,152.0,68446.95855219441,33632.332120978645,34814.626431215765,4475.01586176286,0.0,4475.01586176286,0.0,link,0.0,0.0,0.0,0.0,0.0,0.0,141.42554972583721,44.41699083289467,97.00855889294255,170.61383453555197,44.41699083289467,126.19684370265732,0
27.0,0.0,99.0,153.0,29715.95485159294,29715.95485159294,0.0,4959.050959781504,4959.050959781504,0.0,15398.281487957354,ra,0.0,0.0,0.0,0.0,0.0,0.0,44.41699083289467,44.41699083289467,0.0,76.76239390437597,76.76239390437597,0.0,0
27.0,1.0,100.0,154.0,27462.225943179787,0.0,27462.225943179787,4427.600028969178,0.0,4427.600028969178,15788.230047158857,ra,0.0,0.0,0.0,0.0,0.0,0.0,68.1295437874756,0.0,68.1295437874756,97.00855889294255,0.0,97.00855889294255,0
27.0,2.0,107.0,155.0,39803.00077214074,18775.259985557448,21027.74078658329,8521.51974910427,4077.7617235109983,4443.758025593273,32030.585088502547,ra,0.0,0.0,0.0,0.0,0.0,0.0,115.90753207560493,76.76239390437597,39.145138171228965,171.48913293064237,103.35958914316679,68.1295437874756,0
27.0,0.0,111.0,156.0,14923.34787730996,14923.34787730996,0.0,3332.683703707982,3332.683703707982,0.0,51994.455333056,ra,0.0,0.0,0.0,0.0,0.0,0.0,103.35958914316679,103.35958914316679,0.0,122.7767367735773,122.7767367735773,0.0,0
27.0,1.0,110.0,157.0,16064.78653282132,0.0,16064.78653282132,3656.830509986008,0.0,3656.830509986008,52217.78598274018,ra,0.0,0.0,0.0,0.0,0.0,0.0,15.293466194299036,0.0,15.293466194299036,39.145138171228965,0.0,39.145138171228965,0
27.0,2.0,113.0,158.0,28115.732693263828,13396.479626617023,14719.253066646805,8182.361978154302,4151.774424898176,4030.5875532561263,80453.83595296173,ra,2.0,0.0,2.0,99.99999999999999,73.71049822187969,26.289501778120297,138.07020296787633,122.7767367735773,15.29346619429904,91.43964772789246,76.14618153359342,15.293466194299036,1
27.0,0.0,115.0,159.0,16210.1141141057,16210.1141141057,0.0,2741.8648075464444,2741.8648075464444,0.0,99290.1862589441,ra,0.0,0.0,0.0,0.0,0.0,0.0,76.14618153359342,76.14618153359342,0.0,94.02999097351633,94.02999097351633,0.0,0
27.0,2.0,116.0,160.0,34177.78966749807,16266.79151473384,17910.998152764234,6377.116285600918,1294.989846913013,5082.126438687905,107271.26953267986,ra,3.0,0.0,3.0,150.0,52.456683052251115,97.54331694774888,173.7186114020206,94.02999097351633,79.68862042850427,65.31334361274943,50.01987741845039,15.29346619429904,1
27.0,2.0,15.0,161.0,39893.99999984566,18725.9999999336,21167.99999991206,3972.0067852374737,3972.0067852374737,0.0,128894.5131374644,link,0.0,0.0,0.0,0.0,0.0,0.0,129.70849784695466,50.01987741845039,79.68862042850427,155.61590664616278,75.9272862176585,79.68862042850427,0
28.0,2.0,11.0,162.0,61992.2787513973,31725.31224782596,30266.96650357134,2390.702240646126,0.0,2390.702240646126,0.0,link,0.0,0.0,0.0,0.0,0.0,0.0,101.58450782240986,70.18550831771381,31.39899950469605,106.05136397157331,59.05901238706731,46.992351584506,0
28.0,0.0,93.0,163.0,30439.224167938333,30439.224167938333,0.0,1072.7833528404256,1072.7833528404256,0.0,3445.559107155475,ra,0.0,0.0,0.0,0.0,0.0,0.0,59.05901238706731,59.05901238706731,0.0,38.53610474446094,38.53610474446094,0.0,0
28.0,0.0,95.0,164.0,18498.90877462081,18498.90877462081,0.0,3967.265746570001,3967.265746570001,0.0,21968.34571810977,ra,0.0,0.0,0.0,0.0,0.0,0.0,38.53610474446094,38.53610474446094,0.0,14.16837903587943,14.16837903587943,0.0,0
28.0,1.0,96.0,165.0,17419.186332491074,0.0,17419.186332491074,4813.95264377551,0.0,4813.95264377551,22264.116411144965,ra,0.0,0.0,0.0,0.0,0.0,0.0,0.0,0.0,0.0,31.39899950469605,0.0,31.39899950469605,0
28.0,2.0,0.0,166.0,16044.983216716417,8425.399218263456,7619.583998452962,2682.96218463007,2682.96218463007,0.0,40879.27967798362,link,0.0,0.0,0.0,0.0,0.0,0.0,14.16837903587943,14.16837903587943,0.0,17.499617162882565,17.499617162882565,0.0,0
30.0,2.0,12.0,169.0,31173.00771278776,15334.689159172884,15838.318553614876,1373.022338283504,0.0,1373.022338283504,0.0,link,0.0,0.0,0.0,0.0,0.0,0.0,159.99660691603225,44.752172547962786,115.24443436806946,168.95214323096548,44.752172547962786,124.19997068300269,0
30.0,0.0,101.0,170.0,15342.168535706442,15342.168535706442,0.0,288.7002299566512,288.7002299566512,0.0,1882.30501330568,ra,0.0,0.0,0.0,0.0,0.0,0.0,44.752172547962786,44.752172547962786,0.0,45.486308920567055,45.486308920567055,0.0,0
30.0,1.0,102.0,171.0,15008.380189154295,0.0,15008.380189154295,2426.954705703304,0.0,2426.954705703304,15325.375723611753,ra,0.0,0.0,0.0,0.0,0.0,0.0,99.41462563473466,0.0,99.41462563473466,115.24443436806946,0.0,115.24443436806946,0
30.0,0.0,103.0,172.0,14615.10439288337,14615.10439288337,0.0,2123.5391790607955,2123.5391790607955,0.0,15632.211521401772,ra,0.0,0.0,0.0,0.0,0.0,0.0,45.486308920567055,45.486308920567055,0.0,59.337090298266446,59.337090298266446,0.0,0
30.0,2.0,13.0,173.0,18934.390172572806,9143.138576923604,9791.251595649202,1268.116655371192,1268.116655371192,0.0,27311.590572612236,link,0.0,0.0,0.0,0.0,0.0,0.0,158.7517159330011,59.337090298266446,99.41462563473466,167.02300507527826,67.60837944054362,99.41462563473466,0
31.0,2.0,12.0,174.0,61211.26177444921,30941.90070843765,30269.36106601156,584.8788313855799,0.0,584.8788313855799,0.0,link,0.0,0.0,0.0,0.0,0.0,0.0,153.44926958784134,129.7222696915216,23.72699989631975,157.26414096193528,129.7222696915216,27.54187127041369,0
31.0,1.0,106.0,175.0,29780.03490857172,0.0,29780.03490857172,3637.7163502508033,0.0,3637.7163502508033,10173.779430297054,ra,0.0,0.0,0.0,0.0,0.0,0.0,0.0,0.0,0.0,23.72699989631975,0.0,23.72699989631975,0
31.0,0.0,105.0,176.0,30402.95414259374,30402.95414259374,0.0,3119.852058011688,3119.852058011688,0.0,10175.429354581129,ra,0.0,0.0,0.0,0.0,0.0,0.0,129.7222696915216,129.7222696915216,0.0,150.07150045325284,150.07150045325284,0.0,0
31.0,2.0,109.0,177.0,62402.93424977723,31525.727911032645,30877.20633874459,6816.570463211742,3762.4191873927257,3054.1512758190165,22337.14837090233,ra,9.0,0.0,9.0,269.5192344062849,174.6118744334901,94.90735997279478,225.05816292589577,150.07150045325284,74.98666247264293,0.0,0.0,0.0,1
31.0,2.0,14.0,178.0,62766.261417807065,31611.05780980601,31155.20360800105,595.148026243029,595.148026243029,0.0,24222.213413881997,link,0.0,0.0,0.0,0.0,0.0,0.0,74.98666247264293,0.0,74.98666247264293,78.8685146560848,3.881852183441864,74.98666247264293,0
32.0,2.0,13.0,179.0,24034.000000000007,12223.000000000004,11811.000000000004,4986.624005231322,0.0,4986.624005231322,0.0,link,0.0,0.0,0.0,0.0,0.0,0.0,137.0525377400528,67.60837944054362,69.44415829950917,167.02300507527826,67.60837944054362,99.41462563473466,0
32.0,2.0,104.0,180.0,24034.000000001273,12223.000000000631,11811.000000000642,545.6198680000062,277.4865460000031,268.13332200000315,2270.21285318104,ra,0.0,0.0,0.0,0.0,0.0,0.0,142.10544184003084,67.60837944054362,74.4970623994872,138.86244335507365,69.4182850555645,69.44415829950917,0
32.0,2.0,16.0,181.0,35472.0,17897.0,17575.0,5106.43524839964,5106.43524839964,0.0,35413.56901786664,link,0.0,0.0,0.0,0.0,0.0,0.0,148.30859059207293,69.4182850555645,78.89030553650844,170.07629292169378,95.57923052220656,74.4970623994872,0
33.0,2.0,14.0,182.0,25491.39192820705,13297.332945790267,12194.058982416784,2901.9645133205213,0.0,2901.9645133205213,0.0,link,0.0,0.0,0.0,0.0,0.0,0.0,30.31583277568604,30.31583277568604,0.0,39.90868272720339,20.980623176344686,18.928059550858706,0
33.0,2.0,0.0,183.0,27433.939184964896,13761.985453193762,13671.953731771133,3014.5666133482373,3014.5666133482373,0.0,22213.61178663945,link,0.0,0.0,0.0,0.0,0.0,0.0,20.980623176344686,20.980623176344686,0.0,30.00669750127974,30.00669750127974,0.0,0
34.0,2.0,14.0,184.0,40290.981728268656,40289.53408577645,1.4476424922008384,4807.99244961434,0.0,4807.99244961434,0.0,link,0.0,0.0,0.0,0.0,0.0,0.0,79.12486512334817,13.592610516506602,65.53225460684158,109.6778045470416,13.592610516506602,96.085194030535,0
34.0,2.0,112.0,185.0,40084.67942148965,20069.25833080312,20015.421090686526,5879.593873458729,4738.491686036754,1141.1021874219755,14615.98862167376,ra,0.0,0.0,0.0,0.0,0.0,0.0,71.73385835097908,13.592610516506602,58.14124783447247,110.0316706348759,44.499416028034325,65.53225460684158,0
34.0,0.0,120.0,186.0,19233.978995985926,19233.978995985926,0.0,2388.1873644993475,2388.1873644993475,0.0,26934.149163868184,ra,0.0,0.0,0.0,0.0,0.0,0.0,44.499416028034325,44.499416028034325,0.0,60.076364831632326,60.076364831632326,0.0,0
34.0,2.0,20.0,187.0,42848.93314386101,20473.58046065553,22375.352683205478,2247.134627658472,2247.134627658472,0.0,38220.85948462789,link,0.0,0.0,0.0,0.0,0.0,0.0,119.17759484961991,60.076364831632326,59.10123001798759,132.87454518746344,74.73329735299097,58.14124783447247,0
35.0,2.0,0.0,188.0,13637.0,6766.0,6871.0,2412.026759499997,0.0,2412.026759499997,0.0,link,0.0,0.0,0.0,0.0,0.0,0.0,33.29148428075777,0.0,33.29148428075777,41.121858627479405,0.0,41.121858627479405,0
35.0,2.0,16.0,189.0,13637.0,6766.0,6871.0,2375.1670869999966,2375.1670869999966,0.0,35104.46295422166,link,0.0,0.0,0.0,0.0,0.0,0.0,46.91066924853524,0.0,46.91066924853524,48.78350834225601,15.492024061498238,33.29148428075777,0
36.0,2.0,15.0,190.0,63592.0,31158.0,32434.0,1263.5151210000006,0.0,1263.5151210000006,0.0,link,0.0,0.0,0.0,0.0,0.0,0.0,176.15028748201118,61.38655875662909,114.7637287253821,184.39156312267474,61.386558756629086,123.00500436604565,0
36.0,0.0,121.0,191.0,31158.0,31158.0,0.0,1862.7498720000008,1862.7498720000008,0.0,5978.406282256154,ra,0.0,0.0,0.0,0.0,0.0,0.0,61.386558756629086,61.386558756629086,0.0,73.53634223734672,73.53634223734672,0.0,0
36.0,1.0,122.0,192.0,32434.0,0.0,32434.0,2232.9998150000006,0.0,2232.9998150000006,6884.764105769136,ra,0.0,0.0,0.0,0.0,0.0,0.0,100.19899050016721,0.0,100.19899050016721,114.7637287253821,0.0,114.7637287253821,0
36.0,2.0,17.0,193.0,63592.0,31158.0,32434.0,1496.2071600000006,1496.2071600000006,0.0,10780.414990255447,link,0.0,0.0,0.0,0.0,0.0,0.0,173.73533273751394,73.53634223734672,100.19899050016721,183.4943418828381,83.29535138267089,100.19899050016721,0
37.0,2.0,16.0,194.0,61280.64411621449,31014.17446373309,30266.469652481403,3075.322007033439,0.0,3075.322007033439,0.0,link,0.0,0.0,0.0,0.0,0.0,0.0,182.7484905748083,88.13308077782376,94.61540979698454,190.99588175698642,88.13308077782376,102.86280097916264,0
37.0,0.0,117.0,195.0,31188.918197802075,31188.918197802075,0.0,476.2646699717726,476.2646699717726,0.0,1531.6015518302704,ra,0.0,0.0,0.0,0.0,0.0,0.0,88.13308077782376,88.13308077782376,0.0,91.23951643333108,91.23951643333108,0.0,0
37.0,2.0,18.0,196.0,64809.52507699492,32882.29003408458,31927.235042910343,2677.0230036732487,2677.0230036732487,0.0,9891.283544490125,link,0.0,0.0,0.0,0.0,0.0,0.0,196.13050448862109,91.23951643333108,104.89098805529001,203.3158050935677,108.70039529658315,94.61540979698454,0
38.0,2.0,17.0,197.0,73980.90840881804,36437.73642199968,37543.17198681836,8581.895963178365,0.0,8581.895963178365,0.0,link,0.0,0.0,0.0,0.0,0.0,0.0,139.2979901859102,81.7419739880537,57.556016197856515,195.27339481428953,81.7419739880537,113.53142082623582,0
38.0,1.0,118.0,198.0,38288.38488121995,0.0,38288.38488121995,3563.200636081027,0.0,3563.200636081027,5385.572941871728,ra,0.0,0.0,0.0,0.0,0.0,0.0,34.315044944825175,0.0,34.315044944825175,57.556016197856515,0.0,57.556016197856515,0
38.0,0.0,119.0,199.0,38355.566312925184,38355.566312925184,0.0,2619.00122524035,2619.00122524035,0.0,7097.786060466791,ra,0.0,0.0,0.0,0.0,0.0,0.0,81.7419739880537,81.7419739880537,0.0,94.73697141298742,94.73697141298742,0.0,0
38.0,1.0,123.0,200.0,41712.9401712972,0.0,41712.9401712972,2031.1114551113544,0.0,2031.1114551113544,14257.714169889843,ra,0.0,0.0,0.0,0.0,0.0,0.0,21.067123269591114,0.0,21.067123269591114,34.315044944825175,0.0,34.315044944825175,0
38.0,0.0,124.0,201.0,40728.86630783911,40728.86630783911,0.0,2848.889850605756,2848.889850605756,0.0,14300.505499646226,ra,0.0,0.0,0.0,0.0,0.0,0.0,94.73697141298742,94.73697141298742,0.0,113.31885154921319,113.31885154921319,0.0,0
38.0,2.0,22.0,202.0,105896.44285789959,51540.438437961006,54356.004419938574,8230.021979980831,8230.021979980831,0.0,31585.43416751235,link,0.0,0.0,0.0,0.0,0.0,0.0,134.3859748188043,113.31885154921319,21.0671232695911,188.0662818752496,166.99915860565847,21.067123269591114,0
39.0,2.0,17.0,203.0,25562.278853813234,12328.30028963884,13233.978564174393,1988.332963522788,0.0,1988.332963522788,0.0,link,0.0,0.0,0.0,0.0,0.0,0.0,75.64716285133764,51.750934797324184,23.896228054013452,84.5861821470983,47.72105507045992,36.86512707663837,0
39.0,2.0,24.0,204.0,21529.452943652228,10591.584479212725,10937.868464439502,1897.3687907956744,1897.3687907956744,0.0,17071.72988124704,link,0.0,0.0,0.0,0.0,0.0,0.0,72.76202783073263,47.72105507045992,25.04097276027272,79.89297761488011,55.996749560866654,23.896228054013452,0
40.0,2.0,18.0,205.0,25932.838407847834,12821.14586322636,13111.692544621475,1674.795944952231,0.0,1674.795944952231,0.0,link,0.0,0.0,0.0,0.0,0.0,0.0,91.63287163170457,64.01476304386946,27.618108587835106,98.77003859542347,60.228075757792716,38.54196283763075,0
40.0,2.0,26.0,206.0,22387.89451536771,11334.707010656924,11053.187504710784,1671.626697283136,1671.626697283136,0.0,13785.599210644326,link,0.0,0.0,0.0,0.0,0.0,0.0,88.24156184923004,60.228075757792716,28.01348609143732,88.70008872792154,61.081980140086436,27.618108587835106,0
41.0,2.0,18.0,207.0,65100.064380541284,32409.67765592153,32690.38672461976,8031.948343872269,0.0,8031.948343872269,0.0,link,0.0,0.0,0.0,0.0,0.0,0.0,180.78768206615666,94.22004966989212,86.56763239626454,197.15407142664716,81.27062879180946,115.8834426348377,0
41.0,1.0,126.0,208.0,33015.8306660751,0.0,33015.8306660751,515.7447983857179,0.0,515.7447983857179,1570.6218936678245,ra,0.0,0.0,0.0,0.0,0.0,0.0,85.15483933689785,0.0,85.15483933689785,86.56763239626454,0.0,86.56763239626454,0
41.0,0.0,125.0,209.0,32828.808927873586,32828.808927873586,0.0,517.979810454405,517.979810454405,0.0,1588.999800427482,ra,0.0,0.0,0.0,0.0,0.0,0.0,81.27062879180946,81.27062879180946,0.0,84.64915139379849,84.64915139379849,0.0,0
41.0,2.0,25.0,210.0,107717.84336110209,52411.86349298975,55305.979868112336,8019.395375229603,8019.395375229603,0.0,19664.682517120145,link,0.0,0.0,0.0,0.0,0.0,0.0,188.7934773967569,84.64915139379849,104.14432600295842,208.79238849009045,123.6375491531926,85.15483933689785,0
42.0,2.0,0.0,211.0,64323.0,34358.0,29965.000000000004,292.1437675,0.0,292.1437675,0.0,link,0.0,0.0,0.0,0.0,0.0,0.0,62.92070819524586,0.0,62.92070819524586,40.70446085010914,0.0,40.70446085010914,0
42.0,2.0,21.0,212.0,64323.0,34358.0,29965.0,334.9733210000001,334.9733210000001,0.0,974.9930872178356,link,0.0,0.0,0.0,0.0,0.0,0.0,99.20097349040033,0.0,99.20097349040033,65.10557122121789,2.184863025972026,62.92070819524586,0
43.0,2.0,20.0,213.0,150198.49863614666,75767.44894346851,74431.04969267815,256.5387159589935,0.0,256.5387159589935,0.0,link,0.0,0.0,0.0,0.0,0.0,0.0,286.0646368522324,150.64967937603492,135.4149574761975,287.737910274593,150.64967937603492,137.08823089855804,0
43.0,2.0,127.0,214.0,143910.62075712613,71622.8655725805,72287.75518454562,14695.550707760216,7361.674053195678,7333.876654564538,10005.69209126666,ra,6.0,0.0,6.0,300.0,198.66618827312658,101.33381172687339,339.56324817639234,150.64967937603492,188.91356880035744,135.4149574761975,-2.498001805406602e-16,135.4149574761975,1
43.0,2.0,22.0,215.0,143835.3128743358,71573.22723597237,72262.08563836341,254.1351114407348,254.1351114407348,0.0,10360.675542503666,link,0.0,0.0,0.0,0.0,0.0,0.0,188.91356880035744,-2.498001805406602e-16,188.91356880035744,190.57116471555017,1.6575959151927242,188.91356880035744,0
44.0,2.0,20.0,216.0,153959.0,74263.0,79696.0,3498.654400000002,0.0,3498.654400000002,0.0,link,0.0,0.0,0.0,0.0,0.0,0.0,249.66299372900613,129.52580181190595,120.13719191710018,270.6422105638595,127.68505012988052,142.95716043397903,0
44.0,2.0,21.0,217.0,153959.0,74263.0,79696.0,3260.145700000001,3260.145700000001,0.0,4390.047146032249,link,0.0,0.0,0.0,0.0,0.0,0.0,247.8222420469807,127.68505012988052,120.13719191710018,266.0384643494715,145.90127243237131,120.13719191710018,0
45.0,2.0,20.0,218.0,62196.76002530598,32348.66402655705,29848.09599874893,1778.4316575225057,0.0,1778.4316575225057,0.0,link,0.0,0.0,0.0,0.0,0.0,0.0,97.54419491428783,62.322995218264005,35.221199696023824,109.14401295692849,62.322995218264005,46.821017738664494,0
45.0,2.0,129.0,219.0,59803.760630072626,31496.773292559403,28306.987337513223,6019.401556958648,3144.575633708264,2874.8259232503847,9849.378972750012,ra,0.0,0.0,0.0,0.0,0.0,0.0,78.7931467798734,62.322995218264005,16.47015156160939,118.05468516452999,82.83348546850617,35.221199696023824,0
45.0,2.0,27.0,220.0,59265.836631097605,31619.71560399585,27646.121027101755,2008.7677610146968,2008.7677610146968,0.0,16227.553730454052,link,0.0,0.0,0.0,0.0,0.0,0.0,99.30363703011557,82.83348546850617,16.47015156160939,112.09254887487154,95.62239731326214,16.47015156160939,0
46.0,2.0,21.0,221.0,122056.36331156333,58092.14471186193,63964.2185997014,6279.260644728073,0.0,6279.260644728073,0.0,link,0.0,0.0,0.0,0.0,0.0,0.0,224.6428020029756,97.17362049070343,127.46918151227219,265.59927093056405,97.17362049070343,168.42565043986062,0
46.0,2.0,23.0,222.0,131872.70614633957,62497.919354533005,69374.78679180656,5678.044393759095,5678.044393759095,0.0,9404.55520736285,link,0.0,0.0,0.0,0.0,0.0,0.0,226.84916039465995,97.17362049070343,129.67553990395652,261.67783875968496,134.2086572474128,127.46918151227219,0
47.0,2.0,22.0,223.0,38579.295537849815,18952.69215084102,19626.6033870088,1763.219166427337,0.0,1763.219166427337,0.0,link,0.0,0.0,0.0,0.0,0.0,0.0,75.636563472172,22.421824217054883,53.21473925511712,84.70704742812714,20.961285661974927,63.74576176615221,0
47.0,2.0,128.0,224.0,35162.62482989687,17399.45971996509,17763.16510993178,7435.637995433931,3663.3854298437486,3772.2525655901823,19815.112780906624,ra,0.0,0.0,0.0,0.0,0.0,0.0,49.57151274107282,20.961285661974927,28.610227079097893,86.91670676078493,33.701967505667824,53.21473925511712,0
47.0,2.0,28.0,225.0,35062.11998304022,16961.141448801816,18100.9785342384,1675.651535543216,1675.651535543216,0.0,29618.33132225415,link,0.0,0.0,0.0,0.0,0.0,0.0,63.528562885101536,33.701967505667824,29.826595379433716,72.69866578025322,44.088438701155326,28.610227079097893,0
48.0,2.0,24.0,226.0,16009.999934388854,7856.999966820751,8152.999967568103,2252.387938481718,0.0,2252.387938481718,0.0,link,0.0,0.0,0.0,0.0,0.0,0.0,34.32449363234193,34.32449363234193,0.0,42.7513417906097,28.06014455662444,14.691197233985262,0
48.0,2.0,0.0,227.0,10228.9496360124,5180.369177535584,5048.580458476815,2203.4039084147803,2203.4039084147803,0.0,34790.83034290512,link,0.0,0.0,0.0,0.0,0.0,0.0,28.06014455662444,28.06014455662444,0.0,32.50454823700239,32.50454823700239,0.0,0
50.0,2.0,23.0,230.0,167288.29083468003,89420.76920845687,77867.52162622314,2077.529087866036,0.0,2077.529087866036,0.0,link,0.0,0.0,0.0,0.0,0.0,0.0,276.311190985215,129.36919526406814,146.94199572114684,289.86187160631397,129.3691952640681,160.49267634224586,0
50.0,2.0,25.0,231.0,167733.1420677742,89424.56834914754,78308.57371862668,2379.090073396836,2379.090073396836,0.0,2660.513408818963,link,0.0,0.0,0.0,0.0,0.0,0.0,276.3111909852149,129.3691952640681,146.94199572114684,291.8288027200964,144.8868069989496,146.94199572114684,0
51.0,2.0,23.0,232.0,68004.42841151668,33685.47219088722,34318.956220629465,2606.4986391770226,0.0,2606.4986391770226,0.0,link,0.0,0.0,0.0,0.0,0.0,0.0,124.90782493157505,88.78265357296719,36.12517135860786,141.90870872430037,88.78265357296719,53.12605515133318,0
51.0,0.0,130.0,233.0,33100.995903315394,33100.995903315394,0.0,783.1629546866914,783.1629546866914,0.0,2344.9972799662905,ra,3.0,3.0,0.0,93.89083286885197,93.89083286885197,0.0,88.78265357296719,88.78265357296719,0.0,0.0,0.0,0.0,1
51.0,2.0,27.0,234.0,64426.23565632764,31754.48892503164,32671.746731296,1762.794004348873,1762.794004348873,0.0,7784.588682143257,link,0.0,0.0,0.0,0.0,0.0,0.0,36.12517135860786,0.0,36.12517135860786,47.62299282990951,11.497821471301657,36.12517135860786,0
53.0,2.0,24.0,237.0,26623.0,13216.0,13407.000000000002,1301.209681500001,0.0,1301.209681500001,0.0,link,0.0,0.0,0.0,0.0,0.0,0.0,67.29439406700529,43.15695919455987,24.137434872445414,69.90588898413453,38.071410191811935,31.834478792322603,0
53.0,2.0,28.0,238.0,26623.0,13216.0,13407.0,1282.6722719999998,1282.6722719999998,0.0,9705.486491353968,link,0.0,0.0,0.0,0.0,0.0,0.0,64.34855643107556,38.071410191811935,26.277146239263633,67.76308127420575,43.62564640176033,24.137434872445414,0
54.0,2.0,25.0,239.0,63790.74308365228,33602.55553767664,30188.187545975637,914.669079332492,0.0,914.669079332492,0.0,link,0.0,0.0,0.0,0.0,0.0,0.0,128.14788982334096,73.13162053180595,55.01626929153501,128.825206635575,73.13162053180595,55.69358610376906,0
54.0,2.0,131.0,240.0,33762.441558617626,17029.212737248363,16733.228821369263,7185.418002340216,3714.280971775646,3471.13703056457,14118.05957838652,ra,0.0,0.0,0.0,0.0,0.0,0.0,109.02170793902111,73.13162053180595,35.89008740721516,152.3742823583574,97.35801306682237,55.01626929153501,0
54.0,2.0,26.0,241.0,32484.774457444895,16371.354345937669,16113.420111507226,929.5714925260236,929.5714925260236,0.0,19751.672738570145,link,0.0,0.0,0.0,0.0,0.0,0.0,135.2223308036361,97.35801306682237,37.86431773681374,139.31122925681524,103.42114184960009,35.89008740721516,0
55.0,2.0,26.0,242.0,35611.19993600926,17306.49996896785,18304.699967041404,3651.9540270608895,0.0,3651.9540270608895,0.0,link,0.0,0.0,0.0,0.0,0.0,0.0,122.44518328518652,122.44518328518652,0.0,146.26504840893762,122.44518328518652,23.81986512375109,0
55.0,2.0,132.0,243.0,34335.6700861098,16687.900230609903,17647.769855499897,3806.716178738113,1850.014875297545,1956.701303440568,10714.232916978135,ra,9.0,0.0,9.0,147.27448433061048,134.51190276741022,12.762581563200268,122.44518328518652,122.44518328518652,0.0,0.0,0.0,0.0,1
55.0,2.0,0.0,244.0,9015.000278806967,4116.000142012323,4899.000136794644,3382.273931804988,3382.273931804988,0.0,47911.36687265736,link,0.0,0.0,0.0,0.0,0.0,0.0,0.0,0.0,0.0,22.060877072982613,22.060877072982613,0.0,0
56.0,2.0,27.0,245.0,67553.51728478492,34432.267085202984,33121.25019958193,2367.0237097169543,0.0,2367.0237097169543,0.0,link,0.0,0.0,0.0,0.0,0.0,0.0,88.6111222094195,79.28746348406229,9.323658725357213,104.05003110377802,79.28746348406229,24.76256761971574,0
56.0,1.0,134.0,246.0,28345.05378073905,0.0,28345.05378073905,1429.461201904893,0.0,1429.461201904893,14670.942506693847,ra,0.0,0.0,0.0,0.0,0.0,0.0,0.0,0.0,0.0,9.323658725357213,0.0,9.323658725357213,0
56.0,0.0,133.0,247.0,28758.648000424007,28758.648000424007,0.0,4635.222356187495,4635.222356187495,0.0,14715.488271793003,ra,0.0,0.0,0.0,0.0,0.0,0.0,79.28746348406229,79.28746348406229,0.0,109.52069493353939,109.52069493353939,0.0,0
56.0,2.0,135.0,248.0,47006.10408228616,24072.8864014428,22933.21768084336,5972.3380643838445,1468.7067383505575,4503.631326033287,20490.182643268578,ra,8.0,0.0,8.0,171.85194592384872,119.10033261644041,52.751613307408306,132.89737910484646,109.52069493353939,23.37668417130707,0.0,0.0,0.0,1
56.0,2.0,29.0,249.0,45237.32656378552,23422.054813020965,21815.27175076456,2510.3156903599324,2510.3156903599324,0.0,31051.51115001564,link,0.0,0.0,0.0,0.0,0.0,0.0,23.37668417130707,0.0,23.37668417130707,23.37668417130707,0.0,23.37668417130707,0
57.0,2.0,28.0,250.0,21608.0,10785.0,10823.000000000002,664.3049169999997,0.0,664.3049169999997,0.0,link,0.0,0.0,0.0,0.0,0.0,0.0,35.943271392601545,35.943271392601545,0.0,35.37512944433073,31.042201535947502,4.33292790838323,0
57.0,2.0,0.0,251.0,21608.0,10785.000000000002,10823.0,661.972515,661.972515,0.0,6137.906286244384,link,0.0,0.0,0.0,0.0,0.0,0.0,31.042201535947502,31.042201535947502,0.0,22.400481124898715,22.400481124898715,0.0,0
59.0,2.0,29.0,254.0,41763.642422810655,21836.31144790283,19927.330974907825,64.19229876066692,0.0,64.19229876066692,0.0,link,0.0,0.0,0.0,0.0,0.0,0.0,29.247805624093882,4.664827699637356,24.582977924456525,27.74221223508561,2.740540130162305,25.001672104923305,0
59.0,0.0,137.0,255.0,11226.947197214342,11226.947197214342,0.0,4281.442654724177,4281.442654724177,0.0,25939.716113189967,ra,0.0,0.0,0.0,0.0,0.0,0.0,2.740540130162305,2.740540130162305,0.0,2.740540130162305,2.740540130162305,0.0,0
59.0,1.0,138.0,256.0,8142.41876965786,0.0,8142.41876965786,3768.951031500648,0.0,3768.951031500648,26235.491957639333,ra,0.0,0.0,0.0,0.0,0.0,0.0,0.0,0.0,0.0,24.582977924456525,0.0,24.582977924456525,0
59.0,2.0,0.0,257.0,19030.167720862108,11064.89566740363,7965.272053458477,121.79539004601152,121.79539004601152,0.0,27032.750454879864,link,0.0,0.0,0.0,0.0,0.0,0.0,2.740540130162305,2.740540130162305,0.0,0.7944102642292871,0.7944102642292871,0.0,0
60.0,2.0,29.0,258.0,15204.999638753205,7325.999839362642,7878.999799390564,589.7618799510744,0.0,589.7618799510744,0.0,link,0.0,0.0,0.0,0.0,0.0,0.0,11.763760682271652,6.285320983951823,5.478439698319829,9.430418802606473,0.10525805263353377,9.32516074997294,0
60.0,2.0,136.0,259.0,13825.298552554461,6712.4814864233695,7112.817066131092,1621.7030872016057,781.773481624616,839.9296055769897,10738.631570167296,ra,0.0,0.0,0.0,0.0,0.0,0.0,0.10525805263353377,0.10525805263353377,0.0,5.478439698319829,0.0,5.478439698319829,0
60.0,2.0,0.0,260.0,9900.001134069504,4967.000504292169,4933.000629777334,588.1442988228391,588.1442988228391,0.0,22135.2935483001,link,0.0,0.0,0.0,0.0,0.0,0.0,0.0,0.0,0.0,3.8361703809667373,3.8361703809667373,0.0,0
