Time of calculation: 20220110-105957; value of objective: -25394353.90474511;  acc=27.333333333333332;  cfix=35000;  cvar=17750;  eta=0.015;  mu=0.1859430513361825;  i=
segment_id,dir,type_ID,POI_ID,traffic_flow,traffic_flow_0,traffic_flow_1,energy_demand,energy_demand_0,energy_demand_1,dist_along_segment,pois_type,pYi_dir,pYi_dir_0,pYi_dir_1,pE_charged,pE_charged_0,pE_charged_1,pE_input,pE_input_0,pE_input_1,pE_output,pE_output_0,pE_output_1,pXi
0.0,2.0,0.0,0.0,26540.636112053,13243.0239038645,13297.6122081885,4423.92123143818,0.0,4423.92123143818,0.0,link,0.0,0.0,0.0,0.0,0.0,0.0,0.0,0.0,0.0,36.89835702144879,0.0,36.89835702144879,0
0.0,2.0,1.0,1.0,26594.7769799282,13269.4415749127,13325.3354050155,810.003976920776,31.774775427221,778.229201493555,239.715824101164,ra,3.0,0.0,3.0,229.71884610541952,0.2650221255428657,229.45382397987666,222.96289038974786,0.0,222.96289038974786,0.0,0.0,0.0,1
0.0,2.0,0.0,2.0,45891.0713847726,24132.5354848012,21758.5358999714,10453.07839190074,5371.86342144895,5081.21497045179,24427.462160298,ra,0.0,-0.0,0.0,0.0,0.0,0.0,180.5822795528977,0.0,180.5822795528977,267.7676968104642,44.804806420716346,222.96289038974786,0
0.0,1.0,2.0,3.0,5594.60627343411,0.0,5594.60627343411,2065.98540498995,0.0,2065.98540498995,68504.6013106114,ra,0.0,0.0,-0.0,0.0,0.0,0.0,163.3506284708915,0.0,163.3506284708915,180.5822795528977,0.0,180.5822795528977,0
0.0,0.0,3.0,4.0,4553.08388931748,4553.08388931748,0.0,7187.4483251383,7187.4483251383,0.0,79329.1374904099,ra,0.0,-0.0,0.0,0.0,0.0,0.0,44.804806420716346,44.804806420716346,0.0,104.75276220471912,104.75276220471912,0.0,0
0.0,2.0,4.0,5.0,7895.539602766939,4645.32330643337,3250.21629633357,2342.9750495919798,1038.66179081139,1304.31325878059,104473.71241617,ra,0.0,-0.0,0.0,0.0,0.0,0.0,257.2245766614086,104.75276220471912,152.4718144566895,276.76650007040354,113.41587159951204,163.3506284708915,0
0.0,2.0,5.0,6.0,19815.36822147166,9562.72950758806,10252.6387138836,7959.02626511719,2076.95503589247,5882.07122922472,133409.21035476,ra,0.0,0.0,-0.0,0.0,0.0,0.0,216.82741737439045,113.41587159951204,103.41154577487839,283.2108309366411,130.73901647995163,152.4718144566895,0
0.0,2.0,6.0,7.0,38420.413170467305,19234.6634945469,19185.7496759204,10291.73164091456,4957.10120865155,5334.63043226301,173065.413799776,ra,0.0,0.0,-0.0,0.0,0.0,0.0,189.65630298359628,130.73901647995163,58.91728650364463,275.49598425024334,172.08443847536495,103.41154577487839,0
0.0,1.0,7.0,8.0,21229.4573799075,0.0,21229.4573799075,31.9071906889248,0.0,31.9071906889248,176940.22069629,ra,0.0,0.0,-0.0,0.0,0.0,0.0,58.651159949395684,0.0,58.651159949395684,58.91728650364463,0.0,58.91728650364463,0
0.0,2.0,0.0,9.0,50605.7308716768,25638.9023938735,24966.8284778033,5210.17855174236,5210.17855174236,0.0,194059.964946131,link,0.0,0.0,0.0,0.0,0.0,0.0,230.73559842476064,172.08443847536495,58.651159949395684,274.19184872630285,215.5406887769072,58.651159949395684,0
1.0,2.0,0.0,10.0,41635.2696746832,21021.6267553003,20613.6429193829,39.7761865009555,0.0,39.7761865009555,0.0,link,0.0,0.0,0.0,0.0,0.0,0.0,159.60126327214198,116.5749194011319,43.02634387101009,159.93302232789418,116.5749194011319,43.35810292676228,0
1.0,2.0,8.0,11.0,39859.9435983602,20128.7100274165,19731.2335709437,2276.328443367862,1715.72731424055,560.601129127312,8218.21591932416,ra,0.0,-0.0,0.0,0.0,0.0,0.0,154.92548820133624,116.5749194011319,38.35056880020435,173.91153591949617,130.8851920484861,43.02634387101009,0
1.0,0.0,9.0,12.0,15021.9786197919,15021.9786197919,0.0,1426.84265640488,1426.84265640488,0.0,16747.0640478161,ra,0.0,-0.0,0.0,0.0,0.0,0.0,130.8851920484861,130.8851920484861,0.0,142.78598028479564,142.78598028479564,0.0,0
1.0,2.0,10.0,13.0,29629.2702066633,14994.1517039878,14635.1185026755,191.32891529796441,24.7111120586864,166.617803239278,16911.7407621753,ra,0.0,0.0,-0.0,0.0,0.0,0.0,179.74684911783902,142.78598028479564,36.96086883304337,181.34265570115284,142.9920869009485,38.35056880020435,0
1.0,2.0,14.0,14.0,23126.816645439998,11846.3351177034,11280.4815277366,2715.58896866506,1386.75954291372,1328.82942575134,27721.2649615329,ra,0.0,-0.0,0.0,0.0,0.0,0.0,168.86966107143297,142.9920869009485,25.877574170484486,191.51942494544681,154.55855611240344,36.96086883304337,0
1.0,1.0,13.0,15.0,11337.2619320883,0.0,11337.2619320883,1420.24853693026,0.0,1420.24853693026,29194.6309655969,ra,0.0,0.0,-0.0,0.0,0.0,0.0,14.031785144578475,0.0,14.031785144578475,25.877574170484486,0.0,25.877574170484486,0
1.0,0.0,12.0,16.0,11885.5265358471,11885.5265358471,0.0,208.504810997731,208.504810997731,0.0,29478.4736802298,ra,0.0,-0.0,0.0,0.0,0.0,0.0,154.55855611240344,154.55855611240344,0.0,156.29762074633294,156.29762074633294,0.0,0
1.0,0.0,15.0,17.0,11960.1701828351,11960.1701828351,0.0,465.471180470787,465.471180470787,0.0,33381.7233696118,ra,0.0,-0.0,0.0,0.0,0.0,0.0,156.29762074633294,156.29762074633294,0.0,160.17995067530023,160.17995067530023,0.0,0
1.0,2.0,16.0,18.0,23460.935326572,11970.3853891252,11490.5499374468,1768.668281716874,86.3301716488441,1682.33811006803,34103.2604930604,ra,2.0,2.0,0.0,160.89999999999998,160.89999999999998,0.0,160.17995067530023,160.17995067530023,0.0,14.031785144578475,0.0,14.031785144578475,1
1.0,2.0,0.0,19.0,23472.9532848191,11974.8809399587,11498.0723448604,41.4313703808343,41.4313703808343,0.0,34449.3464575004,link,0.0,0.0,0.0,0.0,0.0,0.0,0.0,0.0,0.0,0.3455643570993055,0.3455643570993055,0.0,0
2.0,2.0,0.0,20.0,68929.1689525749,33758.8137930879,35170.355159487,2037.30449092795,0.0,2037.30449092795,0.0,link,0.0,0.0,0.0,0.0,0.0,0.0,214.84101282167214,157.7530794654845,57.08793335618765,231.83344657782703,157.7530794654845,74.08036711234254,0
2.0,1.0,11.0,21.0,34398.2821383792,0.0,34398.2821383792,0.177994253383828,0.0,0.177994253383828,2598.41164546074,ra,0.0,0.0,-0.0,0.0,0.0,0.0,57.08644876928713,0.0,57.08644876928713,57.08793335618765,0.0,57.08793335618765,0
2.0,0.0,17.0,22.0,24285.974119979,24285.974119979,0.0,5629.75346622784,5629.75346622784,0.0,19826.0309188716,ra,0.0,-0.0,0.0,0.0,0.0,0.0,157.7530794654845,157.7530794654845,0.0,204.70885522916885,204.70885522916885,0.0,0
2.0,1.0,18.0,23.0,24186.0911430872,0.0,24186.0911430872,4128.06929715106,0.0,4128.06929715106,19924.5544753991,ra,1.0,0.0,1.0,55.15157685675689,0.0,55.15157685675689,77.80726459596046,0.0,77.80726459596046,57.08644876928713,0.0,57.08644876928713,1
2.0,0.0,19.0,24.0,24395.8043620461,24395.8043620461,0.0,1107.94961707917,1107.94961707917,0.0,24376.283905319,ra,0.0,-0.0,0.0,0.0,0.0,0.0,204.70885522916885,204.70885522916885,0.0,213.94986979385956,213.94986979385956,0.0,0
2.0,0.0,20.0,25.0,18382.7449604955,18382.7449604955,0.0,3193.59583085962,3193.59583085962,0.0,38424.0480859037,ra,0.0,-0.0,0.0,0.0,0.0,0.0,213.94986979385956,213.94986979385956,0.0,240.586519269411,240.586519269411,0.0,0
2.0,1.0,21.0,26.0,18491.6133654888,0.0,18491.6133654888,4453.99249618843,0.0,4453.99249618843,38987.6806255175,ra,0.0,0.0,-0.0,0.0,0.0,0.0,40.65809382698016,0.0,40.65809382698016,77.80726459596046,0.0,77.80726459596046,0
2.0,2.0,22.0,27.0,37060.499514109295,18323.8494067353,18736.650107374,9037.685965220891,4162.99183164668,4874.69413357421,60686.5331745626,ra,0.0,-0.0,0.0,0.0,0.0,0.0,240.586519269411,240.586519269411,0.0,315.96665059332406,275.3085567663439,40.65809382698016,0
2.0,2.0,23.0,28.0,37058.9029265594,18323.1127403572,18735.7901862022,905.670862196634,0.17407320896991,905.496788987664,60687.5223097686,ra,4.0,4.0,0.0,282.8624360216468,275.31000864920446,7.552427372442287,275.3085567663439,275.3085567663439,0.0,0.0,0.0,0.0,1
2.0,2.0,0.0,29.0,23931.6001633626,12393.9415716933,11537.6585916693,2066.87595360883,2066.87595360883,0.0,74788.4585560346,link,0.0,0.0,0.0,0.0,0.0,0.0,0.0,0.0,0.0,17.239078831996547,17.239078831996547,0.0,0
3.0,2.0,0.0,30.0,27844.0,14880.0,12964.0,276.638796,0.0,276.638796,0.0,link,0.0,0.0,0.0,0.0,0.0,0.0,0.0,0.0,0.0,2.3073460233091354,0.0,2.3073460233091354,0
3.0,0.0,24.0,31.0,14880.0,14880.0,0.0,43.31568,43.31568,0.0,291.139117483826,ra,0.0,0.0,0.0,0.0,0.0,0.0,0.0,0.0,0.0,0.3612807149252162,0.3612807149252162,0.0,0
3.0,1.0,25.0,32.0,12964.0,0.0,12964.0,50.78647,0.0,50.78647,391.789662717657,ra,1.0,0.0,1.0,65.31859098569531,0.0,65.31859098569531,64.89499906262893,0.0,64.89499906262893,0.0,0.0,0.0,1
3.0,2.0,1.0,33.0,27844.0,14880.0,12964.0,332.50104,332.50104,0.0,2525.71464164925,link,0.0,0.0,0.0,0.0,0.0,0.0,65.25627977755414,0.3612807149252162,64.89499906262893,68.02955295356287,3.1345538909339483,64.89499906262893,0
4.0,2.0,1.0,34.0,59761.3086274698,30037.3419745759,29723.9666528939,2541.48042300009,0.0,2541.48042300009,0.0,link,0.0,0.0,0.0,0.0,0.0,0.0,134.875252573272,127.02561472023618,7.849637853035831,156.07283885588177,127.02561472023618,29.047224135645582,0
4.0,1.0,29.0,35.0,19741.1962074672,0.0,19741.1962074672,941.130780889781,0.0,941.130780889781,27421.918402147,ra,0.0,0.0,-0.0,0.0,0.0,0.0,0.0,0.0,0.0,7.849637853035831,0.0,7.849637853035831,0
4.0,0.0,28.0,36.0,20188.7740020659,20188.7740020659,0.0,6913.40781708113,6913.40781708113,0.0,27456.2755376563,ra,0.0,-0.0,0.0,0.0,0.0,0.0,127.02561472023618,127.02561472023618,0.0,184.68789587857538,184.68789587857538,0.0,0
4.0,2.0,31.0,37.0,24242.04672144007,16011.0814154375,8230.96530600257,10336.618270691579,5459.80728965386,4876.81098103772,57952.4364496481,ra,5.0,0.0,5.0,345.96936641433,128.28197145108254,217.68739496324744,361.69954114138056,184.68789587857538,177.0116452628052,101.94423948869654,101.94423948869654,0.0,1
4.0,2.0,30.0,38.0,24222.43641462717,16010.6884723873,8211.74794223987,2097.1816748164297,3.69851459408978,2093.48316022234,57975.5602403068,ra,0.0,-0.0,0.0,0.0,0.0,0.0,261.49488465156037,101.94423948869654,159.55064516286384,278.9867327491948,101.97508748638961,177.0116452628052,0
4.0,2.0,35.0,39.0,21337.9057816767,10925.6060783794,10412.2997032973,4724.82145770061,2596.38509090262,2128.43636679799,78476.4553474238,ra,1.0,1.0,0.0,57.66228115833917,57.66228115833917,0.0,243.77320025752815,101.97508748638961,141.79811277113853,225.51897812382117,65.96833296095731,159.55064516286384,1
4.0,0.0,40.0,40.0,10876.9999980846,10876.9999980846,0.0,1976.66074396654,1976.66074396654,0.0,96645.2667353262,ra,0.0,-0.0,0.0,0.0,0.0,0.0,65.96833296095731,65.96833296095731,0.0,82.45495874508077,82.45495874508077,0.0,0
4.0,1.0,41.0,41.0,10239.998724531,0.0,10239.998724531,1817.26058482465,0.0,1817.26058482465,99246.7072366671,ra,0.0,0.0,-0.0,0.0,0.0,0.0,126.64098714617164,0.0,126.64098714617164,141.79811277113853,0.0,141.79811277113853,0
4.0,2.0,42.0,42.0,15349.44862342799,7293.1561007636,8056.29252266439,2244.8438549829193,2242.94471998322,1.89913499969935,124531.184689634,ra,1.0,0.0,1.0,79.54800050776329,79.54800050776329,0.0,209.08010588018874,82.45495874508077,126.62514713510795,148.25555131218,21.61456416600835,126.64098714617164,1
4.0,2.0,45.0,43.0,29499.9997821141,14928.9998128104,14570.9999693037,9965.39545782924,4949.37419030477,5016.02126752447,160563.715389321,ra,0.0,0.0,-0.0,0.0,0.0,0.0,106.4028580043118,21.61456416600835,84.78829383830345,189.52068497867882,62.895537843570864,126.62514713510795,0
4.0,2.0,49.0,44.0,29501.2496709625,14929.6109247903,14571.6387461722,7771.39511709413,964.25344768502,6807.14166940911,167022.616706975,ra,1.0,1.0,0.0,80.45000000000003,70.93803365452774,9.51196634547229,100.41984509479761,62.895537843570864,37.524307251226745,84.78829383830345,0.0,84.78829383830345,1
4.0,2.0,2.0,45.0,37135.979248738106,18661.9898553614,18473.9893933767,2580.11657231137,2580.11657231137,0.0,182066.45484822,link,0.0,0.0,0.0,0.0,0.0,0.0,37.524307251226745,0.0,37.524307251226745,59.044143943968265,21.51983669274152,37.524307251226745,0
5.0,2.0,1.0,46.0,68793.7826224039,33913.4453688065,34880.3372535974,3843.82209257494,0.0,3843.82209257494,0.0,link,0.0,0.0,0.0,0.0,0.0,0.0,173.0317972038752,22.676458709258917,150.35533849461626,205.0917531748034,22.676458709258917,182.41529446554446,0
5.0,1.0,26.0,47.0,36003.5240013336,0.0,36003.5240013336,3895.94746693039,0.0,3895.94746693039,10624.4240384357,ra,0.0,0.0,-0.0,0.0,0.0,0.0,117.86062327454594,0.0,117.86062327454594,150.35533849461626,0.0,150.35533849461626,0
5.0,0.0,27.0,48.0,32653.8009159093,32653.8009159093,0.0,4178.14177110393,4178.14177110393,0.0,12028.5386871855,ra,0.0,-0.0,0.0,0.0,0.0,0.0,22.676458709258917,22.676458709258917,0.0,57.52485647476409,57.52485647476409,0.0,0
5.0,2.0,32.0,49.0,33127.6679782642,16315.8916479239,16811.7763303403,9152.20454584315,5870.83645283758,3281.36809300557,39273.393575652,ra,1.0,0.0,1.0,22.48486960930568,22.48486960930568,0.0,148.01675298399445,57.52485647476409,90.49189650923036,201.86717353899013,84.0065502644442,117.86062327454594,1
5.0,1.0,36.0,50.0,15728.3542233459,0.0,15728.3542233459,1275.7622080105,0.0,1275.7622080105,47330.3638647794,ra,2.0,0.0,2.0,155.2276660970245,0.0,155.2276660970245,235.07888277177233,0.0,235.07888277177233,90.49189650923036,0.0,90.49189650923036,1
5.0,0.0,39.0,51.0,16181.0369578104,16181.0369578104,0.0,2402.71193975453,2402.71193975453,0.0,54808.4650706048,ra,0.0,-0.0,0.0,0.0,0.0,0.0,84.0065502644442,84.0065502644442,0.0,104.04671787473843,104.04671787473843,0.0,0
5.0,1.0,43.0,52.0,15425.0541977474,0.0,15425.0541977474,6550.91638851091,0.0,6550.91638851091,67696.5829264334,ra,0.0,0.0,-0.0,0.0,0.0,0.0,180.44001397745728,0.0,180.44001397745728,235.07888277177233,0.0,235.07888277177233,0
5.0,0.0,44.0,53.0,16743.9409701348,16743.9409701348,0.0,2188.52376611744,2188.52376611744,0.0,67916.7177403682,ra,0.0,-0.0,0.0,0.0,0.0,0.0,104.04671787473843,104.04671787473843,0.0,122.30041794025132,122.30041794025132,0.0,0
5.0,1.0,50.0,54.0,23926.8657512302,0.0,23926.8657512302,3865.03208223887,0.0,3865.03208223887,86150.6446371155,ra,0.0,0.0,-0.0,0.0,0.0,0.0,148.2031530388535,0.0,148.2031530388535,180.44001397745728,0.0,180.44001397745728,0
5.0,0.0,51.0,55.0,23976.5917239922,23976.5917239922,0.0,3863.2104401925,3863.2104401925,0.0,86198.2118888899,ra,0.0,-0.0,0.0,0.0,0.0,0.0,122.30041794025132,122.30041794025132,0.0,154.52208523808216,154.52208523808216,0.0,0
5.0,2.0,4.0,56.0,48295.9987384735,24204.9992554563,24090.9994830172,3849.65902876729,3849.65902876729,0.0,102115.051061861,link,0.0,0.0,0.0,0.0,0.0,0.0,302.72523827693567,154.52208523808216,148.2031530388535,334.8338780612207,186.6307250223672,148.2031530388535,0
6.0,2.0,0.0,57.0,17593.52882743976,9370.08985369332,8223.43897374644,3280.58897165935,0.0,3280.58897165935,0.0,link,0.0,0.0,0.0,0.0,0.0,0.0,0.0,0.0,0.0,27.362228390662914,0.0,27.362228390662914,0
6.0,0.0,34.0,58.0,9440.70012643683,9440.70012643683,0.0,115.627916160566,115.627916160566,0.0,1229.56192943354,ra,0.0,-0.0,0.0,0.0,0.0,0.0,0.0,0.0,0.0,0.9644114144301151,0.9644114144301151,0.0,0
6.0,0.0,33.0,59.0,9685.7540713875,9685.7540713875,0.0,302.822447135245,302.822447135245,0.0,4398.31801694572,ra,0.0,0.0,0.0,0.0,0.0,0.0,0.9644114144301151,0.9644114144301151,0.0,3.4901459797520684,3.4901459797520684,0.0,0
6.0,1.0,38.0,60.0,13533.1360897293,0.0,13533.1360897293,3267.26796433001,0.0,3267.26796433001,19100.037855584,ra,1.0,0.0,1.0,27.251122595914502,0.0,27.251122595914502,0.0,0.0,0.0,0.0,0.0,0.0,1
6.0,0.0,37.0,61.0,14150.2103751211,14150.2103751211,0.0,1803.67381185194,1803.67381185194,0.0,19123.3135023805,ra,0.0,0.0,0.0,0.0,0.0,0.0,3.4901459797520684,3.4901459797520684,0.0,18.533949153054643,18.533949153054643,0.0,0
6.0,2.0,48.0,62.0,30972.8842403762,15986.2762154003,14986.6080249759,5468.1986435463505,3421.90944344568,2046.28920010067,42213.9465999939,ra,1.0,1.0,0.0,80.4499999999999,25.11212759843984,55.33787240156007,56.80444952776163,18.533949153054643,38.27050037470699,21.96275384835702,21.96275384835702,0.0,1
6.0,2.0,3.0,63.0,43852.3829830634,22912.2538280909,20940.1291549725,3553.90060489654,3553.90060489654,0.0,60876.2242421798,link,0.0,0.0,0.0,0.0,0.0,0.0,60.23325422306401,21.96275384835702,38.27050037470699,89.8750779531816,51.60457757847462,38.27050037470699,0
7.0,2.0,0.0,64.0,11819.72883309257,5668.99952865367,6150.7293044389,2312.63273856917,0.0,2312.63273856917,0.0,link,0.0,0.0,0.0,0.0,0.0,0.0,0.0,0.0,0.0,19.288848960693457,0.0,19.288848960693457,0
7.0,2.0,46.0,65.0,16750.43996107374,8281.7922636936,8468.64769738014,443.9117156207323,439.374363225034,4.53735239569832,6667.95544755655,ra,1.0,1.0,0.0,42.84594996689734,3.664665637610951,39.181284329286385,39.143439883178516,0.0,39.143439883178516,0.0,0.0,0.0,1
7.0,2.0,47.0,66.0,16803.00194301874,8309.64474409952,8493.35719891922,469.00809295789134,4.43822753361236,464.569865424279,6721.47492677825,ra,0.0,0.0,-0.0,0.0,0.0,0.0,35.26862750315367,0.0,35.26862750315367,39.18045756398935,0.03701768081083461,39.143439883178516,0
7.0,2.0,2.0,67.0,31479.2646876848,14962.6751347339,16516.5895529509,2176.3869746183,2176.3869746183,0.0,25294.5418793567,link,0.0,0.0,0.0,0.0,0.0,0.0,35.3056451839645,0.03701768081083461,35.26862750315367,53.4581165787118,18.189489075558136,35.26862750315367,0
8.0,2.0,2.0,68.0,14782.3695846428,7482.84754160049,7299.52204304231,571.535173252439,0.0,571.535173252439,0.0,link,0.0,0.0,0.0,0.0,0.0,0.0,18.516289842740605,18.516289842740605,0.0,23.283261895298672,18.516289842740605,4.766972052558068,0
8.0,2.0,52.0,69.0,9208.20636712835,4168.18387658208,5040.02249054627,1091.488655298786,530.547783523534,560.940871775252,9055.82449812222,ra,1.0,1.0,0.0,27.620009366920034,22.941400623256374,4.678608743663659,18.516289842740605,18.516289842740605,0.0,0.0,0.0,0.0,1
8.0,2.0,0.0,70.0,9708.89067456805,5120.67365793185,4588.2170166362,557.603815055505,557.603815055505,0.0,21173.6853058851,link,0.0,0.0,0.0,0.0,0.0,0.0,0.0,0.0,0.0,4.6507755378255835,4.6507755378255835,0.0,0
9.0,2.0,2.0,71.0,31818.42313617,16104.8835451968,15713.5395909732,3261.48259711826,0.0,3261.48259711826,0.0,link,0.0,0.0,0.0,0.0,0.0,0.0,53.847764132650525,17.108853128755573,36.73891100389495,81.05063303377445,17.108853128755573,63.941779905018876,0
9.0,2.0,55.0,72.0,36693.0558776816,18116.8086480647,18576.2472296169,5325.486521774041,2708.00089398014,2617.4856277939,15445.3717833973,ra,1.0,0.0,1.0,39.69532783396787,39.69532783396787,0.0,32.01624540973405,17.108853128755573,14.907392280978474,36.73891073462062,-2.692743287713051e-07,36.73891100389495,1
9.0,2.0,7.0,73.0,31601.8542643027,15291.9117888883,16309.9424754144,3142.32996782434,3142.32996782434,0.0,33157.1268468838,link,0.0,0.0,0.0,0.0,0.0,0.0,14.907392011704145,-2.692743287713051e-07,14.907392280978474,41.11645111700987,26.2090588360314,14.907392280978474,0
10.0,2.0,3.0,74.0,31606.6695639389,16070.5474552074,15536.1221087315,43.8140689321546,0.0,43.8140689321546,0.0,link,0.0,0.0,0.0,0.0,0.0,0.0,69.78541989304254,38.64316682224883,31.142253070793714,70.1508574931816,38.64316682224883,31.50769067093278,0
10.0,2.0,53.0,75.0,20482.292071415,10386.9656808517,10095.3263905633,3859.97837178184,1960.6175793948,1899.36079238704,14793.4065314786,ra,1.0,1.0,0.0,80.45000000000002,26.73926115661301,53.710738843387006,107.65426441606994,38.64316682224883,69.0110975938211,59.39897417829026,28.256721107496546,31.142253070793714,1
10.0,2.0,4.0,76.0,20473.6189956967,10382.5344994114,10091.0844962853,45.079640330005,45.079640330005,0.0,15227.5355211014,link,0.0,0.0,0.0,0.0,0.0,0.0,97.26781870131765,28.256721107496546,69.0110975938211,97.64381198335768,28.632714389536577,69.0110975938211,0
11.0,2.0,3.0,77.0,48420.0541429227,24599.8231829302,23820.2309599925,1269.82131381751,0.0,1269.82131381751,0.0,link,0.0,0.0,0.0,0.0,0.0,0.0,79.67693470709784,48.23333235069226,31.44360235640559,90.26806364893294,48.23333235069226,42.03473129824068,0
11.0,2.0,54.0,78.0,48814.9931722971,24295.4347117739,24519.5584605232,3388.4082292149897,1701.63127736504,1686.77695184995,6967.48714814497,ra,2.0,0.0,2.0,140.480465854356,39.39360218581736,101.08686366853864,166.69499042702006,48.23333235069226,118.4616580763278,54.476035127485694,23.032432771080103,31.44360235640559,1
11.0,1.0,56.0,79.0,22284.9266194441,0.0,22284.9266194441,1685.09443322027,0.0,1685.09443322027,14053.3882390507,ra,0.0,0.0,-0.0,0.0,0.0,0.0,104.40688341850593,0.0,104.40688341850593,118.4616580763278,0.0,118.4616580763278,0
11.0,2.0,5.0,80.0,42919.8251598076,21285.3584845686,21634.466675239,2910.89526178855,2910.89526178855,0.0,19878.6900646546,link,0.0,0.0,0.0,0.0,0.0,0.0,127.43931618958604,23.032432771080103,104.40688341850593,151.71806054385664,47.3111771253507,104.40688341850593,0
12.0,2.0,4.0,81.0,53131.6723320628,26537.1834811746,26594.4888508882,1562.32443000799,0.0,1562.32443000799,0.0,link,0.0,0.0,0.0,0.0,0.0,0.0,294.604515816952,163.4672906914927,131.13722512545928,307.63530944684345,163.4672906914927,144.16801875535074,0
12.0,0.0,58.0,82.0,22288.895823896,22288.895823896,0.0,3364.25769729557,3364.25769729557,0.0,13722.6357161214,ra,1.0,1.0,0.0,65.32011411382499,65.32011411382499,0.0,163.4672906914927,163.4672906914927,0.0,126.20725611633834,126.20725611633834,0.0,1
12.0,1.0,57.0,83.0,22492.6689728353,0.0,22492.6689728353,3393.5923031971,0.0,3393.5923031971,13775.3691799331,ra,0.0,0.0,-0.0,0.0,0.0,0.0,102.83247620554492,0.0,102.83247620554492,131.13722512545928,0.0,131.13722512545928,0
12.0,2.0,5.0,84.0,44751.0771921405,22273.0392762582,22478.0379158823,1559.84087923299,1559.84087923299,0.0,20725.0958331826,link,0.0,0.0,0.0,0.0,0.0,0.0,229.03973232188326,126.20725611633834,102.83247620554492,242.0498115361279,139.21733533058298,102.83247620554492,0
13.0,2.0,4.0,85.0,25987.610544625597,13119.3784455626,12868.232099063,1205.38349046939,0.0,1205.38349046939,0.0,link,0.0,0.0,0.0,0.0,0.0,0.0,217.32735654726895,103.06547465773386,114.26188188953509,227.38103247238047,103.06547465773386,124.3155578146466,0
13.0,2.0,59.0,86.0,13974.00634747334,7033.00411775856,6941.00222971478,6883.850493770729,3777.52597161839,3106.32452215234,36309.8952864744,ra,0.0,-0.0,0.0,0.0,0.0,0.0,191.4186060866291,103.06547465773386,88.35313142889525,248.834360100598,134.5724782110629,114.26188188953509,0
13.0,1.0,63.0,87.0,7362.49465739319,0.0,7362.49465739319,661.497609325267,0.0,661.497609325267,54986.8926639146,ra,0.0,0.0,-0.0,0.0,0.0,0.0,82.83581462310221,0.0,82.83581462310221,88.35313142889525,0.0,88.35313142889525,0
13.0,0.0,62.0,88.0,7963.31449008736,7963.31449008736,0.0,1395.608479293,1395.608479293,0.0,55258.2918559062,ra,0.0,-0.0,0.0,0.0,0.0,0.0,134.5724782110629,134.5724782110629,0.0,146.21275331562154,146.21275331562154,0.0,0
13.0,2.0,70.0,89.0,20915.585370117602,10623.7234191176,10291.861951,6679.2986941238505,3389.00409366516,3290.29460045869,85720.8848871018,ra,0.0,-0.0,0.0,0.0,0.0,0.0,201.60538834259842,146.21275331562154,55.392635026976876,257.3150483874627,174.4792337643605,82.83581462310221,0
13.0,1.0,71.0,90.0,10312.6666929756,0.0,10312.6666929756,1325.87027770041,0.0,1325.87027770041,92148.0377185692,ra,0.0,0.0,-0.0,0.0,0.0,0.0,44.33402156816244,0.0,44.33402156816244,55.392635026976876,0.0,55.392635026976876,0
13.0,0.0,75.0,91.0,10865.4133062023,10865.4133062023,0.0,2225.2267853651,2225.2267853651,0.0,106351.198252807,ra,1.0,1.0,0.0,59.44041429084741,59.44041429084741,0.0,174.4792337643605,174.4792337643605,0.0,133.59864639733013,133.59864639733013,0.0,1
13.0,2.0,80.0,92.0,21769.3135715549,10924.7717317326,10844.5418398223,5231.40590135432,1587.86020641778,3643.54569493654,121274.128299309,ra,2.0,2.0,0.0,158.16211937356468,146.84242487606852,11.319694497496162,158.86284085027557,133.59864639733013,25.264194452945446,44.33402156816244,0.0,44.33402156816244,1
13.0,2.0,8.0,93.0,20326.8379673694,10049.6549230906,10277.1830442788,1199.97066882623,1199.97066882623,0.0,132616.969219855,link,0.0,0.0,0.0,0.0,0.0,0.0,25.264194452945446,0.0,25.264194452945446,35.272723953644274,10.008529500698828,25.264194452945446,0
14.0,2.0,5.0,94.0,94497.8226477467,47019.266876753,47478.5557709937,936.342520757964,0.0,936.342520757964,0.0,link,0.0,0.0,0.0,0.0,0.0,0.0,344.2697910272967,165.6843222668616,178.58546876043508,352.0794917018403,165.6843222668616,186.39516943497873,0
14.0,0.0,61.0,95.0,46935.1899031602,46935.1899031602,0.0,2174.78874504217,2174.78874504217,0.0,4629.48262057162,ra,1.0,1.0,0.0,80.44999999999999,80.44999999999999,0.0,165.6843222668616,165.6843222668616,0.0,103.37346339589723,103.37346339589723,0.0,1
14.0,1.0,60.0,96.0,47664.7520038718,0.0,47664.7520038718,2204.32457448694,0.0,2204.32457448694,4633.73189838993,ra,0.0,0.0,-0.0,0.0,0.0,0.0,160.19997975973453,0.0,160.19997975973453,178.58546876043508,0.0,178.58546876043508,0
14.0,2.0,6.0,97.0,94641.6911720278,46900.6207445268,47741.070427501,922.919420502059,922.919420502059,0.0,6596.60038925666,link,0.0,0.0,0.0,0.0,0.0,0.0,263.57344315563176,103.37346339589723,160.19997975973453,271.2711865145575,111.07120675482292,160.19997975973453,0
15.0,2.0,6.0,98.0,75207.4913410466,44538.3019109056,30669.189430141,1884.85015181653,0.0,1884.85015181653,0.0,link,0.0,0.0,0.0,0.0,0.0,0.0,226.7091094311487,172.36510034504448,54.34400908610422,242.4299756480747,172.36510034504445,70.06487530303025,0
15.0,1.0,64.0,99.0,16721.3274524539,0.0,16721.3274524539,6515.56424199958,0.0,6515.56424199958,25738.7432238461,ra,0.0,0.0,0.0,0.0,0.0,0.0,0.0,0.0,0.0,54.34400908610422,0.0,54.34400908610422,0
15.0,0.0,65.0,100.0,16271.068415411,16271.068415411,0.0,7891.47329091754,7891.47329091754,0.0,25740.9022185623,ra,3.0,3.0,0.0,238.1850785228299,238.1850785228299,0.0,172.36510034504445,172.36510034504445,0.0,0.0,0.0,0.0,1
15.0,2.0,0.0,101.0,10998.09198493645,5379.56194516866,5618.53003976779,1825.01257049708,1825.01257049708,0.0,48631.178555929,link,0.0,0.0,0.0,0.0,0.0,0.0,0.0,0.0,0.0,15.221782186420523,15.221782186420523,0.0,0
16.0,2.0,6.0,102.0,79740.5667298025,40135.9531021025,39604.6136277,2800.89558131599,0.0,2800.89558131599,0.0,link,0.0,0.0,0.0,0.0,0.0,0.0,297.3654304235806,84.64885421650467,212.71657620707592,320.7267064799353,84.64885421650467,236.07785226343057,0
16.0,1.0,66.0,103.0,29014.9759926702,0.0,29014.9759926702,4194.66206610603,0.0,4194.66206610603,12316.8385533337,ra,0.0,0.0,-0.0,0.0,0.0,0.0,177.73038852371343,0.0,177.73038852371343,212.71657620707592,0.0,212.71657620707592,0
16.0,0.0,67.0,104.0,29278.0080852545,29278.0080852545,0.0,4585.78782260726,4585.78782260726,0.0,12575.9466885105,ra,0.0,-0.0,0.0,0.0,0.0,0.0,84.64885421650467,84.64885421650467,0.0,122.8972830313565,122.8972830313565,0.0,0
16.0,0.0,72.0,105.0,28145.026567285,28145.026567285,0.0,3642.99524799985,3642.99524799985,0.0,25449.0803158335,ra,0.0,-0.0,0.0,0.0,0.0,0.0,122.8972830313565,122.8972830313565,0.0,153.28221356151442,153.28221356151442,0.0,0
16.0,1.0,74.0,106.0,25731.8558288299,0.0,25731.8558288299,3150.32793358614,0.0,3150.32793358614,32933.7519739179,ra,0.0,0.0,-0.0,0.0,0.0,0.0,151.45462122432255,0.0,151.45462122432255,177.73038852371343,0.0,177.73038852371343,0
16.0,0.0,76.0,107.0,25418.7221777421,25418.7221777421,0.0,6370.06870476076,6370.06870476076,0.0,49497.4689014342,ra,0.0,-0.0,0.0,1.3082668282038416e-09,1.3082668282038416e-09,0.0,153.28221356151442,153.28221356151442,0.0,206.41269600263917,206.41269600263917,0.0,0
16.0,1.0,77.0,108.0,25469.3693020146,0.0,25469.3693020146,3629.48335037293,0.0,3629.48335037293,49565.5184208006,ra,0.0,0.0,-0.0,0.0,0.0,0.0,121.18238863714163,0.0,121.18238863714163,151.45462122432255,0.0,151.45462122432255,0
16.0,1.0,82.0,109.0,26935.5497477119,0.0,26935.5497477119,4731.07688196937,0.0,4731.07688196937,67595.9687520987,ra,0.0,0.0,-0.0,0.0,0.0,0.0,81.72215533862116,0.0,81.72215533862116,121.18238863714163,0.0,121.18238863714163,0
16.0,0.0,83.0,110.0,27462.4751098044,27462.4751098044,0.0,5057.1026374567,5057.1026374567,0.0,68666.0746432526,ra,0.0,-0.0,0.0,0.0,0.0,0.0,206.41269600263917,206.41269600263917,0.0,248.59219442701004,248.59219442701004,0.0,0
16.0,1.0,86.0,111.0,27163.1527528195,0.0,27163.1527528195,4196.37690745412,0.0,4196.37690745412,81021.8926734055,ra,0.0,0.0,-0.0,-4.658100119259872e-08,0.0,-4.658100119259872e-08,46.72166472355956,0.0,46.72166472355956,81.72215533862116,0.0,81.72215533862116,0
16.0,0.0,89.0,112.0,29187.9984476255,29187.9984476255,0.0,6653.92810326968,6653.92810326968,0.0,92123.379066016,ra,0.0,-0.0,0.0,0.0,0.0,0.0,248.59219442701004,248.59219442701004,0.0,304.0902473771255,304.0902473771255,0.0,0
16.0,1.0,90.0,113.0,28376.9986665812,0.0,28376.9986665812,5601.68477510965,0.0,5601.68477510965,92203.5095301381,ra,0.0,0.0,-0.0,0.0,0.0,0.0,-5.325957323179282e-08,0.0,-5.325957323179282e-08,46.72166472355956,0.0,46.72166472355956,0
16.0,2.0,94.0,114.0,71124.20344709541,35553.8279012094,35570.375545886,8755.2397188011,4299.63877333859,4455.60094546251,106046.116569043,ra,6.0,0.0,6.0,419.1430310984162,272.5433342896287,146.59969680878748,413.52735785908766,304.0902473771255,109.4371104819622,67.40867417828356,67.40867423154313,-5.325957323179282e-08,1
16.0,2.0,12.0,115.0,71147.99996754559,35564.9999847632,35582.9999827824,2799.48715587504,2799.48715587504,0.0,113917.810760995,link,0.0,0.0,0.0,0.0,0.0,0.0,176.84578471350534,67.40867423154313,109.4371104819622,200.19531359308183,90.75820311111964,109.4371104819622,0
18.0,2.0,7.0,118.0,26949.9999999978,13587.9999999988,13361.999999999,1262.35088868617,0.0,1262.35088868617,0.0,link,0.0,0.0,0.0,0.0,0.0,0.0,22.15393067220586,22.15393067220586,0.0,32.68275144913979,22.15393067220586,10.528820776933932,0
18.0,0.0,68.0,119.0,13587.9186189986,13587.9186189986,0.0,1673.78287195478,1673.78287195478,0.0,12318.1380453438,ra,0.0,-0.0,0.0,0.0,0.0,0.0,22.15393067220586,22.15393067220586,0.0,36.11435970984466,36.11435970984466,0.0,0
18.0,1.0,69.0,120.0,13361.9322654755,0.0,13361.9322654755,3620.13302138755,0.0,3620.13302138755,12346.3056788137,ra,1.0,0.0,1.0,78.99813138018914,0.0,78.99813138018914,48.80388656881189,0.0,48.80388656881189,0.0,0.0,0.0,1
18.0,2.0,73.0,121.0,21133.145613699402,10354.0731302489,10779.0724834505,3099.0639764515,1773.46409345857,1325.59988299293,27186.3293839123,ra,2.0,2.0,0.0,160.9,30.300651715340088,130.59934828465992,204.46123637079887,36.11435970984466,168.34687666095422,69.40942919638496,20.60554262757308,48.80388656881189,1
18.0,2.0,81.0,122.0,17024.72901544851,8263.2955761644,8761.43343928411,10407.12701858784,5132.59342206241,5274.53359652543,76811.9776614867,ra,0.0,0.0,-0.0,0.0,0.0,0.0,144.95940639625823,20.60554262757308,124.35386376868516,231.76155955697442,63.41468289602021,168.34687666095422,0
18.0,0.0,84.0,123.0,7912.19781312535,7912.19781312535,0.0,1219.94777274037,1219.94777274037,0.0,91803.7907317536,ra,0.0,-0.0,0.0,-2.7090014662355013e-08,-2.7090014662355013e-08,0.0,63.41468289602021,63.41468289602021,0.0,73.58983438913249,73.58983438913249,0.0,0
18.0,1.0,85.0,124.0,8875.83878859374,0.0,8875.83878859374,1785.78492380043,0.0,1785.78492380043,91872.4611970398,ra,0.0,0.0,-0.0,0.0,0.0,0.0,109.459265462176,0.0,109.459265462176,124.35386376868516,0.0,124.35386376868516,0
18.0,2.0,92.0,125.0,47292.9371799686,22515.082655355,24777.8545246136,4754.45243720846,3104.7402940347,1649.71214317376,121334.732705969,ra,2.0,0.0,2.0,131.11426432774834,99.48537112564044,31.628893202107896,200.91832953996618,73.58983438913249,127.32849515083369,109.459265462176,0.0,109.459265462176,1
18.0,2.0,11.0,126.0,53098.002767233804,24816.3642256391,28281.6385415947,1125.0783643968,1125.0783643968,0.0,126075.531741563,link,0.0,0.0,0.0,0.0,0.0,0.0,127.32849515083369,0.0,127.32849515083369,136.7123745182168,9.3838793673831,127.32849515083369,0
19.0,2.0,7.0,127.0,19888.0,9830.0,10058.0,1832.522339,0.0,1832.522339,0.0,link,0.0,0.0,0.0,0.0,0.0,0.0,14.96097516020278,14.96097516020278,0.0,30.2453937171402,14.960975216718422,15.284418500421777,0
19.0,2.0,0.0,128.0,19888.0,9830.0,10058.0,1790.981765,1790.981765,0.0,18219.577121931,link,0.0,0.0,0.0,0.0,0.0,0.0,14.960975216718422,14.960975216718422,0.0,29.89891858792347,29.89891858792347,0.0,0
20.0,2.0,0.0,129.0,19481.0003447438,9701.00019990513,9780.00014483867,1585.94680206363,0.0,1585.94680206363,0.0,link,0.0,0.0,0.0,0.0,0.0,0.0,0.0,0.0,0.0,13.227819452053128,0.0,13.227819452053128,0
20.0,0.0,78.0,130.0,10133.9989103389,10133.9989103389,0.0,2201.81082897895,2201.81082897895,0.0,22308.8999344534,ra,1.0,1.0,0.0,18.364522741501414,18.364522741501414,0.0,0.0,0.0,0.0,0.0,0.0,0.0,1
20.0,1.0,79.0,131.0,10094.128472639,0.0,10094.128472639,2214.67932713437,0.0,2214.67932713437,22364.4498639692,ra,1.0,0.0,1.0,44.202852186007064,0.0,44.202852186007064,25.73099786818954,0.0,25.73099786818954,0.0,0.0,0.0,1
20.0,2.0,8.0,132.0,21962.979690817003,10983.9900500203,10978.9896407967,1594.24397947735,1594.24397947735,0.0,37253.2284842051,link,0.0,0.0,0.0,0.0,0.0,0.0,25.73099786818954,0.0,25.73099786818954,39.02802113253166,13.297023264342121,25.73099786818954,0
21.0,2.0,8.0,133.0,21649.000000000102,11074.0,10575.0000000001,371.58433599978,0.0,371.58433599978,0.0,link,0.0,0.0,0.0,0.0,0.0,0.0,27.216454373866554,27.216454373866554,0.0,30.31570745185153,27.216454373866554,3.0992530779849763,0
21.0,2.0,87.0,134.0,23288.9999999286,11776.9999999694,11511.9999999592,6542.5877927048805,3329.21173105459,3213.37606165029,29246.6421925882,ra,2.0,2.0,0.0,110.62301719267305,7.3950687756360445,103.227948417037,103.64277342997482,27.216454373866554,76.42631905610827,47.58915916966744,47.58915916966744,0.0,1
21.0,2.0,10.0,135.0,23288.9999999998,11776.9999999999,11511.9999999999,380.138005999835,380.138005999835,0.0,32474.4736101551,link,0.0,0.0,0.0,0.0,0.0,0.0,124.01547822577571,47.58915916966744,76.42631905610827,127.1860744296877,50.759755373579424,76.42631905610827,0
22.0,2.0,8.0,136.0,18089.34980232114,9293.63667702267,8795.71312529847,2541.60361777734,0.0,2541.60361777734,0.0,link,0.0,0.0,0.0,0.0,0.0,0.0,46.49370227920698,7.9427376168792705,38.55096466232771,67.69231608573415,7.9427376168792705,59.749578468854885,0
22.0,2.0,9.0,137.0,22551.7599214391,11229.4921808602,11322.2677405789,2598.64030591273,2598.64030591273,0.0,25496.1440920557,link,0.0,0.0,0.0,0.0,0.0,0.0,46.49370227920698,7.9427376168792705,38.55096466232771,68.16803886017797,29.61707419785027,38.55096466232771,0
24.0,2.0,9.0,140.0,25786.108144857702,12922.6073175015,12863.5008273562,310.22506737586,0.0,310.22506737586,0.0,link,0.0,0.0,0.0,0.0,0.0,0.0,126.87853509486723,90.6443253631159,36.23420973175134,129.46601228855954,90.6443253631159,38.82168692544365,0
24.0,0.0,88.0,141.0,12911.6129537198,12911.6129537198,0.0,904.521486357201,904.521486357201,0.0,7001.12487688288,ra,0.0,-0.0,0.0,0.0,0.0,0.0,90.6443253631159,90.6443253631159,0.0,98.18861808243484,98.18861808243484,0.0,0
24.0,1.0,91.0,142.0,12797.6950404071,0.0,12797.6950404071,2112.95769776524,0.0,2112.95769776524,10447.761196687,ra,0.0,0.0,-0.0,0.0,0.0,0.0,18.61077942532732,0.0,18.61077942532732,36.23420973175134,0.0,36.23420973175134,0
24.0,0.0,97.0,143.0,9570.73893282761,9570.73893282761,0.0,2755.77301226508,2755.77301226508,0.0,30840.5691895132,ra,0.0,-0.0,0.0,0.0,0.0,0.0,98.18861808243484,98.18861808243484,0.0,121.17354280352303,121.17354280352303,0.0,0
24.0,1.0,98.0,144.0,9946.42620888775,0.0,9946.42620888775,2231.33572547577,0.0,2231.33572547577,30857.3340619152,ra,0.0,0.0,-0.0,0.0,0.0,0.0,0.0,0.0,0.0,18.61077942532732,0.0,18.61077942532732,0
24.0,2.0,108.0,145.0,15887.70615160749,7870.70573058493,8017.00042102256,4501.986650504179,2168.3895853448,2333.59706515938,55766.1486133563,ra,3.0,0.0,3.0,170.95336283059493,85.91839758628561,85.03496524430933,186.74480307891196,121.17354280352303,65.57126027538892,53.340913226183886,53.340913226183886,0.0,1
24.0,2.0,114.0,146.0,28294.0206982518,14163.5504368669,14130.4702613849,3453.81695206723,2111.30760238217,1342.50934968506,76000.7341358558,ra,1.0,0.0,1.0,80.45,67.61326811192343,12.836731888076574,120.55151133631797,53.340913226183886,67.21059811013409,68.90857283607235,3.337312560683433,65.57126027538892,1
24.0,2.0,15.0,147.0,28738.6713502246,14383.3123439625,14355.3590062621,310.87767950128,310.87767950128,0.0,78175.474803374,link,0.0,0.0,0.0,0.0,0.0,0.0,70.54791067081752,3.337312560683433,67.21059811013409,73.14083107064766,5.930232960513579,67.21059811013409,0
25.0,2.0,9.0,148.0,18444.994544675952,9036.99752648209,9407.99701819386,3162.57397865205,0.0,3162.57397865205,0.0,link,0.0,0.0,0.0,0.0,0.0,0.0,93.21920836024054,29.42029333673782,63.79891502350272,119.59711557562531,29.42029333673782,90.1768222388875,0
25.0,2.0,10.0,149.0,19006.7279100321,9665.34291491844,9341.38499511366,3137.60809841466,3137.60809841466,0.0,35248.1726115327,link,0.0,0.0,0.0,0.0,0.0,0.0,93.21920836024054,29.42029333673782,63.79891502350272,119.38888402850657,55.58996900500384,63.79891502350272,0
26.0,2.0,10.0,150.0,39799.090315948604,19727.656489473,20071.4338264756,5432.50664953123,0.0,5432.50664953123,0.0,link,0.0,0.0,0.0,0.0,0.0,0.0,147.9715297177089,78.26298558349211,69.70854413421678,193.28213978266996,78.26298558349211,115.01915419917786,0
26.0,2.0,11.0,151.0,61239.0276416527,31319.7944712375,29919.2331704152,5527.09879983652,5527.09879983652,0.0,24120.7762535988,link,0.0,0.0,0.0,0.0,0.0,0.0,147.9715297177089,78.26298558349211,69.70854413421678,194.0710993393157,124.36255520509894,69.70854413421678,0
27.0,2.0,11.0,152.0,68446.95855219441,33632.3321209786,34814.6264312158,4475.01586176286,0.0,4475.01586176286,0.0,link,0.0,0.0,0.0,0.0,0.0,0.0,228.1246981834621,68.33228293242566,159.79241525103646,265.4492173838849,68.33228293242566,197.11693445145926,0
27.0,0.0,99.0,153.0,29715.9548515929,29715.9548515929,0.0,4959.0509597815,4959.0509597815,0.0,15398.2814879574,ra,0.0,-0.0,0.0,0.0,0.0,0.0,68.33228293242566,68.33228293242566,0.0,109.69396711008234,109.69396711008234,0.0,0
27.0,1.0,100.0,154.0,27462.2259431798,0.0,27462.2259431798,4427.60002896918,0.0,4427.60002896918,15788.2300471589,ra,0.0,0.0,-0.0,0.0,0.0,0.0,122.86337468492064,0.0,122.86337468492064,159.79241525103646,0.0,159.79241525103646,0
27.0,2.0,107.0,155.0,39803.000772140804,18775.2599855575,21027.7407865833,8521.51974910427,4077.761723511,4443.75802559327,32030.5850885025,ra,0.0,-0.0,0.0,0.0,0.0,0.0,195.4935331132276,109.69396711008234,85.79956600314527,266.5685052066067,143.70513052168607,122.86337468492064,0
27.0,0.0,111.0,156.0,14923.34787731,14923.34787731,0.0,3332.68370370798,3332.68370370798,0.0,51994.455333056,ra,0.0,-0.0,0.0,0.0,0.0,0.0,143.70513052168607,143.70513052168607,0.0,171.50186258488432,171.50186258488432,0.0,0
27.0,1.0,110.0,157.0,16064.7865328213,0.0,16064.7865328213,3656.83050998601,0.0,3656.83050998601,52217.7859827402,ra,0.0,0.0,-0.0,0.0,0.0,0.0,55.299240462646104,0.0,55.299240462646104,85.79956600314527,0.0,85.79956600314527,0
27.0,2.0,113.0,158.0,28115.7326932638,13396.479626617,14719.2530666468,8182.361978154309,4151.77442489818,4030.58755325613,80453.8359529617,ra,3.0,0.0,3.0,188.2495018443475,106.15574659682085,82.09375524752666,275.27715789628576,171.50186258488432,103.77529531140141,155.27383353880896,99.97459307616286,55.299240462646104,1
27.0,0.0,115.0,159.0,16210.1141141057,16210.1141141057,0.0,2741.86480754644,2741.86480754644,0.0,99290.1862589441,ra,0.0,-0.0,0.0,0.0,0.0,0.0,99.97459307616286,99.97459307616286,0.0,122.84351439746426,122.84351439746426,0.0,0
27.0,2.0,116.0,160.0,34177.789667498,16266.7915147338,17910.9981527642,6377.1162856009105,1294.98984691301,5082.1264386879,107271.26953268,ra,1.0,0.0,1.0,80.45,80.45,0.0,184.23059663892175,122.84351439746426,61.38708224145749,156.96986045339116,53.194565141989756,103.77529531140141,1
27.0,2.0,15.0,161.0,39893.9999998457,18725.9999999336,21167.9999999121,3972.00678523747,3972.00678523747,0.0,128894.513137464,link,0.0,0.0,0.0,0.0,0.0,0.0,114.58164738344725,53.194565141989756,61.38708224145749,147.7107463854346,86.3236641439771,61.38708224145749,0
28.0,2.0,11.0,162.0,61992.2787513973,31725.312247826,30266.9665035713,2390.70224064613,0.0,2390.70224064613,0.0,link,0.0,0.0,0.0,0.0,0.0,0.0,165.34898509637532,125.19751447974525,40.15147061663008,185.28898406843234,125.19751447974525,60.09146958868708,0
28.0,0.0,93.0,163.0,30439.2241679383,30439.2241679383,0.0,1072.78335284043,1072.78335284043,0.0,3445.55910715547,ra,0.0,-0.0,0.0,0.0,0.0,0.0,125.19751447974525,125.19751447974525,0.0,134.1452196961678,134.1452196961678,0.0,0
28.0,0.0,95.0,164.0,18498.9087746208,18498.9087746208,0.0,3967.26574657,3967.26574657,0.0,21968.3457181098,ra,3.0,3.0,0.0,167.23477537713904,167.23477537713904,0.0,134.1452196961678,134.1452196961678,0.0,0.0,0.0,0.0,1
28.0,1.0,96.0,165.0,17419.1863324911,0.0,17419.1863324911,4813.95264377551,0.0,4813.95264377551,22264.116411145,ra,0.0,0.0,-0.0,0.0,0.0,0.0,0.0,0.0,0.0,40.15147061663008,0.0,40.15147061663008,0
28.0,2.0,0.0,166.0,16044.98321671642,8425.39921826346,7619.58399845296,2682.96218463007,2682.96218463007,0.0,40879.2796779836,link,0.0,0.0,0.0,0.0,0.0,0.0,0.0,0.0,0.0,22.377635447036077,22.377635447036077,0.0,0
30.0,2.0,12.0,169.0,31173.0077127878,15334.6891591729,15838.3185536149,1373.0223382835,0.0,1373.0223382835,0.0,link,0.0,0.0,0.0,0.0,0.0,0.0,177.225103803405,42.702089441250365,134.52301436215464,188.6769958661258,42.702089441250365,145.97490642487543,0
30.0,0.0,101.0,170.0,15342.1685357064,15342.1685357064,0.0,288.700229956651,288.700229956651,0.0,1882.30501330568,ra,0.0,-0.0,0.0,0.0,0.0,0.0,42.702089441250365,42.702089441250365,0.0,45.11003560480622,45.11003560480622,0.0,0
30.0,1.0,102.0,171.0,15008.3801891543,0.0,15008.3801891543,2426.9547057033,0.0,2426.9547057033,15325.3757236118,ra,0.0,0.0,-0.0,0.0,0.0,0.0,114.28064644440276,0.0,114.28064644440276,134.52301436215464,0.0,134.52301436215464,0
30.0,0.0,103.0,172.0,14615.1043928834,14615.1043928834,0.0,2123.5391790608,2123.5391790608,0.0,15632.2115214018,ra,0.0,-0.0,0.0,0.0,0.0,0.0,45.11003560480622,45.11003560480622,0.0,62.82172229153935,62.82172229153935,0.0,0
30.0,2.0,13.0,173.0,18934.3901725728,9143.1385769236,9791.2515956492,1268.11665537119,1268.11665537119,0.0,27311.5905726122,link,0.0,0.0,0.0,0.0,0.0,0.0,177.10236873594212,62.82172229153935,114.28064644440276,187.67927972662903,73.39863328222626,114.28064644440276,0
31.0,2.0,12.0,174.0,61211.2617744492,30941.9007084376,30269.3610660116,584.87883138558,0.0,584.87883138558,0.0,link,0.0,0.0,0.0,0.0,0.0,0.0,163.57306971981131,126.52262305110823,37.050446668703074,168.4513364894339,126.52262305110823,41.9287134383257,0
31.0,1.0,106.0,175.0,29780.0349085717,0.0,29780.0349085717,3637.7163502508,0.0,3637.7163502508,10173.7794302971,ra,0.0,0.0,-0.0,0.0,0.0,0.0,6.709545551284215,0.0,6.709545551284215,37.050446668703074,0.0,37.050446668703074,0
31.0,0.0,105.0,176.0,30402.9541425937,30402.9541425937,0.0,3119.85205801169,3119.85205801169,0.0,10175.4293545811,ra,0.0,-0.0,0.0,1.1828628051305218e-08,1.1828628051305218e-08,0.0,126.52262305110823,126.52262305110823,0.0,152.54420187584338,152.54420187584338,0.0,0
31.0,2.0,109.0,177.0,62402.9342497772,31525.7279110326,30877.2063387446,6816.57046321175,3762.41918739273,3054.15127581902,22337.1483709023,ra,3.0,0.0,3.0,241.35,183.9252051149005,57.42479488509949,191.2049499556067,152.54420187584338,38.66074807976331,6.709545539455587,-1.1828628051305218e-08,6.709545551284215,1
31.0,2.0,14.0,178.0,62766.261417807,31611.057809806,31155.203608001,595.148026243029,595.148026243029,0.0,24222.213413882,link,0.0,0.0,0.0,0.0,0.0,0.0,38.66074806793468,-1.1828628051305218e-08,38.66074807976331,43.62466654751097,4.963918467747657,38.66074807976331,0
32.0,2.0,13.0,179.0,24034.0,12223.0,11811.0,4986.62400523132,0.0,4986.62400523132,0.0,link,0.0,0.0,0.0,0.0,0.0,0.0,146.08761856205268,73.39863328222626,72.68898527982643,187.67927972662903,73.39863328222626,114.28064644440276,0
32.0,2.0,104.0,180.0,24034.0000000012,12223.0000000006,11811.0000000006,545.6198680000059,277.486546000003,268.133322000003,2270.21285318104,ra,1.0,1.0,0.0,75.71305008743421,75.71305008743421,2.220446049250313e-16,143.85121367893797,73.39863328222626,70.45258039671171,72.68898527982643,0.0,72.68898527982643,1
32.0,2.0,16.0,181.0,35472.0,17897.0,17575.0,5106.43524839964,5106.43524839964,0.0,35413.5690178666,link,0.0,0.0,0.0,0.0,0.0,0.0,70.45258039671171,0.0,70.45258039671171,113.04354462170244,42.59096422499072,70.45258039671171,0
33.0,2.0,14.0,182.0,25491.3919282071,13297.3329457903,12194.0589824168,2901.96451332052,0.0,2901.96451332052,0.0,link,0.0,0.0,0.0,0.0,0.0,0.0,13.227633914757375,13.227633914757375,0.0,37.43189015084793,13.227634000187368,24.20425615066056,0
33.0,2.0,0.0,183.0,27433.9391849649,13761.9854531938,13671.9537317711,3014.56661334824,3014.56661334824,0.0,22213.6117866395,link,0.0,0.0,0.0,0.0,0.0,0.0,13.227634000187368,13.227634000187368,0.0,38.37106442976152,38.37106442976152,0.0,0
34.0,2.0,14.0,184.0,40290.9817282687,40289.5340857765,1.44764249220084,4807.99244961434,0.0,4807.99244961434,0.0,link,0.0,0.0,0.0,0.0,0.0,0.0,17.381550001993944,17.381550689089416,-6.870954736462039e-07,57.48330875429127,17.381550689089416,40.10175806520186,0
34.0,2.0,112.0,185.0,40084.6794214896,20069.2583308031,20015.4210906865,5879.593873458731,4738.49168603675,1141.10218742198,14615.9886216738,ra,2.0,2.0,0.0,89.95023951199619,56.90362823945546,33.04661127254072,40.91063288586476,17.381550689089416,23.52908219677534,-6.870954736462039e-07,0.0,-6.870954736462039e-07,1
34.0,0.0,120.0,186.0,19233.9789959859,19233.9789959859,0.0,2388.18736449935,2388.18736449935,0.0,26934.1491638682,ra,1.0,1.0,0.0,19.919023282600968,19.919023282600968,0.0,0.0,0.0,0.0,0.0,0.0,0.0,1
34.0,2.0,20.0,187.0,42848.933143860995,20473.5804606555,22375.3526832055,2247.13462765847,2247.13462765847,0.0,38220.8594846279,link,0.0,0.0,0.0,0.0,0.0,0.0,23.52908219677534,0.0,23.52908219677534,42.27163465846269,18.74255246168735,23.52908219677534,0
35.0,2.0,0.0,188.0,13637.0,6766.0,6871.0,2412.0267595,0.0,2412.0267595,0.0,link,0.0,0.0,0.0,0.0,0.0,0.0,32.46671750375988,0.0,32.46671750375988,52.5845767198893,0.0,52.5845767198893,0
35.0,2.0,16.0,189.0,13637.0,6766.0,6871.0,2375.167087,2375.167087,0.0,35104.4629542217,link,0.0,0.0,0.0,0.0,0.0,0.0,32.46671750375988,0.0,32.46671750375988,52.27714327240078,19.810425768640897,32.46671750375988,0
36.0,2.0,15.0,190.0,63592.0,31158.0,32434.0,1263.515121,0.0,1263.515121,0.0,link,0.0,0.0,0.0,0.0,0.0,0.0,155.6321807671593,64.91346437277845,90.71871639438085,166.1707119926578,64.91346437277845,101.25724761987935,0
36.0,0.0,121.0,191.0,31158.0,31158.0,0.0,1862.749872,1862.749872,0.0,5978.40628225615,ra,1.0,1.0,0.0,80.44999999874612,80.44999999874612,0.0,64.91346437277845,64.91346437277845,0.0,0.0,0.0,0.0,1
36.0,1.0,122.0,192.0,32434.0,0.0,32434.0,2232.999815,0.0,2232.999815,6884.76410576914,ra,0.0,0.0,-0.0,0.0,0.0,0.0,72.09405738888732,0.0,72.09405738888732,90.71871639438085,0.0,90.71871639438085,0
36.0,2.0,17.0,193.0,63592.0,31158.0,32434.0,1496.20716,1496.20716,0.0,10780.4149902554,link,0.0,0.0,0.0,0.0,0.0,0.0,72.09405738888732,0.0,72.09405738888732,84.57339033347061,12.479332944583287,72.09405738888732,0
37.0,2.0,16.0,194.0,61280.6441162145,31014.1744637331,30266.4696524814,3075.32200703344,0.0,3075.32200703344,0.0,link,0.0,0.0,0.0,0.0,0.0,0.0,109.89049534805542,47.511378462741426,62.379116885314,135.54066483232285,47.511378462741426,88.02928636958141,0
37.0,0.0,117.0,195.0,31188.9181978021,31188.9181978021,0.0,476.264669971773,476.264669971773,0.0,1531.60155183027,ra,0.0,-0.0,0.0,0.0,0.0,0.0,47.511378462741426,47.511378462741426,0.0,51.4837330572214,51.4837330572214,0.0,0
37.0,2.0,18.0,196.0,64809.525076994905,32882.2900340846,31927.2350429103,2677.02300367325,2677.02300367325,0.0,9891.28354449013,link,0.0,0.0,0.0,0.0,0.0,0.0,113.8628499425354,51.4837330572214,62.379116885314,136.190948788919,73.81183190360501,62.379116885314,0
38.0,2.0,17.0,197.0,73980.9084088181,36437.7364219997,37543.1719868184,8581.89596317837,0.0,8581.89596317837,0.0,link,0.0,0.0,0.0,0.0,0.0,0.0,31.721555154939775,29.051674826591974,2.669880328347802,103.30010382347986,29.051674826591974,74.24842899688788,0
38.0,1.0,118.0,198.0,38288.3848812199,0.0,38288.3848812199,3563.20063608103,0.0,3563.20063608103,5385.57294187173,ra,1.0,0.0,1.0,57.200661893340516,0.0,57.200661893340516,30.15115023187447,0.0,30.15115023187447,2.669880328347802,0.0,2.669880328347802,1
38.0,0.0,119.0,199.0,38355.5663129252,38355.5663129252,0.0,2619.00122524035,2619.00122524035,0.0,7097.78606046679,ra,0.0,-0.0,0.0,0.0,0.0,0.0,29.051674826591974,29.051674826591974,0.0,50.895834609951045,50.895834609951045,0.0,0
38.0,1.0,123.0,200.0,41712.9401712972,0.0,41712.9401712972,2031.11145511135,0.0,2031.11145511135,14257.7141698898,ra,0.0,0.0,-0.0,0.0,0.0,0.0,13.210370389668952,0.0,13.210370389668952,30.15115023187447,0.0,30.15115023187447,0
38.0,0.0,124.0,201.0,40728.8663078391,40728.8663078391,0.0,2848.88985060576,2848.88985060576,0.0,14300.5054996462,ra,1.0,1.0,0.0,62.9481467844363,62.9481467844363,0.0,50.895834609951045,50.895834609951045,0.0,11.709267049713509,11.709267049713509,0.0,1
38.0,2.0,22.0,202.0,105896.4428578996,51540.438437961,54356.0044199386,8230.02197998083,8230.02197998083,0.0,31585.4341675124,link,0.0,0.0,0.0,0.0,0.0,0.0,24.919637439382463,11.709267049713509,13.210370389668952,93.56333008781179,80.35295969814284,13.210370389668952,0
39.0,2.0,17.0,203.0,25562.2788538132,12328.3002896388,13233.9785641744,1988.33296352279,0.0,1988.33296352279,0.0,link,0.0,0.0,0.0,0.0,0.0,0.0,43.571571528770775,22.868790439972145,20.702781088798634,60.15555115395241,22.868790439972145,37.286760713980264,0
39.0,2.0,24.0,204.0,21529.4529436522,10591.5844792127,10937.8684644395,1897.36879079567,1897.36879079567,0.0,17071.729881247,link,0.0,0.0,0.0,0.0,0.0,0.0,43.571571528770775,22.868790439972145,20.702781088798634,59.39685127078228,38.69407018198365,20.702781088798634,0
40.0,2.0,18.0,205.0,25932.8384078479,12821.1458632264,13111.6925446215,1674.79594495223,0.0,1674.79594495223,0.0,link,0.0,0.0,0.0,0.0,0.0,0.0,55.53176854551257,40.11693116548428,15.41483738002829,69.50064716743873,40.11693116548428,29.38371600195445,0
40.0,2.0,26.0,206.0,22387.8945153677,11334.7070106569,11053.1875047108,1671.62669728314,1671.62669728314,0.0,13785.5992106443,link,0.0,0.0,0.0,0.0,0.0,0.0,55.53176854551257,40.11693116548428,15.41483738002829,69.47421359733978,54.059376217311495,15.41483738002829,0
41.0,2.0,18.0,207.0,65100.0643805413,32409.6776559215,32690.3867246198,8031.94834387227,0.0,8031.94834387227,0.0,link,0.0,0.0,0.0,0.0,0.0,0.0,67.69113059717547,67.69113059717547,-4.440892098500626e-16,134.68276133958977,67.69113059717547,66.9916307424143,0
41.0,1.0,126.0,208.0,33015.8306660751,0.0,33015.8306660751,515.744798385718,0.0,515.744798385718,1570.62189366782,ra,1.0,0.0,1.0,71.46230239227667,0.0,71.46230239227667,67.16065805748258,0.0,67.16065805748258,-4.440892098500626e-16,0.0,-4.440892098500626e-16,1
41.0,0.0,125.0,209.0,32828.8089278736,32828.8089278736,0.0,517.979810454405,517.979810454405,0.0,1588.99980042748,ra,1.0,1.0,0.0,72.01141637446895,72.01141637446895,0.0,67.69113059717547,67.69113059717547,0.0,0.0,0.0,0.0,1
41.0,2.0,25.0,210.0,107717.843361102,52411.8634929897,55305.9798681123,8019.3953752296,8019.3953752296,0.0,19664.6825171201,link,0.0,0.0,0.0,0.0,0.0,0.0,67.16065805748258,0.0,67.16065805748258,134.04758894327088,66.8869308857883,67.16065805748258,0
42.0,2.0,0.0,211.0,64323.0,34358.0,29965.0,292.1437675,0.0,292.1437675,0.0,link,0.0,0.0,0.0,0.0,0.0,0.0,49.614161823921606,0.0,49.614161823921606,52.05082931207707,0.0,52.05082931207707,0
42.0,2.0,21.0,212.0,64323.0,34358.0,29965.0,334.973321,334.973321,0.0,974.993087217836,link,0.0,0.0,0.0,0.0,0.0,0.0,49.614161823921606,0.0,49.614161823921606,52.408055418383334,2.7938935944617276,49.614161823921606,0
43.0,2.0,20.0,213.0,150198.49863614672,75767.4489434685,74431.0496926782,256.538715958994,0.0,256.538715958994,0.0,link,0.0,0.0,0.0,0.0,0.0,0.0,86.20373529529819,86.20373529529819,0.0,88.34343368414173,86.20373529529819,2.1396983888435397,0
43.0,2.0,127.0,214.0,143910.6207571261,71622.8655725805,72287.7551845456,14695.55070776022,7361.67405319568,7333.87665456454,10005.6920912667,ra,4.0,0.0,4.0,305.8456796258365,146.66656036406408,159.17911926177246,184.21359204210074,86.20373529529819,98.00985674680254,0.9382856833901588,0.9382856833901588,0.0,1
43.0,2.0,22.0,215.0,143835.3128743358,71573.2272359724,72262.0856383634,254.135111440735,254.135111440735,0.0,10360.6755425037,link,0.0,0.0,0.0,0.0,0.0,0.0,98.9481424301927,0.9382856833901588,98.00985674680254,101.06779320674539,3.057936459942858,98.00985674680254,0
44.0,2.0,20.0,216.0,153959.0,74263.0,79696.0,3498.6544,0.0,3498.6544,0.0,link,0.0,0.0,0.0,0.0,0.0,0.0,97.98455897013164,15.253056321702246,82.7315026484294,127.16559371109042,15.253056321702246,111.91253738938818,0
44.0,2.0,21.0,217.0,153959.0,74263.0,79696.0,3260.1457,3260.1457,0.0,4390.04714603225,link,0.0,0.0,0.0,0.0,0.0,0.0,97.98455897013164,15.253056321702246,82.7315026484294,125.17627728683289,42.44477463840349,82.7315026484294,0
45.0,2.0,20.0,218.0,62196.7600253059,32348.664026557,29848.0959987489,1778.43165752251,0.0,1778.43165752251,0.0,link,0.0,0.0,0.0,0.0,0.0,0.0,22.64218174817009,22.64218174817009,0.0,37.47544907019689,22.64218174817009,14.833267322026797,0
45.0,2.0,129.0,219.0,59803.760630072604,31496.7732925594,28306.9873375132,6019.40155695864,3144.57563370826,2874.82592325038,9849.37897275001,ra,2.0,0.0,2.0,85.60863950242376,33.86232783225172,51.746311670172034,50.41059061645971,22.64218174817009,27.76840886828962,15.007643323415493,15.007643323415493,0.0,1
45.0,2.0,27.0,220.0,59265.8366310976,31619.7156039958,27646.1210271018,2008.7677610147,2008.7677610147,0.0,16227.5537304541,link,0.0,0.0,0.0,0.0,0.0,0.0,42.77605219170511,15.007643323415493,27.76840886828962,59.530471210825134,31.762062342535515,27.76840886828962,0
46.0,2.0,21.0,221.0,122056.3633115633,58092.1447118619,63964.2185997014,6279.26064472807,0.0,6279.26064472807,0.0,link,0.0,0.0,0.0,0.0,0.0,0.0,93.09220111871181,29.17914476018989,63.91305635852192,145.46528575986557,29.17914476018989,116.28614099967568,0
46.0,2.0,23.0,222.0,131872.7061463396,62497.919354533,69374.7867918066,5678.0443937591,5678.0443937591,0.0,9404.55520736285,link,0.0,0.0,0.0,0.0,0.0,0.0,93.09220111871181,29.17914476018989,63.91305635852192,140.45075437135387,76.53769801283195,63.91305635852192,0
47.0,2.0,22.0,223.0,38579.2955378498,18952.692150841,19626.6033870088,1763.21916642734,0.0,1763.21916642734,0.0,link,0.0,0.0,0.0,0.0,0.0,0.0,43.20980031194163,15.053427332998474,28.156372978943153,57.91618564438274,15.053427332998474,42.86275831138427,0
47.0,2.0,128.0,224.0,35162.6248298969,17399.4597199651,17763.1651099318,7435.63799543393,3663.38542984375,3772.25256559018,19815.1127809066,ra,1.0,0.0,1.0,80.45000000000002,45.608425133808026,34.841574866192,46.58835523304904,15.053427332998474,31.534927900050565,28.156372978943153,0.0,28.156372978943153,1
47.0,2.0,28.0,225.0,35062.119983040204,16961.1414488018,18100.9785342384,1675.65153554322,1675.65153554322,0.0,29618.3313222541,link,0.0,0.0,0.0,0.0,0.0,0.0,31.534927900050562,0.0,31.534927900050562,45.51094269946248,13.976014799411919,31.534927900050565,0
48.0,2.0,24.0,226.0,16009.99993438885,7856.99996682075,8152.9999675681,2252.38793848172,0.0,2252.38793848172,0.0,link,0.0,0.0,0.0,0.0,0.0,0.0,23.187381006346307,23.187381006346307,0.0,41.973749469304984,23.187381006346307,18.786368462958677,0
48.0,2.0,0.0,227.0,10228.9496360124,5180.36917753558,5048.58045847682,2203.40390841478,2203.40390841478,0.0,34790.8303429051,link,0.0,0.0,0.0,0.0,0.0,0.0,23.187381006346307,23.187381006346307,0.0,41.56519105806677,41.56519105806677,0.0,0
50.0,2.0,23.0,230.0,167288.29083468,89420.7692084569,77867.5216262231,2077.52908786604,0.0,2077.52908786604,0.0,link,0.0,0.0,0.0,0.0,0.0,0.0,134.32084713146975,83.04630827197734,51.27453885949242,151.64877997570017,83.04630827197734,68.60247170372284,0
50.0,2.0,25.0,231.0,167733.1420677742,89424.5683491475,78308.5737186267,2379.09007339684,2379.09007339684,0.0,2660.51340881896,link,0.0,0.0,0.0,0.0,0.0,0.0,134.32084713146975,83.04630827197734,51.27453885949242,154.1639931374495,102.88945427795707,51.27453885949242,0
51.0,2.0,23.0,232.0,68004.42841151671,33685.4721908872,34318.9562206295,2606.49863917702,0.0,2606.49863917702,0.0,link,0.0,0.0,0.0,0.0,0.0,0.0,66.81096250627269,43.365823871137856,23.44513863513483,88.55084265622015,43.365823871137856,45.1850187850823,0
51.0,0.0,130.0,233.0,33100.9959033154,33100.9959033154,0.0,783.162954686691,783.162954686691,0.0,2344.99727996629,ra,1.0,1.0,0.0,21.090808709351872,21.090808709351872,0.0,43.365823871137856,43.365823871137856,0.0,28.807099436398616,28.807099436398616,0.0,1
51.0,2.0,27.0,234.0,64426.2356563276,31754.4889250316,32671.746731296,1762.79400434887,1762.79400434887,0.0,7784.58868214326,link,0.0,0.0,0.0,0.0,0.0,0.0,52.25223807153344,28.807099436398616,23.44513863513483,66.95507727796041,43.50993864282558,23.44513863513483,0
53.0,2.0,24.0,237.0,26623.0,13216.0,13407.0,1301.2096815,0.0,1301.2096815,0.0,link,0.0,0.0,0.0,0.0,0.0,0.0,44.64926851306007,34.54623662018288,10.10303189287719,55.50219669056838,34.54623662018288,20.955960070385498,0
53.0,2.0,28.0,238.0,26623.0,13216.0,13407.0,1282.672272,1282.672272,0.0,9705.48649135397,link,0.0,0.0,0.0,0.0,0.0,0.0,44.64926851306007,34.54623662018288,10.10303189287719,55.347582736521666,45.244550843644475,10.10303189287719,0
54.0,2.0,25.0,239.0,63790.743083652196,33602.5555376766,30188.1875459756,914.669079332492,0.0,914.669079332492,0.0,link,0.0,0.0,0.0,0.0,0.0,0.0,58.97011843789819,58.97011843789819,0.0,66.59904862902603,58.97011843789819,7.628930191127832,0
54.0,2.0,131.0,240.0,33762.4415586177,17029.2127372484,16733.2288213693,7185.4180023402205,3714.28097177565,3471.13703056457,14118.0595783865,ra,3.0,3.0,0.0,162.4860300156319,89.40313574834519,73.08289426728673,103.1014905772682,58.97011843789819,44.13137213937,0.546482143705262,0.546482143705262,0.0,1
54.0,2.0,26.0,241.0,32484.7744574449,16371.3543459377,16113.4201115072,929.571492526024,929.571492526024,0.0,19751.6727385701,link,0.0,0.0,0.0,0.0,0.0,0.0,44.67785428307526,0.546482143705262,44.13137213937,52.43108021405227,8.299708074682272,44.13137213937,0
55.0,2.0,26.0,242.0,35611.1999360093,17306.4999689679,18304.6999670414,3651.95402706089,0.0,3651.95402706089,0.0,link,0.0,0.0,0.0,0.0,0.0,0.0,33.27252729959217,33.27252729959217,0.0,63.732179826588876,33.27252729959217,30.45965252699671,0
55.0,2.0,132.0,243.0,34335.6700861098,16687.9002306099,17647.7698554999,3806.71617873812,1850.01487529755,1956.70130344057,10714.2329169781,ra,1.0,0.0,1.0,65.02299601142803,48.702844837485685,16.320151173942357,33.27252729959217,33.27252729959217,0.0,0.0,0.0,0.0,1
55.0,2.0,0.0,244.0,9015.00027880696,4116.00014201232,4899.00013679464,3382.27393180499,3382.27393180499,0.0,47911.3668726574,link,0.0,0.0,0.0,0.0,0.0,0.0,0.0,0.0,0.0,28.21034655707653,28.21034655707653,0.0,0
56.0,2.0,27.0,245.0,67553.5172847849,34432.267085203,33121.2501995819,2367.02370971695,0.0,2367.02370971695,0.0,link,0.0,0.0,0.0,0.0,0.0,0.0,43.80095823059757,43.80095823059757,0.0,63.5434629792585,43.80095823059757,19.742504748660927,0
56.0,1.0,134.0,246.0,28345.0537807391,0.0,28345.0537807391,1429.46120190489,0.0,1429.46120190489,14670.9425066938,ra,1.0,0.0,1.0,73.01854677531554,0.0,73.01854677531554,61.09591818026503,0.0,61.09591818026503,0.0,0.0,0.0,1
56.0,0.0,133.0,247.0,28758.648000424,28758.648000424,0.0,4635.2223561875,4635.2223561875,0.0,14715.488271793,ra,0.0,-0.0,0.0,0.0,0.0,0.0,43.80095823059757,43.80095823059757,0.0,82.46170294661647,82.46170294661647,0.0,0
56.0,2.0,135.0,248.0,47006.1040822862,24072.8864014428,22933.2176808434,5972.33806438385,1468.70673835056,4503.63132603329,20490.1826432686,ra,2.0,2.0,0.0,96.53786852326998,90.17766118668658,6.360207336583402,112.35463783067541,82.46170294661647,29.89293488405895,65.62992162720465,4.534003446939616,61.09591818026503,1
56.0,2.0,29.0,249.0,45237.3265637856,23422.054813021,21815.2717507646,2510.31569035993,2510.31569035993,0.0,31051.5111500156,link,0.0,0.0,0.0,0.0,0.0,0.0,34.42693833099857,4.534003446939616,29.89293488405895,55.36459063845912,25.471655754400174,29.89293488405895,0
57.0,2.0,28.0,250.0,21608.0,10785.0,10823.0,664.304917,0.0,664.304917,0.0,link,0.0,0.0,0.0,0.0,0.0,0.0,23.123337412973704,23.123337412973704,0.0,28.664068975818765,23.123337412973704,5.540731562845059,0
57.0,2.0,0.0,251.0,21608.0,10785.0,10823.0,661.972515,661.972515,0.0,6137.90628624439,link,0.0,0.0,0.0,0.0,0.0,0.0,23.123337412973704,23.123337412973704,0.0,28.64461523846423,28.64461523846423,0.0,0
59.0,2.0,29.0,254.0,41763.642422810604,21836.3114479028,19927.3309749078,64.1922987606669,0.0,64.1922987606669,0.0,link,0.0,0.0,0.0,0.0,0.0,0.0,56.47343409684967,25.037951075950865,31.435483020898804,57.00883928012156,25.037951075950865,31.9708882041707,0
59.0,0.0,137.0,255.0,11226.9471972143,11226.9471972143,0.0,4281.44265472418,4281.44265472418,0.0,25939.71611319,ra,1.0,1.0,0.0,60.747944852109235,60.747944852109235,0.0,25.037951075950865,25.037951075950865,0.0,0.0,0.0,0.0,1
59.0,1.0,138.0,256.0,8142.41876965786,0.0,8142.41876965786,3768.95103150065,0.0,3768.95103150065,26235.4919576393,ra,0.0,0.0,-0.0,0.0,0.0,0.0,0.0,0.0,0.0,31.435483020898804,0.0,31.435483020898804,0
59.0,2.0,0.0,257.0,19030.16772086208,11064.8956674036,7965.27205345848,121.795390046012,121.795390046012,0.0,27032.7504548799,link,0.0,0.0,0.0,0.0,0.0,0.0,0.0,0.0,0.0,1.015852125383205,1.015852125383205,0.0,0
60.0,2.0,29.0,258.0,15204.99963875321,7325.99983936264,7878.99979939057,589.761879951074,0.0,589.761879951074,0.0,link,0.0,0.0,0.0,0.0,0.0,0.0,21.441762071815436,14.436207307588951,7.005554764226484,26.360756616616847,14.436207307588951,11.924549309027896,0
60.0,2.0,136.0,259.0,13825.298552554461,6712.48148642337,7112.81706613109,1621.703087201606,781.773481624616,839.92960557699,10738.6315701673,ra,1.0,1.0,0.0,20.956702480489774,20.956702480489774,0.0,14.436207307588951,14.436207307588951,0.0,7.005554764226484,0.0,7.005554764226484,1
60.0,2.0,0.0,260.0,9900.0011340695,4967.00050429217,4933.00062977733,588.144298822839,588.144298822839,0.0,22135.2935483001,link,0.0,0.0,0.0,0.0,0.0,0.0,0.0,0.0,0.0,4.905502874661215,4.905502874661215,0.0,0
