Time of calculation: 20220106-145854; value of objective: -5303232.24893577;  acc=27.333333333333332;  cfix=35000;  cvar=17750;  eta=0.014;  mu=0.1859430513361825;  i=
segment_id,dir,type_ID,POI_ID,traffic_flow,traffic_flow_0,traffic_flow_1,energy_demand,energy_demand_0,energy_demand_1,dist_along_segment,pois_type,pYi_dir,pYi_dir_0,pYi_dir_1,pE_charged,pE_charged_0,pE_charged_1,pE_input,pE_input_0,pE_input_1,pE_output,pE_output_0,pE_output_1,pXi
0.0,2.0,0.0,0.0,26540.636112053,13243.0239038645,13297.6122081885,4423.92123143818,0.0,4423.92123143818,0.0,link,0.0,0.0,0.0,0.0,0.0,0.0,0.0,0.0,0.0,28.855020153625638,0.0,28.855020153625638,0
0.0,2.0,1.0,1.0,26594.7769799282,13269.4415749127,13325.3354050155,810.003976920776,31.774775427221,778.229201493555,239.715824101164,ra,17.0,0.0,17.0,133.777271676265,0.20725092906577958,133.5700207471992,128.49402184973775,0.0,128.49402184973775,0.0,0.0,0.0,1
0.0,2.0,0.0,2.0,45891.0713847726,24132.5354848012,21758.5358999714,10453.07839190074,5371.86342144895,5081.21497045179,24427.462160298,ra,0.0,0.0,0.0,0.0,0.0,0.0,95.35180418651181,0.0,95.35180418651181,163.5319936352442,35.037971785506436,128.49402184973775,0
0.0,1.0,2.0,3.0,5594.60627343411,0.0,5594.60627343411,2065.98540498995,0.0,2065.98540498995,68504.6013106114,ra,0.0,0.0,0.0,0.0,0.0,0.0,81.87641722111113,0.0,81.87641722111113,95.35180418651181,0.0,95.35180418651181,0
0.0,0.0,3.0,4.0,4553.08388931748,4553.08388931748,0.0,7187.4483251383,7187.4483251383,0.0,79329.1374904099,ra,0.0,0.0,0.0,0.0,0.0,0.0,35.037971785506436,35.037971785506436,0.0,81.91809361072855,81.91809361072855,0.0,0
0.0,2.0,4.0,5.0,7895.539602766939,4645.32330643337,3250.21629633357,2342.9750495919798,1038.66179081139,1304.31325878059,104473.71241617,ra,3.0,3.0,0.0,24.0,0.0,24.0,179.28712939355853,81.91809361072855,97.36903578282998,170.56918093529455,88.69276371418343,81.87641722111113,1
0.0,2.0,5.0,6.0,19815.36822147166,9562.72950758806,10252.6387138836,7959.02626511719,2076.95503589247,5882.07122922472,133409.21035476,ra,4.0,0.0,4.0,21.766195599448626,0.0389589656382725,21.727236633810353,169.42323462012104,88.69276371418343,80.73047090593762,199.56977689926532,102.20074111643535,97.36903578282998,1
0.0,2.0,6.0,7.0,38420.413170467305,19234.6634945469,19185.7496759204,10291.73164091456,4957.10120865155,5334.63043226301,173065.413799776,ra,7.0,0.0,7.0,56.00000000000001,37.11174216225264,18.888257837747368,167.0243501954214,102.20074111643535,64.82360907898602,178.15215568253547,97.42168477659783,80.73047090593762,1
0.0,1.0,7.0,8.0,21229.4573799075,0.0,21229.4573799075,31.9071906889248,0.0,31.9071906889248,176940.22069629,ra,0.0,0.0,0.0,0.0,0.0,0.0,64.61549447155772,0.0,64.61549447155772,64.82360907898602,0.0,64.82360907898602,0
0.0,2.0,0.0,9.0,50605.7308716768,25638.9023938735,24966.8284778033,5210.17855174236,5210.17855174236,0.0,194059.964946131,link,0.0,0.0,0.0,0.0,0.0,0.0,162.03717924815555,97.42168477659783,64.61549447155772,196.02056169315438,131.40506722159665,64.61549447155772,0
1.0,2.0,0.0,10.0,41635.2696746832,21021.6267553003,20613.6429193829,39.7761865009555,0.0,39.7761865009555,0.0,link,0.0,0.0,0.0,0.0,0.0,0.0,119.29567404730355,96.62153232575389,22.674141721549656,119.55511416910389,96.62153232575389,22.933581843349998,0
1.0,2.0,8.0,11.0,39859.9435983602,20128.7100274165,19731.2335709437,2276.328443367862,1715.72731424055,560.601129127312,8218.21591932416,ra,0.0,0.0,0.0,0.0,0.0,0.0,115.6391539528318,96.62153232575389,19.017621627077915,130.48650309704288,107.81236137549324,22.674141721549656,0
1.0,0.0,9.0,12.0,15021.9786197919,15021.9786197919,0.0,1426.84265640488,1426.84265640488,0.0,16747.0640478161,ra,0.0,0.0,0.0,0.0,0.0,0.0,107.81236137549324,107.81236137549324,0.0,117.11894064142447,117.11894064142447,0.0,0
1.0,2.0,10.0,13.0,29629.2702066633,14994.1517039878,14635.1185026755,191.32891529796441,24.7111120586864,166.617803239278,16911.7407621753,ra,0.0,0.0,0.0,0.0,0.0,0.0,135.04979787580564,117.11894064142447,17.930857234381158,136.29774046295233,117.2801188358744,19.017621627077915,0
1.0,2.0,14.0,14.0,23126.816645439998,11846.3351177034,11280.4815277366,2715.58896866506,1386.75954291372,1328.82942575134,27721.2649615329,ra,0.0,0.0,0.0,0.0,0.0,0.0,126.5436879665927,117.2801188358744,9.263569130718292,144.25611328351457,126.3252560491334,17.930857234381158,0
1.0,1.0,13.0,15.0,11337.2619320883,0.0,11337.2619320883,1420.24853693026,0.0,1420.24853693026,29194.6309655969,ra,0.0,0.0,0.0,0.0,0.0,0.0,0.0,0.0,0.0,9.263569130718292,0.0,9.263569130718292,0
1.0,0.0,12.0,16.0,11885.5265358471,11885.5265358471,0.0,208.504810997731,208.504810997731,0.0,29478.4736802298,ra,0.0,0.0,0.0,0.0,0.0,0.0,126.3252560491334,126.3252560491334,0.0,127.68522839238227,127.68522839238227,0.0,0
1.0,0.0,15.0,17.0,11960.1701828351,11960.1701828351,0.0,465.471180470787,465.471180470787,0.0,33381.7233696118,ra,0.0,0.0,0.0,0.0,0.0,0.0,127.68522839238227,127.68522839238227,0.0,130.72126352744957,130.72126352744957,0.0,0
1.0,2.0,16.0,18.0,23460.935326572,11970.3853891252,11490.5499374468,1768.668281716874,86.3301716488441,1682.33811006803,34103.2604930604,ra,19.0,19.0,0.0,142.25739996481283,131.28435195341225,10.973048011400566,130.72126352744957,130.72126352744957,0.0,0.0,0.0,0.0,1
1.0,2.0,0.0,19.0,23472.9532848191,11974.8809399587,11498.0723448604,41.4313703808343,41.4313703808343,0.0,34449.3464575004,link,0.0,0.0,0.0,0.0,0.0,0.0,0.0,0.0,0.0,0.2702360563826436,0.2702360563826436,0.0,0
2.0,2.0,0.0,20.0,68929.1689525749,33758.8137930879,35170.355159487,2037.30449092795,0.0,2037.30449092795,0.0,link,0.0,0.0,0.0,0.0,0.0,0.0,181.9356040326743,94.16277102157397,87.77283301110032,195.2239197755129,94.16277102157397,101.06114875393894,0
2.0,1.0,11.0,21.0,34398.2821383792,0.0,34398.2821383792,0.177994253383828,0.0,0.177994253383828,2598.41164546074,ra,0.0,0.0,0.0,0.0,0.0,0.0,87.77167204382718,0.0,87.77167204382718,87.77283301110032,0.0,87.77283301110032,0
2.0,0.0,17.0,22.0,24285.974119979,24285.974119979,0.0,5629.75346622784,5629.75346622784,0.0,19826.0309188716,ra,0.0,0.0,0.0,0.0,0.0,0.0,94.16277102157397,94.16277102157397,0.0,130.882830269812,130.882830269812,0.0,0
2.0,1.0,18.0,23.0,24186.0911430872,0.0,24186.0911430872,4128.06929715106,0.0,4128.06929715106,19924.5544753991,ra,0.0,0.0,0.0,0.0,0.0,0.0,60.84634572509126,0.0,60.84634572509126,87.77167204382718,0.0,87.77167204382718,0
2.0,0.0,19.0,24.0,24395.8043620461,24395.8043620461,0.0,1107.94961707917,1107.94961707917,0.0,24376.283905319,ra,0.0,0.0,0.0,0.0,0.0,0.0,130.882830269812,130.882830269812,0.0,138.10943012489756,138.10943012489756,0.0,0
2.0,0.0,20.0,25.0,18382.7449604955,18382.7449604955,0.0,3193.59583085962,3193.59583085962,0.0,38424.0480859037,ra,0.0,0.0,0.0,0.0,0.0,0.0,138.10943012489756,138.10943012489756,0.0,158.93965454370613,158.93965454370613,0.0,0
2.0,1.0,21.0,26.0,18491.6133654888,0.0,18491.6133654888,4453.99249618843,0.0,4453.99249618843,38987.6806255175,ra,0.0,0.0,0.0,0.0,0.0,0.0,31.795185788449785,0.0,31.795185788449785,60.84634572509126,0.0,60.84634572509126,0
2.0,2.0,22.0,27.0,37060.499514109295,18323.8494067353,18736.650107374,9037.685965220891,4162.99183164668,4874.69413357421,60686.5331745626,ra,17.0,17.0,0.0,136.0,136.0,0.0,158.93965454370613,158.93965454370613,0.0,81.88794883415625,50.09276304570646,31.795185788449785,1
2.0,2.0,23.0,28.0,37058.9029265594,18323.1127403572,18735.7901862022,905.670862196634,0.17407320896991,905.496788987664,60687.5223097686,ra,7.0,7.0,0.0,56.0,50.0938984379728,5.906101562027203,50.09276304570646,50.09276304570646,0.0,0.0,0.0,0.0,1
2.0,2.0,0.0,29.0,23931.6001633626,12393.9415716933,11537.6585916693,2066.87595360883,2066.87595360883,0.0,74788.4585560346,link,0.0,0.0,0.0,0.0,0.0,0.0,0.0,0.0,0.0,13.48119556754373,13.48119556754373,0.0,0
3.0,2.0,0.0,30.0,27844.0,14880.0,12964.0,276.638796,0.0,276.638796,0.0,link,0.0,0.0,0.0,0.0,0.0,0.0,0.0,0.0,0.0,1.804376166810663,0.0,1.804376166810663,0
3.0,0.0,24.0,31.0,14880.0,14880.0,0.0,43.31568,43.31568,0.0,291.139117483826,ra,0.0,0.0,0.0,0.0,0.0,0.0,0.0,0.0,0.0,0.2825264632846266,0.2825264632846266,0.0,0
3.0,1.0,25.0,32.0,12964.0,0.0,12964.0,50.78647,0.0,50.78647,391.789662717657,ra,3.0,0.0,3.0,24.000000000000004,0.0,24.000000000000004,23.668745319205176,0.0,23.668745319205176,0.0,0.0,0.0,1
3.0,2.0,1.0,33.0,27844.0,14880.0,12964.0,332.50104,332.50104,0.0,2525.71464164925,link,0.0,0.0,0.0,0.0,0.0,0.0,23.9512717824898,0.2825264632846266,23.668745319205176,26.12000935903622,2.4512640398310444,23.668745319205176,0
4.0,2.0,1.0,34.0,59761.3086274698,30037.3419745759,29723.9666528939,2541.48042300009,0.0,2541.48042300009,0.0,link,0.0,0.0,0.0,0.0,0.0,0.0,50.39012121514902,36.41452903294254,13.975592182206483,66.96692378219477,36.41452903294254,30.552394749252233,0
4.0,1.0,29.0,35.0,19741.1962074672,0.0,19741.1962074672,941.130780889781,0.0,941.130780889781,27421.918402147,ra,0.0,0.0,0.0,0.0,0.0,0.0,7.837067956958522,0.0,7.837067956958522,13.975592182206483,0.0,13.975592182206483,0
4.0,0.0,28.0,36.0,20188.7740020659,20188.7740020659,0.0,6913.40781708113,6913.40781708113,0.0,27456.2755376563,ra,0.0,-0.0,0.0,0.0,0.0,0.0,36.41452903294254,36.41452903294254,0.0,81.50722202089108,81.50722202089108,0.0,0
4.0,2.0,31.0,37.0,24242.04672144007,16011.0814154375,8230.96530600257,10336.618270691579,5459.80728965386,4876.81098103772,57952.4364496481,ra,24.0,0.0,24.0,190.83426208216406,114.10267014567863,76.73159193648543,134.26688899121302,81.50722202089108,52.75966697032195,10.85320537925472,3.016137422296197,7.837067956958522,1
4.0,2.0,30.0,38.0,24222.43641462717,16010.6884723873,8211.74794223987,2097.1816748164297,3.69851459408978,2093.48316022234,57975.5602403068,ra,1.663287768285727e-10,1.663287768285727e-10,0.0,2.044915928914296e-09,2.044915928914296e-09,0.0,42.121063356495874,3.016137422296197,39.10492593419968,55.799927946931454,3.0402609766095043,52.75966697032195,1
4.0,2.0,35.0,39.0,21337.9057816767,10925.6060783794,10412.2997032973,4724.82145770061,2596.38509090262,2128.43636679799,78476.4553474238,ra,0.0,-0.0,0.0,0.0,0.0,0.0,28.26246363282263,3.0402609766095043,25.222202656213128,59.080105098810634,19.97517916461096,39.10492593419968,0
4.0,0.0,40.0,40.0,10876.9999980846,10876.9999980846,0.0,1976.66074396654,1976.66074396654,0.0,96645.2667353262,ra,0.0,-0.0,0.0,0.0,0.0,0.0,19.97517916461096,19.97517916461096,0.0,32.86794615121778,32.86794615121778,0.0,0
4.0,1.0,41.0,41.0,10239.998724531,0.0,10239.998724531,1817.26058482465,0.0,1817.26058482465,99246.7072366671,ra,0.0,0.0,-0.0,0.0,0.0,0.0,13.369122988594832,0.0,13.369122988594832,25.222202656213128,0.0,25.222202656213128,0
4.0,2.0,42.0,42.0,15349.44862342799,7293.1561007636,8056.29252266439,2244.8438549829193,2242.94471998322,1.89913499969935,124531.184689634,ra,0.0,0.0,-0.0,0.0,0.0,0.0,46.22468203438646,32.86794615121778,13.356735883168685,60.86667298593666,47.49754999734183,13.369122988594832,0
4.0,2.0,45.0,43.0,29499.9997821141,14928.9998128104,14570.9999693037,9965.39545782924,4949.37419030477,5016.02126752447,160563.715389321,ra,18.0,0.0,18.0,144.0,62.069177882738714,81.93082211726127,110.06811617231372,47.49754999734183,62.570566174971894,31.067394353636896,17.71065847046821,13.356735883168685,1
4.0,2.0,49.0,44.0,29501.2496709625,14929.6109247903,14571.6387461722,7771.39511709413,964.25344768502,6807.14166940911,167022.616706975,ra,3.0,3.0,0.0,24.000000000000036,24.000000000000036,0.0,35.881652459673546,17.71065847046821,18.170993989205336,62.570566174971894,0.0,62.570566174971894,1
4.0,2.0,2.0,45.0,37135.979248738106,18661.9898553614,18473.9893933767,2580.11657231137,2580.11657231137,0.0,182066.45484822,link,0.0,0.0,0.0,0.0,0.0,0.0,18.170993989205336,0.0,18.170993989205336,34.999800787048166,16.82880679784283,18.170993989205336,0
5.0,2.0,1.0,46.0,68793.7826224039,33913.4453688065,34880.3372535974,3843.82209257494,0.0,3843.82209257494,0.0,link,0.0,0.0,0.0,0.0,0.0,0.0,48.81433275448697,23.403020754431964,25.411312000055005,73.88565707192836,23.403020754431964,50.48263631749641,0
5.0,1.0,26.0,47.0,36003.5240013336,0.0,36003.5240013336,3895.94746693039,0.0,3895.94746693039,10624.4240384357,ra,0.0,0.0,-0.0,0.0,0.0,0.0,0.0,0.0,0.0,25.411312000055005,0.0,25.411312000055005,0
5.0,0.0,27.0,48.0,32653.8009159093,32653.8009159093,0.0,4178.14177110393,4178.14177110393,0.0,12028.5386871855,ra,0.0,-0.0,0.0,0.0,0.0,0.0,23.403020754431964,23.403020754431964,0.0,50.65494471572633,50.65494471572633,0.0,0
5.0,2.0,32.0,49.0,33127.6679782642,16315.8916479239,16811.7763303403,9152.20454584315,5870.83645283758,3281.36809300557,39273.393575652,ra,23.0,0.0,23.0,184.00000000206614,0.0,184.00000000206614,213.25222583973533,50.65494471572633,162.597281124009,88.94746741288043,88.94746741288043,0.0,1
5.0,1.0,36.0,50.0,15728.3542233459,0.0,15728.3542233459,1275.7622080105,0.0,1275.7622080105,47330.3638647794,ra,0.0,0.0,-0.0,0.0,0.0,0.0,154.2761238569897,0.0,154.2761238569897,162.597281124009,0.0,162.597281124009,0
5.0,0.0,39.0,51.0,16181.0369578104,16181.0369578104,0.0,2402.71193975453,2402.71193975453,0.0,54808.4650706048,ra,0.0,-0.0,0.0,8.881784197001252e-15,8.881784197001252e-15,0.0,88.94746741288043,88.94746741288043,0.0,104.61915273862371,104.61915273862371,0.0,0
5.0,1.0,43.0,52.0,15425.0541977474,0.0,15425.0541977474,6550.91638851091,0.0,6550.91638851091,67696.5829264334,ra,5.0,0.0,5.0,38.758037240888434,0.0,38.758037240888434,150.30581795471872,0.0,150.30581795471872,154.2761238569897,0.0,154.2761238569897,1
5.0,0.0,44.0,53.0,16743.9409701348,16743.9409701348,0.0,2188.52376611744,2188.52376611744,0.0,67916.7177403682,ra,0.0,-0.0,0.0,0.0,0.0,0.0,104.61915273862371,104.61915273862371,0.0,118.8937959961118,118.8937959961118,0.0,0
5.0,1.0,50.0,54.0,23926.8657512302,0.0,23926.8657512302,3865.03208223887,0.0,3865.03208223887,86150.6446371155,ra,0.0,0.0,-0.0,0.0,0.0,0.0,125.09615152699385,0.0,125.09615152699385,150.30581795471872,0.0,150.30581795471872,0
5.0,0.0,51.0,55.0,23976.5917239922,23976.5917239922,0.0,3863.2104401925,3863.2104401925,0.0,86198.2118888899,ra,0.0,-0.0,0.0,0.0,0.0,0.0,118.8937959961118,118.8937959961118,0.0,144.09158078424932,144.09158078424932,0.0,0
5.0,2.0,4.0,56.0,48295.9987384735,24204.9992554563,24090.9994830172,3849.65902876729,3849.65902876729,0.0,102115.051061861,link,0.0,0.0,0.0,0.0,0.0,0.0,269.18773231124317,144.09158078424932,125.09615152699385,294.2971280369793,169.20097650998542,125.09615152699385,0
6.0,2.0,0.0,57.0,17593.52882743976,9370.08985369332,8223.43897374644,3280.58897165935,0.0,3280.58897165935,0.0,link,0.0,0.0,0.0,0.0,0.0,0.0,0.0,0.0,0.0,21.397637060146955,0.0,21.397637060146955,0
6.0,0.0,34.0,58.0,9440.70012643683,9440.70012643683,0.0,115.627916160566,115.627916160566,0.0,1229.56192943354,ra,0.0,0.0,0.0,0.0,0.0,0.0,0.0,0.0,0.0,0.7541829242855249,0.7541829242855249,0.0,0
6.0,0.0,33.0,59.0,9685.7540713875,9685.7540713875,0.0,302.822447135245,302.822447135245,0.0,4398.31801694572,ra,0.0,-0.0,0.0,0.0,0.0,0.0,0.7541829242855249,0.7541829242855249,0.0,2.729341919649711,2.729341919649711,0.0,0
6.0,1.0,38.0,60.0,13533.1360897293,0.0,13533.1360897293,3267.26796433001,0.0,3267.26796433001,19100.037855584,ra,17.0,0.0,17.0,132.47871850521946,0.0,132.47871850521946,111.16796769707517,0.0,111.16796769707517,0.0,0.0,0.0,1
6.0,0.0,37.0,61.0,14150.2103751211,14150.2103751211,0.0,1803.67381185194,1803.67381185194,0.0,19123.3135023805,ra,0.0,-0.0,0.0,0.0,0.0,0.0,2.729341919649711,2.729341919649711,0.0,14.493801879221616,14.493801879221616,0.0,0
6.0,2.0,48.0,62.0,30972.8842403762,15986.2762154003,14986.6080249759,5468.1986435463505,3421.90944344568,2046.28920010067,42213.9465999939,ra,0.0,-0.0,0.0,0.0,0.0,0.0,112.31485103385621,14.493801879221616,97.8210491546346,147.98116921949696,36.813201522421785,111.16796769707517,0
6.0,2.0,3.0,63.0,43852.3829830634,22912.2538280909,20940.1291549725,3553.90060489654,3553.90060489654,0.0,60876.2242421798,link,0.0,0.0,0.0,0.0,0.0,0.0,134.63425067705637,36.813201522421785,97.8210491546346,157.81456248946506,59.99351333483047,97.8210491546346,0
7.0,2.0,0.0,64.0,11819.72883309257,5668.99952865367,6150.7293044389,2312.63273856917,0.0,2312.63273856917,0.0,link,0.0,0.0,0.0,0.0,0.0,0.0,0.0,0.0,0.0,15.084143859779832,0.0,15.084143859779832,0
7.0,2.0,46.0,65.0,16750.43996107374,8281.7922636936,8468.64769738014,443.9117156207323,439.374363225034,4.53735239569832,6667.95544755655,ra,3.0,3.0,0.0,23.51647548003608,2.8658186804386716,20.650656799597407,20.621061924830748,0.0,20.621061924830748,0.0,0.0,0.0,1
7.0,2.0,47.0,66.0,16803.00194301874,8309.64474409952,8493.35719891922,469.00809295789134,4.43822753361236,464.569865424279,6721.47492677825,ra,0.0,0.0,-0.0,0.0,0.0,0.0,17.590905615915904,0.0,17.590905615915904,20.650010257820647,0.02894833298989999,20.621061924830748,0
7.0,2.0,2.0,67.0,31479.2646876848,14962.6751347339,16516.5895529509,2176.3869746183,2176.3869746183,0.0,25294.5418793567,link,0.0,0.0,0.0,0.0,0.0,0.0,17.619853948905803,0.02894833298989999,17.590905615915904,31.815335000516598,14.224429384600692,17.590905615915904,0
8.0,2.0,2.0,68.0,14782.3695846428,7482.84754160049,7299.52204304231,571.535173252439,0.0,571.535173252439,0.0,link,0.0,0.0,0.0,0.0,0.0,0.0,13.077100044235474,9.418363978809348,3.6587360654261265,16.804937426490074,9.418363978809348,7.386573447680726,0
8.0,2.0,52.0,69.0,9208.20636712835,4168.18387658208,5040.02249054627,1091.488655298786,530.547783523534,560.940871775252,9055.82449812222,ra,2.0,2.0,0.0,12.878861167873486,12.878861167873486,0.0,9.418363978809348,9.418363978809348,0.0,3.6587360654261265,0.0,3.6587360654261265,1
8.0,2.0,0.0,70.0,9708.89067456805,5120.67365793185,4588.2170166362,557.603815055505,557.603815055505,0.0,21173.6853058851,link,0.0,0.0,0.0,0.0,0.0,0.0,0.0,0.0,0.0,3.6369701175566638,3.6369701175566638,0.0,0
9.0,2.0,2.0,71.0,31818.42313617,16104.8835451968,15713.5395909732,3261.48259711826,0.0,3261.48259711826,0.0,link,0.0,0.0,0.0,0.0,0.0,0.0,14.532561804648342,14.532561804648342,0.0,35.80557756310303,14.532561804648342,21.273015758454687,0
9.0,2.0,55.0,72.0,36693.0558776816,18116.8086480647,18576.2472296169,5325.486521774041,2708.00089398014,2617.4856277939,15445.3717833973,ra,8.0,0.0,8.0,60.92582510070537,32.19549391486376,28.730331185841603,26.19034657960707,14.532561804648342,11.657784774958728,0.0,0.0,0.0,1
9.0,2.0,7.0,73.0,31601.8542643027,15291.9117888883,16309.9424754144,3142.32996782434,3142.32996782434,0.0,33157.1268468838,link,0.0,0.0,0.0,0.0,0.0,0.0,11.657784774958728,0.0,11.657784774958728,32.153627672558514,20.49584289759979,11.657784774958728,0
10.0,2.0,3.0,74.0,31606.6695639389,16070.5474552074,15536.1221087315,43.8140689321546,0.0,43.8140689321546,0.0,link,0.0,0.0,0.0,0.0,0.0,0.0,142.46249815632194,72.28770678174266,70.1747913745793,142.74827536073178,72.28770678174266,70.46056857898911,0
10.0,2.0,53.0,75.0,20482.292071415,10386.9656808517,10095.3263905633,3859.97837178184,1960.6175793948,1899.36079238704,14793.4065314786,ra,5.0,5.0,0.0,39.99999999855534,39.73631743310495,0.26368256545039,130.33760266397258,72.28770678174266,58.04989588222993,115.51430619094782,45.33951481636852,70.1747913745793,1
10.0,2.0,4.0,76.0,20473.6189956967,10382.5344994114,10091.0844962853,45.079640330005,45.079640330005,0.0,15227.5355211014,link,0.0,0.0,0.0,0.0,0.0,0.0,103.38941069859845,45.33951481636852,58.04989588222993,103.68344259071188,45.633546708481944,58.04989588222993,0
11.0,2.0,3.0,77.0,48420.0541429227,24599.8231829302,23820.2309599925,1269.82131381751,0.0,1269.82131381751,0.0,link,0.0,0.0,0.0,0.0,0.0,0.0,179.2641463463887,73.94594004924107,105.31820629714765,187.54655412103983,73.94594004924107,113.60061407179874,0
11.0,2.0,54.0,78.0,48814.9931722971,24295.4347117739,24519.5584605232,3388.4082292149897,1701.63127736504,1686.77695184995,6967.48714814497,ra,4.0,0.0,4.0,29.29037319287641,27.086776689019253,2.2035965038571548,170.46574249942165,73.94594004924107,96.51980245018059,163.27625732595615,57.95805102880849,105.31820629714765,1
11.0,1.0,56.0,79.0,22284.9266194441,0.0,22284.9266194441,1685.09443322027,0.0,1685.09443322027,14053.3882390507,ra,0.0,0.0,-0.0,0.0,0.0,0.0,85.52877632480671,0.0,85.52877632480671,96.51980245018059,0.0,96.51980245018059,0
11.0,2.0,5.0,80.0,42919.8251598076,21285.3584845686,21634.466675239,2910.89526178855,2910.89526178855,0.0,19878.6900646546,link,0.0,0.0,0.0,0.0,0.0,0.0,143.4868273536152,57.95805102880849,85.52877632480671,162.47313769908587,76.94436137427915,85.52877632480671,0
12.0,2.0,4.0,81.0,53131.6723320628,26537.1834811746,26594.4888508882,1562.32443000799,0.0,1562.32443000799,0.0,link,0.0,0.0,0.0,0.0,0.0,0.0,258.12531687445767,147.48049763130498,110.64481924315265,268.31557582256437,147.48049763130498,120.83507819125938,0
12.0,0.0,58.0,82.0,22288.895823896,22288.895823896,0.0,3364.25769729557,3364.25769729557,0.0,13722.6357161214,ra,2.0,2.0,0.0,9.00623416175781,9.00623416175781,0.0,147.48049763130498,147.48049763130498,0.0,160.41762967806366,160.41762967806366,0.0,1
12.0,1.0,57.0,83.0,22492.6689728353,0.0,22492.6689728353,3393.5923031971,0.0,3393.5923031971,13775.3691799331,ra,0.0,0.0,-0.0,0.0,0.0,0.0,88.51011810831635,0.0,88.51011810831635,110.64481924315265,0.0,110.64481924315265,0
12.0,2.0,5.0,84.0,44751.0771921405,22273.0392762582,22478.0379158823,1559.84087923299,1559.84087923299,0.0,20725.0958331826,link,0.0,0.0,0.0,0.0,0.0,0.0,248.92774778638,160.41762967806366,88.51011810831635,259.10180777796916,170.59168966965282,88.51011810831635,0
13.0,2.0,4.0,85.0,25987.610544625597,13119.3784455626,12868.232099063,1205.38349046939,0.0,1205.38349046939,0.0,link,0.0,0.0,0.0,0.0,0.0,0.0,169.80429960930206,91.35473406945002,78.44956553985205,177.66641176970205,91.35473406945002,86.31167770025205,0
13.0,2.0,59.0,86.0,13974.00634747334,7033.00411775856,6941.00222971478,6883.850493770729,3777.52597161839,3106.32452215234,36309.8952864744,ra,6.0,6.0,0.0,45.462677458107606,26.980149547845294,18.48252791026231,168.02583009188902,91.35473406945002,76.67109602243902,167.4630580210494,89.01349248119735,78.44956553985205,1
13.0,1.0,63.0,87.0,7362.49465739319,0.0,7362.49465739319,661.497609325267,0.0,661.497609325267,54986.8926639146,ra,0.0,0.0,-0.0,0.0,0.0,0.0,72.35647877450701,0.0,72.35647877450701,76.67109602243902,0.0,76.67109602243902,0
13.0,0.0,62.0,88.0,7963.31449008736,7963.31449008736,0.0,1395.608479293,1395.608479293,0.0,55258.2918559062,ra,0.0,-0.0,0.0,0.0,0.0,0.0,89.01349248119735,89.01349248119735,0.0,98.11634686983183,98.11634686983183,0.0,0
13.0,2.0,70.0,89.0,20915.585370117602,10623.7234191176,10291.861951,6679.2986941238505,3389.00409366516,3290.29460045869,85720.8848871018,ra,14.0,14.0,0.0,111.99999999981833,106.57108081009422,5.428919189724119,154.44080282340775,98.11634686983183,56.32445595357593,86.00651937871302,13.650040604206005,72.35647877450701,1
13.0,1.0,71.0,90.0,10312.6666929756,0.0,10312.6666929756,1325.87027770041,0.0,1325.87027770041,92148.0377185692,ra,0.0,0.0,-0.0,0.0,0.0,0.0,47.67646888900942,0.0,47.67646888900942,56.32445595357593,0.0,56.32445595357593,0
13.0,0.0,75.0,91.0,10865.4133062023,10865.4133062023,0.0,2225.2267853651,2225.2267853651,0.0,106351.198252807,ra,0.0,-0.0,0.0,0.0,0.0,0.0,13.650040604206005,13.650040604206005,0.0,28.16407925430732,28.16407925430732,0.0,0
13.0,2.0,80.0,92.0,21769.3135715549,10924.7717317326,10844.5418398223,5231.40590135432,1587.86020641778,3643.54569493654,121274.128299309,ra,4.0,4.0,0.0,32.00000000000038,28.925375644552233,3.0746243554481456,55.150150709741894,28.16407925430732,26.986071455434573,57.27198851341815,9.59551962440873,47.67646888900942,1
13.0,2.0,8.0,93.0,20326.8379673694,10049.6549230906,10277.1830442788,1199.97066882623,1199.97066882623,0.0,132616.969219855,link,0.0,0.0,0.0,0.0,0.0,0.0,36.58159107984331,9.59551962440873,26.986071455434573,44.40839811851296,17.42232666307839,26.986071455434573,0
14.0,2.0,5.0,94.0,94497.8226477467,47019.266876753,47478.5557709937,936.342520757964,0.0,936.342520757964,0.0,link,0.0,0.0,0.0,0.0,0.0,0.0,367.90324183589075,223.7538456259085,144.14939620998226,374.010534641008,223.7538456259085,150.25668901509948,0
14.0,0.0,61.0,95.0,46935.1899031602,46935.1899031602,0.0,2174.78874504217,2174.78874504217,0.0,4629.48262057162,ra,2.0,2.0,0.0,16.000000000000004,16.000000000000004,0.0,223.7538456259085,223.7538456259085,0.0,221.93890212374615,221.93890212374615,0.0,1
14.0,1.0,60.0,96.0,47664.7520038718,0.0,47664.7520038718,2204.32457448694,0.0,2204.32457448694,4633.73189838993,ra,0.0,0.0,-0.0,0.0,0.0,0.0,129.7716922016143,0.0,129.7716922016143,144.14939620998226,0.0,144.14939620998226,0
14.0,2.0,6.0,97.0,94641.6911720278,46900.6207445268,47741.070427501,922.919420502059,922.919420502059,0.0,6596.60038925666,link,0.0,0.0,0.0,0.0,0.0,0.0,351.71059432536043,221.93890212374615,129.7716922016143,357.73033497750174,227.95864277588745,129.7716922016143,0
15.0,2.0,6.0,98.0,75207.4913410466,44538.3019109056,30669.189430141,1884.85015181653,0.0,1884.85015181653,0.0,link,0.0,0.0,0.0,0.0,0.0,0.0,255.69902693646654,213.20126812035375,42.497758816112785,267.9929594619219,213.20126812035375,54.79169134156813,0
15.0,1.0,64.0,99.0,16721.3274524539,0.0,16721.3274524539,6515.56424199958,0.0,6515.56424199958,25738.7432238461,ra,0.0,0.0,-0.0,0.0,0.0,0.0,0.0,0.0,0.0,42.497758816112785,0.0,42.497758816112785,0
15.0,0.0,65.0,100.0,16271.068415411,16271.068415411,0.0,7891.47329091754,7891.47329091754,0.0,25740.9022185623,ra,34.0,34.0,0.0,264.6733918175466,264.6733918175466,0.0,213.20126812035375,213.20126812035375,0.0,0.0,0.0,0.0,1
15.0,2.0,0.0,101.0,10998.09198493645,5379.56194516866,5618.53003976779,1825.01257049708,1825.01257049708,0.0,48631.178555929,link,0.0,0.0,0.0,0.0,0.0,0.0,0.0,0.0,0.0,11.903641983515561,11.903641983515561,0.0,0
16.0,2.0,6.0,102.0,79740.5667298025,40135.9531021025,39604.6136277,2800.89558131599,0.0,2800.89558131599,0.0,link,0.0,0.0,0.0,0.0,0.0,0.0,308.1103689398078,133.07829015801116,175.03207878179668,326.3792065205348,133.07829015801116,193.30091636252368,0
16.0,1.0,66.0,103.0,29014.9759926702,0.0,29014.9759926702,4194.66206610603,0.0,4194.66206610603,12316.8385533337,ra,0.0,0.0,-0.0,0.0,0.0,0.0,147.67240121904985,0.0,147.67240121904985,175.03207878179668,0.0,175.03207878179668,0
16.0,0.0,67.0,104.0,29278.0080852545,29278.0080852545,0.0,4585.78782260726,4585.78782260726,0.0,12575.9466885105,ra,0.0,-0.0,0.0,0.0,0.0,0.0,133.07829015801116,133.07829015801116,0.0,162.98908494649623,162.98908494649623,0.0,0
16.0,0.0,72.0,105.0,28145.026567285,28145.026567285,0.0,3642.99524799985,3642.99524799985,0.0,25449.0803158335,ra,1.0,1.0,0.0,8.0,8.0,0.0,162.98908494649623,162.98908494649623,0.0,178.75051644613094,178.75051644613094,0.0,1
16.0,1.0,74.0,106.0,25731.8558288299,0.0,25731.8558288299,3150.32793358614,0.0,3150.32793358614,32933.7519739179,ra,0.0,0.0,-0.0,0.0,0.0,0.0,127.12439160075786,0.0,127.12439160075786,147.67240121904985,0.0,147.67240121904985,0
16.0,0.0,76.0,107.0,25418.7221777421,25418.7221777421,0.0,6370.06870476076,6370.06870476076,0.0,49497.4689014342,ra,1.0,1.0,0.0,8.000000000000004,8.000000000000004,0.0,178.75051644613094,178.75051644613094,0.0,212.29928083937554,212.29928083937554,0.0,1
16.0,1.0,77.0,108.0,25469.3693020146,0.0,25469.3693020146,3629.48335037293,0.0,3629.48335037293,49565.5184208006,ra,0.0,0.0,-0.0,0.0,0.0,0.0,103.45109143482948,0.0,103.45109143482948,127.12439160075786,0.0,127.12439160075786,0
16.0,1.0,82.0,109.0,26935.5497477119,0.0,26935.5497477119,4731.07688196937,0.0,4731.07688196937,67595.9687520987,ra,0.0,0.0,-0.0,0.0,0.0,0.0,72.59264897162844,0.0,72.59264897162844,103.45109143482948,0.0,103.45109143482948,0
16.0,0.0,83.0,110.0,27462.4751098044,27462.4751098044,0.0,5057.1026374567,5057.1026374567,0.0,68666.0746432526,ra,2.0,2.0,0.0,16.000000000000018,16.000000000000018,0.0,212.29928083937554,212.29928083937554,0.0,229.28422584377114,229.28422584377114,0.0,1
16.0,1.0,86.0,111.0,27163.1527528195,0.0,27163.1527528195,4196.37690745412,0.0,4196.37690745412,81021.8926734055,ra,0.0,0.0,-0.0,0.0,0.0,0.0,45.221786352848284,0.0,45.221786352848284,72.59264897162844,0.0,72.59264897162844,0
16.0,0.0,89.0,112.0,29187.9984476255,29187.9984476255,0.0,6653.92810326968,6653.92810326968,0.0,92123.379066016,ra,3.0,3.0,0.0,16.782517374976088,16.782517374976088,0.0,229.28422584377114,229.28422584377114,0.0,255.90194537993133,255.90194537993133,0.0,1
16.0,1.0,90.0,113.0,28376.9986665812,0.0,28376.9986665812,5601.68477510965,0.0,5601.68477510965,92203.5095301381,ra,0.0,0.0,-0.0,-4.418504556080339e-08,0.0,-4.418504556080339e-08,8.684805053677454,0.0,8.684805053677454,45.221786352848284,0.0,45.221786352848284,0
16.0,2.0,94.0,114.0,71124.20344709541,35553.8279012094,35570.375545886,8755.2397188011,4299.63877333859,4455.60094546251,106046.116569043,ra,47.0,0.0,47.0,375.99999999999994,265.6103327861707,110.38966721382924,345.9147666026164,255.90194537993133,90.01282122268506,27.020805638872115,18.33600058519466,8.684805053677454,1
16.0,2.0,12.0,115.0,71147.99996754559,35564.9999847632,35582.9999827824,2799.48715587504,2799.48715587504,0.0,113917.810760995,link,0.0,0.0,0.0,0.0,0.0,0.0,108.34882180787972,18.33600058519466,90.01282122268506,126.60847293560329,36.595651712918226,90.01282122268506,0
18.0,2.0,7.0,118.0,26949.9999999978,13587.9999999988,13361.999999999,1262.35088868617,0.0,1262.35088868617,0.0,link,0.0,0.0,0.0,0.0,0.0,0.0,17.32467708969611,17.32467708969611,9.903252819351434e-18,25.558359026692344,17.32467708969611,8.233681936996234,0
18.0,0.0,68.0,119.0,13587.9186189986,13587.9186189986,0.0,1673.78287195478,1673.78287195478,0.0,12318.1380453438,ra,0.0,-0.0,0.0,0.0,0.0,0.0,17.32467708969611,17.32467708969611,0.0,28.24192357225783,28.24192357225783,0.0,0
18.0,1.0,69.0,120.0,13361.9322654755,0.0,13361.9322654755,3620.13302138755,0.0,3620.13302138755,12346.3056788137,ra,3.0,0.0,3.0,24.0,0.0,24.0,0.38768734203147676,0.0,0.38768734203147676,9.903252819351434e-18,0.0,9.903252819351434e-18,1
18.0,2.0,73.0,121.0,21133.145613699402,10354.0731302489,10779.0724834505,3099.0639764515,1773.46409345857,1325.59988299293,27186.3293839123,ra,8.0,8.0,0.0,63.999999999999986,5.4322219999115156,58.567778000088474,78.55116549891929,28.24192357225783,50.30924192666146,34.76480602723684,34.37711868520536,0.38768734203147676,1
18.0,2.0,81.0,122.0,17024.72901544851,8263.2955761644,8761.43343928411,10407.12701858784,5132.59342206241,5274.53359652543,76811.9776614867,ra,0.0,0.0,-0.0,0.0,0.0,0.0,50.2832224756937,34.37711868520536,15.90610379048834,118.16369415512948,67.85445222846802,50.30924192666146,0
18.0,0.0,84.0,123.0,7912.19781312535,7912.19781312535,0.0,1219.94777274037,1219.94777274037,0.0,91803.7907317536,ra,0.0,-0.0,0.0,0.0,0.0,0.0,67.85445222846802,67.85445222846802,0.0,75.8115598999693,75.8115598999693,0.0,0
18.0,1.0,85.0,124.0,8875.83878859374,0.0,8875.83878859374,1785.78492380043,0.0,1785.78492380043,91872.4611970398,ra,0.0,0.0,-0.0,0.0,0.0,0.0,4.258324078653226,0.0,4.258324078653226,15.90610379048834,0.0,15.90610379048834,0
18.0,2.0,92.0,125.0,47292.9371799686,22515.082655355,24777.8545246136,4754.45243720846,3104.7402940347,1649.71214317376,121334.732705969,ra,13.0,0.0,13.0,102.3094539214353,22.475922375098676,79.83353154633663,149.14317033779867,75.8115598999693,73.33161043782935,77.8446259054786,73.58630182682536,4.258324078653226,1
18.0,2.0,11.0,126.0,53098.002767233804,24816.3642256391,28281.6385415947,1125.0783643968,1125.0783643968,0.0,126075.531741563,link,0.0,0.0,0.0,0.0,0.0,0.0,146.91791226465472,73.58630182682536,73.33161043782935,154.2562343505848,80.92462391275545,73.33161043782935,0
19.0,2.0,7.0,127.0,19888.0,9830.0,10058.0,1832.522339,0.0,1832.522339,0.0,link,0.0,0.0,0.0,0.0,0.0,0.0,11.699687408198685,11.699687408198685,0.0,23.652311846456183,11.699687408198685,11.952624438257498,0
19.0,2.0,0.0,128.0,19888.0,9830.0,10058.0,1790.981765,1790.981765,0.0,18219.577121931,link,0.0,0.0,0.0,0.0,0.0,0.0,11.699687408198685,11.699687408198685,0.0,23.381363509617575,23.381363509617575,0.0,0
20.0,2.0,0.0,129.0,19481.0003447438,9701.00019990513,9780.00014483867,1585.94680206363,0.0,1585.94680206363,0.0,link,0.0,0.0,0.0,0.0,0.0,0.0,0.0,0.0,0.0,10.344335837382701,0.0,10.344335837382701,0
20.0,0.0,78.0,130.0,10133.9989103389,10133.9989103389,0.0,2201.81082897895,2201.81082897895,0.0,22308.8999344534,ra,2.0,2.0,0.0,14.361308106745977,14.361308106745977,0.0,0.0,0.0,0.0,0.0,0.0,0.0,1
20.0,1.0,79.0,131.0,10094.128472639,0.0,10094.128472639,2214.67932713437,0.0,2214.67932713437,22364.4498639692,ra,7.0,0.0,7.0,51.88554195814314,0.0,51.88554195814314,37.44029908985965,0.0,37.44029908985965,0.0,0.0,0.0,1
20.0,2.0,8.0,132.0,21962.979690817003,10983.9900500203,10978.9896407967,1594.24397947735,1594.24397947735,0.0,37253.2284842051,link,0.0,0.0,0.0,0.0,0.0,0.0,37.44029908985965,0.0,37.44029908985965,47.83875325552309,10.39845416566344,37.44029908985965,0
21.0,2.0,8.0,133.0,21649.000000000102,11074.0,10575.0000000001,371.58433599978,0.0,371.58433599978,0.0,link,0.0,0.0,0.0,0.0,0.0,0.0,35.11232284428719,25.000410240419964,10.111912603867228,37.53598116529206,25.000410240419964,12.535570924872097,0
21.0,2.0,87.0,134.0,23288.9999999286,11776.9999999694,11511.9999999592,6542.5877927048805,3329.21173105459,3213.37606165029,29246.6421925882,ra,12.0,12.0,0.0,92.14366418613369,18.47774067210418,73.66592351402952,87.81900541135388,25.000410240419964,62.818595170933925,38.34936111367816,28.237448509810932,10.111912603867228,1
21.0,2.0,10.0,135.0,23288.9999999998,11776.9999999999,11511.9999999999,380.138005999835,380.138005999835,0.0,32474.4736101551,link,0.0,0.0,0.0,0.0,0.0,0.0,91.05604368074486,28.237448509810932,62.818595170933925,93.53549330257242,30.71689813163849,62.818595170933925,0
22.0,2.0,8.0,136.0,18089.34980232114,9293.63667702267,8795.71312529847,2541.60361777734,0.0,2541.60361777734,0.0,link,0.0,0.0,0.0,0.0,0.0,0.0,49.50391507979323,8.505546076252033,40.9983690035412,66.08152118460433,8.505546076252033,57.575975108352296,0
22.0,2.0,9.0,137.0,22551.7599214391,11229.4921808602,11322.2677405789,2598.64030591273,2598.64030591273,0.0,25496.1440920557,link,0.0,0.0,0.0,0.0,0.0,0.0,49.50391507979323,8.505546076252033,40.9983690035412,66.45354290459949,25.455173901058288,40.9983690035412,0
24.0,2.0,9.0,140.0,25786.108144857702,12922.6073175015,12863.5008273562,310.22506737586,0.0,310.22506737586,0.0,link,0.0,0.0,0.0,0.0,0.0,0.0,121.6787370593203,73.83126265838047,47.84747440093984,123.70217963503276,73.83126265838047,49.870916976652296,0
24.0,0.0,88.0,141.0,12911.6129537198,12911.6129537198,0.0,904.521486357201,904.521486357201,0.0,7001.12487688288,ra,1.0,1.0,0.0,8.000000000000004,8.000000000000004,0.0,73.83126265838047,73.83126265838047,0.0,71.73100281034053,71.73100281034053,0.0,1
24.0,1.0,91.0,142.0,12797.6950404071,0.0,12797.6950404071,2112.95769776524,0.0,2112.95769776524,10447.761196687,ra,0.0,0.0,-0.0,0.0,0.0,0.0,34.06571072045183,0.0,34.06571072045183,47.84747440093984,0.0,47.84747440093984,0
24.0,0.0,97.0,143.0,9570.73893282761,9570.73893282761,0.0,2755.77301226508,2755.77301226508,0.0,30840.5691895132,ra,0.0,-0.0,0.0,0.0,0.0,0.0,71.73100281034053,71.73100281034053,0.0,89.70552849643099,89.70552849643099,0.0,0
24.0,1.0,98.0,144.0,9946.42620888775,0.0,9946.42620888775,2231.33572547577,0.0,2231.33572547577,30857.3340619152,ra,0.0,0.0,-0.0,0.0,0.0,0.0,19.511826516872304,0.0,19.511826516872304,34.06571072045183,0.0,34.06571072045183,0
24.0,2.0,108.0,145.0,15887.70615160749,7870.70573058493,8017.00042102256,4501.986650504179,2168.3895853448,2333.59706515938,55766.1486133563,ra,18.0,0.0,18.0,143.99999999999997,101.18471587618423,42.815284123815744,136.81175548595937,89.70552849643099,47.10622698952837,22.175957228181783,2.6641307113094794,19.511826516872304,1
24.0,2.0,114.0,146.0,28294.0206982518,14163.5504368669,14130.4702613849,3453.81695206723,2111.30760238217,1342.50934968506,76000.7341358558,ra,2.0,0.0,2.0,16.0,12.248065704974112,3.7519342950258885,44.765776607139294,2.6641307113094794,42.10164589582981,51.29329293148288,4.187065941954506,47.10622698952837,1
24.0,2.0,15.0,147.0,28738.6713502246,14383.3123439625,14355.3590062621,310.87767950128,310.87767950128,0.0,78175.474803374,link,0.0,0.0,0.0,0.0,0.0,0.0,46.28871183778432,4.187065941954506,42.10164589582981,48.31641107518815,6.214765179358335,42.10164589582981,0
25.0,2.0,9.0,148.0,18444.994544675952,9036.99752648209,9407.99701819386,3162.57397865205,0.0,3162.57397865205,0.0,link,0.0,0.0,0.0,0.0,0.0,0.0,82.21147929689187,31.667911471544613,50.54356782534726,102.83936372730031,31.667911471544613,71.1714522557557,0
25.0,2.0,10.0,149.0,19006.7279100321,9665.34291491844,9341.38499511366,3137.60809841466,3137.60809841466,0.0,35248.1726115327,link,0.0,0.0,0.0,0.0,0.0,0.0,82.21147929689187,31.667911471544613,50.54356782534726,102.67652380775485,52.13295598240759,50.54356782534726,0
26.0,2.0,10.0,150.0,39799.090315948604,19727.656489473,20071.4338264756,5432.50664953123,0.0,5432.50664953123,0.0,link,0.0,0.0,0.0,0.0,0.0,0.0,122.44882578938643,62.40694828149203,60.0418775078944,157.88234294673623,62.40694828149203,95.47539466524421,0
26.0,2.0,11.0,151.0,61239.0276416527,31319.7944712375,29919.2331704152,5527.09879983652,5527.09879983652,0.0,24120.7762535988,link,0.0,0.0,0.0,0.0,0.0,0.0,122.44882578938643,62.40694828149203,60.0418775078944,158.4993201171337,98.4574426092393,60.0418775078944,0
27.0,2.0,11.0,152.0,68446.95855219441,33632.3321209786,34814.6264312158,4475.01586176286,0.0,4475.01586176286,0.0,link,0.0,0.0,0.0,0.0,0.0,0.0,130.45613454095985,79.83630743805693,50.61982710290291,159.64441935067464,79.83630743805693,79.80811191261772,0
27.0,0.0,99.0,153.0,29715.9548515929,29715.9548515929,0.0,4959.0509597815,4959.0509597815,0.0,15398.2814879574,ra,0.0,-0.0,0.0,0.0,0.0,0.0,79.83630743805693,79.83630743805693,0.0,112.1817105095382,112.1817105095382,0.0,0
27.0,1.0,100.0,154.0,27462.2259431798,0.0,27462.2259431798,4427.60002896918,0.0,4427.60002896918,15788.2300471589,ra,0.0,0.0,-0.0,0.0,0.0,0.0,21.740811997435973,0.0,21.740811997435973,50.61982710290291,0.0,50.61982710290291,0
27.0,2.0,107.0,155.0,39803.000772140804,18775.2599855575,21027.7407865833,8521.51974910427,4077.761723511,4443.75802559327,32030.5850885025,ra,30.0,30.0,0.0,240.00000006505593,103.8006317530399,136.19936831201605,241.13748520274362,112.1817105095382,128.9557746932054,56.71908599272507,34.9782739952891,21.740811997435973,1
27.0,0.0,111.0,156.0,14923.34787731,14923.34787731,0.0,3332.68370370798,3332.68370370798,0.0,51994.455333056,ra,0.0,-0.0,0.0,0.0,0.0,0.0,34.9782739952891,34.9782739952891,0.0,56.71569887364553,56.71569887364553,0.0,0
27.0,1.0,110.0,157.0,16064.7865328213,0.0,16064.7865328213,3656.83050998601,0.0,3656.83050998601,52217.7859827402,ra,0.0,0.0,-0.0,0.0,0.0,0.0,105.10410271627545,0.0,105.10410271627545,128.9557746932054,0.0,128.9557746932054,0
27.0,2.0,113.0,158.0,28115.7326932638,13396.479626617,14719.2530666468,8182.361978154309,4151.77442489818,4030.58755325613,80453.8359529617,ra,8.0,0.0,8.0,64.0,62.922250527522465,1.0777494724775376,136.6080492842782,56.71569887364553,79.89235041063267,125.97749404429437,20.87339132801893,105.10410271627545,1
27.0,0.0,115.0,159.0,16210.1141141057,16210.1141141057,0.0,2741.86480754644,2741.86480754644,0.0,99290.1862589441,ra,0.0,-0.0,0.0,0.0,0.0,0.0,20.87339132801893,20.87339132801893,0.0,38.757200767941825,38.757200767941825,0.0,0
27.0,2.0,116.0,160.0,34177.789667498,16266.7915147338,17910.9981527642,6377.1162856009105,1294.98984691301,5082.1264386879,107271.26953268,ra,4.0,0.0,4.0,32.0,30.12602085770532,1.873979142294678,87.37536760732556,38.757200767941825,48.618166839383726,96.97009981805432,17.07774940742165,79.89235041063267,1
27.0,2.0,15.0,161.0,39893.9999998457,18725.9999999336,21167.9999999121,3972.00678523747,3972.00678523747,0.0,128894.513137464,link,0.0,0.0,0.0,0.0,0.0,0.0,65.69591624680538,17.07774940742165,48.618166839383726,91.60332504601345,42.985158206629734,48.618166839383726,0
28.0,2.0,11.0,162.0,61992.2787513973,31725.312247826,30266.9665035713,2390.70224064613,0.0,2390.70224064613,0.0,link,0.0,0.0,0.0,0.0,0.0,0.0,124.37173414003384,92.97273463533779,31.39899950469605,139.9650862198438,92.97273463533779,46.992351584506025,0
28.0,0.0,93.0,163.0,30439.2241679383,30439.2241679383,0.0,1072.78335284043,1072.78335284043,0.0,3445.55910715547,ra,0.0,-0.0,0.0,0.0,0.0,0.0,92.97273463533779,92.97273463533779,0.0,99.96996258024436,99.96996258024436,0.0,0
28.0,0.0,95.0,164.0,18498.9087746208,18498.9087746208,0.0,3967.26574657,3967.26574657,0.0,21968.3457181098,ra,18.0,18.0,0.0,125.84644796125801,125.84644796125801,0.0,99.96996258024436,99.96996258024436,0.0,0.0,0.0,0.0,1
28.0,1.0,96.0,165.0,17419.1863324911,0.0,17419.1863324911,4813.95264377551,0.0,4813.95264377551,22264.116411145,ra,0.0,0.0,-0.0,0.0,0.0,0.0,0.0,0.0,0.0,31.39899950469605,0.0,31.39899950469605,0
28.0,2.0,0.0,166.0,16044.98321671642,8425.39921826346,7619.58399845296,2682.96218463007,2682.96218463007,0.0,40879.2796779836,link,0.0,0.0,0.0,0.0,0.0,0.0,0.0,0.0,0.0,17.499617162882565,17.499617162882565,0.0,0
30.0,2.0,12.0,169.0,31173.0077127878,15334.6891591729,15838.3185536149,1373.0223382835,0.0,1373.0223382835,0.0,link,0.0,0.0,0.0,0.0,0.0,0.0,129.1102203237262,23.911382118545184,105.198838205181,138.0657566386594,23.911382118545184,114.1543745201142,0
30.0,0.0,101.0,170.0,15342.1685357064,15342.1685357064,0.0,288.700229956651,288.700229956651,0.0,1882.30501330568,ra,0.0,-0.0,0.0,0.0,0.0,0.0,23.911382118545184,23.911382118545184,0.0,25.7944289717658,25.7944289717658,0.0,0
30.0,1.0,102.0,171.0,15008.3801891543,0.0,15008.3801891543,2426.9547057033,0.0,2426.9547057033,15325.3757236118,ra,0.0,0.0,-0.0,-3.0701259922037698e-09,0.0,-3.0701259922037698e-09,89.36902946877609,0.0,89.36902946877609,105.198838205181,0.0,105.198838205181,0
30.0,0.0,103.0,172.0,14615.1043928834,14615.1043928834,0.0,2123.5391790608,2123.5391790608,0.0,15632.2115214018,ra,0.0,-0.0,0.0,0.0,0.0,0.0,25.7944289717658,25.7944289717658,0.0,39.64521034946522,39.64521034946522,0.0,0
30.0,2.0,13.0,173.0,18934.3901725728,9143.1385769236,9791.2515956492,1268.11665537119,1268.11665537119,0.0,27311.5905726122,link,0.0,0.0,0.0,0.0,0.0,0.0,129.01423981824132,39.64521034946522,89.36902946877609,137.2855289605185,47.916499491742385,89.36902946877609,0
31.0,2.0,12.0,174.0,61211.2617744492,30941.9007084376,30269.3610660116,584.87883138558,0.0,584.87883138558,0.0,link,0.0,0.0,0.0,0.0,0.0,0.0,111.27117448564937,75.95593437577276,35.315240109876605,115.08604585974331,75.95593437577276,39.130111483970545,0
31.0,1.0,106.0,175.0,29780.0349085717,0.0,29780.0349085717,3637.7163502508,0.0,3637.7163502508,10173.7794302971,ra,0.0,0.0,-0.0,0.0,0.0,0.0,11.588240211890215,0.0,11.588240211890215,35.315240109876605,0.0,35.315240109876605,0
31.0,0.0,105.0,176.0,30402.9541425937,30402.9541425937,0.0,3119.85205801169,3119.85205801169,0.0,10175.4293545811,ra,0.0,-0.0,0.0,4.4392738374199325e-09,4.4392738374199325e-09,0.0,75.95593437577276,75.95593437577276,0.0,96.30516512862545,96.30516512862545,0.0,0
31.0,2.0,109.0,177.0,62402.9342497772,31525.7279110326,30877.2063387446,6816.57046321175,3762.41918739273,3054.15127581902,22337.1483709023,ra,20.0,0.0,20.0,159.41123049262848,120.8455390948529,38.56569139777557,126.53839919181758,96.30516512862545,30.23323406319212,11.588240225900092,1.4009878301485172e-08,11.588240211890215,1
31.0,2.0,14.0,178.0,62766.261417807,31611.057809806,31155.203608001,595.148026243029,595.148026243029,0.0,24222.213413882,link,0.0,0.0,0.0,0.0,0.0,0.0,30.233234077202,1.4009878301485172e-08,30.23323406319212,34.115086260643864,3.881852197451742,30.23323406319212,0
32.0,2.0,13.0,179.0,24034.0,12223.0,11811.0,4986.62400523132,0.0,4986.62400523132,0.0,link,0.0,0.0,0.0,0.0,0.0,0.0,104.76028073797588,47.916499491742385,56.84378124623349,137.2855289605185,47.916499491742385,89.36902946877609,0
32.0,2.0,104.0,180.0,24034.0000000012,12223.0000000006,11811.0000000006,545.6198680000059,277.486546000003,268.133322000003,2270.21285318104,ra,6.0,6.0,0.0,47.70820821238592,47.70820821238592,0.0,103.01138151493882,47.916499491742385,55.09488202319643,58.861978140610844,2.0181968943773523,56.84378124623349,1
32.0,2.0,16.0,181.0,35472.0,17897.0,17575.0,5106.43524839964,5106.43524839964,0.0,35413.5690178666,link,0.0,0.0,0.0,0.0,0.0,0.0,57.11307891757379,2.0181968943773523,55.09488202319643,90.41979580906212,35.3249137858657,55.09488202319643,0
33.0,2.0,14.0,182.0,25491.3919282071,13297.3329457903,12194.0589824168,2901.96451332052,0.0,2901.96451332052,0.0,link,0.0,0.0,0.0,0.0,0.0,0.0,10.344190743288667,10.344190743288667,0.0,29.272250364856067,10.344190813997368,18.9280595508587,0
33.0,2.0,0.0,183.0,27433.9391849649,13761.9854531938,13671.9537317711,3014.56661334824,3014.56661334824,0.0,22213.6117866395,link,0.0,0.0,0.0,0.0,0.0,0.0,10.344190813997368,10.344190813997368,0.0,30.006697501279785,30.006697501279785,0.0,0
34.0,2.0,14.0,184.0,40290.9817282687,40289.5340857765,1.44764249220084,4807.99244961434,0.0,4807.99244961434,0.0,link,0.0,0.0,0.0,0.0,0.0,0.0,13.592609965781278,13.59261052704,-5.612587218669241e-07,44.95273411225036,13.59261052704,31.36012358521036,0
34.0,2.0,112.0,185.0,40084.6794214896,20069.2583308031,20015.4210906865,5879.593873458731,4738.49168603675,1141.10218742198,14615.9886216738,ra,9.0,9.0,0.0,70.73205528044343,44.49941602803431,26.232639252409122,32.38241176859517,13.59261052704,18.78980124155517,-5.612587218669241e-07,0.0,-5.612587218669241e-07,1
34.0,0.0,120.0,186.0,19233.9789959859,19233.9789959859,0.0,2388.18736449935,2388.18736449935,0.0,26934.1491638682,ra,2.0,2.0,0.0,15.576948803598022,15.576948803598022,0.0,0.0,0.0,0.0,0.0,0.0,0.0,1
34.0,2.0,20.0,187.0,42848.933143860995,20473.5804606555,22375.3526832055,2247.13462765847,2247.13462765847,0.0,38220.8594846279,link,0.0,0.0,0.0,0.0,0.0,0.0,18.78980123499696,0.0,18.78980123499696,33.44673376291381,14.656932521358634,18.78980124155517,0
35.0,2.0,0.0,188.0,13637.0,6766.0,6871.0,2412.0267595,0.0,2412.0267595,0.0,link,0.0,0.0,0.0,0.0,0.0,0.0,25.38941739982527,0.0,25.38941739982527,41.12185862747941,0.0,41.12185862747941,0
35.0,2.0,16.0,189.0,13637.0,6766.0,6871.0,2375.167087,2375.167087,0.0,35104.4629542217,link,0.0,0.0,0.0,0.0,0.0,0.0,25.38941739982527,0.0,25.38941739982527,40.881441461323526,15.492024061498258,25.38941739982527,0
36.0,2.0,15.0,190.0,63592.0,31158.0,32434.0,1263.515121,0.0,1263.515121,0.0,link,0.0,0.0,0.0,0.0,0.0,0.0,104.97904661701494,35.85021645422651,69.12883016278843,113.22032225767848,35.85021645422651,77.37010580345196,0
36.0,0.0,121.0,191.0,31158.0,31158.0,0.0,1862.749872,1862.749872,0.0,5978.40628225615,ra,6.0,6.0,0.0,47.99999971421053,47.99999971421053,0.0,35.85021645422651,35.85021645422651,0.0,-3.810464748228143e-15,-3.810464748228143e-15,0.0,1
36.0,1.0,122.0,192.0,32434.0,0.0,32434.0,2232.999815,0.0,2232.999815,6884.76410576914,ra,0.0,0.0,-0.0,0.0,0.0,0.0,54.564091937573565,0.0,54.564091937573565,69.12883016278843,0.0,69.12883016278843,0
36.0,2.0,17.0,193.0,63592.0,31158.0,32434.0,1496.20716,1496.20716,0.0,10780.4149902554,link,0.0,0.0,0.0,0.0,0.0,0.0,54.56409193757356,-3.810464748228143e-15,54.564091937573565,64.32310108289774,9.75900914532417,54.564091937573565,0
37.0,2.0,16.0,194.0,61280.6441162145,31014.1744637331,30266.4696524814,3075.32200703344,0.0,3075.32200703344,0.0,link,0.0,0.0,0.0,0.0,0.0,0.0,87.95406812391622,39.17274505683399,48.78132306708223,108.01285168932573,39.17274505683399,68.84010663249174,0
37.0,0.0,117.0,195.0,31188.9181978021,31188.9181978021,0.0,476.264669971773,476.264669971773,0.0,1531.60155183027,ra,0.0,-0.0,0.0,0.0,0.0,0.0,39.17274505683399,39.17274505683399,0.0,42.2791807123413,42.2791807123413,0.0,0
37.0,2.0,18.0,196.0,64809.525076994905,32882.2900340846,31927.2350429103,2677.02300367325,2677.02300367325,0.0,9891.28354449013,link,0.0,0.0,0.0,0.0,0.0,0.0,91.06050377942353,42.2791807123413,48.78132306708223,108.52138264267563,59.74005957559339,48.78132306708223,0
38.0,2.0,17.0,197.0,73980.9084088181,36437.7364219997,37543.1719868184,8581.89596317837,0.0,8581.89596317837,0.0,link,0.0,0.0,0.0,0.0,0.0,0.0,22.992242683264625,22.71880729352256,0.2734353897420658,78.96764731164397,22.71880729352256,56.24884001812141,0
38.0,1.0,118.0,198.0,38288.3848812199,0.0,38288.3848812199,3563.20063608103,0.0,3563.20063608103,5385.57294187173,ra,7.0,0.0,7.0,55.99999999999999,0.0,55.99999999999999,33.03246413671071,0.0,33.03246413671071,0.2734353897420658,0.0,0.2734353897420658,1
38.0,0.0,119.0,199.0,38355.5663129252,38355.5663129252,0.0,2619.00122524035,2619.00122524035,0.0,7097.78606046679,ra,0.0,-0.0,0.0,0.0,0.0,0.0,22.71880729352256,22.71880729352256,0.0,39.80123918666748,39.80123918666748,0.0,0
38.0,1.0,123.0,200.0,41712.9401712972,0.0,41712.9401712972,2031.11145511135,0.0,2031.11145511135,14257.7141698898,ra,0.0,0.0,-0.0,0.0,0.0,0.0,19.784542461476672,0.0,19.784542461476672,33.03246413671071,0.0,33.03246413671071,0
38.0,0.0,124.0,201.0,40728.8663078391,40728.8663078391,0.0,2848.88985060576,2848.88985060576,0.0,14300.5054996462,ra,1.0,1.0,0.0,7.999999999999999,7.999999999999999,0.0,39.80123918666748,39.80123918666748,0.0,50.383119322893286,50.383119322893286,0.0,1
38.0,2.0,22.0,202.0,105896.4428578996,51540.438437961,54356.0044199386,8230.02197998083,8230.02197998083,0.0,31585.4341675124,link,0.0,0.0,0.0,0.0,0.0,0.0,70.16766178436995,50.383119322893286,19.784542461476672,123.8479688408152,104.06342637933852,19.784542461476672,0
39.0,2.0,17.0,203.0,25562.2788538132,12328.3002896388,13233.9785641744,1988.33296352279,0.0,1988.33296352279,0.0,link,0.0,0.0,0.0,0.0,0.0,0.0,34.07356522289015,17.883707088932272,16.189858133957877,47.04246424551508,17.883707088932272,29.15875715658281,0
39.0,2.0,24.0,204.0,21529.4529436522,10591.5844792127,10937.8684644395,1897.36879079567,1897.36879079567,0.0,17071.729881247,link,0.0,0.0,0.0,0.0,0.0,0.0,34.07356522289015,17.883707088932272,16.189858133957877,46.44915055388643,30.259292419928556,16.189858133957877,0
40.0,2.0,18.0,205.0,25932.8384078479,12821.1458632264,13111.6925446215,1674.79594495223,0.0,1674.79594495223,0.0,link,0.0,0.0,0.0,0.0,0.0,0.0,43.426602963971554,31.37198917704816,12.054613786923392,54.3504572179384,31.371989181219377,22.978468036719025,0
40.0,2.0,26.0,206.0,22387.8945153677,11334.7070106569,11053.1875047108,1671.62669728314,1671.62669728314,0.0,13785.5992106443,link,0.0,0.0,0.0,0.0,0.0,0.0,43.42660296814277,31.371989181219377,12.054613786923392,54.32978580437128,42.275172017447886,12.054613786923392,0
41.0,2.0,18.0,207.0,65100.0643805413,32409.6776559215,32690.3867246198,8031.94834387227,0.0,8031.94834387227,0.0,link,0.0,0.0,0.0,0.0,0.0,0.0,54.953587376143865,54.953587390702246,-1.4558384623460214e-08,107.3419594132225,54.953587390702246,52.388372022520244,0
41.0,1.0,126.0,208.0,33015.8306660751,0.0,33015.8306660751,515.744798385718,0.0,515.744798385718,1570.62189366782,ra,7.0,0.0,7.0,54.10005358357972,0.0,54.10005358357972,50.73610883017943,0.0,50.73610883017943,-1.4558384623460214e-08,0.0,-1.4558384623460214e-08,1
41.0,0.0,125.0,209.0,32828.8089278736,32828.8089278736,0.0,517.979810454405,517.979810454405,0.0,1588.99980042748,ra,8.0,8.0,0.0,58.33210999269128,58.33210999269128,0.0,54.953587390702246,54.953587390702246,0.0,0.0,0.0,0.0,1
41.0,2.0,25.0,210.0,107717.843361102,52411.8634929897,55305.9798681123,8019.3953752296,8019.3953752296,0.0,19664.6825171201,link,0.0,0.0,0.0,0.0,0.0,0.0,50.73610883017943,0.0,50.73610883017943,103.04260414653393,52.30649531635449,50.73610883017943,0
42.0,2.0,0.0,211.0,64323.0,34358.0,29965.0,292.1437675,0.0,292.1437675,0.0,link,0.0,0.0,0.0,0.0,0.0,0.0,38.798953527993426,0.0,38.798953527993426,40.70446085010914,0.0,40.70446085010914,0
42.0,2.0,21.0,212.0,64323.0,34358.0,29965.0,334.973321,334.973321,0.0,974.993087217836,link,0.0,0.0,0.0,0.0,0.0,0.0,38.798953527993426,0.0,38.798953527993426,40.983816553965454,2.184863025972025,38.798953527993426,0
43.0,2.0,20.0,213.0,150198.49863614672,75767.4489434685,74431.0496926782,256.538715958994,0.0,256.538715958994,0.0,link,0.0,0.0,0.0,0.0,0.0,0.0,68.7322285171745,68.7322285171745,0.0,70.40550193953504,68.7322285171745,1.6732734223605392,0
43.0,2.0,127.0,214.0,143910.6207571261,71622.8655725805,72287.7551845456,14695.55070776022,7361.67405319568,7333.87665456454,10005.6920912667,ra,36.0,0.0,36.0,287.18069605221103,116.74873743647365,170.43195861573741,191.32898673019844,68.7322285171745,122.59675821302395,0.0,0.0,0.0,1
43.0,2.0,22.0,215.0,143835.3128743358,71573.2272359724,72262.0856383634,254.135111440735,254.135111440735,0.0,10360.6755425037,link,0.0,0.0,0.0,0.0,0.0,0.0,122.59675821302395,0.0,122.59675821302395,124.25435412821668,1.6575959151927269,122.59675821302395,0
44.0,2.0,20.0,216.0,153959.0,74263.0,79696.0,3498.6544,0.0,3498.6544,0.0,link,0.0,0.0,0.0,0.0,0.0,0.0,76.62526603503248,11.928098763533441,64.69716727149904,99.44523457367774,11.928098785299902,87.51713578837783,0
44.0,2.0,21.0,217.0,153959.0,74263.0,79696.0,3260.1457,3260.1457,0.0,4390.04714603225,link,0.0,0.0,0.0,0.0,0.0,0.0,76.62526605679895,11.928098785299902,64.69716727149904,97.88956190563667,33.19239463413763,64.69716727149904,0
45.0,2.0,20.0,218.0,62196.7600253059,32348.664026557,29848.0959987489,1778.43165752251,0.0,1778.43165752251,0.0,link,0.0,0.0,0.0,0.0,0.0,0.0,19.415960722464874,17.706495990748845,1.7094647317160296,31.01577876510558,17.706495990748845,13.309282774356735,0
45.0,2.0,129.0,219.0,59803.760630072604,31496.7732925594,28306.9873375132,6019.40155695864,3144.57563370826,2874.82592325038,9849.37897275001,ra,10.0,0.0,10.0,79.58035967550133,36.31046118322997,43.26989849227136,43.934811080321836,17.706495990748845,26.22831508957299,3.6159897894770427,1.906525057761013,1.7094647317160296,1
45.0,2.0,27.0,220.0,59265.8366310976,31619.7156039958,27646.1210271018,2008.7677610147,2008.7677610147,0.0,16227.5537304541,link,0.0,0.0,0.0,0.0,0.0,0.0,28.134840147334003,1.906525057761013,26.22831508957299,41.23702510852269,15.008710018949692,26.22831508957299,0
46.0,2.0,21.0,221.0,122056.3633115633,58092.1447118619,63964.2185997014,6279.26064472807,0.0,6279.26064472807,0.0,link,0.0,0.0,0.0,0.0,0.0,0.0,72.79937526389975,22.8184905260527,49.98088473784705,113.75584419148824,22.8184905260527,90.93735366543554,0
46.0,2.0,23.0,222.0,131872.7061463396,62497.919354533,69374.7867918066,5678.0443937591,5678.0443937591,0.0,9404.55520736285,link,0.0,0.0,0.0,0.0,0.0,0.0,72.79937526389975,22.8184905260527,49.98088473784705,109.83441202060908,59.85352728276204,49.98088473784705,0
47.0,2.0,22.0,223.0,38579.2955378498,18952.692150841,19626.6033870088,1763.21916642734,0.0,1763.21916642734,0.0,link,0.0,0.0,0.0,0.0,0.0,0.0,65.45634203583393,20.148329123119424,45.308012912714496,76.9569366262082,20.148329123119424,56.80860750308878,0
47.0,2.0,128.0,224.0,35162.6248298969,17399.4597199651,17763.1651099318,7435.63799543393,3663.38542984375,3772.25256559018,19815.1127809066,ra,6.0,0.0,6.0,48.0,44.04275555581507,3.957244444184933,44.80907430399963,20.148329123119424,24.660745180880205,45.308012912714496,0.0,45.308012912714496,1
47.0,2.0,28.0,225.0,35062.119983040204,16961.1414488018,18100.9785342384,1675.65153554322,1675.65153554322,0.0,29618.3313222541,link,0.0,0.0,0.0,0.0,0.0,0.0,24.660745180880202,0.0,24.660745180880202,35.590180019129996,10.929434838249792,24.660745180880205,0
48.0,2.0,24.0,226.0,16009.99993438885,7856.99996682075,8152.9999675681,2252.38793848172,0.0,2252.38793848172,0.0,link,0.0,0.0,0.0,0.0,0.0,0.0,18.13284927182507,18.13284927182507,0.0,32.824046505810344,18.13284927182507,14.691197233985278,0
48.0,2.0,0.0,227.0,10228.9496360124,5180.36917753558,5048.58045847682,2203.40390841478,2203.40390841478,0.0,34790.8303429051,link,0.0,0.0,0.0,0.0,0.0,0.0,18.13284927182507,18.13284927182507,0.0,32.50454823700236,32.50454823700236,0.0,0
50.0,2.0,23.0,230.0,167288.29083468,89420.7692084569,77867.5216262231,2077.52908786604,0.0,2077.52908786604,0.0,link,0.0,0.0,0.0,0.0,0.0,0.0,102.17211089026873,62.07471979780154,40.097391092467184,115.7227915113678,62.07471979780154,53.64807171356625,0
50.0,2.0,25.0,231.0,167733.1420677742,89424.5683491475,78308.5737186267,2379.09007339684,2379.09007339684,0.0,2660.51340881896,link,0.0,0.0,0.0,0.0,0.0,0.0,102.17211089026873,62.07471979780154,40.097391092467184,117.68972262515021,77.59233153268303,40.097391092467184,0
51.0,2.0,23.0,232.0,68004.42841151671,33685.4721908872,34318.9562206295,2606.49863917702,0.0,2606.49863917702,0.0,link,0.0,0.0,0.0,0.0,0.0,0.0,49.378457220574646,33.912667738915246,15.465789481659396,66.37934101715078,33.912667738915246,32.46667327823553,0
51.0,0.0,130.0,233.0,33100.9959033154,33100.9959033154,0.0,783.162954686691,783.162954686691,0.0,2344.99727996629,ra,1.0,1.0,0.0,7.261390376877057,7.261390376877057,0.0,33.912667738915246,33.912667738915246,0.0,31.75945661715168,31.75945661715168,0.0,1
51.0,2.0,27.0,234.0,64426.2356563276,31754.4889250316,32671.746731296,1762.79400434887,1762.79400434887,0.0,7784.58868214326,link,0.0,0.0,0.0,0.0,0.0,0.0,47.22524609496024,31.75945661715168,15.465789477808556,58.72306757011272,43.25727808845332,15.465789481659396,0
53.0,2.0,24.0,237.0,26623.0,13216.0,13407.0,1301.2096815,0.0,1301.2096815,0.0,link,0.0,0.0,0.0,0.0,0.0,0.0,34.9163390131457,27.015629810504695,7.900709202641011,43.4034773728785,27.015629810504695,16.3878475623738,0
53.0,2.0,28.0,238.0,26623.0,13216.0,13407.0,1282.672272,1282.672272,0.0,9705.48649135397,link,0.0,0.0,0.0,0.0,0.0,0.0,34.9163390131457,27.015629810504695,7.900709202641011,43.28256714488498,35.38185794224397,7.900709202641011,0
54.0,2.0,25.0,239.0,63790.743083652196,33602.5555376766,30188.1875459756,914.669079332492,0.0,914.669079332492,0.0,link,0.0,0.0,0.0,0.0,0.0,0.0,45.031254739589606,45.031254739589606,0.0,50.9971825527883,45.031254739589606,5.965927813198696,0
54.0,2.0,131.0,240.0,33762.4415586177,17029.2127372484,16733.2288213693,7185.4180023402205,3714.28097177565,3471.13703056457,14118.0595783865,ra,16.0,16.0,0.0,126.40947074853506,69.25764727460603,57.15182347392902,79.54259170097377,45.031254739589606,34.51133696138417,0.0,0.0,0.0,1
54.0,2.0,26.0,241.0,32484.7744574449,16371.3543459377,16113.4201115072,929.571492526024,929.571492526024,0.0,19751.6727385701,link,0.0,0.0,0.0,0.0,0.0,0.0,34.51133696138417,0.0,34.51133696138417,40.57446574416189,6.063128782777722,34.51133696138417,0
55.0,2.0,26.0,242.0,35611.1999360093,17306.4999689679,18304.6999670414,3651.95402706089,0.0,3651.95402706089,0.0,link,0.0,0.0,0.0,0.0,0.0,0.0,25.59221517566914,25.59221517566914,0.0,49.412080299420225,25.59221517566914,23.81986512375109,0
55.0,2.0,132.0,243.0,34335.6700861098,16687.9002306099,17647.7698554999,3806.71617873812,1850.01487529755,1956.70130344057,10714.2329169781,ra,7.0,0.0,7.0,50.421516221093086,37.65893465789281,12.762581563200282,25.59221517566914,25.59221517566914,0.0,0.0,0.0,0.0,1
55.0,2.0,0.0,244.0,9015.00027880696,4116.00014201232,4899.00013679464,3382.27393180499,3382.27393180499,0.0,47911.3668726574,link,0.0,0.0,0.0,0.0,0.0,0.0,0.0,0.0,0.0,22.060877072982628,22.060877072982628,0.0,0
56.0,2.0,27.0,245.0,67553.5172847849,34432.267085203,33121.2501995819,2367.02370971695,0.0,2367.02370971695,0.0,link,0.0,0.0,0.0,0.0,0.0,0.0,32.01079243437996,32.01079243437996,0.0,47.449701328738456,32.01079243437996,15.438908894358498,0
56.0,1.0,134.0,246.0,28345.0537807391,0.0,28345.0537807391,1429.46120190489,0.0,1429.46120190489,14670.9425066938,ra,3.0,0.0,3.0,24.0,0.0,24.0,14.676341274642807,0.0,14.676341274642807,0.0,0.0,0.0,1
56.0,0.0,133.0,247.0,28758.648000424,28758.648000424,0.0,4635.2223561875,4635.2223561875,0.0,14715.488271793,ra,0.0,-0.0,0.0,0.0,0.0,0.0,32.01079243437996,32.01079243437996,0.0,62.24402389197379,62.24402389197379,0.0,0
56.0,2.0,135.0,248.0,47006.1040822862,24072.8864014428,22933.2176808434,5972.33806438385,1468.70673835056,4503.63132603329,20490.1826432686,ra,6.0,6.0,0.0,47.99999999999996,9.924727967234404,38.075272032765554,85.62070806328089,62.24402389197379,23.3766841713071,76.57527490489733,61.89893363025452,14.676341274642807,1
56.0,2.0,29.0,249.0,45237.3265637856,23422.054813021,21815.2717507646,2510.31569035993,2510.31569035993,0.0,31051.5111500156,link,0.0,0.0,0.0,0.0,0.0,0.0,85.27561780156162,61.89893363025452,23.3766841713071,101.64914844278199,78.27246427147489,23.3766841713071,0
57.0,2.0,28.0,250.0,21608.0,10785.0,10823.0,664.304917,0.0,664.304917,0.0,link,0.0,0.0,0.0,0.0,0.0,0.0,18.082766305355783,18.082766305355783,0.0,22.415694213739016,18.082766305355783,4.332927908383232,0
57.0,2.0,0.0,251.0,21608.0,10785.0,10823.0,661.972515,661.972515,0.0,6137.90628624439,link,0.0,0.0,0.0,0.0,0.0,0.0,18.082766305355783,18.082766305355783,0.0,22.400481124898718,22.400481124898718,0.0,0
59.0,2.0,29.0,254.0,41763.642422810604,21836.3114479028,19927.3309749078,64.1922987606669,0.0,64.1922987606669,0.0,link,0.0,0.0,0.0,0.0,0.0,0.0,87.85708013564928,63.27410221119274,24.582977924456543,88.27577431611607,63.27410221119274,25.001672104923323,0
59.0,0.0,137.0,255.0,11226.9471972143,11226.9471972143,0.0,4281.44265472418,4281.44265472418,0.0,25939.71611319,ra,12.0,12.0,0.0,91.19980604396565,91.19980604396565,0.0,63.27410221119274,63.27410221119274,0.0,0.0,0.0,0.0,1
59.0,1.0,138.0,256.0,8142.41876965786,0.0,8142.41876965786,3768.95103150065,0.0,3768.95103150065,26235.4919576393,ra,0.0,0.0,-0.0,0.0,0.0,0.0,0.0,0.0,0.0,24.582977924456543,0.0,24.582977924456543,0
59.0,2.0,0.0,257.0,19030.16772086208,11064.8956674036,7965.27205345848,121.795390046012,121.795390046012,0.0,27032.7504548799,link,0.0,0.0,0.0,0.0,0.0,0.0,0.0,0.0,0.0,0.7944102642292903,0.7944102642292903,0.0,0
60.0,2.0,29.0,258.0,15204.99963875321,7325.99983936264,7878.99979939057,589.761879951074,0.0,589.761879951074,0.0,link,0.0,0.0,0.0,0.0,0.0,0.0,31.426950442191163,25.94851074387133,5.478439698319831,35.27367149384427,25.94851074387133,9.325160749972937,0
60.0,2.0,136.0,259.0,13825.298552554461,6712.48148642337,7112.81706613109,1621.703087201606,781.773481624616,839.92960557699,10738.6315701673,ra,4.0,4.0,0.0,31.047627203617818,31.047627203617818,0.0,25.94851074387133,25.94851074387133,0.0,5.478439698319831,0.0,5.478439698319831,1
60.0,2.0,0.0,260.0,9900.0011340695,4967.00050429217,4933.00062977733,588.144298822839,588.144298822839,0.0,22135.2935483001,link,0.0,0.0,0.0,0.0,0.0,0.0,0.0,0.0,0.0,3.836170380966737,3.836170380966737,0.0,0
