Time of calculation: 20220209-053541; value of objective: 263197000.0;  acc=2400;  cfix=40000;  cvar=127000;  eta=1.0;  mu=0.24;  i=
segment_id,dir,type_ID,POI_ID,traffic_flow,traffic_flow_0,traffic_flow_1,energy_demand,energy_demand_0,energy_demand_1,dist_along_segment,pois_type,pYi_dir,pYi_dir_0,pYi_dir_1,pE_charged,pE_charged_0,pE_charged_1,pE_input,pE_input_0,pE_input_1,pE_output,pE_output_0,pE_output_1,pXi
0.0,2.0,0.0,0.0,26540.636112053,13243.0239038645,13297.6122081885,4423.92123143818,0.0,4423.92123143818,0.0,link,0.0,0.0,0.0,0.0,0.0,0.0,0.0,0.0,0.0,2109.892,0.0,2109.892,0
0.0,2.0,1.0,1.0,26594.7769799282,13269.4415749127,13325.3354050155,810.003976920776,31.774775427221,778.229201493555,239.715824101164,ra,34.0,0.0,34.0,5643.999999999999,0.0,5643.999999999999,5272.840999999999,0.0,5272.840999999999,15.154,15.154,0.0,1
0.0,2.0,0.0,2.0,45891.0713847726,24132.5354848012,21758.5358999714,10453.07839190074,5371.86342144895,5081.21497045179,24427.462160298,ra,0.0,-0.0,0.0,0.0,0.0,0.0,2864.6210000000005,15.154,2849.4670000000006,7849.986999999999,2577.146,5272.840999999999,0
0.0,1.0,2.0,3.0,5594.60627343411,0.0,5594.60627343411,2065.98540498995,0.0,2065.98540498995,68504.6013106114,ra,0.0,0.0,-0.0,0.0,0.0,0.0,1864.1410000000005,0.0,1864.1410000000005,2849.4670000000006,0.0,2849.4670000000006,0
0.0,0.0,3.0,4.0,4553.08388931748,4553.08388931748,0.0,7187.4483251383,7187.4483251383,0.0,79329.1374904099,ra,0.0,-0.0,0.0,0.0,0.0,0.0,2577.146,2577.146,0.0,6005.041,6005.041,0.0,0
0.0,2.0,4.0,5.0,7895.539602766939,4645.32330643337,3250.21629633357,2342.9750495919798,1038.66179081139,1304.31325878059,104473.71241617,ra,0.0,0.0,0.0,0.0,0.0,0.0,7247.118,6005.041,1242.0770000000007,8364.549,6500.408,1864.1410000000005,0
0.0,2.0,5.0,6.0,19815.36822147166,9562.72950758806,10252.6387138836,7959.02626511719,2076.95503589247,5882.07122922472,133409.21035476,ra,34.0,0.0,34.0,5644.0,2759.4787666666666,2884.521233333333,7821.682233333335,6500.408,1321.274233333334,5973.564233333334,4731.487233333333,1242.0770000000007,1
0.0,2.0,6.0,7.0,38420.413170467305,19234.6634945469,19185.7496759204,10291.73164091456,4957.10120865155,5334.63043226301,173065.413799776,ra,34.0,0.0,34.0,5644.0,2932.3739,2711.6261000000004,6220.152566666668,4731.487233333333,1488.665333333334,5484.567566666667,4163.293333333333,1321.274233333334,1
0.0,1.0,7.0,8.0,21229.4573799075,0.0,21229.4573799075,31.9071906889248,0.0,31.9071906889248,176940.22069629,ra,0.0,0.0,-0.0,0.0,0.0,0.0,1473.448333333334,0.0,1473.448333333334,1488.665333333334,0.0,1488.665333333334,0
0.0,2.0,0.0,9.0,50605.7308716768,25638.9023938735,24966.8284778033,5210.17855174236,5210.17855174236,0.0,194059.964946131,link,0.0,0.0,0.0,0.0,0.0,0.0,5636.741666666667,4163.293333333333,1473.448333333334,8121.621666666667,6648.173333333333,1473.448333333334,0
1.0,2.0,0.0,10.0,41635.2696746832,21021.6267553003,20613.6429193829,39.7761865009555,0.0,39.7761865009555,0.0,link,0.0,0.0,0.0,0.0,0.0,0.0,4690.799666666669,3748.0163333333335,942.7833333333349,4709.769666666669,3748.0163333333335,961.7533333333349,0
1.0,2.0,8.0,11.0,39859.9435983602,20128.7100274165,19731.2335709437,2276.328443367862,1715.72731424055,560.601129127312,8218.21591932416,ra,0.0,0.0,0.0,0.0,0.0,0.0,4423.433666666669,3748.0163333333335,675.4173333333349,5509.077666666668,4566.294333333333,942.7833333333349,0
1.0,0.0,9.0,12.0,15021.9786197919,15021.9786197919,0.0,1426.84265640488,1426.84265640488,0.0,16747.0640478161,ra,0.0,-0.0,0.0,0.0,0.0,0.0,4566.294333333333,4566.294333333333,0.0,5246.7953333333335,5246.7953333333335,0.0,0
1.0,2.0,10.0,13.0,29629.2702066633,14994.1517039878,14635.1185026755,191.32891529796441,24.7111120586864,166.617803239278,16911.7407621753,ra,13.0,0.0,13.0,2156.089,1223.2935333333335,932.7954666666664,6775.5431333333345,5246.7953333333335,1528.7478000000015,4710.704133333335,4035.2868000000003,675.4173333333349,1
1.0,2.0,14.0,14.0,23126.816645439998,11846.3351177034,11280.4815277366,2715.58896866506,1386.75954291372,1328.82942575134,27721.2649615329,ra,0.0,0.0,0.0,0.0,0.0,0.0,4930.2786000000015,4035.2868000000003,894.9918000000014,6225.418600000003,4696.670800000001,1528.7478000000015,0
1.0,1.0,13.0,15.0,11337.2619320883,0.0,11337.2619320883,1420.24853693026,0.0,1420.24853693026,29194.6309655969,ra,0.0,0.0,-0.0,0.0,0.0,0.0,217.63580000000138,0.0,217.63580000000138,894.9918000000014,0.0,894.9918000000014,0
1.0,0.0,12.0,16.0,11885.5265358471,11885.5265358471,0.0,208.504810997731,208.504810997731,0.0,29478.4736802298,ra,0.0,-0.0,0.0,0.0,0.0,0.0,4696.670800000001,4696.670800000001,0.0,4796.112800000001,4796.112800000001,0.0,0
1.0,0.0,15.0,17.0,11960.1701828351,11960.1701828351,0.0,465.471180470787,465.471180470787,0.0,33381.7233696118,ra,0.0,-0.0,0.0,0.0,0.0,0.0,4796.112800000001,4796.112800000001,0.0,5018.108800000001,5018.108800000001,0.0,0
1.0,2.0,16.0,18.0,23460.935326572,11970.3853891252,11490.5499374468,1768.668281716874,86.3301716488441,1682.33811006803,34103.2604930604,ra,34.0,34.0,0.0,5643.999999999999,5059.281800000001,584.7181999999987,5018.108800000001,5018.108800000001,0.0,217.63580000000138,0.0,217.63580000000138,1
1.0,2.0,0.0,19.0,23472.9532848191,11974.8809399587,11498.0723448604,41.4313703808343,41.4313703808343,0.0,34449.3464575004,link,0.0,0.0,0.0,0.0,0.0,0.0,0.0,0.0,0.0,19.76,19.76,0.0,0
2.0,2.0,0.0,20.0,68929.1689525749,33758.8137930879,35170.355159487,2037.30449092795,0.0,2037.30449092795,0.0,link,0.0,0.0,0.0,0.0,0.0,0.0,5771.802,4565.956,1205.846,6743.450000000001,4565.956,2177.494,0
2.0,1.0,11.0,21.0,34398.2821383792,0.0,34398.2821383792,0.177994253383828,0.0,0.177994253383828,2598.41164546074,ra,0.0,0.0,-0.0,0.0,0.0,0.0,1205.761,0.0,1205.761,1205.846,0.0,1205.846,0
2.0,0.0,17.0,22.0,24285.974119979,24285.974119979,0.0,5629.75346622784,5629.75346622784,0.0,19826.0309188716,ra,34.0,34.0,0.0,5643.999999999999,5643.999999999999,0.0,4565.956,4565.956,0.0,1606.943000000001,1606.943000000001,0.0,1
2.0,1.0,18.0,23.0,24186.0911430872,0.0,24186.0911430872,4128.06929715106,0.0,4128.06929715106,19924.5544753991,ra,34.0,0.0,34.0,5644.0,0.0,5644.0,4880.969,0.0,4880.969,1205.761,0.0,1205.761,1
2.0,0.0,19.0,24.0,24395.8043620461,24395.8043620461,0.0,1107.94961707917,1107.94961707917,0.0,24376.283905319,ra,0.0,-0.0,0.0,0.0,0.0,0.0,1606.943000000001,1606.943000000001,0.0,2135.355000000001,2135.355000000001,0.0,0
2.0,0.0,20.0,25.0,18382.7449604955,18382.7449604955,0.0,3193.59583085962,3193.59583085962,0.0,38424.0480859037,ra,0.0,-0.0,0.0,0.0,0.0,0.0,2135.355000000001,2135.355000000001,0.0,3658.4700000000003,3658.4700000000003,0.0,0
2.0,1.0,21.0,26.0,18491.6133654888,0.0,18491.6133654888,4453.99249618843,0.0,4453.99249618843,38987.6806255175,ra,0.0,0.0,-0.0,0.0,0.0,0.0,2756.735,0.0,2756.735,4880.969,0.0,4880.969,0
2.0,2.0,22.0,27.0,37060.499514109295,18323.8494067353,18736.650107374,9037.685965220891,4162.99183164668,4874.69413357421,60686.5331745626,ra,0.0,0.0,-0.0,0.0,0.0,0.0,4090.327,3658.4700000000003,431.857,8400.652,5643.917,2756.735,0
2.0,2.0,23.0,28.0,37058.9029265594,18323.1127403572,18735.7901862022,905.670862196634,0.17407320896991,905.496788987664,60687.5223097686,ra,34.0,0.0,34.0,5644.0,5644.0,0.0,5643.917,5643.917,0.0,431.857,0.0,431.857,1
2.0,2.0,0.0,29.0,23931.6001633626,12393.9415716933,11537.6585916693,2066.87595360883,2066.87595360883,0.0,74788.4585560346,link,0.0,0.0,0.0,0.0,0.0,0.0,0.0,0.0,0.0,985.7509999999966,985.7509999999966,0.0,0
3.0,2.0,0.0,30.0,27844.0,14880.0,12964.0,276.638796,0.0,276.638796,0.0,link,0.0,0.0,0.0,0.0,0.0,0.0,0.0,0.0,0.0,131.937,0.0,131.937,0
3.0,0.0,24.0,31.0,14880.0,14880.0,0.0,43.31568,43.31568,0.0,291.139117483826,ra,0.0,-0.0,0.0,0.0,0.0,0.0,0.0,0.0,0.0,20.658,20.658,0.0,0
3.0,1.0,25.0,32.0,12964.0,0.0,12964.0,50.78647,0.0,50.78647,391.789662717657,ra,34.0,0.0,34.0,5644.000000000003,0.0,5644.000000000003,5619.779000000002,0.0,5619.779000000002,0.0,0.0,0.0,1
3.0,2.0,1.0,33.0,27844.0,14880.0,12964.0,332.50104,332.50104,0.0,2525.71464164925,link,0.0,0.0,0.0,0.0,0.0,0.0,5640.437000000003,20.658,5619.779000000002,5799.016000000002,179.23700000000002,5619.779000000002,0
4.0,2.0,1.0,34.0,59761.3086274698,30037.3419745759,29723.9666528939,2541.48042300009,0.0,2541.48042300009,0.0,link,0.0,0.0,0.0,0.0,0.0,0.0,13534.914296078432,9529.787398039216,4005.126898039216,14747.017296078433,9529.787398039216,5217.229898039216,0
4.0,1.0,29.0,35.0,19741.1962074672,0.0,19741.1962074672,941.130780889781,0.0,941.130780889781,27421.918402147,ra,0.0,0.0,-0.0,0.0,0.0,0.0,3556.274898039216,0.0,3556.274898039216,4005.126898039216,0.0,4005.126898039216,0
4.0,0.0,28.0,36.0,20188.7740020659,20188.7740020659,0.0,6913.40781708113,6913.40781708113,0.0,27456.2755376563,ra,34.0,34.0,0.0,5644.000000000001,5644.000000000001,0.0,9529.787398039216,9529.787398039216,0.0,7182.985398039216,7182.985398039216,0.0,1
4.0,2.0,31.0,37.0,24242.04672144007,16011.0814154375,8230.96530600257,10336.618270691579,5459.80728965386,4876.81098103772,57952.4364496481,ra,34.0,0.0,34.0,5643.999999999999,4693.310981426965,950.6890185730347,9364.061314651466,7182.985398039216,2181.0759166122502,8649.884314651466,5093.609416612251,3556.274898039216,1
4.0,2.0,30.0,38.0,24222.43641462717,16010.6884723873,8211.74794223987,2097.1816748164297,3.69851459408978,2093.48316022234,57975.5602403068,ra,0.0,0.0,-0.0,0.0,0.0,0.0,6276.244333224502,5093.609416612251,1182.6349166122507,7276.449333224502,5095.373416612252,2181.0759166122502,0
4.0,2.0,35.0,39.0,21337.9057816767,10925.6060783794,10412.2997032973,4724.82145770061,2596.38509090262,2128.43636679799,78476.4553474238,ra,34.0,34.0,0.0,5644.0,2916.0456060532442,2727.9543939467553,7990.851727171258,5095.373416612252,2895.478310559006,4600.251727171259,3417.6168105590077,1182.6349166122507,1
4.0,0.0,40.0,40.0,10876.9999980846,10876.9999980846,0.0,1976.66074396654,1976.66074396654,0.0,96645.2667353262,ra,0.0,0.0,0.0,0.0,0.0,0.0,3417.6168105590077,3417.6168105590077,0.0,4360.341810559008,4360.341810559008,0.0,0
4.0,1.0,41.0,41.0,10239.998724531,0.0,10239.998724531,1817.26058482465,0.0,1817.26058482465,99246.7072366671,ra,34.0,0.0,34.0,5644.0,0.0,5644.0,7672.776310559007,0.0,7672.776310559007,2895.478310559006,0.0,2895.478310559006,1
4.0,2.0,42.0,42.0,15349.44862342799,7293.1561007636,8056.29252266439,2244.8438549829193,2242.94471998322,1.89913499969935,124531.184689634,ra,0.0,-0.0,0.0,0.0,0.0,0.0,12032.212121118015,4360.341810559008,7671.870310559007,13102.841121118014,5430.064810559008,7672.776310559007,0
4.0,2.0,45.0,43.0,29499.9997821141,14928.9998128104,14570.9999693037,9965.39545782924,4949.37419030477,5016.02126752447,160563.715389321,ra,0.0,-0.0,0.0,0.0,0.0,0.0,10709.654121118016,5430.064810559008,5279.589310559007,15462.430121118014,7790.559810559008,7671.870310559007,0
4.0,2.0,49.0,44.0,29501.2496709625,14929.6109247903,14571.6387461722,7771.39511709413,964.25344768502,6807.14166940911,167022.616706975,ra,0.0,0.0,-0.0,0.0,0.0,0.0,9823.633121118015,7790.559810559008,2033.0733105590061,13530.028121118015,8250.438810559008,5279.589310559007,0
4.0,2.0,2.0,45.0,37135.979248738106,18661.9898553614,18473.9893933767,2580.11657231137,2580.11657231137,0.0,182066.45484822,link,0.0,0.0,0.0,0.0,0.0,0.0,10283.512121118014,8250.438810559008,2033.0733105590061,11514.042121118015,9480.968810559008,2033.0733105590061,0
5.0,2.0,1.0,46.0,68793.7826224039,33913.4453688065,34880.3372535974,3843.82209257494,0.0,3843.82209257494,0.0,link,0.0,0.0,0.0,0.0,0.0,0.0,15403.232357254905,3741.6794286274508,11661.552928627454,17236.4583572549,3741.6794286274508,13494.778928627453,0
5.0,1.0,26.0,47.0,36003.5240013336,0.0,36003.5240013336,3895.94746693039,0.0,3895.94746693039,10624.4240384357,ra,0.0,0.0,-0.0,0.0,0.0,0.0,9803.466928627453,0.0,9803.466928627453,11661.552928627454,0.0,11661.552928627454,0
5.0,0.0,27.0,48.0,32653.8009159093,32653.8009159093,0.0,4178.14177110393,4178.14177110393,0.0,12028.5386871855,ra,34.0,34.0,0.0,5644.0,5644.0,0.0,3741.6794286274508,3741.6794286274508,0.0,90.35242862745085,90.35242862745085,0.0,1
5.0,2.0,32.0,49.0,33127.6679782642,16315.8916479239,16811.7763303403,9152.20454584315,5870.83645283758,3281.36809300557,39273.393575652,ra,34.0,0.0,34.0,5644.000000000001,2684.646911011153,2959.353088988848,11288.196446243752,90.35242862745085,11197.8440176163,10009.13844624375,205.67151761629802,9803.466928627453,1
5.0,1.0,36.0,50.0,15728.3542233459,0.0,15728.3542233459,1275.7622080105,0.0,1275.7622080105,47330.3638647794,ra,0.0,0.0,-0.0,0.0,0.0,0.0,10589.3970176163,0.0,10589.3970176163,11197.8440176163,0.0,11197.8440176163,0
5.0,0.0,39.0,51.0,16181.0369578104,16181.0369578104,0.0,2402.71193975453,2402.71193975453,0.0,54808.4650706048,ra,0.0,-0.0,0.0,0.0,0.0,0.0,205.67151761629802,205.67151761629802,0.0,1351.592517616298,1351.592517616298,0.0,0
5.0,1.0,43.0,52.0,15425.0541977474,0.0,15425.0541977474,6550.91638851091,0.0,6550.91638851091,67696.5829264334,ra,0.0,0.0,-0.0,0.0,0.0,0.0,7465.0820176163015,0.0,7465.0820176163015,10589.3970176163,0.0,10589.3970176163,0
5.0,0.0,44.0,53.0,16743.9409701348,16743.9409701348,0.0,2188.52376611744,2188.52376611744,0.0,67916.7177403682,ra,0.0,-0.0,0.0,0.0,0.0,0.0,1351.592517616298,1351.592517616298,0.0,2395.3605176162982,2395.3605176162982,0.0,0
5.0,1.0,50.0,54.0,23926.8657512302,0.0,23926.8657512302,3865.03208223887,0.0,3865.03208223887,86150.6446371155,ra,0.0,0.0,-0.0,0.0,0.0,0.0,5621.740017616303,0.0,5621.740017616303,7465.0820176163015,0.0,7465.0820176163015,0
5.0,0.0,51.0,55.0,23976.5917239922,23976.5917239922,0.0,3863.2104401925,3863.2104401925,0.0,86198.2118888899,ra,0.0,-0.0,0.0,0.0,0.0,0.0,2395.3605176162982,2395.3605176162982,0.0,4237.833517616298,4237.833517616298,0.0,0
5.0,2.0,4.0,56.0,48295.9987384735,24204.9992554563,24090.9994830172,3849.65902876729,3849.65902876729,0.0,102115.051061861,link,0.0,0.0,0.0,0.0,0.0,0.0,9859.573535232601,4237.833517616298,5621.740017616303,11695.583535232601,6073.843517616298,5621.740017616303,0
6.0,2.0,0.0,57.0,17593.52882743976,9370.08985369332,8223.43897374644,3280.58897165935,0.0,3280.58897165935,0.0,link,0.0,0.0,0.0,0.0,0.0,0.0,0.0,0.0,0.0,1564.605,0.0,1564.605,0
6.0,0.0,34.0,58.0,9440.70012643683,9440.70012643683,0.0,115.627916160566,115.627916160566,0.0,1229.56192943354,ra,0.0,-0.0,0.0,0.0,0.0,0.0,0.0,0.0,0.0,55.146,55.146,0.0,0
6.0,0.0,33.0,59.0,9685.7540713875,9685.7540713875,0.0,302.822447135245,302.822447135245,0.0,4398.31801694572,ra,0.0,-0.0,0.0,0.0,0.0,0.0,55.146,55.146,0.0,199.57100000000003,199.57100000000003,0.0,0
6.0,1.0,38.0,60.0,13533.1360897293,0.0,13533.1360897293,3267.26796433001,0.0,3267.26796433001,19100.037855584,ra,34.0,0.0,34.0,5643.999999999998,0.0,5643.999999999998,4085.748,0.0,4085.748,0.0,0.0,0.0,1
6.0,0.0,37.0,61.0,14150.2103751211,14150.2103751211,0.0,1803.67381185194,1803.67381185194,0.0,19123.3135023805,ra,0.0,-0.0,0.0,0.0,0.0,0.0,199.57100000000003,199.57100000000003,0.0,1059.7939999999999,1059.7939999999999,0.0,0
6.0,2.0,48.0,62.0,30972.8842403762,15986.2762154003,14986.6080249759,5468.1986435463505,3421.90944344568,2046.28920010067,42213.9465999939,ra,0.0,0.0,-0.0,0.0,0.0,0.0,4169.6089999999995,1059.7939999999999,3109.8149999999996,6777.546,2691.798,4085.748,0
6.0,2.0,3.0,63.0,43852.3829830634,22912.2538280909,20940.1291549725,3553.90060489654,3553.90060489654,0.0,60876.2242421798,link,0.0,0.0,0.0,0.0,0.0,0.0,5801.612999999999,2691.798,3109.8149999999996,7496.567999999999,4386.753,3109.8149999999996,0
7.0,2.0,0.0,64.0,11819.72883309257,5668.99952865367,6150.7293044389,2312.63273856917,0.0,2312.63273856917,0.0,link,0.0,0.0,0.0,0.0,0.0,0.0,0.0,0.0,0.0,1102.959,0.0,1102.959,0
7.0,2.0,46.0,65.0,16750.43996107374,8281.7922636936,8468.64769738014,443.9117156207323,439.374363225034,4.53735239569832,6667.95544755655,ra,34.0,34.0,0.0,5644.000000000002,90.58857142857195,5553.4114285714295,5551.247428571431,0.0,5551.247428571431,118.96142857142806,118.96142857142806,0.0,1
7.0,2.0,47.0,66.0,16803.00194301874,8309.64474409952,8493.35719891922,469.00809295789134,4.43822753361236,464.569865424279,6721.47492677825,ra,0.0,0.0,-0.0,0.0,0.0,0.0,5448.642857142858,118.96142857142806,5329.68142857143,5672.325857142859,121.07842857142806,5551.247428571431,0
7.0,2.0,2.0,67.0,31479.2646876848,14962.6751347339,16516.5895529509,2176.3869746183,2176.3869746183,0.0,25294.5418793567,link,0.0,0.0,0.0,0.0,0.0,0.0,5450.759857142858,121.07842857142806,5329.68142857143,6488.739857142858,1159.058428571428,5329.68142857143,0
8.0,2.0,2.0,68.0,14782.3695846428,7482.84754160049,7299.52204304231,571.535173252439,0.0,571.535173252439,0.0,link,0.0,0.0,0.0,0.0,0.0,0.0,2897.397695652174,2848.418347826087,48.979347826087235,3169.9786956521743,2848.418347826087,321.56034782608725,0
8.0,2.0,52.0,69.0,9208.20636712835,4168.18387658208,5040.02249054627,1091.488655298786,530.547783523534,560.940871775252,9055.82449812222,ra,20.0,20.0,0.0,3319.9999999999995,3101.451347826087,218.54865217391279,2848.418347826087,2848.418347826087,0.0,48.979347826087235,0.0,48.979347826087235,1
8.0,2.0,0.0,70.0,9708.89067456805,5120.67365793185,4588.2170166362,557.603815055505,557.603815055505,0.0,21173.6853058851,link,0.0,0.0,0.0,0.0,0.0,0.0,0.0,0.0,0.0,265.937,265.937,0.0,0
9.0,2.0,2.0,71.0,31818.42313617,16104.8835451968,15713.5395909732,3261.48259711826,0.0,3261.48259711826,0.0,link,0.0,0.0,0.0,0.0,0.0,0.0,6399.0515000000005,4352.479,2046.5725000000002,7954.5435,4352.479,3602.0645,0
9.0,2.0,55.0,72.0,36693.0558776816,18116.8086480647,18576.2472296169,5325.486521774041,2708.00089398014,2617.4856277939,15445.3717833973,ra,34.0,34.0,0.0,5644.0,5644.0,0.0,5150.699500000001,4352.479,798.2204999999999,2046.5725000000002,0.0,2046.5725000000002,1
9.0,2.0,7.0,73.0,31601.8542643027,15291.9117888883,16309.9424754144,3142.32996782434,3142.32996782434,0.0,33157.1268468838,link,0.0,0.0,0.0,0.0,0.0,0.0,798.2204999999999,0.0,798.2204999999999,2296.8855,1498.665,798.2204999999999,0
10.0,2.0,3.0,74.0,31606.6695639389,16070.5474552074,15536.1221087315,43.8140689321546,0.0,43.8140689321546,0.0,link,0.0,0.0,0.0,0.0,0.0,0.0,5225.859284505473,3075.962504308292,2149.8967801971808,5246.755284505472,3075.962504308292,2170.792780197181,0
10.0,2.0,53.0,75.0,20482.292071415,10386.9656808517,10095.3263905633,3859.97837178184,1960.6175793948,1899.36079238704,14793.4065314786,ra,34.0,34.0,0.0,5643.999999999999,3746.731904308292,1897.268095691707,6217.26938019718,3075.962504308292,3141.3068758888885,2414.200380197181,264.3036000000001,2149.8967801971808,1
10.0,2.0,4.0,76.0,20473.6189956967,10382.5344994114,10091.0844962853,45.079640330005,45.079640330005,0.0,15227.5355211014,link,0.0,0.0,0.0,0.0,0.0,0.0,3405.6104758888887,264.3036000000001,3141.3068758888885,3427.1104758888887,285.8036000000001,3141.3068758888885,0
11.0,2.0,3.0,77.0,48420.0541429227,24599.8231829302,23820.2309599925,1269.82131381751,0.0,1269.82131381751,0.0,link,0.0,0.0,0.0,0.0,0.0,0.0,6372.461797430351,3674.92153665962,2697.5402607707306,6978.07479743035,3674.92153665962,3303.153260770731,0
11.0,2.0,54.0,78.0,48814.9931722971,24295.4347117739,24519.5584605232,3388.4082292149897,1701.63127736504,1686.77695184995,6967.48714814497,ra,21.0,0.0,21.0,3486.000000000001,1825.1576220272727,1660.842377972728,7228.833175403079,3674.92153665962,3553.911638743459,5358.860175403077,2661.319914632347,2697.5402607707306,1
11.0,1.0,56.0,79.0,22284.9266194441,0.0,22284.9266194441,1685.09443322027,0.0,1685.09443322027,14053.3882390507,ra,0.0,0.0,0.0,0.0,0.0,0.0,2750.242638743459,0.0,2750.242638743459,3553.911638743459,0.0,3553.911638743459,0
11.0,2.0,5.0,80.0,42919.8251598076,21285.3584845686,21634.466675239,2910.89526178855,2910.89526178855,0.0,19878.6900646546,link,0.0,0.0,0.0,0.0,0.0,0.0,5411.562553375806,2661.319914632347,2750.242638743459,6799.849553375806,4049.606914632347,2750.242638743459,0
12.0,2.0,4.0,81.0,53131.6723320628,26537.1834811746,26594.4888508882,1562.32443000799,0.0,1562.32443000799,0.0,link,0.0,0.0,0.0,0.0,0.0,0.0,10224.955929916685,5888.766929783522,4336.189000133163,10970.071929916685,5888.766929783522,5081.305000133162,0
12.0,0.0,58.0,82.0,22288.895823896,22288.895823896,0.0,3364.25769729557,3364.25769729557,0.0,13722.6357161214,ra,34.0,34.0,0.0,5643.999999999998,5643.999999999998,0.0,5888.766929783522,5888.766929783522,0.0,1849.2759297835248,1849.2759297835248,0.0,1
12.0,1.0,57.0,83.0,22492.6689728353,0.0,22492.6689728353,3393.5923031971,0.0,3393.5923031971,13775.3691799331,ra,0.0,0.0,-0.0,0.0,0.0,0.0,2717.690000133163,0.0,2717.690000133163,4336.189000133163,0.0,4336.189000133163,0
12.0,2.0,5.0,84.0,44751.0771921405,22273.0392762582,22478.0379158823,1559.84087923299,1559.84087923299,0.0,20725.0958331826,link,0.0,0.0,0.0,0.0,0.0,0.0,4566.965929916688,1849.2759297835248,2717.690000133163,5310.897929916688,2593.2079297835244,2717.690000133163,0
13.0,2.0,4.0,85.0,25987.610544625597,13119.3784455626,12868.232099063,1205.38349046939,0.0,1205.38349046939,0.0,link,0.0,0.0,0.0,0.0,0.0,0.0,9901.875949337618,3632.9476218991836,6268.928327438435,10476.756949337618,3632.9476218991836,6843.809327438435,0
13.0,2.0,59.0,86.0,13974.00634747334,7033.00411775856,6941.00222971478,6883.850493770729,3777.52597161839,3106.32452215234,36309.8952864744,ra,0.0,-0.0,0.0,0.0,0.0,0.0,8420.382949337618,3632.9476218991836,4787.435327438435,11703.48394933762,5434.555621899184,6268.928327438435,0
13.0,1.0,63.0,87.0,7362.49465739319,0.0,7362.49465739319,661.497609325267,0.0,661.497609325267,54986.8926639146,ra,0.0,0.0,-0.0,0.0,0.0,0.0,4471.948327438436,0.0,4471.948327438436,4787.435327438435,0.0,4787.435327438435,0
13.0,0.0,62.0,88.0,7963.31449008736,7963.31449008736,0.0,1395.608479293,1395.608479293,0.0,55258.2918559062,ra,32.0,32.0,0.0,5312.000000000001,5312.000000000001,0.0,5434.555621899184,5434.555621899184,0.0,788.1606218991834,788.1606218991834,0.0,1
13.0,2.0,70.0,89.0,20915.585370117602,10623.7234191176,10291.861951,6679.2986941238505,3389.00409366516,3290.29460045869,85720.8848871018,ra,0.0,0.0,-0.0,0.0,0.0,0.0,3690.8749493376185,788.1606218991834,2902.7143274384352,6876.419949337619,2404.4716218991834,4471.948327438436,0
13.0,1.0,71.0,90.0,10312.6666929756,0.0,10312.6666929756,1325.87027770041,0.0,1325.87027770041,92148.0377185692,ra,0.0,0.0,-0.0,0.0,0.0,0.0,2270.369327438435,0.0,2270.369327438435,2902.7143274384352,0.0,2902.7143274384352,0
13.0,0.0,75.0,91.0,10865.4133062023,10865.4133062023,0.0,2225.2267853651,2225.2267853651,0.0,106351.198252807,ra,0.0,-0.0,0.0,0.0,0.0,0.0,2404.4716218991834,2404.4716218991834,0.0,3465.744621899183,3465.744621899183,0.0,0
13.0,2.0,80.0,92.0,21769.3135715549,10924.7717317326,10844.5418398223,5231.40590135432,1587.86020641778,3643.54569493654,121274.128299309,ra,34.0,34.0,0.0,5644.0,3498.9168401415063,2145.083159858494,6143.488109196112,3465.744621899183,2677.743487296929,2994.4921091961123,724.1227817576771,2270.369327438435,1
13.0,2.0,8.0,93.0,20326.8379673694,10049.6549230906,10277.1830442788,1199.97066882623,1199.97066882623,0.0,132616.969219855,link,0.0,0.0,0.0,0.0,0.0,0.0,3401.866269054606,724.1227817576771,2677.743487296929,3974.166269054606,1296.422781757677,2677.743487296929,0
14.0,2.0,5.0,94.0,94497.8226477467,47019.266876753,47478.5557709937,936.342520757964,0.0,936.342520757964,0.0,link,0.0,0.0,0.0,0.0,0.0,0.0,9898.008068513085,5759.729137026167,4138.278931486917,10344.576068513084,5759.729137026167,4584.846931486917,0
14.0,0.0,61.0,95.0,46935.1899031602,46935.1899031602,0.0,2174.78874504217,2174.78874504217,0.0,4629.48262057162,ra,34.0,34.0,0.0,5643.999999999999,5643.999999999999,0.0,5759.729137026167,5759.729137026167,0.0,1152.947137026167,1152.947137026167,0.0,1
14.0,1.0,60.0,96.0,47664.7520038718,0.0,47664.7520038718,2204.32457448694,0.0,2204.32457448694,4633.73189838993,ra,0.0,0.0,-0.0,0.0,0.0,0.0,3086.974931486917,0.0,3086.974931486917,4138.278931486917,0.0,4138.278931486917,0
14.0,2.0,6.0,97.0,94641.6911720278,46900.6207445268,47741.070427501,922.919420502059,922.919420502059,0.0,6596.60038925666,link,0.0,0.0,0.0,0.0,0.0,0.0,4239.922068513084,1152.947137026167,3086.974931486917,4680.088068513083,1593.113137026167,3086.974931486917,0
15.0,2.0,6.0,98.0,75207.4913410466,44538.3019109056,30669.189430141,1884.85015181653,0.0,1884.85015181653,0.0,link,0.0,0.0,0.0,0.0,0.0,0.0,4987.79,1880.3350000000003,3107.455,5886.728,1880.3350000000003,4006.393,0
15.0,1.0,64.0,99.0,16721.3274524539,0.0,16721.3274524539,6515.56424199958,0.0,6515.56424199958,25738.7432238461,ra,0.0,0.0,-0.0,0.0,0.0,0.0,0.0,0.0,0.0,3107.455,0.0,3107.455,0
15.0,0.0,65.0,100.0,16271.068415411,16271.068415411,0.0,7891.47329091754,7891.47329091754,0.0,25740.9022185623,ra,34.0,34.0,0.0,5644.0,5644.0,0.0,1880.3350000000003,1880.3350000000003,0.0,0.0,0.0,0.0,1
15.0,2.0,0.0,101.0,10998.09198493645,5379.56194516866,5618.53003976779,1825.01257049708,1825.01257049708,0.0,48631.178555929,link,0.0,0.0,0.0,0.0,0.0,0.0,0.0,0.0,0.0,870.4,870.4,0.0,0
16.0,2.0,6.0,102.0,79740.5667298025,40135.9531021025,39604.6136277,2800.89558131599,0.0,2800.89558131599,0.0,link,0.0,0.0,0.0,0.0,0.0,0.0,3631.483931486917,2799.7530685130832,831.7308629738336,4967.309931486917,2799.7530685130832,2167.5568629738336,0
16.0,1.0,66.0,103.0,29014.9759926702,0.0,29014.9759926702,4194.66206610603,0.0,4194.66206610603,12316.8385533337,ra,34.0,0.0,34.0,5643.999999999999,0.0,5643.999999999999,4475.178862973833,0.0,4475.178862973833,831.7308629738336,0.0,831.7308629738336,1
16.0,0.0,67.0,104.0,29278.0080852545,29278.0080852545,0.0,4585.78782260726,4585.78782260726,0.0,12575.9466885105,ra,0.0,-0.0,0.0,0.0,0.0,0.0,2799.7530685130832,2799.7530685130832,0.0,4986.844068513084,4986.844068513084,0.0,0
16.0,0.0,72.0,105.0,28145.026567285,28145.026567285,0.0,3642.99524799985,3642.99524799985,0.0,25449.0803158335,ra,0.0,-0.0,0.0,0.0,0.0,0.0,4986.844068513084,4986.844068513084,0.0,6724.2900685130835,6724.2900685130835,0.0,0
16.0,1.0,74.0,106.0,25731.8558288299,0.0,25731.8558288299,3150.32793358614,0.0,3150.32793358614,32933.7519739179,ra,34.0,0.0,34.0,5644.0,0.0,5644.0,8616.698862973833,0.0,8616.698862973833,4475.178862973833,0.0,4475.178862973833,1
16.0,0.0,76.0,107.0,25418.7221777421,25418.7221777421,0.0,6370.06870476076,6370.06870476076,0.0,49497.4689014342,ra,0.0,-0.0,0.0,0.0,0.0,0.0,6724.2900685130835,6724.2900685130835,0.0,9762.354068513081,9762.354068513081,0.0,0
16.0,1.0,77.0,108.0,25469.3693020146,0.0,25469.3693020146,3629.48335037293,0.0,3629.48335037293,49565.5184208006,ra,0.0,0.0,-0.0,0.0,0.0,0.0,6885.696862973833,0.0,6885.696862973833,8616.698862973833,0.0,8616.698862973833,0
16.0,1.0,82.0,109.0,26935.5497477119,0.0,26935.5497477119,4731.07688196937,0.0,4731.07688196937,67595.9687520987,ra,34.0,0.0,34.0,5644.0,0.0,5644.0,10273.313862973835,0.0,10273.313862973835,6885.696862973833,0.0,6885.696862973833,1
16.0,0.0,83.0,110.0,27462.4751098044,27462.4751098044,0.0,5057.1026374567,5057.1026374567,0.0,68666.0746432526,ra,0.0,-0.0,0.0,0.0,0.0,0.0,9762.354068513081,9762.354068513081,0.0,12174.22806851308,12174.22806851308,0.0,0
16.0,1.0,86.0,111.0,27163.1527528195,0.0,27163.1527528195,4196.37690745412,0.0,4196.37690745412,81021.8926734055,ra,0.0,0.0,0.0,0.0,0.0,0.0,8271.943862973834,0.0,8271.943862973834,10273.313862973835,0.0,10273.313862973835,0
16.0,0.0,89.0,112.0,29187.9984476255,29187.9984476255,0.0,6653.92810326968,6653.92810326968,0.0,92123.379066016,ra,34.0,34.0,0.0,5644.0,5644.0,0.0,12174.22806851308,12174.22806851308,0.0,9703.673068513082,9703.673068513082,0.0,1
16.0,1.0,90.0,113.0,28376.9986665812,0.0,28376.9986665812,5601.68477510965,0.0,5601.68477510965,92203.5095301381,ra,0.0,0.0,-0.0,0.0,0.0,0.0,5600.343862973835,0.0,5600.343862973835,8271.943862973834,0.0,8271.943862973834,0
16.0,2.0,94.0,114.0,71124.20344709541,35553.8279012094,35570.375545886,8755.2397188011,4299.63877333859,4455.60094546251,106046.116569043,ra,34.0,0.0,34.0,5643.999999999999,5133.590102623972,510.40989737602763,13689.425828862944,9703.673068513082,3985.7527603498625,12221.044828862945,6620.70096588911,5600.343862973835,1
16.0,2.0,12.0,115.0,71147.99996754559,35564.9999847632,35582.9999827824,2799.48715587504,2799.48715587504,0.0,113917.810760995,link,0.0,0.0,0.0,0.0,0.0,0.0,10606.453726238973,6620.70096588911,3985.7527603498625,11941.607726238972,7955.85496588911,3985.7527603498625,0
18.0,2.0,7.0,118.0,26949.9999999978,13587.9999999988,13361.999999999,1262.35088868617,0.0,1262.35088868617,0.0,link,0.0,0.0,0.0,0.0,0.0,0.0,1336.1895,1336.1895,0.0,1938.2395,1336.1895,602.05,0
18.0,0.0,68.0,119.0,13587.9186189986,13587.9186189986,0.0,1673.78287195478,1673.78287195478,0.0,12318.1380453438,ra,0.0,0.0,0.0,0.0,0.0,0.0,1336.1895,1336.1895,0.0,2134.4635,2134.4635,0.0,0
18.0,1.0,69.0,120.0,13361.9322654755,0.0,13361.9322654755,3620.13302138755,0.0,3620.13302138755,12346.3056788137,ra,34.0,0.0,34.0,5644.0,0.0,5644.0,3917.4570000000003,0.0,3917.4570000000003,0.0,0.0,0.0,1
18.0,2.0,73.0,121.0,21133.145613699402,10354.0731302489,10779.0724834505,3099.0639764515,1773.46409345857,1325.59988299293,27186.3293839123,ra,0.0,-0.0,0.0,0.0,0.0,0.0,5419.7045,2134.4635,3285.2410000000004,6897.735500000001,2980.2785,3917.4570000000003,0
18.0,2.0,81.0,122.0,17024.72901544851,8263.2955761644,8761.43343928411,10407.12701858784,5132.59342206241,5274.53359652543,76811.9776614867,ra,34.0,0.0,34.0,5644.0,2065.7364230769235,3578.263576923077,7328.2100769230765,2980.2785,4347.931576923077,6647.661076923077,3362.4200769230765,3285.2410000000004,1
18.0,0.0,84.0,123.0,7912.19781312535,7912.19781312535,0.0,1219.94777274037,1219.94777274037,0.0,91803.7907317536,ra,0.0,-0.0,0.0,0.0,0.0,0.0,3362.4200769230765,3362.4200769230765,0.0,3944.2470769230767,3944.2470769230767,0.0,0
18.0,1.0,85.0,124.0,8875.83878859374,0.0,8875.83878859374,1785.78492380043,0.0,1785.78492380043,91872.4611970398,ra,0.0,0.0,0.0,0.0,0.0,0.0,3496.2405769230772,0.0,3496.2405769230772,4347.931576923077,0.0,4347.931576923077,0
18.0,2.0,92.0,125.0,47292.9371799686,22515.082655355,24777.8545246136,4754.45243720846,3104.7402940347,1649.71214317376,121334.732705969,ra,34.0,34.0,0.0,5644.0,798.274,4845.726,11499.419653846155,3944.2470769230767,7555.172576923077,8122.951653846154,4626.711076923077,3496.2405769230772,1
18.0,2.0,11.0,126.0,53098.002767233804,24816.3642256391,28281.6385415947,1125.0783643968,1125.0783643968,0.0,126075.531741563,link,0.0,0.0,0.0,0.0,0.0,0.0,12181.883653846155,4626.711076923077,7555.172576923077,12718.464653846153,5163.292076923077,7555.172576923077,0
19.0,2.0,7.0,127.0,19888.0,9830.0,10058.0,1832.522339,0.0,1832.522339,0.0,link,0.0,0.0,0.0,0.0,0.0,0.0,840.2860000000001,840.2860000000001,0.0,1714.267,840.2860000000001,873.981,0
19.0,2.0,0.0,128.0,19888.0,9830.0,10058.0,1790.981765,1790.981765,0.0,18219.577121931,link,0.0,0.0,0.0,0.0,0.0,0.0,840.2860000000001,840.2860000000001,0.0,1694.455,1694.455,0.0,0
20.0,2.0,0.0,129.0,19481.0003447438,9701.00019990513,9780.00014483867,1585.94680206363,0.0,1585.94680206363,0.0,link,0.0,0.0,0.0,0.0,0.0,0.0,0.0,0.0,0.0,756.382,0.0,756.382,0
20.0,0.0,78.0,130.0,10133.9989103389,10133.9989103389,0.0,2201.81082897895,2201.81082897895,0.0,22308.8999344534,ra,7.0,7.0,0.0,1050.105,1050.105,0.0,0.0,0.0,0.0,0.0,0.0,0.0,1
20.0,1.0,79.0,131.0,10094.128472639,0.0,10094.128472639,2214.67932713437,0.0,2214.67932713437,22364.4498639692,ra,28.0,0.0,28.0,4647.999999999999,0.0,4647.999999999999,3591.7569999999996,0.0,3591.7569999999996,0.0,0.0,0.0,1
20.0,2.0,8.0,132.0,21962.979690817003,10983.9900500203,10978.9896407967,1594.24397947735,1594.24397947735,0.0,37253.2284842051,link,0.0,0.0,0.0,0.0,0.0,0.0,3591.7569999999996,0.0,3591.7569999999996,4352.097,760.34,3591.7569999999996,0
21.0,2.0,8.0,133.0,21649.000000000102,11074.0,10575.0000000001,371.58433599978,0.0,371.58433599978,0.0,link,0.0,0.0,0.0,0.0,0.0,0.0,4376.075657948717,2125.750582051282,2250.3250758974355,4553.294657948718,2125.750582051282,2427.5440758974355,0
21.0,2.0,87.0,134.0,23288.9999999286,11776.9999999694,11511.9999999592,6542.5877927048805,3329.21173105459,3213.37606165029,29246.6421925882,ra,34.0,0.0,34.0,5643.999999999999,1002.797982051282,4641.202017948717,7484.728675897435,2125.750582051282,5358.978093846154,4961.071675897436,2710.7466000000004,2250.3250758974355,1
21.0,2.0,10.0,135.0,23288.9999999998,11776.9999999999,11511.9999999999,380.138005999835,380.138005999835,0.0,32474.4736101551,link,0.0,0.0,0.0,0.0,0.0,0.0,8069.724693846154,2710.7466000000004,5358.978093846154,8251.022693846153,2892.0446,5358.978093846154,0
22.0,2.0,8.0,136.0,18089.34980232114,9293.63667702267,8795.71312529847,2541.60361777734,0.0,2541.60361777734,0.0,link,0.0,0.0,0.0,0.0,0.0,0.0,5382.554685688008,1113.172254527303,4269.382431160705,6594.7166856880085,1113.172254527303,5481.544431160705,0
22.0,2.0,9.0,137.0,22551.7599214391,11229.4921808602,11322.2677405789,2598.64030591273,2598.64030591273,0.0,25496.1440920557,link,0.0,0.0,0.0,0.0,0.0,0.0,5382.554685688008,1113.172254527303,4269.382431160705,6621.918685688008,2352.536254527303,4269.382431160705,0
24.0,2.0,9.0,140.0,25786.108144857702,12922.6073175015,12863.5008273562,310.22506737586,0.0,310.22506737586,0.0,link,0.0,0.0,0.0,0.0,0.0,0.0,10930.20589569258,5661.729843758072,5268.476051934507,11078.16089569258,5661.729843758072,5416.431051934507,0
24.0,0.0,88.0,141.0,12911.6129537198,12911.6129537198,0.0,904.521486357201,904.521486357201,0.0,7001.12487688288,ra,34.0,34.0,0.0,5643.999999999999,5643.999999999999,0.0,5661.729843758072,5661.729843758072,0.0,449.12184375807254,449.12184375807254,0.0,1
24.0,1.0,91.0,142.0,12797.6950404071,0.0,12797.6950404071,2112.95769776524,0.0,2112.95769776524,10447.761196687,ra,0.0,0.0,-0.0,0.0,0.0,0.0,4260.747051934507,0.0,4260.747051934507,5268.476051934507,0.0,5268.476051934507,0
24.0,0.0,97.0,143.0,9570.73893282761,9570.73893282761,0.0,2755.77301226508,2755.77301226508,0.0,30840.5691895132,ra,0.0,-0.0,0.0,0.0,0.0,0.0,449.12184375807254,449.12184375807254,0.0,1763.4268437580724,1763.4268437580724,0.0,0
24.0,1.0,98.0,144.0,9946.42620888775,0.0,9946.42620888775,2231.33572547577,0.0,2231.33572547577,30857.3340619152,ra,0.0,0.0,-0.0,0.0,0.0,0.0,3196.5610519345078,0.0,3196.5610519345078,4260.747051934507,0.0,4260.747051934507,0
24.0,2.0,108.0,145.0,15887.70615160749,7870.70573058493,8017.00042102256,4501.986650504179,2168.3895853448,2333.59706515938,55766.1486133563,ra,0.0,-0.0,0.0,0.0,0.0,0.0,3847.02989569258,1763.4268437580724,2083.603051934507,5994.15389569258,2797.5928437580724,3196.5610519345078,0
24.0,2.0,114.0,146.0,28294.0206982518,14163.5504368669,14130.4702613849,3453.81695206723,2111.30760238217,1342.50934968506,76000.7341358558,ra,34.0,34.0,0.0,5644.0,3055.866461933215,2588.1335380667847,6829.049433759365,2797.5928437580724,4031.456590001292,2832.2714337593648,748.6683818248576,2083.603051934507,1
24.0,2.0,15.0,147.0,28738.6713502246,14383.3123439625,14355.3590062621,310.87767950128,310.87767950128,0.0,78175.474803374,link,0.0,0.0,0.0,0.0,0.0,0.0,4780.12497182615,748.6683818248576,4031.456590001292,4928.390971826149,896.9343818248576,4031.456590001292,0
25.0,2.0,9.0,148.0,18444.994544675952,9036.99752648209,9407.99701819386,3162.57397865205,0.0,3162.57397865205,0.0,link,0.0,0.0,0.0,0.0,0.0,0.0,6708.638930004572,3027.406980773803,3681.231949230769,8216.958930004572,3027.406980773803,5189.5519492307685,0
25.0,2.0,10.0,149.0,19006.7279100321,9665.34291491844,9341.38499511366,3137.60809841466,3137.60809841466,0.0,35248.1726115327,link,0.0,0.0,0.0,0.0,0.0,0.0,6708.638930004572,3027.406980773803,3681.231949230769,8205.05193000457,4523.819980773802,3681.231949230769,0
26.0,2.0,10.0,150.0,39799.090315948604,19727.656489473,20071.4338264756,5432.50664953123,0.0,5432.50664953123,0.0,link,0.0,0.0,0.0,0.0,0.0,0.0,10831.871583850723,5819.262160773802,5012.609423076922,13422.786583850726,5819.262160773802,7603.524423076924,0
26.0,2.0,11.0,151.0,61239.0276416527,31319.7944712375,29919.2331704152,5527.09879983652,5527.09879983652,0.0,24120.7762535988,link,0.0,0.0,0.0,0.0,0.0,0.0,10831.871583850723,5819.262160773802,5012.609423076922,13467.899583850725,8455.290160773804,5012.609423076922,0
27.0,2.0,11.0,152.0,68446.95855219441,33632.3321209786,34814.6264312158,4475.01586176286,0.0,4475.01586176286,0.0,link,0.0,0.0,0.0,0.0,0.0,0.0,15263.983375841584,6500.4428067692315,8763.540569072353,17398.243375841583,6500.4428067692315,10897.800569072351,0
27.0,0.0,99.0,153.0,29715.9548515929,29715.9548515929,0.0,4959.0509597815,4959.0509597815,0.0,15398.2814879574,ra,34.0,34.0,0.0,5644.000000000001,5644.000000000001,0.0,6500.4428067692315,6500.4428067692315,0.0,3221.5528067692303,3221.5528067692303,0.0,1
27.0,1.0,100.0,154.0,27462.2259431798,0.0,27462.2259431798,4427.60002896918,0.0,4427.60002896918,15788.2300471589,ra,0.0,0.0,-0.0,0.0,0.0,0.0,6651.894569072352,0.0,6651.894569072352,8763.540569072353,0.0,8763.540569072353,0
27.0,2.0,107.0,155.0,39803.000772140804,18775.2599855575,21027.7407865833,8521.51974910427,4077.761723511,4443.75802559327,32030.5850885025,ra,0.0,0.0,-0.0,0.0,0.0,0.0,7754.094375841582,3221.5528067692303,4532.541569072352,11818.246375841583,5166.35180676923,6651.894569072352,0
27.0,0.0,111.0,156.0,14923.34787731,14923.34787731,0.0,3332.68370370798,3332.68370370798,0.0,51994.455333056,ra,0.0,-0.0,0.0,0.0,0.0,0.0,5166.35180676923,5166.35180676923,0.0,6755.80180676923,6755.80180676923,0.0,0
27.0,1.0,110.0,157.0,16064.7865328213,0.0,16064.7865328213,3656.83050998601,0.0,3656.83050998601,52217.7859827402,ra,0.0,0.0,-0.0,0.0,0.0,0.0,2788.4965690723516,0.0,2788.4965690723516,4532.541569072352,0.0,4532.541569072352,0
27.0,2.0,113.0,158.0,28115.7326932638,13396.479626617,14719.2530666468,8182.361978154309,4151.77442489818,4030.58755325613,80453.8359529617,ra,34.0,0.0,34.0,5644.0,3653.227944,1990.7720559999993,9612.770431841582,6755.80180676923,2856.968625072351,7871.167431841581,5082.67086276923,2788.4965690723516,1
27.0,0.0,115.0,159.0,16210.1141141057,16210.1141141057,0.0,2741.86480754644,2741.86480754644,0.0,99290.1862589441,ra,0.0,0.0,0.0,0.0,0.0,0.0,5082.67086276923,5082.67086276923,0.0,6390.342862769229,6390.342862769229,0.0,0
27.0,2.0,116.0,160.0,34177.789667498,16266.7915147338,17910.9981527642,6377.1162856009105,1294.98984691301,5082.1264386879,107271.26953268,ra,33.0,0.0,33.0,5403.515681593112,2206.0902421951478,3197.4254393979645,10020.928927239545,6390.342862769229,3630.586064470316,7658.838245646433,4801.869620574083,2856.968625072351,1
27.0,2.0,15.0,161.0,39893.9999998457,18725.9999999336,21167.9999999121,3972.00678523747,3972.00678523747,0.0,128894.513137464,link,0.0,0.0,0.0,0.0,0.0,0.0,8432.455685044399,4801.869620574083,3630.586064470316,10326.8166850444,6696.230620574082,3630.586064470316,0
28.0,2.0,11.0,162.0,61992.2787513973,31725.312247826,30266.9665035713,2390.70224064613,0.0,2390.70224064613,0.0,link,0.0,0.0,0.0,0.0,0.0,0.0,11180.169000000002,8884.260000000002,2295.909,12320.362000000001,8884.260000000002,3436.102,0
28.0,0.0,93.0,163.0,30439.2241679383,30439.2241679383,0.0,1072.78335284043,1072.78335284043,0.0,3445.55910715547,ra,34.0,34.0,0.0,5644.000000000001,5644.000000000001,0.0,8884.260000000002,8884.260000000002,0.0,3751.9,3751.9,0.0,1
28.0,0.0,95.0,164.0,18498.9087746208,18498.9087746208,0.0,3967.26574657,3967.26574657,0.0,21968.3457181098,ra,34.0,34.0,0.0,5644.0,5644.0,0.0,3751.9,3751.9,0.0,0.0,0.0,0.0,1
28.0,1.0,96.0,165.0,17419.1863324911,0.0,17419.1863324911,4813.95264377551,0.0,4813.95264377551,22264.116411145,ra,0.0,0.0,-0.0,0.0,0.0,0.0,0.0,0.0,0.0,2295.909,0.0,2295.909,0
28.0,2.0,0.0,166.0,16044.98321671642,8425.39921826346,7619.58399845296,2682.96218463007,2682.96218463007,0.0,40879.2796779836,link,0.0,0.0,0.0,0.0,0.0,0.0,0.0,0.0,0.0,1279.58,1279.58,0.0,0
30.0,2.0,12.0,169.0,31173.0077127878,15334.6891591729,15838.3185536149,1373.0223382835,0.0,1373.0223382835,0.0,link,0.0,0.0,0.0,0.0,0.0,0.0,5256.780229274522,3599.478884637261,1657.3013446372604,5911.6132292745215,3599.478884637261,2312.1343446372603,0
30.0,0.0,101.0,170.0,15342.1685357064,15342.1685357064,0.0,288.700229956651,288.700229956651,0.0,1882.30501330568,ra,0.0,-0.0,0.0,0.0,0.0,0.0,3599.478884637261,3599.478884637261,0.0,3737.1678846372615,3737.1678846372615,0.0,0
30.0,1.0,102.0,171.0,15008.3801891543,0.0,15008.3801891543,2426.9547057033,0.0,2426.9547057033,15325.3757236118,ra,34.0,0.0,34.0,5644.0,0.0,5644.0,6143.81834463726,0.0,6143.81834463726,1657.3013446372604,0.0,1657.3013446372604,1
30.0,0.0,103.0,172.0,14615.1043928834,14615.1043928834,0.0,2123.5391790608,2123.5391790608,0.0,15632.2115214018,ra,0.0,-0.0,0.0,0.0,0.0,0.0,3737.1678846372615,3737.1678846372615,0.0,4749.942884637261,4749.942884637261,0.0,0
30.0,2.0,13.0,173.0,18934.3901725728,9143.1385769236,9791.2515956492,1268.11665537119,1268.11665537119,0.0,27311.5905726122,link,0.0,0.0,0.0,0.0,0.0,0.0,10893.761229274522,4749.942884637261,6143.81834463726,11498.56122927452,5354.742884637261,6143.81834463726,0
31.0,2.0,12.0,174.0,61211.2617744492,30941.9007084376,30269.3610660116,584.87883138558,0.0,584.87883138558,0.0,link,0.0,0.0,0.0,0.0,0.0,0.0,10488.628631342768,6725.165648441008,3763.46298290176,10767.573631342768,6725.165648441008,4042.40798290176,0
31.0,1.0,106.0,175.0,29780.0349085717,0.0,29780.0349085717,3637.7163502508,0.0,3637.7163502508,10173.7794302971,ra,0.0,0.0,-0.0,0.0,0.0,0.0,2028.53398290176,0.0,2028.53398290176,3763.46298290176,0.0,3763.46298290176,0
31.0,0.0,105.0,176.0,30402.9541425937,30402.9541425937,0.0,3119.85205801169,3119.85205801169,0.0,10175.4293545811,ra,34.0,34.0,0.0,5644.0,5644.0,0.0,6725.165648441008,6725.165648441008,0.0,2569.1106484410066,2569.1106484410066,0.0,1
31.0,2.0,109.0,177.0,62402.9342497772,31525.7279110326,30877.2063387446,6816.57046321175,3762.41918739273,3054.15127581902,22337.1483709023,ra,34.0,0.0,34.0,5644.0,4057.1665829017606,1586.8334170982396,4727.868048441006,2569.1106484410066,2158.7573999999995,2334.881048441006,306.3470655392461,2028.53398290176,1
31.0,2.0,14.0,178.0,62766.261417807,31611.057809806,31155.203608001,595.148026243029,595.148026243029,0.0,24222.213413882,link,0.0,0.0,0.0,0.0,0.0,0.0,2465.1044655392457,306.3470655392461,2158.7573999999995,2748.9474655392455,590.1900655392461,2158.7573999999995,0
32.0,2.0,13.0,179.0,24034.0,12223.0,11811.0,4986.62400523132,0.0,4986.62400523132,0.0,link,0.0,0.0,0.0,0.0,0.0,0.0,9120.300229274522,5354.742884637261,3765.557344637261,11498.56122927452,5354.742884637261,6143.81834463726,0
32.0,2.0,104.0,180.0,24034.0000000012,12223.0000000006,11811.0000000006,545.6198680000059,277.486546000003,268.133322000003,2270.21285318104,ra,34.0,0.0,34.0,5644.0,5339.371884637261,304.6281153627391,9297.048344637262,5354.742884637261,3942.30546,3913.2693446372605,147.71199999999953,3765.557344637261,1
32.0,2.0,16.0,181.0,35472.0,17897.0,17575.0,5106.43524839964,5106.43524839964,0.0,35413.5690178666,link,0.0,0.0,0.0,0.0,0.0,0.0,4090.0174599999996,147.71199999999953,3942.30546,6525.419459999999,2583.1139999999996,3942.30546,0
33.0,2.0,14.0,182.0,25491.3919282071,13297.3329457903,12194.0589824168,2901.96451332052,0.0,2901.96451332052,0.0,link,0.0,0.0,0.0,0.0,0.0,0.0,744.6883999999999,744.6883999999999,0.0,2128.7164,744.6883999999999,1384.028,0
33.0,2.0,0.0,183.0,27433.9391849649,13761.9854531938,13671.9537317711,3014.56661334824,3014.56661334824,0.0,22213.6117866395,link,0.0,0.0,0.0,0.0,0.0,0.0,744.6883999999999,744.6883999999999,0.0,2182.4193999999998,2182.4193999999998,0.0,0
34.0,2.0,14.0,184.0,40290.9817282687,40289.5340857765,1.44764249220084,4807.99244961434,0.0,4807.99244961434,0.0,link,0.0,0.0,0.0,0.0,0.0,0.0,1363.838265539246,1363.838265539246,6.902415147383831e-14,3656.904265539246,1363.838265539246,2293.066,0
34.0,2.0,112.0,185.0,40084.6794214896,20069.2583308031,20015.4210906865,5879.593873458731,4738.49168603675,1141.10218742198,14615.9886216738,ra,32.0,32.0,0.0,5312.0,2604.750265539246,2707.2497344607536,3526.8640000000005,1363.838265539246,2163.0257344607544,1019.0070000000002,1019.0070000000001,6.902415147383831e-14,1
34.0,0.0,120.0,186.0,19233.9789959859,19233.9789959859,0.0,2388.18736449935,2388.18736449935,0.0,26934.1491638682,ra,13.0,13.0,0.0,2158.0,2158.0,0.0,1019.0070000000001,1019.0070000000001,0.0,0.0,0.0,0.0,1
34.0,2.0,20.0,187.0,42848.933143860995,20473.5804606555,22375.3526832055,2247.13462765847,2247.13462765847,0.0,38220.8594846279,link,0.0,0.0,0.0,0.0,0.0,0.0,2163.0257344607544,0.0,2163.0257344607544,3234.7467344607544,1071.721,2163.0257344607544,0
35.0,2.0,0.0,188.0,13637.0,6766.0,6871.0,2412.0267595,0.0,2412.0267595,0.0,link,0.0,0.0,0.0,0.0,0.0,0.0,1982.44834,0.0,1982.44834,3132.81134,0.0,3132.81134,0
35.0,2.0,16.0,189.0,13637.0,6766.0,6871.0,2375.167087,2375.167087,0.0,35104.4629542217,link,0.0,0.0,0.0,0.0,0.0,0.0,1982.44834,0.0,1982.44834,3115.23234,1132.784,1982.44834,0
36.0,2.0,15.0,190.0,63592.0,31158.0,32434.0,1263.515121,0.0,1263.515121,0.0,link,0.0,0.0,0.0,0.0,0.0,0.0,10833.38651207267,5683.557430000002,5149.829082072669,11435.99251207267,5683.557430000002,5752.435082072669,0
36.0,0.0,121.0,191.0,31158.0,31158.0,0.0,1862.749872,1862.749872,0.0,5978.40628225615,ra,34.0,34.0,0.0,5644.000000000001,5644.000000000001,0.0,5683.557430000002,5683.557430000002,0.0,927.9554300000015,927.9554300000015,0.0,1
36.0,1.0,122.0,192.0,32434.0,0.0,32434.0,2232.999815,0.0,2232.999815,6884.76410576914,ra,0.0,0.0,-0.0,0.0,0.0,0.0,4084.84908207267,0.0,4084.84908207267,5149.829082072669,0.0,5149.829082072669,0
36.0,2.0,17.0,193.0,63592.0,31158.0,32434.0,1496.20716,1496.20716,0.0,10780.4149902554,link,0.0,0.0,0.0,0.0,0.0,0.0,5012.804512072672,927.9554300000015,4084.84908207267,5726.387512072672,1641.5384300000014,4084.84908207267,0
37.0,2.0,16.0,194.0,61280.6441162145,31014.1744637331,30266.4696524814,3075.32200703344,0.0,3075.32200703344,0.0,link,0.0,0.0,0.0,0.0,0.0,0.0,6293.5568,2775.7039999999997,3517.8528,7760.2638,2775.7039999999997,4984.5598,0
37.0,0.0,117.0,195.0,31188.9181978021,31188.9181978021,0.0,476.264669971773,476.264669971773,0.0,1531.60155183027,ra,18.0,18.0,0.0,2988.0,2988.0,0.0,2775.7039999999997,2775.7039999999997,0.0,14.84800000000007,14.84800000000007,0.0,1
37.0,2.0,18.0,196.0,64809.525076994905,32882.2900340846,31927.2350429103,2677.02300367325,2677.02300367325,0.0,9891.28354449013,link,0.0,0.0,0.0,0.0,0.0,0.0,3532.7008,14.84800000000007,3517.8528,4809.4478,1291.5950000000003,3517.8528,0
38.0,2.0,17.0,197.0,73980.9084088181,36437.7364219997,37543.1719868184,8581.89596317837,0.0,8581.89596317837,0.0,link,0.0,0.0,0.0,0.0,0.0,0.0,2647.250412072671,2538.2100000000014,109.04041207267,6740.196412072672,2538.2100000000014,4201.98641207267,0
38.0,1.0,118.0,198.0,38288.3848812199,0.0,38288.3848812199,3563.20063608103,0.0,3563.20063608103,5385.57294187173,ra,34.0,0.0,34.0,5644.0,0.0,5644.0,4053.6504120726695,0.0,4053.6504120726695,109.04041207267,0.0,109.04041207267,1
38.0,0.0,119.0,199.0,38355.5663129252,38355.5663129252,0.0,2619.00122524035,2619.00122524035,0.0,7097.78606046679,ra,16.0,16.0,0.0,2656.000000000002,2656.000000000002,0.0,2538.2100000000014,2538.2100000000014,0.0,1131.2849999999994,1131.2849999999994,0.0,1
38.0,1.0,123.0,200.0,41712.9401712972,0.0,41712.9401712972,2031.11145511135,0.0,2031.11145511135,14257.7141698898,ra,27.0,0.0,27.0,4482.000000000001,0.0,4482.000000000001,7566.95641207267,0.0,7566.95641207267,4053.6504120726695,0.0,4053.6504120726695,1
38.0,0.0,124.0,201.0,40728.8663078391,40728.8663078391,0.0,2848.88985060576,2848.88985060576,0.0,14300.5054996462,ra,15.0,15.0,0.0,2489.999999999999,2489.999999999999,0.0,1131.2849999999994,1131.2849999999994,0.0,4.092726157978177e-14,4.092726157978177e-14,0.0,1
38.0,2.0,22.0,202.0,105896.4428578996,51540.438437961,54356.0044199386,8230.02197998083,8230.02197998083,0.0,31585.4341675124,link,0.0,0.0,0.0,0.0,0.0,0.0,7566.95641207267,4.092726157978177e-14,7566.95641207267,11492.08441207267,3925.128,7566.95641207267,0
39.0,2.0,17.0,203.0,25562.2788538132,12328.3002896388,13233.9785641744,1988.33296352279,0.0,1988.33296352279,0.0,link,0.0,0.0,0.0,0.0,0.0,0.0,2715.15964,1441.9587,1273.2009400000002,3663.45164,1441.9587,2221.49294,0
39.0,2.0,24.0,204.0,21529.4529436522,10591.5844792127,10937.8684644395,1897.36879079567,1897.36879079567,0.0,17071.729881247,link,0.0,0.0,0.0,0.0,0.0,0.0,2715.15964,1441.9587,1273.2009400000002,3620.0676399999998,2346.8666999999996,1273.2009400000002,0
40.0,2.0,18.0,205.0,25932.8384078479,12821.1458632264,13111.6925446215,1674.79594495223,0.0,1674.79594495223,0.0,link,0.0,0.0,0.0,0.0,0.0,0.0,2406.2456,1532.2224,874.0232000000001,3205.0026000000003,1532.2224,1672.7802000000001,0
40.0,2.0,26.0,206.0,22387.8945153677,11334.7070106569,11053.1875047108,1671.62669728314,1671.62669728314,0.0,13785.5992106443,link,0.0,0.0,0.0,0.0,0.0,0.0,2406.2456,1532.2224,874.0232000000001,3203.4916,2329.4683999999997,874.0232000000001,0
41.0,2.0,18.0,207.0,65100.0643805413,32409.6776559215,32690.3867246198,8031.94834387227,0.0,8031.94834387227,0.0,link,0.0,0.0,0.0,0.0,0.0,0.0,1744.9610000000002,1744.9610000000002,0.0,5575.622,1744.9610000000002,3830.661,0
41.0,1.0,126.0,208.0,33015.8306660751,0.0,33015.8306660751,515.744798385718,0.0,515.744798385718,1570.62189366782,ra,31.0,0.0,31.0,4990.447561139902,0.0,4990.447561139902,4744.474561139901,0.0,4744.474561139901,0.0,0.0,0.0,1
41.0,0.0,125.0,209.0,32828.8089278736,32828.8089278736,0.0,517.979810454405,517.979810454405,0.0,1588.99980042748,ra,12.0,12.0,0.0,1992.0,1992.0,0.0,1744.9610000000002,1744.9610000000002,0.0,0.0,0.0,0.0,1
41.0,2.0,25.0,210.0,107717.843361102,52411.8634929897,55305.9798681123,8019.3953752296,8019.3953752296,0.0,19664.6825171201,link,0.0,0.0,0.0,0.0,0.0,0.0,4744.474561139901,0.0,4744.474561139901,8569.1485611399,3824.674,4744.474561139901,0
42.0,2.0,0.0,211.0,64323.0,34358.0,29965.0,292.1437675,0.0,292.1437675,0.0,link,0.0,0.0,0.0,0.0,0.0,0.0,3430.0679903999962,0.0,3430.0679903999962,3014.329224,0.0,3014.329224,0
42.0,2.0,21.0,212.0,64323.0,34358.0,29965.0,334.973321,334.973321,0.0,974.993087217836,link,0.0,0.0,0.0,0.0,0.0,0.0,3698.228123999997,0.0,3698.228123999997,3589.825990399996,159.758,3430.0679903999962,0
43.0,2.0,20.0,213.0,150198.49863614672,75767.4489434685,74431.0496926782,256.538715958994,0.0,256.538715958994,0.0,link,0.0,0.0,0.0,0.0,0.0,0.0,8858.106728706389,5273.26911438953,3584.837614316858,8980.456728706387,5273.26911438953,3707.1876143168574,0
43.0,2.0,127.0,214.0,143910.6207571261,71622.8655725805,72287.7551845456,14695.55070776022,7361.67405319568,7333.87665456454,10005.6920912667,ra,34.0,0.0,34.0,5644.000000000001,0.0,5644.000000000001,11004.375728706387,5273.26911438953,5731.106614316857,12369.094728706386,8784.25711438953,3584.837614316858,1
43.0,2.0,22.0,215.0,143835.3128743358,71573.2272359724,72262.0856383634,254.135111440735,254.135111440735,0.0,10360.6755425037,link,0.0,0.0,0.0,0.0,0.0,0.0,14515.363728706387,8784.25711438953,5731.106614316857,14636.567728706386,8905.461114389529,5731.106614316857,0
44.0,2.0,20.0,216.0,153959.0,74263.0,79696.0,3498.6544,0.0,3498.6544,0.0,link,0.0,0.0,0.0,0.0,0.0,0.0,8007.517626577026,2992.274568590114,5015.2430579869115,9676.123626577026,2992.274568590114,6683.849057986912,0
44.0,2.0,21.0,217.0,153959.0,74263.0,79696.0,3260.1457,3260.1457,0.0,4390.04714603225,link,0.0,0.0,0.0,0.0,0.0,0.0,8007.517626577026,2992.274568590114,5015.2430579869115,9562.372626577026,4547.129568590114,5015.2430579869115,0
45.0,2.0,20.0,218.0,62196.7600253059,32348.664026557,29848.0959987489,1778.43165752251,0.0,1778.43165752251,0.0,link,0.0,0.0,0.0,0.0,0.0,0.0,2168.272616295057,2168.272616295057,0.0,3016.456616295057,2168.272616295057,848.184,0
45.0,2.0,129.0,219.0,59803.760630072604,31496.7732925594,28306.9873375132,6019.40155695864,3144.57563370826,2874.82592325038,9849.37897275001,ra,34.0,0.0,34.0,5644.0,2739.3761657110235,2904.623834288976,3701.811450584034,2168.272616295057,1533.5388342889767,928.6324505840339,928.6324505840339,0.0,1
45.0,2.0,27.0,220.0,59265.8366310976,31619.7156039958,27646.1210271018,2008.7677610147,2008.7677610147,0.0,16227.5537304541,link,0.0,0.0,0.0,0.0,0.0,0.0,2462.1712848730103,928.6324505840339,1533.5388342889767,3420.2092848730103,1886.6704505840337,1533.5388342889767,0
46.0,2.0,21.0,221.0,122056.3633115633,58092.1447118619,63964.2185997014,6279.26064472807,0.0,6279.26064472807,0.0,link,0.0,0.0,0.0,0.0,0.0,0.0,7505.616409422954,3246.8938980130806,4258.722511409874,10500.371409422954,3246.8938980130806,7253.477511409874,0
46.0,2.0,23.0,222.0,131872.7061463396,62497.919354533,69374.7867918066,5678.0443937591,5678.0443937591,0.0,9404.55520736285,link,0.0,0.0,0.0,0.0,0.0,0.0,7505.616409422954,3246.8938980130806,4258.722511409874,10213.634409422953,5954.91189801308,4258.722511409874,0
47.0,2.0,22.0,223.0,38579.2955378498,18952.692150841,19626.6033870088,1763.21916642734,0.0,1763.21916642734,0.0,link,0.0,0.0,0.0,0.0,0.0,0.0,6539.872780633717,3456.6639343168586,3083.2088463168584,7380.8017806337175,3456.6639343168586,3924.1378463168585,0
47.0,2.0,128.0,224.0,35162.6248298969,17399.4597199651,17763.1651099318,7435.63799543393,3663.38542984375,3772.25256559018,19815.1127809066,ra,34.0,0.0,34.0,5644.0,5203.834934316858,440.16506568314196,5180.944846316859,3456.6639343168586,1724.2809120000002,3083.208846316859,3.410605131648481e-13,3083.2088463168584,1
47.0,2.0,28.0,225.0,35062.119983040204,16961.1414488018,18100.9785342384,1675.65153554322,1675.65153554322,0.0,29618.3313222541,link,0.0,0.0,0.0,0.0,0.0,0.0,1724.2809120000002,3.410605131648481e-13,1724.280912,2523.4459120000006,799.1650000000003,1724.2809120000002,0
48.0,2.0,24.0,226.0,16009.99993438885,7856.99996682075,8152.9999675681,2252.38793848172,0.0,2252.38793848172,0.0,link,0.0,0.0,0.0,0.0,0.0,0.0,1429.4716400000002,1429.4716400000002,0.0,2503.6986400000005,1429.4716400000002,1074.227,0
48.0,2.0,0.0,227.0,10228.9496360124,5180.36917753558,5048.58045847682,2203.40390841478,2203.40390841478,0.0,34790.8303429051,link,0.0,0.0,0.0,0.0,0.0,0.0,1429.4716400000002,1429.4716400000002,0.0,2480.33664,2480.33664,0.0,0
50.0,2.0,23.0,230.0,167288.29083468,89420.7692084569,77867.5216262231,2077.52908786604,0.0,2077.52908786604,0.0,link,0.0,0.0,0.0,0.0,0.0,0.0,9326.833536596681,5540.393948868291,3786.4395877283905,10317.66553659668,5540.393948868291,4777.27158772839,0
50.0,2.0,25.0,231.0,167733.1420677742,89424.5683491475,78308.5737186267,2379.09007339684,2379.09007339684,0.0,2660.51340881896,link,0.0,0.0,0.0,0.0,0.0,0.0,9326.833536596681,5540.393948868291,3786.4395877283905,10461.48853659668,6675.04894886829,3786.4395877283905,0
51.0,2.0,23.0,232.0,68004.42841151671,33685.4721908872,34318.9562206295,2606.49863917702,0.0,2606.49863917702,0.0,link,0.0,0.0,0.0,0.0,0.0,0.0,4263.131065981576,3219.655045722441,1043.476020259135,5506.243065981576,3219.655045722441,2286.588020259135,0
51.0,0.0,130.0,233.0,33100.9959033154,33100.9959033154,0.0,783.162954686691,783.162954686691,0.0,2344.99727996629,ra,12.0,12.0,0.0,1991.9999999999998,1991.9999999999998,0.0,3219.655045722441,3219.655045722441,0.0,1601.1670457224413,1601.1670457224413,0.0,1
51.0,2.0,27.0,234.0,64426.2356563276,31754.4889250316,32671.746731296,1762.79400434887,1762.79400434887,0.0,7784.58868214326,link,0.0,0.0,0.0,0.0,0.0,0.0,2644.6430659815765,1601.1670457224413,1043.476020259135,3485.3690659815766,2441.8930457224415,1043.476020259135,0
53.0,2.0,24.0,237.0,26623.0,13216.0,13407.0,1301.2096815,0.0,1301.2096815,0.0,link,0.0,0.0,0.0,0.0,0.0,0.0,2551.46292,1945.2335199999998,606.2294000000002,3172.04592,1945.2335199999998,1226.8124000000003,0
53.0,2.0,28.0,238.0,26623.0,13216.0,13407.0,1282.672272,1282.672272,0.0,9705.48649135397,link,0.0,0.0,0.0,0.0,0.0,0.0,2551.46292,1945.2335199999998,606.2294000000002,3163.2049199999997,2556.9755199999995,606.2294000000002,0
54.0,2.0,25.0,239.0,63790.743083652196,33602.5555376766,30188.1875459756,914.669079332492,0.0,914.669079332492,0.0,link,0.0,0.0,0.0,0.0,0.0,0.0,5229.803759094633,3817.4217795473164,1412.3819795473173,5666.034759094634,3817.4217795473164,1848.6129795473173,0
54.0,2.0,131.0,240.0,33762.4415586177,17029.2127372484,16733.2288213693,7185.4180023402205,3714.28097177565,3471.13703056457,14118.0595783865,ra,34.0,0.0,34.0,5643.999999999999,3191.1343795473163,2452.865620452683,6027.187379547317,3817.4217795473164,2209.7656,3810.114379547317,2397.7324,1412.3819795473173,1
54.0,2.0,26.0,241.0,32484.7744574449,16371.3543459377,16113.4201115072,929.571492526024,929.571492526024,0.0,19751.6727385701,link,0.0,0.0,0.0,0.0,0.0,0.0,4607.498,2397.7324,2209.7656,5050.8369999999995,2841.0714,2209.7656,0
55.0,2.0,26.0,242.0,35611.1999360093,17306.4999689679,18304.6999670414,3651.95402706089,0.0,3651.95402706089,0.0,link,0.0,0.0,0.0,0.0,0.0,0.0,3828.47,3828.47,0.0,5570.189,3828.47,1741.719,0
55.0,2.0,132.0,243.0,34335.6700861098,16687.9002306099,17647.7698554999,3806.71617873812,1850.01487529755,1956.70130344057,10714.2329169781,ra,34.0,0.0,34.0,5644.0,4710.794,933.206,3828.47,3828.47,0.0,0.0,0.0,0.0,1
55.0,2.0,0.0,244.0,9015.00027880696,4116.00014201232,4899.00013679464,3382.27393180499,3382.27393180499,0.0,47911.3668726574,link,0.0,0.0,0.0,0.0,0.0,0.0,0.0,0.0,0.0,1613.101,1613.101,0.0,0
56.0,2.0,27.0,245.0,67553.5172847849,34432.267085203,33121.2501995819,2367.02370971695,0.0,2367.02370971695,0.0,link,0.0,0.0,0.0,0.0,0.0,0.0,2880.4486417583635,2880.4486417583635,0.0,4009.3486417583636,2880.4486417583635,1128.9,0
56.0,1.0,134.0,246.0,28345.0537807391,0.0,28345.0537807391,1429.46120190489,0.0,1429.46120190489,14670.9425066938,ra,5.0,0.0,5.0,830.0,0.0,830.0,148.24999999999994,0.0,148.24999999999994,0.0,0.0,0.0,1
56.0,0.0,133.0,247.0,28758.648000424,28758.648000424,0.0,4635.2223561875,4635.2223561875,0.0,14715.488271793,ra,0.0,0.0,0.0,0.0,0.0,0.0,2880.4486417583635,2880.4486417583635,0.0,5091.1156417583625,5091.1156417583625,0.0,0
56.0,2.0,135.0,248.0,47006.1040822862,24072.8864014428,22933.2176808434,5972.33806438385,1468.70673835056,4503.63132603329,20490.1826432686,ra,34.0,0.0,34.0,5613.263641758365,2131.781406464246,3481.4822352941187,6572.939877052481,5091.1156417583625,1481.8242352941186,3808.051235294117,3659.801235294117,148.24999999999994,1
56.0,2.0,29.0,249.0,45237.3265637856,23422.054813021,21815.2717507646,2510.31569035993,2510.31569035993,0.0,31051.5111500156,link,0.0,0.0,0.0,0.0,0.0,0.0,5141.625470588236,3659.801235294117,1481.8242352941186,6338.865470588235,4857.041235294117,1481.8242352941186,0
57.0,2.0,28.0,250.0,21608.0,10785.0,10823.0,664.304917,0.0,664.304917,0.0,link,0.0,0.0,0.0,0.0,0.0,0.0,1342.456208,1342.456208,0.0,1659.282208,1342.456208,316.826,0
57.0,2.0,0.0,251.0,21608.0,10785.0,10823.0,661.972515,661.972515,0.0,6137.90628624439,link,0.0,0.0,0.0,0.0,0.0,0.0,1342.456208,1342.456208,0.0,1658.1692079999998,1658.1692079999998,0.0,0
59.0,2.0,29.0,254.0,41763.642422810604,21836.3114479028,19927.3309749078,64.1922987606669,0.0,64.1922987606669,0.0,link,0.0,0.0,0.0,0.0,0.0,0.0,5399.578,3602.0600000000004,1797.518,5430.193,3602.0600000000004,1828.133,0
59.0,0.0,137.0,255.0,11226.9471972143,11226.9471972143,0.0,4281.44265472418,4281.44265472418,0.0,25939.71611319,ra,34.0,34.0,0.0,5644.0,5644.0,0.0,3602.0600000000004,3602.0600000000004,0.0,0.0,0.0,0.0,1
59.0,1.0,138.0,256.0,8142.41876965786,0.0,8142.41876965786,3768.95103150065,0.0,3768.95103150065,26235.4919576393,ra,0.0,0.0,0.0,0.0,0.0,0.0,0.0,0.0,0.0,1797.518,0.0,1797.518,0
59.0,2.0,0.0,257.0,19030.16772086208,11064.8956674036,7965.27205345848,121.795390046012,121.795390046012,0.0,27032.7504548799,link,0.0,0.0,0.0,0.0,0.0,0.0,0.0,0.0,0.0,58.088,58.088,0.0,0
60.0,2.0,29.0,258.0,15204.99963875321,7325.99983936264,7878.99979939057,589.761879951074,0.0,589.761879951074,0.0,link,0.0,0.0,0.0,0.0,0.0,0.0,2128.5405411764723,2005.5522705882352,122.98827058823724,2409.8145411764726,2005.5522705882352,404.26227058823724,0
60.0,2.0,136.0,259.0,13825.298552554461,6712.48148642337,7112.81706613109,1621.703087201606,781.773481624616,839.92960557699,10738.6315701673,ra,16.0,0.0,16.0,2655.9999999999977,2378.402270588235,277.59772941176277,2005.5522705882352,2005.5522705882352,0.0,122.98827058823724,0.0,122.98827058823724,1
60.0,2.0,0.0,260.0,9900.0011340695,4967.00050429217,4933.00062977733,588.144298822839,588.144298822839,0.0,22135.2935483001,link,0.0,0.0,0.0,0.0,0.0,0.0,0.0,0.0,0.0,280.502,280.502,0.0,0
