Time of calculation: 20220210-151943; value of objective: 184706000.0;  acc=2400;  cfix=40000;  cvar=127000;  eta=0.7;  mu=0.24;  i=
segment_id,dir,type_ID,POI_ID,traffic_flow,traffic_flow_0,traffic_flow_1,energy_demand,energy_demand_0,energy_demand_1,dist_along_segment,pois_type,pYi_dir,pYi_dir_0,pYi_dir_1,pE_charged,pE_charged_0,pE_charged_1,pE_input,pE_input_0,pE_input_1,pE_output,pE_output_0,pE_output_1,pXi
0.0,2.0,0.0,0.0,26540.636112053,13243.0239038645,13297.6122081885,4423.92123143818,0.0,4423.92123143818,0.0,link,0.0,0.0,0.0,0.0,0.0,0.0,0.0,0.0,0.0,1476.924,0.0,1476.924,0
0.0,2.0,1.0,1.0,26594.7769799282,13269.4415749127,13325.3354050155,810.003976920776,31.774775427221,778.229201493555,239.715824101164,ra,34.0,0.0,34.0,5644.0,10.608,5633.392,5373.58,0.0,5373.58,0.0,0.0,0.0,1
0.0,2.0,0.0,2.0,45891.0713847726,24132.5354848012,21758.5358999714,10453.07839190074,5371.86342144895,5081.21497045179,24427.462160298,ra,0.0,0.0,0.0,0.0,0.0,0.0,3677.218,0.0,3677.218,7166.974,1793.394,5373.58,0
0.0,1.0,2.0,3.0,5594.60627343411,0.0,5594.60627343411,2065.98540498995,0.0,2065.98540498995,68504.6013106114,ra,0.0,0.0,0.0,0.0,0.0,0.0,2987.49,0.0,2987.49,3677.218,0.0,3677.218,0
0.0,0.0,3.0,4.0,4553.08388931748,4553.08388931748,0.0,7187.4483251383,7187.4483251383,0.0,79329.1374904099,ra,0.0,0.0,0.0,0.0,0.0,0.0,1793.394,1793.394,0.0,4192.921,4192.921,0.0,0
0.0,2.0,4.0,5.0,7895.539602766939,4645.32330643337,3250.21629633357,2342.9750495919798,1038.66179081139,1304.31325878059,104473.71241617,ra,34.0,34.0,0.0,5592.863000000001,1866.6286190476196,3726.2343809523813,10471.201380952381,4192.921,6278.28038095238,5660.53938095238,2673.0493809523805,2987.49,1
0.0,2.0,5.0,6.0,19815.36822147166,9562.72950758806,10252.6387138836,7959.02626511719,2076.95503589247,5882.07122922472,133409.21035476,ra,0.0,0.0,0.0,0.0,0.0,0.0,6987.602761904761,2673.0493809523805,4314.55338095238,9644.72076190476,3366.4403809523806,6278.28038095238,0
0.0,2.0,6.0,7.0,38420.413170467305,19234.6634945469,19185.7496759204,10291.73164091456,4957.10120865155,5334.63043226301,173065.413799776,ra,0.0,0.0,0.0,0.0,0.0,0.0,5900.0297619047615,3366.4403809523806,2533.589380952381,9335.91976190476,5021.3663809523805,4314.55338095238,0
0.0,1.0,7.0,8.0,21229.4573799075,0.0,21229.4573799075,31.9071906889248,0.0,31.9071906889248,176940.22069629,ra,0.0,0.0,0.0,0.0,0.0,0.0,2522.937380952381,0.0,2522.937380952381,2533.589380952381,0.0,2533.589380952381,0
0.0,2.0,0.0,9.0,50605.7308716768,25638.9023938735,24966.8284778033,5210.17855174236,5210.17855174236,0.0,194059.964946131,link,0.0,0.0,0.0,0.0,0.0,0.0,7544.303761904761,5021.3663809523805,2522.937380952381,9283.719761904762,6760.782380952381,2522.937380952381,0
1.0,2.0,0.0,10.0,41635.2696746832,21021.6267553003,20613.6429193829,39.7761865009555,0.0,39.7761865009555,0.0,link,0.0,0.0,0.0,0.0,0.0,0.0,6112.654904761905,4628.127952380953,1484.5269523809525,6125.933904761905,4628.127952380953,1497.8059523809525,0
1.0,2.0,8.0,11.0,39859.9435983602,20128.7100274165,19731.2335709437,2276.328443367862,1715.72731424055,560.601129127312,8218.21591932416,ra,0.0,0.0,0.0,0.0,0.0,0.0,5925.498904761906,4628.127952380953,1297.3709523809525,6685.449904761905,5200.922952380953,1484.5269523809525,0
1.0,0.0,9.0,12.0,15021.9786197919,15021.9786197919,0.0,1426.84265640488,1426.84265640488,0.0,16747.0640478161,ra,0.0,0.0,0.0,0.0,0.0,0.0,5200.922952380953,5200.922952380953,0.0,5677.273952380953,5677.273952380953,0.0,0
1.0,2.0,10.0,13.0,29629.2702066633,14994.1517039878,14635.1185026755,191.32891529796441,24.7111120586864,166.617803239278,16911.7407621753,ra,6.0,6.0,0.0,996.0,758.3199523809524,237.68004761904763,7156.699952380954,5677.273952380953,1479.426,6224.574952380952,4927.204,1297.3709523809525,1
1.0,2.0,14.0,14.0,23126.816645439998,11846.3351177034,11280.4815277366,2715.58896866506,1386.75954291372,1328.82942575134,27721.2649615329,ra,0.0,0.0,0.0,0.0,0.0,0.0,5963.001,4927.204,1035.797,6869.599,5390.173,1479.426,0
1.0,1.0,13.0,15.0,11337.2619320883,0.0,11337.2619320883,1420.24853693026,0.0,1420.24853693026,29194.6309655969,ra,0.0,0.0,0.0,0.0,0.0,0.0,561.648,0.0,561.648,1035.797,0.0,1035.797,0
1.0,0.0,12.0,16.0,11885.5265358471,11885.5265358471,0.0,208.504810997731,208.504810997731,0.0,29478.4736802298,ra,0.0,0.0,0.0,0.0,0.0,0.0,5390.173,5390.173,0.0,5459.782,5459.782,0.0,0
1.0,0.0,15.0,17.0,11960.1701828351,11960.1701828351,0.0,465.471180470787,465.471180470787,0.0,33381.7233696118,ra,0.0,0.0,0.0,0.0,0.0,0.0,5459.782,5459.782,0.0,5615.179,5615.179,0.0,0
1.0,2.0,16.0,18.0,23460.935326572,11970.3853891252,11490.5499374468,1768.668281716874,86.3301716488441,1682.33811006803,34103.2604930604,ra,34.0,0.0,34.0,5644.0,5644.0,0.0,5615.179,5615.179,0.0,561.648,0.0,561.648,1
1.0,2.0,0.0,19.0,23472.9532848191,11974.8809399587,11498.0723448604,41.4313703808343,41.4313703808343,0.0,34449.3464575004,link,0.0,0.0,0.0,0.0,0.0,0.0,0.0,0.0,0.0,13.832,13.832,0.0,0
2.0,2.0,0.0,20.0,68929.1689525749,33758.8137930879,35170.355159487,2037.30449092795,0.0,2037.30449092795,0.0,link,0.0,0.0,0.0,0.0,0.0,0.0,8122.63,4955.153,3167.477,8802.783,4955.153,3847.63,0
2.0,1.0,11.0,21.0,34398.2821383792,0.0,34398.2821383792,0.177994253383828,0.0,0.177994253383828,2598.41164546074,ra,0.0,0.0,0.0,0.0,0.0,0.0,3167.4179999999997,0.0,3167.4179999999997,3167.477,0.0,3167.477,0
2.0,0.0,17.0,22.0,24285.974119979,24285.974119979,0.0,5629.75346622784,5629.75346622784,0.0,19826.0309188716,ra,0.0,0.0,0.0,0.0,0.0,0.0,4955.153,4955.153,0.0,6834.644,6834.644,0.0,0
2.0,1.0,18.0,23.0,24186.0911430872,0.0,24186.0911430872,4128.06929715106,0.0,4128.06929715106,19924.5544753991,ra,0.0,0.0,0.0,0.0,0.0,0.0,1789.264,0.0,1789.264,3167.4179999999997,0.0,3167.4179999999997,0
2.0,0.0,19.0,24.0,24395.8043620461,24395.8043620461,0.0,1107.94961707917,1107.94961707917,0.0,24376.283905319,ra,0.0,0.0,0.0,0.0,0.0,0.0,6834.644,6834.644,0.0,7204.533,7204.533,0.0,0
2.0,0.0,20.0,25.0,18382.7449604955,18382.7449604955,0.0,3193.59583085962,3193.59583085962,0.0,38424.0480859037,ra,0.0,0.0,0.0,0.0,0.0,0.0,7204.533,7204.533,0.0,8270.714,8270.714,0.0,0
2.0,1.0,21.0,26.0,18491.6133654888,0.0,18491.6133654888,4453.99249618843,0.0,4453.99249618843,38987.6806255175,ra,0.0,0.0,0.0,0.0,0.0,0.0,302.3,0.0,302.3,1789.264,0.0,1789.264,0
2.0,2.0,22.0,27.0,37060.499514109295,18323.8494067353,18736.650107374,9037.685965220891,4162.99183164668,4874.69413357421,60686.5331745626,ra,34.0,34.0,0.0,5644.0,4016.585,1627.415,8573.014,8270.714,302.3,5946.242,5643.942,302.3,1
2.0,2.0,23.0,28.0,37058.9029265594,18323.1127403572,18735.7901862022,905.670862196634,0.17407320896991,905.496788987664,60687.5223097686,ra,34.0,34.0,0.0,5644.0,5644.0,0.0,5643.942,5643.942,0.0,302.3,0.0,302.3,1
2.0,2.0,0.0,29.0,23931.6001633626,12393.9415716933,11537.6585916693,2066.87595360883,2066.87595360883,0.0,74788.4585560346,link,0.0,0.0,0.0,0.0,0.0,0.0,0.0,0.0,0.0,690.026,690.026,0.0,0
3.0,2.0,0.0,30.0,27844.0,14880.0,12964.0,276.638796,0.0,276.638796,0.0,link,0.0,0.0,0.0,0.0,0.0,0.0,0.0,0.0,0.0,92.356,0.0,92.356,0
3.0,0.0,24.0,31.0,14880.0,14880.0,0.0,43.31568,43.31568,0.0,291.139117483826,ra,0.0,0.0,0.0,0.0,0.0,0.0,0.0,0.0,0.0,14.461,14.461,0.0,0
3.0,1.0,25.0,32.0,12964.0,0.0,12964.0,50.78647,0.0,50.78647,391.789662717657,ra,34.0,0.0,34.0,5643.999999999999,0.0,5643.999999999999,5627.044999999999,0.0,5627.044999999999,0.0,0.0,0.0,1
3.0,2.0,1.0,33.0,27844.0,14880.0,12964.0,332.50104,332.50104,0.0,2525.71464164925,link,0.0,0.0,0.0,0.0,0.0,0.0,5641.505999999999,14.461,5627.044999999999,5752.5109999999995,125.466,5627.044999999999,0
4.0,2.0,1.0,34.0,59761.3086274698,30037.3419745759,29723.9666528939,2541.48042300009,0.0,2541.48042300009,0.0,link,0.0,0.0,0.0,0.0,0.0,0.0,13380.067069027013,5403.263284513505,7976.803784513507,14228.539069027012,5403.263284513505,8825.275784513507,0
4.0,1.0,29.0,35.0,19741.1962074672,0.0,19741.1962074672,941.130780889781,0.0,941.130780889781,27421.918402147,ra,0.0,0.0,0.0,0.0,0.0,0.0,7662.607784513507,0.0,7662.607784513507,7976.803784513507,0.0,7976.803784513507,0
4.0,0.0,28.0,36.0,20188.7740020659,20188.7740020659,0.0,6913.40781708113,6913.40781708113,0.0,27456.2755376563,ra,0.0,0.0,0.0,0.0,0.0,0.0,5403.263284513505,5403.263284513505,0.0,7711.3012845135045,7711.3012845135045,0.0,0
4.0,2.0,31.0,37.0,24242.04672144007,16011.0814154375,8230.96530600257,10336.618270691579,5459.80728965386,4876.81098103772,57952.4364496481,ra,0.0,0.0,0.0,0.0,0.0,0.0,13745.788069027012,7711.3012845135045,6034.486784513508,17196.66306902701,9534.055284513504,7662.607784513507,0
4.0,2.0,30.0,38.0,24222.43641462717,16010.6884723873,8211.74794223987,2097.1816748164297,3.69851459408978,2093.48316022234,57975.5602403068,ra,34.0,34.0,0.0,5644.0,4464.999855942078,1179.0001440579215,16048.633213084933,9534.055284513504,6514.57792857143,11104.777213084933,5070.290428571427,6034.486784513508,1
4.0,2.0,35.0,39.0,21337.9057816767,10925.6060783794,10412.2997032973,4724.82145770061,2596.38509090262,2128.43636679799,78476.4553474238,ra,0.0,0.0,0.0,0.0,0.0,0.0,10874.290357142854,5070.290428571427,5803.999928571428,12451.670357142855,5937.092428571426,6514.57792857143,0
4.0,0.0,40.0,40.0,10876.9999980846,10876.9999980846,0.0,1976.66074396654,1976.66074396654,0.0,96645.2667353262,ra,0.0,0.0,0.0,0.0,0.0,0.0,5937.092428571426,5937.092428571426,0.0,6596.9994285714265,6596.9994285714265,0.0,0
4.0,1.0,41.0,41.0,10239.998724531,0.0,10239.998724531,1817.26058482465,0.0,1817.26058482465,99246.7072366671,ra,0.0,0.0,0.0,0.0,0.0,0.0,5197.307928571429,0.0,5197.307928571429,5803.999928571428,0.0,5803.999928571428,0
4.0,2.0,42.0,42.0,15349.44862342799,7293.1561007636,8056.29252266439,2244.8438549829193,2242.94471998322,1.89913499969935,124531.184689634,ra,0.0,0.0,0.0,0.0,0.0,0.0,11793.673357142856,6596.9994285714265,5196.673928571429,12543.113357142855,7345.805428571426,5197.307928571429,0
4.0,2.0,45.0,43.0,29499.9997821141,14928.9998128104,14570.9999693037,9965.39545782924,4949.37419030477,5016.02126752447,160563.715389321,ra,0.0,0.0,0.0,0.0,0.0,0.0,10867.882357142855,7345.805428571426,3522.0769285714287,14194.826357142854,8998.152428571426,5196.673928571429,0
4.0,2.0,49.0,44.0,29501.2496709625,14929.6109247903,14571.6387461722,7771.39511709413,964.25344768502,6807.14166940911,167022.616706975,ra,0.0,0.0,0.0,0.0,0.0,0.0,10247.667357142855,8998.152428571426,1249.514928571429,12842.145357142854,9320.068428571425,3522.0769285714287,0
4.0,2.0,2.0,45.0,37135.979248738106,18661.9898553614,18473.9893933767,2580.11657231137,2580.11657231137,0.0,182066.45484822,link,0.0,0.0,0.0,0.0,0.0,0.0,10569.583357142854,9320.068428571425,1249.514928571429,11430.954357142853,10181.439428571424,1249.514928571429,0
5.0,2.0,1.0,46.0,68793.7826224039,33913.4453688065,34880.3372535974,3843.82209257494,0.0,3843.82209257494,0.0,link,0.0,0.0,0.0,0.0,0.0,0.0,12787.806278318905,5995.748889159455,6792.057389159451,14071.064278318907,5995.748889159455,8075.315389159451,0
5.0,1.0,26.0,47.0,36003.5240013336,0.0,36003.5240013336,3895.94746693039,0.0,3895.94746693039,10624.4240384357,ra,0.0,0.0,0.0,0.0,0.0,0.0,5491.396389159451,0.0,5491.396389159451,6792.057389159451,0.0,6792.057389159451,0
5.0,0.0,27.0,48.0,32653.8009159093,32653.8009159093,0.0,4178.14177110393,4178.14177110393,0.0,12028.5386871855,ra,33.0,33.0,0.0,5478.0,5478.0,0.0,5995.748889159455,5995.748889159455,0.0,1912.6198891594538,1912.6198891594538,0.0,1
5.0,2.0,32.0,49.0,33127.6679782642,16315.8916479239,16811.7763303403,9152.20454584315,5870.83645283758,3281.36809300557,39273.393575652,ra,34.0,34.0,0.0,5644.0,3330.2577682668143,2313.742231733186,8622.275510052092,1912.6198891594538,6709.655620892638,6033.7345100520915,542.3381208926401,5491.396389159451,1
5.0,1.0,36.0,50.0,15728.3542233459,0.0,15728.3542233459,1275.7622080105,0.0,1275.7622080105,47330.3638647794,ra,0.0,0.0,0.0,0.0,0.0,0.0,6283.742620892637,0.0,6283.742620892637,6709.655620892638,0.0,6709.655620892638,0
5.0,0.0,39.0,51.0,16181.0369578104,16181.0369578104,0.0,2402.71193975453,2402.71193975453,0.0,54808.4650706048,ra,0.0,0.0,0.0,0.0,0.0,0.0,542.3381208926401,542.3381208926401,0.0,1344.48212089264,1344.48212089264,0.0,0
5.0,1.0,43.0,52.0,15425.0541977474,0.0,15425.0541977474,6550.91638851091,0.0,6550.91638851091,67696.5829264334,ra,0.0,0.0,0.0,0.0,0.0,0.0,4096.721620892637,0.0,4096.721620892637,6283.742620892637,0.0,6283.742620892637,0
5.0,0.0,44.0,53.0,16743.9409701348,16743.9409701348,0.0,2188.52376611744,2188.52376611744,0.0,67916.7177403682,ra,0.0,0.0,0.0,0.0,0.0,0.0,1344.48212089264,1344.48212089264,0.0,2075.12012089264,2075.12012089264,0.0,0
5.0,1.0,50.0,54.0,23926.8657512302,0.0,23926.8657512302,3865.03208223887,0.0,3865.03208223887,86150.6446371155,ra,0.0,0.0,0.0,0.0,0.0,0.0,2806.3826208926366,0.0,2806.3826208926366,4096.721620892637,0.0,4096.721620892637,0
5.0,0.0,51.0,55.0,23976.5917239922,23976.5917239922,0.0,3863.2104401925,3863.2104401925,0.0,86198.2118888899,ra,0.0,0.0,0.0,0.0,0.0,0.0,2075.12012089264,2075.12012089264,0.0,3364.85112089264,3364.85112089264,0.0,0
5.0,2.0,4.0,56.0,48295.9987384735,24204.9992554563,24090.9994830172,3849.65902876729,3849.65902876729,0.0,102115.051061861,link,0.0,0.0,0.0,0.0,0.0,0.0,6171.233741785277,3364.85112089264,2806.3826208926366,7456.440741785276,4650.05812089264,2806.3826208926366,0
6.0,2.0,0.0,57.0,17593.52882743976,9370.08985369332,8223.43897374644,3280.58897165935,0.0,3280.58897165935,0.0,link,0.0,0.0,0.0,0.0,0.0,0.0,0.0,0.0,0.0,1095.223,0.0,1095.223,0
6.0,0.0,34.0,58.0,9440.70012643683,9440.70012643683,0.0,115.627916160566,115.627916160566,0.0,1229.56192943354,ra,0.0,0.0,0.0,0.0,0.0,0.0,0.0,0.0,0.0,38.602,38.602,0.0,0
6.0,0.0,33.0,59.0,9685.7540713875,9685.7540713875,0.0,302.822447135245,302.822447135245,0.0,4398.31801694572,ra,0.0,0.0,0.0,0.0,0.0,0.0,38.602,38.602,0.0,139.69899999999998,139.69899999999998,0.0,0
6.0,1.0,38.0,60.0,13533.1360897293,0.0,13533.1360897293,3267.26796433001,0.0,3267.26796433001,19100.037855584,ra,27.0,0.0,27.0,4481.999999999999,0.0,4481.999999999999,3391.223999999999,0.0,3391.223999999999,0.0,0.0,0.0,1
6.0,0.0,37.0,61.0,14150.2103751211,14150.2103751211,0.0,1803.67381185194,1803.67381185194,0.0,19123.3135023805,ra,0.0,0.0,0.0,0.0,0.0,0.0,139.69899999999998,139.69899999999998,0.0,741.8549999999999,741.8549999999999,0.0,0
6.0,2.0,48.0,62.0,30972.8842403762,15986.2762154003,14986.6080249759,5468.1986435463505,3421.90944344568,2046.28920010067,42213.9465999939,ra,0.0,0.0,0.0,0.0,0.0,0.0,3449.9259999999995,741.8549999999999,2708.0709999999995,5275.481999999998,1884.2579999999998,3391.223999999999,0
6.0,2.0,3.0,63.0,43852.3829830634,22912.2538280909,20940.1291549725,3553.90060489654,3553.90060489654,0.0,60876.2242421798,link,0.0,0.0,0.0,0.0,0.0,0.0,4592.329,1884.2579999999998,2708.0709999999995,5778.796999999999,3070.7259999999997,2708.0709999999995,0
7.0,2.0,0.0,64.0,11819.72883309257,5668.99952865367,6150.7293044389,2312.63273856917,0.0,2312.63273856917,0.0,link,0.0,0.0,0.0,0.0,0.0,0.0,0.0,0.0,0.0,772.072,0.0,772.072,0
7.0,2.0,46.0,65.0,16750.43996107374,8281.7922636936,8468.64769738014,443.9117156207323,439.374363225034,4.53735239569832,6667.95544755655,ra,32.0,32.0,0.0,5311.999999999998,146.55171428571367,5165.448285714285,5163.933285714285,0.0,5163.933285714285,0.13328571428632313,0.13328571428632313,0.0,1
7.0,2.0,47.0,66.0,16803.00194301874,8309.64474409952,8493.35719891922,469.00809295789134,4.43822753361236,464.569865424279,6721.47492677825,ra,0.0,0.0,0.0,0.0,0.0,0.0,5008.970571428571,0.13328571428632313,5008.837285714285,5165.548571428571,1.615285714286323,5163.933285714285,0
7.0,2.0,2.0,67.0,31479.2646876848,14962.6751347339,16516.5895529509,2176.3869746183,2176.3869746183,0.0,25294.5418793567,link,0.0,0.0,0.0,0.0,0.0,0.0,5010.452571428571,1.615285714286323,5008.837285714285,5737.038571428571,728.2012857142863,5008.837285714285,0
8.0,2.0,2.0,68.0,14782.3695846428,7482.84754160049,7299.52204304231,571.535173252439,0.0,571.535173252439,0.0,link,0.0,0.0,0.0,0.0,0.0,0.0,2623.607,2623.607,0.0,2814.4139999999998,2623.607,190.807,0
8.0,2.0,52.0,69.0,9208.20636712835,4168.18387658208,5040.02249054627,1091.488655298786,530.547783523534,560.940871775252,9055.82449812222,ra,18.0,0.0,18.0,2987.9999999999995,2800.7299999999996,187.27,2623.607,2623.607,0.0,0.0,0.0,0.0,1
8.0,2.0,0.0,70.0,9708.89067456805,5120.67365793185,4588.2170166362,557.603815055505,557.603815055505,0.0,21173.6853058851,link,0.0,0.0,0.0,0.0,0.0,0.0,0.0,0.0,0.0,186.156,186.156,0.0,0
9.0,2.0,2.0,71.0,31818.42313617,16104.8835451968,15713.5395909732,3261.48259711826,0.0,3261.48259711826,0.0,link,0.0,0.0,0.0,0.0,0.0,0.0,5539.201571428571,4423.267535714285,1115.9340357142858,6628.046571428571,4423.267535714285,2204.779035714286,0
9.0,2.0,55.0,72.0,36693.0558776816,18116.8086480647,18576.2472296169,5325.486521774041,2708.00089398014,2617.4856277939,15445.3717833973,ra,34.0,0.0,34.0,5644.0,5327.332535714286,316.66746428571435,4982.022035714285,4423.267535714285,558.7545,1115.9340357142858,0.0,1115.9340357142858,1
9.0,2.0,7.0,73.0,31601.8542643027,15291.9117888883,16309.9424754144,3142.32996782434,3142.32996782434,0.0,33157.1268468838,link,0.0,0.0,0.0,0.0,0.0,0.0,558.7545,0.0,558.7545,1607.8205,1049.066,558.7545,0
10.0,2.0,3.0,74.0,31606.6695639389,16070.5474552074,15536.1221087315,43.8140689321546,0.0,43.8140689321546,0.0,link,0.0,0.0,0.0,0.0,0.0,0.0,3175.0281836266663,2907.6763081866666,267.35187543999973,3189.6551836266663,2907.6763081866666,281.9788754399997,0
10.0,2.0,53.0,75.0,20482.292071415,10386.9656808517,10095.3263905633,3859.97837178184,1960.6175793948,1899.36079238704,14793.4065314786,ra,33.0,33.0,0.0,5478.000000000001,3535.822720619964,1942.1772793800367,4483.104463006703,2907.6763081866666,1575.4281548200363,293.7564630067018,26.40458756670202,267.35187543999973,1
10.0,2.0,4.0,76.0,20473.6189956967,10382.5344994114,10091.0844962853,45.079640330005,45.079640330005,0.0,15227.5355211014,link,0.0,0.0,0.0,0.0,0.0,0.0,1601.8327423867383,26.40458756670202,1575.4281548200363,1616.8827423867383,41.45458756670202,1575.4281548200363,0
11.0,2.0,3.0,77.0,48420.0541429227,24599.8231829302,23820.2309599925,1269.82131381751,0.0,1269.82131381751,0.0,link,0.0,0.0,0.0,0.0,0.0,0.0,5713.570108186666,1937.2283377199997,3776.3417704666663,6137.4991081866665,1937.2283377199997,4200.270770466666,0
11.0,2.0,54.0,78.0,48814.9931722971,24295.4347117739,24519.5584605232,3388.4082292149897,1701.63127736504,1686.77695184995,6967.48714814497,ra,0.0,0.0,0.0,0.0,0.0,0.0,5150.440108186665,1937.2283377199997,3213.211770466666,6281.659108186666,2505.31733772,3776.3417704666663,0
11.0,1.0,56.0,79.0,22284.9266194441,0.0,22284.9266194441,1685.09443322027,0.0,1685.09443322027,14053.3882390507,ra,0.0,0.0,0.0,0.0,0.0,0.0,2650.643770466667,0.0,2650.643770466667,3213.211770466666,0.0,3213.211770466666,0
11.0,2.0,5.0,80.0,42919.8251598076,21285.3584845686,21634.466675239,2910.89526178855,2910.89526178855,0.0,19878.6900646546,link,0.0,0.0,0.0,0.0,0.0,0.0,5155.961108186667,2505.31733772,2650.643770466667,6127.762108186667,3477.11833772,2650.643770466667,0
12.0,2.0,4.0,81.0,53131.6723320628,26537.1834811746,26594.4888508882,1562.32443000799,0.0,1562.32443000799,0.0,link,0.0,0.0,0.0,0.0,0.0,0.0,6519.618733512002,2756.246971729336,3763.371761782666,7041.199733512002,2756.246971729336,4284.952761782666,0
12.0,0.0,58.0,82.0,22288.895823896,22288.895823896,0.0,3364.25769729557,3364.25769729557,0.0,13722.6357161214,ra,0.0,0.0,0.0,0.0,0.0,0.0,2756.246971729336,2756.246971729336,0.0,3879.402971729336,3879.402971729336,0.0,0
12.0,1.0,57.0,83.0,22492.6689728353,0.0,22492.6689728353,3393.5923031971,0.0,3393.5923031971,13775.3691799331,ra,0.0,0.0,0.0,0.0,0.0,0.0,2630.4227617826664,0.0,2630.4227617826664,3763.371761782666,0.0,3763.371761782666,0
12.0,2.0,5.0,84.0,44751.0771921405,22273.0392762582,22478.0379158823,1559.84087923299,1559.84087923299,0.0,20725.0958331826,link,0.0,0.0,0.0,0.0,0.0,0.0,6509.825733512002,3879.402971729336,2630.4227617826664,7030.577733512002,4400.154971729336,2630.4227617826664,0
13.0,2.0,4.0,85.0,25987.610544625597,13119.3784455626,12868.232099063,1205.38349046939,0.0,1205.38349046939,0.0,link,0.0,0.0,0.0,0.0,0.0,0.0,3581.01662921508,2910.9206760075394,670.0959532075403,3983.4336292150797,2910.9206760075394,1072.5129532075402,0
13.0,2.0,59.0,86.0,13974.00634747334,7033.00411775856,6941.00222971478,6883.850493770729,3777.52597161839,3106.32452215234,36309.8952864744,ra,34.0,34.0,0.0,5644.000000000001,3347.213178207541,2296.7868217924597,4840.758451007539,2910.9206760075394,1929.8377749999997,1494.9294510075385,824.8334977999982,670.0959532075403,1
13.0,1.0,63.0,87.0,7362.49465739319,0.0,7362.49465739319,661.497609325267,0.0,661.497609325267,54986.8926639146,ra,0.0,0.0,0.0,0.0,0.0,0.0,1708.9967749999998,0.0,1708.9967749999998,1929.8377749999997,0.0,1929.8377749999997,0
13.0,0.0,62.0,88.0,7963.31449008736,7963.31449008736,0.0,1395.608479293,1395.608479293,0.0,55258.2918559062,ra,0.0,0.0,0.0,0.0,0.0,0.0,824.8334977999982,824.8334977999982,0.0,1290.7564977999982,1290.7564977999982,0.0,0
13.0,2.0,70.0,89.0,20915.585370117602,10623.7234191176,10291.861951,6679.2986941238505,3389.00409366516,3290.29460045869,85720.8848871018,ra,0.0,0.0,0.0,0.0,0.0,0.0,1901.2892727999983,1290.7564977999982,610.532775,4131.1712727999975,2422.174497799998,1708.9967749999998,0
13.0,1.0,71.0,90.0,10312.6666929756,0.0,10312.6666929756,1325.87027770041,0.0,1325.87027770041,92148.0377185692,ra,0.0,0.0,0.0,0.0,0.0,0.0,167.891775,0.0,167.891775,610.532775,0.0,610.532775,0
13.0,0.0,75.0,91.0,10865.4133062023,10865.4133062023,0.0,2225.2267853651,2225.2267853651,0.0,106351.198252807,ra,0.0,0.0,0.0,0.0,0.0,0.0,2422.174497799998,2422.174497799998,0.0,3165.065497799998,3165.065497799998,0.0,0
13.0,2.0,80.0,92.0,21769.3135715549,10924.7717317326,10844.5418398223,5231.40590135432,1587.86020641778,3643.54569493654,121274.128299309,ra,34.0,0.0,34.0,5644.0,3291.311380628573,2352.688619371427,4469.249892171425,3165.065497799998,1304.1843943714273,571.7518921714257,403.8601171714257,167.891775,1
13.0,2.0,8.0,93.0,20326.8379673694,10049.6549230906,10277.1830442788,1199.97066882623,1199.97066882623,0.0,132616.969219855,link,0.0,0.0,0.0,0.0,0.0,0.0,1708.044511542853,403.8601171714257,1304.1843943714273,2108.654511542853,804.4701171714257,1304.1843943714273,0
14.0,2.0,5.0,94.0,94497.8226477467,47019.266876753,47478.5557709937,936.342520757964,0.0,936.342520757964,0.0,link,0.0,0.0,0.0,0.0,0.0,0.0,10906.270259066669,6907.537518133336,3998.732740933333,11218.868259066669,6907.537518133336,4311.330740933333,0
14.0,0.0,61.0,95.0,46935.1899031602,46935.1899031602,0.0,2174.78874504217,2174.78874504217,0.0,4629.48262057162,ra,34.0,34.0,0.0,5644.0,5644.0,0.0,6907.537518133336,6907.537518133336,0.0,1989.5895181333362,1989.5895181333362,0.0,1
14.0,1.0,60.0,96.0,47664.7520038718,0.0,47664.7520038718,2204.32457448694,0.0,2204.32457448694,4633.73189838993,ra,0.0,0.0,0.0,0.0,0.0,0.0,3262.8197409333325,0.0,3262.8197409333325,3998.732740933333,0.0,3998.732740933333,0
14.0,2.0,6.0,97.0,94641.6911720278,46900.6207445268,47741.070427501,922.919420502059,922.919420502059,0.0,6596.60038925666,link,0.0,0.0,0.0,0.0,0.0,0.0,5252.409259066669,1989.5895181333362,3262.8197409333325,5560.525259066669,2297.705518133336,3262.8197409333325,0
15.0,2.0,6.0,98.0,75207.4913410466,44538.3019109056,30669.189430141,1884.85015181653,0.0,1884.85015181653,0.0,link,0.0,0.0,0.0,0.0,0.0,0.0,5184.654000000001,3009.4350000000013,2175.219,5813.910000000002,3009.4350000000013,2804.475,0
15.0,1.0,64.0,99.0,16721.3274524539,0.0,16721.3274524539,6515.56424199958,0.0,6515.56424199958,25738.7432238461,ra,0.0,0.0,0.0,0.0,0.0,0.0,0.0,0.0,0.0,2175.219,0.0,2175.219,0
15.0,0.0,65.0,100.0,16271.068415411,16271.068415411,0.0,7891.47329091754,7891.47329091754,0.0,25740.9022185623,ra,34.0,34.0,0.0,5644.000000000001,5644.000000000001,0.0,3009.4350000000013,3009.4350000000013,0.0,0.0,0.0,0.0,1
15.0,2.0,0.0,101.0,10998.09198493645,5379.56194516866,5618.53003976779,1825.01257049708,1825.01257049708,0.0,48631.178555929,link,0.0,0.0,0.0,0.0,0.0,0.0,0.0,0.0,0.0,609.28,609.28,0.0,0
16.0,2.0,6.0,102.0,79740.5667298025,40135.9531021025,39604.6136277,2800.89558131599,0.0,2800.89558131599,0.0,link,0.0,0.0,0.0,0.0,0.0,0.0,5337.176740933333,2551.0902590666683,2786.0864818666655,6272.254740933334,2551.0902590666683,3721.1644818666655,0
16.0,1.0,66.0,103.0,29014.9759926702,0.0,29014.9759926702,4194.66206610603,0.0,4194.66206610603,12316.8385533337,ra,34.0,0.0,34.0,5643.999999999998,0.0,5643.999999999998,7029.700481866665,0.0,7029.700481866665,2786.0864818666655,0.0,2786.0864818666655,1
16.0,0.0,67.0,104.0,29278.0080852545,29278.0080852545,0.0,4585.78782260726,4585.78782260726,0.0,12575.9466885105,ra,0.0,0.0,0.0,0.0,0.0,0.0,2551.0902590666683,2551.0902590666683,0.0,4082.053259066668,4082.053259066668,0.0,0
16.0,0.0,72.0,105.0,28145.026567285,28145.026567285,0.0,3642.99524799985,3642.99524799985,0.0,25449.0803158335,ra,0.0,0.0,0.0,0.0,0.0,0.0,4082.053259066668,4082.053259066668,0.0,5298.266259066668,5298.266259066668,0.0,0
16.0,1.0,74.0,106.0,25731.8558288299,0.0,25731.8558288299,3150.32793358614,0.0,3150.32793358614,32933.7519739179,ra,0.0,0.0,0.0,0.0,0.0,0.0,5977.964481866665,0.0,5977.964481866665,7029.700481866665,0.0,7029.700481866665,0
16.0,0.0,76.0,107.0,25418.7221777421,25418.7221777421,0.0,6370.06870476076,6370.06870476076,0.0,49497.4689014342,ra,0.0,0.0,0.0,0.0,0.0,0.0,5298.266259066668,5298.266259066668,0.0,7424.911259066669,7424.911259066669,0.0,0
16.0,1.0,77.0,108.0,25469.3693020146,0.0,25469.3693020146,3629.48335037293,0.0,3629.48335037293,49565.5184208006,ra,0.0,0.0,0.0,0.0,0.0,0.0,4766.2624818666645,0.0,4766.2624818666645,5977.964481866665,0.0,5977.964481866665,0
16.0,1.0,82.0,109.0,26935.5497477119,0.0,26935.5497477119,4731.07688196937,0.0,4731.07688196937,67595.9687520987,ra,0.0,0.0,0.0,0.0,0.0,0.0,3186.7944818666656,0.0,3186.7944818666656,4766.2624818666645,0.0,4766.2624818666645,0
16.0,0.0,83.0,110.0,27462.4751098044,27462.4751098044,0.0,5057.1026374567,5057.1026374567,0.0,68666.0746432526,ra,0.0,0.0,0.0,0.0,0.0,0.0,7424.911259066669,7424.911259066669,0.0,9113.22325906667,9113.22325906667,0.0,0
16.0,1.0,86.0,111.0,27163.1527528195,0.0,27163.1527528195,4196.37690745412,0.0,4196.37690745412,81021.8926734055,ra,0.0,0.0,0.0,0.0,0.0,0.0,1785.835481866665,0.0,1785.835481866665,3186.7944818666656,0.0,3186.7944818666656,0
16.0,0.0,89.0,112.0,29187.9984476255,29187.9984476255,0.0,6653.92810326968,6653.92810326968,0.0,92123.379066016,ra,34.0,34.0,0.0,5644.0,5644.0,0.0,9113.22325906667,9113.22325906667,0.0,5690.634259066667,5690.634259066667,0.0,1
16.0,1.0,90.0,113.0,28376.9986665812,0.0,28376.9986665812,5601.68477510965,0.0,5601.68477510965,92203.5095301381,ra,34.0,0.0,34.0,5644.0,0.0,5644.0,5559.715481866665,0.0,5559.715481866665,1785.835481866665,0.0,1785.835481866665,1
16.0,2.0,94.0,114.0,71124.20344709541,35553.8279012094,35570.375545886,8755.2397188011,4299.63877333859,4455.60094546251,106046.116569043,ra,0.0,0.0,0.0,0.0,0.0,0.0,9762.848740933334,5690.634259066667,4072.214481866666,12685.782740933333,7126.067259066668,5559.715481866665,0
16.0,2.0,12.0,115.0,71147.99996754559,35564.9999847632,35582.9999827824,2799.48715587504,2799.48715587504,0.0,113917.810760995,link,0.0,0.0,0.0,0.0,0.0,0.0,11198.281740933335,7126.067259066668,4072.214481866666,12132.889740933335,8060.675259066668,4072.214481866666,0
18.0,2.0,7.0,118.0,26949.9999999978,13587.9999999988,13361.999999999,1262.35088868617,0.0,1262.35088868617,0.0,link,0.0,0.0,0.0,0.0,0.0,0.0,935.3331000000001,935.3331000000001,0.0,1356.7681,935.3331000000001,421.435,0
18.0,0.0,68.0,119.0,13587.9186189986,13587.9186189986,0.0,1673.78287195478,1673.78287195478,0.0,12318.1380453438,ra,0.0,0.0,0.0,0.0,0.0,0.0,935.3331000000001,935.3331000000001,0.0,1494.1251000000002,1494.1251000000002,0.0,0
18.0,1.0,69.0,120.0,13361.9322654755,0.0,13361.9322654755,3620.13302138755,0.0,3620.13302138755,12346.3056788137,ra,34.0,0.0,34.0,5644.0,0.0,5644.0,4435.420000000001,0.0,4435.420000000001,0.0,0.0,0.0,1
18.0,2.0,73.0,121.0,21133.145613699402,10354.0731302489,10779.0724834505,3099.0639764515,1773.46409345857,1325.59988299293,27186.3293839123,ra,0.0,0.0,0.0,0.0,0.0,0.0,5486.9941,1494.1251000000002,3992.869,6521.615100000001,2086.1951000000004,4435.420000000001,0
18.0,2.0,81.0,122.0,17024.72901544851,8263.2955761644,8761.43343928411,10407.12701858784,5132.59342206241,5274.53359652543,76811.9776614867,ra,25.0,25.0,0.0,4150.0,2086.1951000000004,2063.8049,6381.968000000001,2086.1951000000004,4295.772900000001,5706.383,1713.514,3992.869,1
18.0,0.0,84.0,123.0,7912.19781312535,7912.19781312535,0.0,1219.94777274037,1219.94777274037,0.0,91803.7907317536,ra,0.0,0.0,0.0,0.0,0.0,0.0,1713.514,1713.514,0.0,2120.7929999999997,2120.7929999999997,0.0,0
18.0,1.0,85.0,124.0,8875.83878859374,0.0,8875.83878859374,1785.78492380043,0.0,1785.78492380043,91872.4611970398,ra,0.0,0.0,0.0,0.0,0.0,0.0,3699.5889000000006,0.0,3699.5889000000006,4295.772900000001,0.0,4295.772900000001,0
18.0,2.0,92.0,125.0,47292.9371799686,22515.082655355,24777.8545246136,4754.45243720846,3104.7402940347,1649.71214317376,121334.732705969,ra,0.0,0.0,0.0,0.0,0.0,0.0,5269.6259,2120.7929999999997,3148.8329000000003,6856.8979,3157.3089999999997,3699.5889000000006,0
18.0,2.0,11.0,126.0,53098.002767233804,24816.3642256391,28281.6385415947,1125.0783643968,1125.0783643968,0.0,126075.531741563,link,0.0,0.0,0.0,0.0,0.0,0.0,6306.1419000000005,3157.3089999999997,3148.8329000000003,6681.7489000000005,3532.9159999999997,3148.8329000000003,0
19.0,2.0,7.0,127.0,19888.0,9830.0,10058.0,1832.522339,0.0,1832.522339,0.0,link,0.0,0.0,0.0,0.0,0.0,0.0,588.2004000000001,588.2004000000001,0.0,1199.9874,588.2004000000001,611.787,0
19.0,2.0,0.0,128.0,19888.0,9830.0,10058.0,1790.981765,1790.981765,0.0,18219.577121931,link,0.0,0.0,0.0,0.0,0.0,0.0,588.2004000000001,588.2004000000001,0.0,1186.1194,1186.1194,0.0,0
20.0,2.0,0.0,129.0,19481.0003447438,9701.00019990513,9780.00014483867,1585.94680206363,0.0,1585.94680206363,0.0,link,0.0,0.0,0.0,0.0,0.0,0.0,0.0,0.0,0.0,529.468,0.0,529.468,0
20.0,0.0,78.0,130.0,10133.9989103389,10133.9989103389,0.0,2201.81082897895,2201.81082897895,0.0,22308.8999344534,ra,5.0,5.0,0.0,735.074,735.074,0.0,0.0,0.0,0.0,0.0,0.0,0.0,1
20.0,1.0,79.0,131.0,10094.128472639,0.0,10094.128472639,2214.67932713437,0.0,2214.67932713437,22364.4498639692,ra,15.0,0.0,15.0,2490.0,0.0,2490.0,1750.6299999999999,0.0,1750.6299999999999,0.0,0.0,0.0,1
20.0,2.0,8.0,132.0,21962.979690817003,10983.9900500203,10978.9896407967,1594.24397947735,1594.24397947735,0.0,37253.2284842051,link,0.0,0.0,0.0,0.0,0.0,0.0,1750.6299999999999,0.0,1750.6299999999999,2282.868,532.238,1750.6299999999999,0
21.0,2.0,8.0,133.0,21649.000000000102,11074.0,10575.0000000001,371.58433599978,0.0,371.58433599978,0.0,link,0.0,0.0,0.0,0.0,0.0,0.0,1747.5756385714567,1312.6909539999865,434.8846845714702,1871.6286385714568,1312.6909539999865,558.9376845714703,0
21.0,2.0,87.0,134.0,23288.9999999286,11776.9999999694,11511.9999999592,6542.5877927048805,3329.21173105459,3213.37606165029,29246.6421925882,ra,34.0,34.0,0.0,5643.999999999999,1736.3785445714725,3907.6214554285266,4582.413093999983,1312.6909539999865,3269.722139999997,1122.6530939999839,687.7684094285138,434.8846845714702,1
21.0,2.0,10.0,135.0,23288.9999999998,11776.9999999999,11511.9999999999,380.138005999835,380.138005999835,0.0,32474.4736101551,link,0.0,0.0,0.0,0.0,0.0,0.0,3957.490549428511,687.7684094285138,3269.722139999997,4084.399549428511,814.6774094285138,3269.722139999997,0
22.0,2.0,8.0,136.0,18089.34980232114,9293.63667702267,8795.71312529847,2541.60361777734,0.0,2541.60361777734,0.0,link,0.0,0.0,0.0,0.0,0.0,0.0,2708.255595371395,405.893065371441,2302.362529999954,3556.768595371395,405.893065371441,3150.875529999954,0
22.0,2.0,9.0,137.0,22551.7599214391,11229.4921808602,11322.2677405789,2598.64030591273,2598.64030591273,0.0,25496.1440920557,link,0.0,0.0,0.0,0.0,0.0,0.0,2708.255595371395,405.893065371441,2302.362529999954,3575.810595371395,1273.448065371441,2302.362529999954,0
24.0,2.0,9.0,140.0,25786.108144857702,12922.6073175015,12863.5008273562,310.22506737586,0.0,310.22506737586,0.0,link,0.0,0.0,0.0,0.0,0.0,0.0,6023.489438199917,3201.3681381999927,2822.121299999924,6127.058438199916,3201.3681381999927,2925.690299999924,0
24.0,0.0,88.0,141.0,12911.6129537198,12911.6129537198,0.0,904.521486357201,904.521486357201,0.0,7001.12487688288,ra,0.0,0.0,0.0,0.0,0.0,0.0,3201.3681381999927,3201.3681381999927,0.0,3503.342138199993,3503.342138199993,0.0,0
24.0,1.0,91.0,142.0,12797.6950404071,0.0,12797.6950404071,2112.95769776524,0.0,2112.95769776524,10447.761196687,ra,0.0,0.0,0.0,0.0,0.0,0.0,2116.7112999999235,0.0,2116.7112999999235,2822.121299999924,0.0,2822.121299999924,0
24.0,0.0,97.0,143.0,9570.73893282761,9570.73893282761,0.0,2755.77301226508,2755.77301226508,0.0,30840.5691895132,ra,0.0,0.0,0.0,0.0,0.0,0.0,3503.342138199993,3503.342138199993,0.0,4423.356138199993,4423.356138199993,0.0,0
24.0,1.0,98.0,144.0,9946.42620888775,0.0,9946.42620888775,2231.33572547577,0.0,2231.33572547577,30857.3340619152,ra,0.0,0.0,0.0,0.0,0.0,0.0,1371.7802999999237,0.0,1371.7802999999237,2116.7112999999235,0.0,2116.7112999999235,0
24.0,2.0,108.0,145.0,15887.70615160749,7870.70573058493,8017.00042102256,4501.986650504179,2168.3895853448,2333.59706515938,55766.1486133563,ra,34.0,0.0,34.0,5644.000000000001,3117.1561127317564,2526.8438872682445,7542.910325468161,4423.356138199993,3119.554187268168,3401.8963254681603,2030.1160254682368,1371.7802999999237,1
24.0,2.0,114.0,146.0,28294.0206982518,14163.5504368669,14130.4702613849,3453.81695206723,2111.30760238217,1342.50934968506,76000.7341358558,ra,0.0,0.0,0.0,0.0,0.0,0.0,4701.474212736404,2030.1160254682368,2671.358187268168,5854.529212736405,2734.975025468237,3119.554187268168,0
24.0,2.0,15.0,147.0,28738.6713502246,14383.3123439625,14355.3590062621,310.87767950128,310.87767950128,0.0,78175.474803374,link,0.0,0.0,0.0,0.0,0.0,0.0,5406.333212736405,2734.975025468237,2671.358187268168,5510.119212736405,2838.761025468237,2671.358187268168,0
25.0,2.0,9.0,148.0,18444.994544675952,9036.99752648209,9407.99701819386,3162.57397865205,0.0,3162.57397865205,0.0,link,0.0,0.0,0.0,0.0,0.0,0.0,3537.020782828522,1644.1262399999694,1892.8945428285524,4592.844782828522,1644.1262399999694,2948.7185428285525,0
25.0,2.0,10.0,149.0,19006.7279100321,9665.34291491844,9341.38499511366,3137.60809841466,3137.60809841466,0.0,35248.1726115327,link,0.0,0.0,0.0,0.0,0.0,0.0,3537.020782828522,1644.1262399999694,1892.8945428285524,4584.5097828285225,2691.61523999997,1892.8945428285524,0
26.0,2.0,10.0,150.0,39799.090315948604,19727.656489473,20071.4338264756,5432.50664953123,0.0,5432.50664953123,0.0,link,0.0,0.0,0.0,0.0,0.0,0.0,5457.820006599924,2751.5971065999292,2706.222899999995,7271.460006599925,2751.5971065999292,4519.8628999999955,0
26.0,2.0,11.0,151.0,61239.0276416527,31319.7944712375,29919.2331704152,5527.09879983652,5527.09879983652,0.0,24120.7762535988,link,0.0,0.0,0.0,0.0,0.0,0.0,5457.820006599924,2751.5971065999292,2706.222899999995,7303.040006599924,4596.817106599929,2706.222899999995,0
27.0,2.0,11.0,152.0,68446.95855219441,33632.3321209786,34814.6264312158,4475.01586176286,0.0,4475.01586176286,0.0,link,0.0,0.0,0.0,0.0,0.0,0.0,5795.455010680009,4087.001658639972,1708.453352040037,7289.437010680009,4087.001658639972,3202.4353520400373,0
27.0,0.0,99.0,153.0,29715.9548515929,29715.9548515929,0.0,4959.0509597815,4959.0509597815,0.0,15398.2814879574,ra,0.0,0.0,0.0,0.0,0.0,0.0,4087.001658639972,4087.001658639972,0.0,5742.578658639973,5742.578658639973,0.0,0
27.0,1.0,100.0,154.0,27462.2259431798,0.0,27462.2259431798,4427.60002896918,0.0,4427.60002896918,15788.2300471589,ra,0.0,0.0,0.0,0.0,0.0,0.0,230.30135204003722,0.0,230.30135204003722,1708.453352040037,0.0,1708.453352040037,0
27.0,2.0,107.0,155.0,39803.000772140804,18775.2599855575,21027.7407865833,8521.51974910427,4077.761723511,4443.75802559327,32030.5850885025,ra,34.0,0.0,34.0,5644.0,1347.8475080127414,4296.152491987258,8785.485502667269,5742.578658639973,3042.906844027296,5986.3915026672685,5756.090150627231,230.30135204003722,1
27.0,0.0,111.0,156.0,14923.34787731,14923.34787731,0.0,3332.68370370798,3332.68370370798,0.0,51994.455333056,ra,34.0,34.0,0.0,5644.0,5644.0,0.0,5756.090150627231,5756.090150627231,0.0,1224.7051506272308,1224.7051506272308,0.0,1
27.0,1.0,110.0,157.0,16064.7865328213,0.0,16064.7865328213,3656.83050998601,0.0,3656.83050998601,52217.7859827402,ra,0.0,0.0,0.0,0.0,0.0,0.0,1822.0758440272957,0.0,1822.0758440272957,3042.906844027296,0.0,3042.906844027296,0
27.0,2.0,113.0,158.0,28115.7326932638,13396.479626617,14719.2530666468,8182.361978154309,4151.77442489818,4030.58755325613,80453.8359529617,ra,34.0,34.0,0.0,5643.999999999999,1386.068,4257.931999999999,5959.102994654525,1224.7051506272308,4734.397844027294,3046.7809946545267,1224.7051506272308,1822.0758440272957,1
27.0,0.0,115.0,159.0,16210.1141141057,16210.1141141057,0.0,2741.86480754644,2741.86480754644,0.0,99290.1862589441,ra,0.0,0.0,0.0,0.0,0.0,0.0,1224.7051506272308,1224.7051506272308,0.0,2140.075150627231,2140.075150627231,0.0,0
27.0,2.0,116.0,160.0,34177.789667498,16266.7915147338,17910.9981527642,6377.1162856009105,1294.98984691301,5082.1264386879,107271.26953268,ra,0.0,0.0,0.0,0.0,0.0,0.0,5177.806994654527,2140.075150627231,3037.731844027296,7306.804994654525,2572.4071506272307,4734.397844027294,0
27.0,2.0,15.0,161.0,39893.9999998457,18725.9999999336,21167.9999999121,3972.00678523747,3972.00678523747,0.0,128894.513137464,link,0.0,0.0,0.0,0.0,0.0,0.0,5610.138994654527,2572.4071506272307,3037.731844027296,6936.191994654528,3898.460150627231,3037.731844027296,0
28.0,2.0,11.0,162.0,61992.2787513973,31725.312247826,30266.9665035713,2390.70224064613,0.0,2390.70224064613,0.0,link,0.0,0.0,0.0,0.0,0.0,0.0,5402.517999999998,3795.3819999999987,1607.136,6200.652999999998,3795.3819999999987,2405.2709999999997,0
28.0,0.0,93.0,163.0,30439.2241679383,30439.2241679383,0.0,1072.78335284043,1072.78335284043,0.0,3445.55910715547,ra,0.0,0.0,0.0,0.0,0.0,0.0,3795.3819999999987,3795.3819999999987,0.0,4153.529999999999,4153.529999999999,0.0,0
28.0,0.0,95.0,164.0,18498.9087746208,18498.9087746208,0.0,3967.26574657,3967.26574657,0.0,21968.3457181098,ra,33.0,33.0,0.0,5477.999999999999,5477.999999999999,0.0,4153.529999999999,4153.529999999999,0.0,0.0,0.0,0.0,1
28.0,1.0,96.0,165.0,17419.1863324911,0.0,17419.1863324911,4813.95264377551,0.0,4813.95264377551,22264.116411145,ra,0.0,0.0,0.0,0.0,0.0,0.0,0.0,0.0,0.0,1607.136,0.0,1607.136,0
28.0,2.0,0.0,166.0,16044.98321671642,8425.39921826346,7619.58399845296,2682.96218463007,2682.96218463007,0.0,40879.2796779836,link,0.0,0.0,0.0,0.0,0.0,0.0,0.0,0.0,0.0,895.706,895.706,0.0,0
30.0,2.0,12.0,169.0,31173.0077127878,15334.6891591729,15838.3185536149,1373.0223382835,0.0,1373.0223382835,0.0,link,0.0,0.0,0.0,0.0,0.0,0.0,7258.193079327058,3147.848134663529,4110.344944663529,7716.576079327058,3147.848134663529,4568.727944663529,0
30.0,0.0,101.0,170.0,15342.1685357064,15342.1685357064,0.0,288.700229956651,288.700229956651,0.0,1882.30501330568,ra,0.0,0.0,0.0,0.0,0.0,0.0,3147.848134663529,3147.848134663529,0.0,3244.2301346635295,3244.2301346635295,0.0,0
30.0,1.0,102.0,171.0,15008.3801891543,0.0,15008.3801891543,2426.9547057033,0.0,2426.9547057033,15325.3757236118,ra,0.0,0.0,0.0,0.0,0.0,0.0,3300.106944663529,0.0,3300.106944663529,4110.344944663529,0.0,4110.344944663529,0
30.0,0.0,103.0,172.0,14615.1043928834,14615.1043928834,0.0,2123.5391790608,2123.5391790608,0.0,15632.2115214018,ra,0.0,0.0,0.0,0.0,0.0,0.0,3244.2301346635295,3244.2301346635295,0.0,3953.1731346635297,3953.1731346635297,0.0,0
30.0,2.0,13.0,173.0,18934.3901725728,9143.1385769236,9791.2515956492,1268.11665537119,1268.11665537119,0.0,27311.5905726122,link,0.0,0.0,0.0,0.0,0.0,0.0,7253.280079327058,3953.1731346635297,3300.106944663529,7676.640079327059,4376.533134663529,3300.106944663529,0
31.0,2.0,12.0,174.0,61211.2617744492,30941.9007084376,30269.3610660116,584.87883138558,0.0,584.87883138558,0.0,link,0.0,0.0,0.0,0.0,0.0,0.0,10078.38230015686,7841.4924436784295,2236.889856478431,10273.64430015686,7841.4924436784295,2432.151856478431,0
31.0,1.0,106.0,175.0,29780.0349085717,0.0,29780.0349085717,3637.7163502508,0.0,3637.7163502508,10173.7794302971,ra,0.0,0.0,0.0,0.0,0.0,0.0,1022.4398564784308,0.0,1022.4398564784308,2236.889856478431,0.0,2236.889856478431,0
31.0,0.0,105.0,176.0,30402.9541425937,30402.9541425937,0.0,3119.85205801169,3119.85205801169,0.0,10175.4293545811,ra,34.0,34.0,0.0,5644.0,5644.0,0.0,7841.4924436784295,7841.4924436784295,0.0,3239.0534436784305,3239.0534436784305,0.0,1
31.0,2.0,109.0,177.0,62402.9342497772,31525.7279110326,30877.2063387446,6816.57046321175,3762.41918739273,3054.15127581902,22337.1483709023,ra,34.0,34.0,0.0,5644.0,4135.682656478431,1508.317343521569,4750.183643678431,3239.0534436784305,1511.1301999999998,1381.892643678431,359.4527872000003,1022.4398564784308,1
31.0,2.0,14.0,178.0,62766.261417807,31611.057809806,31155.203608001,595.148026243029,595.148026243029,0.0,24222.213413882,link,0.0,0.0,0.0,0.0,0.0,0.0,1870.5829872000002,359.4527872000003,1511.1301999999998,2069.2729872,558.1427872000003,1511.1301999999998,0
32.0,2.0,13.0,179.0,24034.0,12223.0,11811.0,4986.62400523132,0.0,4986.62400523132,0.0,link,0.0,0.0,0.0,0.0,0.0,0.0,6011.8580793270585,4376.533134663529,1635.3249446635289,7676.640079327059,4376.533134663529,3300.106944663529,0
32.0,2.0,104.0,180.0,24034.0000000012,12223.0000000006,11811.0000000006,545.6198680000059,277.486546000003,268.133322000003,2270.21285318104,ra,34.0,34.0,0.0,5644.000000000002,4430.194874663531,1213.8051253364708,7136.147204663529,4376.533134663529,2759.6140699999996,1674.3022046635288,38.97726,1635.3249446635289,1
32.0,2.0,16.0,181.0,35472.0,17897.0,17575.0,5106.43524839964,5106.43524839964,0.0,35413.5690178666,link,0.0,0.0,0.0,0.0,0.0,0.0,2798.5913299999997,38.97726,2759.6140699999996,4503.37233,1743.75826,2759.6140699999996,0
33.0,2.0,14.0,182.0,25491.3919282071,13297.3329457903,12194.0589824168,2901.96451332052,0.0,2901.96451332052,0.0,link,0.0,0.0,0.0,0.0,0.0,0.0,521.2818,521.2818,0.0,1490.1018,521.2818,968.82,0
33.0,2.0,0.0,183.0,27433.9391849649,13761.9854531938,13671.9537317711,3014.56661334824,3014.56661334824,0.0,22213.6117866395,link,0.0,0.0,0.0,0.0,0.0,0.0,521.2818,521.2818,0.0,1527.6938,1527.6938,0.0,0
34.0,2.0,14.0,184.0,40290.9817282687,40289.5340857765,1.44764249220084,4807.99244961434,0.0,4807.99244961434,0.0,link,0.0,0.0,0.0,0.0,0.0,0.0,1099.6967872000002,1099.6967872000002,0.0,2704.8427872,1099.6967872000002,1605.146,0
34.0,2.0,112.0,185.0,40084.6794214896,20069.2583308031,20015.4210906865,5879.593873458731,4738.49168603675,1141.10218742198,14615.9886216738,ra,11.0,0.0,11.0,1826.0000000000002,490.9357872000002,1335.0642128,2053.804,1099.6967872000002,954.1072128,2190.705,2190.705,0.0,1
34.0,0.0,120.0,186.0,19233.9789959859,19233.9789959859,0.0,2388.18736449935,2388.18736449935,0.0,26934.1491638682,ra,18.0,18.0,0.0,2988.0,2988.0,0.0,2190.705,2190.705,0.0,0.0,0.0,0.0,1
34.0,2.0,20.0,187.0,42848.933143860995,20473.5804606555,22375.3526832055,2247.13462765847,2247.13462765847,0.0,38220.8594846279,link,0.0,0.0,0.0,0.0,0.0,0.0,954.1072128,0.0,954.1072128,1704.3122128,750.205,954.1072128,0
35.0,2.0,0.0,188.0,13637.0,6766.0,6871.0,2412.0267595,0.0,2412.0267595,0.0,link,0.0,0.0,0.0,0.0,0.0,0.0,1387.7138300000001,0.0,1387.7138300000001,2192.96783,0.0,2192.96783,0
35.0,2.0,16.0,189.0,13637.0,6766.0,6871.0,2375.167087,2375.167087,0.0,35104.4629542217,link,0.0,0.0,0.0,0.0,0.0,0.0,1387.7138300000001,0.0,1387.7138300000001,2180.66283,792.949,1387.7138300000001,0
36.0,2.0,15.0,190.0,63592.0,31158.0,32434.0,1263.515121,0.0,1263.515121,0.0,link,0.0,0.0,0.0,0.0,0.0,0.0,8594.288855199999,5022.122,3572.166855199998,9016.112855199997,5022.122,3993.9908551999974,0
36.0,0.0,121.0,191.0,31158.0,31158.0,0.0,1862.749872,1862.749872,0.0,5978.40628225615,ra,34.0,34.0,0.0,5644.0,5644.0,0.0,5022.122,5022.122,0.0,0.0,0.0,0.0,1
36.0,1.0,122.0,192.0,32434.0,0.0,32434.0,2232.999815,0.0,2232.999815,6884.76410576914,ra,0.0,0.0,0.0,0.0,0.0,0.0,2826.6808551999975,0.0,2826.6808551999975,3572.166855199998,0.0,3572.166855199998,0
36.0,2.0,17.0,193.0,63592.0,31158.0,32434.0,1496.20716,1496.20716,0.0,10780.4149902554,link,0.0,0.0,0.0,0.0,0.0,0.0,2826.6808551999975,0.0,2826.6808551999975,3326.1888551999973,499.508,2826.6808551999975,0
37.0,2.0,16.0,194.0,61280.6441162145,31014.1744637331,30266.4696524814,3075.32200703344,0.0,3075.32200703344,0.0,link,0.0,0.0,0.0,0.0,0.0,0.0,4341.06856,1878.57146,2462.4971,5367.763559999999,1878.57146,3489.1920999999998,0
37.0,0.0,117.0,195.0,31188.9181978021,31188.9181978021,0.0,476.264669971773,476.264669971773,0.0,1531.60155183027,ra,0.0,0.0,0.0,0.0,0.0,0.0,1878.57146,1878.57146,0.0,2037.5724599999999,2037.5724599999999,0.0,0
37.0,2.0,18.0,196.0,64809.525076994905,32882.2900340846,31927.2350429103,2677.02300367325,2677.02300367325,0.0,9891.28354449013,link,0.0,0.0,0.0,0.0,0.0,0.0,4500.06956,2037.5724599999999,2462.4971,5393.79256,2931.29546,2462.4971,0
38.0,2.0,17.0,197.0,73980.9084088181,36437.7364219997,37543.1719868184,8581.89596317837,0.0,8581.89596317837,0.0,link,0.0,0.0,0.0,0.0,0.0,0.0,1170.792355199998,1127.17799,43.61436519999796,4035.8553551999976,1127.17799,2908.677365199998,0
38.0,1.0,118.0,198.0,38288.3848812199,0.0,38288.3848812199,3563.20063608103,0.0,3563.20063608103,5385.57294187173,ra,18.0,0.0,18.0,2988.0,0.0,2988.0,1842.041365199998,0.0,1842.041365199998,43.61436519999796,0.0,43.61436519999796,1
38.0,0.0,119.0,199.0,38355.5663129252,38355.5663129252,0.0,2619.00122524035,2619.00122524035,0.0,7097.78606046679,ra,0.0,0.0,0.0,0.0,0.0,0.0,1127.17799,1127.17799,0.0,2001.53099,2001.53099,0.0,0
38.0,1.0,123.0,200.0,41712.9401712972,0.0,41712.9401712972,2031.11145511135,0.0,2031.11145511135,14257.7141698898,ra,20.0,0.0,20.0,3320.0,0.0,3320.0,4483.955365199997,0.0,4483.955365199997,1842.041365199998,0.0,1842.041365199998,1
38.0,0.0,124.0,201.0,40728.8663078391,40728.8663078391,0.0,2848.88985060576,2848.88985060576,0.0,14300.5054996462,ra,16.0,16.0,0.0,2656.0,2656.0,0.0,2001.53099,2001.53099,0.0,296.63199,296.63199,0.0,1
38.0,2.0,22.0,202.0,105896.4428578996,51540.438437961,54356.0044199386,8230.02197998083,8230.02197998083,0.0,31585.4341675124,link,0.0,0.0,0.0,0.0,0.0,0.0,4780.587355199997,296.63199,4483.955365199997,7528.177355199997,3044.22199,4483.955365199997,0
39.0,2.0,17.0,203.0,25562.2788538132,12328.3002896388,13233.9785641744,1988.33296352279,0.0,1988.33296352279,0.0,link,0.0,0.0,0.0,0.0,0.0,0.0,1900.6120799999999,1009.3713,891.24078,2564.41608,1009.3713,1555.0447800000002,0
39.0,2.0,24.0,204.0,21529.4529436522,10591.5844792127,10937.8684644395,1897.36879079567,1897.36879079567,0.0,17071.729881247,link,0.0,0.0,0.0,0.0,0.0,0.0,1900.6120799999999,1009.3713,891.24078,2534.04808,1642.8073,891.24078,0
40.0,2.0,18.0,205.0,25932.8384078479,12821.1458632264,13111.6925446215,1674.79594495223,0.0,1674.79594495223,0.0,link,0.0,0.0,0.0,0.0,0.0,0.0,2283.95036,1672.13436,611.816,2843.08036,1672.13436,1170.9460000000001,0
40.0,2.0,26.0,206.0,22387.8945153677,11334.7070106569,11053.1875047108,1671.62669728314,1671.62669728314,0.0,13785.5992106443,link,0.0,0.0,0.0,0.0,0.0,0.0,2283.95036,1672.13436,611.816,2842.02236,2230.20636,611.816,0
41.0,2.0,18.0,207.0,65100.0643805413,32409.6776559215,32690.3867246198,8031.94834387227,0.0,8031.94834387227,0.0,link,0.0,0.0,0.0,0.0,0.0,0.0,2649.073,2649.073,0.0,5330.536,2649.073,2681.463,0
41.0,1.0,126.0,208.0,33015.8306660751,0.0,33015.8306660751,515.744798385718,0.0,515.744798385718,1570.62189366782,ra,16.0,0.0,16.0,2655.9999999999995,0.0,2655.9999999999995,2483.8189999999995,0.0,2483.8189999999995,0.0,0.0,0.0,1
41.0,0.0,125.0,209.0,32828.8089278736,32828.8089278736,0.0,517.979810454405,517.979810454405,0.0,1588.99980042748,ra,17.0,17.0,0.0,2822.0,2822.0,0.0,2649.073,2649.073,0.0,0.0,0.0,0.0,1
41.0,2.0,25.0,210.0,107717.843361102,52411.8634929897,55305.9798681123,8019.3953752296,8019.3953752296,0.0,19664.6825171201,link,0.0,0.0,0.0,0.0,0.0,0.0,2483.8189999999995,0.0,2483.8189999999995,5161.090999999999,2677.272,2483.8189999999995,0
42.0,2.0,0.0,211.0,64323.0,34358.0,29965.0,292.1437675,0.0,292.1437675,0.0,link,0.0,0.0,0.0,0.0,0.0,0.0,2012.498136,0.0,2012.498136,2110.030136,0.0,2110.030136,0
42.0,2.0,21.0,212.0,64323.0,34358.0,29965.0,334.973321,334.973321,0.0,974.993087217836,link,0.0,0.0,0.0,0.0,0.0,0.0,2012.498136,0.0,2012.498136,2124.329136,111.831,2012.498136,0
43.0,2.0,20.0,213.0,150198.49863614672,75767.4489434685,74431.0496926782,256.538715958994,0.0,256.538715958994,0.0,link,0.0,0.0,0.0,0.0,0.0,0.0,3458.7542472,3458.7542472,0.0,3544.3992472,3458.7542472,85.645,0
43.0,2.0,127.0,214.0,143910.6207571261,71622.8655725805,72287.7551845456,14695.55070776022,7361.67405319568,7333.87665456454,10005.6920912667,ra,34.0,0.0,34.0,5644.0,163.72247305365988,5480.27752694634,6490.61977414634,3458.7542472,3031.8655269463407,5752.72377414634,5752.72377414634,0.0,1
43.0,2.0,22.0,215.0,143835.3128743358,71573.2272359724,72262.0856383634,254.135111440735,254.135111440735,0.0,10360.6755425037,link,0.0,0.0,0.0,0.0,0.0,0.0,8784.589301092681,5752.72377414634,3031.8655269463407,8869.43230109268,5837.566774146339,3031.8655269463407,0
44.0,2.0,20.0,216.0,153959.0,74263.0,79696.0,3498.6544,0.0,3498.6544,0.0,link,0.0,0.0,0.0,0.0,0.0,0.0,3808.963164,588.9606000000001,3220.0025639999994,4976.987164,588.9606000000001,4388.026564,0
44.0,2.0,21.0,217.0,153959.0,74263.0,79696.0,3260.1457,3260.1457,0.0,4390.04714603225,link,0.0,0.0,0.0,0.0,0.0,0.0,3808.963164,588.9606000000001,3220.0025639999994,4897.361164,1677.3586,3220.0025639999994,0
45.0,2.0,20.0,218.0,62196.7600253059,32348.664026557,29848.0959987489,1778.43165752251,0.0,1778.43165752251,0.0,link,0.0,0.0,0.0,0.0,0.0,0.0,764.975104,764.975104,0.0,1358.704104,764.975104,593.729,0
45.0,2.0,129.0,219.0,59803.760630072604,31496.7732925594,28306.9873375132,6019.40155695864,3144.57563370826,2874.82592325038,9849.37897275001,ra,22.0,0.0,22.0,3652.0,1743.4100600000002,1908.5899399999998,1713.806044,764.975104,948.83094,71.38004400000004,71.38004400000004,0.0,1
45.0,2.0,27.0,220.0,59265.8366310976,31619.7156039958,27646.1210271018,2008.7677610147,2008.7677610147,0.0,16227.5537304541,link,0.0,0.0,0.0,0.0,0.0,0.0,1020.210984,71.38004400000004,948.83094,1690.836984,742.006044,948.83094,0
46.0,2.0,21.0,221.0,122056.3633115633,58092.1447118619,63964.2185997014,6279.26064472807,0.0,6279.26064472807,0.0,link,0.0,0.0,0.0,0.0,0.0,0.0,3784.7489399999995,1218.88342,2565.86552,5881.07794,1218.88342,4662.19452,0
46.0,2.0,23.0,222.0,131872.7061463396,62497.919354533,69374.7867918066,5678.0443937591,5678.0443937591,0.0,9404.55520736285,link,0.0,0.0,0.0,0.0,0.0,0.0,3784.7489399999995,1218.88342,2565.86552,5680.361939999999,3114.4964199999995,2565.86552,0
47.0,2.0,22.0,223.0,38579.2955378498,18952.692150841,19626.6033870088,1763.21916642734,0.0,1763.21916642734,0.0,link,0.0,0.0,0.0,0.0,0.0,0.0,2765.610988487803,2360.114430243902,405.4965582439007,3354.260988487803,2360.114430243902,994.1465582439007,0
47.0,2.0,128.0,224.0,35162.6248298969,17399.4597199651,17763.1651099318,7435.63799543393,3663.38542984375,3772.25256559018,19815.1127809066,ra,34.0,0.0,34.0,5644.000000000002,3583.134430243902,2060.8655697560994,3567.111558243902,2360.114430243902,1206.997128,405.4965582439007,0.0,405.4965582439007,1
47.0,2.0,28.0,225.0,35062.119983040204,16961.1414488018,18100.9785342384,1675.65153554322,1675.65153554322,0.0,29618.3313222541,link,0.0,0.0,0.0,0.0,0.0,0.0,1206.997128,0.0,1206.997128,1766.4131280000001,559.416,1206.997128,0
48.0,2.0,24.0,226.0,16009.99993438885,7856.99996682075,8152.9999675681,2252.38793848172,0.0,2252.38793848172,0.0,link,0.0,0.0,0.0,0.0,0.0,0.0,1000.6304400000001,1000.6304400000001,0.0,1752.5894400000002,1000.6304400000001,751.959,0
48.0,2.0,0.0,227.0,10228.9496360124,5180.36917753558,5048.58045847682,2203.40390841478,2203.40390841478,0.0,34790.8303429051,link,0.0,0.0,0.0,0.0,0.0,0.0,1000.6304400000001,1000.6304400000001,0.0,1736.2364400000001,1736.2364400000001,0.0,0
50.0,2.0,23.0,230.0,167288.29083468,89420.7692084569,77867.5216262231,2077.52908786604,0.0,2077.52908786604,0.0,link,0.0,0.0,0.0,0.0,0.0,0.0,5199.173266666667,3141.8656666666666,2057.3075999999996,5892.755266666667,3141.8656666666666,2750.8896,0
50.0,2.0,25.0,231.0,167733.1420677742,89424.5683491475,78308.5737186267,2379.09007339684,2379.09007339684,0.0,2660.51340881896,link,0.0,0.0,0.0,0.0,0.0,0.0,5199.173266666667,3141.8656666666666,2057.3075999999996,5993.4312666666665,3936.1236666666664,2057.3075999999996,0
51.0,2.0,23.0,232.0,68004.42841151671,33685.4721908872,34318.9562206295,2606.49863917702,0.0,2606.49863917702,0.0,link,0.0,0.0,0.0,0.0,0.0,0.0,2491.3977786666665,1759.6158059999998,731.7819726666667,3361.5767786666665,1759.6158059999998,1601.9609726666667,0
51.0,0.0,130.0,233.0,33100.9959033154,33100.9959033154,0.0,783.162954686691,783.162954686691,0.0,2344.99727996629,ra,7.0,7.0,0.0,1162.0,1162.0,0.0,1759.6158059999998,1759.6158059999998,0.0,859.0748059999999,859.0748059999999,0.0,1
51.0,2.0,27.0,234.0,64426.2356563276,31754.4889250316,32671.746731296,1762.79400434887,1762.79400434887,0.0,7784.58868214326,link,0.0,0.0,0.0,0.0,0.0,0.0,1590.8567786666665,859.0748059999999,731.7819726666667,2179.364778666666,1447.5828059999997,731.7819726666667,0
53.0,2.0,24.0,237.0,26623.0,13216.0,13407.0,1301.2096815,0.0,1301.2096815,0.0,link,0.0,0.0,0.0,0.0,0.0,0.0,1786.02468,1361.6638799999998,424.36080000000004,2220.43268,1361.6638799999998,858.7688,0
53.0,2.0,28.0,238.0,26623.0,13216.0,13407.0,1282.672272,1282.672272,0.0,9705.48649135397,link,0.0,0.0,0.0,0.0,0.0,0.0,1786.02468,1361.6638799999998,424.36080000000004,2214.24468,1789.8838799999999,424.36080000000004,0
54.0,2.0,25.0,239.0,63790.743083652196,33602.5555376766,30188.1875459756,914.669079332492,0.0,914.669079332492,0.0,link,0.0,0.0,0.0,0.0,0.0,0.0,2377.631066666667,2377.631066666667,0.0,2682.993066666667,2377.631066666667,305.362,0
54.0,2.0,131.0,240.0,33762.4415586177,17029.2127372484,16733.2288213693,7185.4180023402205,3714.28097177565,3471.13703056457,14118.0595783865,ra,31.0,0.0,31.0,5146.0,2140.5370199999998,3005.46298,4224.256046666667,2377.631066666667,1846.6249800000003,1477.1050466666666,1477.1050466666666,0.0,1
54.0,2.0,26.0,241.0,32484.7744574449,16371.3543459377,16113.4201115072,929.571492526024,929.571492526024,0.0,19751.6727385701,link,0.0,0.0,0.0,0.0,0.0,0.0,3323.730026666667,1477.1050466666666,1846.6249800000003,3634.0670266666666,1787.4420466666666,1846.6249800000003,0
55.0,2.0,26.0,242.0,35611.1999360093,17306.4999689679,18304.6999670414,3651.95402706089,0.0,3651.95402706089,0.0,link,0.0,0.0,0.0,0.0,0.0,0.0,2778.4104266666673,2778.4104266666673,0.0,3997.6134266666672,2778.4104266666673,1219.203,0
55.0,2.0,132.0,243.0,34335.6700861098,16687.9002306099,17647.7698554999,3806.71617873812,1850.01487529755,1956.70130344057,10714.2329169781,ra,25.0,25.0,0.0,4049.2814266666674,3396.037426666667,653.244,2778.4104266666673,2778.4104266666673,0.0,0.0,0.0,0.0,1
55.0,2.0,0.0,244.0,9015.00027880696,4116.00014201232,4899.00013679464,3382.27393180499,3382.27393180499,0.0,47911.3668726574,link,0.0,0.0,0.0,0.0,0.0,0.0,0.0,0.0,0.0,1129.171,1129.171,0.0,0
56.0,2.0,27.0,245.0,67553.5172847849,34432.267085203,33121.2501995819,2367.02370971695,0.0,2367.02370971695,0.0,link,0.0,0.0,0.0,0.0,0.0,0.0,1299.2059373333332,1299.2059373333332,0.0,2089.435937333333,1299.2059373333332,790.23,0
56.0,1.0,134.0,246.0,28345.0537807391,0.0,28345.0537807391,1429.46120190489,0.0,1429.46120190489,14670.9425066938,ra,18.0,0.0,18.0,2984.9095905999993,0.0,2984.9095905999993,2507.6845905999994,0.0,2507.6845905999994,0.0,0.0,0.0,1
56.0,0.0,133.0,247.0,28758.648000424,28758.648000424,0.0,4635.2223561875,4635.2223561875,0.0,14715.488271793,ra,0.0,0.0,0.0,0.0,0.0,0.0,1299.2059373333332,1299.2059373333332,0.0,2846.672937333333,2846.672937333333,0.0,0
56.0,2.0,135.0,248.0,47006.1040822862,24072.8864014428,22933.2176808434,5972.33806438385,1468.70673835056,4503.63132603329,20490.1826432686,ra,0.0,0.0,0.0,0.0,0.0,0.0,3850.8215279333326,2846.672937333333,1004.1485905999998,5844.684527933332,3336.999937333333,2507.6845905999994,0
56.0,2.0,29.0,249.0,45237.3265637856,23422.054813021,21815.2717507646,2510.31569035993,2510.31569035993,0.0,31051.5111500156,link,0.0,0.0,0.0,0.0,0.0,0.0,4341.148527933333,3336.999937333333,1004.1485905999998,5179.216527933333,4175.067937333333,1004.1485905999998,0
57.0,2.0,28.0,250.0,21608.0,10785.0,10823.0,664.304917,0.0,664.304917,0.0,link,0.0,0.0,0.0,0.0,0.0,0.0,939.719952,939.719952,0.0,1161.497952,939.719952,221.778,0
57.0,2.0,0.0,251.0,21608.0,10785.0,10823.0,661.972515,661.972515,0.0,6137.90628624439,link,0.0,0.0,0.0,0.0,0.0,0.0,939.719952,939.719952,0.0,1160.7189520000002,1160.7189520000002,0.0,0
59.0,2.0,29.0,254.0,41763.642422810604,21836.3114479028,19927.3309749078,64.1922987606669,0.0,64.1922987606669,0.0,link,0.0,0.0,0.0,0.0,0.0,0.0,4289.173346733332,3030.9103467333325,1258.263,4310.604346733333,3030.9103467333325,1279.694,0
59.0,0.0,137.0,255.0,11226.9471972143,11226.9471972143,0.0,4281.44265472418,4281.44265472418,0.0,25939.71611319,ra,27.0,27.0,0.0,4460.2683467333345,4460.2683467333345,0.0,3030.9103467333325,3030.9103467333325,0.0,0.0,0.0,0.0,1
59.0,1.0,138.0,256.0,8142.41876965786,0.0,8142.41876965786,3768.95103150065,0.0,3768.95103150065,26235.4919576393,ra,0.0,0.0,0.0,0.0,0.0,0.0,0.0,0.0,0.0,1258.263,0.0,1258.263,0
59.0,2.0,0.0,257.0,19030.16772086208,11064.8956674036,7965.27205345848,121.795390046012,121.795390046012,0.0,27032.7504548799,link,0.0,0.0,0.0,0.0,0.0,0.0,0.0,0.0,0.0,40.661,40.661,0.0,0
60.0,2.0,29.0,258.0,15204.99963875321,7325.99983936264,7878.99979939057,589.761879951074,0.0,589.761879951074,0.0,link,0.0,0.0,0.0,0.0,0.0,0.0,1656.2621623999999,1636.4285812,19.833581199999855,1853.1541624,1636.4285812,216.72558119999985,0
60.0,2.0,136.0,259.0,13825.298552554461,6712.48148642337,7112.81706613109,1621.703087201606,781.773481624616,839.92960557699,10738.6315701673,ra,13.0,0.0,13.0,2158.0,1897.4235812,260.57641880000017,1636.4285812,1636.4285812,0.0,19.833581199999855,0.0,19.833581199999855,1
60.0,2.0,0.0,260.0,9900.0011340695,4967.00050429217,4933.00062977733,588.144298822839,588.144298822839,0.0,22135.2935483001,link,0.0,0.0,0.0,0.0,0.0,0.0,0.0,0.0,0.0,196.352,196.352,0.0,0
