Time of calculation: 20220104-210137; value of objective: 24967048.106635544;  acc=2500;  cfix=7000;  cvar=17750;  eta=0.33490000000000003;  mu=0.18;  i=
segment_id,dir,type_ID,POI_ID,traffic_flow,traffic_flow_0,traffic_flow_1,energy_demand,energy_demand_0,energy_demand_1,dist_along_segment,pois_type,pYi_dir,pYi_dir_0,pYi_dir_1,pE_charged,pE_charged_0,pE_charged_1,pE_input,pE_input_0,pE_input_1,pE_output,pE_output_0,pE_output_1,pXi
0.0,2.0,0.0,0.0,26540.63611205301,13243.023903864512,13297.612208188497,4423.921231438179,0.0,4423.921231438179,0.0,link,0.0,0.0,0.0,0.0,0.0,0.0,0.0,0.0,0.0,414.02507754319623,0.0,414.02507754319623,0
0.0,2.0,1.0,1.0,26594.77697992819,13269.441574912722,13325.335405015468,810.0039769207759,31.774775427221,778.2292014935549,239.71582410116363,ra,19.0,0.0,19.0,779.0000000000008,0.0,779.0000000000008,706.1672372453163,0.0,706.1672372453163,2.9737314866015505,2.9737314866015505,0.0,1
0.0,2.0,0.0,2.0,45891.071384772644,24132.535484801192,21758.535899971448,10453.078391900737,5371.86342144895,5081.214970451788,24427.46216029796,ra,0.0,0.0,0.0,0.0,0.0,0.0,233.60121291419514,2.9737314866015505,230.6274814275936,1211.8818751051151,505.71463785979876,706.1672372453163,0
0.0,1.0,2.0,3.0,5594.606273434111,0.0,5594.606273434111,2065.9854049899545,0.0,2065.9854049899545,68504.60131061138,ra,0.0,0.0,0.0,0.0,0.0,0.0,37.27644221254775,0.0,37.27644221254775,230.6274814275936,0.0,230.6274814275936,0
0.0,0.0,3.0,4.0,4553.083889317481,4553.083889317481,0.0,7187.448325138304,7187.448325138304,0.0,79329.13749040988,ra,0.0,0.0,0.0,0.0,0.0,0.0,505.71463785979876,505.71463785979876,0.0,1178.3721501604189,1178.3721501604189,0.0,0
0.0,2.0,4.0,5.0,7895.539602766943,4645.32330643337,3250.2162963335736,2342.9750495919843,1038.6617908113935,1304.3132587805906,104473.7124161702,ra,67.0,67.0,0.0,2672.9536559653634,1220.5864525815423,1452.367203383821,2545.9479808351152,1178.3721501604189,1367.5758306746966,92.26821693083174,54.99177471828399,37.27644221254775,1
0.0,2.0,5.0,6.0,19815.36822147169,9562.72950758806,10252.63871388363,7959.026265117185,2076.9550358924675,5882.071229224718,133409.21035475997,ra,0.0,0.0,0.0,0.0,0.0,0.0,872.0774701961873,54.99177471828399,817.0856954779033,1616.9452682858528,249.3694376111563,1367.5758306746966,0
0.0,2.0,6.0,7.0,38420.41317046725,19234.66349454688,19185.749675920368,10291.73164091456,4957.101208651553,5334.630432263007,173065.41379977632,ra,27.0,27.0,0.0,1107.0,629.4166426336258,477.5833573663741,1044.7821378137378,249.3694376111563,795.4127002025815,900.9627117359796,83.87701625807625,817.0856954779033,1
0.0,1.0,7.0,8.0,21229.45737990749,0.0,21229.45737990749,31.90719068892483,0.0,31.90719068892483,176940.22069628988,ra,0.0,0.0,0.0,0.0,0.0,0.0,792.4265762622886,0.0,792.4265762622886,795.4127002025815,0.0,795.4127002025815,0
0.0,2.0,0.0,9.0,50605.7308716768,25638.902393873523,24966.82847780328,5210.178551742356,5210.178551742356,0.0,194059.96494613093,link,0.0,0.0,0.0,0.0,0.0,0.0,876.3035925203649,83.87701625807625,792.4265762622886,1363.9127668360109,571.4861905737223,792.4265762622886,0
1.0,2.0,0.0,10.0,41635.269674683135,21021.62675530025,20613.64291938288,39.776186500955454,0.0,39.776186500955454,0.0,link,0.0,0.0,0.0,0.0,0.0,0.0,890.6316218338252,882.1413780570994,8.490243776725862,894.3541878197203,882.1413780570994,12.212809762620912,0
1.0,2.0,8.0,11.0,39859.943598360216,20128.71002741653,19731.23357094369,2276.328443367862,1715.7273142405495,560.6011291273123,8218.215919324155,ra,37.0,0.0,37.0,1517.0000000000002,1042.7049168517356,474.29508314826467,1312.4612758265432,882.1413780570994,430.3198977694438,8.49785830040808,0.007614523682217568,8.490243776725862,1
1.0,0.0,9.0,12.0,15021.9786197919,15021.9786197919,0.0,1426.8426564048834,1426.8426564048834,0.0,16747.064047816148,ra,0.0,0.0,0.0,0.0,0.0,0.0,0.007614523682217568,0.007614523682217568,0.0,133.54268681698443,133.54268681698443,0.0,0
1.0,2.0,10.0,13.0,29629.27020666332,14994.151703987822,14635.1185026755,191.32891529796464,24.711112058686385,166.61780323927826,16911.740762175257,ra,0.0,0.0,0.0,0.0,0.0,0.0,548.2691901073423,133.54268681698443,414.72650329035787,566.1752433231097,135.85534555366593,430.3198977694438,0
1.0,2.0,14.0,14.0,23126.81664543996,11846.335117703364,11280.481527736596,2715.588968665061,1386.7595429137232,1328.829425751338,27721.26496153286,ra,0.0,0.0,0.0,0.0,0.0,0.0,426.2196196685456,135.85534555366593,290.36427411487966,680.3656305281224,265.63912723776457,414.72650329035787,0
1.0,1.0,13.0,15.0,11337.261932088282,0.0,11337.261932088282,1420.2485369302626,0.0,1420.2485369302626,29194.630965596883,ra,0.0,0.0,0.0,0.0,0.0,0.0,157.4463309891149,0.0,157.4463309891149,290.36427411487966,0.0,290.36427411487966,0
1.0,0.0,12.0,16.0,11885.52653584708,11885.52653584708,0.0,208.50481099773148,208.50481099773148,0.0,29478.47368022978,ra,0.0,0.0,0.0,0.0,0.0,0.0,265.63912723776457,265.63912723776457,0.0,285.1526348309821,285.1526348309821,0.0,0
1.0,0.0,15.0,17.0,11960.17018283512,11960.17018283512,0.0,465.471180470787,465.471180470787,0.0,33381.72336961185,ra,0.0,0.0,0.0,0.0,0.0,0.0,285.1526348309821,285.1526348309821,0.0,328.71506090200194,328.71506090200194,0.0,0
1.0,2.0,16.0,18.0,23460.93532657191,11970.385389125157,11490.549937446756,1768.6682817168698,86.33017164884411,1682.3381100680258,34103.26049306036,ra,9.0,9.0,0.0,336.7945121718905,336.7945121718905,0.0,328.71506090200194,328.71506090200194,0.0,157.4463309891149,0.0,157.4463309891149,1
1.0,2.0,0.0,19.0,23472.95328481904,11974.880939958675,11498.072344860364,41.43137038083431,41.43137038083431,0.0,34449.34645750041,link,0.0,0.0,0.0,0.0,0.0,0.0,0.0,0.0,0.0,3.8774710120842975,3.8774710120842975,0.0,0
2.0,2.0,0.0,20.0,68929.16895257494,33758.81379308793,35170.35515948701,2037.3044909279515,0.0,2037.3044909279515,0.0,link,0.0,0.0,0.0,0.0,0.0,0.0,1618.6077168636853,359.202809151615,1259.4049077120703,1809.2745722862746,359.202809151615,1450.0717631346597,0
2.0,1.0,11.0,21.0,34398.2821383792,0.0,34398.2821383792,0.1779942533838276,0.0,0.1779942533838276,2598.411645460739,ra,0.0,0.0,0.0,0.0,0.0,0.0,1259.3882496205938,0.0,1259.3882496205938,1259.4049077120703,0.0,1259.4049077120703,0
2.0,0.0,17.0,22.0,24285.97411997901,24285.97411997901,0.0,5629.753466227842,5629.753466227842,0.0,19826.030918871555,ra,0.0,0.0,0.0,0.0,0.0,0.0,359.202809151615,359.202809151615,0.0,886.0790787470205,886.0790787470205,0.0,0
2.0,1.0,18.0,23.0,24186.0911430872,0.0,24186.0911430872,4128.069297151063,0.0,4128.069297151063,19924.554475399083,ra,0.0,0.0,0.0,0.0,0.0,0.0,873.051305212333,0.0,873.051305212333,1259.3882496205938,0.0,1259.3882496205938,0
2.0,0.0,19.0,24.0,24395.8043620461,24395.8043620461,0.0,1107.9496170791724,1107.9496170791724,0.0,24376.283905318956,ra,0.0,0.0,0.0,0.0,0.0,0.0,886.0790787470205,886.0790787470205,0.0,989.7696514600508,989.7696514600508,0.0,0
2.0,0.0,20.0,25.0,18382.744960495544,18382.744960495544,0.0,3193.5958308596214,3193.5958308596214,0.0,38424.04808590371,ra,0.0,0.0,0.0,0.0,0.0,0.0,989.7696514600508,989.7696514600508,0.0,1288.651275327354,1288.651275327354,0.0,0
2.0,1.0,21.0,26.0,18491.613365488807,0.0,18491.613365488807,4453.992496188428,0.0,4453.992496188428,38987.68062551749,ra,0.0,0.0,0.0,0.0,0.0,0.0,456.21192400758713,0.0,456.21192400758713,873.051305212333,0.0,873.051305212333,0
2.0,2.0,22.0,27.0,37060.49951410931,18323.84940673533,18736.65010737398,9037.685965220891,4162.991831646682,4874.69413357421,60686.533174562566,ra,43.0,0.0,43.0,1763.0,1678.2565430840964,84.74345691590366,1373.3947322432575,1288.651275327354,84.74345691590366,456.21192400758713,0.0,456.21192400758713,1
2.0,2.0,23.0,28.0,37058.90292655935,18323.112740357166,18735.790186202183,905.6708621966342,0.1740732089699103,905.4967889876642,60687.52230976862,ra,1.0,1.0,0.0,0.016291129536800213,0.016291129536800213,0.0,0.0,0.0,0.0,84.74345691590366,0.0,84.74345691590366,1
2.0,2.0,0.0,29.0,23931.60016336258,12393.941571693274,11537.658591669302,2066.8759536088314,2066.8759536088314,0.0,74788.45855603463,link,0.0,0.0,0.0,0.0,0.0,0.0,0.0,0.0,0.0,193.43438370553235,193.43438370553235,0.0,0
3.0,2.0,0.0,30.0,27844.0,14880.0,12964.0,276.638796,0.0,276.638796,0.0,link,0.0,0.0,0.0,0.0,0.0,0.0,0.0,0.0,0.0,25.89001769548278,0.0,25.89001769548278,0
3.0,0.0,24.0,31.0,14880.0,14880.0,0.0,43.31568,43.31568,0.0,291.13911748382634,ra,0.0,0.0,0.0,0.0,0.0,0.0,0.0,0.0,0.0,4.0538194132824,4.0538194132824,0.0,0
3.0,1.0,25.0,32.0,12963.999999999998,0.0,12963.999999999998,50.78647,0.0,50.78647,391.7896627176565,ra,8.0,0.0,8.0,326.0996487909707,0.0,326.0996487909707,321.34665454382616,0.0,321.34665454382616,0.0,0.0,0.0,1
3.0,2.0,1.0,33.0,27844.0,14880.000000000002,12964.0,332.50104000000005,332.50104000000005,0.0,2525.7146416492456,link,0.0,0.0,0.0,0.0,0.0,0.0,325.40047395710855,4.0538194132824,321.34665454382616,356.51851645092574,35.171861907099604,321.34665454382616,0
4.0,2.0,1.0,34.0,59761.3086274698,30037.341974575906,29723.966652893894,2541.480423000085,0.0,2541.480423000085,0.0,link,0.0,0.0,0.0,0.0,0.0,0.0,656.9807809030477,522.4923817864203,134.48839911662742,894.8323551420972,522.4923817864203,372.3399733556769,0
4.0,1.0,29.0,35.0,19741.19620746718,0.0,19741.19620746718,941.1307808897812,0.0,941.1307808897812,27421.918402146952,ra,10.0,0.0,10.0,410.0,0.0,410.0,456.41003511521683,0.0,456.41003511521683,134.48839911662742,0.0,134.48839911662742,1
4.0,0.0,28.0,36.0,20188.77400206591,20188.77400206591,0.0,6913.407817081132,6913.407817081132,0.0,27456.275537656256,ra,0.0,0.0,0.0,0.0,0.0,0.0,522.4923817864203,522.4923817864203,0.0,1169.503044456885,1169.503044456885,0.0,0
4.0,2.0,31.0,37.0,24242.046721440067,16011.081415437498,8230.965306002568,10336.618270691582,5459.807289653861,4876.810981037721,57952.436449648114,ra,0.0,0.0,-0.0,0.0,0.0,0.0,1169.503044456885,1169.503044456885,0.0,2136.884459533806,1680.474424418589,456.41003511521683,0
4.0,2.0,30.0,38.0,24222.436414627213,16010.688472387346,8211.747942239866,2097.1816748164333,3.698514594089785,2093.4831602223435,57975.56024030675,ra,55.0,55.0,0.0,2246.014170948436,1680.8205602812104,565.1936106672258,2049.7435413161425,1680.474424418589,369.26911689755343,0.0,0.0,0.0,1
4.0,2.0,35.0,39.0,21337.90578167672,10925.606078379402,10412.299703297318,4724.821457700606,2596.3850909026173,2128.436366797988,78476.45534742385,ra,0.0,0.0,-0.0,0.0,0.0,0.0,170.07342924675484,0.0,170.07342924675484,612.2590984898549,242.9899815923014,369.26911689755343,0
4.0,0.0,40.0,40.0,10876.999998084551,10876.999998084551,0.0,1976.660743966538,1976.660743966538,0.0,96645.26673532616,ra,0.0,-0.0,0.0,0.0,0.0,0.0,242.9899815923014,242.9899815923014,0.0,427.9813218497967,427.9813218497967,0.0,0
4.0,1.0,41.0,41.0,10239.998724530997,0.0,10239.998724530997,1817.260584824645,0.0,1817.260584824645,99246.70723666706,ra,0.0,0.0,-0.0,0.0,0.0,0.0,0.0,0.0,0.0,170.07342924675484,0.0,170.07342924675484,0
4.0,2.0,42.0,42.0,15349.448623427987,7293.1561007636,8056.292522664386,2244.8438549829234,2242.944719983224,1.8991349996993472,124531.18468963404,ra,43.0,43.0,0.0,1743.2836383496444,394.8570785922838,1348.4265597573606,1776.2301457311369,427.9813218497967,1348.24882388134,243.0365163370825,243.0365163370825,0.0,1
4.0,2.0,45.0,43.0,29499.999782114108,14928.999812810407,14570.9999693037,9965.395457829238,4949.374190304771,5016.021267524467,160563.71538932095,ra,0.0,-0.0,0.0,0.0,0.0,0.0,1121.8469199574902,243.0365163370825,878.8104036204076,2054.486406812698,706.2375829313582,1348.24882388134,0
4.0,2.0,49.0,44.0,29501.249670962527,14929.610924790286,14571.63874617224,7771.3951170941245,964.2534476850196,6807.141669409105,167022.61670697512,ra,0.0,0.0,-0.0,0.0,0.0,0.0,947.9825393877321,706.2375829313582,241.74495645637387,1675.2903501842893,796.4799465638816,878.8104036204076,0
4.0,2.0,2.0,45.0,37135.97924873808,18661.98985536135,18473.98939337673,2580.116572311374,2580.116572311374,0.0,182066.4548482201,link,0.0,0.0,0.0,0.0,0.0,0.0,1038.2249030202556,796.4799465638816,241.74495645637387,1279.6923496670006,1037.9473932106268,241.74495645637387,0
5.0,2.0,1.0,46.0,68793.7826224039,33913.44536880647,34880.33725359744,3843.82209257494,0.0,3843.82209257494,0.0,link,0.0,0.0,0.0,0.0,0.0,0.0,652.6340150377767,288.02084321245115,364.6131718253256,1012.3688874923722,288.02084321245115,724.348044279921,0
5.0,1.0,26.0,47.0,36003.524001333615,0.0,36003.524001333615,3895.947466930393,0.0,3895.947466930393,10624.424038435742,ra,0.0,0.0,0.0,0.0,0.0,0.0,0.0,0.0,0.0,364.6131718253256,0.0,364.6131718253256,0
5.0,0.0,27.0,48.0,32653.80091590929,32653.80091590929,0.0,4178.141771103933,4178.141771103933,0.0,12028.538687185455,ra,0.0,-0.0,0.0,0.0,0.0,0.0,288.02084321245115,288.02084321245115,0.0,679.0439605488807,679.0439605488807,0.0,0
5.0,2.0,32.0,49.0,33127.66797826424,16315.8916479239,16811.776330340337,9152.204545843142,5870.836452837575,3281.368093005566,39273.39357565199,ra,84.0,0.0,84.0,3444.0,1223.5944031074598,2220.40559689254,2592.3535202199937,679.0439605488807,1913.3095596711132,4.8882545764755605,4.8882545764755605,0.0,1
5.0,1.0,36.0,50.0,15728.354223345885,0.0,15728.354223345885,1275.7622080104995,0.0,1275.7622080104995,47330.36386477938,ra,0.0,0.0,-0.0,0.0,0.0,0.0,1793.913774921457,0.0,1793.913774921457,1913.3095596711132,0.0,1913.3095596711132,0
5.0,0.0,39.0,51.0,16181.036957810447,16181.036957810447,0.0,2402.71193975453,2402.71193975453,0.0,54808.46507060479,ra,0.0,-0.0,0.0,0.0,0.0,0.0,4.8882545764755605,4.8882545764755605,0.0,229.75279106539423,229.75279106539423,0.0,0
5.0,1.0,43.0,52.0,15425.054197747386,0.0,15425.054197747386,6550.9163885109065,0.0,6550.9163885109065,67696.58292643339,ra,2.0,0.0,2.0,82.0,0.0,82.0,1262.827889382194,0.0,1262.827889382194,1793.913774921457,0.0,1793.913774921457,1
5.0,0.0,44.0,53.0,16743.940970134765,16743.940970134765,0.0,2188.52376611744,2188.52376611744,0.0,67916.71774036821,ra,0.0,-0.0,0.0,0.0,0.0,0.0,229.75279106539423,229.75279106539423,0.0,434.571926526659,434.571926526659,0.0,0
5.0,1.0,50.0,54.0,23926.865751230227,0.0,23926.865751230227,3865.032082238866,0.0,3865.032082238866,86150.64463711552,ra,1.0,0.0,1.0,20.343415298351687,0.0,20.343415298351687,921.4514358492308,0.0,921.4514358492308,1262.827889382194,0.0,1262.827889382194,1
5.0,0.0,51.0,55.0,23976.591723992253,23976.591723992253,0.0,3863.210440192499,3863.210440192499,0.0,86198.21188888987,ra,0.0,0.0,0.0,0.0,0.0,0.0,434.571926526659,434.571926526659,0.0,796.1213118773587,796.1213118773587,0.0,0
5.0,2.0,4.0,56.0,48295.998738473485,24204.99925545633,24090.99948301716,3849.659028767285,3849.659028767285,0.0,102115.05106186114,link,0.0,0.0,0.0,0.0,0.0,0.0,1717.5727477265896,796.1213118773587,921.4514358492308,2077.8538862273517,1156.4024503781206,921.4514358492308,0
6.0,2.0,0.0,57.0,17593.52882743976,9370.089853693322,8223.438973746437,3280.588971659345,0.0,3280.588971659345,0.0,link,0.0,0.0,0.0,0.0,0.0,0.0,0.0,0.0,0.0,307.0231209648053,0.0,307.0231209648053,0
6.0,0.0,34.0,58.0,9440.700126436834,9440.700126436834,0.0,115.62791616056612,115.62791616056612,0.0,1229.5619294335402,ra,0.0,-0.0,0.0,0.0,0.0,0.0,0.0,0.0,0.0,10.821362870191411,10.821362870191411,0.0,0
6.0,0.0,33.0,59.0,9685.754071387502,9685.754071387502,0.0,302.82244713524466,302.82244713524466,0.0,4398.318016945725,ra,0.0,0.0,0.0,0.0,0.0,0.0,10.821362870191411,10.821362870191411,0.0,39.1618510023075,39.1618510023075,0.0,0
6.0,1.0,38.0,60.0,13533.136089729269,0.0,13533.136089729269,3267.2679643300085,0.0,3267.2679643300085,19100.037855584003,ra,26.0,0.0,26.0,1066.0,0.0,1066.0,760.223562871536,0.0,760.223562871536,0.0,0.0,0.0,1
6.0,0.0,37.0,61.0,14150.210375121094,14150.210375121094,0.0,1803.67381185194,1803.67381185194,0.0,19123.313502380493,ra,0.0,-0.0,0.0,0.0,0.0,0.0,39.1618510023075,39.1618510023075,0.0,207.96372398951354,207.96372398951354,0.0,0
6.0,2.0,48.0,62.0,30972.88424037613,15986.27621540026,14986.608024975872,5468.198643546355,3421.909443445684,2046.2892001006717,42213.94659999393,ra,17.0,17.0,0.0,692.8859081674361,528.2127177103667,164.67319045706938,941.3527626854914,207.96372398951354,733.3890386959778,760.223562871536,0.0,760.223562871536,1
6.0,2.0,3.0,63.0,43852.38298306345,22912.25382809093,20940.12915497252,3553.9006048965416,3553.9006048965416,0.0,60876.22424217983,link,0.0,0.0,0.0,0.0,0.0,0.0,733.3890386959778,0.0,733.3890386959778,1065.9907954964174,332.60175680043955,733.3890386959778,0
7.0,2.0,0.0,64.0,11819.728833092571,5668.999528653672,6150.729304438899,2312.6327385691666,0.0,2312.6327385691666,0.0,link,0.0,0.0,0.0,0.0,0.0,0.0,0.0,0.0,0.0,216.43422177382715,0.0,216.43422177382715,0
7.0,2.0,46.0,65.0,16750.439961073742,8281.792263693602,8468.64769738014,443.91171562073237,439.3743632250341,4.537352395698317,6667.955447556553,ra,14.0,0.0,14.0,573.9999999999999,41.12008222750366,532.8799177724962,532.4552769212714,0.0,532.4552769212714,0.0,0.0,0.0,1
7.0,2.0,47.0,66.0,16803.00194301874,8309.644744099518,8493.35719891922,469.008092957891,4.438227533612364,464.56986542427865,6721.474926778252,ra,0.0,-0.0,0.0,0.0,0.0,0.0,488.9772029470678,0.0,488.9772029470678,532.8706408942328,0.4153639729613449,532.4552769212714,0
7.0,2.0,2.0,67.0,31479.264687684805,14962.675134733858,16516.589552950947,2176.386974618303,2176.386974618303,0.0,25294.541879356693,link,0.0,0.0,0.0,0.0,0.0,0.0,489.39256692002914,0.4153639729613449,488.9772029470678,693.0758467051468,204.09864375807902,488.9772029470678,0
8.0,2.0,2.0,68.0,14782.369584642798,7482.847541600488,7299.522043042311,571.5351732524385,0.0,571.5351732524385,0.0,link,0.0,0.0,0.0,0.0,0.0,0.0,430.8499725681851,430.8499725681851,0.0,484.3386949131755,430.8499725681851,53.48872234499043,0
8.0,2.0,52.0,69.0,9208.206367128356,4168.183876582084,5040.022490546272,1091.488655298786,530.5477835235342,560.9408717752517,9055.824498122218,ra,13.0,0.0,13.0,533.0000000000001,480.50277507576783,52.497224924232256,430.8499725681851,430.8499725681851,0.0,0.0,0.0,0.0,1
8.0,2.0,0.0,70.0,9708.89067456805,5120.673657931851,4588.2170166362,557.603815055505,557.603815055505,0.0,21173.685305885127,link,0.0,0.0,0.0,0.0,0.0,0.0,0.0,0.0,0.0,52.18491711067067,52.18491711067067,0.0,0
9.0,2.0,2.0,71.0,31818.423136170015,16104.883545196824,15713.539590973189,3261.4825971182563,0.0,3261.4825971182563,0.0,link,0.0,0.0,0.0,0.0,0.0,0.0,439.19762465206657,439.19762465206657,0.0,744.4326219620634,439.19762465206657,305.2349973099969,0
9.0,2.0,55.0,72.0,36693.05587768159,18116.80864806472,18576.24722961687,5325.486521774037,2708.000893980142,2617.485627793895,15445.371783397328,ra,27.0,0.0,27.0,1104.8694672419401,692.6334842577056,412.2359829842346,606.4688731120235,439.19762465206657,167.27124845995698,0.0,0.0,0.0,1
9.0,2.0,7.0,73.0,31601.85426430268,15291.911788888328,16309.942475414353,3142.329967824336,3142.329967824336,0.0,33157.12684688381,link,0.0,0.0,0.0,0.0,0.0,0.0,167.27124845995698,0.0,167.27124845995698,461.35501273435716,294.0837642744002,167.27124845995698,0
10.0,2.0,3.0,74.0,31606.669563938915,16070.547455207432,15536.122108731484,43.81406893215462,0.0,43.81406893215462,0.0,link,0.0,0.0,0.0,0.0,0.0,0.0,699.7453879347295,669.9594108405053,29.78597709422421,703.8458504742085,669.9594108405053,33.886439633703255,0
10.0,2.0,53.0,75.0,20482.292071415013,10386.965680851748,10095.326390563265,3859.9783717818373,1960.6175793947991,1899.3607923870384,14793.406531478646,ra,36.0,36.0,0.0,1435.3152713553625,853.4493065404778,581.8659648148847,1103.8543452870508,669.9594108405053,433.89493444654545,29.78597709422421,0.0,29.78597709422421,1
10.0,2.0,4.0,76.0,20473.61899569675,10382.534499411437,10091.084496285315,45.07964033000498,45.07964033000498,0.0,15227.535521101405,link,0.0,0.0,0.0,0.0,0.0,0.0,433.89493444654545,0.0,433.89493444654545,438.1138390352201,4.218904588674642,433.89493444654545,0
11.0,2.0,3.0,77.0,48420.054142922716,24599.82318293021,23820.230959992503,1269.8213138175106,0.0,1269.8213138175106,0.0,link,0.0,0.0,0.0,0.0,0.0,0.0,1324.804510278988,203.39202333952247,1121.4124869394655,1443.6442997813847,203.39202333952247,1240.2522764418623,0
11.0,2.0,54.0,78.0,48814.99317229718,24295.434711773956,24519.55846052323,3388.4082292149897,1701.6312773650386,1686.7769518499513,6967.487148144968,ra,0.0,0.0,-0.0,0.0,0.0,0.0,1166.9427578307605,203.39202333952247,963.5507344912379,1484.056446446928,362.6439595074626,1121.4124869394655,0
11.0,1.0,56.0,79.0,22284.926619444108,0.0,22284.926619444108,1685.094433220274,0.0,1685.094433220274,14053.388239050711,ra,0.0,0.0,-0.0,0.0,0.0,0.0,805.8464452684333,0.0,805.8464452684333,963.5507344912379,0.0,963.5507344912379,0
11.0,2.0,5.0,80.0,42919.8251598076,21285.35848456856,21634.466675239044,2910.8952617885475,2910.8952617885475,0.0,19878.69006465457,link,0.0,0.0,0.0,0.0,0.0,0.0,1168.490404775896,362.6439595074626,805.8464452684333,1440.9147029115866,635.0682576431532,805.8464452684333,0
12.0,2.0,4.0,81.0,53131.67233206281,26537.18348117461,26594.4888508882,1562.324430007989,0.0,1562.324430007989,0.0,link,0.0,0.0,0.0,0.0,0.0,0.0,1948.5788522558273,804.2582437329262,1144.320608522901,2094.7933663581507,804.2582437329262,1290.5351226252246,0
12.0,0.0,58.0,82.0,22288.895823895957,22288.895823895957,0.0,3364.25769729557,3364.25769729557,0.0,13722.635716121396,ra,9.0,9.0,0.0,368.99999999999994,368.99999999999994,0.0,804.2582437329262,804.2582437329262,0.0,750.1117370771728,750.1117370771728,0.0,1
12.0,1.0,57.0,83.0,22492.6689728353,0.0,22492.6689728353,3393.592303197099,0.0,3393.592303197099,13775.369179933106,ra,0.0,0.0,-0.0,0.0,0.0,0.0,826.7217538017898,0.0,826.7217538017898,1144.320608522901,0.0,1144.320608522901,0
12.0,2.0,5.0,84.0,44751.07719214048,22273.03927625819,22478.037915882287,1559.840879232986,1559.840879232986,0.0,20725.095833182608,link,0.0,0.0,0.0,0.0,0.0,0.0,1576.8334908789625,750.1117370771728,826.7217538017898,1722.8155749156479,896.0938211138581,826.7217538017898,0
13.0,2.0,4.0,85.0,25987.610544625633,13119.378445562592,12868.232099063043,1205.3834904693945,0.0,1205.3834904693945,0.0,link,0.0,0.0,0.0,0.0,0.0,0.0,1023.9665761222927,714.1638173709399,309.8027587513528,1136.7757711785619,714.1638173709399,422.6119538076219,0
13.0,2.0,59.0,86.0,13974.00634747334,7033.004117758563,6941.002229714777,6883.850493770728,3777.525971618388,3106.32452215234,36309.89528647439,ra,25.0,25.0,0.0,1025.0,591.1638173709399,433.8361826290601,1167.0886651054416,714.1638173709399,452.9248477345016,786.3331227656101,476.5303640142573,309.8027587513528,1
13.0,1.0,63.0,87.0,7362.494657393186,0.0,7362.494657393186,661.497609325267,0.0,661.497609325267,54986.89266391457,ra,1.0,0.0,1.0,41.0,0.0,41.0,432.01673846500233,0.0,432.01673846500233,452.9248477345016,0.0,452.9248477345016,1
13.0,0.0,62.0,88.0,7963.314490087364,7963.314490087364,0.0,1395.6084792930023,1395.6084792930023,0.0,55258.29185590623,ra,3.0,3.0,0.0,123.0,123.0,0.0,476.5303640142573,476.5303640142573,0.0,484.1422982306773,484.1422982306773,0.0,1
13.0,2.0,70.0,89.0,20915.585370117602,10623.723419117588,10291.861951000015,6679.2986941238505,3389.0040936651603,3290.29460045869,85720.88488710183,ra,0.0,-0.0,0.0,0.0,0.0,0.0,608.2275872353989,484.1422982306773,124.08528900472159,1233.3284909578165,801.3117524928141,432.01673846500233,0
13.0,1.0,71.0,90.0,10312.666692975632,0.0,10312.666692975632,1325.8702777004075,0.0,1325.8702777004075,92148.0377185692,ra,0.0,0.0,-0.0,0.0,0.0,0.0,1.509903313490213e-14,0.0,1.509903313490213e-14,124.08528900472159,0.0,124.08528900472159,0
13.0,0.0,75.0,91.0,10865.41330620228,10865.41330620228,0.0,2225.2267853650983,2225.2267853650983,0.0,106351.19825280692,ra,0.0,-0.0,0.0,0.0,0.0,0.0,801.3117524928141,801.3117524928141,0.0,1009.5658429623397,1009.5658429623397,0.0,0
13.0,2.0,80.0,92.0,21769.313571554885,10924.77173173255,10844.541839822334,5231.405901354321,1587.860206417783,3643.5456949365375,121274.1282993086,ra,44.0,44.0,0.0,1789.1184406683733,1143.6189339335397,645.4995067348337,1314.0739056908633,1009.5658429623397,304.5080627285236,14.551260394287215,14.551260394287201,1.509903313490213e-14,1
13.0,2.0,8.0,93.0,20326.83796736937,10049.65492309056,10277.18304427881,1199.9706688262263,1199.9706688262263,0.0,132616.96921985535,link,0.0,0.0,0.0,0.0,0.0,0.0,319.05932312281084,14.551260394287201,304.5080627285236,431.36194408263924,126.85388135411564,304.5080627285236,0
14.0,2.0,5.0,94.0,94497.82264774677,47019.26687675304,47478.55577099372,936.3425207579636,0.0,936.3425207579636,0.0,link,0.0,0.0,0.0,0.0,0.0,0.0,2504.9855360764923,1245.6048285045924,1259.3807075718996,2592.6157773223968,1245.6048285045924,1347.0109488178045,0
14.0,0.0,61.0,95.0,46935.18990316021,46935.18990316021,0.0,2174.788745042169,2174.788745042169,0.0,4629.482620571615,ra,0.0,-0.0,0.0,0.0,0.0,0.0,1245.6048285045924,1245.6048285045924,0.0,1449.1385334917936,1449.1385334917936,0.0,0
14.0,1.0,60.0,96.0,47664.75200387175,0.0,47664.75200387175,2204.32457448694,0.0,2204.32457448694,4633.73189838993,ra,1.0,0.0,1.0,41.0,0.0,41.0,1094.0828091381081,0.0,1094.0828091381081,1259.3807075718996,0.0,1259.3807075718996,1
14.0,2.0,6.0,97.0,94641.69117202783,46900.62074452682,47741.07042750101,922.9194205020584,922.9194205020584,0.0,6596.600389256655,link,0.0,0.0,0.0,0.0,0.0,0.0,2543.2213426299018,1449.1385334917936,1094.0828091381081,2629.5953453865613,1535.5125362484532,1094.0828091381081,0
15.0,2.0,6.0,98.0,75207.49134104664,44538.30191090561,30669.189430141025,1884.850151816533,0.0,1884.850151816533,0.0,link,0.0,0.0,0.0,0.0,0.0,0.0,2039.6813168768797,1429.90396113165,609.7773557452297,2216.0803053393056,1429.90396113165,786.1763442076558,0
15.0,1.0,64.0,99.0,16721.32745245393,0.0,16721.32745245393,6515.564241999581,0.0,6515.564241999581,25738.743223846097,ra,0.0,0.0,-0.0,0.0,0.0,0.0,0.0,0.0,0.0,609.7773557452297,0.0,609.7773557452297,0
15.0,0.0,65.0,100.0,16271.068415411031,16271.068415411031,0.0,7891.47329091754,7891.47329091754,0.0,25740.902218562274,ra,53.0,53.0,0.0,2168.449624644749,2168.449624644749,0.0,1429.90396113165,1429.90396113165,0.0,0.0,0.0,0.0,1
15.0,2.0,0.0,101.0,10998.091984936455,5379.561945168664,5618.530039767791,1825.012570497084,1825.012570497084,0.0,48631.17855592899,link,0.0,0.0,0.0,0.0,0.0,0.0,0.0,0.0,0.0,170.79892057022985,170.79892057022985,0.0,0
16.0,2.0,6.0,102.0,79740.5667298025,40135.953102102525,39604.61362769997,2800.895581315986,0.0,2800.895581315986,0.0,link,0.0,0.0,0.0,0.0,0.0,0.0,2113.985523403093,1086.9086515395031,1027.0768718635895,2376.1151928926547,1086.9086515395031,1289.2065413531516,0
16.0,1.0,66.0,103.0,29014.9759926702,0.0,29014.9759926702,4194.662066106028,0.0,4194.662066106028,12316.83855333374,ra,0.0,0.0,-0.0,0.0,0.0,0.0,634.5076563799614,0.0,634.5076563799614,1027.0768718635895,0.0,1027.0768718635895,0
16.0,0.0,67.0,104.0,29278.008085254503,29278.008085254503,0.0,4585.787822607259,4585.787822607259,0.0,12575.946688510528,ra,3.0,3.0,0.0,123.0,123.0,0.0,1086.9086515395031,1086.9086515395031,0.0,1393.082468053046,1393.082468053046,0.0,1
16.0,0.0,72.0,105.0,28145.02656728497,28145.02656728497,0.0,3642.99524799985,3642.99524799985,0.0,25449.08031583349,ra,0.0,-0.0,0.0,0.0,0.0,0.0,1393.082468053046,1393.082468053046,0.0,1734.0223969387825,1734.0223969387825,0.0,0
16.0,1.0,74.0,106.0,25731.855828829863,0.0,25731.855828829863,3150.32793358614,0.0,3150.32793358614,32933.75197391795,ra,40.0,0.0,40.0,1640.0000000000002,0.0,1640.0000000000002,1979.675380045449,0.0,1979.675380045449,634.5076563799614,0.0,634.5076563799614,1
16.0,0.0,76.0,107.0,25418.722177742115,25418.722177742115,0.0,6370.068704760761,6370.068704760761,0.0,49497.46890143416,ra,0.0,-0.0,0.0,0.0,0.0,0.0,1734.0223969387825,1734.0223969387825,0.0,2330.183144716535,2330.183144716535,0.0,0
16.0,1.0,77.0,108.0,25469.36930201462,0.0,25469.36930201462,3629.483350372933,0.0,3629.483350372933,49565.51842080065,ra,0.0,0.0,-0.0,0.0,0.0,0.0,1640.0000000000002,0.0,1640.0000000000002,1979.675380045449,0.0,1979.675380045449,0
16.0,1.0,82.0,109.0,26935.54974771189,0.0,26935.54974771189,4731.076881969367,0.0,4731.076881969367,67595.96875209869,ra,0.0,0.0,-0.0,0.0,0.0,0.0,1197.228899330243,0.0,1197.228899330243,1640.0000000000002,0.0,1640.0000000000002,0
16.0,0.0,83.0,110.0,27462.47510980443,27462.47510980443,0.0,5057.102637456699,5057.102637456699,0.0,68666.07464325256,ra,15.0,15.0,0.0,611.169286006896,611.169286006896,0.0,2330.183144716535,2330.183144716535,0.0,2192.296994208922,2192.296994208922,0.0,1
16.0,1.0,86.0,111.0,27163.152752819547,0.0,27163.152752819547,4196.376907454115,0.0,4196.376907454115,81021.89267340553,ra,0.0,0.0,-0.0,0.0,0.0,0.0,804.4991956089241,0.0,804.4991956089241,1197.228899330243,0.0,1197.228899330243,0
16.0,0.0,89.0,112.0,29187.99844762554,29187.99844762554,0.0,6653.928103269676,6653.928103269676,0.0,92123.37906601596,ra,0.0,-0.0,0.0,0.0,0.0,0.0,2192.296994208922,2192.296994208922,0.0,2815.0235200217444,2815.0235200217444,0.0,0
16.0,1.0,90.0,113.0,28376.998666581203,0.0,28376.998666581203,5601.684775109653,0.0,5601.684775109653,92203.5095301381,ra,0.0,0.0,-0.0,0.0,0.0,0.0,280.2498132044931,0.0,280.2498132044931,804.4991956089241,0.0,804.4991956089241,0
16.0,2.0,94.0,114.0,71124.20344709541,35553.82790120941,35570.375545886,8755.239718801102,4299.63877333859,4455.600945462512,106046.11656904333,ra,67.0,67.0,0.0,2742.014978182919,1122.8531109318865,1619.1618672510326,4297.445288035509,2815.0235200217444,1482.421768013765,2374.8139773840026,2094.5641641795096,280.2498132044931,1
16.0,2.0,12.0,115.0,71147.99996754559,35564.99998476318,35582.99998278241,2799.48715587504,2799.48715587504,0.0,113917.81076099534,link,0.0,0.0,0.0,0.0,0.0,0.0,3576.9859321932745,2094.5641641795096,1482.421768013765,3838.9837902373124,2356.5620222235475,1482.421768013765,0
18.0,2.0,7.0,118.0,26949.99999999783,13587.999999998794,13361.999999999038,1262.350888686173,0.0,1262.350888686173,0.0,link,0.0,0.0,0.0,0.0,0.0,0.0,248.5824212661655,248.5824212661655,0.0,366.7230700781038,248.5824212661655,118.14064881193826,0
18.0,0.0,68.0,119.0,13587.918618998609,13587.918618998609,0.0,1673.7828719547792,1673.7828719547792,0.0,12318.138045343778,ra,0.0,-0.0,0.0,1.7763568394002505e-15,1.7763568394002505e-15,0.0,248.5824212661655,248.5824212661655,0.0,405.22808629900936,405.22808629900936,0.0,0
18.0,1.0,69.0,120.0,13361.93226547554,0.0,13361.93226547554,3620.13302138755,0.0,3620.13302138755,12346.305678813724,ra,37.0,0.0,37.0,1489.363208499519,0.0,1489.363208499519,1150.5629052198396,0.0,1150.5629052198396,0.0,0.0,0.0,1
18.0,2.0,73.0,121.0,21133.145613699366,10354.073130248858,10779.072483450507,3099.0639764514967,1773.464093458567,1325.5998829929297,27186.329383912336,ra,13.0,0.0,13.0,533.0000000000011,387.5018850562531,145.49811494374802,1577.229123105032,405.22808629900936,1172.0010368060225,1334.263718215698,183.7008129958584,1150.5629052198396,1
18.0,2.0,81.0,122.0,17024.72901544851,8263.2955761644,8761.433439284106,10407.127018587838,5132.593422062407,5274.533596525431,76811.9776614867,ra,0.0,0.0,-0.0,0.0,0.0,0.0,862.0698281043104,183.7008129958584,678.369015108452,1836.05000213014,664.0489653241176,1172.0010368060225,0
18.0,0.0,84.0,123.0,7912.197813125354,7912.197813125354,0.0,1219.9477727403696,1219.9477727403696,0.0,91803.7907317536,ra,0.0,-0.0,0.0,0.0,0.0,0.0,664.0489653241176,664.0489653241176,0.0,778.2211995895276,778.2211995895276,0.0,0
18.0,1.0,85.0,124.0,8875.838788593739,0.0,8875.838788593739,1785.784923800428,0.0,1785.784923800428,91872.46119703975,ra,0.0,0.0,-0.0,0.0,0.0,0.0,511.2413238878777,0.0,511.2413238878777,678.369015108452,0.0,678.369015108452,0
18.0,2.0,92.0,125.0,47292.93717996864,22515.08265535503,24777.854524613613,4754.452437208462,3104.7402940346988,1649.7121431737628,121334.73270596893,ra,30.0,0.0,30.0,1229.9999999999995,1068.7870288032896,161.2129711967101,1296.282556312637,778.2211995895276,518.0613567231096,511.2413238878777,0.0,511.2413238878777,1
18.0,2.0,11.0,126.0,53098.00276723388,24816.36422563914,28281.638541594737,1125.0783643967968,1125.0783643967968,0.0,126075.53174156268,link,0.0,0.0,0.0,0.0,0.0,0.0,518.0613567231096,0.0,518.0613567231096,623.354971299996,105.29361457688636,518.0613567231096,0
19.0,2.0,7.0,127.0,19888.0,9830.0,10058.0,1832.5223390000008,0.0,1832.5223390000008,0.0,link,0.0,0.0,0.0,0.0,0.0,0.0,167.87248668069196,167.87248668069196,0.0,339.3742300011679,167.87248668069196,171.50174332047595,0
19.0,2.0,0.0,128.0,19888.0,9830.0,10058.0,1790.9817650000002,1790.9817650000002,0.0,18219.57712193098,link,0.0,0.0,0.0,0.0,0.0,0.0,167.87248668069196,167.87248668069196,0.0,335.4865388620678,335.4865388620678,0.0,0
20.0,2.0,0.0,129.0,19481.000344743796,9701.000199905127,9780.000144838668,1585.946802063634,0.0,1585.946802063634,0.0,link,0.0,0.0,0.0,0.0,0.0,0.0,0.0,0.0,0.0,148.425280051905,0.0,148.425280051905,0
20.0,0.0,78.0,130.0,10133.998910338903,10133.998910338903,0.0,2201.810828978947,2201.810828978947,0.0,22308.899934453435,ra,6.0,6.0,0.0,206.06264250937002,206.06264250937002,0.0,0.0,0.0,0.0,0.0,0.0,0.0,1
20.0,1.0,79.0,131.0,10094.12847263898,0.0,10094.12847263898,2214.6793271343668,0.0,2214.6793271343668,22364.44986396924,ra,13.0,0.0,13.0,533.0,0.0,533.0,325.73302299461767,0.0,325.73302299461767,0.0,0.0,0.0,1
20.0,2.0,8.0,132.0,21962.97969081701,10983.990050020308,10978.989640796704,1594.243979477348,1594.243979477348,0.0,37253.22848420508,link,0.0,0.0,0.0,0.0,0.0,0.0,325.73302299461767,0.0,325.73302299461767,474.9348176683677,149.20179467375002,325.73302299461767,0
21.0,2.0,8.0,133.0,21649.000000000102,11074.000000000044,10575.00000000006,371.5843359997804,0.0,371.5843359997804,0.0,link,0.0,0.0,0.0,0.0,0.0,0.0,413.5962130517632,305.38743570725336,108.20877734450981,448.37197543036507,305.38743570725336,142.98453972311174,0
21.0,2.0,87.0,134.0,23288.999999928543,11776.999999969368,11511.999999959173,6542.587792704876,3329.21173105459,3213.376061650286,29246.642192588224,ra,31.0,31.0,0.0,1271.0,517.3004422459916,753.6995577540083,866.5629585563765,305.38743570725336,561.1755228491232,207.86938909542107,99.66061175091124,108.20877734450981,1
21.0,2.0,10.0,135.0,23288.99999999982,11776.999999999924,11511.999999999898,380.1380059998352,380.1380059998352,0.0,32474.473610155062,link,0.0,0.0,0.0,0.0,0.0,0.0,660.8361346000345,99.66061175091124,561.1755228491232,696.4124161786359,135.23689332951264,561.1755228491232,0
22.0,2.0,8.0,136.0,18089.34980232114,9293.63667702267,8795.71312529847,2541.603617777336,0.0,2541.603617777336,0.0,link,0.0,0.0,0.0,0.0,0.0,0.0,522.8081625207724,122.04148030459758,400.76668221617484,760.6712662886123,122.04148030459758,638.6297859840147,0
22.0,2.0,9.0,137.0,22551.759921439094,11229.492180860212,11322.267740578884,2598.6403059127283,2598.6403059127283,0.0,25496.14409205573,link,0.0,0.0,0.0,0.0,0.0,0.0,522.8081625207724,122.04148030459758,400.76668221617484,766.0092047356732,365.2425225194983,400.76668221617484,0
24.0,2.0,9.0,140.0,25786.108144857673,12922.607317501452,12863.500827356223,310.22506737586025,0.0,310.22506737586025,0.0,link,0.0,0.0,0.0,0.0,0.0,0.0,1058.5351675353409,651.9622817782796,406.57288575706133,1087.5684506470247,651.9622817782796,435.6061688687452,0
24.0,0.0,88.0,141.0,12911.612953719838,12911.612953719838,0.0,904.5214863572012,904.5214863572012,0.0,7001.124876882881,ra,0.0,-0.0,0.0,0.0,0.0,0.0,651.9622817782796,651.9622817782796,0.0,736.6144622617875,736.6144622617875,0.0,0
24.0,1.0,91.0,142.0,12797.695040407143,0.0,12797.695040407143,2112.957697765236,0.0,2112.957697765236,10447.761196686972,ra,0.0,0.0,-0.0,0.0,0.0,0.0,208.82581277334594,0.0,208.82581277334594,406.57288575706133,0.0,406.57288575706133,0
24.0,0.0,97.0,143.0,9570.738932827611,9570.738932827611,0.0,2755.7730122650837,2755.7730122650837,0.0,30840.569189513222,ra,0.0,-0.0,0.0,0.0,0.0,0.0,736.6144622617875,736.6144622617875,0.0,994.5212095579146,994.5212095579146,0.0,0
24.0,1.0,98.0,144.0,9946.426208887748,0.0,9946.426208887748,2231.335725475766,0.0,2231.335725475766,30857.334061915197,ra,0.0,0.0,-0.0,0.0,0.0,0.0,1.2077023825440847e-08,0.0,1.2077023825440847e-08,208.82581277334594,0.0,208.82581277334594,0
24.0,2.0,108.0,145.0,15887.706151607494,7870.705730584929,8017.000421022563,4501.986650504175,2168.389585344796,2333.5970651593784,55766.14861335632,ra,43.0,43.0,0.0,1752.7110102331417,831.5807920005943,921.1302182325472,1697.255200725753,994.5212095579146,702.7339911678383,365.87523924667704,365.87523923460003,1.2077023825440847e-08,1
24.0,2.0,114.0,146.0,28294.020698251785,14163.55043686688,14130.470261384906,3453.816952067228,2111.307602382169,1342.5093496850593,76000.7341358558,ra,1.0,1.0,0.0,41.00000000000001,41.00000000000001,0.0,942.9667271734362,365.87523923460003,577.0914879388362,1225.2018745891983,522.4678834213599,702.7339911678383,1
24.0,2.0,15.0,147.0,28738.67135022459,14383.312343962509,14355.35900626208,310.87767950128045,310.87767950128045,0.0,78175.47480337396,link,0.0,0.0,0.0,0.0,0.0,0.0,1099.559371360196,522.4678834213599,577.0914879388362,1128.6537310082144,551.5622430693783,577.0914879388362,0
25.0,2.0,9.0,148.0,18444.994544675952,9036.997526482091,9407.99701819386,3162.573978652046,0.0,3162.573978652046,0.0,link,0.0,0.0,0.0,0.0,0.0,0.0,711.2059449917862,330.1160326191723,381.08991237261387,1007.1843018039481,330.1160326191723,677.0682691847758,0
25.0,2.0,10.0,149.0,19006.727910032103,9665.34291491844,9341.384995113662,3137.608098414663,3137.608098414663,0.0,35248.172611532704,link,0.0,0.0,0.0,0.0,0.0,0.0,711.2059449917862,330.1160326191723,381.08991237261387,1004.8477998726383,623.7578875000245,381.08991237261387,0
26.0,2.0,10.0,150.0,39799.09031594862,19727.656489472974,20071.433826475644,5432.50664953123,0.0,5432.50664953123,0.0,link,0.0,0.0,0.0,0.0,0.0,0.0,779.0692762768281,533.769180187803,245.3000960890251,1287.4856492543604,533.7691801878032,753.7164690665572,0
26.0,2.0,11.0,151.0,61239.02764165262,31319.794471237463,29919.23317041516,5527.098799836521,5527.098799836521,0.0,24120.7762535988,link,0.0,0.0,0.0,0.0,0.0,0.0,779.0692762768283,533.7691801878032,245.3000960890251,1296.3383209716626,1051.0382248826375,245.3000960890251,0
27.0,2.0,11.0,152.0,68446.95855219441,33632.332120978645,34814.626431215765,4475.01586176286,0.0,4475.01586176286,0.0,link,0.0,0.0,0.0,0.0,0.0,0.0,496.60973566439026,496.60973566439026,0.0,915.4166475069597,496.60973566439026,418.8069118425695,0
27.0,0.0,99.0,153.0,29715.95485159294,29715.95485159294,0.0,4959.050959781504,4959.050959781504,0.0,15398.281487957354,ra,3.0,3.0,0.0,92.14762468582923,92.14762468582923,0.0,496.60973566439026,496.60973566439026,0.0,868.5688051876551,868.5688051876551,0.0,1
27.0,1.0,100.0,154.0,27462.225943179787,0.0,27462.225943179787,4427.600028969178,0.0,4427.600028969178,15788.230047158857,ra,29.0,0.0,29.0,1172.4856683821909,0.0,1172.4856683821909,758.1163002530292,0.0,758.1163002530292,0.0,0.0,0.0,1
27.0,2.0,107.0,155.0,39803.00077214074,18775.259985557448,21027.74078658329,8521.51974910427,4077.7617235109983,4443.758025593273,32030.585088502547,ra,0.0,0.0,-0.0,0.0,0.0,0.0,1210.803545874276,868.5688051876551,342.2347406866211,2008.3138744570956,1250.1975742040665,758.1163002530292,0
27.0,0.0,111.0,156.0,14923.34787730996,14923.34787730996,0.0,3332.683703707982,3332.683703707982,0.0,51994.455333056,ra,0.0,-0.0,0.0,0.0,0.0,0.0,1250.1975742040665,1250.1975742040665,0.0,1562.096126793367,1562.096126793367,0.0,0
27.0,1.0,110.0,157.0,16064.78653282132,0.0,16064.78653282132,3656.830509986008,0.0,3656.830509986008,52217.78598274018,ra,0.0,0.0,-0.0,0.0,0.0,0.0,0.0,0.0,0.0,342.2347406866211,0.0,342.2347406866211,0
27.0,2.0,113.0,158.0,28115.732693263828,13396.479626617023,14719.253066646805,8182.361978154302,4151.774424898176,4030.5875532561263,80453.83595296173,ra,38.0,38.0,0.0,1558.0,705.1610999011706,852.8389000988295,2037.721184922635,1562.096126793367,475.62505812926804,1245.490482173554,1245.490482173554,0.0,1
27.0,0.0,115.0,159.0,16210.1141141057,16210.1141141057,0.0,2741.8648075464444,2741.8648075464444,0.0,99290.1862589441,ra,0.0,-0.0,0.0,0.0,0.0,0.0,1245.490482173554,1245.490482173554,0.0,1502.0955911185733,1502.0955911185733,0.0,0
27.0,2.0,116.0,160.0,34177.78966749807,16266.79151473384,17910.998152764234,6377.116285600918,1294.989846913013,5082.126438687905,107271.26953267986,ra,61.0,61.0,0.0,2501.0,1621.0617174081565,879.9382825918437,2382.033873710417,1502.0955911185733,879.9382825918437,477.85418910955974,2.2291309802917003,475.62505812926804,1
27.0,2.0,15.0,161.0,39893.99999984566,18725.9999999336,21167.99999991206,3972.0067852374737,3972.0067852374737,0.0,128894.5131374644,link,0.0,0.0,0.0,0.0,0.0,0.0,882.1674135721355,2.2291309802917003,879.9382825918437,1253.898810047617,373.9605274557732,879.9382825918437,0
28.0,2.0,11.0,162.0,61992.2787513973,31725.31224782596,30266.96650357134,2390.702240646126,0.0,2390.702240646126,0.0,link,0.0,0.0,0.0,0.0,0.0,0.0,538.908137936221,538.908137936221,5.684341886080802e-14,762.6487130468738,538.908137936221,223.74057511065274,0
28.0,0.0,93.0,163.0,30439.224167938333,30439.224167938333,0.0,1072.7833528404256,1072.7833528404256,0.0,3445.559107155475,ra,0.0,-0.0,0.0,0.0,0.0,0.0,538.908137936221,538.908137936221,0.0,639.3075771690969,639.3075771690969,0.0,0
28.0,0.0,95.0,164.0,18498.90877462081,18498.90877462081,0.0,3967.265746570001,3967.265746570001,0.0,21968.34571810977,ra,25.0,25.0,0.0,1010.5952702422695,1010.5952702422695,0.0,639.3075771690969,639.3075771690969,0.0,0.0,0.0,0.0,1
28.0,1.0,96.0,165.0,17419.186332491074,0.0,17419.186332491074,4813.95264377551,0.0,4813.95264377551,22264.116411144965,ra,11.0,0.0,11.0,450.5272613048969,0.0,450.5272613048969,0.0,0.0,0.0,5.684341886080802e-14,0.0,5.684341886080802e-14,1
28.0,2.0,0.0,166.0,16044.983216716417,8425.399218263456,7619.583998452962,2682.96218463007,2682.96218463007,0.0,40879.27967798362,link,0.0,0.0,0.0,0.0,0.0,0.0,0.0,0.0,0.0,251.09254175753298,251.09254175753298,0.0,0
30.0,2.0,12.0,169.0,31173.00771278776,15334.689159172884,15838.318553614876,1373.022338283504,0.0,1373.022338283504,0.0,link,0.0,0.0,0.0,0.0,0.0,0.0,2259.964770529454,1116.639413369031,1143.3253571604232,2388.462917385375,1116.639413369031,1271.823504016344,0
30.0,0.0,101.0,170.0,15342.168535706442,15342.168535706442,0.0,288.7002299566512,288.7002299566512,0.0,1882.30501330568,ra,1.0,1.0,0.0,41.0,41.0,0.0,1116.639413369031,1116.639413369031,0.0,1102.6582341936692,1102.6582341936692,0.0,1
30.0,1.0,102.0,171.0,15008.380189154295,0.0,15008.380189154295,2426.954705703304,0.0,2426.954705703304,15325.375723611753,ra,0.0,0.0,-0.0,0.0,0.0,0.0,916.1919934192302,0.0,916.1919934192302,1143.3253571604232,0.0,1143.3253571604232,0
30.0,0.0,103.0,172.0,14615.10439288337,14615.10439288337,0.0,2123.5391790607955,2123.5391790607955,0.0,15632.211521401772,ra,0.0,-0.0,0.0,0.0,0.0,0.0,1102.6582341936692,1102.6582341936692,0.0,1301.395604793471,1301.395604793471,0.0,0
30.0,2.0,13.0,173.0,18934.390172572806,9143.138576923604,9791.251595649202,1268.116655371192,1268.116655371192,0.0,27311.590572612236,link,0.0,0.0,0.0,0.0,0.0,0.0,2217.5875982127013,1301.395604793471,916.1919934192302,2336.2678524728326,1420.0758590536022,916.1919934192302,0
31.0,2.0,12.0,174.0,61211.26177444921,30941.90070843765,30269.36106601156,584.8788313855799,0.0,584.8788313855799,0.0,link,0.0,0.0,0.0,0.0,0.0,0.0,3204.216934125307,2144.139402501372,1060.077531623935,3258.954460145648,2144.139402501372,1114.8150576442765,0
31.0,1.0,106.0,175.0,29780.03490857172,0.0,29780.03490857172,3637.7163502508033,0.0,3637.7163502508033,10173.779430297054,ra,0.0,0.0,-0.0,0.0,0.0,0.0,719.6316431887185,0.0,719.6316431887185,1060.077531623935,0.0,1060.077531623935,0
31.0,0.0,105.0,176.0,30402.95414259374,30402.95414259374,0.0,3119.852058011688,3119.852058011688,0.0,10175.429354581129,ra,11.0,11.0,0.0,451.0000000000001,451.0000000000001,0.0,2144.139402501372,2144.139402501372,0.0,1985.1195085354184,1985.1195085354184,0.0,1
31.0,2.0,109.0,177.0,62402.93424977723,31525.727911032645,30877.20633874459,6816.570463211742,3762.4191873927257,3054.1512758190165,22337.14837090233,ra,58.0,58.0,0.0,2337.236061773387,2337.236061773387,0.0,2418.9198376465,1985.1195085354184,433.80032911108196,719.6316431887184,-8.526512829121202e-14,719.6316431887185,1
31.0,2.0,14.0,178.0,62766.261417807065,31611.05780980601,31155.20360800105,595.148026243029,595.148026243029,0.0,24222.213413881997,link,0.0,0.0,0.0,0.0,0.0,0.0,433.80032911108185,-8.526512829121202e-14,433.80032911108196,489.49892653724936,55.6985974261674,433.80032911108196,0
32.0,2.0,13.0,179.0,24034.000000000007,12223.000000000004,11811.000000000004,4986.624005231322,0.0,4986.624005231322,0.0,link,0.0,0.0,0.0,0.0,0.0,0.0,1869.5806574629246,1420.0758590536022,449.50479840932223,2336.2678524728326,1420.0758590536022,916.1919934192302,0
32.0,2.0,104.0,180.0,24034.000000001273,12223.000000000631,11811.000000000642,545.6198680000062,277.4865460000031,268.13332200000315,2270.21285318104,ra,38.0,0.0,38.0,1558.0000000000002,1191.8841259354144,366.11587406458574,2210.6025224741716,1420.0758590536022,790.5266634205694,703.6658882846818,254.16108987535966,449.50479840932223,1
32.0,2.0,16.0,181.0,35472.0,17897.0,17575.0,5106.43524839964,5106.43524839964,0.0,35413.56901786664,link,0.0,0.0,0.0,0.0,0.0,0.0,1044.687753295929,254.16108987535966,790.5266634205694,1522.5878195682812,732.0611561477117,790.5266634205694,0
33.0,2.0,14.0,182.0,25491.39192820705,13297.332945790267,12194.058982416784,2901.9645133205213,0.0,2901.9645133205213,0.0,link,0.0,0.0,0.0,0.0,0.0,0.0,148.42320051794331,148.42320051794331,0.0,420.01168951614216,148.4232005265813,271.58848898956086,0
33.0,2.0,0.0,183.0,27433.939184964896,13761.985453193762,13671.953731771133,3014.5666133482373,3014.5666133482373,0.0,22213.61178663945,link,0.0,0.0,0.0,0.0,0.0,0.0,148.4232005265813,148.4232005265813,0.0,430.54987290388567,430.54987290388567,0.0,0
34.0,2.0,14.0,184.0,40290.981728268656,40289.53408577645,1.4476424922008384,4807.99244961434,0.0,4807.99244961434,0.0,link,0.0,0.0,0.0,0.0,0.0,0.0,195.0330164930523,195.03301654786716,-5.4814887479015963e-08,645.0024763090313,195.03301654786716,449.96945976116416,0
34.0,2.0,112.0,185.0,40084.67942148965,20069.25833080312,20015.421090686526,5879.593873458729,4738.491686036754,1141.1021874219755,14615.98862167376,ra,10.0,0.0,10.0,409.9999999999999,33.60205565535941,376.3979443446405,464.6377118361713,195.03301654786716,269.60469528830413,604.8959967446218,604.8959967994367,-5.4814887479015963e-08,1
34.0,0.0,120.0,186.0,19233.978995985926,19233.978995985926,0.0,2388.1873644993475,2388.1873644993475,0.0,26934.149163868184,ra,21.0,21.0,0.0,828.4012101716655,828.4012101716655,0.0,604.8959967994367,604.8959967994367,0.0,0.0,0.0,0.0,1
34.0,2.0,20.0,187.0,42848.93314386101,20473.58046065553,22375.352683205478,2247.134627658472,2247.134627658472,0.0,38220.85948462789,link,0.0,0.0,0.0,0.0,0.0,0.0,269.60469528830413,0.0,269.60469528830413,479.9090926303528,210.30439734204865,269.60469528830413,0
35.0,2.0,0.0,188.0,13637.0,6766.0,6871.0,2412.026759499997,0.0,2412.026759499997,0.0,link,0.0,0.0,0.0,0.0,0.0,0.0,364.29901809052006,0.0,364.29901809052006,590.0353081133877,0.0,590.0353081133877,0
35.0,2.0,16.0,189.0,13637.0,6766.0,6871.0,2375.1670869999966,2375.1670869999966,0.0,35104.46295422166,link,0.0,0.0,0.0,0.0,0.0,0.0,364.29901809052006,0.0,364.29901809052006,586.5856922710938,222.2866741805737,364.29901809052006,0
36.0,2.0,15.0,190.0,63592.0,31158.0,32434.0,1263.5151210000006,0.0,1263.5151210000006,0.0,link,0.0,0.0,0.0,0.0,0.0,0.0,1622.5960496568455,604.6693282050081,1017.9267214518372,1740.845656415545,604.6693282050081,1136.1763282105367,0
36.0,0.0,121.0,191.0,31158.0,31158.0,0.0,1862.7498720000008,1862.7498720000008,0.0,5978.406282256154,ra,19.0,19.0,0.0,779.0,779.0,0.0,604.6693282050081,604.6693282050081,0.0,-1.0480833666933258e-08,-1.0480833666933258e-08,0.0,1
36.0,1.0,122.0,192.0,32434.0,0.0,32434.0,2232.9998150000006,0.0,2232.9998150000006,6884.764105769136,ra,0.0,0.0,-0.0,0.0,0.0,0.0,808.9451702005811,0.0,808.9451702005811,1017.9267214518372,0.0,1017.9267214518372,0
36.0,2.0,17.0,193.0,63592.0,31158.0,32434.0,1496.2071600000006,1496.2071600000006,0.0,10780.414990255447,link,0.0,0.0,0.0,0.0,0.0,0.0,808.9451701901003,-1.0480833666933258e-08,808.9451702005811,948.9719141197841,140.026743919203,808.9451702005811,0
37.0,2.0,16.0,194.0,61280.64411621449,31014.17446373309,30266.469652481403,3075.322007033439,0.0,3075.322007033439,0.0,link,0.0,0.0,0.0,0.0,0.0,0.0,1487.208426679314,787.271605901482,699.936820777832,1775.021062985768,787.271605901482,987.7494570842861,0
37.0,0.0,117.0,195.0,31188.918197802075,31188.918197802075,0.0,476.2646699717726,476.2646699717726,0.0,1531.6015518302704,ra,3.0,3.0,0.0,123.0,123.0,0.0,787.271605901482,787.271605901482,0.0,708.8441709631895,708.8441709631895,0.0,1
37.0,2.0,18.0,196.0,64809.52507699492,32882.29003408458,31927.235042910343,2677.0230036732487,2677.0230036732487,0.0,9891.283544490125,link,0.0,0.0,0.0,0.0,0.0,0.0,1408.7809917410216,708.8441709631895,699.936820777832,1659.3176985893078,959.3808778114758,699.936820777832,0
38.0,2.0,17.0,197.0,73980.90840881804,36437.73642199968,37543.17198681836,8581.895963178365,0.0,8581.895963178365,0.0,link,0.0,0.0,0.0,0.0,0.0,0.0,355.9377813188624,325.97987806228394,29.957903256578444,1159.0985872510867,325.97987806228394,833.1187091888027,0
38.0,1.0,118.0,198.0,38288.38488121995,0.0,38288.38488121995,3563.200636081027,0.0,3563.200636081027,5385.572941871728,ra,29.0,0.0,29.0,1189.0000000000002,0.0,1189.0000000000002,885.4857769511517,0.0,885.4857769511517,29.957903256578444,0.0,29.957903256578444,1
38.0,0.0,119.0,199.0,38355.566312925184,38355.566312925184,0.0,2619.00122524035,2619.00122524035,0.0,7097.786060466791,ra,0.0,-0.0,0.0,0.0,0.0,0.0,325.97987806228394,325.97987806228394,0.0,571.0864540300956,571.0864540300956,0.0,0
38.0,1.0,123.0,200.0,41712.9401712972,0.0,41712.9401712972,2031.1114551113544,0.0,2031.1114551113544,14257.714169889843,ra,1.0,0.0,1.0,7.8063269320521895,0.0,7.8063269320521895,703.2048410889761,0.0,703.2048410889761,885.4857769511517,0.0,885.4857769511517,1
38.0,0.0,124.0,201.0,40728.86630783911,40728.86630783911,0.0,2848.889850605756,2848.889850605756,0.0,14300.505499646226,ra,21.0,21.0,0.0,837.7078018350662,837.7078018350662,0.0,571.0864540300956,571.0864540300956,0.0,0.0,0.0,0.0,1
38.0,2.0,22.0,202.0,105896.44285789959,51540.438437961006,54356.004419938574,8230.021979980831,8230.021979980831,0.0,31585.43416751235,link,0.0,0.0,0.0,0.0,0.0,0.0,703.2048410889761,0.0,703.2048410889761,1473.434533297136,770.2296922081599,703.2048410889761,0
39.0,2.0,17.0,203.0,25562.278853813234,12328.30028963884,13233.978564174393,1988.332963522788,0.0,1988.332963522788,0.0,link,0.0,0.0,0.0,0.0,0.0,0.0,488.9031582163432,256.6036403633634,232.29951785297976,674.986875881586,256.6036403633634,418.38323551822265,0
39.0,2.0,24.0,204.0,21529.452943652228,10591.584479212725,10937.868464439502,1897.3687907956744,1897.3687907956744,0.0,17071.72988124704,link,0.0,0.0,0.0,0.0,0.0,0.0,488.90315821634323,256.6036403633634,232.29951785297982,666.4737386250641,434.17422077208437,232.29951785297976,0
40.0,2.0,18.0,205.0,25932.838407847834,12821.14586322636,13111.692544621475,1674.795944952231,0.0,1674.795944952231,0.0,link,0.0,0.0,0.0,0.0,0.0,0.0,660.2838088599927,487.3186755378757,172.96513332211705,817.0242851709729,487.3186755378757,329.70560963309714,0
40.0,2.0,26.0,206.0,22387.89451536771,11334.707010656924,11053.187504710784,1671.626697283136,1671.626697283136,0.0,13785.599210644326,link,0.0,0.0,0.0,0.0,0.0,0.0,660.2838088599927,487.3186755378757,172.96513332211705,816.7276822381209,643.7625489160039,172.96513332211705,0
41.0,2.0,18.0,207.0,65100.064380541284,32409.67765592153,32690.38672461976,8031.948343872269,0.0,8031.948343872269,0.0,link,0.0,0.0,0.0,0.0,0.0,0.0,853.5234065052562,853.5234065052562,1.493817282352258e-14,1605.2158218816471,853.5234065052562,751.6924153763908,0
41.0,1.0,126.0,208.0,33015.8306660751,0.0,33015.8306660751,515.7447983857179,0.0,515.7447983857179,1570.6218936678245,ra,19.0,0.0,19.0,777.8313702106815,0.0,777.8313702106815,729.5639465895944,0.0,729.5639465895944,1.493817282352258e-14,0.0,1.493817282352258e-14,1
41.0,0.0,125.0,209.0,32828.808927873586,32828.808927873586,0.0,517.979810454405,517.979810454405,0.0,1588.999800427482,ra,22.0,22.0,0.0,902.0,902.0,0.0,853.5234065052562,853.5234065052562,0.0,0.0,0.0,0.0,1
41.0,2.0,25.0,210.0,107717.84336110209,52411.86349298975,55305.979868112336,8019.395375229603,8019.395375229603,0.0,19664.682517120145,link,0.0,0.0,0.0,0.0,0.0,0.0,729.5639465895944,0.0,729.5639465895944,1480.0815571844842,750.5176105948899,729.5639465895944,0
42.0,2.0,0.0,211.0,64323.0,34358.0,29965.000000000004,292.1437675,0.0,292.1437675,0.0,link,0.0,0.0,0.0,0.0,0.0,0.0,556.7051992165716,0.0,556.7051992165716,584.046293161327,0.0,584.046293161327,0
42.0,2.0,21.0,212.0,64323.0,34358.0,29965.0,334.9733210000001,334.9733210000001,0.0,974.9930872178356,link,0.0,0.0,0.0,0.0,0.0,0.0,556.7051992165716,0.0,556.7051992165716,588.054617062522,31.349417845950416,556.7051992165716,0
43.0,2.0,20.0,213.0,150198.49863614666,75767.44894346851,74431.04969267815,256.5387159589935,0.0,256.5387159589935,0.0,link,0.0,0.0,0.0,0.0,0.0,0.0,986.201572524588,986.201572524588,0.0,1010.2104678487086,986.201572524588,24.008895324120676,0
43.0,2.0,127.0,214.0,143910.62075712613,71622.8655725805,72287.75518454562,14695.550707760216,7361.674053195678,7333.876654564538,10005.69209126666,ra,60.0,60.0,0.0,2452.5084162032554,954.7116419609042,1497.7967742423511,1797.636928525501,986.201572524588,811.4353560009129,720.4528463277204,720.4528463277204,0.0,1
43.0,2.0,22.0,215.0,143835.3128743358,71573.22723597237,72262.08563836341,254.1351114407348,254.1351114407348,0.0,10360.675542503666,link,0.0,0.0,0.0,0.0,0.0,0.0,1531.8882023286333,720.4528463277204,811.4353560009129,1555.672149581802,744.2367935808892,811.4353560009129,0
44.0,2.0,20.0,216.0,153959.0,74263.0,79696.0,3498.654400000002,0.0,3498.654400000002,0.0,link,0.0,0.0,0.0,0.0,0.0,0.0,1099.4544988022822,171.14983799122956,928.3046608110525,1426.8858845518741,171.14983799122956,1255.7360465606446,0
44.0,2.0,21.0,217.0,153959.0,74263.0,79696.0,3260.145700000001,3260.145700000001,0.0,4390.047146032249,link,0.0,0.0,0.0,0.0,0.0,0.0,1099.4544988022822,171.14983799122956,928.3046608110525,1404.5643788454706,476.25971803441814,928.3046608110525,0
45.0,2.0,20.0,218.0,62196.76002530598,32348.66402655705,29848.09599874893,1778.4316575225057,0.0,1778.4316575225057,0.0,link,0.0,0.0,0.0,0.0,0.0,0.0,278.58911973782403,254.0609341652796,24.52818557254441,445.02863490786706,254.0609341652796,190.96770074258745,0
45.0,2.0,129.0,219.0,59803.760630072626,31496.773292559403,28306.987337513223,6019.401556958648,3144.575633708264,2874.8259232503847,9849.378972750012,ra,26.0,26.0,0.0,1066.0000000000002,459.2841197325119,606.7158802674883,616.2563520912101,254.0609341652796,362.1954179259306,113.5989312205526,89.0707456480082,24.52818557254441,1
45.0,2.0,27.0,220.0,59265.836631097605,31619.71560399585,27646.121027101755,2008.7677610146968,2008.7677610146968,0.0,16227.553730454052,link,0.0,0.0,0.0,0.0,0.0,0.0,451.2661635739388,89.0707456480082,362.1954179259306,639.2623290820688,277.06691115613825,362.1954179259306,0
46.0,2.0,21.0,221.0,122056.36331156333,58092.14471186193,63964.2185997014,6279.260644728073,0.0,6279.260644728073,0.0,link,0.0,0.0,0.0,0.0,0.0,0.0,1044.5588611015105,327.4101788586201,717.1486822428905,1632.2210818644958,327.4101788586201,1304.8109030058756,0
46.0,2.0,23.0,222.0,131872.70614633957,62497.919354533005,69374.78679180656,5678.044393759095,5678.044393759095,0.0,9404.55520736285,link,0.0,0.0,0.0,0.0,0.0,0.0,1044.5588611015105,327.4101788586201,717.1486822428905,1575.95457260598,858.8058903630896,717.1486822428905,0
47.0,2.0,22.0,223.0,38579.295537849815,18952.69215084102,19626.6033870088,1763.219166427337,0.0,1763.219166427337,0.0,link,0.0,0.0,0.0,0.0,0.0,0.0,540.055028959505,352.4485645892647,187.60646437024022,705.070840479369,352.4485645892647,352.6222758901044,0
47.0,2.0,128.0,224.0,35162.62482989687,17399.45971996509,17763.16510993178,7435.637995433931,3663.3854298437486,3772.2525655901823,19815.112780906624,ra,30.0,30.0,0.0,1214.570833477833,695.2967658373227,519.2740676405103,706.2922590808116,352.4485645892647,353.84369449154684,187.60646437024022,0.0,187.60646437024022,1
47.0,2.0,28.0,225.0,35062.11998304022,16961.141448801816,18100.9785342384,1675.651535543216,1675.651535543216,0.0,29618.33132225415,link,0.0,0.0,0.0,0.0,0.0,0.0,353.84369449154684,0.0,353.84369449154684,510.6642436479159,156.82054915636905,353.84369449154684,0
48.0,2.0,24.0,226.0,16009.999934388854,7856.999966820751,8152.999967568103,2252.387938481718,0.0,2252.387938481718,0.0,link,0.0,0.0,0.0,0.0,0.0,0.0,260.1784467963076,260.1784467963076,0.0,470.97448996728656,260.1784467963076,210.796043170979,0
48.0,2.0,0.0,227.0,10228.9496360124,5180.369177535584,5048.580458476815,2203.4039084147803,2203.4039084147803,0.0,34790.83034290512,link,0.0,0.0,0.0,0.0,0.0,0.0,260.1784467963076,260.1784467963076,0.0,466.3901821132679,466.3901821132679,0.0,0
50.0,2.0,23.0,230.0,167288.29083468003,89420.76920845687,77867.52162622314,2077.529087866036,0.0,2077.529087866036,0.0,link,0.0,0.0,0.0,0.0,0.0,0.0,1468.5506590085395,893.214881457449,575.3357775510905,1662.982046165574,893.214881457449,769.7671647081249,0
50.0,2.0,25.0,231.0,167733.1420677742,89424.56834914754,78308.57371862668,2379.090073396836,2379.090073396836,0.0,2660.513408818963,link,0.0,0.0,0.0,0.0,0.0,0.0,1468.5506590085395,893.214881457449,575.3357775510905,1691.2044768750384,1115.8686993239478,575.3357775510905,0
51.0,2.0,23.0,232.0,68004.42841151668,33685.47219088722,34318.956220629465,2606.4986391770226,0.0,2606.4986391770226,0.0,link,0.0,0.0,0.0,0.0,0.0,0.0,711.0430767432422,486.59452724509083,224.44854949815135,954.9795631193068,486.59452724509083,468.385035874216,0
51.0,0.0,130.0,233.0,33100.995903315394,33100.995903315394,0.0,783.1629546866914,783.1629546866914,0.0,2344.9972799662905,ra,3.0,3.0,0.0,123.0,123.0,0.0,486.59452724509083,486.59452724509083,0.0,436.88902913153277,436.88902913153277,0.0,1
51.0,2.0,27.0,234.0,64426.23565632764,31754.48892503164,32671.746731296,1762.794004348873,1762.794004348873,0.0,7784.588682143257,link,0.0,0.0,0.0,0.0,0.0,0.0,661.3375786296841,436.88902913153277,224.44854949815135,826.3136001638555,601.8650506657042,224.44854949815135,0
53.0,2.0,24.0,237.0,26623.0,13216.0,13407.000000000002,1301.209681500001,0.0,1301.209681500001,0.0,link,0.0,0.0,0.0,0.0,0.0,0.0,500.99566350937926,387.63266036974466,113.36300313963457,622.7730214457134,387.63266036974466,235.14036107596877,0
53.0,2.0,28.0,238.0,26623.0,13216.0,13407.0,1282.6722719999998,1282.6722719999998,0.0,9705.486491353968,link,0.0,0.0,0.0,0.0,0.0,0.0,500.99566350937926,387.63266036974466,113.36300313963457,621.0381459802222,507.6751428405876,113.36300313963457,0
54.0,2.0,25.0,239.0,63790.74308365228,33602.55553767664,30188.187545975637,914.669079332492,0.0,914.669079332492,0.0,link,0.0,0.0,0.0,0.0,0.0,0.0,647.0884572142514,647.0884572142514,0.0,732.6903286503502,647.0884572142514,85.60187143609878,0
54.0,2.0,131.0,240.0,33762.441558617626,17029.212737248363,16733.228821369263,7185.418002340216,3714.280971775646,3471.13703056457,14118.05957838652,ra,35.0,0.0,35.0,1430.1821993528756,572.9626249328074,857.2195744200682,1179.4519360895636,647.0884572142514,532.3634788753121,421.7372355831938,421.7372355831938,0.0,1
54.0,2.0,26.0,241.0,32484.774457444895,16371.354345937669,16113.420111507226,929.5714925260236,929.5714925260236,0.0,19751.672738570145,link,0.0,0.0,0.0,0.0,0.0,0.0,954.100714458506,421.7372355831938,532.3634788753121,1041.0972700345903,508.73379115927827,532.3634788753121,0
55.0,2.0,26.0,242.0,35611.19993600926,17306.49996896785,18304.699967041404,3651.9540270608895,0.0,3651.9540270608895,0.0,link,0.0,0.0,0.0,0.0,0.0,0.0,788.9460892313922,788.9460892313922,0.0,1130.7244505849314,788.9460892313922,341.7783613535392,0
55.0,2.0,132.0,243.0,34335.6700861098,16687.900230609903,17647.769855499897,3806.716178738113,1850.014875297545,1956.701303440568,10714.232916978135,ra,28.0,0.0,28.0,1145.2083006574799,962.0849206278381,183.1233800296417,788.9460892313922,788.9460892313922,0.0,0.0,0.0,0.0,1
55.0,2.0,0.0,244.0,9015.000278806967,4116.000142012323,4899.000136794644,3382.273931804988,3382.273931804988,0.0,47911.36687265736,link,0.0,0.0,0.0,0.0,0.0,0.0,0.0,0.0,0.0,316.5395931863485,316.5395931863485,0.0,0
56.0,2.0,27.0,245.0,67553.51728478492,34432.267085202984,33121.25019958193,2367.0237097169543,0.0,2367.0237097169543,0.0,link,0.0,0.0,0.0,0.0,0.0,0.0,513.8125477731274,513.8125477731274,-1.4210854715202004e-14,735.3371011484944,513.8125477731274,221.5245533753669,0
56.0,1.0,134.0,246.0,28345.05378073905,0.0,28345.05378073905,1429.461201904893,0.0,1429.461201904893,14670.942506693847,ra,19.0,0.0,19.0,779.0,0.0,779.0,645.2198637810592,0.0,645.2198637810592,-1.4210854715202004e-14,0.0,-1.4210854715202004e-14,1
56.0,0.0,133.0,247.0,28758.648000424007,28758.648000424007,0.0,4635.222356187495,4635.222356187495,0.0,14715.488271793003,ra,0.0,-0.0,0.0,0.0,0.0,0.0,513.8125477731274,513.8125477731274,0.0,947.6128337756434,947.6128337756434,0.0,0
56.0,2.0,135.0,248.0,47006.10408228616,24072.8864014428,22933.21768084336,5972.3380643838445,1468.7067383505575,4503.631326033287,20490.182643268578,ra,8.0,0.0,8.0,281.1091975992195,208.70933355227032,72.39986404694919,1243.7475912709572,947.6128337756434,296.13475749531375,1521.5764038391603,876.3565400581012,645.2198637810592,1
56.0,2.0,29.0,249.0,45237.32656378552,23422.054813020965,21815.27175076456,2510.3156903599324,2510.3156903599324,0.0,31051.51115001564,link,0.0,0.0,0.0,0.0,0.0,0.0,1172.491297553415,876.3565400581012,296.13475749531375,1407.4262328712607,1111.291475375947,296.13475749531375,0
57.0,2.0,28.0,250.0,21608.0,10785.0,10823.000000000002,664.3049169999997,0.0,664.3049169999997,0.0,link,0.0,0.0,0.0,0.0,0.0,0.0,259.45983339851233,259.45983339851233,0.0,321.6306724312495,259.45983339851233,62.170839032737156,0
57.0,2.0,0.0,251.0,21608.0,10785.000000000002,10823.0,661.972515,661.972515,0.0,6137.906286244384,link,0.0,0.0,0.0,0.0,0.0,0.0,259.45983339851233,259.45983339851233,0.0,321.41238804769193,321.41238804769193,0.0,0
59.0,2.0,29.0,254.0,41763.642422810655,21836.31144790283,19927.330974907825,64.19229876066692,0.0,64.19229876066692,0.0,link,0.0,0.0,0.0,0.0,0.0,0.0,1212.457191473487,859.7293372828556,352.72785419063155,1218.4648078124021,859.7293372828555,358.7354705295466,0
59.0,0.0,137.0,255.0,11226.947197214342,11226.947197214342,0.0,4281.442654724177,4281.442654724177,0.0,25939.716113189967,ra,31.0,31.0,0.0,1260.420157571864,1260.420157571864,0.0,859.7293372828555,859.7293372828555,0.0,0.0,0.0,0.0,1
59.0,1.0,138.0,256.0,8142.41876965786,0.0,8142.41876965786,3768.951031500648,0.0,3768.951031500648,26235.491957639333,ra,0.0,0.0,-0.0,0.0,0.0,0.0,0.0,0.0,0.0,352.72785419063155,0.0,352.72785419063155,0
59.0,2.0,0.0,257.0,19030.167720862108,11064.89566740363,7965.272053458477,121.79539004601152,121.79539004601152,0.0,27032.750454879864,link,0.0,0.0,0.0,0.0,0.0,0.0,0.0,0.0,0.0,11.398563213525067,11.398563213525067,0.0,0
60.0,2.0,29.0,258.0,15204.999638753205,7325.999839362642,7878.999799390564,589.7618799510744,0.0,589.7618799510744,0.0,link,0.0,0.0,0.0,0.0,0.0,0.0,369.357370944619,369.357370944619,0.0,424.55189076191357,369.357370944619,55.194519817294555,0
60.0,2.0,136.0,259.0,13825.298552554461,6712.4814864233695,7112.817066131092,1621.7030872016057,781.773481624616,839.9296055769897,10738.631570167296,ra,13.0,13.0,0.0,521.1290032385343,442.5218350980681,78.60716814046623,369.357370944619,369.357370944619,0.0,0.0,0.0,0.0,1
60.0,2.0,0.0,260.0,9900.001134069504,4967.000504292169,4933.000629777334,588.1442988228391,588.1442988228391,0.0,22135.2935483001,link,0.0,0.0,0.0,0.0,0.0,0.0,0.0,0.0,0.0,55.0431339500936,55.0431339500936,0.0,0
