Time of calculation: 20220106-095607; value of objective: 556342479962.0671;  acc=27.333333333333332;  cfix=7000;  cvar=17750;  eta=0.0087;  mu=0.1859430513361825;  i=
segment_id,dir,type_ID,POI_ID,traffic_flow,traffic_flow_0,traffic_flow_1,energy_demand,energy_demand_0,energy_demand_1,dist_along_segment,pois_type,pYi_dir,pYi_dir_0,pYi_dir_1,pE_charged,pE_charged_0,pE_charged_1,pE_input,pE_input_0,pE_input_1,pE_output,pE_output_0,pE_output_1,pXi
0.0,2.0,0.0,0.0,26540.63611205301,13243.023903864512,13297.612208188497,4423.921231438179,0.0,4423.921231438179,0.0,link,0.0,0.0,0.0,0.0,0.0,0.0,0.0,0.0,0.0,17.931333952610213,0.0,17.931333952610213,0
0.0,2.0,1.0,1.0,26594.77697992819,13269.441574912722,13325.335405015468,810.0039769207759,31.774775427221,778.2292014935549,239.71582410116363,ra,6.0,0.0,6.0,32.25267383998848,0.1287916487765916,32.12388219121189,28.96951144778942,0.0,28.96951144778942,0.0,0.0,0.0,1
0.0,2.0,0.0,2.0,45891.071384772644,24132.535484801192,21758.535899971448,10453.078391900737,5371.86342144895,5081.214970451788,24427.46216029796,ra,0.0,0.0,0.0,0.0,0.0,0.0,8.373990471356162,0.0,8.373990471356162,50.74310820021127,21.773596752421852,28.96951144778942,0
0.0,1.0,2.0,3.0,5594.606273434111,0.0,5594.606273434111,2065.9854049899545,0.0,2065.9854049899545,68504.60131061138,ra,0.0,0.0,0.0,0.0,0.0,0.0,0.0,0.0,0.0,8.373990471356162,0.0,8.373990471356162,0
0.0,0.0,3.0,4.0,4553.083889317481,4553.083889317481,0.0,7187.448325138304,7187.448325138304,0.0,79329.13749040988,ra,0.0,0.0,0.0,0.0,0.0,0.0,21.773596752421852,21.773596752421852,0.0,50.906243886667035,50.906243886667035,0.0,0
0.0,2.0,4.0,5.0,7895.539602766943,4645.32330643337,3250.2162963335736,2342.9750495919843,1038.6617908113935,1304.3132587805906,104473.7124161702,ra,3.0,0.0,3.0,55.11190543500881,25.98357031671169,29.128335118297123,74.74784911117516,50.906243886667035,23.841605224508122,29.132647134245182,29.132647134245182,0.0,1
0.0,2.0,5.0,6.0,19815.36822147169,9562.72950758806,10252.63871388363,7959.026265117185,2076.9550358924675,5882.071229224718,133409.21035475997,ra,0.0,0.0,0.0,0.0,0.0,0.0,29.132647134245182,29.132647134245182,0.0,61.39270567308506,37.55110044857694,23.841605224508122,0
0.0,2.0,6.0,7.0,38420.41317046725,19234.66349454688,19185.749675920368,10291.73164091456,4957.101208651553,5334.630432263007,173065.41379977632,ra,4.0,0.0,4.0,96.71229596630762,37.551100448576946,59.161195517730675,75.08961446038757,37.55110044857694,37.53851401181063,20.092454761072258,20.092454761072258,0.0,1
0.0,1.0,7.0,8.0,21229.45737990749,0.0,21229.45737990749,31.90719068892483,0.0,31.90719068892483,176940.22069628988,ra,0.0,0.0,0.0,0.0,0.0,0.0,37.40918564862305,0.0,37.40918564862305,37.53851401181063,0.0,37.53851401181063,0
0.0,2.0,0.0,9.0,50605.7308716768,25638.902393873523,24966.82847780328,5210.178551742356,5210.178551742356,0.0,194059.96494613093,link,0.0,0.0,0.0,0.0,0.0,0.0,57.50164040969531,20.092454761072258,37.40918564862305,78.6198852148017,41.21069956617865,37.40918564862305,0
1.0,2.0,0.0,10.0,41635.269674683135,21021.62675530025,20613.64291938288,39.776186500955454,0.0,39.776186500955454,0.0,link,0.0,0.0,0.0,0.0,0.0,0.0,49.14696364670212,46.19935114396169,2.9476125027404247,49.30818715096376,46.19935114396169,3.108836007002066,0
1.0,2.0,8.0,11.0,39859.943598360216,20128.71002741653,19731.23357094369,2276.328443367862,1715.7273142405495,560.6011291273123,8218.215919324155,ra,6.0,0.0,6.0,71.11536459903549,53.15365205344257,17.961712545592913,64.83641013358759,46.19935114396169,18.6370589896259,2.9476125027404247,0.0,2.9476125027404247,1
1.0,0.0,9.0,12.0,15021.9786197919,15021.9786197919,0.0,1426.8426564048834,1426.8426564048834,0.0,16747.064047816148,ra,0.0,0.0,0.0,0.0,0.0,0.0,0.0,0.0,0.0,5.783374258114425,5.783374258114425,0.0,0
1.0,2.0,10.0,13.0,29629.27020666332,14994.151703987822,14635.1185026755,191.32891529796464,24.711112058686385,166.61780323927826,16911.740762175257,ra,0.0,0.0,0.0,0.0,0.0,0.0,23.745086803707338,5.783374258114425,17.961712545592913,24.420433247740323,5.783374258114425,18.6370589896259,0
1.0,2.0,14.0,14.0,23126.81664543996,11846.335117703364,11280.481527736596,2715.588968665061,1386.7595429137232,1328.829425751338,27721.26496153286,ra,0.0,0.0,0.0,0.0,0.0,0.0,18.358986339288283,5.783374258114425,12.575612081173857,23.745086803707338,5.783374258114425,17.961712545592913,0
1.0,1.0,13.0,15.0,11337.261932088282,0.0,11337.261932088282,1420.2485369302626,0.0,1420.2485369302626,29194.630965596883,ra,0.0,0.0,0.0,0.0,0.0,0.0,6.818965549941764,0.0,6.818965549941764,12.575612081173857,0.0,12.575612081173857,0
1.0,0.0,12.0,16.0,11885.52653584708,11885.52653584708,0.0,208.50481099773148,208.50481099773148,0.0,29478.47368022978,ra,0.0,0.0,0.0,0.0,0.0,0.0,5.783374258114425,5.783374258114425,0.0,5.783374258114425,5.783374258114425,0.0,0
1.0,0.0,15.0,17.0,11960.17018283512,11960.17018283512,0.0,465.471180470787,465.471180470787,0.0,33381.72336961185,ra,0.0,0.0,0.0,0.0,0.0,0.0,5.783374258114425,5.783374258114425,0.0,7.670053234906242,7.670053234906242,0.0,0
1.0,2.0,16.0,18.0,23460.93532657191,11970.385389125157,11490.549937446756,1768.6682817168698,86.33017164884411,1682.3381100680258,34103.26049306036,ra,0.0,0.0,0.0,0.0,0.0,0.0,7.670053234906242,7.670053234906242,0.0,8.70564452673358,1.8866789767918168,6.818965549941764,0
1.0,2.0,0.0,19.0,23472.95328481904,11974.880939958675,11498.072344860364,41.43137038083431,41.43137038083431,0.0,34449.34645750041,link,0.0,0.0,0.0,0.0,0.0,0.0,1.8866789767918168,1.8866789767918168,0.0,0.1679324064663571,0.1679324064663571,0.0,0
2.0,2.0,0.0,20.0,68929.16895257494,33758.81379308793,35170.35515948701,2037.3044909279515,0.0,2037.3044909279515,0.0,link,0.0,0.0,0.0,0.0,0.0,0.0,85.39827081881849,27.18350433408924,58.214766484729246,93.65600988758248,27.183504334089243,66.47250555349325,0
2.0,1.0,11.0,21.0,34398.2821383792,0.0,34398.2821383792,0.1779942533838276,0.0,0.1779942533838276,2598.411645460739,ra,0.0,0.0,0.0,0.0,0.0,0.0,58.21404502649523,0.0,58.21404502649523,58.214766484729246,0.0,58.214766484729246,0
2.0,0.0,17.0,22.0,24285.97411997901,24285.97411997901,0.0,5629.753466227842,5629.753466227842,0.0,19826.030918871555,ra,0.0,0.0,0.0,0.0,0.0,0.0,27.183504334089243,27.183504334089243,0.0,50.0023982954943,50.0023982954943,0.0,0
2.0,1.0,18.0,23.0,24186.0911430872,0.0,24186.0911430872,4128.069297151063,0.0,4128.069297151063,19924.554475399083,ra,0.0,0.0,0.0,0.0,0.0,0.0,41.481877956995035,0.0,41.481877956995035,58.21404502649523,0.0,58.21404502649523,0
2.0,0.0,19.0,24.0,24395.8043620461,24395.8043620461,0.0,1107.9496170791724,1107.9496170791724,0.0,24376.283905318956,ra,0.0,0.0,0.0,0.0,0.0,0.0,50.0023982954943,50.0023982954943,0.0,54.493213919726074,54.493213919726074,0.0,0
2.0,0.0,20.0,25.0,18382.744960495544,18382.744960495544,0.0,3193.5958308596214,3193.5958308596214,0.0,38424.04808590371,ra,0.0,0.0,0.0,0.0,0.0,0.0,54.493213919726074,54.493213919726074,0.0,67.43771052284283,67.43771052284283,0.0,0
2.0,1.0,21.0,26.0,18491.613365488807,0.0,18491.613365488807,4453.992496188428,0.0,4453.992496188428,38987.68062551749,ra,0.0,0.0,0.0,0.0,0.0,0.0,23.428657139224985,0.0,23.428657139224985,41.481877956995035,0.0,41.481877956995035,0
2.0,2.0,22.0,27.0,37060.49951410931,18323.84940673533,18736.65010737398,9037.685965220891,4162.991831646682,4874.69413357421,60686.533174562566,ra,7.0,0.0,7.0,84.31142794908591,84.31142794908591,4.440892098500626e-16,71.10793077924545,67.43771052284283,3.6702202564026196,23.428657139224985,0.0,23.428657139224985,1
2.0,2.0,23.0,28.0,37058.90292655935,18323.112740357166,18735.790186202183,905.6708621966342,0.1740732089699103,905.4967889876642,60687.52230976862,ra,0.0,0.0,0.0,0.0,0.0,0.0,0.0,0.0,0.0,3.6702202564026196,0.0,3.6702202564026196,0
2.0,2.0,0.0,29.0,23931.60016336258,12393.941571693274,11537.658591669302,2066.8759536088314,2066.8759536088314,0.0,74788.45855603463,link,0.0,0.0,0.0,0.0,0.0,0.0,0.0,0.0,0.0,8.377600102687895,8.377600102687895,0.0,0
3.0,2.0,0.0,30.0,27844.0,14880.0,12964.0,276.638796,0.0,276.638796,0.0,link,0.0,0.0,0.0,0.0,0.0,0.0,0.0,0.0,0.0,1.1212909036609118,0.0,1.1212909036609118,0
3.0,0.0,24.0,31.0,14880.0,14880.0,0.0,43.31568,43.31568,0.0,291.13911748382634,ra,0.0,0.0,0.0,0.0,0.0,0.0,0.0,0.0,0.0,0.1755700164697322,0.1755700164697322,0.0,0
3.0,1.0,25.0,32.0,12963.999999999998,0.0,12963.999999999998,50.78647,0.0,50.78647,391.7896627176565,ra,0.0,0.0,0.0,0.0,0.0,0.0,4.697053479995805,0.0,4.697053479995805,0.0,0.0,0.0,0
3.0,2.0,1.0,33.0,27844.0,14880.000000000002,12964.0,332.50104000000005,332.50104000000005,0.0,2525.7146416492456,link,0.0,0.0,0.0,0.0,0.0,0.0,12.482206368633054,0.1755700164697322,12.306636352163322,6.22033899046224,1.523285510466435,4.697053479995805,0
4.0,2.0,1.0,34.0,59761.3086274698,30037.341974575906,29723.966652893894,2541.480423000085,0.0,2541.480423000085,0.0,link,0.0,0.0,0.0,0.0,0.0,0.0,22.629028756185733,22.629028756185733,0.0,32.93032749427843,22.629028756185733,10.301298738092694,0
4.0,1.0,29.0,35.0,19741.19620746718,0.0,19741.19620746718,941.1307808897812,0.0,941.1307808897812,27421.918402146952,ra,7.0,0.0,7.0,48.06777854636084,0.0,48.06777854636084,44.25312420638532,0.0,44.25312420638532,0.0,0.0,0.0,1
4.0,0.0,28.0,36.0,20188.77400206591,20188.77400206591,0.0,6913.407817081132,6913.407817081132,0.0,27456.275537656256,ra,0.0,0.0,0.0,0.0,0.0,0.0,22.629028756185733,22.629028756185733,0.0,50.650916541553755,50.650916541553755,0.0,0
4.0,2.0,31.0,37.0,24242.046721440067,16011.081415437498,8230.965306002568,10336.618270691582,5459.807289653861,4876.810981037721,57952.436449648114,ra,0.0,0.0,0.0,0.0,0.0,0.0,75.13702371714183,50.650916541553755,24.48610717558808,117.03409747949893,72.7809732731136,44.25312420638532,0
4.0,2.0,30.0,38.0,24222.436414627213,16010.688472387346,8211.747942239866,2097.1816748164333,3.698514594089785,2093.4831602223435,57975.56024030675,ra,7.0,0.0,7.0,50.650916541553755,50.650916541553755,0.0,88.78163423339711,72.7809732731136,16.00066096028351,46.631154974313404,22.14504779872532,24.48610717558808,1
4.0,2.0,35.0,39.0,21337.90578167672,10925.606078379402,10412.299703297318,4724.821457700606,2596.3850909026173,2128.436366797988,78476.45534742385,ra,0.0,0.0,0.0,0.0,0.0,0.0,29.518587864831485,22.14504779872532,7.373540066106167,48.66955077583829,32.66888981555478,16.00066096028351,0
4.0,0.0,40.0,40.0,10876.999998084551,10876.999998084551,0.0,1976.660743966538,1976.660743966538,0.0,96645.26673532616,ra,0.0,0.0,0.0,0.0,0.0,0.0,32.66888981555478,32.66888981555478,0.0,40.680823585803296,40.680823585803296,0.0,0
4.0,1.0,41.0,41.0,10239.998724530997,0.0,10239.998724530997,1817.260584824645,0.0,1817.260584824645,99246.70723666706,ra,0.0,0.0,0.0,0.0,0.0,0.0,0.007697701229103624,0.0,0.007697701229103624,7.373540066106167,0.0,7.373540066106167,0
4.0,2.0,42.0,42.0,15349.448623427987,7293.1561007636,8056.292522664386,2244.8438549829234,2242.944719983224,1.8991349996993472,124531.18468963404,ra,7.0,0.0,7.0,101.75674706665382,41.76014363930067,59.996603427353136,100.67742701315643,40.680823585803296,59.996603427353136,8.019631471477618,8.011933770248515,0.007697701229103624,1
4.0,2.0,45.0,43.0,29499.999782114108,14928.999812810407,14570.9999693037,9965.395457829238,4949.374190304771,5016.021267524467,160563.71538932095,ra,0.0,0.0,0.0,0.0,0.0,0.0,47.677263706066995,8.011933770248515,39.66532993581848,88.06967229017496,28.073068862821835,59.996603427353136,0
4.0,2.0,49.0,44.0,29501.249670962527,14929.610924790286,14571.63874617224,7771.3951170941245,964.2534476850196,6807.141669409105,167022.61670697512,ra,0.0,0.0,0.0,0.0,0.0,0.0,40.147236083199694,28.073068862821835,12.074167220377857,71.6467754809654,31.98144554514692,39.66532993581848,0
4.0,2.0,2.0,45.0,37135.97924873808,18661.98985536135,18473.98939337673,2580.116572311374,2580.116572311374,0.0,182066.4548482201,link,0.0,0.0,0.0,0.0,0.0,0.0,44.05561276552478,31.98144554514692,12.074167220377857,54.513514132755695,42.439346912377836,12.074167220377857,0
5.0,2.0,1.0,46.0,68793.7826224039,33913.44536880647,34880.33725359744,3843.82209257494,0.0,3843.82209257494,0.0,link,0.0,0.0,0.0,0.0,0.0,0.0,24.0515870232599,8.260271708939994,15.791315314319906,39.631624277669914,8.260271708939994,31.37135256872992,0
5.0,1.0,26.0,47.0,36003.524001333615,0.0,36003.524001333615,3895.947466930393,0.0,3895.947466930393,10624.424038435742,ra,0.0,0.0,0.0,0.0,0.0,0.0,0.0,0.0,0.0,15.791315314319906,0.0,15.791315314319906,0
5.0,0.0,27.0,48.0,32653.80091590929,32653.80091590929,0.0,4178.141771103933,4178.141771103933,0.0,12028.538687185455,ra,0.0,0.0,0.0,0.0,0.0,0.0,8.260271708939994,8.260271708939994,0.0,25.19539588488722,25.19539588488722,0.0,0
5.0,2.0,32.0,49.0,33127.66797826424,16315.8916479239,16811.776330340337,9152.204545843142,5870.836452837575,3281.368093005566,39273.39357565199,ra,8.0,0.0,8.0,137.5015109129637,48.99146356097581,88.5100473519879,100.40518221979676,25.19539588488722,75.20978633490954,0.0,0.0,0.0,1
5.0,1.0,36.0,50.0,15728.354223345885,0.0,15728.354223345885,1275.7622080104995,0.0,1275.7622080104995,47330.36386477938,ra,0.0,0.0,0.0,0.0,0.0,0.0,70.03878147311666,0.0,70.03878147311666,75.20978633490954,0.0,75.20978633490954,0
5.0,0.0,39.0,51.0,16181.036957810447,16181.036957810447,0.0,2402.71193975453,2402.71193975453,0.0,54808.46507060479,ra,0.0,0.0,0.0,0.0,0.0,0.0,0.0,0.0,0.0,9.738833023854758,9.738833023854758,0.0,0
5.0,1.0,43.0,52.0,15425.054197747386,0.0,15425.054197747386,6550.9163885109065,0.0,6550.9163885109065,67696.58292643339,ra,0.0,0.0,0.0,0.0,0.0,0.0,43.486168234153325,0.0,43.486168234153325,70.03878147311666,0.0,70.03878147311666,0
5.0,0.0,44.0,53.0,16743.940970134765,16743.940970134765,0.0,2188.52376611744,2188.52376611744,0.0,67916.71774036821,ra,0.0,0.0,0.0,0.0,0.0,0.0,9.738833023854758,9.738833023854758,0.0,18.609504191008067,18.609504191008067,0.0,0
5.0,1.0,50.0,54.0,23926.865751230227,0.0,23926.865751230227,3865.032082238866,0.0,3865.032082238866,86150.64463711552,ra,0.0,0.0,0.0,0.0,0.0,0.0,27.82016122849807,0.0,27.82016122849807,43.486168234153325,0.0,43.486168234153325,0
5.0,0.0,51.0,55.0,23976.591723992253,23976.591723992253,0.0,3863.210440192499,3863.210440192499,0.0,86198.21188888987,ra,0.0,0.0,0.0,0.0,0.0,0.0,18.609504191008067,18.609504191008067,0.0,34.268127595064946,34.268127595064946,0.0,0
5.0,2.0,4.0,56.0,48295.998738473485,24204.99925545633,24090.99948301716,3849.659028767285,3849.659028767285,0.0,102115.05106186114,link,0.0,0.0,0.0,0.0,0.0,0.0,67.03032916042994,34.268127595064946,32.762201565365004,77.69198473884185,49.87182351034379,27.82016122849807,0
6.0,2.0,0.0,57.0,17593.52882743976,9370.089853693322,8223.438973746437,3280.588971659345,0.0,3280.588971659345,0.0,link,0.0,0.0,0.0,0.0,0.0,0.0,0.0,0.0,0.0,13.297103030234156,0.0,13.297103030234156,0
6.0,0.0,34.0,58.0,9440.700126436834,9440.700126436834,0.0,115.62791616056612,115.62791616056612,0.0,1229.5619294335402,ra,0.0,0.0,0.0,0.0,0.0,0.0,0.0,0.0,0.0,0.4686708172345767,0.4686708172345767,0.0,0
6.0,0.0,33.0,59.0,9685.754071387502,9685.754071387502,0.0,302.82244713524466,302.82244713524466,0.0,4398.318016945725,ra,0.0,0.0,0.0,0.0,0.0,0.0,0.4686708172345767,0.4686708172345767,0.0,1.6960910500680337,1.6960910500680337,0.0,0
6.0,1.0,38.0,60.0,13533.136089729269,0.0,13533.136089729269,3267.2679643300085,0.0,3267.2679643300085,19100.037855584003,ra,0.0,0.0,0.0,0.0,0.0,0.0,0.0,0.0,0.0,0.0,0.0,0.0,0
6.0,0.0,37.0,61.0,14150.210375121094,14150.210375121094,0.0,1803.67381185194,1803.67381185194,0.0,19123.313502380493,ra,0.0,0.0,0.0,0.0,0.0,0.0,1.6960910500680337,1.6960910500680337,0.0,9.00686259637343,9.00686259637343,0.0,0
6.0,2.0,48.0,62.0,30972.88424037613,15986.27621540026,14986.608024975872,5468.198643546355,3421.909443445684,2046.2892001006717,42213.94659999393,ra,4.0,0.0,4.0,62.13655100243194,22.876775231790695,39.25977577064125,39.972481873026595,9.00686259637343,30.965619276653165,0.0,0.0,0.0,1
6.0,2.0,3.0,63.0,43852.38298306345,22912.25382809093,20940.12915497252,3553.9006048965416,3553.9006048965416,0.0,60876.22424217983,link,0.0,0.0,0.0,0.0,0.0,0.0,30.965619276653165,0.0,30.965619276653165,45.370527331507134,14.404908054853973,30.965619276653165,0
7.0,2.0,0.0,64.0,11819.728833092571,5668.999528653672,6150.729304438899,2312.6327385691666,0.0,2312.6327385691666,0.0,link,0.0,0.0,0.0,0.0,0.0,0.0,0.0,0.0,0.0,9.373717970006021,0.0,9.373717970006021,0
7.0,2.0,46.0,65.0,16750.439961073742,8281.792263693602,8468.64769738014,443.91171562073237,439.3743632250341,4.537352395698317,6667.955447556553,ra,7.0,0.0,7.0,22.704527507144395,0.0,22.704527507144395,22.68613640639654,0.0,22.68613640639654,1.7809016085583171,1.7809016085583171,0.0,1
7.0,2.0,47.0,66.0,16803.00194301874,8309.644744099518,8493.35719891922,469.008092957891,4.438227533612364,464.56986542427865,6721.474926778252,ra,0.0,0.0,0.0,0.0,0.0,0.0,22.584012308700636,1.7809016085583171,20.80311070014232,24.48502733617001,1.7988909297734692,22.68613640639654,0
7.0,2.0,2.0,67.0,31479.264687684805,14962.675134733858,16516.589552950947,2176.386974618303,2176.386974618303,0.0,25294.541879356693,link,0.0,0.0,0.0,0.0,0.0,0.0,22.60200162991579,1.7988909297734692,20.80311070014232,31.42347914055965,10.620368440417332,20.80311070014232,0
8.0,2.0,2.0,68.0,14782.369584642798,7482.847541600488,7299.522043042311,571.5351732524385,0.0,571.5351732524385,0.0,link,0.0,0.0,0.0,0.0,0.0,0.0,20.927583741230492,18.653940614858545,2.2736431263719483,23.244168400202994,18.653940614858545,4.590227785344448,0
8.0,2.0,52.0,69.0,9208.206367128356,4168.183876582084,5040.022490546272,1091.488655298786,530.5477835235342,560.9408717752517,9055.824498122218,ra,6.0,0.0,6.0,20.80439243949126,20.80439243949126,0.0,18.653940614858545,18.653940614858545,0.0,2.2736431263719483,0.0,2.2736431263719483,1
8.0,2.0,0.0,70.0,9708.89067456805,5120.673657931851,4588.2170166362,557.603815055505,557.603815055505,0.0,21173.685305885127,link,0.0,0.0,0.0,0.0,0.0,0.0,0.0,0.0,0.0,2.260117144481641,2.260117144481641,0.0,0
9.0,2.0,2.0,71.0,31818.423136170015,16104.883545196824,15713.539590973189,3261.4825971182563,0.0,3261.4825971182563,0.0,link,0.0,0.0,0.0,0.0,0.0,0.0,19.33838439551486,19.33838439551486,0.0,32.55804418826883,19.33838439551486,13.21965979275397,0
9.0,2.0,55.0,72.0,36693.05587768159,18116.80864806472,18576.24722961687,5325.486521774037,2708.000893980142,2617.485627793895,15445.371783397328,ra,6.0,0.0,6.0,57.323888378552645,30.314635064005877,27.00925331454677,35.73826958329872,19.33838439551486,16.39988518778386,0.0,0.0,0.0,1
9.0,2.0,7.0,73.0,31601.85426430268,15291.911788888328,16309.942475414353,3142.329967824336,3142.329967824336,0.0,33157.12684688381,link,0.0,0.0,0.0,0.0,0.0,0.0,16.39988518778386,0.0,16.39988518778386,29.13658755986371,12.73670237207985,16.39988518778386,0
10.0,2.0,3.0,74.0,31606.669563938915,16070.547455207432,15536.122108731484,43.81406893215462,0.0,43.81406893215462,0.0,link,0.0,0.0,0.0,0.0,0.0,0.0,29.393937586173383,29.393937586173383,0.0,29.57152770605663,29.393937586173383,0.17759011988324708,0
10.0,2.0,53.0,75.0,20482.292071415013,10386.965680851748,10095.326390563265,3859.9783717818373,1960.6175793947991,1899.3607923870384,14793.406531478646,ra,4.0,0.0,4.0,73.12952668699461,37.34084412683467,35.78868256015994,57.4840037191791,29.393937586173383,28.090066133005713,0.0,0.0,0.0,1
10.0,2.0,4.0,76.0,20473.61899569675,10382.534499411437,10091.084496285315,45.07964033000498,45.07964033000498,0.0,15227.535521101405,link,0.0,0.0,0.0,0.0,0.0,0.0,28.090066133005713,0.0,28.090066133005713,28.272785951676195,0.18271981867048095,28.090066133005713,0
11.0,2.0,3.0,77.0,48420.054142922716,24599.82318293021,23820.230959992503,1269.8213138175106,0.0,1269.8213138175106,0.0,link,0.0,0.0,0.0,0.0,0.0,0.0,58.247860374327914,8.80886325881446,49.43899711551345,63.394785205718236,8.80886325881446,54.585921946903774,0
11.0,2.0,54.0,78.0,48814.99317229718,24295.434711773956,24519.55846052323,3388.4082292149897,1701.6312773650386,1686.7769518499513,6967.487148144968,ra,0.0,0.0,0.0,0.0,0.0,0.0,51.41090301345857,8.80886325881446,42.60203975464411,65.1450262826639,15.706029167150454,49.43899711551345,0
11.0,1.0,56.0,79.0,22284.926619444108,0.0,22284.926619444108,1685.094433220274,0.0,1685.094433220274,14053.388239050711,ra,0.0,0.0,0.0,0.0,0.0,0.0,35.771902091018895,0.0,35.771902091018895,42.60203975464411,0.0,42.60203975464411,0
11.0,2.0,5.0,80.0,42919.8251598076,21285.35848456856,21634.466675239044,2910.8952617885475,2910.8952617885475,0.0,19878.69006465457,link,0.0,0.0,0.0,0.0,0.0,0.0,51.47793125816935,15.706029167150454,35.771902091018895,63.276566972854674,27.50466488183578,35.771902091018895,0
12.0,2.0,4.0,81.0,53131.67233206281,26537.18348117461,26594.4888508882,1562.324430007989,0.0,1562.324430007989,0.0,link,0.0,0.0,0.0,0.0,0.0,0.0,88.27479412086772,45.15162022359008,43.123173897277645,60.34415856087564,18.736857499590137,41.607301061285504,0
12.0,0.0,58.0,82.0,22288.895823895957,22288.895823895957,0.0,3364.25769729557,3364.25769729557,0.0,13722.635716121396,ra,0.0,0.0,0.0,0.0,0.0,0.0,18.736857499590137,18.736857499590137,0.0,20.966577740430285,20.966577740430285,0.0,0
12.0,1.0,57.0,83.0,22492.6689728353,0.0,22492.6689728353,3393.592303197099,0.0,3393.592303197099,13775.369179933106,ra,0.0,0.0,0.0,0.0,0.0,0.0,36.709964099479386,0.0,36.709964099479386,43.123173897277645,0.0,43.123173897277645,0
12.0,2.0,5.0,84.0,44751.07719214048,22273.03927625819,22478.037915882287,1559.840879232986,1559.840879232986,0.0,20725.095833182608,link,0.0,0.0,0.0,0.0,0.0,0.0,57.676541839909675,20.966577740430285,36.709964099479386,61.86369411505455,25.153730015575164,36.709964099479386,0
13.0,2.0,4.0,85.0,25987.610544625633,13119.378445562592,12868.232099063043,1205.3834904693945,0.0,1205.3834904693945,0.0,link,0.0,0.0,0.0,0.0,0.0,0.0,58.50877340118937,24.526235498888465,33.982537902300905,50.98879110820619,12.120512077656697,38.868279030549495,0
13.0,2.0,59.0,86.0,13974.00634747334,7033.004117758563,6941.002229714777,6883.850493770728,3777.525971618388,3106.32452215234,36309.89528647439,ra,0.0,0.0,0.0,0.0,0.0,0.0,33.51228729275935,12.120512077656697,21.391775215102655,56.66617345218371,22.68363554988281,33.982537902300905,0
13.0,1.0,63.0,87.0,7362.494657393186,0.0,7362.494657393186,661.497609325267,0.0,661.497609325267,54986.89266391457,ra,0.0,0.0,0.0,0.0,0.0,0.0,18.710548782459195,0.0,18.710548782459195,21.391775215102655,0.0,21.391775215102655,0
13.0,0.0,62.0,88.0,7963.314490087364,7963.314490087364,0.0,1395.6084792930023,1395.6084792930023,0.0,55258.29185590623,ra,0.0,0.0,0.0,0.0,0.0,0.0,22.68363554988281,22.68363554988281,0.0,20.968095173541126,20.968095173541126,0.0,0
13.0,2.0,70.0,89.0,20915.585370117602,10623.723419117588,10291.861951000015,6679.2986941238505,3389.0040936651603,3290.29460045869,85720.88488710183,ra,0.0,0.0,0.0,0.0,0.0,0.0,26.342201420807452,20.968095173541126,5.374106247266325,53.41518242291997,34.70463364046077,18.710548782459195,0
13.0,1.0,71.0,90.0,10312.666692975632,0.0,10312.666692975632,1325.8702777004075,0.0,1325.8702777004075,92148.0377185692,ra,0.0,0.0,0.0,0.0,0.0,0.0,0.0,0.0,0.0,5.374106247266325,0.0,5.374106247266325,0
13.0,0.0,75.0,91.0,10865.41330620228,10865.41330620228,0.0,2225.2267853650983,2225.2267853650983,0.0,106351.19825280692,ra,0.0,0.0,0.0,0.0,0.0,0.0,34.70463364046077,34.70463364046077,0.0,43.72407194445229,43.72407194445229,0.0,0
13.0,2.0,80.0,92.0,21769.313571554885,10924.77173173255,10844.541839822334,5231.405901354321,1587.860206417783,3643.5456949365375,121274.1282993086,ra,7.0,0.0,7.0,79.21975067369584,50.160093324987066,29.05965734870878,58.015465752839646,43.72407194445229,14.291393808387353,0.0,0.0,0.0,1
13.0,2.0,8.0,93.0,20326.83796736937,10049.65492309056,10277.18304427881,1199.9706688262263,1199.9706688262263,0.0,132616.96921985535,link,0.0,0.0,0.0,0.0,0.0,0.0,14.291393808387353,0.0,14.291393808387353,19.155195325274914,4.86380151688756,14.291393808387353,0
14.0,2.0,5.0,94.0,94497.82264774677,47019.26687675304,47478.55577099372,936.3425207579636,0.0,936.3425207579636,0.0,link,0.0,0.0,0.0,0.0,0.0,0.0,96.61017294940476,40.290973949748704,56.31919899965605,82.28845915120402,22.174013908367986,60.114445242836034,0
14.0,0.0,61.0,95.0,46935.18990316021,46935.18990316021,0.0,2174.788745042169,2174.788745042169,0.0,4629.482620571615,ra,0.0,0.0,0.0,0.0,0.0,0.0,22.174013908367986,22.174013908367986,0.0,22.174013908367986,22.174013908367986,0.0,0
14.0,1.0,60.0,96.0,47664.75200387175,0.0,47664.75200387175,2204.32457448694,0.0,2204.32457448694,4633.73189838993,ra,0.0,0.0,0.0,0.0,0.0,0.0,57.30542102113882,0.0,57.30542102113882,56.31919899965605,0.0,56.31919899965605,0
14.0,2.0,6.0,97.0,94641.69117202783,46900.62074452682,47741.07042750101,922.9194205020584,922.9194205020584,0.0,6596.600389256655,link,0.0,0.0,0.0,0.0,0.0,0.0,96.48847098192299,22.174013908367986,74.314457073555,79.47943492950681,22.174013908367986,57.30542102113882,0
15.0,2.0,6.0,98.0,75207.49134104664,44538.30191090561,30669.189430141025,1884.850151816533,0.0,1884.850151816533,0.0,link,0.0,0.0,0.0,0.0,0.0,0.0,71.54424678042578,45.13492523041284,26.409321550012944,62.537473495162146,28.488351018616225,34.04912247654592,0
15.0,1.0,64.0,99.0,16721.32745245393,0.0,16721.32745245393,6515.564241999581,0.0,6515.564241999581,25738.743223846097,ra,0.0,0.0,0.0,0.0,0.0,0.0,0.0,0.0,0.0,26.409321550012944,0.0,26.409321550012944,0
15.0,0.0,65.0,100.0,16271.068415411031,16271.068415411031,0.0,7891.47329091754,7891.47329091754,0.0,25740.902218562274,ra,0.0,0.0,0.0,0.0,0.0,0.0,28.488351018616225,28.488351018616225,0.0,15.03420255834277,15.03420255834277,0.0,0
15.0,2.0,0.0,101.0,10998.091984936455,5379.561945168664,5618.530039767791,1825.012570497084,1825.012570497084,0.0,48631.17855592899,link,0.0,0.0,0.0,0.0,0.0,0.0,15.03420255834277,15.03420255834277,0.0,7.3972632326132555,7.3972632326132555,0.0,0
16.0,2.0,6.0,102.0,79740.5667298025,40135.953102102525,39604.61362769997,2800.895581315986,0.0,2800.895581315986,0.0,link,0.0,0.0,0.0,0.0,0.0,0.0,109.46218087374926,28.794356297073534,80.66782457667573,113.4080388613541,21.387436645226607,92.02060221612749,0
16.0,1.0,66.0,103.0,29014.9759926702,0.0,29014.9759926702,4194.662066106028,0.0,4194.662066106028,12316.83855333374,ra,0.0,0.0,0.0,0.0,0.0,0.0,63.66573923411164,0.0,63.66573923411164,80.66782457667573,0.0,80.66782457667573,0
16.0,0.0,67.0,104.0,29278.008085254503,29278.008085254503,0.0,4585.787822607259,4585.787822607259,0.0,12575.946688510528,ra,0.0,0.0,0.0,0.0,0.0,0.0,21.387436645226607,21.387436645226607,0.0,24.12922052793629,24.12922052793629,0.0,0
16.0,0.0,72.0,105.0,28145.02656728497,28145.02656728497,0.0,3642.99524799985,3642.99524799985,0.0,25449.08031583349,ra,0.0,0.0,0.0,0.0,0.0,0.0,24.12922052793629,24.12922052793629,0.0,35.405937102523076,35.405937102523076,0.0,0
16.0,1.0,74.0,106.0,25731.855828829863,0.0,25731.855828829863,3150.32793358614,0.0,3150.32793358614,32933.75197391795,ra,0.0,0.0,0.0,0.0,0.0,0.0,50.8966189713159,0.0,50.8966189713159,63.66573923411164,0.0,63.66573923411164,0
16.0,0.0,76.0,107.0,25418.722177742115,25418.722177742115,0.0,6370.068704760761,6370.068704760761,0.0,49497.46890143416,ra,0.0,0.0,0.0,0.0,0.0,0.0,35.405937102523076,35.405937102523076,0.0,61.22552639231773,61.22552639231773,0.0,0
16.0,1.0,77.0,108.0,25469.36930201462,0.0,25469.36930201462,3629.483350372933,0.0,3629.483350372933,49565.51842080065,ra,0.0,0.0,0.0,0.0,0.0,0.0,36.18535386820325,0.0,36.18535386820325,50.8966189713159,0.0,50.8966189713159,0
16.0,1.0,82.0,109.0,26935.54974771189,0.0,26935.54974771189,4731.076881969367,0.0,4731.076881969367,67595.96875209869,ra,0.0,0.0,0.0,0.0,0.0,0.0,17.009036052416192,0.0,17.009036052416192,36.18535386820325,0.0,36.18535386820325,0
16.0,0.0,83.0,110.0,27462.47510980443,27462.47510980443,0.0,5057.102637456699,5057.102637456699,0.0,68666.07464325256,ra,0.0,0.0,0.0,0.0,0.0,0.0,61.22552639231773,61.22552639231773,0.0,81.72331364504929,81.72331364504929,0.0,0
16.0,1.0,86.0,111.0,27163.152752819547,0.0,27163.152752819547,4196.376907454115,0.0,4196.376907454115,81021.89267340553,ra,0.0,0.0,0.0,0.0,0.0,0.0,0.0,0.0,0.0,17.009036052416192,0.0,17.009036052416192,0
16.0,0.0,89.0,112.0,29187.99844762554,29187.99844762554,0.0,6653.928103269676,6653.928103269676,0.0,92123.37906601596,ra,0.0,0.0,0.0,0.0,0.0,0.0,81.72331364504929,81.72331364504929,0.0,106.64097866332438,106.64097866332438,0.0,0
16.0,1.0,90.0,113.0,28376.998666581203,0.0,28376.998666581203,5601.684775109653,0.0,5601.684775109653,92203.5095301381,ra,0.0,0.0,0.0,0.0,0.0,0.0,0.0,0.0,0.0,0.0,0.0,0.0,0
16.0,2.0,94.0,114.0,71124.20344709541,35553.82790120941,35570.375545886,8755.239718801102,4299.63877333859,4455.600945462512,106046.11656904333,ra,6.0,0.0,6.0,195.69931581775003,124.06856262942985,71.63075318832018,160.21199155950538,106.64097866332438,53.571012896181,0.0,0.0,0.0,1
16.0,2.0,12.0,115.0,71147.99996754559,35564.99998476318,35582.99998278241,2799.48715587504,2799.48715587504,0.0,113917.81076099534,link,0.0,0.0,0.0,0.0,0.0,0.0,53.571012896181,0.0,53.571012896181,64.91808181126636,11.347068915085359,53.571012896181,0
18.0,2.0,7.0,118.0,26949.99999999783,13587.999999998794,13361.999999999038,1262.350888686173,0.0,1262.350888686173,0.0,link,0.0,0.0,0.0,0.0,0.0,0.0,25.439415057477298,10.766049334311148,14.67336572316615,30.55606026118211,10.766049334311148,19.790010926870963,0
18.0,0.0,68.0,119.0,13587.918618998609,13587.918618998609,0.0,1673.7828719547792,1673.7828719547792,0.0,12318.138045343778,ra,0.0,0.0,0.0,0.0,0.0,0.0,10.766049334311148,10.766049334311148,0.0,17.550338219903068,17.550338219903068,0.0,0
18.0,1.0,69.0,120.0,13361.93226547554,0.0,13361.93226547554,3620.13302138755,0.0,3620.13302138755,12346.305678813724,ra,0.0,0.0,0.0,0.0,0.0,0.0,0.0,0.0,0.0,14.67336572316615,0.0,14.67336572316615,0
18.0,2.0,73.0,121.0,21133.145613699366,10354.073130248858,10779.072483450507,3099.0639764514967,1773.464093458567,1325.5998829929297,27186.329383912336,ra,7.0,0.0,7.0,51.54070457648595,17.550338219903068,33.99036635658288,46.16769431116532,17.550338219903068,28.61735609126225,7.188323491562393,7.188323491562393,0.0,1
18.0,2.0,81.0,122.0,17024.72901544851,8263.2955761644,8761.433439284106,10407.127018587838,5132.593422062407,5274.533596525431,76811.9776614867,ra,0.0,0.0,0.0,0.0,0.0,0.0,14.426586598202775,7.188323491562393,7.238263106640382,56.609451141852134,27.992095050589885,28.61735609126225,0
18.0,0.0,84.0,123.0,7912.197813125354,7912.197813125354,0.0,1219.9477727403696,1219.9477727403696,0.0,91803.7907317536,ra,0.0,0.0,0.0,0.0,0.0,0.0,27.992095050589885,27.992095050589885,0.0,32.93686910359424,32.93686910359424,0.0,0
18.0,1.0,85.0,124.0,8875.838788593739,0.0,8875.838788593739,1785.784923800428,0.0,1785.784923800428,91872.46119703975,ra,0.0,0.0,0.0,0.0,0.0,0.0,0.0,0.0,0.0,7.238263106640382,0.0,7.238263106640382,0
18.0,2.0,92.0,125.0,47292.93717996864,22515.08265535503,24777.854524613613,4754.452437208462,3104.7402940346988,1649.7121431737628,121334.73270596893,ra,8.0,0.0,8.0,95.59257099468775,45.52121049123755,50.07136050345021,76.32150581216615,32.93686910359424,43.384636708571904,0.0,0.0,0.0,1
18.0,2.0,11.0,126.0,53098.00276723388,24816.36422563914,28281.638541594737,1125.0783643967968,1125.0783643967968,0.0,126075.53174156268,link,0.0,0.0,0.0,0.0,0.0,0.0,43.384636708571904,0.0,43.384636708571904,47.94487971911416,4.560243010542257,43.384636708571904,0
19.0,2.0,7.0,127.0,19888.0,9830.0,10058.0,1832.5223390000008,0.0,1832.5223390000008,0.0,link,0.0,0.0,0.0,0.0,0.0,0.0,12.788481106344399,12.788481106344399,0.0,20.21618343583299,12.788481106344399,7.42770232948859,0
19.0,2.0,0.0,128.0,19888.0,9830.0,10058.0,1790.9817650000002,1790.9817650000002,0.0,18219.57712193098,link,0.0,0.0,0.0,0.0,0.0,0.0,12.788481106344399,12.788481106344399,0.0,14.52984732383378,14.52984732383378,0.0,0
20.0,2.0,0.0,129.0,19481.000344743796,9701.000199905127,9780.000144838668,1585.946802063634,0.0,1585.946802063634,0.0,link,0.0,0.0,0.0,0.0,0.0,0.0,0.0,0.0,0.0,6.428265841802123,0.0,6.428265841802123,0
20.0,0.0,78.0,130.0,10133.998910338903,10133.998910338903,0.0,2201.810828978947,2201.810828978947,0.0,22308.899934453435,ra,0.0,0.0,0.0,0.0,0.0,0.0,0.0,0.0,0.0,8.924527180620702,8.924527180620702,0.0,0
20.0,1.0,79.0,131.0,10094.12847263898,0.0,10094.12847263898,2214.6793271343668,0.0,2214.6793271343668,22364.44986396924,ra,0.0,0.0,0.0,0.0,0.0,0.0,3.498383243951071,0.0,3.498383243951071,0.0,0.0,0.0,0
20.0,2.0,8.0,132.0,21962.97969081701,10983.990050020308,10978.989640796704,1594.243979477348,1594.243979477348,0.0,37253.22848420508,link,0.0,0.0,0.0,0.0,0.0,0.0,20.382941257025735,8.924527180620702,11.458414076405033,18.884806941805472,15.3864236978544,3.498383243951071,0
21.0,2.0,8.0,133.0,21649.000000000102,11074.000000000044,10575.00000000006,371.5843359997804,0.0,371.5843359997804,0.0,link,0.0,0.0,0.0,0.0,0.0,0.0,16.45128374216499,16.45128374216499,0.0,17.957414270218017,16.45128374216499,1.506130528053027,0
21.0,2.0,87.0,134.0,23288.999999928543,11776.999999969368,11511.999999959173,6542.587792704876,3329.21173105459,3213.376061650286,29246.642192588224,ra,6.0,0.0,6.0,82.31977238542758,29.94546779866555,52.37430458676203,55.800917169028715,16.45128374216499,39.349633426863726,0.0,0.0,0.0,1
21.0,2.0,10.0,135.0,23288.99999999982,11776.999999999924,11511.999999999898,380.1380059998352,380.1380059998352,0.0,32474.473610155062,link,0.0,0.0,0.0,0.0,0.0,0.0,39.349633426863726,0.0,39.349633426863726,40.89043426328514,1.5408008364214119,39.349633426863726,0
22.0,2.0,8.0,136.0,18089.34980232114,9293.63667702267,8795.71312529847,2541.603617777336,0.0,2541.603617777336,0.0,link,0.0,0.0,0.0,0.0,0.0,0.0,23.27580540730564,6.566433801280776,16.709371606024863,33.57760348672394,6.566433801280776,27.011169685443164,0
22.0,2.0,9.0,137.0,22551.759921439094,11229.492180860212,11322.267740578884,2598.6403059127283,2598.6403059127283,0.0,25496.14409205573,link,0.0,0.0,0.0,0.0,0.0,0.0,23.27580540730564,6.566433801280776,16.709371606024863,33.80878841272094,17.099416806696084,16.709371606024863,0
24.0,2.0,9.0,140.0,25786.108144857673,12922.607317501452,12863.500827356223,310.22506737586025,0.0,310.22506737586025,0.0,link,0.0,0.0,0.0,0.0,0.0,0.0,45.27265164238834,27.664070457289274,17.60858118509907,45.88859295143657,27.022586737144756,18.866006214291815,0
24.0,0.0,88.0,141.0,12911.612953719838,12911.612953719838,0.0,904.5214863572012,904.5214863572012,0.0,7001.124876882881,ra,0.0,0.0,0.0,0.0,0.0,0.0,27.022586737144756,27.022586737144756,0.0,30.688853831577084,30.688853831577084,0.0,0
24.0,1.0,91.0,142.0,12797.695040407143,0.0,12797.695040407143,2112.957697765236,0.0,2112.957697765236,10447.761196686972,ra,0.0,0.0,0.0,0.0,0.0,0.0,9.044199469367262,0.0,9.044199469367262,17.60858118509907,0.0,17.60858118509907,0
24.0,0.0,97.0,143.0,9570.738932827611,9570.738932827611,0.0,2755.7730122650837,2755.7730122650837,0.0,30840.569189513222,ra,0.0,0.0,0.0,0.0,0.0,0.0,30.688853831577084,30.688853831577084,0.0,41.85873765079046,41.85873765079046,0.0,0
24.0,1.0,98.0,144.0,9946.426208887748,0.0,9946.426208887748,2231.335725475766,0.0,2231.335725475766,30857.334061915197,ra,0.0,0.0,0.0,0.0,0.0,0.0,0.0,0.0,0.0,9.044199469367262,0.0,9.044199469367262,0
24.0,2.0,108.0,145.0,15887.706151607494,7870.705730584929,8017.000421022563,4501.986650504175,2168.389585344796,2333.5970651593784,55766.14861335632,ra,4.0,0.0,4.0,101.89478520626838,50.647799607379426,51.24698559888896,83.64703126645878,41.85873765079046,41.78829361566833,0.0,0.0,0.0,1
24.0,2.0,114.0,146.0,28294.020698251785,14163.55043686688,14130.470261384906,3453.816952067228,2111.307602382169,1342.5093496850593,76000.7341358558,ra,0.0,0.0,0.0,0.0,0.0,0.0,36.34674476696098,0.0,36.34674476696098,50.34598705423164,8.557693438563316,41.78829361566833,0
24.0,2.0,15.0,147.0,28738.67135022459,14383.312343962509,14355.35900626208,310.87767950128045,310.87767950128045,0.0,78175.47480337396,link,0.0,0.0,0.0,0.0,0.0,0.0,44.9044382055243,8.557693438563316,36.34674476696098,46.16450844591097,9.817763678949984,36.34674476696098,0
25.0,2.0,9.0,148.0,18444.994544675952,9036.997526482091,9407.99701819386,3162.573978652046,0.0,3162.573978652046,0.0,link,0.0,0.0,0.0,0.0,0.0,0.0,38.73576257588197,15.411067961411652,23.324694614470317,43.347700562634586,15.411067961411652,27.936632601222932,0
25.0,2.0,10.0,149.0,19006.727910032103,9665.34291491844,9341.384995113662,3137.608098414663,3137.608098414663,0.0,35248.172611532704,link,0.0,0.0,0.0,0.0,0.0,0.0,38.73576257588197,15.411067961411652,23.324694614470317,50.33950988292631,27.014815268455994,23.324694614470317,0
26.0,2.0,10.0,150.0,39799.09031594862,19727.656489472974,20071.433826475644,5432.50664953123,0.0,5432.50664953123,0.0,link,0.0,0.0,0.0,0.0,0.0,0.0,54.06414667429419,20.188188904838242,33.87595776945595,76.08354662207589,20.188188904838242,55.89535771723764,0
26.0,2.0,11.0,151.0,61239.02764165262,31319.794471237463,29919.23317041516,5527.098799836521,5527.098799836521,0.0,24120.7762535988,link,0.0,0.0,0.0,0.0,0.0,0.0,54.06414667429419,20.188188904838242,33.87595776945595,76.46695386368,42.590996094224046,33.87595776945595,0
27.0,2.0,11.0,152.0,68446.95855219441,33632.332120978645,34814.626431215765,4475.01586176286,0.0,4475.01586176286,0.0,link,0.0,0.0,0.0,0.0,0.0,0.0,75.95704527740271,25.1769519575314,50.78009331987131,91.21096932414633,22.29244187252369,68.91852745162264,0
27.0,0.0,99.0,153.0,29715.95485159294,29715.95485159294,0.0,4959.050959781504,4959.050959781504,0.0,15398.281487957354,ra,0.0,0.0,0.0,0.0,0.0,0.0,22.29244187252369,22.29244187252369,0.0,33.88138789898973,33.88138789898973,0.0,0
27.0,1.0,100.0,154.0,27462.225943179787,0.0,27462.225943179787,4427.600028969178,0.0,4427.600028969178,15788.230047158857,ra,0.0,0.0,0.0,0.0,0.0,0.0,32.833848218616865,0.0,32.833848218616865,50.78009331987131,0.0,50.78009331987131,0
27.0,2.0,107.0,155.0,39803.00077214074,18775.259985557448,21027.74078658329,8521.51974910427,4077.7617235109983,4443.758025593273,32030.585088502547,ra,0.0,0.0,0.0,0.0,0.0,0.0,48.703498341796184,33.88138789898973,14.822110442806455,83.04302607766758,50.209177859050705,32.833848218616865,0
27.0,0.0,111.0,156.0,14923.34787730996,14923.34787730996,0.0,3332.683703707982,3332.683703707982,0.0,51994.455333056,ra,0.0,0.0,0.0,0.0,0.0,0.0,50.209177859050705,50.209177859050705,0.0,63.34186535253484,63.34186535253484,0.0,0
27.0,1.0,110.0,157.0,16064.78653282132,0.0,16064.78653282132,3656.830509986008,0.0,3656.830509986008,52217.78598274018,ra,0.0,0.0,0.0,0.0,0.0,0.0,0.0,0.0,0.0,14.822110442806455,0.0,14.822110442806455,0
27.0,2.0,113.0,158.0,28115.732693263828,13396.479626617023,14719.253066646805,8182.361978154302,4151.774424898176,4030.5875532561263,80453.83595296173,ra,2.0,0.0,2.0,162.41607069094846,80.17011563414154,82.24595505680693,129.2507728757956,63.34186535253484,65.90890752326077,0.0,0.0,0.0,1
27.0,0.0,115.0,159.0,16210.1141141057,16210.1141141057,0.0,2741.8648075464444,2741.8648075464444,0.0,99290.1862589441,ra,0.0,0.0,0.0,0.0,0.0,0.0,0.0,0.0,0.0,11.113510151952095,11.113510151952095,0.0,0
27.0,2.0,116.0,160.0,34177.78966749807,16266.79151473384,17910.998152764234,6377.116285600918,1294.989846913013,5082.126438687905,107271.26953267986,ra,3.0,0.0,3.0,21.1324762411248,16.36244976806002,4.770026473064777,61.19322874771838,11.113510151952095,50.07971859576628,65.90890752326077,0.0,65.90890752326077,1
27.0,2.0,15.0,161.0,39893.99999984566,18725.9999999336,21167.99999991206,3972.0067852374737,3972.0067852374737,0.0,128894.5131374644,link,0.0,0.0,0.0,0.0,0.0,0.0,50.07971859576628,0.0,50.07971859576628,66.17932263527418,16.0996040395079,50.07971859576628,0
28.0,2.0,11.0,162.0,61992.2787513973,31725.31224782596,30266.96650357134,2390.702240646126,0.0,2390.702240646126,0.0,link,0.0,0.0,0.0,0.0,0.0,0.0,59.60955882798071,40.097323421491026,19.512235406489687,55.02398460797255,25.821594694743823,29.202389913228725,0
28.0,0.0,93.0,163.0,30439.224167938333,30439.224167938333,0.0,1072.7833528404256,1072.7833528404256,0.0,3445.559107155475,ra,0.0,0.0,0.0,0.0,0.0,0.0,25.821594694743823,25.821594694743823,0.0,16.05676695505477,16.05676695505477,0.0,0
28.0,0.0,95.0,164.0,18498.90877462081,18498.90877462081,0.0,3967.265746570001,3967.265746570001,0.0,21968.34571810977,ra,0.0,0.0,0.0,0.0,0.0,0.0,16.05676695505477,16.05676695505477,0.0,6.747604735558969,6.747604735558969,0.0,0
28.0,1.0,96.0,165.0,17419.186332491074,0.0,17419.186332491074,4813.95264377551,0.0,4813.95264377551,22264.116411144965,ra,0.0,0.0,0.0,0.0,0.0,0.0,0.0,0.0,0.0,19.512235406489687,0.0,19.512235406489687,0
28.0,2.0,0.0,166.0,16044.983216716417,8425.399218263456,7619.583998452962,2682.96218463007,2682.96218463007,0.0,40879.27967798362,link,0.0,0.0,0.0,0.0,0.0,0.0,6.747604735558969,6.747604735558969,0.0,10.87476209407702,10.87476209407702,0.0,0
30.0,2.0,12.0,169.0,31173.00771278776,15334.689159172884,15838.318553614876,1373.022338283504,0.0,1373.022338283504,0.0,link,0.0,0.0,0.0,0.0,0.0,0.0,77.45389831740056,8.914634372301348,68.53926394509921,83.0191244559662,8.914634372301348,74.10449008366486,0
30.0,0.0,101.0,170.0,15342.168535706442,15342.168535706442,0.0,288.7002299566512,288.7002299566512,0.0,1882.30501330568,ra,0.0,0.0,0.0,0.0,0.0,0.0,8.914634372301348,8.914634372301348,0.0,4.930261161265236,4.930261161265236,0.0,0
30.0,1.0,102.0,171.0,15008.380189154295,0.0,15008.380189154295,2426.954705703304,0.0,2426.954705703304,15325.375723611753,ra,0.0,0.0,0.0,0.0,0.0,0.0,61.689385762298535,0.0,61.689385762298535,68.53926394509921,0.0,68.53926394509921,0
30.0,0.0,103.0,172.0,14615.10439288337,14615.10439288337,0.0,2123.5391790607955,2123.5391790607955,0.0,15632.211521401772,ra,0.0,0.0,0.0,0.0,0.0,0.0,4.930261161265236,4.930261161265236,0.0,13.537532445978428,13.537532445978428,0.0,0
30.0,2.0,13.0,173.0,18934.390172572806,9143.138576923604,9791.251595649202,1268.116655371192,1268.116655371192,0.0,27311.590572612236,link,0.0,0.0,0.0,0.0,0.0,0.0,80.56103439326354,13.537532445978428,67.02350194728511,80.36693360383492,18.677547841536388,61.689385762298535,0
31.0,2.0,12.0,174.0,61211.26177444921,30941.90070843765,30269.36106601156,584.8788313855799,0.0,584.8788313855799,0.0,link,0.0,0.0,0.0,0.0,0.0,0.0,54.825853098166476,40.08121744831063,14.74463564985584,57.196523166353415,40.08121744831063,17.115305718042787,0
31.0,1.0,106.0,175.0,29780.03490857172,0.0,29780.03490857172,3637.7163502508033,0.0,3637.7163502508033,10173.779430297054,ra,0.0,0.0,0.0,0.0,0.0,0.0,0.0,0.0,0.0,14.74463564985584,0.0,14.74463564985584,0
31.0,0.0,105.0,176.0,30402.95414259374,30402.95414259374,0.0,3119.852058011688,3119.852058011688,0.0,10175.429354581129,ra,0.0,0.0,0.0,0.0,0.0,0.0,40.08121744831063,40.08121744831063,0.0,52.48312771211834,52.48312771211834,0.0,0
31.0,2.0,109.0,177.0,62402.93424977723,31525.727911032645,30877.20633874459,6816.570463211742,3762.4191873927257,3054.1512758190165,22337.14837090233,ra,9.0,0.0,9.0,116.17314441996736,67.7332172569801,48.43992716298726,88.54376428572556,52.48312771211834,36.06063657360721,0.0,0.0,0.0,1
31.0,2.0,14.0,178.0,62766.261417807065,31611.05780980601,31155.20360800105,595.148026243029,595.148026243029,0.0,24222.213413881997,link,0.0,0.0,0.0,0.0,0.0,0.0,36.06063657360721,0.0,36.06063657360721,38.47293043046037,2.4122938568531582,36.06063657360721,0
32.0,2.0,13.0,179.0,24034.000000000007,12223.000000000004,11811.000000000004,4986.624005231322,0.0,4986.624005231322,0.0,link,0.0,0.0,0.0,0.0,0.0,0.0,65.48893125052716,18.677547841536388,46.81138340899077,85.7010497888215,18.677547841536388,67.02350194728511,0
32.0,2.0,104.0,180.0,24034.000000001273,12223.000000000631,11811.000000000642,545.6198680000062,277.4865460000031,268.13332200000315,2270.21285318104,ra,0.0,0.0,0.0,0.0,0.0,0.0,64.96601798620222,18.677547841536388,46.28847014466583,66.61365831129014,19.802274902299363,46.81138340899077,0
32.0,2.0,16.0,181.0,35472.0,17897.0,17575.0,5106.43524839964,5106.43524839964,0.0,35413.56901786664,link,0.0,0.0,0.0,0.0,0.0,0.0,69.75727183475443,19.802274902299363,49.954996932455074,83.02840849848337,36.73993835381755,46.28847014466583,0
33.0,2.0,14.0,182.0,25491.39192820705,13297.332945790267,12194.058982416784,2901.9645133205213,0.0,2901.9645133205213,0.0,link,0.0,0.0,0.0,0.0,0.0,0.0,13.156584077825286,13.156584077825286,0.0,22.38762261333496,10.625185606729909,11.76243700660505,0
33.0,2.0,0.0,183.0,27433.939184964896,13761.985453193762,13671.953731771133,3014.5666133482373,3014.5666133482373,0.0,22213.61178663945,link,0.0,0.0,0.0,0.0,0.0,0.0,10.625185606729909,10.625185606729909,0.0,18.64701916150955,18.64701916150955,0.0,0
34.0,2.0,14.0,184.0,40290.981728268656,40289.53408577645,1.4476424922008384,4807.99244961434,0.0,4807.99244961434,0.0,link,0.0,0.0,0.0,0.0,0.0,0.0,32.44808571032669,8.44683653525767,24.001249175069017,51.936162858489624,8.44683653525767,43.48932632323195,0
34.0,2.0,112.0,185.0,40084.67942148965,20069.25833080312,20015.421090686526,5879.593873458729,4738.491686036754,1141.1021874219755,14615.98862167376,ra,0.0,0.0,0.0,0.0,0.0,0.0,28.654177074440277,8.44683653525767,20.207340539182606,51.65445770677606,27.653208531707037,24.001249175069017,0
34.0,0.0,120.0,186.0,19233.978995985926,19233.978995985926,0.0,2388.1873644993475,2388.1873644993475,0.0,26934.149163868184,ra,0.0,0.0,0.0,0.0,0.0,0.0,27.653208531707037,27.653208531707037,0.0,37.33316957394294,37.33316957394294,0.0,0
34.0,2.0,20.0,187.0,42848.93314386101,20473.58046065553,22375.352683205478,2247.134627658472,2247.134627658472,0.0,38220.85948462789,link,0.0,0.0,0.0,0.0,0.0,0.0,58.4132078445309,37.33316957394294,21.080038270587966,66.64874675139842,46.44140621221581,20.207340539182606,0
35.0,2.0,0.0,188.0,13637.0,6766.0,6871.0,2412.026759499997,0.0,2412.026759499997,0.0,link,0.0,0.0,0.0,0.0,0.0,0.0,18.295961980988135,0.0,18.295961980988135,25.554297861362194,0.0,25.554297861362194,0
35.0,2.0,16.0,189.0,13637.0,6766.0,6871.0,2375.1670869999966,2375.1670869999966,0.0,35104.46295422166,link,0.0,0.0,0.0,0.0,0.0,0.0,24.831973047405278,0.0,24.831973047405278,27.92314836206204,9.627186381073905,18.295961980988135,0
36.0,2.0,15.0,190.0,63592.0,31158.0,32434.0,1263.5151210000006,0.0,1263.5151210000006,0.0,link,0.0,0.0,0.0,0.0,0.0,0.0,89.12315024227416,16.8677093730657,72.25544086920846,93.49419392734161,16.117388910006536,77.37680501733507,0
36.0,0.0,121.0,191.0,31158.0,31158.0,0.0,1862.7498720000008,1862.7498720000008,0.0,5978.406282256154,ra,0.0,0.0,0.0,0.0,0.0,0.0,16.117388910006536,16.117388910006536,0.0,23.66761150159535,23.66761150159535,0.0,0
36.0,1.0,122.0,192.0,32434.0,0.0,32434.0,2232.9998150000006,0.0,2232.9998150000006,6884.764105769136,ra,0.0,0.0,0.0,0.0,0.0,0.0,63.20449640068206,0.0,63.20449640068206,72.25544086920846,0.0,72.25544086920846,0
36.0,2.0,17.0,193.0,63592.0,31158.0,32434.0,1496.2071600000006,1496.2071600000006,0.0,10780.414990255447,link,0.0,0.0,0.0,0.0,0.0,0.0,86.8721079022774,23.66761150159535,63.20449640068206,92.93663501401457,29.732138613332516,63.20449640068206,0
37.0,2.0,16.0,194.0,61280.64411621449,31014.17446373309,30266.469652481403,3075.322007033439,0.0,3075.322007033439,0.0,link,0.0,0.0,0.0,0.0,0.0,0.0,96.37373508126154,36.22161724987321,60.152117831388324,100.86307974471532,36.22161724987321,64.6414624948421,0
37.0,0.0,117.0,195.0,31188.918197802075,31188.918197802075,0.0,476.2646699717726,476.2646699717726,0.0,1531.6015518302704,ra,0.0,0.0,0.0,0.0,0.0,0.0,36.22161724987321,36.22161724987321,0.0,38.1520451215099,38.1520451215099,0.0,0
37.0,2.0,18.0,196.0,64809.52507699492,32882.29003408458,31927.235042910343,2677.0230036732487,2677.0230036732487,0.0,9891.283544490125,link,0.0,0.0,0.0,0.0,0.0,0.0,109.7610973564668,38.1520451215099,71.6090522349569,109.1548519607763,49.002734129387974,60.152117831388324,0
38.0,2.0,17.0,197.0,73980.90840881804,36437.73642199968,37543.17198681836,8581.895963178365,0.0,8581.895963178365,0.0,link,0.0,0.0,0.0,0.0,0.0,0.0,68.80559661770776,34.3361138166156,34.46948280109216,101.40303043177295,32.148831897330794,69.25419853444215,0
38.0,1.0,118.0,198.0,38288.38488121995,0.0,38288.38488121995,3563.200636081027,0.0,3563.200636081027,5385.572941871728,ra,0.0,0.0,0.0,0.0,0.0,0.0,20.0268792367084,0.0,20.0268792367084,34.46948280109216,0.0,34.46948280109216,0
38.0,0.0,119.0,199.0,38355.566312925184,38355.566312925184,0.0,2619.00122524035,2619.00122524035,0.0,7097.786060466791,ra,0.0,0.0,0.0,0.0,0.0,0.0,32.148831897330794,32.148831897330794,0.0,42.764343145213715,42.764343145213715,0.0,0
38.0,1.0,123.0,200.0,41712.9401712972,0.0,41712.9401712972,2031.1114551113544,0.0,2031.1114551113544,14257.714169889843,ra,0.0,0.0,0.0,0.0,0.0,0.0,11.794242195670092,0.0,11.794242195670092,20.0268792367084,0.0,20.0268792367084,0
38.0,0.0,124.0,201.0,40728.86630783911,40728.86630783911,0.0,2848.889850605756,2848.889850605756,0.0,14300.505499646226,ra,0.0,0.0,0.0,0.0,0.0,0.0,42.764343145213715,42.764343145213715,0.0,54.31165437272545,54.31165437272545,0.0,0
38.0,2.0,22.0,202.0,105896.44285789959,51540.438437961006,54356.004419938574,8230.021979980831,8230.021979980831,0.0,31585.43416751235,link,0.0,0.0,0.0,0.0,0.0,0.0,67.40336669025706,54.31165437272545,13.091712317531615,95.30408210212187,83.50983990645177,11.794242195670092,0
39.0,2.0,17.0,203.0,25562.278853813234,12328.30028963884,13233.978564174393,1988.332963522788,0.0,1988.332963522788,0.0,link,0.0,0.0,0.0,0.0,0.0,0.0,43.67547104226143,26.59022118268482,17.085249859576606,50.236127244101695,25.091632991893896,25.144494252207803,0
39.0,2.0,24.0,204.0,21529.452943652228,10591.584479212725,10937.868464439502,1897.3687907956744,1897.3687907956744,0.0,17071.72988124704,link,0.0,0.0,0.0,0.0,0.0,0.0,42.1768828514705,25.091632991893896,17.085249859576606,44.78717366381811,27.701923804241503,17.085249859576606,0
40.0,2.0,18.0,205.0,25932.838407847834,12821.14586322636,13111.692544621475,1674.795944952231,0.0,1674.795944952231,0.0,link,0.0,0.0,0.0,0.0,0.0,0.0,54.41386875874727,37.00548811621122,17.40838064253605,56.25797010455149,32.061194321071014,24.19677578348048,0
40.0,2.0,26.0,206.0,22387.89451536771,11334.707010656924,11053.187504710784,1671.626697283136,1671.626697283136,0.0,13785.599210644326,link,0.0,0.0,0.0,0.0,0.0,0.0,49.46957496360706,32.061194321071014,17.40838064253605,50.109186338739306,32.70080569620326,17.40838064253605,0
41.0,2.0,18.0,207.0,65100.064380541284,32409.67765592153,32690.38672461976,8031.948343872269,0.0,8031.948343872269,0.0,link,0.0,0.0,0.0,0.0,0.0,0.0,93.94490463925148,45.2615155950804,48.68338904417108,122.90419044360769,42.227644410227626,80.67654603338006,0
41.0,1.0,126.0,208.0,33015.8306660751,0.0,33015.8306660751,515.7447983857179,0.0,515.7447983857179,1570.6218936678245,ra,0.0,0.0,0.0,0.0,0.0,0.0,48.92415360240688,0.0,48.92415360240688,48.68338904417108,0.0,48.68338904417108,0
41.0,0.0,125.0,209.0,32828.808927873586,32828.808927873586,0.0,517.979810454405,517.979810454405,0.0,1588.999800427482,ra,0.0,0.0,0.0,0.0,0.0,0.0,42.227644410227626,42.227644410227626,0.0,44.32715488432081,44.32715488432081,0.0,0
41.0,2.0,25.0,210.0,107717.84336110209,52411.86349298975,55305.979868112336,8019.395375229603,8019.395375229603,0.0,19664.682517120145,link,0.0,0.0,0.0,0.0,0.0,0.0,94.60352165602634,44.32715488432081,50.276366771705526,117.005693494452,68.08153989204513,48.92415360240688,0
42.0,2.0,0.0,211.0,64323.0,34358.0,29965.000000000004,292.1437675,0.0,292.1437675,0.0,link,0.0,0.0,0.0,0.0,0.0,0.0,32.33166676886427,0.0,32.33166676886427,25.29491495685354,0.0,25.29491495685354,0
42.0,2.0,21.0,212.0,64323.0,34358.0,29965.0,334.9733210000001,334.9733210000001,0.0,974.9930872178356,link,0.0,0.0,0.0,0.0,0.0,0.0,44.17340422469076,0.0,44.17340422469076,33.689403077861165,1.3577363089969017,32.33166676886427,0
43.0,2.0,20.0,213.0,150198.49863614666,75767.44894346851,74431.04969267815,256.5387159589935,0.0,256.5387159589935,0.0,link,0.0,0.0,0.0,0.0,0.0,0.0,90.38679932208208,90.38679932208208,0.0,91.426619234549,90.38679932208208,1.0398199124669047,0
43.0,2.0,127.0,214.0,143910.62075712613,71622.8655725805,72287.75518454562,14695.550707760216,7361.674053195678,7333.876654564538,10005.69209126666,ra,6.0,0.0,6.0,246.2763511417239,120.22562985098907,126.05072129073483,186.71136036255928,90.38679932208208,96.32456104047719,0.0,0.0,0.0,1
43.0,2.0,22.0,215.0,143835.3128743358,71573.22723597237,72262.08563836341,254.1351114407348,254.1351114407348,0.0,10360.675542503666,link,0.0,0.0,0.0,0.0,0.0,0.0,96.32456104047719,0.0,96.32456104047719,97.35463850206125,1.030077461584051,96.32456104047719,0
44.0,2.0,20.0,216.0,153959.0,74263.0,79696.0,3498.654400000002,0.0,3498.654400000002,0.0,link,0.0,0.0,0.0,0.0,0.0,0.0,102.41800940703534,32.042086606693246,70.3759228003421,114.70482985300875,30.147926617177642,84.5569032358311,0
44.0,2.0,21.0,217.0,153959.0,74263.0,79696.0,3260.145700000001,3260.145700000001,0.0,4390.047146032249,link,0.0,0.0,0.0,0.0,0.0,0.0,100.52384941751976,30.147926617177642,70.37592280034211,112.59419472118165,42.21827192083956,70.3759228003421,0
45.0,2.0,20.0,218.0,62196.76002530598,32348.66402655705,29848.09599874893,1778.4316575225057,0.0,1778.4316575225057,0.0,link,0.0,0.0,0.0,0.0,0.0,0.0,39.512583138421036,17.625123327320516,21.887459811100516,46.52636462827884,17.430446462108765,29.095918166170076,0
45.0,2.0,129.0,219.0,59803.760630072626,31496.773292559403,28306.987337513223,6019.401556958648,3144.575633708264,2874.8259232503847,9849.378972750012,ra,0.0,0.0,0.0,0.0,0.0,0.0,27.665469218251744,17.430446462108765,10.235022756142978,52.06371092871691,30.176251117616392,21.887459811100516,0
45.0,2.0,27.0,220.0,59265.836631097605,31619.71560399585,27646.121027101755,2008.7677610146968,2008.7677610146968,0.0,16227.553730454052,link,0.0,0.0,0.0,0.0,0.0,0.0,40.41127387375937,30.176251117616392,10.235022756142978,48.553345956783744,38.31832320064077,10.235022756142978,0
46.0,2.0,21.0,221.0,122056.36331156333,58092.14471186193,63964.2185997014,6279.260644728073,0.0,6279.260644728073,0.0,link,0.0,0.0,0.0,0.0,0.0,0.0,102.37025465774886,28.424227919491212,73.94602673825764,127.82177463417887,28.424227919491212,99.39754671468765,0
46.0,2.0,23.0,222.0,131872.70614633957,62497.919354533005,69374.78679180656,5678.044393759095,5678.044393759095,0.0,9404.55520736285,link,0.0,0.0,0.0,0.0,0.0,0.0,103.11802402647311,28.424227919491212,74.69379610698189,125.38488464227535,51.438857904017716,73.94602673825764,0
47.0,2.0,22.0,223.0,38579.295537849815,18952.69215084102,19626.6033870088,1763.219166427337,0.0,1763.219166427337,0.0,link,0.0,0.0,0.0,0.0,0.0,0.0,47.80624107324441,14.737081678993047,33.06915939425136,51.68489951814287,12.071461849176867,39.61343766896601,0
47.0,2.0,128.0,224.0,35162.62482989687,17399.45971996509,17763.16510993178,7435.637995433931,3663.3854298437486,3772.2525655901823,19815.112780906624,ra,0.0,0.0,0.0,0.0,0.0,0.0,29.850674391187695,12.071461849176867,17.77921254201083,59.10334813076439,26.034188736513034,33.06915939425136,0
47.0,2.0,28.0,225.0,35062.11998304022,16961.141448801816,18100.9785342384,1675.651535543216,1675.651535543216,0.0,29618.33132225415,link,0.0,0.0,0.0,0.0,0.0,0.0,43.81340127852386,26.034188736513034,17.77921254201083,46.68842359012372,28.909211048112894,17.77921254201083,0
48.0,2.0,24.0,226.0,16009.999934388854,7856.999966820751,8152.999967568103,2252.387938481718,0.0,2252.387938481718,0.0,link,0.0,0.0,0.0,0.0,0.0,0.0,18.95765199668599,18.95765199668599,0.0,25.320940439898795,16.191410730207956,9.12952970969084,0
48.0,2.0,0.0,227.0,10228.9496360124,5180.369177535584,5048.580458476815,2203.4039084147803,2203.4039084147803,0.0,34790.83034290512,link,0.0,0.0,0.0,0.0,0.0,0.0,16.191410730207956,16.191410730207956,0.0,20.199254975851478,20.199254975851478,0.0,0
50.0,2.0,23.0,230.0,167288.29083468003,89420.76920845687,77867.52162622314,2077.529087866036,0.0,2077.529087866036,0.0,link,0.0,0.0,0.0,0.0,0.0,0.0,139.74087047643172,57.17728164572932,82.5635888307024,148.1616505766861,57.17728164572932,90.98436893095679,0
50.0,2.0,25.0,231.0,167733.1420677742,89424.56834914754,78308.57371862668,2379.090073396836,2379.090073396836,0.0,2660.513408818963,link,0.0,0.0,0.0,0.0,0.0,0.0,139.74087047643172,57.17728164572932,82.5635888307024,149.38395776882237,66.82036893811996,82.5635888307024,0
51.0,2.0,23.0,232.0,68004.42841151668,33685.47219088722,34318.956220629465,2606.4986391770226,0.0,2606.4986391770226,0.0,link,0.0,0.0,0.0,0.0,0.0,0.0,66.01541127058385,43.56619764059183,22.449213629992027,76.58024619892029,43.56619764059183,33.01404855832847,0
51.0,0.0,130.0,233.0,33100.995903315394,33100.995903315394,0.0,783.1629546866914,783.1629546866914,0.0,2344.9972799662905,ra,3.0,3.0,0.0,45.117378286617004,45.117378286617004,0.0,43.56619764059183,43.56619764059183,0.0,1.6231879164174812,1.6231879164174812,0.0,1
51.0,2.0,27.0,234.0,64426.23565632764,31754.48892503164,32671.746731296,1762.794004348873,1762.794004348873,0.0,7784.588682143257,link,0.0,0.0,0.0,0.0,0.0,0.0,24.07240154640951,1.6231879164174812,22.449213629992027,31.217476317861248,8.768262687869223,22.449213629992027,0
53.0,2.0,24.0,237.0,26623.0,13216.0,13407.000000000002,1301.209681500001,0.0,1301.209681500001,0.0,link,0.0,0.0,0.0,0.0,0.0,0.0,40.02266293532057,23.042682429697845,16.97998050562272,43.48902082467872,21.234890052650623,22.2541307720281,0
53.0,2.0,28.0,238.0,26623.0,13216.0,13407.0,1282.6722719999998,1282.6722719999998,0.0,9705.486491353968,link,0.0,0.0,0.0,0.0,0.0,0.0,38.21487055827335,21.234890052650623,16.97998050562272,43.41388375442561,26.43390324880289,16.97998050562272,0
54.0,2.0,25.0,239.0,63790.74308365228,33602.55553767664,30188.187545975637,914.669079332492,0.0,914.669079332492,0.0,link,0.0,0.0,0.0,0.0,0.0,0.0,69.37657370704814,36.671538877956486,32.70503482909165,71.28112452815583,36.671538877956486,34.60958565019934,0
54.0,2.0,131.0,240.0,33762.441558617626,17029.212737248363,16733.228821369263,7185.418002340216,3714.280971775646,3471.13703056457,14118.05957838652,ra,0.0,0.0,0.0,0.0,0.0,0.0,56.271881592115,36.671538877956486,19.600342714158515,84.43154621095118,51.726511381859524,32.70503482909165,0
54.0,2.0,26.0,241.0,32484.774457444895,16371.354345937669,16113.420111507226,929.5714925260236,929.5714925260236,0.0,19751.672738570145,link,0.0,0.0,0.0,0.0,0.0,0.0,75.2564802611652,51.726511381859524,23.529968879305674,75.09465555388705,55.494312839728536,19.600342714158515,0
55.0,2.0,26.0,242.0,35611.19993600926,17306.49996896785,18304.699967041404,3651.9540270608895,0.0,3651.9540270608895,0.0,link,0.0,0.0,0.0,0.0,0.0,0.0,62.05911376956397,62.05911376956397,0.0,76.86145852503786,62.05911376956397,14.802344755473891,0
55.0,2.0,132.0,243.0,34335.6700861098,16687.900230609903,17647.769855499897,3806.716178738113,1850.014875297545,1956.701303440568,10714.232916978135,ra,9.0,0.0,9.0,77.48875084779169,69.55771801923153,7.931032828560165,62.05911376956397,62.05911376956397,0.0,0.0,0.0,0.0,1
55.0,2.0,0.0,244.0,9015.000278806967,4116.000142012323,4899.000136794644,3382.273931804988,3382.273931804988,0.0,47911.36687265736,link,0.0,0.0,0.0,0.0,0.0,0.0,0.0,0.0,0.0,13.709259323924908,13.709259323924908,0.0,0
56.0,2.0,27.0,245.0,67553.51728478492,34432.267085202984,33121.25019958193,2367.0237097169543,0.0,2367.0237097169543,0.0,link,0.0,0.0,0.0,0.0,0.0,0.0,35.58450444538461,29.790516523198345,5.7939879221862665,45.178683544021695,29.790516523198345,15.38816702082335,0
56.0,1.0,134.0,246.0,28345.05378073905,0.0,28345.05378073905,1429.461201904893,0.0,1429.461201904893,14670.942506693847,ra,0.0,0.0,0.0,0.0,0.0,0.0,0.0,0.0,0.0,5.7939879221862665,0.0,5.7939879221862665,0
56.0,0.0,133.0,247.0,28758.648000424007,28758.648000424007,0.0,4635.222356187495,4635.222356187495,0.0,14715.488271793003,ra,0.0,0.0,0.0,0.0,0.0,0.0,29.790516523198345,29.790516523198345,0.0,48.578310352516255,48.578310352516255,0.0,0
56.0,2.0,135.0,248.0,47006.10408228616,24072.8864014428,22933.21768084336,5972.3380643838445,1468.7067383505575,4503.631326033287,20490.182643268578,ra,8.0,0.0,8.0,87.31273061077991,54.53137091260475,32.781359698175166,63.105249801828506,48.578310352516255,14.526939449312252,0.0,0.0,0.0,1
56.0,2.0,29.0,249.0,45237.32656378552,23422.054813020965,21815.27175076456,2510.3156903599324,2510.3156903599324,0.0,31051.51115001564,link,0.0,0.0,0.0,0.0,0.0,0.0,14.526939449312252,0.0,14.526939449312252,14.526939449312252,0.0,14.526939449312252,0
57.0,2.0,28.0,250.0,21608.0,10785.0,10823.000000000002,664.3049169999997,0.0,664.3049169999997,0.0,link,0.0,0.0,0.0,0.0,0.0,0.0,23.276526449491808,23.276526449491808,0.0,15.729509593865776,13.036904393656197,2.6926052002095786,0
57.0,2.0,0.0,251.0,21608.0,10785.000000000002,10823.0,661.972515,661.972515,0.0,6137.906286244384,link,0.0,0.0,0.0,0.0,0.0,0.0,13.036904393656197,13.036904393656197,0.0,13.920298984758485,13.920298984758485,0.0,0
59.0,2.0,29.0,254.0,41763.642422810655,21836.31144790283,19927.330974907825,64.19229876066692,0.0,64.19229876066692,0.0,link,0.0,0.0,0.0,0.0,0.0,0.0,18.175422066401197,2.8988572133460706,15.276564853055127,15.536753379488056,0.0,15.536753379488056,0
59.0,0.0,137.0,255.0,11226.947197214342,11226.947197214342,0.0,4281.442654724177,4281.442654724177,0.0,25939.716113189967,ra,0.0,0.0,0.0,0.0,0.0,0.0,0.0,0.0,0.0,0.0,0.0,0.0,0
59.0,1.0,138.0,256.0,8142.41876965786,0.0,8142.41876965786,3768.951031500648,0.0,3768.951031500648,26235.491957639333,ra,0.0,0.0,0.0,0.0,0.0,0.0,0.0,0.0,0.0,15.276564853055127,0.0,15.276564853055127,0
59.0,2.0,0.0,257.0,19030.167720862108,11064.89566740363,7965.272053458477,121.79539004601152,121.79539004601152,0.0,27032.750454879864,link,0.0,0.0,0.0,0.0,0.0,0.0,0.0,0.0,0.0,0.49366923562819975,0.49366923562819975,0.0,0
60.0,2.0,29.0,258.0,15204.999638753205,7325.999839362642,7878.999799390564,589.7618799510744,0.0,589.7618799510744,0.0,link,0.0,0.0,0.0,0.0,0.0,0.0,7.310336995411669,3.9058780400272046,3.404458955384465,5.860331684476879,0.06541036127941027,5.794921323197469,0
60.0,2.0,136.0,259.0,13825.298552554461,6712.4814864233695,7112.817066131092,1621.7030872016057,781.773481624616,839.9296055769897,10738.631570167296,ra,0.0,0.0,0.0,0.0,0.0,0.0,0.06541036127941027,0.06541036127941027,0.0,3.404458955384465,0.0,3.404458955384465,0
60.0,2.0,0.0,260.0,9900.001134069504,4967.000504292169,4933.000629777334,588.1442988228391,588.1442988228391,0.0,22135.2935483001,link,0.0,0.0,0.0,0.0,0.0,0.0,0.0,0.0,0.0,2.383905879600758,2.383905879600758,0.0,0
