Time of calculation: 20220209-122035; value of objective: 99425000.0;  acc=2400;  cfix=40000;  cvar=127000;  eta=0.27;  mu=0.24;  i=
segment_id,dir,type_ID,POI_ID,traffic_flow,traffic_flow_0,traffic_flow_1,energy_demand,energy_demand_0,energy_demand_1,dist_along_segment,pois_type,pYi_dir,pYi_dir_0,pYi_dir_1,pE_charged,pE_charged_0,pE_charged_1,pE_input,pE_input_0,pE_input_1,pE_output,pE_output_0,pE_output_1,pXi
0.0,2.0,0.0,0.0,26540.636112053,13243.0239038645,13297.6122081885,4423.92123143818,0.0,4423.92123143818,0.0,link,0.0,0.0,0.0,0.0,0.0,0.0,0.0,0.0,0.0,825.61,0.0,825.61,0
0.0,2.0,1.0,1.0,26594.7769799282,13269.4415749127,13325.3354050155,810.003976920776,31.774775427221,778.229201493555,239.715824101164,ra,15.0,15.0,0.0,2460.0,5.93,2454.07,2308.8340000000003,0.0,2308.8340000000003,0.0,0.0,0.0,1
0.0,2.0,0.0,2.0,45891.0713847726,24132.5354848012,21758.5358999714,10453.07839190074,5371.86342144895,5081.21497045179,24427.462160298,ra,6.0,0.0,6.0,984.0,140.96480000000003,843.0352,2203.5921999999996,0.0,2203.5921999999996,3170.3882000000003,861.5542,2308.8340000000003,1
0.0,1.0,2.0,3.0,5594.60627343411,0.0,5594.60627343411,2065.98540498995,0.0,2065.98540498995,68504.6013106114,ra,13.0,0.0,13.0,2132.0,0.0,2132.0,3950.0302000000006,0.0,3950.0302000000006,2203.5921999999996,0.0,2203.5921999999996,1
0.0,0.0,3.0,4.0,4553.08388931748,4553.08388931748,0.0,7187.4483251383,7187.4483251383,0.0,79329.1374904099,ra,8.0,8.0,0.0,1312.0,1312.0,0.0,861.5542,861.5542,0.0,890.9042,890.9042,0.0,1
0.0,2.0,4.0,5.0,7895.539602766939,4645.32330643337,3250.21629633357,2342.9750495919798,1038.66179081139,1304.31325878059,104473.71241617,ra,1.0,0.0,1.0,164.00000000000003,164.00000000000003,0.0,4597.518400000001,890.9042,3706.6142000000004,4870.7734,920.7431999999999,3950.0302000000006,1
0.0,2.0,5.0,6.0,19815.36822147166,9562.72950758806,10252.6387138836,7959.02626511719,2076.95503589247,5882.07122922472,133409.21035476,ra,0.0,0.0,-0.0,0.0,0.0,0.0,3529.6214,920.7431999999999,2608.8782,5014.9674,1308.3532,3706.6142000000004,0
0.0,2.0,6.0,7.0,38420.413170467305,19234.6634945469,19185.7496759204,10291.73164091456,4957.10120865155,5334.63043226301,173065.413799776,ra,6.0,0.0,6.0,984.0,984.0,0.0,2921.6614,1308.3532,1613.3081999999997,3858.3454,1249.4672,2608.8782,1
0.0,1.0,7.0,8.0,21229.4573799075,0.0,21229.4573799075,31.9071906889248,0.0,31.9071906889248,176940.22069629,ra,0.0,0.0,-0.0,0.0,0.0,0.0,1607.3531999999998,0.0,1607.3531999999998,1613.3081999999997,0.0,1613.3081999999997,0
0.0,2.0,0.0,9.0,50605.7308716768,25638.9023938735,24966.8284778033,5210.17855174236,5210.17855174236,0.0,194059.964946131,link,0.0,0.0,0.0,0.0,0.0,0.0,2856.8203999999996,1249.4672,1607.3531999999998,3829.1643999999997,2221.8112,1607.3531999999998,0
1.0,2.0,0.0,10.0,41635.2696746832,21021.6267553003,20613.6429193829,39.7761865009555,0.0,39.7761865009555,0.0,link,0.0,0.0,0.0,0.0,0.0,0.0,2604.24648,2419.0164800000002,185.22999999999945,2611.6694799999996,2419.0164800000002,192.65299999999945,0
1.0,2.0,8.0,11.0,39859.9435983602,20128.7100274165,19731.2335709437,2276.328443367862,1715.72731424055,560.601129127312,8218.21591932416,ra,10.0,0.0,10.0,1639.9999999999995,862.504999999999,777.4950000000006,3277.1194800000003,2419.0164800000002,858.1030000000001,2061.9374800000005,1876.7074800000012,185.22999999999945,1
1.0,0.0,9.0,12.0,15021.9786197919,15021.9786197919,0.0,1426.84265640488,1426.84265640488,0.0,16747.0640478161,ra,0.0,-0.0,0.0,0.0,0.0,0.0,1876.7074800000012,1876.7074800000012,0.0,2142.990480000001,2142.990480000001,0.0,0
1.0,2.0,10.0,13.0,29629.2702066633,14994.1517039878,14635.1185026755,191.32891529796441,24.7111120586864,166.617803239278,16911.7407621753,ra,0.0,0.0,-0.0,0.0,0.0,0.0,2969.998480000001,2142.990480000001,827.008,3005.705480000001,2147.602480000001,858.1030000000001,0
1.0,2.0,14.0,14.0,23126.816645439998,11846.3351177034,11280.4815277366,2715.58896866506,1386.75954291372,1328.82942575134,27721.2649615329,ra,0.0,0.0,-0.0,0.0,0.0,0.0,2726.619480000001,2147.602480000001,579.017,3233.413480000001,2406.405480000001,827.008,0
1.0,1.0,13.0,15.0,11337.2619320883,0.0,11337.2619320883,1420.24853693026,0.0,1420.24853693026,29194.6309655969,ra,0.0,0.0,-0.0,0.0,0.0,0.0,313.965,0.0,313.965,579.017,0.0,579.017,0
1.0,0.0,12.0,16.0,11885.5265358471,11885.5265358471,0.0,208.504810997731,208.504810997731,0.0,29478.4736802298,ra,0.0,-0.0,0.0,0.0,0.0,0.0,2406.405480000001,2406.405480000001,0.0,2445.317480000001,2445.317480000001,0.0,0
1.0,0.0,15.0,17.0,11960.1701828351,11960.1701828351,0.0,465.471180470787,465.471180470787,0.0,33381.7233696118,ra,0.0,-0.0,0.0,0.0,0.0,0.0,2445.317480000001,2445.317480000001,0.0,2532.1854800000015,2532.1854800000015,0.0,0
1.0,2.0,16.0,18.0,23460.935326572,11970.3853891252,11490.5499374468,1768.668281716874,86.3301716488441,1682.33811006803,34103.2604930604,ra,16.0,0.0,16.0,2548.2964800000013,2548.2964800000013,0.0,2532.1854800000015,2532.1854800000015,0.0,313.965,0.0,313.965,1
1.0,2.0,0.0,19.0,23472.9532848191,11974.8809399587,11498.0723448604,41.4313703808343,41.4313703808343,0.0,34449.3464575004,link,0.0,0.0,0.0,0.0,0.0,0.0,0.0,0.0,0.0,7.732,7.732,0.0,0
2.0,2.0,0.0,20.0,68929.1689525749,33758.8137930879,35170.355159487,2037.30449092795,0.0,2037.30449092795,0.0,link,0.0,0.0,0.0,0.0,0.0,0.0,4129.052519999999,1448.6785199999995,2680.374,4509.262519999999,1448.6785199999995,3060.584,0
2.0,1.0,11.0,21.0,34398.2821383792,0.0,34398.2821383792,0.177994253383828,0.0,0.177994253383828,2598.41164546074,ra,0.0,0.0,-0.0,0.0,0.0,0.0,2680.341,0.0,2680.341,2680.374,0.0,2680.374,0
2.0,0.0,17.0,22.0,24285.974119979,24285.974119979,0.0,5629.75346622784,5629.75346622784,0.0,19826.0309188716,ra,0.0,-0.0,0.0,0.0,0.0,0.0,1448.6785199999995,1448.6785199999995,0.0,2499.3255199999994,2499.3255199999994,0.0,0
2.0,1.0,18.0,23.0,24186.0911430872,0.0,24186.0911430872,4128.06929715106,0.0,4128.06929715106,19924.5544753991,ra,0.0,0.0,-0.0,0.0,0.0,0.0,1909.944,0.0,1909.944,2680.341,0.0,2680.341,0
2.0,0.0,19.0,24.0,24395.8043620461,24395.8043620461,0.0,1107.94961707917,1107.94961707917,0.0,24376.283905319,ra,0.0,-0.0,0.0,0.0,0.0,0.0,2499.3255199999994,2499.3255199999994,0.0,2706.0955199999994,2706.0955199999994,0.0,0
2.0,0.0,20.0,25.0,18382.7449604955,18382.7449604955,0.0,3193.59583085962,3193.59583085962,0.0,38424.0480859037,ra,0.0,-0.0,0.0,0.0,0.0,0.0,2706.0955199999994,2706.0955199999994,0.0,3302.0975199999993,3302.0975199999993,0.0,0
2.0,1.0,21.0,26.0,18491.6133654888,0.0,18491.6133654888,4453.99249618843,0.0,4453.99249618843,38987.6806255175,ra,0.0,0.0,-0.0,0.0,0.0,0.0,1078.722,0.0,1078.722,1909.944,0.0,1909.944,0
2.0,2.0,22.0,27.0,37060.499514109295,18323.8494067353,18736.650107374,9037.685965220891,4162.99183164668,4874.69413357421,60686.5331745626,ra,4.0,4.0,0.0,656.0000000000002,656.0000000000002,0.0,3471.0845199999994,3302.0975199999993,168.987,4501.733519999999,3423.011519999999,1078.722,1
2.0,2.0,23.0,28.0,37058.9029265594,18323.1127403572,18735.7901862022,905.670862196634,0.17407320896991,905.496788987664,60687.5223097686,ra,21.0,0.0,21.0,3423.0435199999993,3423.0435199999993,0.0,3423.011519999999,3423.011519999999,0.0,168.987,0.0,168.987,1
2.0,2.0,0.0,29.0,23931.6001633626,12393.9415716933,11537.6585916693,2066.87595360883,2066.87595360883,0.0,74788.4585560346,link,0.0,0.0,0.0,0.0,0.0,0.0,0.0,0.0,0.0,385.729,385.729,0.0,0
3.0,2.0,0.0,30.0,27844.0,14880.0,12964.0,276.638796,0.0,276.638796,0.0,link,0.0,0.0,0.0,0.0,0.0,0.0,0.0,0.0,0.0,51.627,0.0,51.627,0
3.0,0.0,24.0,31.0,14880.0,14880.0,0.0,43.31568,43.31568,0.0,291.139117483826,ra,0.0,-0.0,0.0,0.0,0.0,0.0,0.0,0.0,0.0,8.084,8.084,0.0,0
3.0,1.0,25.0,32.0,12964.0,0.0,12964.0,50.78647,0.0,50.78647,391.789662717657,ra,15.0,0.0,15.0,2459.9999999999995,0.0,2459.9999999999995,2450.5219999999995,0.0,2450.5219999999995,0.0,0.0,0.0,1
3.0,2.0,1.0,33.0,27844.0,14880.0,12964.0,332.50104,332.50104,0.0,2525.71464164925,link,0.0,0.0,0.0,0.0,0.0,0.0,2458.6059999999993,8.084,2450.5219999999995,2520.6589999999997,70.137,2450.5219999999995,0
4.0,2.0,1.0,34.0,59761.3086274698,30037.3419745759,29723.9666528939,2541.48042300009,0.0,2541.48042300009,0.0,link,0.0,0.0,0.0,0.0,0.0,0.0,5490.829204841245,3111.195852420622,2379.633352420623,5965.130204841245,3111.195852420622,2853.9343524206233,0
4.0,1.0,29.0,35.0,19741.1962074672,0.0,19741.1962074672,941.130780889781,0.0,941.130780889781,27421.918402147,ra,11.0,0.0,11.0,1804.0,0.0,1804.0,4007.995352420624,0.0,4007.995352420624,2379.633352420623,0.0,2379.633352420623,1
4.0,0.0,28.0,36.0,20188.7740020659,20188.7740020659,0.0,6913.40781708113,6913.40781708113,0.0,27456.2755376563,ra,0.0,-0.0,0.0,0.0,0.0,0.0,3111.195852420622,3111.195852420622,0.0,4401.403852420623,4401.403852420623,0.0,0
4.0,2.0,31.0,37.0,24242.04672144007,16011.0814154375,8230.96530600257,10336.618270691579,5459.80728965386,4876.81098103772,57952.4364496481,ra,0.0,0.0,-0.0,0.0,0.0,0.0,7499.269204841246,4401.403852420623,3097.865352420624,9428.330204841246,5420.334852420622,4007.995352420624,0
4.0,2.0,30.0,38.0,24222.43641462717,16010.6884723873,8211.74794223987,2097.1816748164297,3.69851459408978,2093.48316022234,57975.5602403068,ra,34.0,34.0,0.0,5575.999999999999,4885.082752420622,690.9172475793773,8818.423452420622,5420.334852420622,3398.088600000001,3633.807452420624,535.9421,3097.865352420624,1
4.0,2.0,35.0,39.0,21337.9057816767,10925.6060783794,10412.2997032973,4724.82145770061,2596.38509090262,2128.43636679799,78476.4553474238,ra,0.0,-0.0,0.0,0.0,0.0,0.0,3536.8137000000006,535.9421,3000.8716000000004,4418.578700000001,1020.4901,3398.088600000001,0
4.0,0.0,40.0,40.0,10876.9999980846,10876.9999980846,0.0,1976.66074396654,1976.66074396654,0.0,96645.2667353262,ra,0.0,-0.0,0.0,0.0,0.0,0.0,1020.4901,1020.4901,0.0,1389.3821,1389.3821,0.0,0
4.0,1.0,41.0,41.0,10239.998724531,0.0,10239.998724531,1817.26058482465,0.0,1817.26058482465,99246.7072366671,ra,0.0,0.0,-0.0,0.0,0.0,0.0,2661.7276,0.0,2661.7276,3000.8716000000004,0.0,3000.8716000000004,0
4.0,2.0,42.0,42.0,15349.44862342799,7293.1561007636,8056.29252266439,2244.8438549829193,2242.94471998322,1.89913499969935,124531.184689634,ra,12.0,12.0,0.0,1968.0,1636.652438509317,331.34756149068284,4382.1032614906835,1389.3821,2992.7211614906837,2833.044261490683,171.31666149068283,2661.7276,1
4.0,2.0,45.0,43.0,29499.9997821141,14928.9998128104,14570.9999693037,9965.39545782924,4949.37419030477,5016.02126752447,160563.715389321,ra,0.0,-0.0,0.0,0.0,0.0,0.0,2227.927822981366,171.31666149068283,2056.611161490683,4087.7098229813664,1094.988661490683,2992.7211614906837,0
4.0,2.0,49.0,44.0,29501.2496709625,14929.6109247903,14571.6387461722,7771.39511709413,964.25344768502,6807.14166940911,167022.616706975,ra,0.0,0.0,-0.0,0.0,0.0,0.0,1881.223822981366,1094.988661490683,786.2351614906833,3331.5528229813663,1274.941661490683,2056.611161490683,0
4.0,2.0,2.0,45.0,37135.979248738106,18661.9898553614,18473.9893933767,2580.11657231137,2580.11657231137,0.0,182066.45484822,link,0.0,0.0,0.0,0.0,0.0,0.0,2061.176822981366,1274.941661490683,786.2351614906833,2542.6888229813662,1756.4536614906829,786.2351614906833,0
5.0,2.0,1.0,46.0,68793.7826224039,33913.4453688065,34880.3372535974,3843.82209257494,0.0,3843.82209257494,0.0,link,0.0,0.0,0.0,0.0,0.0,0.0,5985.942593388871,2032.8225466944361,3953.1200466944347,6703.291593388872,2032.8225466944361,4670.469046694436,0
5.0,1.0,26.0,47.0,36003.5240013336,0.0,36003.5240013336,3895.94746693039,0.0,3895.94746693039,10624.4240384357,ra,0.0,0.0,-0.0,0.0,0.0,0.0,3226.0430466944345,0.0,3226.0430466944345,3953.1200466944347,0.0,3953.1200466944347,0
5.0,0.0,27.0,48.0,32653.8009159093,32653.8009159093,0.0,4178.14177110393,4178.14177110393,0.0,12028.5386871855,ra,0.0,-0.0,0.0,0.0,0.0,0.0,2032.8225466944361,2032.8225466944361,0.0,2812.5645466944366,2812.5645466944366,0.0,0
5.0,2.0,32.0,49.0,33127.6679782642,16315.8916479239,16811.7763303403,9152.20454584315,5870.83645283758,3281.36809300557,39273.393575652,ra,28.0,0.0,28.0,4592.0,2404.9184946055434,2187.081505394456,7613.307098783329,2812.5645466944366,4800.742552088893,4729.328098783327,1503.2850520888926,3226.0430466944345,1
5.0,1.0,36.0,50.0,15728.3542233459,0.0,15728.3542233459,1275.7622080105,0.0,1275.7622080105,47330.3638647794,ra,0.0,0.0,-0.0,0.0,0.0,0.0,4562.654552088892,0.0,4562.654552088892,4800.742552088893,0.0,4800.742552088893,0
5.0,0.0,39.0,51.0,16181.0369578104,16181.0369578104,0.0,2402.71193975453,2402.71193975453,0.0,54808.4650706048,ra,0.0,-0.0,0.0,0.0,0.0,0.0,1503.2850520888926,1503.2850520888926,0.0,1951.6890520888926,1951.6890520888926,0.0,0
5.0,1.0,43.0,52.0,15425.0541977474,0.0,15425.0541977474,6550.91638851091,0.0,6550.91638851091,67696.5829264334,ra,0.0,0.0,-0.0,0.0,0.0,0.0,3340.096552088892,0.0,3340.096552088892,4562.654552088892,0.0,4562.654552088892,0
5.0,0.0,44.0,53.0,16743.9409701348,16743.9409701348,0.0,2188.52376611744,2188.52376611744,0.0,67916.7177403682,ra,0.0,-0.0,0.0,0.0,0.0,0.0,1951.6890520888926,1951.6890520888926,0.0,2360.1200520888924,2360.1200520888924,0.0,0
5.0,1.0,50.0,54.0,23926.8657512302,0.0,23926.8657512302,3865.03208223887,0.0,3865.03208223887,86150.6446371155,ra,0.0,0.0,-0.0,0.0,0.0,0.0,2618.7885520888913,0.0,2618.7885520888913,3340.096552088892,0.0,3340.096552088892,0
5.0,0.0,51.0,55.0,23976.5917239922,23976.5917239922,0.0,3863.2104401925,3863.2104401925,0.0,86198.2118888899,ra,0.0,-0.0,0.0,0.0,0.0,0.0,2360.1200520888924,2360.1200520888924,0.0,3081.0880520888923,3081.0880520888923,0.0,0
5.0,2.0,4.0,56.0,48295.9987384735,24204.9992554563,24090.9994830172,3849.65902876729,3849.65902876729,0.0,102115.051061861,link,0.0,0.0,0.0,0.0,0.0,0.0,5699.8766041777835,3081.0880520888923,2618.7885520888913,6418.315604177784,3799.527052088892,2618.7885520888913,0
6.0,2.0,0.0,57.0,17593.52882743976,9370.08985369332,8223.43897374644,3280.58897165935,0.0,3280.58897165935,0.0,link,0.0,0.0,0.0,0.0,0.0,0.0,0.0,0.0,0.0,612.237,0.0,612.237,0
6.0,0.0,34.0,58.0,9440.70012643683,9440.70012643683,0.0,115.627916160566,115.627916160566,0.0,1229.56192943354,ra,0.0,-0.0,0.0,0.0,0.0,0.0,0.0,0.0,0.0,21.579,21.579,0.0,0
6.0,0.0,33.0,59.0,9685.7540713875,9685.7540713875,0.0,302.822447135245,302.822447135245,0.0,4398.31801694572,ra,0.0,-0.0,0.0,0.0,0.0,0.0,21.579,21.579,0.0,78.093,78.093,0.0,0
6.0,1.0,38.0,60.0,13533.1360897293,0.0,13533.1360897293,3267.26796433001,0.0,3267.26796433001,19100.037855584,ra,16.0,0.0,16.0,2623.999999999998,0.0,2623.999999999998,2014.2489999999982,0.0,2014.2489999999982,0.0,0.0,0.0,1
6.0,0.0,37.0,61.0,14150.2103751211,14150.2103751211,0.0,1803.67381185194,1803.67381185194,0.0,19123.3135023805,ra,0.0,-0.0,0.0,0.0,0.0,0.0,78.093,78.093,0.0,414.702,414.702,0.0,0
6.0,2.0,48.0,62.0,30972.8842403762,15986.2762154003,14986.6080249759,5468.1986435463505,3421.90944344568,2046.28920010067,42213.9465999939,ra,0.0,0.0,-0.0,0.0,0.0,0.0,2047.0639999999985,414.702,1632.3619999999985,3067.560999999998,1053.312,2014.2489999999982,0
6.0,2.0,3.0,63.0,43852.3829830634,22912.2538280909,20940.1291549725,3553.90060489654,3553.90060489654,0.0,60876.2242421798,link,0.0,0.0,0.0,0.0,0.0,0.0,2685.673999999998,1053.312,1632.3619999999985,3348.9169999999986,1716.5549999999998,1632.3619999999985,0
7.0,2.0,0.0,64.0,11819.72883309257,5668.99952865367,6150.7293044389,2312.63273856917,0.0,2312.63273856917,0.0,link,0.0,0.0,0.0,0.0,0.0,0.0,0.0,0.0,0.0,431.593,0.0,431.593,0
7.0,2.0,46.0,65.0,16750.43996107374,8281.7922636936,8468.64769738014,443.9117156207323,439.374363225034,4.53735239569832,6667.95544755655,ra,9.0,9.0,0.0,1476.0,81.998,1394.002,1393.155,0.0,1393.155,0.0,0.0,0.0,1
7.0,2.0,47.0,66.0,16803.00194301874,8309.64474409952,8493.35719891922,469.00809295789134,4.43822753361236,464.569865424279,6721.47492677825,ra,0.0,0.0,-0.0,0.0,0.0,0.0,1306.455,0.0,1306.455,1393.983,0.828,1393.155,0
7.0,2.0,2.0,67.0,31479.2646876848,14962.6751347339,16516.5895529509,2176.3869746183,2176.3869746183,0.0,25294.5418793567,link,0.0,0.0,0.0,0.0,0.0,0.0,1307.283,0.828,1306.455,1713.4489999999998,406.99399999999997,1306.455,0
8.0,2.0,2.0,68.0,14782.3695846428,7482.84754160049,7299.52204304231,571.535173252439,0.0,571.535173252439,0.0,link,0.0,0.0,0.0,0.0,0.0,0.0,794.2585217391306,705.2802608695653,88.97826086956542,900.9205217391307,705.2802608695653,195.64026086956542,0
8.0,2.0,52.0,69.0,9208.20636712835,4168.18387658208,5040.02249054627,1091.488655298786,530.547783523534,560.940871775252,9055.82449812222,ra,5.0,5.0,0.0,819.9999999999998,804.2932608695652,15.706739130434585,705.2802608695653,705.2802608695653,0.0,88.97826086956542,0.0,88.97826086956542,1
8.0,2.0,0.0,70.0,9708.89067456805,5120.67365793185,4588.2170166362,557.603815055505,557.603815055505,0.0,21173.6853058851,link,0.0,0.0,0.0,0.0,0.0,0.0,0.0,0.0,0.0,104.062,104.062,0.0,0
9.0,2.0,2.0,71.0,31818.42313617,16104.8835451968,15713.5395909732,3261.48259711826,0.0,3261.48259711826,0.0,link,0.0,0.0,0.0,0.0,0.0,0.0,1678.3537857142856,924.0711428571428,754.2826428571428,2287.024785714286,924.0711428571428,1362.9536428571432,0
9.0,2.0,55.0,72.0,36693.0558776816,18116.8086480647,18576.2472296169,5325.486521774041,2708.00089398014,2617.4856277939,15445.3717833973,ra,9.0,0.0,9.0,1476.0,1429.4491428571428,46.550857142857126,1236.418642857143,924.0711428571428,312.34749999999997,754.2826428571428,0.0,754.2826428571428,1
9.0,2.0,7.0,73.0,31601.8542643027,15291.9117888883,16309.9424754144,3142.32996782434,3142.32996782434,0.0,33157.1268468838,link,0.0,0.0,0.0,0.0,0.0,0.0,312.34749999999997,0.0,312.34749999999997,898.7814999999999,586.434,312.34749999999997,0
10.0,2.0,3.0,74.0,31606.6695639389,16070.5474552074,15536.1221087315,43.8140689321546,0.0,43.8140689321546,0.0,link,0.0,0.0,0.0,0.0,0.0,0.0,1902.6474266666637,1636.1412266666678,266.506199999996,1910.8244266666638,1636.1412266666678,274.68319999999596,0
10.0,2.0,53.0,75.0,20482.292071415,10386.9656808517,10095.3263905633,3859.97837178184,1960.6175793948,1899.36079238704,14793.4065314786,ra,18.0,0.0,18.0,2951.9999999999995,1367.424989392587,1584.5750106074127,3132.7564372740762,1636.1412266666678,1496.6152106074087,901.120437274077,634.6142372740809,266.506199999996,1
10.0,2.0,4.0,76.0,20473.6189956967,10382.5344994114,10091.0844962853,45.079640330005,45.079640330005,0.0,15227.5355211014,link,0.0,0.0,0.0,0.0,0.0,0.0,2131.2294478814897,634.6142372740809,1496.6152106074087,2139.6424478814897,643.0272372740809,1496.6152106074087,0
11.0,2.0,3.0,77.0,48420.0541429227,24599.8231829302,23820.2309599925,1269.82131381751,0.0,1269.82131381751,0.0,link,0.0,0.0,0.0,0.0,0.0,0.0,3323.186746666666,1141.450359999998,2181.736386666668,3560.1657466666657,1141.450359999998,2418.7153866666677,0
11.0,2.0,54.0,78.0,48814.9931722971,24295.4347117739,24519.5584605232,3388.4082292149897,1701.63127736504,1686.77695184995,6967.48714814497,ra,0.0,0.0,-0.0,6.906475391588174e-12,6.906475391588174e-12,0.0,3008.3937466666644,1141.450359999998,1866.9433866666664,3640.751746666659,1459.0153599999912,2181.736386666668,0
11.0,1.0,56.0,79.0,22284.9266194441,0.0,22284.9266194441,1685.09443322027,0.0,1685.09443322027,14053.3882390507,ra,0.0,0.0,-0.0,0.0,0.0,0.0,1552.4643866666659,0.0,1552.4643866666659,1866.9433866666664,0.0,1866.9433866666664,0
11.0,2.0,5.0,80.0,42919.8251598076,21285.3584845686,21634.466675239,2910.89526178855,2910.89526178855,0.0,19878.6900646546,link,0.0,0.0,0.0,0.0,0.0,0.0,3011.479746666657,1459.0153599999912,1552.4643866666659,3554.7227466666573,2002.2583599999912,1552.4643866666659,0
12.0,2.0,4.0,81.0,53131.6723320628,26537.1834811746,26594.4888508882,1562.32443000799,0.0,1562.32443000799,0.0,link,0.0,0.0,0.0,0.0,0.0,0.0,5250.914416000003,3113.03002133334,2137.884394666664,5542.481416000004,3113.03002133334,2429.451394666664,0
12.0,0.0,58.0,82.0,22288.895823896,22288.895823896,0.0,3364.25769729557,3364.25769729557,0.0,13722.6357161214,ra,0.0,-0.0,0.0,0.0,0.0,0.0,3113.03002133334,3113.03002133334,0.0,3740.8810213333395,3740.8810213333395,0.0,0
12.0,1.0,57.0,83.0,22492.6689728353,0.0,22492.6689728353,3393.5923031971,0.0,3393.5923031971,13775.3691799331,ra,0.0,0.0,-0.0,0.0,0.0,0.0,1504.5583946666636,0.0,1504.5583946666636,2137.884394666664,0.0,2137.884394666664,0
12.0,2.0,5.0,84.0,44751.0771921405,22273.0392762582,22478.0379158823,1559.84087923299,1559.84087923299,0.0,20725.0958331826,link,0.0,0.0,0.0,0.0,0.0,0.0,5245.439416000003,3740.8810213333395,1504.5583946666636,5536.543416000003,4031.9850213333393,1504.5583946666636,0
13.0,2.0,4.0,85.0,25987.610544625597,13119.3784455626,12868.232099063,1205.38349046939,0.0,1205.38349046939,0.0,link,0.0,0.0,0.0,0.0,0.0,0.0,4419.446101896301,2143.98550094815,2275.460600948151,4644.399101896301,2143.98550094815,2500.413600948151,0
13.0,2.0,59.0,86.0,13974.00634747334,7033.00411775856,6941.00222971478,6883.850493770729,3777.52597161839,3106.32452215234,36309.8952864744,ra,0.0,0.0,-0.0,0.0,0.0,0.0,3839.731101896301,2143.98550094815,1695.7456009481512,5124.423101896301,2848.96250094815,2275.460600948151,0
13.0,1.0,63.0,87.0,7362.49465739319,0.0,7362.49465739319,661.497609325267,0.0,661.497609325267,54986.8926639146,ra,0.0,0.0,-0.0,0.0,0.0,0.0,1572.2946009481511,0.0,1572.2946009481511,1695.7456009481512,0.0,1695.7456009481512,0
13.0,0.0,62.0,88.0,7963.31449008736,7963.31449008736,0.0,1395.608479293,1395.608479293,0.0,55258.2918559062,ra,0.0,-0.0,0.0,0.0,0.0,0.0,2848.96250094815,2848.96250094815,0.0,3109.4165009481503,3109.4165009481503,0.0,0
13.0,2.0,70.0,89.0,20915.585370117602,10623.7234191176,10291.861951,6679.2986941238505,3389.00409366516,3290.29460045869,85720.8848871018,ra,0.0,0.0,-0.0,0.0,0.0,0.0,4067.663101896301,3109.4165009481503,958.246600948151,5314.1801018963015,3741.8855009481504,1572.2946009481511,0
13.0,1.0,71.0,90.0,10312.6666929756,0.0,10312.6666929756,1325.87027770041,0.0,1325.87027770041,92148.0377185692,ra,0.0,0.0,-0.0,0.0,0.0,0.0,710.807600948151,0.0,710.807600948151,958.246600948151,0.0,958.246600948151,0
13.0,0.0,75.0,91.0,10865.4133062023,10865.4133062023,0.0,2225.2267853651,2225.2267853651,0.0,106351.198252807,ra,0.0,-0.0,0.0,0.0,0.0,0.0,3741.8855009481504,3741.8855009481504,0.0,4157.166500948149,4157.166500948149,0.0,0
13.0,2.0,80.0,92.0,21769.3135715549,10924.7717317326,10844.5418398223,5231.40590135432,1587.86020641778,3643.54569493654,121274.128299309,ra,32.0,0.0,32.0,5247.999999999999,4427.442376662436,820.5576233375635,5008.558725233864,4157.166500948149,851.3922242857146,736.8647252338651,26.057124285714053,710.807600948151,1
13.0,2.0,8.0,93.0,20326.8379673694,10049.6549230906,10277.1830442788,1199.97066882623,1199.97066882623,0.0,132616.969219855,link,0.0,0.0,0.0,0.0,0.0,0.0,877.4493485714287,26.057124285714053,851.3922242857146,1101.3923485714288,250.00012428571407,851.3922242857146,0
14.0,2.0,5.0,94.0,94497.8226477467,47019.266876753,47478.5557709937,936.342520757964,0.0,936.342520757964,0.0,link,0.0,0.0,0.0,0.0,0.0,0.0,7729.918866666667,5440.941733333335,2288.9771333333324,7904.6628666666675,5440.941733333335,2463.7211333333325,0
14.0,0.0,61.0,95.0,46935.1899031602,46935.1899031602,0.0,2174.78874504217,2174.78874504217,0.0,4629.48262057162,ra,0.0,-0.0,0.0,0.0,0.0,0.0,5440.941733333335,5440.941733333335,0.0,5846.809733333335,5846.809733333335,0.0,0
14.0,1.0,60.0,96.0,47664.7520038718,0.0,47664.7520038718,2204.32457448694,0.0,2204.32457448694,4633.73189838993,ra,0.0,0.0,-0.0,0.0,0.0,0.0,1877.5971333333327,0.0,1877.5971333333327,2288.9771333333324,0.0,2288.9771333333324,0
14.0,2.0,6.0,97.0,94641.6911720278,46900.6207445268,47741.070427501,922.919420502059,922.919420502059,0.0,6596.60038925666,link,0.0,0.0,0.0,0.0,0.0,0.0,7724.406866666668,5846.809733333335,1877.5971333333327,7896.645866666668,6019.048733333335,1877.5971333333327,0
15.0,2.0,6.0,98.0,75207.4913410466,44538.3019109056,30669.189430141,1884.85015181653,0.0,1884.85015181653,0.0,link,0.0,0.0,0.0,0.0,0.0,0.0,5319.223000000001,4103.262000000001,1215.961,5670.981000000001,4103.262000000001,1567.719,0
15.0,1.0,64.0,99.0,16721.3274524539,0.0,16721.3274524539,6515.56424199958,0.0,6515.56424199958,25738.7432238461,ra,0.0,0.0,-0.0,0.0,0.0,0.0,0.0,0.0,0.0,1215.961,0.0,1215.961,0
15.0,0.0,65.0,100.0,16271.068415411,16271.068415411,0.0,7891.47329091754,7891.47329091754,0.0,25740.9022185623,ra,34.0,34.0,0.0,5576.0,5576.0,0.0,4103.262000000001,4103.262000000001,0.0,0.0,0.0,0.0,1
15.0,2.0,0.0,101.0,10998.09198493645,5379.56194516866,5618.53003976779,1825.01257049708,1825.01257049708,0.0,48631.178555929,link,0.0,0.0,0.0,0.0,0.0,0.0,0.0,0.0,0.0,340.591,340.591,0.0,0
16.0,2.0,6.0,102.0,79740.5667298025,40135.9531021025,39604.6136277,2800.89558131599,0.0,2800.89558131599,0.0,link,0.0,0.0,0.0,0.0,0.0,0.0,5458.145133333333,3793.3838666666675,1664.7612666666655,5980.859133333333,3793.3838666666675,2187.4752666666654,0
16.0,1.0,66.0,103.0,29014.9759926702,0.0,29014.9759926702,4194.66206610603,0.0,4194.66206610603,12316.8385533337,ra,19.0,0.0,19.0,3094.825733333335,0.0,3094.825733333335,3976.762,0.0,3976.762,1664.7612666666655,0.0,1664.7612666666655,1
16.0,0.0,67.0,104.0,29278.0080852545,29278.0080852545,0.0,4585.78782260726,4585.78782260726,0.0,12575.9466885105,ra,0.0,-0.0,0.0,0.0,0.0,0.0,3793.3838666666675,3793.3838666666675,0.0,4649.201866666667,4649.201866666667,0.0,0
16.0,0.0,72.0,105.0,28145.026567285,28145.026567285,0.0,3642.99524799985,3642.99524799985,0.0,25449.0803158335,ra,0.0,-0.0,0.0,0.0,0.0,0.0,4649.201866666667,4649.201866666667,0.0,5329.071866666666,5329.071866666666,0.0,0
16.0,1.0,74.0,106.0,25731.8558288299,0.0,25731.8558288299,3150.32793358614,0.0,3150.32793358614,32933.7519739179,ra,0.0,0.0,-0.0,0.0,0.0,0.0,3388.835,0.0,3388.835,3976.762,0.0,3976.762,0
16.0,0.0,76.0,107.0,25418.7221777421,25418.7221777421,0.0,6370.06870476076,6370.06870476076,0.0,49497.4689014342,ra,0.0,-0.0,0.0,0.0,0.0,0.0,5329.071866666666,5329.071866666666,0.0,6517.879866666667,6517.879866666667,0.0,0
16.0,1.0,77.0,108.0,25469.3693020146,0.0,25469.3693020146,3629.48335037293,0.0,3629.48335037293,49565.5184208006,ra,0.0,0.0,-0.0,0.0,0.0,0.0,2711.486,0.0,2711.486,3388.835,0.0,3388.835,0
16.0,1.0,82.0,109.0,26935.5497477119,0.0,26935.5497477119,4731.07688196937,0.0,4731.07688196937,67595.9687520987,ra,0.0,0.0,-0.0,0.0,0.0,0.0,1828.554,0.0,1828.554,2711.486,0.0,2711.486,0
16.0,0.0,83.0,110.0,27462.4751098044,27462.4751098044,0.0,5057.1026374567,5057.1026374567,0.0,68666.0746432526,ra,23.0,23.0,0.0,3765.4378383082985,3765.4378383082985,0.0,6517.879866666667,6517.879866666667,0.0,3696.219028358368,3696.219028358368,0.0,1
16.0,1.0,86.0,111.0,27163.1527528195,0.0,27163.1527528195,4196.37690745412,0.0,4196.37690745412,81021.8926734055,ra,0.0,0.0,-0.0,0.0,0.0,0.0,1045.409,0.0,1045.409,1828.554,0.0,1828.554,0
16.0,0.0,89.0,112.0,29187.9984476255,29187.9984476255,0.0,6653.92810326968,6653.92810326968,0.0,92123.379066016,ra,0.0,-0.0,0.0,0.0,0.0,0.0,3696.219028358368,3696.219028358368,0.0,4938.002028358367,4938.002028358367,0.0,0
16.0,1.0,90.0,113.0,28376.9986665812,0.0,28376.9986665812,5601.68477510965,0.0,5601.68477510965,92203.5095301381,ra,0.0,0.0,-0.0,0.0,0.0,0.0,0.0,0.0,0.0,1045.409,0.0,1045.409,0
16.0,2.0,94.0,114.0,71124.20344709541,35553.8279012094,35570.375545886,8755.2397188011,4299.63877333859,4455.60094546251,106046.116569043,ra,34.0,0.0,34.0,5576.0,2740.4793915606983,2835.5206084393017,6942.000636797669,4938.002028358367,2003.998608439302,2999.9386367976704,2999.9386367976704,0.0,1
16.0,2.0,12.0,115.0,71147.99996754559,35564.9999847632,35582.9999827824,2799.48715587504,2799.48715587504,0.0,113917.810760995,link,0.0,0.0,0.0,0.0,0.0,0.0,5003.937245236973,2999.9386367976704,2003.998608439302,5526.388245236972,3522.38963679767,2003.998608439302,0
18.0,2.0,7.0,118.0,26949.9999999978,13587.9999999988,13361.999999999,1262.35088868617,0.0,1262.35088868617,0.0,link,0.0,0.0,0.0,0.0,0.0,0.0,522.8569,522.8569,0.0,758.4419,522.8569,235.585,0
18.0,0.0,68.0,119.0,13587.9186189986,13587.9186189986,0.0,1673.78287195478,1673.78287195478,0.0,12318.1380453438,ra,0.0,-0.0,0.0,0.0,0.0,0.0,522.8569,522.8569,0.0,835.2248999999999,835.2248999999999,0.0,0
18.0,1.0,69.0,120.0,13361.9322654755,0.0,13361.9322654755,3620.13302138755,0.0,3620.13302138755,12346.3056788137,ra,15.0,0.0,15.0,2460.0000000000005,0.0,2460.0000000000005,1784.3960000000002,0.0,1784.3960000000002,0.0,0.0,0.0,1
18.0,2.0,73.0,121.0,21133.145613699402,10354.0731302489,10779.0724834505,3099.0639764515,1773.46409345857,1325.59988299293,27186.3293839123,ra,2.0,2.0,0.0,328.0,0.0,328.0,2700.2318999999998,835.2248999999999,1865.007,2950.5919000000004,1166.1959,1784.3960000000002,1
18.0,2.0,81.0,122.0,17024.72901544851,8263.2955761644,8761.43343928411,10407.12701858784,5132.59342206241,5274.53359652543,76811.9776614867,ra,0.0,-0.0,0.0,0.0,0.0,0.0,2046.8479000000002,1166.1959,880.6520000000002,3989.0679,2124.0609,1865.007,0
18.0,0.0,84.0,123.0,7912.19781312535,7912.19781312535,0.0,1219.94777274037,1219.94777274037,0.0,91803.7907317536,ra,0.0,-0.0,0.0,0.0,0.0,0.0,2124.0609,2124.0609,0.0,2351.7329,2351.7329,0.0,0
18.0,1.0,85.0,124.0,8875.83878859374,0.0,8875.83878859374,1785.78492380043,0.0,1785.78492380043,91872.4611970398,ra,0.0,0.0,-0.0,0.0,0.0,0.0,547.3820000000001,0.0,547.3820000000001,880.6520000000002,0.0,880.6520000000002,0
18.0,2.0,92.0,125.0,47292.9371799686,22515.082655355,24777.8545246136,4754.45243720846,3104.7402940347,1649.71214317376,121334.732705969,ra,34.0,34.0,0.0,5575.999999999999,2522.4865923076927,3053.5134076923064,5644.752307692306,2351.7329,3293.0194076923062,956.047307692307,408.6653076923069,547.3820000000001,1
18.0,2.0,11.0,126.0,53098.002767233804,24816.3642256391,28281.6385415947,1125.0783643968,1125.0783643968,0.0,126075.531741563,link,0.0,0.0,0.0,0.0,0.0,0.0,3701.684715384613,408.6653076923069,3293.0194076923062,3911.651715384613,618.6323076923069,3293.0194076923062,0
19.0,2.0,7.0,127.0,19888.0,9830.0,10058.0,1832.522339,0.0,1832.522339,0.0,link,0.0,0.0,0.0,0.0,0.0,0.0,328.8076,328.8076,0.0,670.8006,328.8076,341.993,0
19.0,2.0,0.0,128.0,19888.0,9830.0,10058.0,1790.981765,1790.981765,0.0,18219.577121931,link,0.0,0.0,0.0,0.0,0.0,0.0,328.8076,328.8076,0.0,663.0476,663.0476,0.0,0
20.0,2.0,0.0,129.0,19481.0003447438,9701.00019990513,9780.00014483867,1585.94680206363,0.0,1585.94680206363,0.0,link,0.0,0.0,0.0,0.0,0.0,0.0,0.0,0.0,0.0,295.976,0.0,295.976,0
20.0,0.0,78.0,130.0,10133.9989103389,10133.9989103389,0.0,2201.81082897895,2201.81082897895,0.0,22308.8999344534,ra,3.0,3.0,0.0,410.911,410.911,0.0,0.0,0.0,0.0,0.0,0.0,0.0,1
20.0,1.0,79.0,131.0,10094.128472639,0.0,10094.128472639,2214.67932713437,0.0,2214.67932713437,22364.4498639692,ra,8.0,0.0,8.0,1312.0000000000002,0.0,1312.0000000000002,898.6880000000002,0.0,898.6880000000002,0.0,0.0,0.0,1
20.0,2.0,8.0,132.0,21962.979690817003,10983.9900500203,10978.9896407967,1594.24397947735,1594.24397947735,0.0,37253.2284842051,link,0.0,0.0,0.0,0.0,0.0,0.0,898.6880000000002,0.0,898.6880000000002,1196.2120000000002,297.524,898.6880000000002,0
21.0,2.0,8.0,133.0,21649.000000000102,11074.0,10575.0000000001,371.58433599978,0.0,371.58433599978,0.0,link,0.0,0.0,0.0,0.0,0.0,0.0,1034.6838542857151,817.2493,217.4345542857152,1104.0308542857151,817.2493,286.7815542857152,0
21.0,2.0,87.0,134.0,23288.9999999286,11776.9999999694,11511.9999999592,6542.5877927048805,3329.21173105459,3213.37606165029,29246.6421925882,ra,18.0,0.0,18.0,2952.0,554.3515589011,2397.6484410989,2832.6392953846153,817.2493,2015.3899953846153,1101.6432953846152,884.2087410989,217.4345542857152,1
21.0,2.0,10.0,135.0,23288.9999999998,11776.9999999999,11511.9999999999,380.138005999835,380.138005999835,0.0,32474.4736101551,link,0.0,0.0,0.0,0.0,0.0,0.0,2899.598736483515,884.2087410989,2015.389995384615,2970.5417364835153,955.1517410989,2015.3899953846153,0
22.0,2.0,8.0,136.0,18089.34980232114,9293.63667702267,8795.71312529847,2541.60361777734,0.0,2541.60361777734,0.0,link,0.0,0.0,0.0,0.0,0.0,0.0,1877.5851542857147,219.19605428571455,1658.3891,2351.909154285715,219.19605428571458,2132.7131000000004,0
22.0,2.0,9.0,137.0,22551.7599214391,11229.4921808602,11322.2677405789,2598.64030591273,2598.64030591273,0.0,25496.1440920557,link,0.0,0.0,0.0,0.0,0.0,0.0,1877.5851542857147,219.19605428571458,1658.3891,2362.5541542857145,704.1650542857145,1658.3891,0
24.0,2.0,9.0,140.0,25786.108144857702,12922.6073175015,12863.5008273562,310.22506737586,0.0,310.22506737586,0.0,link,0.0,0.0,0.0,0.0,0.0,0.0,4015.119711208792,1973.9397112087918,2041.18,4073.014711208792,1973.9397112087918,2099.0750000000003,0
24.0,0.0,88.0,141.0,12911.6129537198,12911.6129537198,0.0,904.521486357201,904.521486357201,0.0,7001.12487688288,ra,0.0,-0.0,0.0,0.0,0.0,0.0,1973.9397112087918,1973.9397112087918,0.0,2142.7447112087916,2142.7447112087916,0.0,0
24.0,1.0,91.0,142.0,12797.6950404071,0.0,12797.6950404071,2112.95769776524,0.0,2112.95769776524,10447.761196687,ra,0.0,0.0,-0.0,-5.684341886080802e-14,0.0,-5.684341886080802e-14,1646.8509999999999,0.0,1646.8509999999999,2041.18,0.0,2041.18,0
24.0,0.0,97.0,143.0,9570.73893282761,9570.73893282761,0.0,2755.77301226508,2755.77301226508,0.0,30840.5691895132,ra,0.0,-0.0,0.0,0.0,0.0,0.0,2142.7447112087916,2142.7447112087916,0.0,2657.0377112087913,2657.0377112087913,0.0,0
24.0,1.0,98.0,144.0,9946.42620888775,0.0,9946.42620888775,2231.33572547577,0.0,2231.33572547577,30857.3340619152,ra,0.0,0.0,-0.0,0.0,0.0,0.0,1230.4299999999998,0.0,1230.4299999999998,1646.8509999999999,0.0,1646.8509999999999,0
24.0,2.0,108.0,145.0,15887.70615160749,7870.70573058493,8017.00042102256,4501.986650504179,2168.3895853448,2333.59706515938,55766.1486133563,ra,20.0,20.0,0.0,3280.0000000000005,1769.7069701626378,1510.2930298373626,4962.255741046154,2657.0377112087913,2305.218029837363,2522.4347410461532,1292.0047410461534,1230.4299999999998,1
24.0,2.0,114.0,146.0,28294.0206982518,14163.5504368669,14130.4702613849,3453.81695206723,2111.30760238217,1342.50934968506,76000.7341358558,ra,0.0,0.0,-0.0,0.0,0.0,0.0,3346.678770883516,1292.0047410461534,2054.6740298373625,3991.243770883516,1686.0257410461534,2305.218029837363,0
24.0,2.0,15.0,147.0,28738.6713502246,14383.3123439625,14355.3590062621,310.87767950128,310.87767950128,0.0,78175.474803374,link,0.0,0.0,0.0,0.0,0.0,0.0,3740.699770883516,1686.0257410461534,2054.6740298373625,3798.716770883516,1744.0427410461534,2054.6740298373625,0
25.0,2.0,9.0,148.0,18444.994544675952,9036.99752648209,9407.99701819386,3162.57397865205,0.0,3162.57397865205,0.0,link,0.0,0.0,0.0,0.0,0.0,0.0,2447.907316923077,1104.5152799999998,1343.3920369230768,3038.119316923077,1104.5152799999998,1933.604036923077,0
25.0,2.0,10.0,149.0,19006.7279100321,9665.34291491844,9341.38499511366,3137.60809841466,3137.60809841466,0.0,35248.1726115327,link,0.0,0.0,0.0,0.0,0.0,0.0,2447.907316923077,1104.5152799999998,1343.3920369230768,3033.460316923077,1690.06828,1343.3920369230768,0
26.0,2.0,10.0,150.0,39799.090315948604,19727.656489473,20071.4338264756,5432.50664953123,0.0,5432.50664953123,0.0,link,0.0,0.0,0.0,0.0,0.0,0.0,3888.6051334065914,2063.1515410988995,1825.453592307692,4902.441133406592,2063.1515410988995,2839.2895923076917,0
26.0,2.0,11.0,151.0,61239.0276416527,31319.7944712375,29919.2331704152,5527.09879983652,5527.09879983652,0.0,24120.7762535988,link,0.0,0.0,0.0,0.0,0.0,0.0,3888.6051334065914,2063.1515410988995,1825.453592307692,4920.094133406592,3094.6405410989005,1825.453592307692,0
27.0,2.0,11.0,152.0,68446.95855219441,33632.3321209786,34814.6264312158,4475.01586176286,0.0,4475.01586176286,0.0,link,0.0,0.0,0.0,0.0,0.0,0.0,6461.3424773626375,1874.221163076923,4587.121314285714,7296.487477362636,1874.221163076923,5422.266314285714,0
27.0,0.0,99.0,153.0,29715.9548515929,29715.9548515929,0.0,4959.0509597815,4959.0509597815,0.0,15398.2814879574,ra,0.0,-0.0,0.0,0.0,0.0,0.0,1874.221163076923,1874.221163076923,0.0,2799.699163076923,2799.699163076923,0.0,0
27.0,1.0,100.0,154.0,27462.2259431798,0.0,27462.2259431798,4427.60002896918,0.0,4427.60002896918,15788.2300471589,ra,0.0,0.0,-0.0,-1.1368683772161603e-13,0.0,-1.1368683772161603e-13,3760.8253142857147,0.0,3760.8253142857147,4587.121314285714,0.0,4587.121314285714,0
27.0,2.0,107.0,155.0,39803.000772140804,18775.2599855575,21027.7407865833,8521.51974910427,4077.761723511,4443.75802559327,32030.5850885025,ra,0.0,0.0,-0.0,0.0,0.0,0.0,5731.212477362637,2799.699163076923,2931.5133142857144,7321.532477362638,3560.707163076923,3760.8253142857147,0
27.0,0.0,111.0,156.0,14923.34787731,14923.34787731,0.0,3332.68370370798,3332.68370370798,0.0,51994.455333056,ra,0.0,-0.0,0.0,0.0,0.0,0.0,3560.707163076923,3560.707163076923,0.0,4182.666163076922,4182.666163076922,0.0,0
27.0,1.0,110.0,157.0,16064.7865328213,0.0,16064.7865328213,3656.83050998601,0.0,3656.83050998601,52217.7859827402,ra,0.0,0.0,-0.0,0.0,0.0,0.0,2249.0613142857146,0.0,2249.0613142857146,2931.5133142857144,0.0,2931.5133142857144,0
27.0,2.0,113.0,158.0,28115.7326932638,13396.479626617,14719.2530666468,8182.361978154309,4151.77442489818,4030.58755325613,80453.8359529617,ra,14.0,0.0,14.0,2296.0,1134.4462502857148,1161.5537497142855,6841.077227076922,4182.666163076922,2658.411064,6072.102227076923,3823.0409127912076,2249.0613142857146,1
27.0,0.0,115.0,159.0,16210.1141141057,16210.1141141057,0.0,2741.86480754644,2741.86480754644,0.0,99290.1862589441,ra,0.0,-0.0,0.0,0.0,0.0,0.0,3823.0409127912076,3823.0409127912076,0.0,4334.738912791207,4334.738912791207,0.0,0
27.0,2.0,116.0,160.0,34177.789667498,16266.7915147338,17910.9981527642,6377.1162856009105,1294.98984691301,5082.1264386879,107271.26953268,ra,5.0,0.0,5.0,820.0,720.345,99.655,6144.357976791208,4334.738912791207,1809.6190640000002,6514.480976791207,3856.069912791207,2658.411064,1
27.0,2.0,15.0,161.0,39893.9999998457,18725.9999999336,21167.9999999121,3972.00678523747,3972.00678523747,0.0,128894.513137464,link,0.0,0.0,0.0,0.0,0.0,0.0,5665.688976791207,3856.069912791207,1809.619064,6406.960976791207,4597.341912791207,1809.6190640000002,0
28.0,2.0,11.0,162.0,61992.2787513973,31725.312247826,30266.9665035713,2390.70224064613,0.0,2390.70224064613,0.0,link,0.0,0.0,0.0,0.0,0.0,0.0,4385.804999999999,3487.405999999999,898.3990000000001,4831.966999999999,3487.405999999999,1344.5610000000001,0
28.0,0.0,93.0,163.0,30439.2241679383,30439.2241679383,0.0,1072.78335284043,1072.78335284043,0.0,3445.55910715547,ra,0.0,-0.0,0.0,0.0,0.0,0.0,3487.405999999999,3487.405999999999,0.0,3687.612999999999,3687.612999999999,0.0,0
28.0,0.0,95.0,164.0,18498.9087746208,18498.9087746208,0.0,3967.26574657,3967.26574657,0.0,21968.3457181098,ra,27.0,27.0,0.0,4427.999999999999,4427.999999999999,0.0,3687.612999999999,3687.612999999999,0.0,0.0,0.0,0.0,1
28.0,1.0,96.0,165.0,17419.1863324911,0.0,17419.1863324911,4813.95264377551,0.0,4813.95264377551,22264.116411145,ra,0.0,0.0,-0.0,-1.1368683772161603e-13,0.0,-1.1368683772161603e-13,0.0,0.0,0.0,898.3990000000001,0.0,898.3990000000001,0
28.0,2.0,0.0,166.0,16044.98321671642,8425.39921826346,7619.58399845296,2682.96218463007,2682.96218463007,0.0,40879.2796779836,link,0.0,0.0,0.0,0.0,0.0,0.0,0.0,0.0,0.0,500.705,500.705,0.0,0
30.0,2.0,12.0,169.0,31173.0077127878,15334.6891591729,15838.3185536149,1373.0223382835,0.0,1373.0223382835,0.0,link,0.0,0.0,0.0,0.0,0.0,0.0,3238.430514478603,1481.5582610393012,1756.872253439302,3494.669514478603,1481.5582610393012,2013.111253439302,0
30.0,0.0,101.0,170.0,15342.1685357064,15342.1685357064,0.0,288.700229956651,288.700229956651,0.0,1882.30501330568,ra,0.0,-0.0,0.0,0.0,0.0,0.0,1481.5582610393012,1481.5582610393012,0.0,1535.436261039301,1535.436261039301,0.0,0
30.0,1.0,102.0,171.0,15008.3801891543,0.0,15008.3801891543,2426.9547057033,0.0,2426.9547057033,15325.3757236118,ra,0.0,0.0,-0.0,0.0,0.0,0.0,1303.944253439302,0.0,1303.944253439302,1756.872253439302,0.0,1756.872253439302,0
30.0,0.0,103.0,172.0,14615.1043928834,14615.1043928834,0.0,2123.5391790608,2123.5391790608,0.0,15632.2115214018,ra,0.0,-0.0,0.0,0.0,0.0,0.0,1535.436261039301,1535.436261039301,0.0,1931.7392610393008,1931.7392610393008,0.0,0
30.0,2.0,13.0,173.0,18934.3901725728,9143.1385769236,9791.2515956492,1268.11665537119,1268.11665537119,0.0,27311.5905726122,link,0.0,0.0,0.0,0.0,0.0,0.0,3235.683514478603,1931.7392610393008,1303.944253439302,3472.344514478603,2168.400261039301,1303.944253439302,0
31.0,2.0,12.0,174.0,61211.2617744492,30941.9007084376,30269.3610660116,584.87883138558,0.0,584.87883138558,0.0,link,0.0,0.0,0.0,0.0,0.0,0.0,4773.067820758368,3466.0819207583677,1306.9859000000001,4882.219820758368,3466.0819207583677,1416.1379000000002,0
31.0,1.0,106.0,175.0,29780.0349085717,0.0,29780.0349085717,3637.7163502508,0.0,3637.7163502508,10173.7794302971,ra,0.0,0.0,-0.0,0.0,0.0,0.0,628.1009,0.0,628.1009,1306.9859000000001,0.0,1306.9859000000001,0
31.0,0.0,105.0,176.0,30402.9541425937,30402.9541425937,0.0,3119.85205801169,3119.85205801169,0.0,10175.4293545811,ra,0.0,-0.0,0.0,0.0,0.0,0.0,3466.0819207583677,3466.0819207583677,0.0,4048.320920758368,4048.320920758368,0.0,0
31.0,2.0,109.0,177.0,62402.9342497772,31525.7279110326,30877.2063387446,6816.57046321175,3762.41918739273,3054.15127581902,22337.1483709023,ra,33.0,33.0,0.0,5406.822312918369,4620.213912918369,786.6084,4893.052220758368,4048.320920758368,844.7313,758.3659078399996,130.26500783999956,628.1009,1
31.0,2.0,14.0,178.0,62766.261417807,31611.057809806,31155.203608001,595.148026243029,595.148026243029,0.0,24222.213413882,link,0.0,0.0,0.0,0.0,0.0,0.0,974.9963078399996,130.26500783999956,844.7313,1086.0653078399996,241.33400783999957,844.7313,0
32.0,2.0,13.0,179.0,24034.0,12223.0,11811.0,4986.62400523132,0.0,4986.62400523132,0.0,link,0.0,0.0,0.0,0.0,0.0,0.0,2541.720514478603,2168.400261039301,373.32025343930195,3472.344514478603,2168.400261039301,1303.944253439302,0
32.0,2.0,104.0,180.0,24034.0000000012,12223.0000000006,11811.0000000006,545.6198680000059,277.486546000003,268.133322000003,2270.21285318104,ra,20.0,0.0,20.0,3280.0,2060.639263439302,1219.3607365606981,3711.0412510393007,2168.400261039301,1542.6409899999999,532.8672510393013,159.54699759999934,373.32025343930195,1
32.0,2.0,16.0,181.0,35472.0,17897.0,17575.0,5106.43524839964,5106.43524839964,0.0,35413.5690178666,link,0.0,0.0,0.0,0.0,0.0,0.0,1702.1879875999991,159.54699759999934,1542.6409899999999,2655.1709875999995,1112.5299975999994,1542.6409899999999,0
33.0,2.0,14.0,182.0,25491.3919282071,13297.3329457903,12194.0589824168,2901.96451332052,0.0,2901.96451332052,0.0,link,0.0,0.0,0.0,0.0,0.0,0.0,291.3999,291.3999,0.0,832.9759,291.3999,541.576,0
33.0,2.0,0.0,183.0,27433.9391849649,13761.9854531938,13671.9537317711,3014.56661334824,3014.56661334824,0.0,22213.6117866395,link,0.0,0.0,0.0,0.0,0.0,0.0,291.3999,291.3999,0.0,853.9899,853.9899,0.0,0
34.0,2.0,14.0,184.0,40290.9817282687,40289.5340857765,1.44764249220084,4807.99244961434,0.0,4807.99244961434,0.0,link,0.0,0.0,0.0,0.0,0.0,0.0,544.0658078399996,544.0658078399996,0.0,1441.3528078399995,544.0658078399996,897.287,0
34.0,2.0,112.0,185.0,40084.6794214896,20069.2583308031,20015.4210906865,5879.593873458731,4738.49168603675,1141.10218742198,14615.9886216738,ra,13.0,13.0,0.0,2132.0,1382.0748078399997,749.92519216,1081.0339999999997,544.0658078399996,536.9681921600001,46.30699999999979,46.30699999999979,0.0,1
34.0,0.0,120.0,186.0,19233.9789959859,19233.9789959859,0.0,2388.18736449935,2388.18736449935,0.0,26934.1491638682,ra,3.0,3.0,0.0,491.9999999999998,491.9999999999998,0.0,46.30699999999979,46.30699999999979,0.0,0.0,0.0,0.0,1
34.0,2.0,20.0,187.0,42848.933143860995,20473.5804606555,22375.3526832055,2247.13462765847,2247.13462765847,0.0,38220.8594846279,link,0.0,0.0,0.0,0.0,0.0,0.0,536.9681921600001,0.0,536.9681921600001,956.3371921600001,419.369,536.9681921600001,0
35.0,2.0,0.0,188.0,13637.0,6766.0,6871.0,2412.0267595,0.0,2412.0267595,0.0,link,0.0,0.0,0.0,0.0,0.0,0.0,775.74051,0.0,775.74051,1225.8825100000001,0.0,1225.8825100000001,0
35.0,2.0,16.0,189.0,13637.0,6766.0,6871.0,2375.167087,2375.167087,0.0,35104.4629542217,link,0.0,0.0,0.0,0.0,0.0,0.0,775.74051,0.0,775.74051,1219.00351,443.263,775.74051,0
36.0,2.0,15.0,190.0,63592.0,31158.0,32434.0,1263.515121,0.0,1263.515121,0.0,link,0.0,0.0,0.0,0.0,0.0,0.0,6759.8384399999995,4736.365999999999,2023.47244,6995.640439999999,4736.365999999999,2259.27444,0
36.0,0.0,121.0,191.0,31158.0,31158.0,0.0,1862.749872,1862.749872,0.0,5978.40628225615,ra,31.0,31.0,0.0,5083.999999999999,5083.999999999999,0.0,4736.365999999999,4736.365999999999,0.0,0.0,0.0,0.0,1
36.0,1.0,122.0,192.0,32434.0,0.0,32434.0,2232.999815,0.0,2232.999815,6884.76410576914,ra,0.0,0.0,-0.0,0.0,0.0,0.0,1606.74144,0.0,1606.74144,2023.47244,0.0,2023.47244,0
36.0,2.0,17.0,193.0,63592.0,31158.0,32434.0,1496.20716,1496.20716,0.0,10780.4149902554,link,0.0,0.0,0.0,0.0,0.0,0.0,1606.74144,0.0,1606.74144,1885.96944,279.228,1606.74144,0
37.0,2.0,16.0,194.0,61280.6441162145,31014.1744637331,30266.4696524814,3075.32200703344,0.0,3075.32200703344,0.0,link,0.0,0.0,0.0,0.0,0.0,0.0,2564.441897599999,1187.8911975999993,1376.5506999999998,3138.370897599999,1187.8911975999993,1950.4796999999999,0
37.0,0.0,117.0,195.0,31188.9181978021,31188.9181978021,0.0,476.264669971773,476.264669971773,0.0,1531.60155183027,ra,6.0,6.0,0.0,984.0000000000001,984.0000000000001,0.0,1187.8911975999993,1187.8911975999993,0.0,292.7731975999992,292.7731975999992,0.0,1
37.0,2.0,18.0,196.0,64809.525076994905,32882.2900340846,31927.2350429103,2677.02300367325,2677.02300367325,0.0,9891.28354449013,link,0.0,0.0,0.0,0.0,0.0,0.0,1669.3238975999989,292.7731975999992,1376.5506999999998,2168.920897599999,792.3701975999993,1376.5506999999998,0
38.0,2.0,17.0,197.0,73980.9084088181,36437.7364219997,37543.1719868184,8581.89596317837,0.0,8581.89596317837,0.0,link,0.0,0.0,0.0,0.0,0.0,0.0,681.08944,630.09976,50.98968000000001,2282.67744,630.09976,1652.5776799999999,0
38.0,1.0,118.0,198.0,38288.3848812199,0.0,38288.3848812199,3563.20063608103,0.0,3563.20063608103,5385.57294187173,ra,18.0,0.0,18.0,2952.0,0.0,2952.0,2338.01068,0.0,2338.01068,50.98968000000001,0.0,50.98968000000001,1
38.0,0.0,119.0,199.0,38355.5663129252,38355.5663129252,0.0,2619.00122524035,2619.00122524035,0.0,7097.78606046679,ra,0.0,-0.0,0.0,5.329070518200751e-15,5.329070518200751e-15,0.0,630.09976,630.09976,0.0,1118.86776,1118.86776,0.0,0
38.0,1.0,123.0,200.0,41712.9401712972,0.0,41712.9401712972,2031.11145511135,0.0,2031.11145511135,14257.7141698898,ra,0.0,0.0,-0.0,0.0,0.0,0.0,1958.9566799999996,0.0,1958.9566799999996,2338.01068,0.0,2338.01068,0
38.0,0.0,124.0,201.0,40728.8663078391,40728.8663078391,0.0,2848.88985060576,2848.88985060576,0.0,14300.5054996462,ra,7.0,7.0,0.0,1140.8489966399998,1140.8489966399998,0.0,1118.86776,1118.86776,0.0,509.68976336000026,509.68976336000026,0.0,1
38.0,2.0,22.0,202.0,105896.4428578996,51540.438437961,54356.0044199386,8230.02197998083,8230.02197998083,0.0,31585.4341675124,link,0.0,0.0,0.0,0.0,0.0,0.0,2468.64644336,509.68976336000026,1958.9566799999996,4004.56644336,2045.6097633600004,1958.9566799999996,0
39.0,2.0,17.0,203.0,25562.2788538132,12328.3002896388,13233.9785641744,1988.33296352279,0.0,1988.33296352279,0.0,link,0.0,0.0,0.0,0.0,0.0,0.0,1062.4541199999999,564.2447999999999,498.20932000000005,1433.52512,564.2447999999999,869.2803200000001,0
39.0,2.0,24.0,204.0,21529.4529436522,10591.5844792127,10937.8684644395,1897.36879079567,1897.36879079567,0.0,17071.729881247,link,0.0,0.0,0.0,0.0,0.0,0.0,1062.4541199999999,564.2447999999999,498.20932000000005,1416.5491200000001,918.3398,498.20932000000005,0
40.0,2.0,18.0,205.0,25932.8384078479,12821.1458632264,13111.6925446215,1674.79594495223,0.0,1674.79594495223,0.0,link,0.0,0.0,0.0,0.0,0.0,0.0,1024.0150975999993,682.0062975999992,342.0088,1336.5720975999993,682.0062975999992,654.5658000000001,0
40.0,2.0,26.0,206.0,22387.8945153677,11334.7070106569,11053.1875047108,1671.62669728314,1671.62669728314,0.0,13785.5992106443,link,0.0,0.0,0.0,0.0,0.0,0.0,1024.0150975999993,682.0062975999992,342.0088,1335.9810975999992,993.9722975999993,342.0088,0
41.0,2.0,18.0,207.0,65100.0643805413,32409.6776559215,32690.3867246198,8031.94834387227,0.0,8031.94834387227,0.0,link,0.0,0.0,0.0,0.0,0.0,0.0,887.333,887.333,1.4210854715202004e-14,2386.287,887.333,1498.954,0
41.0,1.0,126.0,208.0,33015.8306660751,0.0,33015.8306660751,515.744798385718,0.0,515.744798385718,1570.62189366782,ra,10.0,0.0,10.0,1533.4834535999998,0.0,1533.4834535999998,1437.2334535999998,0.0,1437.2334535999998,1.4210854715202004e-14,0.0,1.4210854715202004e-14,1
41.0,0.0,125.0,209.0,32828.8089278736,32828.8089278736,0.0,517.979810454405,517.979810454405,0.0,1588.99980042748,ra,6.0,6.0,0.0,984.0,984.0,0.0,887.333,887.333,0.0,0.0,0.0,0.0,1
41.0,2.0,25.0,210.0,107717.843361102,52411.8634929897,55305.9798681123,8019.3953752296,8019.3953752296,0.0,19664.6825171201,link,0.0,0.0,0.0,0.0,0.0,0.0,1437.2334535999998,0.0,1437.2334535999998,2933.8454536,1496.612,1437.2334535999998,0
42.0,2.0,0.0,211.0,64323.0,34358.0,29965.0,292.1437675,0.0,292.1437675,0.0,link,0.0,0.0,0.0,0.0,0.0,0.0,1124.9987680000002,0.0,1124.9987680000002,1179.519768,0.0,1179.519768,0
42.0,2.0,21.0,212.0,64323.0,34358.0,29965.0,334.973321,334.973321,0.0,974.993087217836,link,0.0,0.0,0.0,0.0,0.0,0.0,1124.9987680000002,0.0,1124.9987680000002,1187.512768,62.514,1124.9987680000002,0
43.0,2.0,20.0,213.0,150198.49863614672,75767.4489434685,74431.0496926782,256.538715958994,0.0,256.538715958994,0.0,link,0.0,0.0,0.0,0.0,0.0,0.0,1947.9303886400005,1947.9303886400005,0.0,1995.8063886400005,1947.9303886400005,47.876,0
43.0,2.0,127.0,214.0,143910.6207571261,71622.8655725805,72287.7551845456,14695.55070776022,7361.67405319568,7333.87665456454,10005.6920912667,ra,33.0,33.0,0.0,5412.000000000001,1315.9437886400008,4096.05621136,4675.3096000000005,1947.9303886400005,2727.37921136,2005.8515999999997,2005.8515999999997,0.0,1
43.0,2.0,22.0,215.0,143835.3128743358,71573.2272359724,72262.0856383634,254.135111440735,254.135111440735,0.0,10360.6755425037,link,0.0,0.0,0.0,0.0,0.0,0.0,4733.23081136,2005.8515999999997,2727.37921136,4780.65881136,2053.2796,2727.37921136,0
44.0,2.0,20.0,216.0,153959.0,74263.0,79696.0,3498.6544,0.0,3498.6544,0.0,link,0.0,0.0,0.0,0.0,0.0,0.0,2129.233812,329.23240000000004,1800.001412,2782.1668120000004,329.23240000000004,2452.9344120000005,0
44.0,2.0,21.0,217.0,153959.0,74263.0,79696.0,3260.1457,3260.1457,0.0,4390.04714603225,link,0.0,0.0,0.0,0.0,0.0,0.0,2129.233812,329.23240000000004,1800.001412,2737.654812,937.6534000000001,1800.001412,0
45.0,2.0,20.0,218.0,62196.7600253059,32348.664026557,29848.0959987489,1778.43165752251,0.0,1778.43165752251,0.0,link,0.0,0.0,0.0,0.0,0.0,0.0,445.70732880000054,427.6257800000001,18.08154880000045,777.6053288000005,427.6257800000001,349.9795488000005,0
45.0,2.0,129.0,219.0,59803.760630072604,31496.7732925594,28306.9873375132,6019.40155695864,3144.57563370826,2874.82592325038,9849.37897275001,ra,10.0,0.0,10.0,1639.9999999999995,724.9412799999999,915.0587199999995,824.2540488000002,427.6257800000001,396.6282688000001,307.61904880000054,289.5375000000001,18.08154880000045,1
45.0,2.0,27.0,220.0,59265.8366310976,31619.7156039958,27646.1210271018,2008.7677610147,2008.7677610147,0.0,16227.5537304541,link,0.0,0.0,0.0,0.0,0.0,0.0,686.1657688000003,289.5375000000001,396.6282688000001,1061.0497688000003,664.4215000000002,396.6282688000001,0
46.0,2.0,21.0,221.0,122056.3633115633,58092.1447118619,63964.2185997014,6279.26064472807,0.0,6279.26064472807,0.0,link,0.0,0.0,0.0,0.0,0.0,0.0,2115.69774,681.3629800000001,1434.33476,3287.5587400000004,681.3629800000001,2606.19576,0
46.0,2.0,23.0,222.0,131872.7061463396,62497.919354533,69374.7867918066,5678.0443937591,5678.0443937591,0.0,9404.55520736285,link,0.0,0.0,0.0,0.0,0.0,0.0,2115.69774,681.3629800000001,1434.33476,3175.35674,1741.02198,1434.33476,0
47.0,2.0,22.0,223.0,38579.2955378498,18952.692150841,19626.6033870088,1763.21916642734,0.0,1763.21916642734,0.0,link,0.0,0.0,0.0,0.0,0.0,0.0,2207.8997293439998,974.756100672,1233.1436286719997,2536.9587293439995,974.7561006719999,1562.2026286719997,0
47.0,2.0,128.0,224.0,35162.6248298969,17399.4597199651,17763.1651099318,7435.63799543393,3663.38542984375,3772.25256559018,19815.1127809066,ra,11.0,0.0,11.0,1804.0,1658.4321006719997,145.56789932800024,1649.4746286719999,974.7561006719999,674.718528,1233.1436286719997,0.0,1233.1436286719997,1
47.0,2.0,28.0,225.0,35062.119983040204,16961.1414488018,18100.9785342384,1675.65153554322,1675.65153554322,0.0,29618.3313222541,link,0.0,0.0,0.0,0.0,0.0,0.0,674.718528,0.0,674.718528,987.435528,312.717,674.718528,0
48.0,2.0,24.0,226.0,16009.99993438885,7856.99996682075,8152.9999675681,2252.38793848172,0.0,2252.38793848172,0.0,link,0.0,0.0,0.0,0.0,0.0,0.0,559.3588000000001,559.3588000000001,0.0,979.7088000000001,559.3588000000001,420.35,0
48.0,2.0,0.0,227.0,10228.9496360124,5180.36917753558,5048.58045847682,2203.40390841478,2203.40390841478,0.0,34790.8303429051,link,0.0,0.0,0.0,0.0,0.0,0.0,559.3588000000001,559.3588000000001,0.0,970.5668000000001,970.5668000000001,0.0,0
50.0,2.0,23.0,230.0,167288.29083468,89420.7692084569,77867.5216262231,2077.52908786604,0.0,2077.52908786604,0.0,link,0.0,0.0,0.0,0.0,0.0,0.0,2987.642556,1837.594756,1150.0478,3375.359556,1837.594756,1537.7648,0
50.0,2.0,25.0,231.0,167733.1420677742,89424.5683491475,78308.5737186267,2379.09007339684,2379.09007339684,0.0,2660.51340881896,link,0.0,0.0,0.0,0.0,0.0,0.0,2987.642556,1837.594756,1150.0478,3431.6375559999997,2281.589756,1150.0478,0
51.0,2.0,23.0,232.0,68004.42841151671,33685.4721908872,34318.9562206295,2606.49863917702,0.0,2606.49863917702,0.0,link,0.0,0.0,0.0,0.0,0.0,0.0,1473.979804,983.6360340000001,490.34377000000006,1960.4148040000002,983.6360340000002,976.77877,0
51.0,0.0,130.0,233.0,33100.9959033154,33100.9959033154,0.0,783.162954686691,783.162954686691,0.0,2344.99727996629,ra,6.0,6.0,0.0,984.0,984.0,0.0,983.6360340000002,983.6360340000002,0.0,145.79303400000006,145.79303400000006,0.0,1
51.0,2.0,27.0,234.0,64426.2356563276,31754.4889250316,32671.746731296,1762.79400434887,1762.79400434887,0.0,7784.58868214326,link,0.0,0.0,0.0,0.0,0.0,0.0,636.1368040000001,145.79303400000006,490.34377000000006,965.1168040000002,474.7730340000001,490.34377000000006,0
53.0,2.0,24.0,237.0,26623.0,13216.0,13407.0,1301.2096815,0.0,1301.2096815,0.0,link,0.0,0.0,0.0,0.0,0.0,0.0,998.3990799999999,761.1788799999999,237.22019999999998,1241.23608,761.1788799999999,480.05719999999997,0
53.0,2.0,28.0,238.0,26623.0,13216.0,13407.0,1282.672272,1282.672272,0.0,9705.48649135397,link,0.0,0.0,0.0,0.0,0.0,0.0,998.3990799999999,761.1788799999999,237.22019999999998,1237.7760799999999,1000.5558799999999,237.22019999999998,0
54.0,2.0,25.0,239.0,63790.743083652196,33602.5555376766,30188.1875459756,914.669079332492,0.0,914.669079332492,0.0,link,0.0,0.0,0.0,0.0,0.0,0.0,1361.6195024,1361.6195024,0.0,1532.3185024000002,1361.6195024,170.699,0
54.0,2.0,131.0,240.0,33762.4415586177,17029.2127372484,16733.2288213693,7185.4180023402205,3714.28097177565,3471.13703056457,14118.0595783865,ra,21.0,0.0,21.0,3443.9999999999995,1890.2916511999997,1553.7083487999998,2267.5308511999997,1361.6195024,905.9113487999996,164.50185120000037,164.50185120000037,0.0,1
54.0,2.0,26.0,241.0,32484.7744574449,16371.3543459377,16113.4201115072,929.571492526024,929.571492526024,0.0,19751.6727385701,link,0.0,0.0,0.0,0.0,0.0,0.0,1070.4132,164.50185120000037,905.9113487999996,1243.8932,337.98185120000034,905.9113487999996,0
55.0,2.0,26.0,242.0,35611.1999360093,17306.4999689679,18304.6999670414,3651.95402706089,0.0,3651.95402706089,0.0,link,0.0,0.0,0.0,0.0,0.0,0.0,765.5759999999999,765.5759999999999,0.0,1447.118,765.5759999999999,681.542,0
55.0,2.0,132.0,243.0,34335.6700861098,16687.9002306099,17647.7698554999,3806.71617873812,1850.01487529755,1956.70130344057,10714.2329169781,ra,9.0,9.0,0.0,1476.0,1110.833,365.167,765.5759999999999,765.5759999999999,0.0,0.0,0.0,0.0,1
55.0,2.0,0.0,244.0,9015.00027880696,4116.00014201232,4899.00013679464,3382.27393180499,3382.27393180499,0.0,47911.3668726574,link,0.0,0.0,0.0,0.0,0.0,0.0,0.0,0.0,0.0,631.213,631.213,0.0,0
56.0,2.0,27.0,245.0,67553.5172847849,34432.267085203,33121.2501995819,2367.02370971695,0.0,2367.02370971695,0.0,link,0.0,0.0,0.0,0.0,0.0,0.0,693.9654952000002,693.9654952000002,0.0,1135.7084952000002,693.9654952000002,441.743,0
56.0,1.0,134.0,246.0,28345.0537807391,0.0,28345.0537807391,1429.46120190489,0.0,1429.46120190489,14670.9425066938,ra,8.0,0.0,8.0,1312.0,0.0,1312.0,1045.228,0.0,1045.228,0.0,0.0,0.0,1
56.0,0.0,133.0,247.0,28758.648000424,28758.648000424,0.0,4635.2223561875,4635.2223561875,0.0,14715.488271793,ra,0.0,-0.0,0.0,0.0,0.0,0.0,693.9654952000002,693.9654952000002,0.0,1559.0094952000002,1559.0094952000002,0.0,0
56.0,2.0,135.0,248.0,47006.1040822862,24072.8864014428,22933.2176808434,5972.33806438385,1468.70673835056,4503.63132603329,20490.1826432686,ra,4.0,4.0,0.0,656.0000000000002,304.96010000000024,351.03990000000005,2114.7913952000004,1559.0094952000002,555.7819000000001,2573.3733952000002,1528.1453952,1045.228,1
56.0,2.0,29.0,249.0,45237.3265637856,23422.054813021,21815.2717507646,2510.31569035993,2510.31569035993,0.0,31051.5111500156,link,0.0,0.0,0.0,0.0,0.0,0.0,2083.9272952,1528.1453952,555.7819,2552.4122952,1996.6303951999998,555.7819000000001,0
57.0,2.0,28.0,250.0,21608.0,10785.0,10823.0,664.304917,0.0,664.304917,0.0,link,0.0,0.0,0.0,0.0,0.0,0.0,525.309152,525.309152,0.0,649.2841520000001,525.309152,123.975,0
57.0,2.0,0.0,251.0,21608.0,10785.0,10823.0,661.972515,661.972515,0.0,6137.90628624439,link,0.0,0.0,0.0,0.0,0.0,0.0,525.309152,525.309152,0.0,648.8491520000001,648.8491520000001,0.0,0
59.0,2.0,29.0,254.0,41763.642422810604,21836.3114479028,19927.3309749078,64.1922987606669,0.0,64.1922987606669,0.0,link,0.0,0.0,0.0,0.0,0.0,0.0,2156.0502766399995,1452.6732766399998,703.377,2168.03027664,1452.6732766399998,715.357,0
59.0,0.0,137.0,255.0,11226.9471972143,11226.9471972143,0.0,4281.44265472418,4281.44265472418,0.0,25939.71611319,ra,14.0,14.0,0.0,2251.69327664,2251.69327664,0.0,1452.6732766399998,1452.6732766399998,0.0,0.0,0.0,0.0,1
59.0,1.0,138.0,256.0,8142.41876965786,0.0,8142.41876965786,3768.95103150065,0.0,3768.95103150065,26235.4919576393,ra,0.0,0.0,-0.0,0.0,0.0,0.0,0.0,0.0,0.0,703.377,0.0,703.377,0
59.0,2.0,0.0,257.0,19030.16772086208,11064.8956674036,7965.27205345848,121.795390046012,121.795390046012,0.0,27032.7504548799,link,0.0,0.0,0.0,0.0,0.0,0.0,0.0,0.0,0.0,22.73,22.73,0.0,0
60.0,2.0,29.0,258.0,15204.99963875321,7325.99983936264,7878.99979939057,589.761879951074,0.0,589.761879951074,0.0,link,0.0,0.0,0.0,0.0,0.0,0.0,813.5962185599999,813.5962185599999,0.0,923.6602185599999,813.5962185599999,110.064,0
60.0,2.0,136.0,259.0,13825.298552554461,6712.48148642337,7112.81706613109,1621.703087201606,781.773481624616,839.92960557699,10738.6315701673,ra,7.0,7.0,0.0,1116.24521856,959.4942185599999,156.751,813.5962185599999,813.5962185599999,0.0,0.0,0.0,0.0,1
60.0,2.0,0.0,260.0,9900.0011340695,4967.00050429217,4933.00062977733,588.144298822839,588.144298822839,0.0,22135.2935483001,link,0.0,0.0,0.0,0.0,0.0,0.0,0.0,0.0,0.0,109.762,109.762,0.0,0
