Time of calculation: 20220106-104119; value of objective: 1389748.6197005832;  acc=27.333333333333332;  cfix=7000;  cvar=17750;  eta=0.0087;  mu=0.1859430513361825;  i=
segment_id,dir,type_ID,POI_ID,traffic_flow,traffic_flow_0,traffic_flow_1,energy_demand,energy_demand_0,energy_demand_1,dist_along_segment,pois_type,pYi_dir,pYi_dir_0,pYi_dir_1,pE_charged,pE_charged_0,pE_charged_1,pE_input,pE_input_0,pE_input_1,pE_output,pE_output_0,pE_output_1,pXi
0.0,2.0,0.0,0.0,26540.63611205301,13243.023903864512,13297.612208188497,4423.921231438179,0.0,4423.921231438179,0.0,link,0.0,0.0,0.0,0.0,0.0,0.0,0.0,0.0,0.0,22.414167440762768,0.0,22.414167440762768,0
0.0,2.0,1.0,1.0,26594.77697992819,13269.441574912722,13325.335405015468,810.0039769207759,31.774775427221,778.2292014935549,239.71582410116363,ra,1.0,0.0,1.0,40.0,0.0,40.0,36.057036570721905,0.0,36.057036570721905,0.16098956097073952,0.16098956097073952,0.0,1
0.0,2.0,0.0,2.0,45891.071384772644,24132.535484801192,21758.535899971448,10453.078391900737,5371.86342144895,5081.214970451788,24427.46216029796,ra,1.0,1.0,0.0,30.117848830620755,0.16098956097073952,29.956859269650014,40.430484180801095,0.16098956097073952,40.269494619830354,63.27403251124922,27.216995940527315,36.057036570721905,1
0.0,1.0,2.0,3.0,5594.606273434111,0.0,5594.606273434111,2065.9854049899545,0.0,2065.9854049899545,68504.60131061138,ra,0.0,0.0,-0.0,0.0,0.0,0.0,29.80200653063515,0.0,29.80200653063515,40.269494619830354,0.0,40.269494619830354,0
0.0,0.0,3.0,4.0,4553.083889317481,4553.083889317481,0.0,7187.448325138304,7187.448325138304,0.0,79329.13749040988,ra,0.0,-0.0,0.0,0.0,0.0,0.0,27.216995940527315,27.216995940527315,0.0,63.6328048583338,63.6328048583338,0.0,0
0.0,2.0,4.0,5.0,7895.539602766943,4645.32330643337,3250.2162963335736,2342.9750495919843,1038.6617908113935,1304.3132587805906,104473.7124161702,ra,1.0,1.0,0.0,10.197993469364858,0.0,10.197993469364858,97.02439249109756,63.6328048583338,33.39158763276376,98.69727834433125,68.8952718136961,29.80200653063515,1
0.0,2.0,5.0,6.0,19815.36822147169,9562.72950758806,10252.63871388363,7959.026265117185,2076.9550358924675,5882.071229224718,133409.21035475997,ra,0.0,0.0,-0.0,0.0,0.0,0.0,72.48485291582469,68.8952718136961,3.589581102128598,112.80992608937456,79.4183384566108,33.39158763276376,0
0.0,2.0,6.0,7.0,38420.41317046725,19234.66349454688,19185.749675920368,10291.73164091456,4957.101208651553,5334.630432263007,173065.41379977632,ra,5.0,0.0,5.0,148.71016246255556,74.1558715012485,74.55429096130707,130.5338586376464,79.4183384566108,51.115520181035606,33.96761650883122,30.378035406702622,3.589581102128598,1
0.0,1.0,7.0,8.0,21229.45737990749,0.0,21229.45737990749,31.90719068892483,0.0,31.90719068892483,176940.22069628988,ra,0.0,0.0,-0.0,0.0,0.0,0.0,50.953859727051125,0.0,50.953859727051125,51.115520181035606,0.0,51.115520181035606,0
0.0,2.0,0.0,9.0,50605.7308716768,25638.902393873523,24966.82847780328,5210.178551742356,5210.178551742356,0.0,194059.96494613093,link,0.0,0.0,0.0,0.0,0.0,0.0,81.33189513375373,30.378035406702622,50.95385972705112,107.72970114013674,56.775841413085615,50.953859727051125,0
1.0,2.0,0.0,10.0,41635.269674683135,21021.62675530025,20613.64291938288,39.776186500955454,0.0,39.776186500955454,0.0,link,0.0,0.0,0.0,0.0,0.0,0.0,77.07555365622368,57.67152292633082,19.404030729892852,77.27708303655072,57.67152292633082,19.605560110219905,0
1.0,2.0,8.0,11.0,39859.943598360216,20128.71002741653,19731.23357094369,2276.328443367862,1715.7273142405495,560.6011291273123,8218.215919324155,ra,0.0,-0.0,0.0,0.0,0.0,0.0,74.23522108283937,57.67152292633082,16.56369815650855,85.76842979307477,66.36439906318192,19.404030729892852,0
1.0,0.0,9.0,12.0,15021.9786197919,15021.9786197919,0.0,1426.8426564048834,1426.8426564048834,0.0,16747.064047816148,ra,0.0,-0.0,0.0,0.0,0.0,0.0,66.36439906318192,66.36439906318192,0.0,73.59361688582496,73.59361688582496,0.0,0
1.0,2.0,10.0,13.0,29629.27020666332,14994.151703987822,14635.1185026755,191.32891529796464,24.711112058686385,166.61780323927826,16911.740762175257,ra,0.0,0.0,-0.0,0.0,0.0,0.0,89.31313198729228,73.59361688582496,15.71951510146732,90.28251596123658,73.71881780472803,16.56369815650855,0
1.0,2.0,14.0,14.0,23126.81664543996,11846.335117703364,11280.481527736596,2715.588968665061,1386.7595429137232,1328.829425751338,27721.26496153286,ra,2.0,2.0,0.0,57.791166923467784,51.05854134294397,6.73262558052382,89.43833290619536,73.71881780472803,15.71951510146732,45.40592493426509,29.686409832797768,15.71951510146732,1
1.0,1.0,13.0,15.0,11337.261932088282,0.0,11337.261932088282,1420.2485369302626,0.0,1420.2485369302626,29194.630965596883,ra,0.0,0.0,-0.0,0.0,0.0,0.0,8.523706937427205,0.0,8.523706937427205,15.71951510146732,0.0,15.71951510146732,0
1.0,0.0,12.0,16.0,11885.52653584708,11885.52653584708,0.0,208.50481099773148,208.50481099773148,0.0,29478.47368022978,ra,0.0,-0.0,0.0,0.0,0.0,0.0,29.686409832797768,29.686409832797768,0.0,30.742816920857166,30.742816920857166,0.0,0
1.0,0.0,15.0,17.0,11960.17018283512,11960.17018283512,0.0,465.471180470787,465.471180470787,0.0,33381.72336961185,ra,0.0,-0.0,0.0,0.0,0.0,0.0,30.742816920857166,30.742816920857166,0.0,33.10116564184693,33.10116564184693,0.0,0
1.0,2.0,16.0,18.0,23460.93532657191,11970.385389125157,11490.549937446756,1768.6682817168698,86.33017164884411,1682.3381100680258,34103.26049306036,ra,1.0,1.0,0.0,33.53856468701437,33.53856468701437,0.0,33.10116564184693,33.10116564184693,0.0,8.523706937427205,0.0,8.523706937427205,1
1.0,2.0,0.0,19.0,23472.95328481904,11974.880939958675,11498.072344860364,41.43137038083431,41.43137038083431,0.0,34449.34645750041,link,0.0,0.0,0.0,0.0,0.0,0.0,0.0,0.0,0.0,0.2099155080829464,0.2099155080829464,0.0,0
2.0,2.0,0.0,20.0,68929.16895257494,33758.81379308793,35170.35515948701,2037.3044909279515,0.0,2037.3044909279515,0.0,link,0.0,0.0,0.0,0.0,0.0,0.0,114.43955827669515,46.258875491286865,68.1806827854083,124.76173211265018,46.258875491286865,78.5028566213633,0
2.0,1.0,11.0,21.0,34398.2821383792,0.0,34398.2821383792,0.1779942533838276,0.0,0.1779942533838276,2598.411645460739,ra,0.0,0.0,-0.0,0.0,0.0,0.0,68.17978096261577,0.0,68.17978096261577,68.1806827854083,0.0,68.1806827854083,0
2.0,0.0,17.0,22.0,24285.97411997901,24285.97411997901,0.0,5629.753466227842,5629.753466227842,0.0,19826.030918871555,ra,0.0,-0.0,0.0,0.0,0.0,0.0,46.258875491286865,46.258875491286865,0.0,74.78249294304318,74.78249294304318,0.0,0
2.0,1.0,18.0,23.0,24186.0911430872,0.0,24186.0911430872,4128.069297151063,0.0,4128.069297151063,19924.554475399083,ra,0.0,0.0,-0.0,0.0,0.0,0.0,47.26457212574053,0.0,47.26457212574053,68.17978096261577,0.0,68.17978096261577,0
2.0,0.0,19.0,24.0,24395.8043620461,24395.8043620461,0.0,1107.9496170791724,1107.9496170791724,0.0,24376.283905318956,ra,0.0,-0.0,0.0,0.0,0.0,0.0,74.78249294304318,74.78249294304318,0.0,80.3960124733329,80.3960124733329,0.0,0
2.0,0.0,20.0,25.0,18382.744960495544,18382.744960495544,0.0,3193.5958308596214,3193.5958308596214,0.0,38424.04808590371,ra,2.0,2.0,0.0,77.0657777310997,77.0657777310997,0.0,80.3960124733329,80.3960124733329,0.0,19.510855496129146,19.510855496129146,0.0,1
2.0,1.0,21.0,26.0,18491.613365488807,0.0,18491.613365488807,4453.992496188428,0.0,4453.992496188428,38987.68062551749,ra,0.0,0.0,-0.0,0.0,0.0,0.0,24.698046103527957,0.0,24.698046103527957,47.26457212574053,0.0,47.26457212574053,0
2.0,2.0,22.0,27.0,37060.49951410931,18323.84940673533,18736.65010737398,9037.685965220891,4162.991831646682,4874.69413357421,60686.533174562566,ra,1.0,1.0,0.0,25.679922103307117,21.09214678280384,4.587775320503275,24.098630816632422,19.510855496129146,4.587775320503275,44.2089015996571,19.510855496129146,24.698046103527957,1
2.0,2.0,23.0,28.0,37058.90292655935,18323.112740357166,18735.790186202183,905.6708621966342,0.1740732089699103,905.4967889876642,60687.52230976862,ra,1.0,1.0,0.0,19.51173745262174,19.51173745262174,0.0,19.510855496129146,19.510855496129146,0.0,4.587775320503275,0.0,4.587775320503275,1
2.0,2.0,0.0,29.0,23931.60016336258,12393.941571693274,11537.658591669302,2066.8759536088314,2066.8759536088314,0.0,74788.45855603463,link,0.0,0.0,0.0,0.0,0.0,0.0,0.0,0.0,0.0,10.472000128359868,10.472000128359868,0.0,0
3.0,2.0,0.0,30.0,27844.0,14880.0,12964.0,276.638796,0.0,276.638796,0.0,link,0.0,0.0,0.0,0.0,0.0,0.0,0.0,0.0,0.0,1.4016136295761399,0.0,1.4016136295761399,0
3.0,0.0,24.0,31.0,14880.0,14880.0,0.0,43.31568,43.31568,0.0,291.13911748382634,ra,0.0,-0.0,0.0,0.0,0.0,0.0,0.0,0.0,0.0,0.21946252058716526,0.21946252058716526,0.0,0
3.0,1.0,25.0,32.0,12963.999999999998,0.0,12963.999999999998,50.78647,0.0,50.78647,391.7896627176565,ra,1.0,0.0,1.0,40.00000000000001,0.0,40.00000000000001,39.742686096168306,0.0,39.742686096168306,0.0,0.0,0.0,1
3.0,2.0,1.0,33.0,27844.0,14880.000000000002,12964.0,332.50104000000005,332.50104000000005,0.0,2525.7146416492456,link,0.0,0.0,0.0,0.0,0.0,0.0,39.96214861675547,0.21946252058716526,39.742686096168306,41.64679298425135,1.9041068880830434,39.742686096168306,0
4.0,2.0,1.0,34.0,59761.3086274698,30037.341974575906,29723.966652893894,2541.480423000085,0.0,2541.480423000085,0.0,link,0.0,0.0,0.0,0.0,0.0,0.0,80.95727998428936,72.02625432057502,8.931025663714344,93.83390340690524,72.02625432057502,21.807649086330212,0
4.0,1.0,29.0,35.0,19741.19620746718,0.0,19741.19620746718,941.1307808897812,0.0,941.1307808897812,27421.918402146952,ra,0.0,0.0,-0.0,0.0,0.0,0.0,4.162707738744945,0.0,4.162707738744945,8.931025663714344,0.0,8.931025663714344,0
4.0,0.0,28.0,36.0,20188.77400206591,20188.77400206591,0.0,6913.407817081132,6913.407817081132,0.0,27456.275537656256,ra,0.0,-0.0,0.0,0.0,0.0,0.0,72.02625432057502,72.02625432057502,0.0,107.05361405228504,107.05361405228504,0.0,0
4.0,2.0,31.0,37.0,24242.046721440067,16011.081415437498,8230.965306002568,10336.618270691582,5459.807289653861,4876.810981037721,57952.436449648114,ra,6.0,0.0,6.0,240.0,106.14885189557636,133.85114810442366,220.3586986069571,107.05361405228504,113.30508455467206,32.73004080990344,28.5673330711585,4.162707738744945,1
4.0,2.0,30.0,38.0,24222.436414627213,16010.688472387346,8211.747942239866,2097.1816748164333,3.698514594089785,2093.4831602223435,57975.56024030675,ra,0.0,-0.0,0.0,0.0,0.0,0.0,131.26560985669985,28.5673330711585,102.69827678554135,141.8911564597874,28.586071905115336,113.30508455467206,0
4.0,2.0,35.0,39.0,21337.90578167672,10925.606078379402,10412.299703297318,4724.821457700606,2596.3850909026173,2128.436366797988,78476.45534742385,ra,0.0,-0.0,0.0,0.0,0.0,0.0,120.500447572935,28.586071905115336,91.91437566781967,144.4391512116935,41.74087442615217,102.69827678554135,0
4.0,0.0,40.0,40.0,10876.999998084551,10876.999998084551,0.0,1976.660743966538,1976.660743966538,0.0,96645.26673532616,ra,0.0,-0.0,0.0,0.0,0.0,0.0,41.74087442615217,41.74087442615217,0.0,51.75579163896281,51.75579163896281,0.0,0
4.0,1.0,41.0,41.0,10239.998724530997,0.0,10239.998724530997,1817.260584824645,0.0,1817.260584824645,99246.70723666706,ra,0.0,0.0,-0.0,0.0,0.0,0.0,82.70707271172333,0.0,82.70707271172333,91.91437566781967,0.0,91.91437566781967,0
4.0,2.0,42.0,42.0,15349.448623427987,7293.1561007636,8056.292522664386,2244.8438549829234,2242.944719983224,1.8991349996993472,124531.18468963404,ra,0.0,0.0,-0.0,0.0,0.0,0.0,134.45324222414976,51.75579163896281,82.69745058518696,145.8269316303685,63.11985891864518,82.70707271172333,0
4.0,2.0,45.0,43.0,29499.999782114108,14928.999812810407,14570.9999693037,9965.395457829238,4949.374190304771,5016.021267524467,160563.71538932095,ra,0.0,0.0,-0.0,0.0,0.0,0.0,120.4032176394138,63.11985891864518,57.28335872076862,170.8937283695488,88.19627778436183,82.69745058518696,0
4.0,2.0,49.0,44.0,29501.249670962527,14929.610924790286,14571.63874617224,7771.3951170941245,964.2534476850196,6807.141669409105,167022.61670697512,ra,1.0,1.0,0.0,40.0000000048725,39.26833620990398,0.7316637949685159,111.72234690579819,88.19627778436183,23.52606912143636,111.09677114813282,53.8134124273642,57.28335872076862,1
4.0,2.0,2.0,45.0,37135.97924873808,18661.98985536135,18473.98939337673,2580.116572311374,2580.116572311374,0.0,182066.4548482201,link,0.0,0.0,0.0,0.0,0.0,0.0,77.33948154880056,53.8134124273642,23.52606912143636,90.41185825783921,66.88578913640285,23.52606912143636,0
5.0,2.0,1.0,46.0,68793.7826224039,33913.44536880647,34880.33725359744,3843.82209257494,0.0,3843.82209257494,0.0,link,0.0,0.0,0.0,0.0,0.0,0.0,96.13208770961322,13.774974917647832,82.35711279196538,115.60713427762573,13.774974917647832,101.8321593599779,0
5.0,1.0,26.0,47.0,36003.524001333615,0.0,36003.524001333615,3895.947466930393,0.0,3895.947466930393,10624.424038435742,ra,0.0,0.0,-0.0,0.0,0.0,0.0,62.61796864906549,0.0,62.61796864906549,82.35711279196538,0.0,82.35711279196538,0
5.0,0.0,27.0,48.0,32653.80091590929,32653.80091590929,0.0,4178.141771103933,4178.141771103933,0.0,12028.538687185455,ra,0.0,-0.0,0.0,0.0,0.0,0.0,13.774974917647832,13.774974917647832,0.0,34.94388013758186,34.94388013758186,0.0,0
5.0,2.0,32.0,49.0,33127.66797826424,16315.8916479239,16811.776330340337,9152.204545843142,5870.836452837575,3281.368093005566,39273.39357565199,ra,3.0,0.0,3.0,119.99999999999999,60.87835138558794,59.121648614412045,140.05817112971147,34.94388013758186,105.1142909921296,66.42858199617015,3.8106133471046597,62.61796864906549,1
5.0,1.0,36.0,50.0,15728.354223345885,0.0,15728.354223345885,1275.7622080104995,0.0,1275.7622080104995,47330.36386477938,ra,0.0,0.0,-0.0,0.0,0.0,0.0,98.65053491488847,0.0,98.65053491488847,105.1142909921296,0.0,105.1142909921296,0
5.0,0.0,39.0,51.0,16181.036957810447,16181.036957810447,0.0,2402.71193975453,2402.71193975453,0.0,54808.46507060479,ra,0.0,-0.0,0.0,0.0,0.0,0.0,3.8106133471046597,3.8106133471046597,0.0,15.984154626923106,15.984154626923106,0.0,0
5.0,1.0,43.0,52.0,15425.054197747386,0.0,15425.054197747386,6550.9163885109065,0.0,6550.9163885109065,67696.58292643339,ra,0.0,0.0,-0.0,0.0,0.0,0.0,65.45976836618432,0.0,65.45976836618432,98.65053491488847,0.0,98.65053491488847,0
5.0,0.0,44.0,53.0,16743.940970134765,16743.940970134765,0.0,2188.52376611744,2188.52376611744,0.0,67916.71774036821,ra,0.0,-0.0,0.0,0.0,0.0,0.0,15.984154626923106,15.984154626923106,0.0,27.07249358586475,27.07249358586475,0.0,0
5.0,1.0,50.0,54.0,23926.865751230227,0.0,23926.865751230227,3865.032082238866,0.0,3865.032082238866,86150.64463711552,ra,0.0,0.0,-0.0,0.0,0.0,0.0,45.87725960911525,0.0,45.87725960911525,65.45976836618432,0.0,65.45976836618432,0
5.0,0.0,51.0,55.0,23976.591723992253,23976.591723992253,0.0,3863.210440192499,3863.210440192499,0.0,86198.21188888987,ra,1.0,1.0,0.0,40.0,40.0,0.0,27.07249358586475,27.07249358586475,0.0,6.645772840935843,6.645772840935843,0.0,1
5.0,2.0,4.0,56.0,48295.998738473485,24204.99925545633,24090.99948301716,3849.659028767285,3849.659028767285,0.0,102115.05106186114,link,0.0,0.0,0.0,0.0,0.0,0.0,52.52303245005109,6.645772840935843,45.87725960911525,72.02765234414964,26.150392735034394,45.87725960911525,0
6.0,2.0,0.0,57.0,17593.52882743976,9370.089853693322,8223.438973746437,3280.588971659345,0.0,3280.588971659345,0.0,link,0.0,0.0,0.0,0.0,0.0,0.0,0.0,0.0,0.0,16.621378787792697,0.0,16.621378787792697,0
6.0,0.0,34.0,58.0,9440.700126436834,9440.700126436834,0.0,115.62791616056612,115.62791616056612,0.0,1229.5619294335402,ra,0.0,-0.0,0.0,0.0,0.0,0.0,0.0,0.0,0.0,0.5858385215432209,0.5858385215432209,0.0,0
6.0,0.0,33.0,59.0,9685.754071387502,9685.754071387502,0.0,302.82244713524466,302.82244713524466,0.0,4398.318016945725,ra,0.0,-0.0,0.0,0.0,0.0,0.0,0.5858385215432209,0.5858385215432209,0.0,2.120113812585042,2.120113812585042,0.0,0
6.0,1.0,38.0,60.0,13533.136089729269,0.0,13533.136089729269,3267.2679643300085,0.0,3267.2679643300085,19100.037855584003,ra,1.0,0.0,1.0,39.57472121960398,0.0,39.57472121960398,23.02083443113477,0.0,23.02083443113477,0.0,0.0,0.0,1
6.0,0.0,37.0,61.0,14150.210375121094,14150.210375121094,0.0,1803.67381185194,1803.67381185194,0.0,19123.313502380493,ra,0.0,-0.0,0.0,0.0,0.0,0.0,2.120113812585042,2.120113812585042,0.0,11.258578245466786,11.258578245466786,0.0,0
6.0,2.0,48.0,62.0,30972.88424037613,15986.27621540026,14986.608024975872,5468.198643546355,3421.909443445684,2046.2892001006717,42213.94659999393,ra,0.0,-0.0,0.0,0.0,0.0,0.0,23.91171705911644,11.258578245466786,12.653138813649655,51.61680347087314,28.595969039738364,23.02083443113477,0
6.0,2.0,3.0,63.0,43852.38298306345,22912.25382809093,20940.12915497252,3553.9006048965416,3553.9006048965416,0.0,60876.22424217983,link,0.0,0.0,0.0,0.0,0.0,0.0,41.24910785338802,28.595969039738364,12.653138813649655,59.25524292195548,46.602104108305824,12.653138813649655,0
7.0,2.0,0.0,64.0,11819.728833092571,5668.999528653672,6150.729304438899,2312.6327385691666,0.0,2312.6327385691666,0.0,link,0.0,0.0,0.0,0.0,0.0,0.0,0.0,0.0,0.0,11.717147462507526,0.0,11.717147462507526,0
7.0,2.0,46.0,65.0,16750.439961073742,8281.792263693602,8468.64769738014,443.91171562073237,439.3743632250341,4.537352395698317,6667.955447556553,ra,1.0,1.0,0.0,40.000000000000014,0.5602692809937473,39.43973071900626,39.416741843071435,0.0,39.416741843071435,1.665857729704149,1.665857729704149,0.0,1
7.0,2.0,47.0,66.0,16803.00194301874,8309.644744099518,8493.35719891922,469.008092957891,4.438227533612364,464.56986542427865,6721.474926778252,ra,0.0,0.0,-0.0,0.0,0.0,0.0,38.7288174399578,1.665857729704149,37.06295971025365,41.105086224294524,1.68834438122309,39.416741843071435,0
7.0,2.0,2.0,67.0,31479.264687684805,14962.675134733858,16516.589552950947,2176.386974618303,2176.386974618303,0.0,25294.541879356693,link,0.0,0.0,0.0,0.0,0.0,0.0,38.75130409147674,1.68834438122309,37.06295971025365,49.77815097978157,12.715191269527919,37.06295971025365,0
8.0,2.0,2.0,68.0,14782.369584642798,7482.847541600488,7299.522043042311,571.5351732524385,0.0,571.5351732524385,0.0,link,0.0,0.0,0.0,0.0,0.0,0.0,34.469881306371676,34.469881306371676,0.0,37.3656121300873,34.469881306371676,2.8957308237156236,0
8.0,2.0,52.0,69.0,9208.206367128356,4168.183876582084,5040.022490546272,1091.488655298786,530.5477835235342,560.9408717752517,9055.824498122218,ra,1.0,1.0,0.0,39.99999998934647,37.15794608138153,2.8420539079649356,34.469881306371676,34.469881306371676,0.0,0.0,0.0,0.0,1
8.0,2.0,0.0,70.0,9708.89067456805,5120.673657931851,4588.2170166362,557.603815055505,557.603815055505,0.0,21173.685305885127,link,0.0,0.0,0.0,0.0,0.0,0.0,0.0,0.0,0.0,2.8251464306020515,2.8251464306020515,0.0,0
9.0,2.0,2.0,71.0,31818.423136170015,16104.883545196824,15713.539590973189,3261.4825971182563,0.0,3261.4825971182563,0.0,link,0.0,0.0,0.0,0.0,0.0,0.0,48.59699749624531,26.27968666438623,22.317310831859075,65.12157223718776,26.27968666438623,38.84188557280154,0
9.0,2.0,55.0,72.0,36693.05587768159,18116.80864806472,18576.24722961687,5325.486521774037,2708.000893980142,2617.485627793895,15445.371783397328,ra,1.0,0.0,1.0,40.00000002347892,40.00000002347892,0.0,35.33528733779167,26.27968666438623,9.05560067340544,22.317310808380157,-2.347891723228945e-08,22.317310831859075,1
9.0,2.0,7.0,73.0,31601.85426430268,15291.911788888328,16309.942475414353,3142.329967824336,3142.329967824336,0.0,33157.12684688381,link,0.0,0.0,0.0,0.0,0.0,0.0,9.055600649926523,-2.347891723228945e-08,9.05560067340544,24.976478615026338,15.920877941620896,9.05560067340544,0
10.0,2.0,3.0,74.0,31606.669563938915,16070.547455207432,15536.122108731484,43.81406893215462,0.0,43.81406893215462,0.0,link,0.0,0.0,0.0,0.0,0.0,0.0,31.888174022717866,24.918880117047205,6.969293905670661,32.11016167257193,24.918880117047205,7.19128155552472,0
10.0,2.0,53.0,75.0,20482.292071415013,10386.965680851748,10095.326390563265,3859.9783717818373,1960.6175793947991,1899.3607923870384,14793.406531478646,ra,1.0,1.0,0.0,40.0,18.450526111796698,21.549473888203302,43.814377376978385,24.918880117047205,18.895497259931176,23.37128108674778,16.401987181077118,6.969293905670661,1
10.0,2.0,4.0,76.0,20473.61899569675,10382.534499411437,10091.084496285315,45.07964033000498,45.07964033000498,0.0,15227.535521101405,link,0.0,0.0,0.0,0.0,0.0,0.0,35.297484441008294,16.401987181077118,18.895497259931176,35.52588421434639,16.63038695441522,18.895497259931176,0
11.0,2.0,3.0,77.0,48420.054142922716,24599.82318293021,23820.230959992503,1269.8213138175106,0.0,1269.8213138175106,0.0,link,0.0,0.0,0.0,0.0,0.0,0.0,39.74741617454494,31.20121947345827,8.54619670108667,46.18107221378285,31.20121947345827,14.979852740324578,0
11.0,2.0,54.0,78.0,48814.99317229718,24295.434711773956,24519.55846052323,3388.4082292149897,1701.6312773650386,1686.7769518499513,6967.487148144968,ra,0.0,0.0,-0.0,0.0,0.0,0.0,31.201219491939963,31.20121947345827,1.848169355050833e-08,48.36887355996494,39.82267685887827,8.54619670108667,0
11.0,1.0,56.0,79.0,22284.926619444108,0.0,22284.926619444108,1685.094433220274,0.0,1685.094433220274,14053.388239050711,ra,1.0,0.0,1.0,28.31363533345052,0.0,28.31363533345052,19.775963272400688,0.0,19.775963272400688,1.848169355050833e-08,0.0,1.848169355050833e-08,1
11.0,2.0,5.0,80.0,42919.8251598076,21285.35848456856,21634.466675239044,2910.8952617885475,2910.8952617885475,0.0,19878.69006465457,link,0.0,0.0,0.0,0.0,0.0,0.0,59.598640131278955,39.82267685887827,19.775963272400688,74.34693477463561,54.570971502234926,19.775963272400688,0
12.0,2.0,4.0,81.0,53131.67233206281,26537.18348117461,26594.4888508882,1562.324430007989,0.0,1562.324430007989,0.0,link,0.0,0.0,0.0,0.0,0.0,0.0,74.07601483153034,38.2861037369017,35.78991109462864,81.99166240729181,38.2861037369017,43.705558670390104,0
12.0,0.0,58.0,82.0,22288.895823895957,22288.895823895957,0.0,3364.25769729557,3364.25769729557,0.0,13722.635716121396,ra,0.0,-0.0,0.0,0.0,0.0,0.0,38.2861037369017,38.2861037369017,0.0,55.33139713073178,55.33139713073178,0.0,0
12.0,1.0,57.0,83.0,22492.6689728353,0.0,22492.6689728353,3393.592303197099,0.0,3393.592303197099,13775.369179933106,ra,0.0,0.0,-0.0,0.0,0.0,0.0,18.59599148230634,0.0,18.59599148230634,35.78991109462864,0.0,35.78991109462864,0
12.0,2.0,5.0,84.0,44751.07719214048,22273.03927625819,22478.037915882287,1559.840879232986,1559.840879232986,0.0,20725.095833182608,link,0.0,0.0,0.0,0.0,0.0,0.0,73.92738861303812,55.33139713073178,18.59599148230634,81.8304530707904,63.23446158848406,18.59599148230634,0
13.0,2.0,4.0,85.0,25987.610544625633,13119.378445562592,12868.232099063043,1205.3834904693945,0.0,1205.3834904693945,0.0,link,0.0,0.0,0.0,0.0,0.0,0.0,57.00760752455697,23.27113084437965,33.73647668017732,63.1147839348677,23.27113084437965,39.843653090488054,0
13.0,2.0,59.0,86.0,13974.00634747334,7033.004117758563,6941.002229714777,6883.850493770728,3777.525971618388,3106.32452215234,36309.89528647439,ra,0.0,-0.0,0.0,0.0,0.0,0.0,41.26915416555915,23.27113084437965,17.998023321179502,76.14675924316907,42.41028256299175,33.73647668017732,0
13.0,1.0,63.0,87.0,7362.494657393186,0.0,7362.494657393186,661.497609325267,0.0,661.497609325267,54986.89266391457,ra,1.0,0.0,1.0,40.00000000000001,0.0,40.00000000000001,54.64649028037518,0.0,54.64649028037518,17.998023321179502,0.0,17.998023321179502,1
13.0,0.0,62.0,88.0,7963.314490087364,7963.314490087364,0.0,1395.6084792930023,1395.6084792930023,0.0,55258.29185590623,ra,0.0,-0.0,0.0,0.0,0.0,0.0,42.41028256299175,42.41028256299175,0.0,49.48124981130605,49.48124981130605,0.0,0
13.0,2.0,70.0,89.0,20915.585370117602,10623.723419117588,10291.861951000015,6679.2986941238505,3389.0040936651603,3290.29460045869,85720.88488710183,ra,0.0,-0.0,0.0,0.0,0.0,0.0,87.45718692269014,49.48124981130605,37.9759371113841,121.29841317533081,66.65192289495562,54.64649028037518,0
13.0,1.0,71.0,90.0,10312.666692975632,0.0,10312.666692975632,1325.8702777004075,0.0,1325.8702777004075,92148.0377185692,ra,0.0,0.0,-0.0,0.0,0.0,0.0,31.2583043023012,0.0,31.2583043023012,37.9759371113841,0.0,37.9759371113841,0
13.0,0.0,75.0,91.0,10865.41330620228,10865.41330620228,0.0,2225.2267853650983,2225.2267853650983,0.0,106351.19825280692,ra,0.0,-0.0,0.0,0.0,0.0,0.0,66.65192289495562,66.65192289495562,0.0,77.92622077494501,77.92622077494501,0.0,0
13.0,2.0,80.0,92.0,21769.313571554885,10924.77173173255,10844.541839822334,5231.405901354321,1587.860206417783,3643.5456949365375,121274.1282993086,ra,2.0,2.0,0.0,78.87485964232921,78.87485964232921,0.0,90.72419565184443,77.92622077494501,12.79797487689942,38.35469216058545,7.096387858284247,31.2583043023012,1
13.0,2.0,8.0,93.0,20326.83796736937,10049.65492309056,10277.18304427881,1199.9706688262263,1199.9706688262263,0.0,132616.96921985535,link,0.0,0.0,0.0,0.0,0.0,0.0,19.89436273518367,7.096387858284247,12.79797487689942,25.97411463129312,13.176139754393697,12.79797487689942,0
14.0,2.0,5.0,94.0,94497.82264774677,47019.26687675304,47478.55577099372,936.3425207579636,0.0,936.3425207579636,0.0,link,0.0,0.0,0.0,0.0,0.0,0.0,117.8581046434759,101.01782039173142,16.84028425174448,122.60216243818844,101.01782038246898,21.584342055719457,0
14.0,0.0,61.0,95.0,46935.18990316021,46935.18990316021,0.0,2174.788745042169,2174.788745042169,0.0,4629.482620571615,ra,1.0,1.0,0.0,40.0,40.0,0.0,101.01782038246898,101.01782038246898,0.0,72.03656968124186,72.03656968124186,0.0,1
14.0,1.0,60.0,96.0,47664.75200387175,0.0,47664.75200387175,2204.32457448694,0.0,2204.32457448694,4633.73189838993,ra,3.0,0.0,3.0,120.0,0.0,120.0,125.67188917381581,0.0,125.67188917381581,16.84028425174448,0.0,16.84028425174448,1
14.0,2.0,6.0,97.0,94641.69117202783,46900.62074452682,47741.07042750101,922.9194205020584,922.9194205020584,0.0,6596.600389256655,link,0.0,0.0,0.0,0.0,0.0,0.0,197.70845885505767,72.03656968124186,125.67188917381581,202.384507397346,76.71261822353019,125.67188917381581,0
15.0,2.0,6.0,98.0,75207.49134104664,44538.30191090561,30669.189430141025,1884.850151816533,0.0,1884.850151816533,0.0,link,0.0,0.0,0.0,0.0,0.0,0.0,165.0502587969343,132.0386068594181,33.01165193751618,174.60000995510052,132.0386068594181,42.5614030956824,0
15.0,1.0,64.0,99.0,16721.32745245393,0.0,16721.32745245393,6515.564241999581,0.0,6515.564241999581,25738.743223846097,ra,0.0,0.0,0.0,0.0,0.0,0.0,0.0,0.0,0.0,33.01165193751618,0.0,33.01165193751618,0
15.0,0.0,65.0,100.0,16271.068415411031,16271.068415411031,0.0,7891.47329091754,7891.47329091754,0.0,25740.902218562274,ra,5.0,5.0,0.0,172.02141723134474,172.02141723134474,0.0,132.0386068594181,132.0386068594181,0.0,0.0,0.0,0.0,1
15.0,2.0,0.0,101.0,10998.091984936455,5379.561945168664,5618.530039767791,1825.012570497084,1825.012570497084,0.0,48631.17855592899,link,0.0,0.0,0.0,0.0,0.0,0.0,0.0,0.0,0.0,9.24657904076657,9.24657904076657,0.0,0
16.0,2.0,6.0,102.0,79740.5667298025,40135.953102102525,39604.61362769997,2800.895581315986,0.0,2800.895581315986,0.0,link,0.0,0.0,0.0,0.0,0.0,0.0,235.84773337667912,55.80111535598625,180.04661802069288,250.0387054259938,55.80111535598625,194.23759007000757,0
16.0,1.0,66.0,103.0,29014.9759926702,0.0,29014.9759926702,4194.662066106028,0.0,4194.662066106028,12316.83855333374,ra,0.0,0.0,-0.0,0.0,0.0,0.0,158.79401134248778,0.0,158.79401134248778,180.04661802069288,0.0,180.04661802069288,0
16.0,0.0,67.0,104.0,29278.008085254503,29278.008085254503,0.0,4585.787822607259,4585.787822607259,0.0,12575.946688510528,ra,0.0,-0.0,0.0,0.0,0.0,0.0,55.80111535598625,55.80111535598625,0.0,79.03539344668381,79.03539344668381,0.0,0
16.0,0.0,72.0,105.0,28145.02656728497,28145.02656728497,0.0,3642.99524799985,3642.99524799985,0.0,25449.08031583349,ra,0.0,-0.0,0.0,0.0,0.0,0.0,79.03539344668381,79.03539344668381,0.0,97.49293393925375,97.49293393925375,0.0,0
16.0,1.0,74.0,106.0,25731.855828829863,0.0,25731.855828829863,3150.32793358614,0.0,3150.32793358614,32933.75197391795,ra,0.0,0.0,-0.0,0.0,0.0,0.0,142.83261101399313,0.0,142.83261101399313,158.79401134248778,0.0,158.79401134248778,0
16.0,0.0,76.0,107.0,25418.722177742115,25418.722177742115,0.0,6370.068704760761,6370.068704760761,0.0,49497.46890143416,ra,0.0,-0.0,0.0,0.0,0.0,0.0,97.49293393925375,97.49293393925375,0.0,129.76742053253435,129.76742053253435,0.0,0
16.0,1.0,77.0,108.0,25469.36930201462,0.0,25469.36930201462,3629.483350372933,0.0,3629.483350372933,49565.51842080065,ra,0.0,0.0,-0.0,0.0,0.0,0.0,124.44352963510232,0.0,124.44352963510232,142.83261101399313,0.0,142.83261101399313,0
16.0,1.0,82.0,109.0,26935.54974771189,0.0,26935.54974771189,4731.076881969367,0.0,4731.076881969367,67595.96875209869,ra,0.0,0.0,-0.0,0.0,0.0,0.0,100.4731323653685,0.0,100.4731323653685,124.44352963510232,0.0,124.44352963510232,0
16.0,0.0,83.0,110.0,27462.47510980443,27462.47510980443,0.0,5057.102637456699,5057.102637456699,0.0,68666.07464325256,ra,0.0,-0.0,0.0,0.0,0.0,0.0,129.76742053253435,129.76742053253435,0.0,155.3896545984488,155.3896545984488,0.0,0
16.0,1.0,86.0,111.0,27163.152752819547,0.0,27163.152752819547,4196.376907454115,0.0,4196.376907454115,81021.89267340553,ra,0.0,0.0,-0.0,0.0,0.0,0.0,79.21183729984826,0.0,79.21183729984826,100.4731323653685,0.0,100.4731323653685,0
16.0,0.0,89.0,112.0,29187.99844762554,29187.99844762554,0.0,6653.928103269676,6653.928103269676,0.0,92123.37906601596,ra,0.0,-0.0,0.0,0.0,0.0,0.0,155.3896545984488,155.3896545984488,0.0,189.10233860806036,189.10233860806036,0.0,0
16.0,1.0,90.0,113.0,28376.998666581203,0.0,28376.998666581203,5601.684775109653,0.0,5601.684775109653,92203.5095301381,ra,0.0,0.0,-0.0,0.0,0.0,0.0,50.830432222511085,0.0,50.830432222511085,79.21183729984826,0.0,79.21183729984826,0
16.0,2.0,94.0,114.0,71124.20344709541,35553.82790120941,35570.375545886,8755.239718801102,4299.63877333859,4455.600945462512,106046.11656904333,ra,6.0,0.0,6.0,239.99999986874474,210.8868185656922,29.11318130305253,246.47127676845,189.10233860806036,57.368938160389625,50.830432222511085,0.0,50.830432222511085,1
16.0,2.0,12.0,115.0,71147.99996754559,35564.99998476318,35582.99998278241,2799.48715587504,2799.48715587504,0.0,113917.81076099534,link,0.0,0.0,0.0,0.0,0.0,0.0,57.368938160389625,0.0,57.368938160389625,71.55277430424633,14.183836143856698,57.368938160389625,0
18.0,2.0,7.0,118.0,26949.99999999783,13587.999999998794,13361.999999999038,1262.350888686173,0.0,1262.350888686173,0.0,link,0.0,0.0,0.0,0.0,0.0,0.0,13.457561654265586,13.457561654265586,0.0,19.853368158896604,13.457561654265586,6.395806504631017,0
18.0,0.0,68.0,119.0,13587.918618998609,13587.918618998609,0.0,1673.7828719547792,1673.7828719547792,0.0,12318.138045343778,ra,1.0,1.0,0.0,21.93792277400636,21.93792277400636,0.0,13.457561654265586,13.457561654265586,0.0,-3.3333333333333334e-09,-3.3333333333333334e-09,0.0,1
18.0,1.0,69.0,120.0,13361.93226547554,0.0,13361.93226547554,3620.13302138755,0.0,3620.13302138755,12346.305678813724,ra,3.0,0.0,3.0,115.48356093082475,0.0,115.48356093082475,97.14185377686707,0.0,97.14185377686707,0.0,0.0,0.0,1
18.0,2.0,73.0,121.0,21133.145613699366,10354.073130248858,10779.072483450507,3099.0639764514967,1773.464093458567,1325.5998829929297,27186.329383912336,ra,0.0,-0.0,0.0,0.0,0.0,0.0,90.42559094188294,-3.3333333333333334e-09,90.42559094521627,106.12725813798673,8.985404361119658,97.14185377686707,0
18.0,2.0,81.0,122.0,17024.72901544851,8263.2955761644,8761.433439284106,10407.127018587838,5132.593422062407,5274.533596525431,76811.9776614867,ra,1.0,0.0,1.0,39.19975098103975,34.99011881323736,4.2096321678023925,76.89676124336101,8.985404361119658,67.91135688224135,90.42559094188294,-3.3333333333333334e-09,90.42559094521627,1
18.0,0.0,84.0,123.0,7912.197813125354,7912.197813125354,0.0,1219.9477727403696,1219.9477727403696,0.0,91803.7907317536,ra,0.0,-0.0,0.0,0.0,0.0,0.0,-3.3333333333333334e-09,-3.3333333333333334e-09,0.0,6.180967566255448,6.180967566255448,0.0,0
18.0,1.0,85.0,124.0,8875.838788593739,0.0,8875.838788593739,1785.784923800428,0.0,1785.784923800428,91872.46119703975,ra,0.0,0.0,-0.0,0.0,0.0,0.0,58.86352799894088,0.0,58.86352799894088,67.91135688224135,0.0,67.91135688224135,0
18.0,2.0,92.0,125.0,47292.93717996864,22515.08265535503,24777.854524613613,4754.452437208462,3104.7402940346988,1649.7121431737628,121334.73270596893,ra,0.0,0.0,-0.0,0.0,0.0,0.0,56.68609082159843,6.180967566255448,50.50512325534298,80.77492229975046,21.91139430080958,58.86352799894088,0
18.0,2.0,11.0,126.0,53098.00276723388,24816.36422563914,28281.638541594737,1125.0783643967968,1125.0783643967968,0.0,126075.53174156268,link,0.0,0.0,0.0,0.0,0.0,0.0,72.41651755615256,21.91139430080958,50.50512325534298,78.11682131933038,27.6116980639874,50.50512325534298,0
19.0,2.0,7.0,127.0,19888.0,9830.0,10058.0,1832.5223390000008,0.0,1832.5223390000008,0.0,link,0.0,0.0,0.0,0.0,0.0,0.0,9.088150030441623,9.088150030441623,0.0,18.372777952157932,9.088150040297194,9.284627911860738,0
19.0,2.0,0.0,128.0,19888.0,9830.0,10058.0,1790.9817650000002,1790.9817650000002,0.0,18219.57712193098,link,0.0,0.0,0.0,0.0,0.0,0.0,9.088150040297194,9.088150040297194,0.0,18.162309154792226,18.162309154792226,0.0,0
20.0,2.0,0.0,129.0,19481.000344743796,9701.000199905127,9780.000144838668,1585.946802063634,0.0,1585.946802063634,0.0,link,0.0,0.0,0.0,0.0,0.0,0.0,0.0,0.0,0.0,8.035332302252653,0.0,8.035332302252653,0
20.0,0.0,78.0,130.0,10133.998910338903,10133.998910338903,0.0,2201.810828978947,2201.810828978947,0.0,22308.899934453435,ra,1.0,1.0,0.0,11.155658975775877,11.155658975775877,0.0,0.0,0.0,0.0,0.0,0.0,0.0,1
20.0,1.0,79.0,131.0,10094.12847263898,0.0,10094.12847263898,2214.6793271343668,0.0,2214.6793271343668,22364.44986396924,ra,1.0,0.0,1.0,31.224722576465535,0.0,31.224722576465535,20.003864276995337,0.0,20.003864276995337,0.0,0.0,0.0,1
20.0,2.0,8.0,132.0,21962.97969081701,10983.990050020308,10978.989640796704,1594.243979477348,1594.243979477348,0.0,37253.22848420508,link,0.0,0.0,0.0,0.0,0.0,0.0,20.003864276995337,0.0,20.003864276995337,28.08123492353746,8.077370646542123,20.003864276995337,0
21.0,2.0,8.0,133.0,21649.000000000102,11074.000000000044,10575.00000000006,371.5843359997804,0.0,371.5843359997804,0.0,link,0.0,0.0,0.0,0.0,0.0,0.0,14.379312042437462,14.379312042437462,0.0,16.261975202503745,14.379312042437462,1.882663160066284,0
21.0,2.0,87.0,134.0,23288.999999928543,11776.999999969368,11511.999999959173,6542.587792704876,3329.21173105459,3213.376061650286,29246.642192588224,ra,2.0,2.0,0.0,80.00000000000001,16.897970908063563,63.10202909193645,61.20050218450103,14.379312042437462,46.82119014206357,14.349071204999596,14.349071204999596,0.0,1
21.0,2.0,10.0,135.0,23288.99999999982,11776.999999999924,11511.999999999898,380.1380059998352,380.1380059998352,0.0,32474.473610155062,link,0.0,0.0,0.0,0.0,0.0,0.0,61.17026134706317,14.349071204999596,46.82119014206357,63.096262392589935,16.27507225052636,46.82119014206357,0
22.0,2.0,8.0,136.0,18089.34980232114,9293.63667702267,8795.71312529847,2541.603617777336,0.0,2541.603617777336,0.0,link,0.0,0.0,0.0,0.0,0.0,0.0,20.81747410348489,4.824872033713827,15.992602069771063,33.694721702757775,4.824872033713827,28.869849669043944,0
22.0,2.0,9.0,137.0,22551.759921439094,11229.492180860212,11322.267740578884,2598.6403059127283,2598.6403059127283,0.0,25496.14409205573,link,0.0,0.0,0.0,0.0,0.0,0.0,20.81747410348489,4.824872033713827,15.992602069771063,33.98370286025403,17.99110079048296,15.992602069771063,0
24.0,2.0,9.0,140.0,25786.108144857673,12922.607317501452,12863.500827356223,310.22506737586025,0.0,310.22506737586025,0.0,link,0.0,0.0,0.0,0.0,0.0,0.0,63.37226588450708,52.666788739842325,10.705477144664757,64.944047170998,52.666788739842325,12.277258431155687,0
24.0,0.0,88.0,141.0,12911.612953719838,12911.612953719838,0.0,904.5214863572012,904.5214863572012,0.0,7001.124876882881,ra,0.0,-0.0,0.0,0.0,0.0,0.0,52.666788739842325,52.666788739842325,0.0,57.249622607882735,57.249622607882735,0.0,0
24.0,1.0,91.0,142.0,12797.695040407143,0.0,12797.695040407143,2112.957697765236,0.0,2112.957697765236,10447.761196686972,ra,0.0,0.0,-0.0,0.0,0.0,0.0,0.0,0.0,0.0,10.705477144664757,0.0,10.705477144664757,0
24.0,0.0,97.0,143.0,9570.738932827611,9570.738932827611,0.0,2755.7730122650837,2755.7730122650837,0.0,30840.569189513222,ra,0.0,-0.0,0.0,0.0,0.0,0.0,57.249622607882735,57.249622607882735,0.0,71.21197738189946,71.21197738189946,0.0,0
24.0,1.0,98.0,144.0,9946.426208887748,0.0,9946.426208887748,2231.335725475766,0.0,2231.335725475766,30857.334061915197,ra,1.0,0.0,1.0,19.559361078976114,0.0,19.559361078976114,8.254111742267039,0.0,8.254111742267039,0.0,0.0,0.0,1
24.0,2.0,108.0,145.0,15887.706151607494,7870.705730584929,8017.000421022563,4501.986650504175,2168.389585344796,2333.5970651593784,55766.14861335632,ra,4.0,0.0,4.0,138.1380564962045,79.2177858256542,58.920270670550316,126.56299481569101,71.21197738189946,55.35101743379155,11.23463074424851,2.9805190019814702,8.254111742267039,1
24.0,2.0,114.0,146.0,28294.020698251785,14163.55043686688,14130.470261384906,3453.816952067228,2111.307602382169,1342.5093496850593,76000.7341358558,ra,0.0,0.0,-0.0,0.0,0.0,0.0,51.52960037488885,2.9805190019814702,48.54908137290738,69.02865323397717,13.677635800185614,55.35101743379155,0
24.0,2.0,15.0,147.0,28738.67135022459,14383.312343962509,14355.35900626208,310.87767950128045,310.87767950128045,0.0,78175.47480337396,link,0.0,0.0,0.0,0.0,0.0,0.0,62.22671717309299,13.677635800185614,48.54908137290738,63.801804973576324,15.252723600668947,48.54908137290738,0
25.0,2.0,9.0,148.0,18444.994544675952,9036.997526482091,9407.99701819386,3162.573978652046,0.0,3162.573978652046,0.0,link,0.0,0.0,0.0,0.0,0.0,0.0,48.074448457733425,12.853431405618316,35.22101705211511,64.09789439921138,12.853431405618316,51.24446299359306,0
25.0,2.0,10.0,149.0,19006.727910032103,9665.34291491844,9341.384995113662,3137.608098414663,3137.608098414663,0.0,35248.172611532704,link,0.0,0.0,0.0,0.0,0.0,0.0,48.074448457733425,12.853431405618316,35.22101705211511,63.971402675993055,28.750385623877946,35.22101705211511,0
26.0,2.0,10.0,150.0,39799.09031594862,19727.656489472974,20071.433826475644,5432.50664953123,0.0,5432.50664953123,0.0,link,0.0,0.0,0.0,0.0,0.0,0.0,74.64461790217936,31.583273711101825,43.06134419107753,102.16886783690646,31.583273711101832,70.58559412580463,0
26.0,2.0,11.0,151.0,61239.02764165262,31319.794471237463,29919.23317041516,5527.098799836521,5527.098799836521,0.0,24120.7762535988,link,0.0,0.0,0.0,0.0,0.0,0.0,74.64461790217936,31.583273711101832,43.06134419107753,102.64812688891162,59.58678269783409,43.06134419107753,0
27.0,2.0,11.0,152.0,68446.95855219441,33632.332120978645,34814.626431215765,4475.01586176286,0.0,4475.01586176286,0.0,link,0.0,0.0,0.0,0.0,0.0,0.0,89.46461006105578,44.5171314647247,44.94747859633108,112.13765272574494,44.5171314647247,67.62052126102024,0
27.0,0.0,99.0,153.0,29715.95485159294,29715.95485159294,0.0,4959.050959781504,4959.050959781504,0.0,15398.281487957354,ra,0.0,-0.0,0.0,0.0,0.0,0.0,44.5171314647247,44.5171314647247,0.0,69.64257849346463,69.64257849346463,0.0,0
27.0,1.0,100.0,154.0,27462.225943179787,0.0,27462.225943179787,4427.600028969178,0.0,4427.600028969178,15788.230047158857,ra,0.0,0.0,-0.0,0.0,0.0,0.0,22.514672219763014,0.0,22.514672219763014,44.94747859633108,0.0,44.94747859633108,0
27.0,2.0,107.0,155.0,39803.00077214074,18775.259985557448,21027.74078658329,8521.51974910427,4077.7617235109983,4443.758025593273,32030.585088502547,ra,0.0,-0.0,0.0,0.0,0.0,0.0,69.64257849346461,69.64257849346463,-1.0658141036401503e-14,112.81757201478834,90.30289979502533,22.514672219763014,0
27.0,0.0,111.0,156.0,14923.34787730996,14923.34787730996,0.0,3332.683703707982,3332.683703707982,0.0,51994.455333056,ra,0.0,-0.0,0.0,0.0,0.0,0.0,90.30289979502533,90.30289979502533,0.0,107.18822090589148,107.18822090589148,0.0,0
27.0,1.0,110.0,157.0,16064.78653282132,0.0,16064.78653282132,3656.830509986008,0.0,3656.830509986008,52217.78598274018,ra,2.0,0.0,2.0,80.00000000000001,0.0,80.00000000000001,61.47236194649194,0.0,61.47236194649194,-1.0658141036401503e-14,0.0,-1.0658141036401503e-14,1
27.0,2.0,113.0,158.0,28115.732693263828,13396.479626617023,14719.253066646805,8182.361978154302,4151.774424898176,4030.5875532561263,80453.83595296173,ra,1.0,0.0,1.0,40.0,30.597181321867897,9.4028186781321,157.64209211358278,107.18822090589148,50.4538712076913,159.09871438252392,97.62635243603198,61.47236194649194,1
27.0,0.0,115.0,159.0,16210.1141141057,16210.1141141057,0.0,2741.8648075464444,2741.8648075464444,0.0,99290.1862589441,ra,0.0,-0.0,0.0,0.0,0.0,0.0,97.62635243603198,97.62635243603198,0.0,111.5182401259721,111.5182401259721,0.0,0
27.0,2.0,116.0,160.0,34177.78966749807,16266.79151473384,17910.998152764234,6377.116285600918,1294.989846913013,5082.126438687905,107271.26953267986,ra,2.0,0.0,2.0,79.99999999999999,63.08741571506697,16.912584284933015,153.13567636789733,111.5182401259721,41.61743624192523,105.44587013873135,54.991998931040044,50.4538712076913,1
27.0,2.0,15.0,161.0,39893.99999984566,18725.9999999336,21167.99999991206,3972.0067852374737,3972.0067852374737,0.0,128894.5131374644,link,0.0,0.0,0.0,0.0,0.0,0.0,96.60943517296528,54.991998931040044,41.61743624192523,116.73394022235014,75.11650398042491,41.61743624192523,0
28.0,2.0,11.0,162.0,61992.2787513973,31725.31224782596,30266.96650357134,2390.702240646126,0.0,2390.702240646126,0.0,link,0.0,0.0,0.0,0.0,0.0,0.0,77.62868476134454,53.23839050323244,24.39029425811211,89.74137789476835,53.23839050323244,36.50298739153591,0
28.0,0.0,93.0,163.0,30439.224167938333,30439.224167938333,0.0,1072.7833528404256,1072.7833528404256,0.0,3445.559107155475,ra,1.0,1.0,0.0,38.779066755124795,38.779066755124795,0.0,53.23839050323244,53.23839050323244,0.0,19.89467045531183,19.89467045531183,0.0,1
28.0,0.0,95.0,164.0,18498.90877462081,18498.90877462081,0.0,3967.265746570001,3967.265746570001,0.0,21968.34571810977,ra,1.0,1.0,0.0,39.99515463520637,39.99515463520637,0.0,19.89467045531183,19.89467045531183,0.0,0.0,0.0,0.0,1
28.0,1.0,96.0,165.0,17419.186332491074,0.0,17419.186332491074,4813.95264377551,0.0,4813.95264377551,22264.116411144965,ra,0.0,0.0,-0.0,0.0,0.0,0.0,0.0,0.0,0.0,24.39029425811211,0.0,24.39029425811211,0
28.0,2.0,0.0,166.0,16044.983216716417,8425.399218263456,7619.583998452962,2682.96218463007,2682.96218463007,0.0,40879.27967798362,link,0.0,0.0,0.0,0.0,0.0,0.0,0.0,0.0,0.0,13.593452617596274,13.593452617596274,0.0,0
30.0,2.0,12.0,169.0,31173.00771278776,15334.689159172884,15838.318553614876,1373.022338283504,0.0,1373.022338283504,0.0,link,0.0,0.0,0.0,0.0,0.0,0.0,82.9691545220795,10.599729384606805,72.3694251374727,89.92568719528656,10.599729384606805,79.32595781067975,0
30.0,0.0,101.0,170.0,15342.168535706442,15342.168535706442,0.0,288.7002299566512,288.7002299566512,0.0,1882.30501330568,ra,0.0,-0.0,0.0,0.0,0.0,0.0,10.599729384606805,10.599729384606805,0.0,12.062453279519247,12.062453279519247,0.0,0
30.0,1.0,102.0,171.0,15008.380189154295,0.0,15008.380189154295,2426.954705703304,0.0,2426.954705703304,15325.375723611753,ra,0.0,0.0,-0.0,0.0,0.0,0.0,60.07305585354298,0.0,60.07305585354298,72.3694251374727,0.0,72.3694251374727,0
30.0,0.0,103.0,172.0,14615.10439288337,14615.10439288337,0.0,2123.5391790607955,2123.5391790607955,0.0,15632.211521401772,ra,0.0,-0.0,0.0,0.0,0.0,0.0,12.062453279519247,12.062453279519247,0.0,22.821542385410737,22.821542385410737,0.0,0
30.0,2.0,13.0,173.0,18934.390172572806,9143.138576923604,9791.251595649202,1268.116655371192,1268.116655371192,0.0,27311.590572612236,link,0.0,0.0,0.0,0.0,0.0,0.0,82.89459823895372,22.821542385410737,60.07305585354298,89.31961748340117,29.246561629858185,60.07305585354298,0
31.0,2.0,12.0,174.0,61211.26177444921,30941.90070843765,30269.36106601156,584.8788313855799,0.0,584.8788313855799,0.0,link,0.0,0.0,0.0,0.0,0.0,0.0,61.75632863823945,45.130396316506584,16.625932321732872,64.71966622347314,45.130396316506584,19.589269906966557,0
31.0,1.0,106.0,175.0,29780.03490857172,0.0,29780.03490857172,3637.7163502508033,0.0,3637.7163502508033,10173.779430297054,ra,2.0,0.0,2.0,40.76372009981726,0.0,40.76372009981726,38.95885785923033,0.0,38.95885785923033,16.625932321732872,0.0,16.625932321732872,1
31.0,0.0,105.0,176.0,30402.95414259374,30402.95414259374,0.0,3119.852058011688,3119.852058011688,0.0,10175.429354581129,ra,0.0,-0.0,0.0,0.0,0.0,0.0,45.130396316506584,45.130396316506584,0.0,60.9373880689228,60.9373880689228,0.0,0
31.0,2.0,109.0,177.0,62402.93424977723,31525.727911032645,30877.20633874459,6816.570463211742,3762.4191873927257,3054.1512758190165,22337.14837090233,ra,2.0,0.0,2.0,80.0,80.0,0.0,84.42213269142803,60.9373880689228,23.48474462250524,38.95885785923033,0.0,38.95885785923033,1
31.0,2.0,14.0,178.0,62766.261417807065,31611.05780980601,31155.20360800105,595.148026243029,595.148026243029,0.0,24222.213413881997,link,0.0,0.0,0.0,0.0,0.0,0.0,23.48474462250524,0.0,23.48474462250524,26.50011194357169,3.0153673210664476,23.48474462250524,0
32.0,2.0,13.0,179.0,24034.000000000007,12223.000000000004,11811.000000000004,4986.624005231322,0.0,4986.624005231322,0.0,link,0.0,0.0,0.0,0.0,0.0,0.0,64.05446931053325,29.246561629858185,34.80790768067506,89.31961748340117,29.246561629858185,60.07305585354298,0
32.0,2.0,104.0,180.0,24034.000000001273,12223.000000000631,11811.000000000642,545.6198680000062,277.4865460000031,268.13332200000315,2270.21285318104,ra,1.0,1.0,0.0,40.0,30.652470455811905,9.347529544188092,72.04347892153477,29.246561629858185,42.796917291676586,34.80790768067506,0.0,34.80790768067506,1
32.0,2.0,16.0,181.0,35472.0,17897.0,17575.0,5106.43524839964,5106.43524839964,0.0,35413.56901786664,link,0.0,0.0,0.0,0.0,0.0,0.0,42.796917291676586,0.0,42.796917291676586,68.66909916274342,25.872181871066836,42.796917291676586,0
33.0,2.0,14.0,182.0,25491.39192820705,13297.332945790267,12194.058982416784,2901.9645133205213,0.0,2901.9645133205213,0.0,link,0.0,0.0,0.0,0.0,0.0,0.0,8.03521972294909,8.03521972294909,0.0,22.738265981205405,8.03521972294909,14.703046258256315,0
33.0,2.0,0.0,183.0,27433.939184964896,13761.985453193762,13671.953731771133,3014.5666133482373,3014.5666133482373,0.0,22213.61178663945,link,0.0,0.0,0.0,0.0,0.0,0.0,8.03521972294909,8.03521972294909,0.0,23.30877395188694,23.30877395188694,0.0,0
34.0,2.0,14.0,184.0,40290.981728268656,40289.53408577645,1.4476424922008384,4807.99244961434,0.0,4807.99244961434,0.0,link,0.0,0.0,0.0,0.0,0.0,0.0,10.558545669072089,10.558545669072089,7.524363938632619e-16,34.91864210427575,10.558545669072089,24.36009643520366,0
34.0,2.0,112.0,185.0,40084.67942148965,20069.25833080312,20015.421090686526,5879.593873458729,4738.491686036754,1141.1021874219755,14615.98862167376,ra,1.0,1.0,0.0,26.740858845893488,6.666461967428678,20.07439687846481,24.851452742940623,10.558545669072089,14.292907073868536,27.900048697205122,27.900048697205122,7.524363938632619e-16,1
34.0,0.0,120.0,186.0,19233.978995985926,19233.978995985926,0.0,2388.1873644993475,2388.1873644993475,0.0,26934.149163868184,ra,1.0,1.0,0.0,40.0,40.0,0.0,27.900048697205122,27.900048697205122,0.0,0.0,0.0,0.0,1
34.0,2.0,20.0,187.0,42848.93314386101,20473.58046065553,22375.352683205478,2247.134627658472,2247.134627658472,0.0,38220.85948462789,link,0.0,0.0,0.0,0.0,0.0,0.0,14.292907073868536,0.0,14.292907073868536,25.678202871709622,11.385295797841088,14.292907073868536,0
35.0,2.0,0.0,188.0,13637.0,6766.0,6871.0,2412.026759499997,0.0,2412.026759499997,0.0,link,0.0,0.0,0.0,0.0,0.0,0.0,19.722136732489254,0.0,19.722136732489254,31.942872326702744,0.0,31.942872326702744,0
35.0,2.0,16.0,189.0,13637.0,6766.0,6871.0,2375.1670869999966,2375.1670869999966,0.0,35104.46295422166,link,0.0,0.0,0.0,0.0,0.0,0.0,19.722136732489254,0.0,19.722136732489254,31.756119708831633,12.033982976342381,19.722136732489254,0
36.0,2.0,15.0,190.0,63592.0,31158.0,32434.0,1263.5151210000006,0.0,1263.5151210000006,0.0,link,0.0,0.0,0.0,0.0,0.0,0.0,116.81986447848459,61.71213981495207,55.107724663532515,123.22156966364287,61.71213981495207,61.50942984869081,0
36.0,0.0,121.0,191.0,31158.0,31158.0,0.0,1862.7498720000008,1862.7498720000008,0.0,5978.406282256154,ra,2.0,2.0,0.0,71.14991805443807,71.14991805443807,0.0,61.71213981495207,61.71213981495207,0.0,0.0,0.0,0.0,1
36.0,1.0,122.0,192.0,32434.0,0.0,32434.0,2232.9998150000006,0.0,2232.9998150000006,6884.764105769136,ra,0.0,0.0,-0.0,0.0,0.0,0.0,43.79404407787453,0.0,43.79404407787453,55.107724663532515,0.0,55.107724663532515,0
36.0,2.0,17.0,193.0,63592.0,31158.0,32434.0,1496.2071600000006,1496.2071600000006,0.0,10780.414990255447,link,0.0,0.0,0.0,0.0,0.0,0.0,43.79404407787453,0.0,43.79404407787453,51.37470296754599,7.580658889671459,43.79404407787453,0
37.0,2.0,16.0,194.0,61280.64411621449,31014.17446373309,30266.469652481403,3075.322007033439,0.0,3075.322007033439,0.0,link,0.0,0.0,0.0,0.0,0.0,0.0,66.75375712387114,28.861122233336843,37.89263489053429,82.3351336434303,28.861122233336843,53.47401141009345,0
37.0,0.0,117.0,195.0,31188.918197802075,31188.918197802075,0.0,476.2646699717726,476.2646699717726,0.0,1531.6015518302704,ra,0.0,-0.0,0.0,0.0,0.0,0.0,28.861122233336843,28.861122233336843,0.0,31.274157072882698,31.274157072882698,0.0,0
37.0,2.0,18.0,196.0,64809.52507699492,32882.29003408458,31927.235042910343,2677.0230036732487,2677.0230036732487,0.0,9891.283544490125,link,0.0,0.0,0.0,0.0,0.0,0.0,69.16679196341698,31.274157072882698,37.89263489053429,82.73015322326458,44.83751833273029,37.89263489053429,0
38.0,2.0,17.0,197.0,73980.90840881804,36437.73642199968,37543.17198681836,8581.895963178365,0.0,8581.895963178365,0.0,link,0.0,0.0,0.0,0.0,0.0,0.0,19.2694826035453,17.647644951218396,1.6218376523269036,62.7503772702328,17.647644951218396,45.10273231901441,0
38.0,1.0,118.0,198.0,38288.38488121995,0.0,38288.38488121995,3563.200636081027,0.0,3563.200636081027,5385.572941871728,ra,1.0,0.0,1.0,33.133831718595864,0.0,33.133831718595864,16.702414915443068,0.0,16.702414915443068,1.6218376523269036,0.0,1.6218376523269036,1
38.0,0.0,119.0,199.0,38355.566312925184,38355.566312925184,0.0,2619.00122524035,2619.00122524035,0.0,7097.786060466791,ra,1.0,1.0,0.0,17.647644951218396,17.647644951218396,0.0,17.647644951218396,17.647644951218396,0.0,13.269389059853646,13.269389059853646,0.0,1
38.0,1.0,123.0,200.0,41712.9401712972,0.0,41712.9401712972,2031.1114551113544,0.0,2031.1114551113544,14257.714169889843,ra,0.0,0.0,-0.0,0.0,0.0,0.0,6.411618614145182,0.0,6.411618614145182,16.702414915443068,0.0,16.702414915443068,0
38.0,0.0,124.0,201.0,40728.86630783911,40728.86630783911,0.0,2848.889850605756,2848.889850605756,0.0,14300.505499646226,ra,0.0,-0.0,0.0,0.0,0.0,0.0,13.269389059853646,13.269389059853646,0.0,27.703528094243318,27.703528094243318,0.0,0
38.0,2.0,22.0,202.0,105896.44285789959,51540.438437961006,54356.004419938574,8230.021979980831,8230.021979980831,0.0,31585.43416751235,link,0.0,0.0,0.0,0.0,0.0,0.0,34.1151467083885,27.703528094243318,6.411618614145181,75.81324236830578,69.4016237541606,6.411618614145182,0
39.0,2.0,17.0,203.0,25562.278853813234,12328.30028963884,13233.978564174393,1988.332963522788,0.0,1988.332963522788,0.0,link,0.0,0.0,0.0,0.0,0.0,0.0,26.467858699923617,13.891808185152778,12.576050514770838,36.54191419071261,13.891808185152778,22.650106005559834,0
39.0,2.0,24.0,204.0,21529.452943652228,10591.584479212725,10937.868464439502,1897.3687907956744,1897.3687907956744,0.0,17071.72988124704,link,0.0,0.0,0.0,0.0,0.0,0.0,26.467858699923617,13.891808185152778,12.576050514770838,36.0810365909654,23.504986076194555,12.576050514770838,0
40.0,2.0,18.0,205.0,25932.838407847834,12821.14586322636,13111.692544621475,1674.795944952231,0.0,1674.795944952231,0.0,link,0.0,0.0,0.0,0.0,0.0,0.0,33.733164805610805,24.369313024697114,9.363851780913693,42.21865873179134,24.36931302469711,17.849345707094233,0
40.0,2.0,26.0,206.0,22387.89451536771,11334.707010656924,11053.187504710784,1671.626697283136,1671.626697283136,0.0,13785.599210644326,link,0.0,0.0,0.0,0.0,0.0,0.0,33.733164805610805,24.36931302469711,9.363851780913693,42.202601473038285,32.838749692124594,9.363851780913693,0
41.0,2.0,18.0,207.0,65100.064380541284,32409.67765592153,32690.38672461976,8031.948343872269,0.0,8031.948343872269,0.0,link,0.0,0.0,0.0,0.0,0.0,0.0,41.11945511768097,41.11945511768097,0.0,81.81399411076882,41.11945511768097,40.69453899308785,0
41.0,1.0,126.0,208.0,33015.8306660751,0.0,33015.8306660751,515.7447983857179,0.0,515.7447983857179,1570.6218936678245,ra,2.0,0.0,2.0,41.674339726703835,0.0,41.674339726703835,39.061275509924855,0.0,39.061275509924855,0.0,0.0,0.0,1
41.0,0.0,125.0,209.0,32828.808927873586,32828.808927873586,0.0,517.979810454405,517.979810454405,0.0,1588.999800427482,ra,2.0,2.0,0.0,43.74384321029745,43.74384321029745,0.0,41.11945511768097,41.11945511768097,0.0,0.0,0.0,0.0,1
41.0,2.0,25.0,210.0,107717.84336110209,52411.86349298975,55305.979868112336,8019.395375229603,8019.395375229603,0.0,19664.682517120145,link,0.0,0.0,0.0,0.0,0.0,0.0,39.061275509924855,0.0,39.061275509924855,79.69221383602165,40.630938326096796,39.061275509924855,0
42.0,2.0,0.0,211.0,64323.0,34358.0,29965.000000000004,292.1437675,0.0,292.1437675,0.0,link,0.0,0.0,0.0,0.0,0.0,0.0,30.138472829780607,0.0,30.138472829780607,31.618643696066922,0.0,31.618643696066922,0
42.0,2.0,21.0,212.0,64323.0,34358.0,29965.0,334.9733210000001,334.9733210000001,0.0,974.9930872178356,link,0.0,0.0,0.0,0.0,0.0,0.0,30.138472829780607,0.0,30.138472829780607,31.835643216026735,1.697170386246127,30.138472829780607,0
43.0,2.0,20.0,213.0,150198.49863614666,75767.44894346851,74431.04969267815,256.5387159589935,0.0,256.5387159589935,0.0,link,0.0,0.0,0.0,0.0,0.0,0.0,52.36506752332734,52.36506752332734,0.0,53.66484241391097,52.36506752332734,1.2997748905836308,0
43.0,2.0,127.0,214.0,143910.62075712613,71622.8655725805,72287.75518454562,14695.550707760216,7361.674053195678,7333.876654564538,10005.69209126666,ra,5.0,0.0,5.0,189.0571300192806,89.66360568446103,99.39352433481957,114.60089154532486,52.36506752332734,62.235824021997516,-8.881784197001252e-16,-8.881784197001252e-16,0.0,1
43.0,2.0,22.0,215.0,143835.3128743358,71573.22723597237,72262.08563836341,254.1351114407348,254.1351114407348,0.0,10360.675542503666,link,0.0,0.0,0.0,0.0,0.0,0.0,62.235824021997516,-8.881784197001252e-16,62.235824021997516,63.52342084897758,1.2875968269800626,62.235824021997516,0
44.0,2.0,20.0,216.0,153959.0,74263.0,79696.0,3498.654400000002,0.0,3498.654400000002,0.0,link,0.0,0.0,0.0,0.0,0.0,0.0,59.52141202626345,9.265576735009734,50.25583529125371,77.24763757062466,9.265576735009734,67.98206083561493,0
44.0,2.0,21.0,217.0,153959.0,74263.0,79696.0,3260.145700000001,3260.145700000001,0.0,4390.047146032249,link,0.0,0.0,0.0,0.0,0.0,0.0,59.52141202626345,9.265576735009734,50.25583529125371,76.03921326598561,25.783377974731902,50.25583529125371,0
45.0,2.0,20.0,218.0,62196.76002530598,32348.66402655705,29848.09599874893,1778.4316575225057,0.0,1778.4316575225057,0.0,link,0.0,0.0,0.0,0.0,0.0,0.0,13.754153135671006,13.754153135671006,0.0,22.76472607950796,13.754153135671006,9.010572943836952,0
45.0,2.0,129.0,219.0,59803.760630072626,31496.773292559403,28306.987337513223,6019.401556958648,3144.575633708264,2874.8259232503847,9849.378972750012,ra,2.0,0.0,2.0,55.05409746616705,29.686408955055537,25.367688511111517,24.556295328085596,13.754153135671006,10.80214219241459,0.0,0.0,0.0,1
45.0,2.0,27.0,220.0,59265.836631097605,31619.71560399585,27646.121027101755,2008.7677610146968,2008.7677610146968,0.0,16227.553730454052,link,0.0,0.0,0.0,0.0,0.0,0.0,10.80214219241459,0.0,10.80214219241459,20.979732296195063,10.177590103780473,10.80214219241459,0
46.0,2.0,21.0,221.0,122056.36331156333,58092.14471186193,63964.2185997014,6279.260644728073,0.0,6279.260644728073,0.0,link,0.0,0.0,0.0,0.0,0.0,0.0,56.54951471392211,17.72507746220165,38.824437251720454,88.3639146844596,17.72507746220165,70.63883722225795,0
46.0,2.0,23.0,222.0,131872.70614633957,62497.919354533005,69374.78679180656,5678.044393759095,5678.044393759095,0.0,9404.55520736285,link,0.0,0.0,0.0,0.0,0.0,0.0,56.54951471392211,17.72507746220165,38.824437251720454,85.31780219458024,46.493364942859785,38.824437251720454,0
47.0,2.0,22.0,223.0,38579.295537849815,18952.69215084102,19626.6033870088,1763.219166427337,0.0,1763.219166427337,0.0,link,0.0,0.0,0.0,0.0,0.0,0.0,18.53116519022994,14.753220359411104,3.7779448308188393,27.46466277382424,14.753220359411104,12.711442414413137,0
47.0,2.0,128.0,224.0,35162.62482989687,17399.45971996509,17763.16510993178,7435.637995433931,3663.3854298437486,3772.2525655901823,19815.112780906624,ra,2.0,0.0,2.0,67.80467275800987,33.31406946338004,34.49060329462984,33.90933491955913,14.753220359411104,19.156114560148026,3.7779448308188393,0.0,3.7779448308188393,1
47.0,2.0,28.0,225.0,35062.11998304022,16961.141448801816,18100.9785342384,1675.651535543216,1675.651535543216,0.0,29618.33132225415,link,0.0,0.0,0.0,0.0,0.0,0.0,19.156114560148026,0.0,19.156114560148026,27.64594340771704,8.489828847569013,19.156114560148026,0
48.0,2.0,24.0,226.0,16009.999934388854,7856.999966820751,8152.999967568103,2252.387938481718,0.0,2252.387938481718,0.0,link,0.0,0.0,0.0,0.0,0.0,0.0,14.085338273649842,14.085338273649842,0.0,25.497250410763392,14.085338273649842,11.41191213711355,0
48.0,2.0,0.0,227.0,10228.9496360124,5180.369177535584,5048.580458476815,2203.4039084147803,2203.4039084147803,0.0,34790.83034290512,link,0.0,0.0,0.0,0.0,0.0,0.0,14.085338273649842,14.085338273649842,0.0,25.24906871981435,25.24906871981435,0.0,0
50.0,2.0,23.0,230.0,167288.29083468003,89420.76920845687,77867.52162622314,2077.529087866036,0.0,2077.529087866036,0.0,link,0.0,0.0,0.0,0.0,0.0,0.0,78.80349173312337,47.656411152367625,31.14708058075575,89.32946685844138,47.656411152367625,41.673055706073754,0
50.0,2.0,25.0,231.0,167733.1420677742,89424.56834914754,78308.57371862668,2379.090073396836,2379.090073396836,0.0,2660.513408818963,link,0.0,0.0,0.0,0.0,0.0,0.0,78.80349173312337,47.656411152367625,31.14708058075575,90.85735084861166,59.71027026785591,31.14708058075575,0
51.0,2.0,23.0,232.0,68004.42841151668,33685.47219088722,34318.956220629465,2606.4986391770226,0.0,2606.4986391770226,0.0,link,0.0,0.0,0.0,0.0,0.0,0.0,37.79413576054874,26.342875832907378,11.45125992764136,51.000179420969296,26.342875832907378,24.657303588061918,0
51.0,0.0,130.0,233.0,33100.995903315394,33100.995903315394,0.0,783.1629546866914,783.1629546866914,0.0,2344.9972799662905,ra,1.0,1.0,0.0,27.329111342099143,27.329111342099143,0.0,26.342875832907378,26.342875832907378,0.0,2.9817251938615685,2.9817251938615685,0.0,1
51.0,2.0,27.0,234.0,64426.23565632764,31754.48892503164,32671.746731296,1762.794004348873,1762.794004348873,0.0,7784.588682143257,link,0.0,0.0,0.0,0.0,0.0,0.0,14.432985121502927,2.9817251938615685,11.45125992764136,23.364328585817606,11.913068658176247,11.45125992764136,0
53.0,2.0,24.0,237.0,26623.0,13216.0,13407.000000000002,1301.209681500001,0.0,1301.209681500001,0.0,link,0.0,0.0,0.0,0.0,0.0,0.0,27.122513340568545,20.985355299231344,6.137158041337201,33.71520117357527,20.985355299231344,12.729845874343923,0
53.0,2.0,28.0,238.0,26623.0,13216.0,13407.0,1282.6722719999998,1282.6722719999998,0.0,9705.486491353968,link,0.0,0.0,0.0,0.0,0.0,0.0,27.122513340568545,20.985355299231344,6.137158041337201,33.62127983575888,27.48412179442168,6.137158041337201,0
54.0,2.0,25.0,239.0,63790.74308365228,33602.55553767664,30188.187545975637,914.669079332492,0.0,914.669079332492,0.0,link,0.0,0.0,0.0,0.0,0.0,0.0,34.76710000102465,34.76710000102465,0.0,39.40134749877721,34.76710000102465,4.6342474977525585,0
54.0,2.0,131.0,240.0,33762.441558617626,17029.212737248363,16733.228821369263,7185.418002340216,3714.280971775646,3471.13703056457,14118.05957838652,ra,3.0,3.0,0.0,97.14724914400085,52.75252912407386,44.394720019927,61.57501353352842,34.76710000102465,26.807913532503772,0.8332865068296105,0.8332865068296105,0.0,1
54.0,2.0,26.0,241.0,32484.774457444895,16371.354345937669,16113.420111507226,929.5714925260236,929.5714925260236,0.0,19751.672738570145,link,0.0,0.0,0.0,0.0,0.0,0.0,27.641200039333384,0.8332865068296105,26.807913532503772,32.35095186166964,5.5430383291658725,26.807913532503772,0
55.0,2.0,26.0,242.0,35611.19993600926,17306.49996896785,18304.699967041404,3651.9540270608895,0.0,3651.9540270608895,0.0,link,0.0,0.0,0.0,0.0,0.0,0.0,20.71295365221536,20.71295365221536,0.0,39.21588459655773,20.71295365221536,18.502930944342364,0
55.0,2.0,132.0,243.0,34335.6700861098,16687.900230609903,17647.769855499897,3806.716178738113,1850.014875297545,1956.701303440568,10714.232916978135,ra,1.0,0.0,1.0,40.0,30.086208964299793,9.913791035700207,20.71295365221536,20.71295365221536,0.0,0.0,0.0,0.0,1
55.0,2.0,0.0,244.0,9015.000278806967,4116.000142012323,4899.000136794644,3382.273931804988,3382.273931804988,0.0,47911.36687265736,link,0.0,0.0,0.0,0.0,0.0,0.0,0.0,0.0,0.0,17.136574154906135,17.136574154906135,0.0,0
56.0,2.0,27.0,245.0,67553.51728478492,34432.267085202984,33121.25019958193,2367.0237097169543,0.0,2367.0237097169543,0.0,link,0.0,0.0,0.0,0.0,0.0,0.0,11.829980515197125,11.829980515197125,0.0,23.822704388493477,11.829980515197125,11.992723873296352,0
56.0,1.0,134.0,246.0,28345.05378073905,0.0,28345.05378073905,1429.461201904893,0.0,1429.461201904893,14670.942506693847,ra,1.0,0.0,1.0,40.00000000000001,0.0,40.00000000000001,32.75751516391463,0.0,32.75751516391463,0.0,0.0,0.0,1
56.0,0.0,133.0,247.0,28758.648000424007,28758.648000424007,0.0,4635.222356187495,4635.222356187495,0.0,14715.488271793003,ra,0.0,-0.0,0.0,0.0,0.0,0.0,11.829980515197125,11.829980515197125,0.0,35.314722801844525,35.314722801844525,0.0,0
56.0,2.0,135.0,248.0,47006.10408228616,24072.8864014428,22933.21768084336,5972.3380643838445,1468.7067383505575,4503.631326033287,20490.182643268578,ra,1.0,1.0,0.0,40.0,33.90757674624201,6.0924232537579925,51.346635908438515,35.314722801844525,16.03191310659399,41.60598691962777,8.848471755713133,32.75751516391463,1
56.0,2.0,29.0,249.0,45237.32656378552,23422.054813020965,21815.27175076456,2510.3156903599324,2510.3156903599324,0.0,31051.51115001564,link,0.0,0.0,0.0,0.0,0.0,0.0,24.880384862307125,8.848471755713133,16.03191310659399,37.599109556826534,21.567196450232544,16.03191310659399,0
57.0,2.0,28.0,250.0,21608.0,10785.0,10823.000000000002,664.3049169999997,0.0,664.3049169999997,0.0,link,0.0,0.0,0.0,0.0,0.0,0.0,14.046434540767436,14.046434540767436,0.0,17.41219104102941,14.046434540767436,3.365756500261973,0
57.0,2.0,0.0,251.0,21608.0,10785.000000000002,10823.0,661.972515,661.972515,0.0,6137.906286244384,link,0.0,0.0,0.0,0.0,0.0,0.0,14.046434540767436,14.046434540767436,0.0,17.400373730948104,17.400373730948104,0.0,0
59.0,2.0,29.0,254.0,41763.642422810655,21836.31144790283,19927.330974907825,64.19229876066692,0.0,64.19229876066692,0.0,link,0.0,0.0,0.0,0.0,0.0,0.0,36.739665957745245,17.643959891426338,19.09570606631891,37.06490161578641,17.643959891426338,19.42094172436007,0
59.0,0.0,137.0,255.0,11226.947197214342,11226.947197214342,0.0,4281.442654724177,4281.442654724177,0.0,25939.716113189967,ra,1.0,1.0,0.0,39.33624769009814,39.33624769009814,0.0,17.643959891426338,17.643959891426338,0.0,0.0,0.0,0.0,1
59.0,1.0,138.0,256.0,8142.41876965786,0.0,8142.41876965786,3768.951031500648,0.0,3768.951031500648,26235.491957639333,ra,0.0,0.0,-0.0,0.0,0.0,0.0,0.0,0.0,0.0,19.09570606631891,0.0,19.09570606631891,0
59.0,2.0,0.0,257.0,19030.167720862108,11064.89566740363,7965.272053458477,121.79539004601152,121.79539004601152,0.0,27032.750454879864,link,0.0,0.0,0.0,0.0,0.0,0.0,0.0,0.0,0.0,0.6170865445352497,0.6170865445352497,0.0,0
60.0,2.0,29.0,258.0,15204.999638753205,7325.999839362642,7878.999799390564,589.7618799510744,0.0,589.7618799510744,0.0,link,0.0,0.0,0.0,0.0,0.0,0.0,10.300343403056967,10.300343269697755,1.3335921167367815e-07,13.288421362823222,10.300343269697755,2.9880780931254662,0
60.0,2.0,136.0,259.0,13825.298552554461,6712.4814864233695,7112.817066131092,1621.7030872016057,781.773481624616,839.9296055769897,10738.631570167296,ra,1.0,1.0,0.0,18.51683765197934,14.261264091107972,4.25557356087137,10.300343269697755,10.300343269697755,0.0,1.3335921167367815e-07,0.0,1.3335921167367815e-07,1
60.0,2.0,0.0,260.0,9900.001134069504,4967.000504292169,4933.000629777334,588.1442988228391,588.1442988228391,0.0,22135.2935483001,link,0.0,0.0,0.0,0.0,0.0,0.0,0.0,0.0,0.0,2.9798823495009477,2.9798823495009477,0.0,0
