Time of calculation: 20220209-144610; value of objective: 54046000.0;  acc=2400;  cfix=40000;  cvar=127000;  eta=0.27;  mu=0.24;  i=
segment_id,dir,type_ID,POI_ID,traffic_flow,traffic_flow_0,traffic_flow_1,energy_demand,energy_demand_0,energy_demand_1,dist_along_segment,pois_type,pYi_dir,pYi_dir_0,pYi_dir_1,pE_charged,pE_charged_0,pE_charged_1,pE_input,pE_input_0,pE_input_1,pE_output,pE_output_0,pE_output_1,pXi
0.0,2.0,0.0,0.0,26540.636112053,13243.0239038645,13297.6122081885,4423.92123143818,0.0,4423.92123143818,0.0,link,0.0,0.0,0.0,0.0,0.0,0.0,0.0,0.0,0.0,685.256,0.0,685.256,0
0.0,2.0,1.0,1.0,26594.7769799282,13269.4415749127,13325.3354050155,810.003976920776,31.774775427221,778.229201493555,239.715824101164,ra,4.0,4.0,0.0,972.8,0.0,972.8,852.2539999999999,0.0,852.2539999999999,4.922,4.922,0.0,1
0.0,2.0,0.0,2.0,45891.0713847726,24132.5354848012,21758.5358999714,10453.07839190074,5371.86342144895,5081.21497045179,24427.462160298,ra,7.0,0.0,7.0,1702.3999999999999,832.09,870.3099999999998,940.4159999999997,4.922,935.4939999999997,857.1759999999999,4.922,852.2539999999999,1
0.0,1.0,2.0,3.0,5594.60627343411,0.0,5594.60627343411,2065.98540498995,0.0,2065.98540498995,68504.6013106114,ra,4.0,0.0,4.0,972.8,0.0,972.8,1588.2769999999996,0.0,1588.2769999999996,935.4939999999997,0.0,935.4939999999997,1
0.0,0.0,3.0,4.0,4553.08388931748,4553.08388931748,0.0,7187.4483251383,7187.4483251383,0.0,79329.1374904099,ra,4.0,4.0,0.0,972.8,972.8,0.0,4.922,4.922,0.0,145.44299999999996,145.44299999999996,0.0,1
0.0,2.0,4.0,5.0,7895.539602766939,4645.32330643337,3250.21629633357,2342.9750495919798,1038.66179081139,1304.31325878059,104473.71241617,ra,2.0,0.0,2.0,486.4,47.49449999999887,438.9055000000011,1970.5905000000007,145.44299999999996,1825.1475000000007,1847.1125000000006,258.83550000000105,1588.2769999999996,1
0.0,2.0,5.0,6.0,19815.36822147166,9562.72950758806,10252.6387138836,7959.02626511719,2076.95503589247,5882.07122922472,133409.21035476,ra,0.0,0.0,0.0,0.0,0.0,0.0,1172.862000000002,258.83550000000105,914.0265000000009,2405.699000000002,580.551500000001,1825.1475000000007,0
0.0,2.0,6.0,7.0,38420.413170467305,19234.6634945469,19185.7496759204,10291.73164091456,4957.10120865155,5334.63043226301,173065.413799776,ra,11.0,0.0,11.0,2675.1999999999994,1255.37,1419.8299999999995,2088.0850000000014,580.551500000001,1507.5335000000005,1007.0530000000018,93.02650000000101,914.0265000000009,1
0.0,1.0,7.0,8.0,21229.4573799075,0.0,21229.4573799075,31.9071906889248,0.0,31.9071906889248,176940.22069629,ra,0.0,0.0,-0.0,0.0,0.0,0.0,1502.5915000000005,0.0,1502.5915000000005,1507.5335000000005,0.0,1507.5335000000005,0
0.0,2.0,0.0,9.0,50605.7308716768,25638.9023938735,24966.8284778033,5210.17855174236,5210.17855174236,0.0,194059.964946131,link,0.0,0.0,0.0,0.0,0.0,0.0,1595.6180000000015,93.02650000000101,1502.5915000000005,2402.6640000000016,900.072500000001,1502.5915000000005,0
1.0,2.0,0.0,10.0,41635.2696746832,21021.6267553003,20613.6429193829,39.7761865009555,0.0,39.7761865009555,0.0,link,0.0,0.0,0.0,0.0,0.0,0.0,2310.3280000000013,1560.0415000000003,750.2865000000008,2316.489000000001,1560.0415000000003,756.4475000000008,0
1.0,2.0,8.0,11.0,39859.9435983602,20128.7100274165,19731.2335709437,2276.328443367862,1715.72731424055,560.601129127312,8218.21591932416,ra,3.0,0.0,3.0,729.5999999999999,729.5999999999999,0.0,2223.492000000001,1560.0415000000003,663.4505000000008,1846.4910000000013,1096.2045000000005,750.2865000000008,1
1.0,0.0,9.0,12.0,15021.9786197919,15021.9786197919,0.0,1426.84265640488,1426.84265640488,0.0,16747.0640478161,ra,0.0,0.0,0.0,0.0,0.0,0.0,1096.2045000000005,1096.2045000000005,0.0,1317.2195000000004,1317.2195000000004,0.0,0
1.0,2.0,10.0,13.0,29629.2702066633,14994.1517039878,14635.1185026755,191.32891529796441,24.7111120586864,166.617803239278,16911.7407621753,ra,0.0,0.0,0.0,0.0,0.0,0.0,1954.8610000000012,1317.2195000000004,637.6415000000009,1984.4980000000012,1321.0475000000004,663.4505000000008,0
1.0,2.0,14.0,14.0,23126.816645439998,11846.3351177034,11280.4815277366,2715.58896866506,1386.75954291372,1328.82942575134,27721.2649615329,ra,0.0,0.0,0.0,0.0,0.0,0.0,1752.8560000000011,1321.0475000000004,431.8085000000009,2173.4950000000017,1535.8535000000008,637.6415000000009,0
1.0,1.0,13.0,15.0,11337.2619320883,0.0,11337.2619320883,1420.24853693026,0.0,1420.24853693026,29194.6309655969,ra,0.0,0.0,-0.0,0.0,0.0,0.0,211.8145000000009,0.0,211.8145000000009,431.8085000000009,0.0,431.8085000000009,0
1.0,0.0,12.0,16.0,11885.5265358471,11885.5265358471,0.0,208.504810997731,208.504810997731,0.0,29478.4736802298,ra,0.0,0.0,0.0,0.0,0.0,0.0,1535.8535000000008,1535.8535000000008,0.0,1568.1505000000009,1568.1505000000009,0.0,0
1.0,0.0,15.0,17.0,11960.1701828351,11960.1701828351,0.0,465.471180470787,465.471180470787,0.0,33381.7233696118,ra,0.0,0.0,0.0,0.0,0.0,0.0,1568.1505000000009,1568.1505000000009,0.0,1640.2515000000008,1640.2515000000008,0.0,0
1.0,2.0,16.0,18.0,23460.935326572,11970.3853891252,11490.5499374468,1768.668281716874,86.3301716488441,1682.33811006803,34103.2604930604,ra,7.0,0.0,7.0,1702.3999999999999,1653.6235000000008,48.77649999999911,1640.2515000000008,1640.2515000000008,0.0,211.8145000000009,0.0,211.8145000000009,1
1.0,2.0,0.0,19.0,23472.9532848191,11974.8809399587,11498.0723448604,41.4313703808343,41.4313703808343,0.0,34449.3464575004,link,0.0,0.0,0.0,0.0,0.0,0.0,0.0,0.0,0.0,6.418,6.418,0.0,0
2.0,2.0,0.0,20.0,68929.1689525749,33758.8137930879,35170.355159487,2037.30449092795,0.0,2037.30449092795,0.0,link,0.0,0.0,0.0,0.0,0.0,0.0,3078.363000000001,993.9120000000011,2084.451,3393.9370000000013,993.9120000000012,2400.025,0
2.0,1.0,11.0,21.0,34398.2821383792,0.0,34398.2821383792,0.177994253383828,0.0,0.177994253383828,2598.41164546074,ra,0.0,0.0,0.0,0.0,0.0,0.0,2084.4230000000002,0.0,2084.4230000000002,2084.451,0.0,2084.451,0
2.0,0.0,17.0,22.0,24285.974119979,24285.974119979,0.0,5629.75346622784,5629.75346622784,0.0,19826.0309188716,ra,0.0,0.0,0.0,0.0,0.0,0.0,993.9120000000012,993.9120000000012,0.0,1865.9490000000012,1865.9490000000012,0.0,0
2.0,1.0,18.0,23.0,24186.0911430872,0.0,24186.0911430872,4128.06929715106,0.0,4128.06929715106,19924.5544753991,ra,0.0,0.0,0.0,0.0,0.0,0.0,1444.9940000000001,0.0,1444.9940000000001,2084.4230000000002,0.0,2084.4230000000002,0
2.0,0.0,19.0,24.0,24395.8043620461,24395.8043620461,0.0,1107.94961707917,1107.94961707917,0.0,24376.283905319,ra,0.0,-0.0,0.0,0.0,0.0,0.0,1865.9490000000012,1865.9490000000012,0.0,2037.5680000000011,2037.5680000000011,0.0,0
2.0,0.0,20.0,25.0,18382.7449604955,18382.7449604955,0.0,3193.59583085962,3193.59583085962,0.0,38424.0480859037,ra,0.0,0.0,0.0,0.0,0.0,0.0,2037.5680000000011,2037.5680000000011,0.0,2532.2490000000016,2532.2490000000016,0.0,0
2.0,1.0,21.0,26.0,18491.6133654888,0.0,18491.6133654888,4453.99249618843,0.0,4453.99249618843,38987.6806255175,ra,0.0,0.0,0.0,0.0,0.0,0.0,755.08,0.0,755.08,1444.9940000000001,0.0,1444.9940000000001,0
2.0,2.0,22.0,27.0,37060.499514109295,18323.8494067353,18736.650107374,9037.685965220891,4162.99183164668,4874.69413357421,60686.5331745626,ra,6.0,6.0,0.0,1459.1999999999998,1318.9399999999998,140.26,2672.509000000002,2532.2490000000016,140.26,2613.2280000000014,1858.1480000000013,755.08,1
2.0,2.0,23.0,28.0,37058.9029265594,18323.1127403572,18735.7901862022,905.670862196634,0.17407320896991,905.496788987664,60687.5223097686,ra,8.0,0.0,8.0,1858.1750000000013,1858.1750000000013,0.0,1858.1480000000013,1858.1480000000013,0.0,140.26,0.0,140.26,1
2.0,2.0,0.0,29.0,23931.6001633626,12393.9415716933,11537.6585916693,2066.87595360883,2066.87595360883,0.0,74788.4585560346,link,0.0,0.0,0.0,0.0,0.0,0.0,0.0,0.0,0.0,320.155,320.155,0.0,0
3.0,2.0,0.0,30.0,27844.0,14880.0,12964.0,276.638796,0.0,276.638796,0.0,link,0.0,0.0,0.0,0.0,0.0,0.0,0.0,0.0,0.0,42.851,0.0,42.851,0
3.0,0.0,24.0,31.0,14880.0,14880.0,0.0,43.31568,43.31568,0.0,291.139117483826,ra,0.0,-0.0,0.0,0.0,0.0,0.0,0.0,0.0,0.0,6.71,6.71,0.0,0
3.0,1.0,25.0,32.0,12964.0,0.0,12964.0,50.78647,0.0,50.78647,391.789662717657,ra,9.0,0.0,9.0,2188.7999999999993,0.0,2188.7999999999993,2180.932999999999,0.0,2180.932999999999,0.0,0.0,0.0,1
3.0,2.0,1.0,33.0,27844.0,14880.0,12964.0,332.50104,332.50104,0.0,2525.71464164925,link,0.0,0.0,0.0,0.0,0.0,0.0,2187.642999999999,6.71,2180.932999999999,2239.146999999999,58.214,2180.932999999999,0
4.0,2.0,1.0,34.0,59761.3086274698,30037.3419745759,29723.9666528939,2541.48042300009,0.0,2541.48042300009,0.0,link,0.0,0.0,0.0,0.0,0.0,0.0,5708.920419607841,2820.45790980392,2888.4625098039214,6102.590419607841,2820.45790980392,3282.1325098039215,0
4.0,1.0,29.0,35.0,19741.1962074672,0.0,19741.1962074672,941.130780889781,0.0,941.130780889781,27421.918402147,ra,5.0,0.0,5.0,1216.0,0.0,1216.0,3958.6835098039214,0.0,3958.6835098039214,2888.4625098039214,0.0,2888.4625098039214,1
4.0,0.0,28.0,36.0,20188.7740020659,20188.7740020659,0.0,6913.40781708113,6913.40781708113,0.0,27456.2755376563,ra,0.0,0.0,0.0,0.0,0.0,0.0,2820.45790980392,2820.45790980392,0.0,3891.32990980392,3891.32990980392,0.0,0
4.0,2.0,31.0,37.0,24242.04672144007,16011.0814154375,8230.96530600257,10336.618270691579,5459.80728965386,4876.81098103772,57952.4364496481,ra,0.0,0.0,0.0,0.0,0.0,0.0,7094.605419607842,3891.32990980392,3203.2755098039215,8695.726419607843,4737.042909803921,3958.6835098039214,0
4.0,2.0,30.0,38.0,24222.43641462717,16010.6884723873,8211.74794223987,2097.1816748164297,3.69851459408978,2093.48316022234,57975.5602403068,ra,4.0,4.0,0.0,972.7999999999998,922.7154431372546,50.084556862745224,7666.1269764705885,4737.042909803921,2929.084066666667,7018.175976470588,3814.9004666666665,3203.2755098039215,1
4.0,2.0,35.0,39.0,21337.9057816767,10925.6060783794,10412.2997032973,4724.82145770061,2596.38509090262,2128.43636679799,78476.4553474238,ra,0.0,0.0,0.0,0.0,0.0,0.0,6414.294533333334,3814.9004666666665,2599.394066666667,7146.1595333333335,4217.075466666667,2929.084066666667,0
4.0,0.0,40.0,40.0,10876.9999980846,10876.9999980846,0.0,1976.66074396654,1976.66074396654,0.0,96645.2667353262,ra,0.0,0.0,0.0,0.0,0.0,0.0,4217.075466666667,4217.075466666667,0.0,4523.256466666667,4523.256466666667,0.0,0
4.0,1.0,41.0,41.0,10239.998724531,0.0,10239.998724531,1817.26058482465,0.0,1817.26058482465,99246.7072366671,ra,0.0,0.0,-0.0,0.0,0.0,0.0,2317.904066666667,0.0,2317.904066666667,2599.394066666667,0.0,2599.394066666667,0
4.0,2.0,42.0,42.0,15349.44862342799,7293.1561007636,8056.29252266439,2244.8438549829193,2242.94471998322,1.89913499969935,124531.184689634,ra,12.0,12.0,0.0,2918.399999999999,2918.1059999999993,0.294,6841.160533333334,4523.256466666667,2317.904066666667,4270.481533333334,1952.5774666666666,2317.904066666667,1
4.0,2.0,45.0,43.0,29499.9997821141,14928.9998128104,14570.9999693037,9965.39545782924,4949.37419030477,5016.02126752447,160563.715389321,ra,0.0,0.0,0.0,0.0,0.0,0.0,3493.510533333333,1952.5774666666666,1540.9330666666667,5037.129533333334,2719.2254666666668,2317.904066666667,0
4.0,2.0,49.0,44.0,29501.2496709625,14929.6109247903,14571.6387461722,7771.39511709413,964.25344768502,6807.14166940911,167022.616706975,ra,0.0,0.0,0.0,0.0,0.0,0.0,3205.7465333333334,2719.2254666666668,486.5210666666668,4409.519533333333,2868.5864666666666,1540.9330666666667,0
4.0,2.0,2.0,45.0,37135.979248738106,18661.9898553614,18473.9893933767,2580.11657231137,2580.11657231137,0.0,182066.45484822,link,0.0,0.0,0.0,0.0,0.0,0.0,3355.1075333333333,2868.5864666666666,486.5210666666668,3754.762533333333,3268.2414666666664,486.5210666666668,0
5.0,2.0,1.0,46.0,68793.7826224039,33913.4453688065,34880.3372535974,3843.82209257494,0.0,3843.82209257494,0.0,link,0.0,0.0,0.0,0.0,0.0,0.0,5718.843913725489,2326.599756862745,3392.244156862744,6314.24391372549,2326.599756862745,3987.6441568627442,0
5.0,1.0,26.0,47.0,36003.5240013336,0.0,36003.5240013336,3895.94746693039,0.0,3895.94746693039,10624.4240384357,ra,0.0,0.0,0.0,0.0,0.0,0.0,2788.770156862744,0.0,2788.770156862744,3392.244156862744,0.0,3392.244156862744,0
5.0,0.0,27.0,48.0,32653.8009159093,32653.8009159093,0.0,4178.14177110393,4178.14177110393,0.0,12028.5386871855,ra,0.0,0.0,0.0,0.0,0.0,0.0,2326.599756862745,2326.599756862745,0.0,2973.784756862745,2973.784756862745,0.0,0
5.0,2.0,32.0,49.0,33127.6679782642,16315.8916479239,16811.7763303403,9152.20454584315,5870.83645283758,3281.36809300557,39273.393575652,ra,20.0,0.0,20.0,4864.0,2871.6651803230297,1992.3348196769705,7246.612733402459,2973.784756862745,4272.827976539714,3800.2697334024588,1011.499576539715,2788.770156862744,1
5.0,1.0,36.0,50.0,15728.3542233459,0.0,15728.3542233459,1275.7622080105,0.0,1275.7622080105,47330.3638647794,ra,0.0,0.0,0.0,0.0,0.0,0.0,4075.214976539714,0.0,4075.214976539714,4272.827976539714,0.0,4272.827976539714,0
5.0,0.0,39.0,51.0,16181.0369578104,16181.0369578104,0.0,2402.71193975453,2402.71193975453,0.0,54808.4650706048,ra,0.0,0.0,0.0,0.0,0.0,0.0,1011.499576539715,1011.499576539715,0.0,1383.674576539715,1383.674576539715,0.0,0
5.0,1.0,43.0,52.0,15425.0541977474,0.0,15425.0541977474,6550.91638851091,0.0,6550.91638851091,67696.5829264334,ra,0.0,0.0,0.0,0.0,0.0,0.0,3060.4919765397144,0.0,3060.4919765397144,4075.214976539714,0.0,4075.214976539714,0
5.0,0.0,44.0,53.0,16743.9409701348,16743.9409701348,0.0,2188.52376611744,2188.52376611744,0.0,67916.7177403682,ra,0.0,0.0,0.0,0.0,0.0,0.0,1383.674576539715,1383.674576539715,0.0,1722.6725765397148,1722.6725765397148,0.0,0
5.0,1.0,50.0,54.0,23926.8657512302,0.0,23926.8657512302,3865.03208223887,0.0,3865.03208223887,86150.6446371155,ra,0.0,0.0,0.0,0.0,0.0,0.0,2461.806976539715,0.0,2461.806976539715,3060.4919765397144,0.0,3060.4919765397144,0
5.0,0.0,51.0,55.0,23976.5917239922,23976.5917239922,0.0,3863.2104401925,3863.2104401925,0.0,86198.2118888899,ra,0.0,0.0,0.0,0.0,0.0,0.0,1722.6725765397148,1722.6725765397148,0.0,2321.075576539715,2321.075576539715,0.0,0
5.0,2.0,4.0,56.0,48295.9987384735,24204.9992554563,24090.9994830172,3849.65902876729,3849.65902876729,0.0,102115.051061861,link,0.0,0.0,0.0,0.0,0.0,0.0,4782.882553079429,2321.075576539715,2461.806976539715,5379.186553079429,2917.379576539715,2461.806976539715,0
6.0,2.0,0.0,57.0,17593.52882743976,9370.08985369332,8223.43897374644,3280.58897165935,0.0,3280.58897165935,0.0,link,0.0,0.0,0.0,0.0,0.0,0.0,0.0,0.0,0.0,508.156,0.0,508.156,0
6.0,0.0,34.0,58.0,9440.70012643683,9440.70012643683,0.0,115.627916160566,115.627916160566,0.0,1229.56192943354,ra,0.0,-0.0,0.0,0.0,0.0,0.0,0.0,0.0,0.0,17.911,17.911,0.0,0
6.0,0.0,33.0,59.0,9685.7540713875,9685.7540713875,0.0,302.822447135245,302.822447135245,0.0,4398.31801694572,ra,0.0,-0.0,0.0,0.0,0.0,0.0,17.911,17.911,0.0,64.818,64.818,0.0,0
6.0,1.0,38.0,60.0,13533.1360897293,0.0,13533.1360897293,3267.26796433001,0.0,3267.26796433001,19100.037855584,ra,12.0,0.0,12.0,2918.399999999999,0.0,2918.399999999999,2412.3069999999993,0.0,2412.3069999999993,0.0,0.0,0.0,1
6.0,0.0,37.0,61.0,14150.2103751211,14150.2103751211,0.0,1803.67381185194,1803.67381185194,0.0,19123.3135023805,ra,0.0,0.0,0.0,0.0,0.0,0.0,64.818,64.818,0.0,344.2030000000001,344.2030000000001,0.0,0
6.0,2.0,48.0,62.0,30972.8842403762,15986.2762154003,14986.6080249759,5468.1986435463505,3421.90944344568,2046.28920010067,42213.9465999939,ra,0.0,0.0,-0.0,0.0,0.0,0.0,2439.5439999999994,344.2030000000001,2095.3409999999994,3286.5569999999993,874.2500000000001,2412.3069999999993,0
6.0,2.0,3.0,63.0,43852.3829830634,22912.2538280909,20940.1291549725,3553.90060489654,3553.90060489654,0.0,60876.2242421798,link,0.0,0.0,0.0,0.0,0.0,0.0,2969.5909999999994,874.2500000000001,2095.3409999999994,3520.0829999999996,1424.7420000000002,2095.3409999999994,0
7.0,2.0,0.0,64.0,11819.72883309257,5668.99952865367,6150.7293044389,2312.63273856917,0.0,2312.63273856917,0.0,link,0.0,0.0,0.0,0.0,0.0,0.0,0.0,0.0,0.0,358.222,0.0,358.222,0
7.0,2.0,46.0,65.0,16750.43996107374,8281.7922636936,8468.64769738014,443.9117156207323,439.374363225034,4.53735239569832,6667.95544755655,ra,7.0,7.0,0.0,1702.3999999999999,21.573166666666275,1680.8268333333335,1680.1238333333336,0.0,1680.1238333333336,46.48483333333373,46.48483333333373,0.0,1
7.0,2.0,47.0,66.0,16803.00194301874,8309.64474409952,8493.35719891922,469.00809295789134,4.43822753361236,464.569865424279,6721.47492677825,ra,0.0,0.0,-0.0,2.842170943040401e-14,0.0,2.842170943040401e-14,1654.6476666666672,46.48483333333373,1608.1628333333335,1727.2956666666673,47.17183333333373,1680.1238333333336,0
7.0,2.0,2.0,67.0,31479.2646876848,14962.6751347339,16516.5895529509,2176.3869746183,2176.3869746183,0.0,25294.5418793567,link,0.0,0.0,0.0,0.0,0.0,0.0,1655.3346666666673,47.17183333333373,1608.1628333333335,1992.4526666666673,384.2898333333337,1608.1628333333335,0
8.0,2.0,2.0,68.0,14782.3695846428,7482.84754160049,7299.52204304231,571.535173252439,0.0,571.535173252439,0.0,link,0.0,0.0,0.0,0.0,0.0,0.0,977.508,890.619,86.889,1066.038,890.619,175.41899999999998,0
8.0,2.0,52.0,69.0,9208.20636712835,4168.18387658208,5040.02249054627,1091.488655298786,530.547783523534,560.940871775252,9055.82449812222,ra,4.0,4.0,0.0,972.8000000000001,972.8000000000001,0.0,890.619,890.619,0.0,86.889,0.0,86.889,1
8.0,2.0,0.0,70.0,9708.89067456805,5120.67365793185,4588.2170166362,557.603815055505,557.603815055505,0.0,21173.6853058851,link,0.0,0.0,0.0,0.0,0.0,0.0,0.0,0.0,0.0,86.372,86.372,0.0,0
9.0,2.0,2.0,71.0,31818.42313617,16104.8835451968,15713.5395909732,3261.48259711826,0.0,3261.48259711826,0.0,link,0.0,0.0,0.0,0.0,0.0,0.0,1650.6380666666669,1499.2412333333336,151.3968333333332,2155.835066666667,1499.2412333333336,656.5938333333332,0
9.0,2.0,55.0,72.0,36693.0558776816,18116.8086480647,18576.2472296169,5325.486521774041,2708.00089398014,2617.4856277939,15445.3717833973,ra,10.0,0.0,10.0,2432.0000000000005,1918.7052333333336,513.2947666666668,1758.4898333333335,1499.2412333333336,259.2486,151.3968333333332,0.0,151.3968333333332,1
9.0,2.0,7.0,73.0,31601.8542643027,15291.9117888883,16309.9424754144,3142.32996782434,3142.32996782434,0.0,33157.1268468838,link,0.0,0.0,0.0,0.0,0.0,0.0,259.2486,0.0,259.2486,745.9886,486.74,259.2486,0
10.0,2.0,3.0,74.0,31606.6695639389,16070.5474552074,15536.1221087315,43.8140689321546,0.0,43.8140689321546,0.0,link,0.0,0.0,0.0,0.0,0.0,0.0,2268.6124774894483,1778.5286622666663,490.0838152227819,2275.399477489448,1778.5286622666663,496.8708152227818,0
10.0,2.0,53.0,75.0,20482.292071415,10386.9656808517,10095.3263905633,3859.97837178184,1960.6175793948,1899.36079238704,14793.4065314786,ra,12.0,0.0,12.0,2918.3999999999996,1982.6619007898537,935.7380992101462,2910.143576699594,1778.5286622666663,1131.614914432928,589.6465766995946,99.56276147681267,490.0838152227819,1
10.0,2.0,4.0,76.0,20473.6189956967,10382.5344994114,10091.0844962853,45.079640330005,45.079640330005,0.0,15227.5355211014,link,0.0,0.0,0.0,0.0,0.0,0.0,1231.1776759097406,99.56276147681267,1131.614914432928,1238.1606759097406,106.54576147681267,1131.614914432928,0
11.0,2.0,3.0,77.0,48420.0541429227,24599.8231829302,23820.2309599925,1269.82131381751,0.0,1269.82131381751,0.0,link,0.0,0.0,0.0,0.0,0.0,0.0,3919.7804470438837,1082.1082999999999,2837.672147043884,4116.473447043883,1082.1082999999999,3034.365147043883,0
11.0,2.0,54.0,78.0,48814.9931722971,24295.4347117739,24519.5584605232,3388.4082292149897,1701.63127736504,1686.77695184995,6967.48714814497,ra,0.0,0.0,-0.0,0.0,0.0,0.0,3658.5024470438834,1082.1082999999999,2576.3941470438835,4183.359447043884,1345.6872999999998,2837.672147043884,0
11.0,1.0,56.0,79.0,22284.9266194441,0.0,22284.9266194441,1685.09443322027,0.0,1685.09443322027,14053.3882390507,ra,0.0,0.0,-0.0,0.0,0.0,0.0,2315.3761470438835,0.0,2315.3761470438835,2576.3941470438835,0.0,2576.3941470438835,0
11.0,2.0,5.0,80.0,42919.8251598076,21285.3584845686,21634.466675239,2910.89526178855,2910.89526178855,0.0,19878.6900646546,link,0.0,0.0,0.0,0.0,0.0,0.0,3661.0634470438836,1345.6872999999998,2315.3761470438835,4111.955447043883,1796.5792999999999,2315.3761470438835,0
12.0,2.0,4.0,81.0,53131.6723320628,26537.1834811746,26594.4888508882,1562.32443000799,0.0,1562.32443000799,0.0,link,0.0,0.0,0.0,0.0,0.0,0.0,4988.019624377219,2129.0984687105524,2858.921155666666,5230.020624377219,2129.0984687105524,3100.9221556666666,0
12.0,0.0,58.0,82.0,22288.895823896,22288.895823896,0.0,3364.25769729557,3364.25769729557,0.0,13722.6357161214,ra,0.0,0.0,0.0,1.3322676295501878e-14,1.3322676295501878e-14,0.0,2129.0984687105524,2129.0984687105524,0.0,2650.215468710552,2650.215468710552,0.0,0
12.0,1.0,57.0,83.0,22492.6689728353,0.0,22492.6689728353,3393.5923031971,0.0,3393.5923031971,13775.3691799331,ra,0.0,0.0,0.0,0.0,0.0,0.0,2333.2611556666666,0.0,2333.2611556666666,2858.921155666666,0.0,2858.921155666666,0
12.0,2.0,5.0,84.0,44751.0771921405,22273.0392762582,22478.0379158823,1559.84087923299,1559.84087923299,0.0,20725.0958331826,link,0.0,0.0,0.0,0.0,0.0,0.0,4983.476624377219,2650.215468710552,2333.2611556666666,5225.092624377219,2891.831468710552,2333.2611556666666,0
13.0,2.0,4.0,85.0,25987.610544625597,13119.3784455626,12868.232099063,1205.38349046939,0.0,1205.38349046939,0.0,link,0.0,0.0,0.0,0.0,0.0,0.0,3476.768069249849,2032.9031016249241,1443.8649676249245,3663.4790692498486,2032.9031016249241,1630.5759676249245,0
13.0,2.0,59.0,86.0,13974.00634747334,7033.00411775856,6941.00222971478,6883.850493770729,3777.52597161839,3106.32452215234,36309.8952864744,ra,0.0,0.0,0.0,0.0,0.0,0.0,2995.605069249849,2032.9031016249241,962.7019676249248,4061.8990692498483,2618.0341016249236,1443.8649676249245,0
13.0,1.0,63.0,87.0,7362.49465739319,0.0,7362.49465739319,661.497609325267,0.0,661.497609325267,54986.8926639146,ra,0.0,0.0,-0.0,0.0,0.0,0.0,860.2369676249248,0.0,860.2369676249248,962.7019676249248,0.0,962.7019676249248,0
13.0,0.0,62.0,88.0,7963.31449008736,7963.31449008736,0.0,1395.608479293,1395.608479293,0.0,55258.2918559062,ra,0.0,0.0,0.0,0.0,0.0,0.0,2618.0341016249236,2618.0341016249236,0.0,2834.211101624924,2834.211101624924,0.0,0
13.0,2.0,70.0,89.0,20915.585370117602,10623.7234191176,10291.861951,6679.2986941238505,3389.00409366516,3290.29460045869,85720.8848871018,ra,0.0,0.0,0.0,0.0,0.0,0.0,3184.788069249849,2834.211101624924,350.5769676249247,4219.39806924985,3359.161101624925,860.2369676249248,0
13.0,1.0,71.0,90.0,10312.6666929756,0.0,10312.6666929756,1325.87027770041,0.0,1325.87027770041,92148.0377185692,ra,0.0,0.0,0.0,0.0,0.0,0.0,145.20196762492472,0.0,145.20196762492472,350.5769676249247,0.0,350.5769676249247,0
13.0,0.0,75.0,91.0,10865.4133062023,10865.4133062023,0.0,2225.2267853651,2225.2267853651,0.0,106351.198252807,ra,0.0,0.0,0.0,0.0,0.0,0.0,3359.161101624925,3359.161101624925,0.0,3703.844101624924,3703.844101624924,0.0,0
13.0,2.0,80.0,92.0,21769.3135715549,10924.7717317326,10844.5418398223,5231.40590135432,1587.86020641778,3643.54569493654,121274.128299309,ra,21.0,0.0,21.0,5107.2,3886.4315189106387,1220.7684810893613,4505.43655033921,3703.844101624924,801.5924487142859,208.57055033921006,63.368582714285346,145.20196762492472,1
13.0,2.0,8.0,93.0,20326.8379673694,10049.6549230906,10277.1830442788,1199.97066882623,1199.97066882623,0.0,132616.969219855,link,0.0,0.0,0.0,0.0,0.0,0.0,864.9610314285712,63.368582714285346,801.5924487142859,1050.8340314285713,249.24158271428533,801.5924487142859,0
14.0,2.0,5.0,94.0,94497.8226477467,47019.266876753,47478.5557709937,936.342520757964,0.0,936.342520757964,0.0,link,0.0,0.0,0.0,0.0,0.0,0.0,8189.818488666668,4187.314977333334,4002.503511333333,8334.856488666666,4187.314977333334,4147.541511333332,0
14.0,0.0,61.0,95.0,46935.1899031602,46935.1899031602,0.0,2174.78874504217,2174.78874504217,0.0,4629.48262057162,ra,0.0,-0.0,0.0,0.0,0.0,0.0,4187.314977333334,4187.314977333334,0.0,4524.184977333334,4524.184977333334,0.0,0
14.0,1.0,60.0,96.0,47664.7520038718,0.0,47664.7520038718,2204.32457448694,0.0,2204.32457448694,4633.73189838993,ra,0.0,0.0,0.0,0.0,0.0,0.0,3661.058511333333,0.0,3661.058511333333,4002.503511333333,0.0,4002.503511333333,0
14.0,2.0,6.0,97.0,94641.6911720278,46900.6207445268,47741.070427501,922.919420502059,922.919420502059,0.0,6596.60038925666,link,0.0,0.0,0.0,0.0,0.0,0.0,8185.243488666667,4524.184977333334,3661.058511333333,8328.201488666668,4667.142977333334,3661.058511333333,0
15.0,2.0,6.0,98.0,75207.4913410466,44538.3019109056,30669.189430141,1884.85015181653,0.0,1884.85015181653,0.0,link,0.0,0.0,0.0,0.0,0.0,0.0,6353.274,5344.027,1009.247,6645.233,5344.027,1301.206,0
15.0,1.0,64.0,99.0,16721.3274524539,0.0,16721.3274524539,6515.56424199958,0.0,6515.56424199958,25738.7432238461,ra,0.0,0.0,0.0,0.0,0.0,0.0,0.0,0.0,0.0,1009.247,0.0,1009.247,0
15.0,0.0,65.0,100.0,16271.068415411,16271.068415411,0.0,7891.47329091754,7891.47329091754,0.0,25740.9022185623,ra,27.0,27.0,0.0,6566.400000000001,6566.400000000001,0.0,5344.027,5344.027,0.0,0.0,0.0,0.0,1
15.0,2.0,0.0,101.0,10998.09198493645,5379.56194516866,5618.53003976779,1825.01257049708,1825.01257049708,0.0,48631.178555929,link,0.0,0.0,0.0,0.0,0.0,0.0,0.0,0.0,0.0,282.691,282.691,0.0,0
16.0,2.0,6.0,102.0,79740.5667298025,40135.9531021025,39604.6136277,2800.89558131599,0.0,2800.89558131599,0.0,link,0.0,0.0,0.0,0.0,0.0,0.0,8571.232511333334,2984.174488666667,5587.058022666666,9005.085511333333,2984.174488666667,6020.911022666666,0
16.0,1.0,66.0,103.0,29014.9759926702,0.0,29014.9759926702,4194.66206610603,0.0,4194.66206610603,12316.8385533337,ra,0.0,0.0,0.0,0.0,0.0,0.0,4937.3140226666665,0.0,4937.3140226666665,5587.058022666666,0.0,5587.058022666666,0
16.0,0.0,67.0,104.0,29278.0080852545,29278.0080852545,0.0,4585.78782260726,4585.78782260726,0.0,12575.9466885105,ra,0.0,0.0,0.0,0.0,0.0,0.0,2984.174488666667,2984.174488666667,0.0,3694.5034886666667,3694.5034886666667,0.0,0
16.0,0.0,72.0,105.0,28145.026567285,28145.026567285,0.0,3642.99524799985,3642.99524799985,0.0,25449.0803158335,ra,0.0,0.0,0.0,0.0,0.0,0.0,3694.5034886666667,3694.5034886666667,0.0,4258.795488666667,4258.795488666667,0.0,0
16.0,1.0,74.0,106.0,25731.8558288299,0.0,25731.8558288299,3150.32793358614,0.0,3150.32793358614,32933.7519739179,ra,0.0,0.0,0.0,0.0,0.0,0.0,4449.335022666666,0.0,4449.335022666666,4937.3140226666665,0.0,4937.3140226666665,0
16.0,0.0,76.0,107.0,25418.7221777421,25418.7221777421,0.0,6370.06870476076,6370.06870476076,0.0,49497.4689014342,ra,0.0,0.0,0.0,0.0,0.0,0.0,4258.795488666667,4258.795488666667,0.0,5245.505488666668,5245.505488666668,0.0,0
16.0,1.0,77.0,108.0,25469.3693020146,0.0,25469.3693020146,3629.48335037293,0.0,3629.48335037293,49565.5184208006,ra,0.0,0.0,0.0,0.0,0.0,0.0,3887.136022666665,0.0,3887.136022666665,4449.335022666666,0.0,4449.335022666666,0
16.0,1.0,82.0,109.0,26935.5497477119,0.0,26935.5497477119,4731.07688196937,0.0,4731.07688196937,67595.9687520987,ra,0.0,0.0,0.0,0.0,0.0,0.0,3154.3020226666654,0.0,3154.3020226666654,3887.136022666665,0.0,3887.136022666665,0
16.0,0.0,83.0,110.0,27462.4751098044,27462.4751098044,0.0,5057.1026374567,5057.1026374567,0.0,68666.0746432526,ra,8.0,8.0,0.0,1945.6,1945.6,0.0,5245.505488666668,5245.505488666668,0.0,4083.2404886666673,4083.2404886666673,0.0,1
16.0,1.0,86.0,111.0,27163.1527528195,0.0,27163.1527528195,4196.37690745412,0.0,4196.37690745412,81021.8926734055,ra,0.0,0.0,0.0,0.0,0.0,0.0,2504.292022666665,0.0,2504.292022666665,3154.3020226666654,0.0,3154.3020226666654,0
16.0,0.0,89.0,112.0,29187.9984476255,29187.9984476255,0.0,6653.92810326968,6653.92810326968,0.0,92123.379066016,ra,0.0,0.0,0.0,0.0,0.0,0.0,4083.2404886666673,4083.2404886666673,0.0,5113.9204886666685,5113.9204886666685,0.0,0
16.0,1.0,90.0,113.0,28376.9986665812,0.0,28376.9986665812,5601.68477510965,0.0,5601.68477510965,92203.5095301381,ra,0.0,0.0,0.0,0.0,0.0,0.0,1636.6030226666655,0.0,1636.6030226666655,2504.292022666665,0.0,2504.292022666665,0
16.0,2.0,94.0,114.0,71124.20344709541,35553.8279012094,35570.375545886,8755.2397188011,4299.63877333859,4455.60094546251,106046.116569043,ra,16.0,0.0,16.0,3888.0837785000026,2582.7347636666677,1305.3490148333349,7365.709526166669,5113.9204886666685,2251.7890375,4833.793747666665,3197.1907249999995,1636.6030226666655,1
16.0,2.0,12.0,115.0,71147.99996754559,35564.9999847632,35582.9999827824,2799.48715587504,2799.48715587504,0.0,113917.810760995,link,0.0,0.0,0.0,0.0,0.0,0.0,5448.979762499999,3197.1907249999995,2251.7890375,5882.614762499999,3630.8257249999997,2251.7890375,0
18.0,2.0,7.0,118.0,26949.9999999978,13587.9999999988,13361.999999999,1262.35088868617,0.0,1262.35088868617,0.0,link,0.0,0.0,0.0,0.0,0.0,0.0,433.971,433.971,0.0,629.5070000000001,433.971,195.536,0
18.0,0.0,68.0,119.0,13587.9186189986,13587.9186189986,0.0,1673.78287195478,1673.78287195478,0.0,12318.1380453438,ra,0.0,-0.0,0.0,0.0,0.0,0.0,433.971,433.971,0.0,693.236,693.236,0.0,0
18.0,1.0,69.0,120.0,13361.9322654755,0.0,13361.9322654755,3620.13302138755,0.0,3620.13302138755,12346.3056788137,ra,16.0,0.0,16.0,3891.2000000000003,0.0,3891.2000000000003,3330.449,0.0,3330.449,0.0,0.0,0.0,1
18.0,2.0,73.0,121.0,21133.145613699402,10354.0731302489,10779.0724834505,3099.0639764515,1773.46409345857,1325.59988299293,27186.3293839123,ra,3.0,3.0,0.0,729.5999999999999,585.169426,144.43057399999987,3962.782574,693.236,3269.546574,3713.221574,382.7725739999999,3330.449,1
18.0,2.0,81.0,122.0,17024.72901544851,8263.2955761644,8761.43343928411,10407.12701858784,5132.59342206241,5274.53359652543,76811.9776614867,ra,0.0,-0.0,0.0,0.0,0.0,0.0,2835.3051479999995,382.7725739999999,2452.5325739999994,4447.347148,1177.8005739999999,3269.546574,0
18.0,0.0,84.0,123.0,7912.19781312535,7912.19781312535,0.0,1219.94777274037,1219.94777274037,0.0,91803.7907317536,ra,0.0,-0.0,0.0,0.0,0.0,0.0,1177.8005739999999,1177.8005739999999,0.0,1366.767574,1366.767574,0.0,0
18.0,1.0,85.0,124.0,8875.83878859374,0.0,8875.83878859374,1785.78492380043,0.0,1785.78492380043,91872.4611970398,ra,0.0,0.0,-0.0,0.0,0.0,0.0,2175.918573999999,0.0,2175.918573999999,2452.5325739999994,0.0,2452.5325739999994,0
18.0,2.0,92.0,125.0,47292.9371799686,22515.082655355,24777.8545246136,4754.45243720846,3104.7402940347,1649.71214317376,121334.732705969,ra,11.0,11.0,0.0,2675.2,1847.6855739999999,827.5144260000001,4114.663573999998,1366.767574,2747.895999999999,2175.918573999999,0.0,2175.918573999999,1
18.0,2.0,11.0,126.0,53098.002767233804,24816.3642256391,28281.6385415947,1125.0783643968,1125.0783643968,0.0,126075.531741563,link,0.0,0.0,0.0,0.0,0.0,0.0,2747.895999999999,0.0,2747.895999999999,2922.1679999999988,174.272,2747.895999999999,0
19.0,2.0,7.0,127.0,19888.0,9830.0,10058.0,1832.522339,0.0,1832.522339,0.0,link,0.0,0.0,0.0,0.0,0.0,0.0,272.91040000000004,272.91040000000004,0.0,556.7644,272.91040000000004,283.854,0
19.0,2.0,0.0,128.0,19888.0,9830.0,10058.0,1790.981765,1790.981765,0.0,18219.577121931,link,0.0,0.0,0.0,0.0,0.0,0.0,272.91040000000004,272.91040000000004,0.0,550.3294000000001,550.3294000000001,0.0,0
20.0,2.0,0.0,129.0,19481.0003447438,9701.00019990513,9780.00014483867,1585.94680206363,0.0,1585.94680206363,0.0,link,0.0,0.0,0.0,0.0,0.0,0.0,0.0,0.0,0.0,245.66,0.0,245.66,0
20.0,0.0,78.0,130.0,10133.9989103389,10133.9989103389,0.0,2201.81082897895,2201.81082897895,0.0,22308.8999344534,ra,2.0,2.0,0.0,341.056,341.056,0.0,0.0,0.0,0.0,0.0,0.0,0.0,1
20.0,1.0,79.0,131.0,10094.128472639,0.0,10094.128472639,2214.67932713437,0.0,2214.67932713437,22364.4498639692,ra,5.0,0.0,5.0,1216.0000000000002,0.0,1216.0000000000002,872.951,0.0,872.951,0.0,0.0,0.0,1
20.0,2.0,8.0,132.0,21962.979690817003,10983.9900500203,10978.9896407967,1594.24397947735,1594.24397947735,0.0,37253.2284842051,link,0.0,0.0,0.0,0.0,0.0,0.0,872.951,0.0,872.951,1119.896,246.945,872.951,0
21.0,2.0,8.0,133.0,21649.000000000102,11074.0,10575.0000000001,371.58433599978,0.0,371.58433599978,0.0,link,0.0,0.0,0.0,0.0,0.0,0.0,886.2571237142865,802.168598,84.08852571428662,943.8151237142865,802.168598,141.6465257142866,0
21.0,2.0,87.0,134.0,23288.9999999286,11776.9999999694,11511.9999999592,6542.5877927048805,3329.21173105459,3213.37606165029,29246.6421925882,ra,11.0,0.0,11.0,2675.2000000000007,542.1338857142869,2133.066114285714,2521.5782380000005,802.168598,1719.4096400000005,859.8112379999995,775.722712285713,84.08852571428662,1
21.0,2.0,10.0,135.0,23288.9999999998,11776.9999999999,11511.9999999999,380.138005999835,380.138005999835,0.0,32474.4736101551,link,0.0,0.0,0.0,0.0,0.0,0.0,2495.1323522857138,775.722712285713,1719.4096400000005,2554.0153522857136,834.605712285713,1719.4096400000005,0
22.0,2.0,8.0,136.0,18089.34980232114,9293.63667702267,8795.71312529847,2541.60361777734,0.0,2541.60361777734,0.0,link,0.0,0.0,0.0,0.0,0.0,0.0,1942.319515714286,153.01820571428598,1789.3013099999998,2336.0085157142857,153.01820571428598,2182.9903099999997,0
22.0,2.0,9.0,137.0,22551.7599214391,11229.4921808602,11322.2677405789,2598.64030591273,2598.64030591273,0.0,25496.1440920557,link,0.0,0.0,0.0,0.0,0.0,0.0,1942.319515714286,153.01820571428598,1789.3013099999998,2344.843515714286,555.542205714286,1789.3013099999998,0
24.0,2.0,9.0,140.0,25786.108144857702,12922.6073175015,12863.5008273562,310.22506737586,0.0,310.22506737586,0.0,link,0.0,0.0,0.0,0.0,0.0,0.0,4058.2210457142855,1675.977945714286,2382.2430999999997,4106.274045714285,1675.977945714286,2430.2960999999996,0
24.0,0.0,88.0,141.0,12911.6129537198,12911.6129537198,0.0,904.521486357201,904.521486357201,0.0,7001.12487688288,ra,0.0,0.0,0.0,0.0,0.0,0.0,1675.977945714286,1675.977945714286,0.0,1816.0859457142863,1816.0859457142863,0.0,0
24.0,1.0,91.0,142.0,12797.6950404071,0.0,12797.6950404071,2112.95769776524,0.0,2112.95769776524,10447.761196687,ra,0.0,0.0,0.0,0.0,0.0,0.0,2054.9501,0.0,2054.9501,2382.2430999999997,0.0,2382.2430999999997,0
24.0,0.0,97.0,143.0,9570.73893282761,9570.73893282761,0.0,2755.77301226508,2755.77301226508,0.0,30840.5691895132,ra,0.0,0.0,0.0,0.0,0.0,0.0,1816.0859457142863,1816.0859457142863,0.0,2242.9499457142865,2242.9499457142865,0.0,0
24.0,1.0,98.0,144.0,9946.42620888775,0.0,9946.42620888775,2231.33572547577,0.0,2231.33572547577,30857.3340619152,ra,0.0,0.0,0.0,0.0,0.0,0.0,1709.3211000000001,0.0,1709.3211000000001,2054.9501,0.0,2054.9501,0
24.0,2.0,108.0,145.0,15887.70615160749,7870.70573058493,8017.00042102256,4501.986650504179,2168.3895853448,2333.59706515938,55766.1486133563,ra,9.0,9.0,0.0,2188.7999999999997,1335.9844031999999,852.8155968,4443.617642514287,2242.9499457142865,2200.6676968,2952.1656425142864,1242.844542514286,1709.3211000000001,1
24.0,2.0,114.0,146.0,28294.0206982518,14163.5504368669,14130.4702613849,3453.81695206723,2111.30760238217,1342.50934968506,76000.7341358558,ra,0.0,0.0,0.0,0.0,0.0,0.0,3235.5602393142863,1242.844542514286,1992.7156968000002,3770.5492393142863,1569.8815425142861,2200.6676968,0
24.0,2.0,15.0,147.0,28738.6713502246,14383.3123439625,14355.3590062621,310.87767950128,310.87767950128,0.0,78175.474803374,link,0.0,0.0,0.0,0.0,0.0,0.0,3562.5972393142865,1569.8815425142861,1992.7156968000002,3610.751239314286,1618.0355425142861,1992.7156968000002,0
25.0,2.0,9.0,148.0,18444.994544675952,9036.99752648209,9407.99701819386,3162.57397865205,0.0,3162.57397865205,0.0,link,0.0,0.0,0.0,0.0,0.0,0.0,2373.51127,1191.97316,1181.5381100000002,2863.38727,1191.97316,1671.4141100000002,0
25.0,2.0,10.0,149.0,19006.7279100321,9665.34291491844,9341.38499511366,3137.60809841466,3137.60809841466,0.0,35248.1726115327,link,0.0,0.0,0.0,0.0,0.0,0.0,2373.51127,1191.97316,1181.5381100000002,2859.5202700000004,1677.9821600000002,1181.5381100000002,0
26.0,2.0,10.0,150.0,39799.090315948604,19727.656489473,20071.4338264756,5432.50664953123,0.0,5432.50664953123,0.0,link,0.0,0.0,0.0,0.0,0.0,0.0,3586.891962285714,1994.0389622857128,1592.8530000000007,4428.375962285714,1994.0389622857133,2434.337000000001,0
26.0,2.0,11.0,151.0,61239.0276416527,31319.7944712375,29919.2331704152,5527.09879983652,5527.09879983652,0.0,24120.7762535988,link,0.0,0.0,0.0,0.0,0.0,0.0,3586.891962285714,1994.0389622857133,1592.8530000000007,4443.027962285713,2850.1749622857124,1592.8530000000007,0
27.0,2.0,11.0,152.0,68446.95855219441,33632.3321209786,34814.6264312158,4475.01586176286,0.0,4475.01586176286,0.0,link,0.0,0.0,0.0,0.0,0.0,0.0,5267.967325714287,1446.7576440000003,3821.2096817142865,5961.138325714288,1446.7576440000005,4514.380681714288,0
27.0,0.0,99.0,153.0,29715.9548515929,29715.9548515929,0.0,4959.0509597815,4959.0509597815,0.0,15398.2814879574,ra,0.0,-0.0,0.0,0.0,0.0,0.0,1446.7576440000005,1446.7576440000005,0.0,2214.9046440000006,2214.9046440000006,0.0,0
27.0,1.0,100.0,154.0,27462.2259431798,0.0,27462.2259431798,4427.60002896918,0.0,4427.60002896918,15788.2300471589,ra,0.0,0.0,-0.0,0.0,0.0,0.0,3135.3836817142865,0.0,3135.3836817142865,3821.2096817142865,0.0,3821.2096817142865,0
27.0,2.0,107.0,155.0,39803.000772140804,18775.2599855575,21027.7407865833,8521.51974910427,4077.761723511,4443.75802559327,32030.5850885025,ra,0.0,0.0,-0.0,0.0,0.0,0.0,4661.959325714287,2214.9046440000006,2447.0546817142863,5981.925325714286,2846.541644,3135.3836817142865,0
27.0,0.0,111.0,156.0,14923.34787731,14923.34787731,0.0,3332.68370370798,3332.68370370798,0.0,51994.455333056,ra,0.0,0.0,0.0,0.0,0.0,0.0,2846.541644,2846.541644,0.0,3362.767644,3362.767644,0.0,0
27.0,1.0,110.0,157.0,16064.7865328213,0.0,16064.7865328213,3656.83050998601,0.0,3656.83050998601,52217.7859827402,ra,0.0,0.0,0.0,0.0,0.0,0.0,1880.6196817142868,0.0,1880.6196817142868,2447.0546817142863,0.0,2447.0546817142863,0
27.0,2.0,113.0,158.0,28115.7326932638,13396.479626617,14719.2530666468,8182.361978154309,4151.77442489818,4030.58755325613,80453.8359529617,ra,2.0,0.0,2.0,486.4,287.3925197942866,199.0074802057134,4818.06480592,3362.767644,1455.2971619200002,5599.09580592,3718.4761242057134,1880.6196817142868,1
27.0,0.0,115.0,159.0,16210.1141141057,16210.1141141057,0.0,2741.86480754644,2741.86480754644,0.0,99290.1862589441,ra,0.0,-0.0,0.0,0.0,0.0,0.0,3718.4761242057134,3718.4761242057134,0.0,4143.185124205713,4143.185124205713,0.0,0
27.0,2.0,116.0,160.0,34177.789667498,16266.7915147338,17910.9981527642,6377.1162856009105,1294.98984691301,5082.1264386879,107271.26953268,ra,5.0,0.0,5.0,1216.0,326.55832000000004,889.44168,5700.712966125713,4143.185124205713,1557.52784192,5472.514966125714,4017.2178042057135,1455.2971619200002,1
27.0,2.0,15.0,161.0,39893.9999998457,18725.9999999336,21167.9999999121,3972.00678523747,3972.00678523747,0.0,128894.513137464,link,0.0,0.0,0.0,0.0,0.0,0.0,5574.745646125713,4017.2178042057135,1557.52784192,6190.001646125713,4632.473804205713,1557.52784192,0
28.0,2.0,11.0,162.0,61992.2787513973,31725.312247826,30266.9665035713,2390.70224064613,0.0,2390.70224064613,0.0,link,0.0,0.0,0.0,0.0,0.0,0.0,3612.978,2867.307,745.671,3983.2929999999997,2867.307,1115.986,0
28.0,0.0,93.0,163.0,30439.2241679383,30439.2241679383,0.0,1072.78335284043,1072.78335284043,0.0,3445.55910715547,ra,0.0,-0.0,0.0,0.0,0.0,0.0,2867.307,2867.307,0.0,3033.479,3033.479,0.0,0
28.0,0.0,95.0,164.0,18498.9087746208,18498.9087746208,0.0,3967.26574657,3967.26574657,0.0,21968.3457181098,ra,15.0,15.0,0.0,3647.9999999999995,3647.9999999999995,0.0,3033.479,3033.479,0.0,0.0,0.0,0.0,1
28.0,1.0,96.0,165.0,17419.1863324911,0.0,17419.1863324911,4813.95264377551,0.0,4813.95264377551,22264.116411145,ra,0.0,0.0,-0.0,0.0,0.0,0.0,0.0,0.0,0.0,745.671,0.0,745.671,0
28.0,2.0,0.0,166.0,16044.98321671642,8425.39921826346,7619.58399845296,2682.96218463007,2682.96218463007,0.0,40879.2796779836,link,0.0,0.0,0.0,0.0,0.0,0.0,0.0,0.0,0.0,415.585,415.585,0.0,0
30.0,2.0,12.0,169.0,31173.0077127878,15334.6891591729,15838.3185536149,1373.0223382835,0.0,1373.0223382835,0.0,link,0.0,0.0,0.0,0.0,0.0,0.0,3694.017775294119,1527.502667647059,2166.5151076470597,3906.695775294119,1527.502667647059,2379.1931076470596,0
30.0,0.0,101.0,170.0,15342.1685357064,15342.1685357064,0.0,288.700229956651,288.700229956651,0.0,1882.30501330568,ra,0.0,0.0,0.0,0.0,0.0,0.0,1527.502667647059,1527.502667647059,0.0,1572.2216676470591,1572.2216676470591,0.0,0
30.0,1.0,102.0,171.0,15008.3801891543,0.0,15008.3801891543,2426.9547057033,0.0,2426.9547057033,15325.3757236118,ra,0.0,0.0,0.0,0.0,0.0,0.0,1790.5851076470592,0.0,1790.5851076470592,2166.5151076470597,0.0,2166.5151076470597,0
30.0,0.0,103.0,172.0,14615.1043928834,14615.1043928834,0.0,2123.5391790608,2123.5391790608,0.0,15632.2115214018,ra,0.0,0.0,0.0,0.0,0.0,0.0,1572.2216676470591,1572.2216676470591,0.0,1901.1536676470591,1901.1536676470591,0.0,0
30.0,2.0,13.0,173.0,18934.3901725728,9143.1385769236,9791.2515956492,1268.11665537119,1268.11665537119,0.0,27311.5905726122,link,0.0,0.0,0.0,0.0,0.0,0.0,3691.7387752941186,1901.1536676470591,1790.5851076470592,3888.1677752941187,2097.582667647059,1790.5851076470592,0
31.0,2.0,12.0,174.0,61211.2617744492,30941.9007084376,30269.3610660116,584.87883138558,0.0,584.87883138558,0.0,link,0.0,0.0,0.0,0.0,0.0,0.0,5061.8297951470595,3691.5769613235298,1370.2528338235297,5152.426795147059,3691.5769613235298,1460.84983382353,0
31.0,1.0,106.0,175.0,29780.0349085717,0.0,29780.0349085717,3637.7163502508,0.0,3637.7163502508,10173.7794302971,ra,0.0,0.0,-0.0,0.0,0.0,0.0,806.7778338235298,0.0,806.7778338235298,1370.2528338235297,0.0,1370.2528338235297,0
31.0,0.0,105.0,176.0,30402.9541425937,30402.9541425937,0.0,3119.85205801169,3119.85205801169,0.0,10175.4293545811,ra,0.0,0.0,0.0,0.0,0.0,0.0,3691.5769613235298,3691.5769613235298,0.0,4174.83596132353,4174.83596132353,0.0,0
31.0,2.0,109.0,177.0,62402.9342497772,31525.7279110326,30877.2063387446,6816.57046321175,3762.41918739273,3054.15127581902,22337.1483709023,ra,21.0,21.0,0.0,5107.200000000001,4739.769033823531,367.4309661764702,4875.96276132353,4174.83596132353,701.1268,824.6357613235298,17.8579275,806.7778338235298,1
31.0,2.0,14.0,178.0,62766.261417807,31611.057809806,31155.203608001,595.148026243029,595.148026243029,0.0,24222.213413882,link,0.0,0.0,0.0,0.0,0.0,0.0,718.9847275,17.8579275,701.1268,811.1717275,110.0449275,701.1268,0
32.0,2.0,13.0,179.0,24034.0,12223.0,11811.0,4986.62400523132,0.0,4986.62400523132,0.0,link,0.0,0.0,0.0,0.0,0.0,0.0,3115.7497752941185,2097.582667647059,1018.1671076470594,3888.1677752941187,2097.582667647059,1790.5851076470592,0
32.0,2.0,104.0,180.0,24034.0000000012,12223.0000000006,11811.0000000006,545.6198680000059,277.486546000003,268.133322000003,2270.21285318104,ra,10.0,0.0,10.0,2432.0,2128.2421676470594,303.7578323529407,3377.974607647059,2097.582667647059,1280.39194,1030.4896076470595,12.322500000000002,1018.1671076470594,1
32.0,2.0,16.0,181.0,35472.0,17897.0,17575.0,5106.43524839964,5106.43524839964,0.0,35413.5690178666,link,0.0,0.0,0.0,0.0,0.0,0.0,1292.71444,12.322500000000002,1280.39194,2083.69044,803.2985,1280.39194,0
33.0,2.0,14.0,182.0,25491.3919282071,13297.3329457903,12194.0589824168,2901.96451332052,0.0,2901.96451332052,0.0,link,0.0,0.0,0.0,0.0,0.0,0.0,241.86180000000002,241.86180000000002,0.0,691.3697999999999,241.86180000000002,449.508,0
33.0,2.0,0.0,183.0,27433.9391849649,13761.9854531938,13671.9537317711,3014.56661334824,3014.56661334824,0.0,22213.6117866395,link,0.0,0.0,0.0,0.0,0.0,0.0,241.86180000000002,241.86180000000002,0.0,708.8118000000001,708.8118000000001,0.0,0
34.0,2.0,14.0,184.0,40290.9817282687,40289.5340857765,1.44764249220084,4807.99244961434,0.0,4807.99244961434,0.0,link,0.0,0.0,0.0,0.0,0.0,0.0,361.3123275,361.3123275,0.0,1106.0603275,361.3123275,744.748,0
34.0,2.0,112.0,185.0,40084.6794214896,20069.2583308031,20015.4210906865,5879.593873458731,4738.49168603675,1141.10218742198,14615.9886216738,ra,6.0,6.0,0.0,1459.1999999999996,831.2802891999996,627.9197108,812.4780383,361.3123275,451.1657108,264.0150383000003,264.0150383000003,0.0,1
34.0,0.0,120.0,186.0,19233.9789959859,19233.9789959859,0.0,2388.18736449935,2388.18736449935,0.0,26934.1491638682,ra,3.0,3.0,0.0,633.9400383000003,633.9400383000003,0.0,264.0150383000003,264.0150383000003,0.0,0.0,0.0,0.0,1
34.0,2.0,20.0,187.0,42848.933143860995,20473.5804606555,22375.3526832055,2247.13462765847,2247.13462765847,0.0,38220.8594846279,link,0.0,0.0,0.0,0.0,0.0,0.0,451.1657108,0.0,451.1657108,799.2417108,348.076,451.1657108,0
35.0,2.0,0.0,188.0,13637.0,6766.0,6871.0,2412.0267595,0.0,2412.0267595,0.0,link,0.0,0.0,0.0,0.0,0.0,0.0,643.86466,0.0,643.86466,1017.4826599999999,0.0,1017.4826599999999,0
35.0,2.0,16.0,189.0,13637.0,6766.0,6871.0,2375.167087,2375.167087,0.0,35104.4629542217,link,0.0,0.0,0.0,0.0,0.0,0.0,643.86466,0.0,643.86466,1011.77266,367.908,643.86466,0
36.0,2.0,15.0,190.0,63592.0,31158.0,32434.0,1263.515121,0.0,1263.515121,0.0,link,0.0,0.0,0.0,0.0,0.0,0.0,6254.946192000001,4575.464000000001,1679.4821920000002,6450.662192000001,4575.464000000001,1875.198192,0
36.0,0.0,121.0,191.0,31158.0,31158.0,0.0,1862.749872,1862.749872,0.0,5978.40628225615,ra,20.0,20.0,0.0,4864.0,4864.0,0.0,4575.464000000001,4575.464000000001,0.0,0.0,0.0,0.0,1
36.0,1.0,122.0,192.0,32434.0,0.0,32434.0,2232.999815,0.0,2232.999815,6884.76410576914,ra,0.0,0.0,0.0,0.0,0.0,0.0,1333.595192,0.0,1333.595192,1679.4821920000002,0.0,1679.4821920000002,0
36.0,2.0,17.0,193.0,63592.0,31158.0,32434.0,1496.20716,1496.20716,0.0,10780.4149902554,link,0.0,0.0,0.0,0.0,0.0,0.0,1333.595192,0.0,1333.595192,1565.354192,231.759,1333.595192,0
37.0,2.0,16.0,194.0,61280.6441162145,31014.1744637331,30266.4696524814,3075.32200703344,0.0,3075.32200703344,0.0,link,0.0,0.0,0.0,0.0,0.0,0.0,2008.3853,865.8480999999999,1142.5372,2484.7463,865.8480999999999,1618.8982,0
37.0,0.0,117.0,195.0,31188.9181978021,31188.9181978021,0.0,476.264669971773,476.264669971773,0.0,1531.60155183027,ra,2.0,2.0,0.0,486.39999999999986,486.39999999999986,0.0,865.8480999999999,865.8480999999999,0.0,453.2201000000001,453.2201000000001,0.0,1
37.0,2.0,18.0,196.0,64809.525076994905,32882.2900340846,31927.2350429103,2677.02300367325,2677.02300367325,0.0,9891.28354449013,link,0.0,0.0,0.0,0.0,0.0,0.0,1595.7573000000002,453.2201000000001,1142.5372,2010.4223000000002,867.8851000000002,1142.5372,0
38.0,2.0,17.0,197.0,73980.9084088181,36437.7364219997,37543.1719868184,8581.89596317837,0.0,8581.89596317837,0.0,link,0.0,0.0,0.0,0.0,0.0,0.0,565.303892,522.98258,42.32131200000001,1894.6218920000001,522.98258,1371.639312,0
38.0,1.0,118.0,198.0,38288.3848812199,0.0,38288.3848812199,3563.20063608103,0.0,3563.20063608103,5385.57294187173,ra,5.0,0.0,5.0,1215.4845592,0.0,1215.4845592,705.8738712000002,0.0,705.8738712000002,42.32131200000001,0.0,42.32131200000001,1
38.0,0.0,119.0,199.0,38355.5663129252,38355.5663129252,0.0,2619.00122524035,2619.00122524035,0.0,7097.78606046679,ra,0.0,-0.0,0.0,-2.842170943040401e-14,-2.842170943040401e-14,0.0,522.98258,522.98258,0.0,928.6605800000002,928.6605800000002,0.0,0
38.0,1.0,123.0,200.0,41712.9401712972,0.0,41712.9401712972,2031.11145511135,0.0,2031.11145511135,14257.7141698898,ra,0.0,0.0,-0.0,-1.0658141036401503e-14,0.0,-1.0658141036401503e-14,391.25887120000004,0.0,391.25887120000004,705.8738712000002,0.0,705.8738712000002,0
38.0,0.0,124.0,201.0,40728.8663078391,40728.8663078391,0.0,2848.88985060576,2848.88985060576,0.0,14300.5054996462,ra,1.0,1.0,0.0,243.20000000000076,243.20000000000076,0.0,928.6605800000002,928.6605800000002,0.0,1126.7475799999993,1126.7475799999993,0.0,1
38.0,2.0,22.0,202.0,105896.4428578996,51540.438437961,54356.0044199386,8230.02197998083,8230.02197998083,0.0,31585.4341675124,link,0.0,0.0,0.0,0.0,0.0,0.0,1518.0064511999992,1126.7475799999993,391.2588712,2792.8194511999995,2401.5605799999994,391.25887120000004,0
39.0,2.0,17.0,203.0,25562.2788538132,12328.3002896388,13233.9785641744,1988.33296352279,0.0,1988.33296352279,0.0,link,0.0,0.0,0.0,0.0,0.0,0.0,881.8366599999999,468.32309999999995,413.51356,1189.82566,468.32309999999995,721.5025599999999,0
39.0,2.0,24.0,204.0,21529.4529436522,10591.5844792127,10937.8684644395,1897.36879079567,1897.36879079567,0.0,17071.729881247,link,0.0,0.0,0.0,0.0,0.0,0.0,881.8366599999999,468.32309999999995,413.51356,1175.73466,762.2211,413.51356,0
40.0,2.0,18.0,205.0,25932.8384078479,12821.1458632264,13111.6925446215,1674.79594495223,0.0,1674.79594495223,0.0,link,0.0,0.0,0.0,0.0,0.0,0.0,913.7759800000001,629.9083800000001,283.8676,1173.1979800000001,629.9083800000001,543.2896000000001,0
40.0,2.0,26.0,206.0,22387.8945153677,11334.7070106569,11053.1875047108,1671.62669728314,1671.62669728314,0.0,13785.5992106443,link,0.0,0.0,0.0,0.0,0.0,0.0,913.7759800000001,629.9083800000001,283.8676,1172.70698,888.83938,283.8676,0
41.0,2.0,18.0,207.0,65100.0643805413,32409.6776559215,32690.3867246198,8031.94834387227,0.0,8031.94834387227,0.0,link,0.0,0.0,0.0,0.0,0.0,0.0,882.86112,882.86112,7.105427357601002e-15,2126.99312,882.86112,1244.132,0
41.0,1.0,126.0,208.0,33015.8306660751,0.0,33015.8306660751,515.744798385718,0.0,515.744798385718,1570.62189366782,ra,6.0,0.0,6.0,1253.2272300000004,0.0,1253.2272300000004,1173.3392300000003,0.0,1173.3392300000003,7.105427357601002e-15,0.0,7.105427357601002e-15,1
41.0,0.0,125.0,209.0,32828.8089278736,32828.8089278736,0.0,517.979810454405,517.979810454405,0.0,1588.99980042748,ra,4.0,4.0,0.0,963.0951200000001,963.0951200000001,0.0,882.86112,882.86112,0.0,0.0,0.0,0.0,1
41.0,2.0,25.0,210.0,107717.843361102,52411.8634929897,55305.9798681123,8019.3953752296,8019.3953752296,0.0,19664.6825171201,link,0.0,0.0,0.0,0.0,0.0,0.0,1173.3392300000003,0.0,1173.3392300000003,2415.5272300000006,1242.188,1173.3392300000003,0
42.0,2.0,0.0,211.0,64323.0,34358.0,29965.0,292.1437675,0.0,292.1437675,0.0,link,0.0,0.0,0.0,0.0,0.0,0.0,933.7489059999998,0.0,933.7489059999998,979.0009059999998,0.0,979.0009059999998,0
42.0,2.0,21.0,212.0,64323.0,34358.0,29965.0,334.973321,334.973321,0.0,974.993087217836,link,0.0,0.0,0.0,0.0,0.0,0.0,933.7489059999999,0.0,933.7489059999999,985.6359059999997,51.887,933.7489059999998,0
43.0,2.0,20.0,213.0,150198.49863614672,75767.4489434685,74431.0496926782,256.538715958994,0.0,256.538715958994,0.0,link,0.0,0.0,0.0,0.0,0.0,0.0,1638.7107472000002,1638.7107472000002,0.0,1678.4477472000003,1638.7107472000002,39.737,0
43.0,2.0,127.0,214.0,143910.6207571261,71622.8655725805,72287.7551845456,14695.55070776022,7361.67405319568,7333.87665456454,10005.6920912667,ra,28.0,28.0,0.0,6733.587251999999,2779.0187472,3954.5685047999996,4457.277252,1638.7107472000002,2818.5665047999996,5.075305255429287e-15,5.075305255429287e-15,0.0,1
43.0,2.0,22.0,215.0,143835.3128743358,71573.2272359724,72262.0856383634,254.135111440735,254.135111440735,0.0,10360.6755425037,link,0.0,0.0,0.0,0.0,0.0,0.0,2818.5665047999996,5.075305255429287e-15,2818.5665047999996,2857.9315048,39.36500000000001,2818.5665047999996,0
44.0,2.0,20.0,216.0,153959.0,74263.0,79696.0,3498.6544,0.0,3498.6544,0.0,link,0.0,0.0,0.0,0.0,0.0,0.0,1767.2634939999998,273.2626,1494.0008939999998,2309.197494,273.2626,2035.934894,0
44.0,2.0,21.0,217.0,153959.0,74263.0,79696.0,3260.1457,3260.1457,0.0,4390.04714603225,link,0.0,0.0,0.0,0.0,0.0,0.0,1767.2634939999998,273.2626,1494.0008939999998,2272.2534939999996,778.2526,1494.0008939999998,0
45.0,2.0,20.0,218.0,62196.7600253059,32348.664026557,29848.0959987489,1778.43165752251,0.0,1778.43165752251,0.0,link,0.0,0.0,0.0,0.0,0.0,0.0,397.34835599999997,354.929196,42.419160000000005,672.8233560000001,354.929196,317.89416000000006,0
45.0,2.0,129.0,219.0,59803.760630072604,31496.7732925594,28306.9873375132,6019.40155695864,3144.57563370826,2874.82592325038,9849.37897275001,ra,6.0,0.0,6.0,1459.1999999999998,680.5182735999998,778.6817264000001,730.7250824,354.929196,375.79588640000003,203.91808240000012,161.4989224000001,42.419160000000005,1
45.0,2.0,27.0,220.0,59265.8366310976,31619.7156039958,27646.1210271018,2008.7677610147,2008.7677610147,0.0,16227.5537304541,link,0.0,0.0,0.0,0.0,0.0,0.0,537.2948088000002,161.4989224000001,375.79588640000003,848.4488088,472.6529224000001,375.79588640000003,0
46.0,2.0,21.0,221.0,122056.3633115633,58092.1447118619,63964.2185997014,6279.26064472807,0.0,6279.26064472807,0.0,link,0.0,0.0,0.0,0.0,0.0,0.0,1756.02944,565.53162,1190.49782,2728.6734399999996,565.53162,2163.14182,0
46.0,2.0,23.0,222.0,131872.7061463396,62497.919354533,69374.7867918066,5678.0443937591,5678.0443937591,0.0,9404.55520736285,link,0.0,0.0,0.0,0.0,0.0,0.0,1756.02944,565.53162,1190.49782,2635.54644,1445.04862,1190.49782,0
47.0,2.0,22.0,223.0,38579.2955378498,18952.692150841,19626.6033870088,1763.21916642734,0.0,1763.21916642734,0.0,link,0.0,0.0,0.0,0.0,0.0,0.0,1396.4435479999997,450.3313759999999,946.1121719999999,1669.5625479999997,450.3313759999999,1219.2311719999998,0
47.0,2.0,128.0,224.0,35162.6248298969,17399.4597199651,17763.1651099318,7435.63799543393,3663.38542984375,3772.25256559018,19815.1127809066,ra,5.0,0.0,5.0,1216.0,1017.782376,198.21762400000003,1010.347172,450.3313759999999,560.015796,946.1121719999999,0.0,946.1121719999999,1
47.0,2.0,28.0,225.0,35062.119983040204,16961.1414488018,18100.9785342384,1675.65153554322,1675.65153554322,0.0,29618.3313222541,link,0.0,0.0,0.0,0.0,0.0,0.0,560.015796,0.0,560.015796,819.570796,259.555,560.015796,0
48.0,2.0,24.0,226.0,16009.99993438885,7856.99996682075,8152.9999675681,2252.38793848172,0.0,2252.38793848172,0.0,link,0.0,0.0,0.0,0.0,0.0,0.0,464.26748000000003,464.26748000000003,0.0,813.1574800000001,464.26748000000003,348.89,0
48.0,2.0,0.0,227.0,10228.9496360124,5180.36917753558,5048.58045847682,2203.40390841478,2203.40390841478,0.0,34790.8303429051,link,0.0,0.0,0.0,0.0,0.0,0.0,464.26748000000003,464.26748000000003,0.0,805.57048,805.57048,0.0,0
50.0,2.0,23.0,230.0,167288.29083468,89420.7692084569,77867.5216262231,2077.52908786604,0.0,2077.52908786604,0.0,link,0.0,0.0,0.0,0.0,0.0,0.0,2447.13565,1492.59605,954.5396000000001,2768.94065,1492.59605,1276.3446,0
50.0,2.0,25.0,231.0,167733.1420677742,89424.5683491475,78308.5737186267,2379.09007339684,2379.09007339684,0.0,2660.51340881896,link,0.0,0.0,0.0,0.0,0.0,0.0,2447.13565,1492.59605,954.5396000000001,2815.6516500000002,1861.1120500000002,954.5396000000001,0
51.0,2.0,23.0,232.0,68004.42841151671,33685.4721908872,34318.9562206295,2606.49863917702,0.0,2606.49863917702,0.0,link,0.0,0.0,0.0,0.0,0.0,0.0,1190.7955820000006,816.417966,374.37761600000056,1594.5365820000006,816.417966,778.1186160000005,0
51.0,0.0,130.0,233.0,33100.9959033154,33100.9959033154,0.0,783.162954686691,783.162954686691,0.0,2344.99727996629,ra,3.0,3.0,0.0,729.5999999999999,729.5999999999999,0.0,816.417966,816.417966,0.0,208.1279660000001,208.1279660000001,0.0,1
51.0,2.0,27.0,234.0,64426.2356563276,31754.4889250316,32671.746731296,1762.79400434887,1762.79400434887,0.0,7784.58868214326,link,0.0,0.0,0.0,0.0,0.0,0.0,582.5055820000007,208.1279660000001,374.37761600000056,855.5585820000007,481.1809660000001,374.37761600000056,0
53.0,2.0,24.0,237.0,26623.0,13216.0,13407.0,1301.2096815,0.0,1301.2096815,0.0,link,0.0,0.0,0.0,0.0,0.0,0.0,828.67026,631.77766,196.89260000000002,1030.22526,631.77766,398.4476,0
53.0,2.0,28.0,238.0,26623.0,13216.0,13407.0,1282.672272,1282.672272,0.0,9705.48649135397,link,0.0,0.0,0.0,0.0,0.0,0.0,828.67026,631.77766,196.89260000000002,1027.3532599999999,830.46066,196.89260000000002,0
54.0,2.0,25.0,239.0,63790.743083652196,33602.5555376766,30188.1875459756,914.669079332492,0.0,914.669079332492,0.0,link,0.0,0.0,0.0,0.0,0.0,0.0,1117.1012200000005,1117.1012200000005,0.0,1258.7812200000005,1117.1012200000005,141.68,0
54.0,2.0,131.0,240.0,33762.4415586177,17029.2127372484,16733.2288213693,7185.4180023402205,3714.28097177565,3471.13703056457,14118.0595783865,ra,12.0,0.0,12.0,2918.4000000000005,1596.9003100000004,1321.4996899999999,1900.9289100000005,1117.1012200000005,783.82769,95.53491000000005,95.53491000000005,0.0,1
54.0,2.0,26.0,241.0,32484.7744574449,16371.3543459377,16113.4201115072,929.571492526024,929.571492526024,0.0,19751.6727385701,link,0.0,0.0,0.0,0.0,0.0,0.0,879.3626,95.53491000000005,783.82769,1023.3516,239.52391000000006,783.82769,0
55.0,2.0,26.0,242.0,35611.1999360093,17306.4999689679,18304.6999670414,3651.95402706089,0.0,3651.95402706089,0.0,link,0.0,0.0,0.0,0.0,0.0,0.0,626.3480000000001,626.3480000000001,0.0,1192.028,626.3480000000001,565.68,0
55.0,2.0,132.0,243.0,34335.6700861098,16687.9002306099,17647.7698554999,3806.71617873812,1850.01487529755,1956.70130344057,10714.2329169781,ra,5.0,5.0,0.0,1216.0,912.9110000000001,303.089,626.3480000000001,626.3480000000001,0.0,0.0,0.0,0.0,1
55.0,2.0,0.0,244.0,9015.00027880696,4116.00014201232,4899.00013679464,3382.27393180499,3382.27393180499,0.0,47911.3668726574,link,0.0,0.0,0.0,0.0,0.0,0.0,0.0,0.0,0.0,523.907,523.907,0.0,0
56.0,2.0,27.0,245.0,67553.5172847849,34432.267085203,33121.2501995819,2367.02370971695,0.0,2367.02370971695,0.0,link,0.0,0.0,0.0,0.0,0.0,0.0,570.3073859999996,570.3073859999996,0.0,936.9543859999997,570.3073859999996,366.647,0
56.0,1.0,134.0,246.0,28345.0537807391,0.0,28345.0537807391,1429.46120190489,0.0,1429.46120190489,14670.9425066938,ra,3.0,0.0,3.0,545.392657428571,0.0,545.392657428571,323.9716574285711,0.0,323.9716574285711,0.0,0.0,0.0,1
56.0,0.0,133.0,247.0,28758.648000424,28758.648000424,0.0,4635.2223561875,4635.2223561875,0.0,14715.488271793,ra,0.0,0.0,0.0,0.0,0.0,0.0,570.3073859999996,570.3073859999996,0.0,1288.2933859999994,1288.2933859999994,0.0,0
56.0,2.0,135.0,248.0,47006.1040822862,24072.8864014428,22933.2176808434,5972.33806438385,1468.70673835056,4503.63132603329,20490.1826432686,ra,4.0,4.0,0.0,972.8,137.86995742857107,834.9300425714289,1749.5920859999994,1288.2933859999994,461.2987,1701.8950859999995,1377.9234285714283,323.9716574285711,1
56.0,2.0,29.0,249.0,45237.3265637856,23422.054813021,21815.2717507646,2510.31569035993,2510.31569035993,0.0,31051.5111500156,link,0.0,0.0,0.0,0.0,0.0,0.0,1839.2221285714281,1377.9234285714283,461.29869999999994,2228.0651285714284,1766.7664285714284,461.2987,0
57.0,2.0,28.0,250.0,21608.0,10785.0,10823.0,664.304917,0.0,664.304917,0.0,link,0.0,0.0,0.0,0.0,0.0,0.0,436.00626400000004,436.00626400000004,0.0,538.905264,436.00626400000004,102.899,0
57.0,2.0,0.0,251.0,21608.0,10785.0,10823.0,661.972515,661.972515,0.0,6137.90628624439,link,0.0,0.0,0.0,0.0,0.0,0.0,436.00626400000004,436.00626400000004,0.0,538.544264,538.544264,0.0,0
59.0,2.0,29.0,254.0,41763.642422810604,21836.3114479028,19927.3309749078,64.1922987606669,0.0,64.1922987606669,0.0,link,0.0,0.0,0.0,0.0,0.0,0.0,1866.216,1282.413,583.803,1876.159,1282.413,593.746,0
59.0,0.0,137.0,255.0,11226.9471972143,11226.9471972143,0.0,4281.44265472418,4281.44265472418,0.0,25939.71611319,ra,8.0,8.0,0.0,1945.6,1945.6,0.0,1282.413,1282.413,0.0,0.0,0.0,0.0,1
59.0,1.0,138.0,256.0,8142.41876965786,0.0,8142.41876965786,3768.95103150065,0.0,3768.95103150065,26235.4919576393,ra,0.0,0.0,0.0,0.0,0.0,0.0,0.0,0.0,0.0,583.803,0.0,583.803,0
59.0,2.0,0.0,257.0,19030.16772086208,11064.8956674036,7965.27205345848,121.795390046012,121.795390046012,0.0,27032.7504548799,link,0.0,0.0,0.0,0.0,0.0,0.0,0.0,0.0,0.0,18.866,18.866,0.0,0
60.0,2.0,29.0,258.0,15204.99963875321,7325.99983936264,7878.99979939057,589.761879951074,0.0,589.761879951074,0.0,link,0.0,0.0,0.0,0.0,0.0,0.0,708.1537285714286,708.1537285714286,0.0,799.5067285714285,708.1537285714286,91.353,0
60.0,2.0,136.0,259.0,13825.298552554461,6712.48148642337,7112.81706613109,1621.703087201606,781.773481624616,839.92960557699,10738.6315701673,ra,4.0,4.0,0.0,959.3517285714286,829.2487285714286,130.103,708.1537285714286,708.1537285714286,0.0,0.0,0.0,0.0,1
60.0,2.0,0.0,260.0,9900.0011340695,4967.00050429217,4933.00062977733,588.144298822839,588.144298822839,0.0,22135.2935483001,link,0.0,0.0,0.0,0.0,0.0,0.0,0.0,0.0,0.0,91.102,91.102,0.0,0
