Time of calculation: 20220102-194933; value of objective: 8925000.061763095;  acc=2500;  cfix=7000;  cvar=17750;  eta=0.05;  mu=0.18;  i=
segment_id,dir,type_ID,POI_ID,traffic_flow,traffic_flow_0,traffic_flow_1,energy_demand,energy_demand_0,energy_demand_1,dist_along_segment,pois_type,pYi_dir,pYi_dir_0,pYi_dir_1,pE_charged,pE_charged_0,pE_charged_1,pE_input,pE_input_0,pE_input_1,pE_output,pE_output_0,pE_output_1,pXi
0.0,2.0,0.0,0.0,26540.63611205301,13243.023903864512,13297.612208188497,4423.921231438179,0.0,4423.921231438179,0.0,link,0.0,0.0,0.0,0.0,0.0,0.0,0.0,0.0,0.0,124.4227846341988,0.0,124.4227846341988,0
0.0,2.0,1.0,1.0,26594.77697992819,13269.441574912722,13325.335405015468,810.0039769207759,31.774775427221,778.2292014935549,239.71582410116363,ra,1.0,0.0,1.0,22.781361850896822,0.8936655588905893,21.887696292006233,0.0,0.0,0.0,0.0,0.0,0.0,1
0.0,2.0,0.0,2.0,45891.071384772644,24132.535484801192,21758.535899971448,10453.078391900737,5371.86342144895,5081.214970451788,24427.46216029796,ra,6.0,6.0,0.0,293.99282977220827,151.08365872825175,142.90917104395652,0.0,0.0,0.0,0.0,0.0,0.0,1
0.0,1.0,2.0,3.0,5594.606273434111,0.0,5594.606273434111,2065.9854049899545,0.0,2065.9854049899545,68504.60131061138,ra,2.0,0.0,2.0,58.105839515342474,0.0,58.105839515342474,0.0,0.0,0.0,0.0,0.0,0.0,1
0.0,0.0,3.0,4.0,4553.083889317481,4553.083889317481,0.0,7187.448325138304,7187.448325138304,0.0,79329.13749040988,ra,5.0,5.0,0.0,202.1469841445148,202.1469841445148,0.0,0.0,0.0,0.0,0.0,0.0,0.0,1
0.0,2.0,4.0,5.0,7895.539602766943,4645.32330643337,3250.2162963335736,2342.9750495919843,1038.6617908113935,1304.3132587805906,104473.7124161702,ra,2.0,2.0,0.0,65.89617326977455,29.212362866570444,36.683810403204106,0.0,0.0,0.0,0.0,0.0,0.0,1
0.0,2.0,5.0,6.0,19815.36822147169,9562.72950758806,10252.63871388363,7959.026265117185,2076.9550358924675,5882.071229224718,133409.21035475997,ra,5.0,0.0,5.0,223.84761370642087,58.41436038447565,165.43325332194522,0.0,0.0,0.0,0.0,0.0,0.0,1
0.0,2.0,6.0,7.0,38420.41317046725,19234.66349454688,19185.749675920368,10291.73164091456,4957.101208651553,5334.630432263007,173065.41379977632,ra,6.0,0.0,6.0,289.454952400722,139.41847149332494,150.03648090739705,0.0,0.0,0.0,0.0,0.0,0.0,1
0.0,1.0,7.0,8.0,21229.45737990749,0.0,21229.45737990749,31.90719068892483,0.0,31.90719068892483,176940.22069628988,ra,1.0,0.0,1.0,32.4803510657475,0.0,32.4803510657475,31.58296132762149,0.0,31.58296132762149,0.0,0.0,0.0,1
0.0,2.0,0.0,9.0,50605.7308716768,25638.902393873523,24966.82847780328,5210.178551742356,5210.178551742356,0.0,194059.96494613093,link,0.0,0.0,0.0,0.0,0.0,0.0,31.58296132762149,0.0,31.58296132762149,178.11923309537522,146.53627176775373,31.58296132762149,0
1.0,2.0,0.0,10.0,41635.269674683135,21021.62675530025,20613.64291938288,39.776186500955454,0.0,39.776186500955454,0.0,link,0.0,0.0,0.0,0.0,0.0,0.0,82.42414956669239,82.42414956669239,0.0,83.54285481203176,82.42414956669239,1.1187052453393722,0
1.0,2.0,8.0,11.0,39859.943598360216,20128.71002741653,19731.23357094369,2276.328443367862,1715.7273142405495,560.6011291273123,8218.215919324155,ra,3.0,3.0,0.0,146.4458870364135,130.67898027970784,15.766906756705652,82.42414956669239,82.42414956669239,0.0,0.0,0.0,0.0,1
1.0,0.0,9.0,12.0,15021.9786197919,15021.9786197919,0.0,1426.8426564048834,1426.8426564048834,0.0,16747.064047816148,ra,1.0,1.0,0.0,40.12994971138735,40.12994971138735,0.0,0.0,0.0,0.0,0.0,0.0,0.0,1
1.0,2.0,10.0,13.0,29629.27020666332,14994.151703987822,14635.1185026755,191.32891529796464,24.711112058686385,166.61780323927826,16911.740762175257,ra,1.0,0.0,1.0,5.3811257427552555,0.6950000266505546,4.6861257161047005,0.0,0.0,0.0,0.0,0.0,0.0,1
1.0,2.0,14.0,14.0,23126.81664543996,11846.335117703364,11280.481527736596,2715.588968665061,1386.7595429137232,1328.829425751338,27721.26496153286,ra,2.0,2.0,0.0,76.37593974370485,39.00261214444847,37.37332759925638,0.0,0.0,0.0,0.0,0.0,0.0,1
1.0,1.0,13.0,15.0,11337.261932088282,0.0,11337.261932088282,1420.2485369302626,0.0,1420.2485369302626,29194.630965596883,ra,1.0,0.0,1.0,39.94449010116364,0.0,39.94449010116364,0.0,0.0,0.0,0.0,0.0,0.0,1
1.0,0.0,12.0,16.0,11885.52653584708,11885.52653584708,0.0,208.50481099773148,208.50481099773148,0.0,29478.47368022978,ra,1.0,1.0,0.0,5.8641978093111975,5.8641978093111975,0.0,0.0,0.0,0.0,0.0,0.0,0.0,1
1.0,0.0,15.0,17.0,11960.17018283512,11960.17018283512,0.0,465.471180470787,465.471180470787,0.0,33381.72336961185,ra,1.0,1.0,0.0,13.091376950740882,13.091376950740882,0.0,0.0,0.0,0.0,0.0,0.0,0.0,1
1.0,2.0,16.0,18.0,23460.93532657191,11970.385389125157,11490.549937446756,1768.6682817168698,86.33017164884411,1682.3381100680258,34103.26049306036,ra,1.0,1.0,0.0,49.74379542328697,2.428036077623741,47.315759345663224,0.0,0.0,0.0,0.0,0.0,0.0,1
1.0,2.0,0.0,19.0,23472.95328481904,11974.880939958675,11498.072344860364,41.43137038083431,41.43137038083431,0.0,34449.34645750041,link,0.0,0.0,0.0,0.0,0.0,0.0,0.0,0.0,0.0,1.165257291960965,1.165257291960965,0.0,0
2.0,2.0,0.0,20.0,68929.16895257494,33758.81379308793,35170.35515948701,2037.3044909279515,0.0,2037.3044909279515,0.0,link,0.0,0.0,0.0,0.0,0.0,0.0,90.94705492612786,90.94705492612786,0.0,148.2462437334765,90.94705492612786,57.29918880734864,0
2.0,1.0,11.0,21.0,34398.2821383792,0.0,34398.2821383792,0.1779942533838276,0.0,0.1779942533838276,2598.411645460739,ra,1.0,0.0,1.0,0.005006088376420151,0.0,0.005006088376420151,0.0,0.0,0.0,0.0,0.0,0.0,1
2.0,0.0,17.0,22.0,24285.97411997901,24285.97411997901,0.0,5629.753466227842,5629.753466227842,0.0,19826.030918871555,ra,5.0,5.0,0.0,249.28387116378593,249.28387116378593,0.0,90.94705492612786,90.94705492612786,0.0,0.0,0.0,0.0,1
2.0,1.0,18.0,23.0,24186.0911430872,0.0,24186.0911430872,4128.069297151063,0.0,4128.069297151063,19924.554475399083,ra,3.0,0.0,3.0,116.10194898237367,0.0,116.10194898237367,0.0,0.0,0.0,0.0,0.0,0.0,1
2.0,0.0,19.0,24.0,24395.8043620461,24395.8043620461,0.0,1107.9496170791724,1107.9496170791724,0.0,24376.283905318956,ra,1.0,1.0,0.0,31.16108298035173,31.16108298035173,0.0,0.0,0.0,0.0,0.0,0.0,0.0,1
2.0,0.0,20.0,25.0,18382.744960495544,18382.744960495544,0.0,3193.5958308596214,3193.5958308596214,0.0,38424.04808590371,ra,2.0,2.0,0.0,89.81988274292686,89.81988274292686,0.0,0.0,0.0,0.0,0.0,0.0,0.0,1
2.0,1.0,21.0,26.0,18491.613365488807,0.0,18491.613365488807,4453.992496188428,0.0,4453.992496188428,38987.68062551749,ra,3.0,0.0,3.0,125.26853895529955,0.0,125.26853895529955,0.0,0.0,0.0,0.0,0.0,0.0,1
2.0,2.0,22.0,27.0,37060.49951410931,18323.84940673533,18736.65010737398,9037.685965220891,4162.991831646682,4874.69413357421,60686.533174562566,ra,5.0,5.0,0.0,250.00000000000006,112.8992274932254,137.10077250677466,0.0,0.0,0.0,4.184917771837519,4.184917771837519,0.0,1
2.0,2.0,23.0,28.0,37058.90292655935,18323.112740357166,18735.790186202183,905.6708621966342,0.1740732089699103,905.4967889876642,60687.52230976862,ra,1.0,1.0,0.0,29.656910771117857,4.189813580839798,25.46709719027806,4.184917771837519,4.184917771837519,0.0,0.0,0.0,0.0,1
2.0,2.0,0.0,29.0,23931.60016336258,12393.941571693274,11537.658591669302,2066.8759536088314,2066.8759536088314,0.0,74788.45855603463,link,0.0,0.0,0.0,0.0,0.0,0.0,0.0,0.0,0.0,58.13088619524839,58.13088619524839,0.0,0
3.0,2.0,0.0,30.0,27844.0,14880.0,12964.0,276.638796,0.0,276.638796,0.0,link,0.0,0.0,0.0,0.0,0.0,0.0,0.0,0.0,0.0,7.7804661375,0.0,7.7804661375,0
3.0,0.0,24.0,31.0,14880.0,14880.0,0.0,43.31568,43.31568,0.0,291.13911748382634,ra,1.0,1.0,0.0,1.2182534999999999,1.2182534999999999,0.0,0.0,0.0,0.0,0.0,0.0,0.0,1
3.0,1.0,25.0,32.0,12963.999999999998,0.0,12963.999999999998,50.78647,0.0,50.78647,391.7896627176565,ra,2.0,0.0,2.0,53.788125484588214,0.0,53.788125484588214,52.359756015838215,0.0,52.359756015838215,0.0,0.0,0.0,1
3.0,2.0,1.0,33.0,27844.0,14880.000000000002,12964.0,332.50104000000005,332.50104000000005,0.0,2525.7146416492456,link,0.0,0.0,0.0,0.0,0.0,0.0,52.359756015838215,0.0,52.359756015838215,61.71134776583822,9.351591750000003,52.359756015838215,0
4.0,2.0,1.0,34.0,59761.3086274698,30037.341974575906,29723.966652893894,2541.480423000085,0.0,2541.480423000085,0.0,link,0.0,0.0,0.0,0.0,0.0,0.0,79.90775293653029,79.90775293653029,0.0,151.38688983340768,79.90775293653029,71.47913689687739,0
4.0,1.0,29.0,35.0,19741.19620746718,0.0,19741.19620746718,941.1307808897812,0.0,941.1307808897812,27421.918402146952,ra,1.0,0.0,1.0,26.469303212525098,0.0,26.469303212525098,0.0,0.0,0.0,0.0,0.0,0.0,1
4.0,0.0,28.0,36.0,20188.77400206591,20188.77400206591,0.0,6913.407817081132,6913.407817081132,0.0,27456.275537656256,ra,6.0,6.0,0.0,274.3473477919371,274.3473477919371,0.0,79.90775293653029,79.90775293653029,0.0,0.0,0.0,0.0,1
4.0,2.0,31.0,37.0,24242.046721440067,16011.081415437498,8230.965306002568,10336.618270691582,5459.807289653861,4876.810981037721,57952.436449648114,ra,6.0,0.0,6.0,290.71738886320077,153.55708002151485,137.16030884168592,0.0,0.0,0.0,0.0,0.0,0.0,1
4.0,2.0,30.0,38.0,24222.436414627213,16010.688472387346,8211.747942239866,2097.1816748164333,3.698514594089785,2093.4831602223435,57975.56024030675,ra,2.0,2.0,0.0,58.983234604212186,0.10402072295877218,58.87921388125341,0.0,0.0,0.0,0.0,0.0,0.0,1
4.0,2.0,35.0,39.0,21337.90578167672,10925.606078379402,10412.299703297318,4724.821457700606,2596.3850909026173,2128.436366797988,78476.45534742385,ra,3.0,3.0,0.0,132.88560349782952,73.02333068163611,59.86227281619341,0.0,0.0,0.0,0.0,0.0,0.0,1
4.0,0.0,40.0,40.0,10876.999998084551,10876.999998084551,0.0,1976.660743966538,1976.660743966538,0.0,96645.26673532616,ra,2.0,2.0,0.0,55.59358342405888,55.59358342405888,0.0,0.0,0.0,0.0,0.0,0.0,0.0,1
4.0,1.0,41.0,41.0,10239.998724530997,0.0,10239.998724530997,1817.260584824645,0.0,1817.260584824645,99246.70723666706,ra,2.0,0.0,2.0,51.11045394819315,0.0,51.11045394819315,0.0,0.0,0.0,0.0,0.0,0.0,1
4.0,2.0,42.0,42.0,15349.448623427987,7293.1561007636,8056.292522664386,2244.8438549829234,2242.944719983224,1.8991349996993472,124531.18468963404,ra,2.0,0.0,2.0,63.136233421394714,63.08282024952817,0.05341317186654414,0.0,0.0,0.0,0.0,0.0,0.0,1
4.0,2.0,45.0,43.0,29499.999782114108,14928.999812810407,14570.9999693037,9965.395457829238,4949.374190304771,5016.021267524467,160563.71538932095,ra,6.0,0.0,6.0,280.2767472514473,139.2011491023217,141.07559814912563,0.0,0.0,0.0,0.0,0.0,0.0,1
4.0,2.0,49.0,44.0,29501.249670962527,14929.610924790286,14571.63874617224,7771.3951170941245,964.2534476850196,6807.141669409105,167022.61670697512,ra,6.0,6.0,0.0,291.16483885598495,27.119628216141194,264.0452106398438,72.5943511877127,0.0,72.5943511877127,0.0,0.0,0.0,1
4.0,2.0,2.0,45.0,37135.97924873808,18661.98985536135,18473.98939337673,2580.116572311374,2580.116572311374,0.0,182066.4548482201,link,0.0,0.0,0.0,0.0,0.0,0.0,72.5943511877127,0.0,72.5943511877127,145.1601297839701,72.56577859625739,72.5943511877127,0
5.0,2.0,1.0,46.0,68793.7826224039,33913.44536880647,34880.33725359744,3843.82209257494,0.0,3843.82209257494,0.0,link,0.0,0.0,0.0,0.0,0.0,0.0,56.67071604817909,56.67071604817909,0.0,164.77821240184926,56.67071604817909,108.10749635367019,0
5.0,1.0,26.0,47.0,36003.524001333615,0.0,36003.524001333615,3895.947466930393,0.0,3895.947466930393,10624.424038435742,ra,3.0,0.0,3.0,109.5735225074173,0.0,109.5735225074173,0.0,0.0,0.0,0.0,0.0,0.0,1
5.0,0.0,27.0,48.0,32653.80091590929,32653.80091590929,0.0,4178.141771103933,4178.141771103933,0.0,12028.538687185455,ra,4.0,4.0,0.0,174.1809533604772,174.1809533604772,0.0,56.67071604817909,56.67071604817909,0.0,0.0,0.0,0.0,1
5.0,2.0,32.0,49.0,33127.66797826424,16315.8916479239,16811.776330340337,9152.204545843142,5870.836452837575,3281.368093005566,39273.39357565199,ra,6.0,0.0,6.0,257.4057528518383,165.1172752360568,92.28847761578152,0.0,0.0,0.0,0.0,0.0,0.0,1
5.0,1.0,36.0,50.0,15728.354223345885,0.0,15728.354223345885,1275.7622080104995,0.0,1275.7622080104995,47330.36386477938,ra,1.0,0.0,1.0,35.8808121002953,0.0,35.8808121002953,0.0,0.0,0.0,0.0,0.0,0.0,1
5.0,0.0,39.0,51.0,16181.036957810447,16181.036957810447,0.0,2402.71193975453,2402.71193975453,0.0,54808.46507060479,ra,2.0,2.0,0.0,67.57627330559616,67.57627330559616,0.0,0.0,0.0,0.0,0.0,0.0,0.0,1
5.0,1.0,43.0,52.0,15425.054197747386,0.0,15425.054197747386,6550.9163885109065,0.0,6550.9163885109065,67696.58292643339,ra,4.0,0.0,4.0,184.24452342686925,0.0,184.24452342686925,0.0,0.0,0.0,0.0,0.0,0.0,1
5.0,0.0,44.0,53.0,16743.940970134765,16743.940970134765,0.0,2188.52376611744,2188.52376611744,0.0,67916.71774036821,ra,2.0,2.0,0.0,61.552230922053006,61.552230922053006,0.0,0.0,0.0,0.0,0.0,0.0,0.0,1
5.0,1.0,50.0,54.0,23926.865751230227,0.0,23926.865751230227,3865.032082238866,0.0,3865.032082238866,86150.64463711552,ra,3.0,0.0,3.0,145.0130773204128,0.0,145.0130773204128,36.3090500074447,0.0,36.3090500074447,0.0,0.0,0.0,1
5.0,0.0,51.0,55.0,23976.591723992253,23976.591723992253,0.0,3863.210440192499,3863.210440192499,0.0,86198.21188888987,ra,3.0,3.0,0.0,108.65279363041405,108.65279363041405,0.0,0.0,0.0,0.0,0.0,0.0,0.0,1
5.0,2.0,4.0,56.0,48295.998738473485,24204.99925545633,24090.99948301716,3849.659028767285,3849.659028767285,0.0,102115.05106186114,link,0.0,0.0,0.0,0.0,0.0,0.0,36.3090500074447,0.0,36.3090500074447,144.5807101915246,108.27166018407988,36.3090500074447,0
6.0,2.0,0.0,57.0,17593.52882743976,9370.089853693322,8223.438973746437,3280.588971659345,0.0,3280.588971659345,0.0,link,0.0,0.0,0.0,0.0,0.0,0.0,0.0,0.0,0.0,92.26656482791908,0.0,92.26656482791908,0
6.0,0.0,34.0,58.0,9440.700126436834,9440.700126436834,0.0,115.62791616056612,115.62791616056612,0.0,1229.5619294335402,ra,1.0,1.0,0.0,3.2520351420159224,3.2520351420159224,0.0,0.0,0.0,0.0,0.0,0.0,0.0,1
6.0,0.0,33.0,59.0,9685.754071387502,9685.754071387502,0.0,302.82244713524466,302.82244713524466,0.0,4398.318016945725,ra,1.0,1.0,0.0,8.516881325678757,8.516881325678757,0.0,0.0,0.0,0.0,0.0,0.0,0.0,1
6.0,1.0,38.0,60.0,13533.136089729269,0.0,13533.136089729269,3267.2679643300085,0.0,3267.2679643300085,19100.037855584003,ra,2.0,0.0,2.0,91.89191149678149,0.0,91.89191149678149,0.0,0.0,0.0,0.0,0.0,0.0,1
6.0,0.0,37.0,61.0,14150.210375121094,14150.210375121094,0.0,1803.67381185194,1803.67381185194,0.0,19123.313502380493,ra,2.0,2.0,0.0,50.72832595833581,50.72832595833581,0.0,0.0,0.0,0.0,0.0,0.0,0.0,1
6.0,2.0,48.0,62.0,30972.88424037613,15986.27621540026,14986.608024975872,5468.198643546355,3421.909443445684,2046.2892001006717,42213.94659999393,ra,4.0,4.0,0.0,174.5660397117698,96.24120309690987,78.32483661485993,20.772952862028546,0.0,20.772952862028546,0.0,0.0,0.0,1
6.0,2.0,3.0,63.0,43852.38298306345,22912.25382809093,20940.12915497252,3553.9006048965416,3553.9006048965416,0.0,60876.22424217983,link,0.0,0.0,0.0,0.0,0.0,0.0,20.772952862028546,0.0,20.772952862028546,120.72640737474379,99.95345451271524,20.772952862028546,0
7.0,2.0,0.0,64.0,11819.728833092571,5668.999528653672,6150.729304438899,2312.6327385691666,0.0,2312.6327385691666,0.0,link,0.0,0.0,0.0,0.0,0.0,0.0,0.0,0.0,0.0,65.0427957722578,0.0,65.0427957722578,0
7.0,2.0,46.0,65.0,16750.439961073742,8281.792263693602,8468.64769738014,443.91171562073237,439.3743632250341,4.537352395698317,6667.955447556553,ra,1.0,1.0,0.0,12.485017001833098,12.357403965704084,0.12761303612901465,0.0,0.0,0.0,0.0,0.0,0.0,1
7.0,2.0,47.0,66.0,16803.00194301874,8309.644744099518,8493.35719891922,469.008092957891,4.438227533612364,464.56986542427865,6721.474926778252,ra,2.0,0.0,2.0,83.94306409520856,0.12482514938284694,83.81823894582571,70.75221148076787,0.0,70.75221148076787,0.0,0.0,0.0,1
7.0,2.0,2.0,67.0,31479.264687684805,14962.675134733858,16516.589552950947,2176.386974618303,2176.386974618303,0.0,25294.541879356693,link,0.0,0.0,0.0,0.0,0.0,0.0,70.75221148076787,0.0,70.75221148076787,131.96309514190764,61.21088366113978,70.75221148076787,0
8.0,2.0,2.0,68.0,14782.369584642798,7482.847541600488,7299.522043042311,571.5351732524385,0.0,571.5351732524385,0.0,link,0.0,0.0,0.0,0.0,0.0,0.0,40.58975855779144,40.58975855779144,0.0,56.66418530551627,40.58975855779144,16.074426747724832,0
8.0,2.0,52.0,69.0,9208.206367128356,4168.183876582084,5040.022490546272,1091.488655298786,530.5477835235342,560.9408717752517,9055.824498122218,ra,2.0,2.0,0.0,71.2878769880698,55.51141496939084,15.776462018678957,40.58975855779144,40.58975855779144,0.0,0.0,0.0,0.0,1
8.0,2.0,0.0,70.0,9708.89067456805,5120.673657931851,4588.2170166362,557.603815055505,557.603815055505,0.0,21173.685305885127,link,0.0,0.0,0.0,0.0,0.0,0.0,0.0,0.0,0.0,15.68260729843608,15.68260729843608,0.0,0
9.0,2.0,2.0,71.0,31818.423136170015,16104.883545196824,15713.539590973189,3261.4825971182563,0.0,3261.4825971182563,0.0,link,0.0,0.0,0.0,0.0,0.0,0.0,57.643965822800936,57.643965822800936,0.0,149.3731638667519,57.643965822800936,91.72919804395096,0
9.0,2.0,55.0,72.0,36693.05587768159,18116.80864806472,18576.24722961687,5325.486521774037,2708.000893980142,2617.485627793895,15445.371783397328,ra,6.0,0.0,6.0,257.6916170401812,133.80649096599242,123.8851260741888,107.91230861528645,57.643965822800936,50.26834279248551,0.0,0.0,0.0,1
9.0,2.0,7.0,73.0,31601.85426430268,15291.911788888328,16309.942475414353,3142.329967824336,3142.329967824336,0.0,33157.12684688381,link,0.0,0.0,0.0,0.0,0.0,0.0,50.26834279248552,0.0,50.26834279248552,138.64637313754497,88.37803034505946,50.26834279248551,0
10.0,2.0,3.0,74.0,31606.669563938915,16070.547455207432,15536.122108731484,43.81406893215462,0.0,43.81406893215462,0.0,link,0.0,0.0,0.0,0.0,0.0,0.0,55.00314149413312,55.00314149413312,0.0,56.23541218284997,55.00314149413312,1.2322706887168486,0
10.0,2.0,53.0,75.0,20482.292071415013,10386.965680851748,10095.326390563265,3859.9783717818373,1960.6175793947991,1899.3607923870384,14793.406531478646,ra,5.0,5.0,0.0,200.5356522901995,110.14551091461183,90.39014137558766,91.97376058383531,55.00314149413312,36.9706190897022,0.0,0.0,0.0,1
10.0,2.0,4.0,76.0,20473.61899569675,10382.534499411437,10091.084496285315,45.07964033000498,45.07964033000498,0.0,15227.535521101405,link,0.0,0.0,0.0,0.0,0.0,0.0,36.9706190897022,0.0,36.9706190897022,38.238483973983584,1.26786488428139,36.9706190897022,0
11.0,2.0,3.0,77.0,48420.054142922716,24599.82318293021,23820.230959992503,1269.8213138175106,0.0,1269.8213138175106,0.0,link,0.0,0.0,0.0,0.0,0.0,0.0,61.12335529638793,61.12335529638793,0.0,96.83707974750541,61.12335529638793,35.713724451117486,0
11.0,2.0,54.0,78.0,48814.99317229718,24295.434711773956,24519.55846052323,3388.4082292149897,1701.6312773650386,1686.7769518499513,6967.487148144968,ra,4.0,0.0,4.0,156.42233674305953,108.98173497227964,47.44060177077989,61.12335529638793,61.12335529638793,0.0,0.0,0.0,0.0,1
11.0,1.0,56.0,79.0,22284.926619444108,0.0,22284.926619444108,1685.094433220274,0.0,1685.094433220274,14053.388239050711,ra,2.0,0.0,2.0,74.13346953749705,0.0,74.13346953749705,26.740188603176833,0.0,26.740188603176833,0.0,0.0,0.0,1
11.0,2.0,5.0,80.0,42919.8251598076,21285.35848456856,21634.466675239044,2910.8952617885475,2910.8952617885475,0.0,19878.69006465457,link,0.0,0.0,0.0,0.0,0.0,0.0,26.740188603176833,0.0,26.740188603176833,108.60911784097974,81.8689292378029,26.740188603176833,0
12.0,2.0,4.0,81.0,53131.67233206281,26537.18348117461,26594.4888508882,1562.324430007989,0.0,1562.324430007989,0.0,link,0.0,0.0,0.0,0.0,0.0,0.0,73.1003059160038,73.1003059160038,0.0,117.0406805099785,73.1003059160038,43.94037459397469,0
12.0,0.0,58.0,82.0,22288.895823895957,22288.895823895957,0.0,3364.25769729557,3364.25769729557,0.0,13722.635716121396,ra,4.0,4.0,0.0,167.72005365244172,167.72005365244172,0.0,73.1003059160038,73.1003059160038,0.0,0.0,0.0,0.0,1
12.0,1.0,57.0,83.0,22492.6689728353,0.0,22492.6689728353,3393.592303197099,0.0,3393.592303197099,13775.369179933106,ra,3.0,0.0,3.0,135.3433869577189,0.0,135.3433869577189,39.89860343030048,0.0,39.89860343030048,0.0,0.0,0.0,1
12.0,2.0,5.0,84.0,44751.07719214048,22273.03927625819,22478.037915882287,1559.840879232986,1559.840879232986,0.0,20725.095833182608,link,0.0,0.0,0.0,0.0,0.0,0.0,39.89860343030048,0.0,39.89860343030048,83.76912815872822,43.87052472842773,39.89860343030048,0
13.0,2.0,4.0,85.0,25987.610544625633,13119.378445562592,12868.232099063043,1205.3834904693945,0.0,1205.3834904693945,0.0,link,0.0,0.0,0.0,0.0,0.0,0.0,41.001335318636976,41.001335318636976,0.0,74.9027459880887,41.001335318636976,33.90141066945172,0
13.0,2.0,59.0,86.0,13974.00634747334,7033.004117758563,6941.002229714777,6883.850493770728,3777.525971618388,3106.32452215234,36309.89528647439,ra,5.0,5.0,0.0,234.6096304559387,147.24425327040413,87.36537718553458,41.001335318636976,41.001335318636976,0.0,0.0,0.0,0.0,1
13.0,1.0,63.0,87.0,7362.494657393186,0.0,7362.494657393186,661.497609325267,0.0,661.497609325267,54986.89266391457,ra,1.0,0.0,1.0,18.604620262273137,0.0,18.604620262273137,0.0,0.0,0.0,0.0,0.0,0.0,1
13.0,0.0,62.0,88.0,7963.314490087364,7963.314490087364,0.0,1395.6084792930023,1395.6084792930023,0.0,55258.29185590623,ra,1.0,1.0,0.0,39.25148848011569,39.25148848011569,0.0,0.0,0.0,0.0,0.0,0.0,0.0,1
13.0,2.0,70.0,89.0,20915.585370117602,10623.723419117588,10291.861951000015,6679.2986941238505,3389.0040936651603,3290.29460045869,85720.88488710183,ra,4.0,4.0,0.0,187.8552757722333,95.31574013433266,92.53953563790066,0.0,0.0,0.0,0.0,0.0,0.0,1
13.0,1.0,71.0,90.0,10312.666692975632,0.0,10312.666692975632,1325.8702777004075,0.0,1325.8702777004075,92148.0377185692,ra,1.0,0.0,1.0,37.290101560323954,0.0,37.290101560323954,0.0,0.0,0.0,0.0,0.0,0.0,1
13.0,0.0,75.0,91.0,10865.41330620228,10865.41330620228,0.0,2225.2267853650983,2225.2267853650983,0.0,106351.19825280692,ra,2.0,2.0,0.0,62.58450333839338,62.58450333839338,0.0,0.0,0.0,0.0,0.0,0.0,0.0,1
13.0,2.0,80.0,92.0,21769.313571554885,10924.77173173255,10844.541839822334,5231.405901354321,1587.860206417783,3643.5456949365375,121274.1282993086,ra,4.0,4.0,0.0,188.40916887845117,44.658568305500154,143.75060057295102,41.2758779028609,0.0,41.2758779028609,0.0,0.0,0.0,1
13.0,2.0,8.0,93.0,20326.83796736937,10049.65492309056,10277.18304427881,1199.9706688262263,1199.9706688262263,0.0,132616.96921985535,link,0.0,0.0,0.0,0.0,0.0,0.0,41.2758779028609,0.0,41.2758779028609,75.02505296359851,33.74917506073761,41.2758779028609,0
14.0,2.0,5.0,94.0,94497.82264774677,47019.26687675304,47478.55577099372,936.3425207579636,0.0,936.3425207579636,0.0,link,0.0,0.0,0.0,0.0,0.0,0.0,85.43529532907104,85.43529532907104,0.0,111.76992872538877,85.43529532907104,26.33463339631773,0
14.0,0.0,61.0,95.0,46935.18990316021,46935.18990316021,0.0,2174.788745042169,2174.788745042169,0.0,4629.482620571615,ra,3.0,3.0,0.0,146.60122878338206,146.60122878338206,0.0,85.43529532907104,85.43529532907104,0.0,0.0,0.0,0.0,1
14.0,1.0,60.0,96.0,47664.75200387175,0.0,47664.75200387175,2204.32457448694,0.0,2204.32457448694,4633.73189838993,ra,3.0,0.0,3.0,131.55084139010947,0.0,131.55084139010947,69.55421273266428,0.0,69.55421273266428,0.0,0.0,0.0,1
14.0,2.0,6.0,97.0,94641.69117202783,46900.62074452682,47741.07042750101,922.9194205020584,922.9194205020584,0.0,6596.600389256655,link,0.0,0.0,0.0,0.0,0.0,0.0,69.55421273266428,0.0,69.55421273266428,95.51132143428468,25.957108701620395,69.55421273266428,0
15.0,2.0,6.0,98.0,75207.49134104664,44538.30191090561,30669.189430141025,1884.850151816533,0.0,1884.850151816533,0.0,link,0.0,0.0,0.0,0.0,0.0,0.0,51.67388676176518,51.67388676176518,0.0,104.68529728160519,51.67388676176518,53.01141051984,0
15.0,1.0,64.0,99.0,16721.32745245393,0.0,16721.32745245393,6515.564241999581,0.0,6515.564241999581,25738.743223846097,ra,4.0,0.0,4.0,183.25024430623824,0.0,183.25024430623824,0.0,0.0,0.0,0.0,0.0,0.0,1
15.0,0.0,65.0,100.0,16271.068415411031,16271.068415411031,0.0,7891.47329091754,7891.47329091754,0.0,25740.902218562274,ra,6.0,6.0,0.0,273.621573068821,273.621573068821,0.0,51.67388676176518,51.67388676176518,0.0,0.0,0.0,0.0,1
15.0,2.0,0.0,101.0,10998.091984936455,5379.561945168664,5618.530039767791,1825.012570497084,1825.012570497084,0.0,48631.17855592899,link,0.0,0.0,0.0,0.0,0.0,0.0,0.0,0.0,0.0,51.328478545230496,51.328478545230496,0.0,0
16.0,2.0,6.0,102.0,79740.5667298025,40135.953102102525,39604.61362769997,2800.895581315986,0.0,2800.895581315986,0.0,link,0.0,0.0,0.0,0.0,0.0,0.0,36.51560795154303,36.51560795154303,0.0,115.29079617605514,36.51560795154303,78.7751882245121,0
16.0,1.0,66.0,103.0,29014.9759926702,0.0,29014.9759926702,4194.662066106028,0.0,4194.662066106028,12316.83855333374,ra,3.0,0.0,3.0,117.97487060923204,0.0,117.97487060923204,0.0,0.0,0.0,0.0,0.0,0.0,1
16.0,0.0,67.0,104.0,29278.008085254503,29278.008085254503,0.0,4585.787822607259,4585.787822607259,0.0,12575.946688510528,ra,4.0,4.0,0.0,165.4908904623722,165.4908904623722,0.0,36.51560795154303,36.51560795154303,0.0,0.0,0.0,0.0,1
16.0,0.0,72.0,105.0,28145.02656728497,28145.02656728497,0.0,3642.99524799985,3642.99524799985,0.0,25449.08031583349,ra,3.0,3.0,0.0,102.45924134999578,102.45924134999578,0.0,0.0,0.0,0.0,0.0,0.0,0.0,1
16.0,1.0,74.0,106.0,25731.855828829863,0.0,25731.855828829863,3150.32793358614,0.0,3150.32793358614,32933.75197391795,ra,2.0,0.0,2.0,88.60297313211018,0.0,88.60297313211018,0.0,0.0,0.0,0.0,0.0,0.0,1
16.0,0.0,76.0,107.0,25418.722177742115,25418.722177742115,0.0,6370.068704760761,6370.068704760761,0.0,49497.46890143416,ra,4.0,4.0,0.0,179.1581823213964,179.1581823213964,0.0,0.0,0.0,0.0,0.0,0.0,0.0,1
16.0,1.0,77.0,108.0,25469.36930201462,0.0,25469.36930201462,3629.483350372933,0.0,3629.483350372933,49565.51842080065,ra,3.0,0.0,3.0,102.07921922923875,0.0,102.07921922923875,0.0,0.0,0.0,0.0,0.0,0.0,1
16.0,1.0,82.0,109.0,26935.54974771189,0.0,26935.54974771189,4731.076881969367,0.0,4731.076881969367,67595.96875209869,ra,3.0,0.0,3.0,133.06153730538844,0.0,133.06153730538844,0.0,0.0,0.0,0.0,0.0,0.0,1
16.0,0.0,83.0,110.0,27462.47510980443,27462.47510980443,0.0,5057.102637456699,5057.102637456699,0.0,68666.07464325256,ra,3.0,3.0,0.0,142.23101167846966,142.23101167846966,0.0,0.0,0.0,0.0,0.0,0.0,0.0,1
16.0,1.0,86.0,111.0,27163.152752819547,0.0,27163.152752819547,4196.376907454115,0.0,4196.376907454115,81021.89267340553,ra,3.0,0.0,3.0,118.02310052214699,0.0,118.02310052214699,0.0,0.0,0.0,0.0,0.0,0.0,1
16.0,0.0,89.0,112.0,29187.99844762554,29187.99844762554,0.0,6653.928103269676,6653.928103269676,0.0,92123.37906601596,ra,4.0,4.0,0.0,187.14172790445966,187.14172790445966,0.0,0.0,0.0,0.0,0.0,0.0,0.0,1
16.0,1.0,90.0,113.0,28376.998666581203,0.0,28376.998666581203,5601.684775109653,0.0,5601.684775109653,92203.5095301381,ra,4.0,0.0,4.0,157.547384299959,0.0,157.547384299959,0.0,0.0,0.0,0.0,0.0,0.0,1
16.0,2.0,94.0,114.0,71124.20344709541,35553.82790120941,35570.375545886,8755.239718801102,4299.63877333859,4455.600945462512,106046.11656904333,ra,6.0,0.0,6.0,278.3918897725153,120.92734050014786,157.46454927236744,32.15077268123427,0.0,32.15077268123427,0.0,0.0,0.0,1
16.0,2.0,12.0,115.0,71147.99996754559,35564.99998476318,35582.99998278241,2799.48715587504,2799.48715587504,0.0,113917.81076099534,link,0.0,0.0,0.0,0.0,0.0,0.0,32.1507726812343,0.0,32.1507726812343,110.88634894021976,78.73557625898549,32.15077268123427,0
18.0,2.0,7.0,118.0,26949.99999999783,13587.999999998794,13361.999999999038,1262.350888686173,0.0,1262.350888686173,0.0,link,0.0,0.0,0.0,0.0,0.0,0.0,74.70397022465593,74.70397022465593,0.0,110.20758896895455,74.70397022465593,35.50361874429861,0
18.0,0.0,68.0,119.0,13587.918618998609,13587.918618998609,0.0,1673.7828719547792,1673.7828719547792,0.0,12318.138045343778,ra,3.0,3.0,0.0,121.7791134983841,121.7791134983841,0.0,74.70397022465593,74.70397022465593,0.0,0.0,0.0,0.0,1
18.0,1.0,69.0,120.0,13361.93226547554,0.0,13361.93226547554,3620.13302138755,0.0,3620.13302138755,12346.305678813724,ra,3.0,0.0,3.0,101.81624122652484,0.0,101.81624122652484,0.0,0.0,0.0,0.0,0.0,0.0,1
18.0,2.0,73.0,121.0,21133.145613699366,10354.073130248858,10779.072483450507,3099.0639764514967,1773.464093458567,1325.5998829929297,27186.329383912336,ra,2.0,2.0,0.0,87.16117433769836,49.87867762852221,37.282496709176144,0.0,0.0,0.0,0.0,0.0,0.0,1
18.0,2.0,81.0,122.0,17024.72901544851,8263.2955761644,8761.433439284106,10407.127018587838,5132.593422062407,5274.533596525431,76811.9776614867,ra,6.0,0.0,6.0,292.7004473977829,144.3541899955052,148.3462574022777,0.0,0.0,0.0,0.0,0.0,0.0,1
18.0,0.0,84.0,123.0,7912.197813125354,7912.197813125354,0.0,1219.9477727403696,1219.9477727403696,0.0,91803.7907317536,ra,1.0,1.0,0.0,34.311031108322894,34.311031108322894,0.0,0.0,0.0,0.0,0.0,0.0,0.0,1
18.0,1.0,85.0,124.0,8875.838788593739,0.0,8875.838788593739,1785.784923800428,0.0,1785.784923800428,91872.46119703975,ra,2.0,0.0,2.0,50.22520098188704,0.0,50.22520098188704,0.0,0.0,0.0,0.0,0.0,0.0,1
18.0,2.0,92.0,125.0,47292.93717996864,22515.08265535503,24777.854524613613,4754.452437208462,3104.7402940346988,1649.7121431737628,121334.73270596893,ra,5.0,0.0,5.0,240.95902431928624,87.3208207697259,153.63820354956033,107.24004952279826,0.0,107.24004952279826,0.0,0.0,0.0,1
18.0,2.0,11.0,126.0,53098.00276723388,24816.36422563914,28281.638541594737,1125.0783643967968,1125.0783643967968,0.0,126075.53174156268,link,0.0,0.0,0.0,0.0,0.0,0.0,107.24004952279826,0.0,107.24004952279826,138.88287852145817,31.642828998659912,107.24004952279826,0
19.0,2.0,7.0,127.0,19888.0,9830.0,10058.0,1832.5223390000008,0.0,1832.5223390000008,0.0,link,0.0,0.0,0.0,0.0,0.0,0.0,50.449026856591644,50.449026856591644,0.0,101.98871764096667,50.449026856591644,51.539690784375026,0
19.0,2.0,0.0,128.0,19888.0,9830.0,10058.0,1790.9817650000002,1790.9817650000002,0.0,18219.57712193098,link,0.0,0.0,0.0,0.0,0.0,0.0,50.449026856591644,50.449026856591644,0.0,100.82038899721665,100.82038899721665,0.0,0
20.0,2.0,0.0,129.0,19481.000344743796,9701.000199905127,9780.000144838668,1585.946802063634,0.0,1585.946802063634,0.0,link,0.0,0.0,0.0,0.0,0.0,0.0,0.0,0.0,0.0,44.60475380803971,0.0,44.60475380803971,0
20.0,0.0,78.0,130.0,10133.998910338903,10133.998910338903,0.0,2201.810828978947,2201.810828978947,0.0,22308.899934453435,ra,2.0,2.0,0.0,61.92592956503289,61.92592956503289,0.0,0.0,0.0,0.0,0.0,0.0,0.0,1
20.0,1.0,79.0,131.0,10094.12847263898,0.0,10094.12847263898,2214.6793271343668,0.0,2214.6793271343668,22364.44986396924,ra,3.0,0.0,3.0,102.13888371778087,0.0,102.13888371778087,39.85102764212681,0.0,39.85102764212681,0.0,0.0,0.0,1
20.0,2.0,8.0,132.0,21962.97969081701,10983.990050020308,10978.989640796704,1594.243979477348,1594.243979477348,0.0,37253.22848420508,link,0.0,0.0,0.0,0.0,0.0,0.0,39.85102764212681,0.0,39.85102764212681,84.68913956492722,44.83811192280041,39.85102764212681,0
21.0,2.0,8.0,133.0,21649.000000000102,11074.000000000044,10575.00000000006,371.5843359997804,0.0,371.5843359997804,0.0,link,0.0,0.0,0.0,0.0,0.0,0.0,52.61055317514725,52.61055317514725,0.0,63.06136262514108,52.61055317514725,10.450809449993825,0
21.0,2.0,87.0,134.0,23288.999999928543,11776.999999969368,11511.999999959173,6542.587792704876,3329.21173105459,3213.376061650286,29246.642192588224,ra,8.0,8.0,0.0,353.4862188868267,146.24463311105762,207.2415857757691,169.47593721700207,52.61055317514725,116.86538404185481,0.0,0.0,0.0,1
21.0,2.0,10.0,135.0,23288.99999999982,11776.999999999924,11511.999999999898,380.1380059998352,380.1380059998352,0.0,32474.473610155062,link,0.0,0.0,0.0,0.0,0.0,0.0,116.86538404185481,0.0,116.86538404185481,127.55676546060018,10.691381418745365,116.86538404185481,0
22.0,2.0,8.0,136.0,18089.34980232114,9293.63667702267,8795.71312529847,2541.603617777336,0.0,2541.603617777336,0.0,link,0.0,0.0,0.0,0.0,0.0,0.0,73.17356871902291,26.78323946338445,46.390329255638456,144.65617046901048,26.78323946338445,117.87293100562601,0
22.0,2.0,9.0,137.0,22551.759921439094,11229.492180860212,11322.267740578884,2598.6403059127283,2598.6403059127283,0.0,25496.14409205573,link,0.0,0.0,0.0,0.0,0.0,0.0,73.17356871902291,26.78323946338445,46.390329255638456,146.2603273228184,99.86999806717994,46.390329255638456,0
24.0,2.0,9.0,140.0,25786.108144857673,12922.607317501452,12863.500827356223,310.22506737586025,0.0,310.22506737586025,0.0,link,0.0,0.0,0.0,0.0,0.0,0.0,90.41878022775441,90.41878022775441,0.0,99.14386024770047,90.41878022775441,8.72508001994607,0
24.0,0.0,88.0,141.0,12911.612953719838,12911.612953719838,0.0,904.5214863572012,904.5214863572012,0.0,7001.124876882881,ra,3.0,3.0,0.0,115.85844703155068,115.85844703155068,0.0,90.41878022775441,90.41878022775441,0.0,0.0,0.0,0.0,1
24.0,1.0,91.0,142.0,12797.695040407143,0.0,12797.695040407143,2112.957697765236,0.0,2112.957697765236,10447.761196686972,ra,2.0,0.0,2.0,59.42693524964726,0.0,59.42693524964726,0.0,0.0,0.0,0.0,0.0,0.0,1
24.0,0.0,97.0,143.0,9570.738932827611,9570.738932827611,0.0,2755.7730122650837,2755.7730122650837,0.0,30840.569189513222,ra,2.0,2.0,0.0,77.50611596995547,77.50611596995547,0.0,0.0,0.0,0.0,0.0,0.0,0.0,1
24.0,1.0,98.0,144.0,9946.426208887748,0.0,9946.426208887748,2231.335725475766,0.0,2231.335725475766,30857.334061915197,ra,2.0,0.0,2.0,62.75631727900593,0.0,62.75631727900593,0.0,0.0,0.0,0.0,0.0,0.0,1
24.0,2.0,108.0,145.0,15887.706151607494,7870.705730584929,8017.000421022563,4501.986650504175,2168.389585344796,2333.5970651593784,55766.14861335632,ra,3.0,0.0,3.0,126.6183745454299,60.985957087822385,65.63241745760752,0.0,0.0,0.0,0.0,0.0,0.0,1
24.0,2.0,114.0,146.0,28294.020698251785,14163.55043686688,14130.470261384906,3453.816952067228,2111.307602382169,1342.5093496850593,76000.7341358558,ra,3.0,0.0,3.0,146.73449209900735,59.3805263169985,87.35396578200886,49.595890322116574,0.0,49.595890322116574,0.0,0.0,0.0,1
24.0,2.0,15.0,147.0,28738.67135022459,14383.312343962509,14355.35900626208,310.87767950128045,310.87767950128045,0.0,78175.47480337396,link,0.0,0.0,0.0,0.0,0.0,0.0,49.595890322116574,0.0,49.595890322116574,58.33932505809008,8.743434735973512,49.595890322116574,0
25.0,2.0,9.0,148.0,18444.994544675952,9036.997526482091,9407.99701819386,3162.573978652046,0.0,3162.573978652046,0.0,link,0.0,0.0,0.0,0.0,0.0,0.0,105.82857451877621,33.950122289937504,71.87845222883871,194.775967668365,33.950122289937504,160.82584537842752,0
25.0,2.0,10.0,149.0,19006.727910032103,9665.34291491844,9341.384995113662,3137.608098414663,3137.608098414663,0.0,35248.172611532704,link,0.0,0.0,0.0,0.0,0.0,0.0,105.82857451877621,33.950122289937504,71.87845222883871,194.07380228668862,122.19535005784991,71.87845222883871,0
26.0,2.0,10.0,150.0,39799.09031594862,19727.656489472974,20071.433826475644,5432.50664953123,0.0,5432.50664953123,0.0,link,0.0,0.0,0.0,0.0,0.0,0.0,136.69958854751926,62.98202243403009,73.71756611348916,289.48883806558507,62.98202243403009,226.50681563155499,0
26.0,2.0,11.0,151.0,61239.02764165262,31319.794471237463,29919.23317041516,5527.098799836521,5527.098799836521,0.0,24120.7762535988,link,0.0,0.0,0.0,0.0,0.0,0.0,136.69958854751926,62.98202243403009,73.71756611348916,292.1492422929214,218.43167617943223,73.71756611348916,0
27.0,2.0,11.0,152.0,68446.95855219441,33632.332120978645,34814.626431215765,4475.01586176286,0.0,4475.01586176286,0.0,link,0.0,0.0,0.0,0.0,0.0,0.0,91.62743295986454,91.62743295986454,0.0,217.487254071945,91.62743295986454,125.85982111208045,0
27.0,0.0,99.0,153.0,29715.95485159294,29715.95485159294,0.0,4959.050959781504,4959.050959781504,0.0,15398.281487957354,ra,5.0,5.0,0.0,231.10074120371937,231.10074120371937,0.0,91.62743295986454,91.62743295986454,0.0,0.0,0.0,0.0,1
27.0,1.0,100.0,154.0,27462.225943179787,0.0,27462.225943179787,4427.600028969178,0.0,4427.600028969178,15788.230047158857,ra,3.0,0.0,3.0,124.52625081475814,0.0,124.52625081475814,0.0,0.0,0.0,0.0,0.0,0.0,1
27.0,2.0,107.0,155.0,39803.00077214074,18775.259985557448,21027.74078658329,8521.51974910427,4077.7617235109983,4443.758025593273,32030.585088502547,ra,5.0,5.0,0.0,239.66774294355764,114.68704847374683,124.98069446981081,0.0,0.0,0.0,0.0,0.0,0.0,1
27.0,0.0,111.0,156.0,14923.34787730996,14923.34787730996,0.0,3332.683703707982,3332.683703707982,0.0,51994.455333056,ra,2.0,2.0,0.0,93.731729166787,93.731729166787,0.0,0.0,0.0,0.0,0.0,0.0,0.0,1
27.0,1.0,110.0,157.0,16064.78653282132,0.0,16064.78653282132,3656.830509986008,0.0,3656.830509986008,52217.78598274018,ra,3.0,0.0,3.0,102.84835809335648,0.0,102.84835809335648,0.0,0.0,0.0,0.0,0.0,0.0,1
27.0,2.0,113.0,158.0,28115.732693263828,13396.479626617023,14719.253066646805,8182.361978154302,4151.774424898176,4030.5875532561263,80453.83595296173,ra,5.0,0.0,5.0,230.12893063558977,116.7686557002612,113.36027493532856,0.0,0.0,0.0,0.0,0.0,0.0,1
27.0,0.0,115.0,159.0,16210.1141141057,16210.1141141057,0.0,2741.8648075464444,2741.8648075464444,0.0,99290.1862589441,ra,2.0,2.0,0.0,77.11494771224375,77.11494771224375,0.0,0.0,0.0,0.0,0.0,0.0,0.0,1
27.0,2.0,116.0,160.0,34177.78966749807,16266.79151473384,17910.998152764234,6377.116285600918,1294.989846913013,5082.126438687905,107271.26953267986,ra,5.0,0.0,5.0,204.06922011004983,36.42158944442849,167.64763066562134,24.71282457752399,0.0,24.71282457752399,0.0,0.0,0.0,1
27.0,2.0,15.0,161.0,39893.99999984566,18725.9999999336,21167.99999991206,3972.0067852374737,3972.0067852374737,0.0,128894.5131374644,link,0.0,0.0,0.0,0.0,0.0,0.0,24.71282457752399,0.0,24.71282457752399,136.42551541232794,111.71269083480395,24.71282457752399,0
28.0,2.0,11.0,162.0,61992.2787513973,31725.31224782596,30266.96650357134,2390.702240646126,0.0,2390.702240646126,0.0,link,0.0,0.0,0.0,0.0,0.0,0.0,107.60575577816286,107.60575577816286,0.0,174.84425629633517,107.60575577816286,67.2385005181723,0
28.0,0.0,93.0,163.0,30439.224167938333,30439.224167938333,0.0,1072.7833528404256,1072.7833528404256,0.0,3445.559107155475,ra,3.0,3.0,0.0,137.77778757679982,137.77778757679982,0.0,107.60575577816286,107.60575577816286,0.0,0.0,0.0,0.0,1
28.0,0.0,95.0,164.0,18498.90877462081,18498.90877462081,0.0,3967.265746570001,3967.265746570001,0.0,21968.34571810977,ra,3.0,3.0,0.0,111.57934912228129,111.57934912228129,0.0,0.0,0.0,0.0,0.0,0.0,0.0,1
28.0,1.0,96.0,165.0,17419.186332491074,0.0,17419.186332491074,4813.95264377551,0.0,4813.95264377551,22264.116411144965,ra,3.0,0.0,3.0,135.39241810618623,0.0,135.39241810618623,0.0,0.0,0.0,0.0,0.0,0.0,1
28.0,2.0,0.0,166.0,16044.983216716417,8425.399218263456,7619.583998452962,2682.96218463007,2682.96218463007,0.0,40879.27967798362,link,0.0,0.0,0.0,0.0,0.0,0.0,0.0,0.0,0.0,75.45831144272073,75.45831144272073,0.0,0
30.0,2.0,12.0,169.0,31173.00771278776,15334.689159172884,15838.318553614876,1373.022338283504,0.0,1373.022338283504,0.0,link,0.0,0.0,0.0,0.0,0.0,0.0,31.044733917109316,31.044733917109316,0.0,69.66098718133287,31.044733917109316,38.61625326422355,0
30.0,0.0,101.0,170.0,15342.168535706442,15342.168535706442,0.0,288.7002299566512,288.7002299566512,0.0,1882.30501330568,ra,1.0,1.0,0.0,39.16442788464013,39.16442788464013,0.0,31.044733917109316,31.044733917109316,0.0,0.0,0.0,0.0,1
30.0,1.0,102.0,171.0,15008.380189154295,0.0,15008.380189154295,2426.954705703304,0.0,2426.954705703304,15325.375723611753,ra,5.0,0.0,5.0,208.50690124503637,0.0,208.50690124503637,140.24880014713094,0.0,140.24880014713094,0.0,0.0,0.0,1
30.0,0.0,103.0,172.0,14615.10439288337,14615.10439288337,0.0,2123.5391790607955,2123.5391790607955,0.0,15632.211521401772,ra,2.0,2.0,0.0,59.724539411084876,59.724539411084876,0.0,0.0,0.0,0.0,0.0,0.0,0.0,1
30.0,2.0,13.0,173.0,18934.390172572806,9143.138576923604,9791.251595649202,1268.116655371192,1268.116655371192,0.0,27311.590572612236,link,0.0,0.0,0.0,0.0,0.0,0.0,140.24880014713094,0.0,140.24880014713094,175.91458107944572,35.665780932314775,140.24880014713094,0
31.0,2.0,12.0,174.0,61211.26177444921,30941.90070843765,30269.36106601156,584.8788313855799,0.0,584.8788313855799,0.0,link,0.0,0.0,0.0,0.0,0.0,0.0,70.60604005758485,70.60604005758485,0.0,87.05575719030429,70.60604005758485,16.449717132719435,0
31.0,1.0,106.0,175.0,29780.03490857172,0.0,29780.03490857172,3637.7163502508033,0.0,3637.7163502508033,10173.779430297054,ra,3.0,0.0,3.0,102.31077235080383,0.0,102.31077235080383,0.0,0.0,0.0,0.0,0.0,0.0,1
31.0,0.0,105.0,176.0,30402.95414259374,30402.95414259374,0.0,3119.852058011688,3119.852058011688,0.0,10175.429354581129,ra,4.0,4.0,0.0,158.35187918916358,158.35187918916358,0.0,70.60604005758485,70.60604005758485,0.0,0.0,0.0,0.0,1
31.0,2.0,109.0,177.0,62402.93424977723,31525.727911032645,30877.20633874459,6816.570463211742,3762.4191873927257,3054.1512758190165,22337.14837090233,ra,7.0,0.0,7.0,322.0816860121319,105.8180396454204,216.2636463667115,130.36564173430165,0.0,130.36564173430165,0.0,0.0,0.0,1
31.0,2.0,14.0,178.0,62766.261417807065,31611.05780980601,31155.20360800105,595.148026243029,595.148026243029,0.0,24222.213413881997,link,0.0,0.0,0.0,0.0,0.0,0.0,130.36564173430165,0.0,130.36564173430165,147.10417997238685,16.73853823808519,130.36564173430165,0
32.0,2.0,13.0,179.0,24034.000000000007,12223.000000000004,11811.000000000004,4986.624005231322,0.0,4986.624005231322,0.0,link,0.0,0.0,0.0,0.0,0.0,0.0,35.665780932314775,35.665780932314775,0.0,175.91458107944572,35.665780932314775,140.24880014713094,0
32.0,2.0,104.0,180.0,24034.000000001273,12223.000000000631,11811.000000000642,545.6198680000062,277.4865460000031,268.13332200000315,2270.21285318104,ra,3.0,3.0,0.0,137.35672990566462,43.47009003856486,93.88663986709977,122.01117111816446,35.665780932314775,86.34539018584968,0.0,0.0,0.0,1
32.0,2.0,16.0,181.0,35472.0,17897.0,17575.0,5106.43524839964,5106.43524839964,0.0,35413.56901786664,link,0.0,0.0,0.0,0.0,0.0,0.0,86.3453901858497,0.0,86.3453901858497,229.96388154708956,143.61849136123988,86.34539018584968,0
33.0,2.0,14.0,182.0,25491.39192820705,13297.332945790267,12194.058982416784,2901.9645133205213,0.0,2901.9645133205213,0.0,link,0.0,0.0,0.0,0.0,0.0,0.0,44.60412887158028,44.60412887158028,0.0,126.22188080871996,44.60412887158028,81.61775193713967,0
33.0,2.0,0.0,183.0,27433.939184964896,13761.985453193762,13671.953731771133,3014.5666133482373,3014.5666133482373,0.0,22213.61178663945,link,0.0,0.0,0.0,0.0,0.0,0.0,44.60412887158028,44.60412887158028,0.0,129.38881487199944,129.38881487199944,0.0,0
34.0,2.0,14.0,184.0,40290.981728268656,40289.53408577645,1.4476424922008384,4807.99244961434,0.0,4807.99244961434,0.0,link,0.0,0.0,0.0,0.0,0.0,0.0,58.611307214746255,58.611307214746255,0.0,193.8360948601496,58.611307214746255,135.22478764540332,0
34.0,2.0,112.0,185.0,40084.67942148965,20069.25833080312,20015.421090686526,5879.593873458729,4738.491686036754,1141.1021874219755,14615.98862167376,ra,5.0,5.0,0.0,248.59061019124715,191.88138588452998,56.70922430671718,83.22703250022039,58.611307214746255,24.615725285474127,0.0,0.0,0.0,1
34.0,0.0,120.0,186.0,19233.978995985926,19233.978995985926,0.0,2388.1873644993475,2388.1873644993475,0.0,26934.149163868184,ra,2.0,2.0,0.0,67.16776962654414,67.16776962654414,0.0,0.0,0.0,0.0,0.0,0.0,0.0,1
34.0,2.0,20.0,187.0,42848.93314386101,20473.58046065553,22375.352683205478,2247.134627658472,2247.134627658472,0.0,38220.85948462789,link,0.0,0.0,0.0,0.0,0.0,0.0,24.615725285474127,0.0,24.615725285474127,87.81638668836865,63.20066140289452,24.615725285474127,0
35.0,2.0,0.0,188.0,13637.0,6766.0,6871.0,2412.026759499997,0.0,2412.026759499997,0.0,link,0.0,0.0,0.0,0.0,0.0,0.0,50.35777544692553,0.0,50.35777544692553,118.19602805786295,0.0,118.19602805786295,0
35.0,2.0,16.0,189.0,13637.0,6766.0,6871.0,2375.1670869999966,2375.1670869999966,0.0,35104.46295422166,link,0.0,0.0,0.0,0.0,0.0,0.0,50.35777544692553,0.0,50.35777544692553,117.15934976880042,66.8015743218749,50.35777544692553,0
36.0,2.0,15.0,190.0,63592.0,31158.0,32434.0,1263.5151210000006,0.0,1263.5151210000006,0.0,link,0.0,0.0,0.0,0.0,0.0,0.0,81.68377344926192,81.68377344926192,0.0,117.22013622738694,81.68377344926192,35.53636277812502,0
36.0,0.0,121.0,191.0,31158.0,31158.0,0.0,1862.7498720000008,1862.7498720000008,0.0,5978.406282256154,ra,3.0,3.0,0.0,134.07361359926193,134.07361359926193,0.0,81.68377344926192,81.68377344926192,0.0,0.0,0.0,0.0,1
36.0,1.0,122.0,192.0,32434.0,0.0,32434.0,2232.9998150000006,0.0,2232.9998150000006,6884.764105769136,ra,6.0,0.0,6.0,264.0281557710153,0.0,264.0281557710153,201.22503597414027,0.0,201.22503597414027,0.0,0.0,0.0,1
36.0,2.0,17.0,193.0,63592.0,31158.0,32434.0,1496.2071600000006,1496.2071600000006,0.0,10780.414990255447,link,0.0,0.0,0.0,0.0,0.0,0.0,201.22503597414027,0.0,201.22503597414027,243.30586234914028,42.08082637500002,201.22503597414027,0
37.0,2.0,16.0,194.0,61280.64411621449,31014.17446373309,30266.469652481403,3075.322007033439,0.0,3075.322007033439,0.0,link,0.0,0.0,0.0,0.0,0.0,0.0,344.7604460024379,160.21033149815503,184.55011450428287,431.2538774502534,160.21033149815503,271.0435459520984,0
37.0,0.0,117.0,195.0,31188.918197802075,31188.918197802075,0.0,476.2646699717726,476.2646699717726,0.0,1531.6015518302704,ra,4.0,4.0,0.0,173.60527534111114,173.60527534111114,0.0,160.21033149815503,160.21033149815503,0.0,0.0,0.0,0.0,1
37.0,2.0,18.0,196.0,64809.52507699492,32882.29003408458,31927.235042910343,2677.0230036732487,2677.0230036732487,0.0,9891.283544490125,link,0.0,0.0,0.0,0.0,0.0,0.0,184.55011450428287,0.0,184.55011450428287,259.841386482593,75.29127197831012,184.55011450428287,0
38.0,2.0,17.0,197.0,73980.90840881804,36437.73642199968,37543.17198681836,8581.895963178365,0.0,8581.895963178365,0.0,link,0.0,0.0,0.0,0.0,0.0,0.0,61.02897258933655,61.02897258933655,0.0,302.39479655372804,61.02897258933655,241.36582396439152,0
38.0,1.0,118.0,198.0,38288.38488121995,0.0,38288.38488121995,3563.200636081027,0.0,3563.200636081027,5385.572941871728,ra,3.0,0.0,3.0,100.21501788977889,0.0,100.21501788977889,0.0,0.0,0.0,0.0,0.0,0.0,1
38.0,0.0,119.0,199.0,38355.566312925184,38355.566312925184,0.0,2619.00122524035,2619.00122524035,0.0,7097.786060466791,ra,3.0,3.0,0.0,134.6883820492214,134.6883820492214,0.0,61.02897258933655,61.02897258933655,0.0,0.0,0.0,0.0,1
38.0,1.0,123.0,200.0,41712.9401712972,0.0,41712.9401712972,2031.1114551113544,0.0,2031.1114551113544,14257.714169889843,ra,2.0,0.0,2.0,83.71345587236515,0.0,83.71345587236515,26.58844619735831,0.0,26.58844619735831,0.0,0.0,0.0,1
38.0,0.0,124.0,201.0,40728.86630783911,40728.86630783911,0.0,2848.889850605756,2848.889850605756,0.0,14300.505499646226,ra,2.0,2.0,0.0,80.12502704828688,80.12502704828688,0.0,0.0,0.0,0.0,0.0,0.0,0.0,1
38.0,2.0,22.0,202.0,105896.44285789959,51540.438437961006,54356.004419938574,8230.021979980831,8230.021979980831,0.0,31585.43416751235,link,0.0,0.0,0.0,0.0,0.0,0.0,26.58844619735831,0.0,26.58844619735831,258.05781438431916,231.46936818696088,26.58844619735831,0
39.0,2.0,17.0,203.0,25562.278853813234,12328.30028963884,13233.978564174393,1988.332963522788,0.0,1988.332963522788,0.0,link,0.0,0.0,0.0,0.0,0.0,0.0,127.09900656013953,77.11450637499313,49.9845001851464,183.02087115921796,77.11450637499313,105.90636478422482,0
39.0,2.0,24.0,204.0,21529.452943652228,10591.584479212725,10937.868464439502,1897.3687907956744,1897.3687907956744,0.0,17071.72988124704,link,0.0,0.0,0.0,0.0,0.0,0.0,127.09900656013953,77.11450637499313,49.9845001851464,180.46250380126787,130.47800361612147,49.9845001851464,0
40.0,2.0,18.0,205.0,25932.838407847834,12821.14586322636,13111.692544621475,1674.795944952231,0.0,1674.795944952231,0.0,link,0.0,0.0,0.0,0.0,0.0,0.0,138.04520311359678,86.06573447786434,51.97946863573244,185.14883906537827,86.06573447786434,99.08310458751393,0
40.0,2.0,26.0,206.0,22387.89451536771,11334.707010656924,11053.187504710784,1671.626697283136,1671.626697283136,0.0,13785.599210644326,link,0.0,0.0,0.0,0.0,0.0,0.0,138.04520311359678,86.06573447786434,51.97946863573244,185.059703974685,133.08023533895255,51.97946863573244,0
41.0,2.0,18.0,207.0,65100.064380541284,32409.67765592153,32690.38672461976,8031.948343872269,0.0,8031.948343872269,0.0,link,0.0,0.0,0.0,0.0,0.0,0.0,77.67760611935196,77.67760611935196,0.0,303.5761532907595,77.67760611935196,225.89854717140759,0
41.0,1.0,126.0,208.0,33015.8306660751,0.0,33015.8306660751,515.7447983857179,0.0,515.7447983857179,1570.6218936678245,ra,2.0,0.0,2.0,66.77636222413588,0.0,66.77636222413588,52.271039769537566,0.0,52.271039769537566,0.0,0.0,0.0,1
41.0,0.0,125.0,209.0,32828.808927873586,32828.808927873586,0.0,517.979810454405,517.979810454405,0.0,1588.999800427482,ra,2.0,2.0,0.0,92.2457882883821,92.2457882883821,0.0,77.67760611935196,77.67760611935196,0.0,0.0,0.0,0.0,1
41.0,2.0,25.0,210.0,107717.84336110209,52411.86349298975,55305.979868112336,8019.395375229603,8019.395375229603,0.0,19664.682517120145,link,0.0,0.0,0.0,0.0,0.0,0.0,52.271039769537566,0.0,52.271039769537566,277.81653469787017,225.5454949283326,52.271039769537566,0
42.0,2.0,0.0,211.0,64323.0,34358.0,29965.000000000004,292.1437675,0.0,292.1437675,0.0,link,0.0,0.0,0.0,0.0,0.0,0.0,79.45908082503051,0.0,79.45908082503051,87.67562428596801,0.0,87.67562428596801,0
42.0,2.0,21.0,212.0,64323.0,34358.0,29965.0,334.9733210000001,334.9733210000001,0.0,974.9930872178356,link,0.0,0.0,0.0,0.0,0.0,0.0,79.45908082503051,0.0,79.45908082503051,88.88020547815552,9.421124653125004,79.45908082503051,0
43.0,2.0,20.0,213.0,150198.49863614666,75767.44894346851,74431.04969267815,256.5387159589935,0.0,256.5387159589935,0.0,link,0.0,0.0,0.0,0.0,0.0,0.0,105.37163291978553,105.37163291978553,0.0,112.58678430613222,105.37163291978553,7.215151386346692,0
43.0,2.0,127.0,214.0,143910.62075712613,71622.8655725805,72287.75518454562,14695.550707760216,7361.674053195678,7333.876654564538,10005.69209126666,ra,15.0,0.0,15.0,730.3602099324942,312.418715665914,417.9414942665802,317.04784627673814,105.37163291978553,211.67621335695262,0.0,0.0,0.0,1
43.0,2.0,22.0,215.0,143835.3128743358,71573.22723597237,72262.08563836341,254.1351114407348,254.1351114407348,0.0,10360.675542503666,link,0.0,0.0,0.0,0.0,0.0,0.0,211.67621335695262,0.0,211.67621335695262,218.8237633662233,7.147550009270666,211.67621335695262,0
44.0,2.0,20.0,216.0,153959.0,74263.0,79696.0,3498.654400000002,0.0,3498.654400000002,0.0,link,0.0,0.0,0.0,0.0,0.0,0.0,185.22996366210785,51.433936221747395,133.79602744036046,283.62961866210793,51.433936221747395,232.19568244036054,0
44.0,2.0,21.0,217.0,153959.0,74263.0,79696.0,3260.145700000001,3260.145700000001,0.0,4390.047146032249,link,0.0,0.0,0.0,0.0,0.0,0.0,185.22996366210785,51.433936221747395,133.79602744036046,276.92156147460787,143.1255340342474,133.79602744036046,0
45.0,2.0,20.0,218.0,62196.76002530598,32348.66402655705,29848.09599874893,1778.4316575225057,0.0,1778.4316575225057,0.0,link,0.0,0.0,0.0,0.0,0.0,0.0,37.41256373005472,37.41256373005472,0.0,87.4309540978752,37.41256373005472,50.01839036782047,0
45.0,2.0,129.0,219.0,59803.760630072626,31496.773292559403,28306.987337513223,6019.401556958648,3144.575633708264,2874.8259232503847,9849.378972750012,ra,6.0,0.0,6.0,259.30055450624593,125.85375342809964,133.4468010781463,90.00488571678397,37.41256373005472,52.59232198672926,0.0,0.0,0.0,1
45.0,2.0,27.0,220.0,59265.836631097605,31619.71560399585,27646.121027101755,2008.7677610146968,2008.7677610146968,0.0,16227.553730454052,link,0.0,0.0,0.0,0.0,0.0,0.0,52.59232198672926,0.0,52.59232198672926,109.0889152652676,56.49659327853834,52.59232198672926,0
46.0,2.0,21.0,221.0,122056.36331156333,58092.14471186193,63964.2185997014,6279.260644728073,0.0,6279.260644728073,0.0,link,0.0,0.0,0.0,0.0,0.0,0.0,135.8209717158481,64.46181983321112,71.35915188263698,312.4251773488252,64.46181983321112,247.96335751561406,0
46.0,2.0,23.0,222.0,131872.70614633957,62497.919354533005,69374.78679180656,5678.044393759095,5678.044393759095,0.0,9404.55520736285,link,0.0,0.0,0.0,0.0,0.0,0.0,135.8209717158481,64.46181983321112,71.35915188263698,295.5159702903226,224.15681840768565,71.35915188263698,0
47.0,2.0,22.0,223.0,38579.295537849815,18952.69215084102,19626.6033870088,1763.219166427337,0.0,1763.219166427337,0.0,link,0.0,0.0,0.0,0.0,0.0,0.0,49.942797697689464,49.942797697689464,0.0,99.53333675345831,49.942797697689464,49.59053905576886,0
47.0,2.0,128.0,224.0,35162.62482989687,17399.45971996509,17763.16510993178,7435.637995433931,3663.3854298437486,3772.2525655901823,19815.112780906624,ra,6.0,0.0,6.0,292.40959314243696,152.9755129120449,139.43408023039203,83.28227452085761,49.942797697689464,33.33947682316815,0.0,0.0,0.0,1
47.0,2.0,28.0,225.0,35062.11998304022,16961.141448801816,18100.9785342384,1675.651535543216,1675.651535543216,0.0,29618.33132225415,link,0.0,0.0,0.0,0.0,0.0,0.0,33.33947682316815,0.0,33.33947682316815,80.4671762603211,47.12769943715295,33.33947682316815,0
48.0,2.0,24.0,226.0,16009.999934388854,7856.999966820751,8152.999967568103,2252.387938481718,0.0,2252.387938481718,0.0,link,0.0,0.0,0.0,0.0,0.0,0.0,35.195204445256394,35.195204445256394,0.0,98.5436152150547,35.195204445256394,63.34841076979831,0
48.0,2.0,0.0,227.0,10228.9496360124,5180.369177535584,5048.580458476815,2203.4039084147803,2203.4039084147803,0.0,34790.83034290512,link,0.0,0.0,0.0,0.0,0.0,0.0,35.195204445256394,35.195204445256394,0.0,97.16593936942209,97.16593936942209,0.0,0
50.0,2.0,23.0,230.0,167288.29083468003,89420.76920845687,77867.52162622314,2077.529087866036,0.0,2077.529087866036,0.0,link,0.0,0.0,0.0,0.0,0.0,0.0,330.1786237124858,157.27875985068863,172.89986386179714,388.609129308718,157.27875985068863,231.33036945802942,0
50.0,2.0,25.0,231.0,167733.1420677742,89424.56834914754,78308.57371862668,2379.090073396836,2379.090073396836,0.0,2660.513408818963,link,0.0,0.0,0.0,0.0,0.0,0.0,330.1786237124858,157.27875985068863,172.89986386179714,397.0905320267718,224.19066816497465,172.89986386179714,0
51.0,2.0,23.0,232.0,68004.42841151668,33685.47219088722,34318.956220629465,2606.4986391770226,0.0,2606.4986391770226,0.0,link,0.0,0.0,0.0,0.0,0.0,0.0,126.36220007585617,62.79536666423492,63.566833411621246,199.66997430270993,62.79536666423492,136.874607638475,0
51.0,0.0,130.0,233.0,33100.995903315394,33100.995903315394,0.0,783.1629546866914,783.1629546866914,0.0,2344.9972799662905,ra,2.0,2.0,0.0,84.82182476479812,84.82182476479812,0.0,62.79536666423492,62.79536666423492,0.0,0.0,0.0,0.0,1
51.0,2.0,27.0,234.0,64426.23565632764,31754.48892503164,32671.746731296,1762.794004348873,1762.794004348873,0.0,7784.588682143257,link,0.0,0.0,0.0,0.0,0.0,0.0,63.566833411621246,0.0,63.566833411621246,113.14541478393329,49.578581372312044,63.566833411621246,0
53.0,2.0,24.0,237.0,26623.0,13216.0,13407.000000000002,1301.209681500001,0.0,1301.209681500001,0.0,link,0.0,0.0,0.0,0.0,0.0,0.0,102.19656670501493,68.12872567271138,34.06784103230354,138.79308899720246,68.12872567271138,70.66436332449106,0
53.0,2.0,28.0,238.0,26623.0,13216.0,13407.0,1282.6722719999998,1282.6722719999998,0.0,9705.486491353968,link,0.0,0.0,0.0,0.0,0.0,0.0,102.19656670501493,68.12872567271138,34.06784103230354,138.27172435501492,104.20388332271139,34.06784103230354,0
54.0,2.0,25.0,239.0,63790.74308365228,33602.55553767664,30188.187545975637,914.669079332492,0.0,914.669079332492,0.0,link,0.0,0.0,0.0,0.0,0.0,0.0,93.01156746751025,93.01156746751025,0.0,118.73663532373658,93.01156746751025,25.725067856226335,0
54.0,2.0,131.0,240.0,33762.441558617626,17029.212737248363,16733.228821369263,7185.418002340216,3714.280971775646,3471.13703056457,14118.05957838652,ra,8.0,8.0,0.0,378.69093731441365,197.47571979870028,181.21521751571333,176.6010559985951,93.01156746751025,83.58948853108483,0.0,0.0,0.0,1
54.0,2.0,26.0,241.0,32484.774457444895,16371.354345937669,16113.420111507226,929.5714925260236,929.5714925260236,0.0,19751.672738570145,link,0.0,0.0,0.0,0.0,0.0,0.0,83.58948853108483,0.0,83.58948853108483,109.73368675837924,26.144198227294414,83.58948853108483,0
55.0,2.0,26.0,242.0,35611.19993600926,17306.49996896785,18304.699967041404,3651.9540270608895,0.0,3651.9540270608895,0.0,link,0.0,0.0,0.0,0.0,0.0,0.0,40.30094893265288,40.30094893265288,0.0,143.01215594374042,40.30094893265288,102.71120701108754,0
55.0,2.0,132.0,243.0,34335.6700861098,16687.900230609903,17647.769855499897,3806.716178738113,1850.014875297545,1956.701303440568,10714.232916978135,ra,3.0,0.0,3.0,147.3648414596623,92.33261730039634,55.03222415926597,40.30094893265288,40.30094893265288,0.0,0.0,0.0,0.0,1
55.0,2.0,0.0,244.0,9015.000278806967,4116.000142012323,4899.000136794644,3382.273931804988,3382.273931804988,0.0,47911.36687265736,link,0.0,0.0,0.0,0.0,0.0,0.0,0.0,0.0,0.0,95.1264543320153,95.1264543320153,0.0,0
56.0,2.0,27.0,245.0,67553.51728478492,34432.267085202984,33121.25019958193,2367.0237097169543,0.0,2367.0237097169543,0.0,link,0.0,0.0,0.0,0.0,0.0,0.0,56.48856108828923,56.48856108828923,0.0,123.06110292407858,56.48856108828923,66.57254183578935,0
56.0,1.0,134.0,246.0,28345.05378073905,0.0,28345.05378073905,1429.461201904893,0.0,1429.461201904893,14670.942506693847,ra,1.0,0.0,1.0,40.20359630357511,0.0,40.20359630357511,0.0,0.0,0.0,0.0,0.0,0.0,1
56.0,0.0,133.0,247.0,28758.648000424007,28758.648000424007,0.0,4635.222356187495,4635.222356187495,0.0,14715.488271793003,ra,4.0,4.0,0.0,186.85418985606253,186.85418985606253,0.0,56.48856108828923,56.48856108828923,0.0,0.0,0.0,0.0,1
56.0,2.0,135.0,248.0,47006.10408228616,24072.8864014428,22933.21768084336,5972.3380643838445,1468.7067383505575,4503.631326033287,20490.182643268578,ra,4.0,4.0,0.0,177.6130729942274,41.307377016109434,136.30569597811797,9.641064933431764,0.0,9.641064933431764,0.0,0.0,0.0,1
56.0,2.0,29.0,249.0,45237.32656378552,23422.054813020965,21815.27175076456,2510.3156903599324,2510.3156903599324,0.0,31051.51115001564,link,0.0,0.0,0.0,0.0,0.0,0.0,9.641064933431764,0.0,9.641064933431764,80.24369372480487,70.6026287913731,9.641064933431764,0
57.0,2.0,28.0,250.0,21608.0,10785.0,10823.000000000002,664.3049169999997,0.0,664.3049169999997,0.0,link,0.0,0.0,0.0,0.0,0.0,0.0,34.479115022306246,34.479115022306246,0.0,53.16269081293124,34.479115022306246,18.683575790624992,0
57.0,2.0,0.0,251.0,21608.0,10785.000000000002,10823.0,661.972515,661.972515,0.0,6137.906286244384,link,0.0,0.0,0.0,0.0,0.0,0.0,34.479115022306246,34.479115022306246,0.0,53.09709200668125,53.09709200668125,0.0,0
59.0,2.0,29.0,254.0,41763.642422810655,21836.31144790283,19927.330974907825,64.19229876066692,0.0,64.19229876066692,0.0,link,0.0,0.0,0.0,0.0,0.0,0.0,61.16373791841394,61.16373791841394,0.0,62.9691463210577,61.16373791841394,1.805408402643757,0
59.0,0.0,137.0,255.0,11226.947197214342,11226.947197214342,0.0,4281.442654724177,4281.442654724177,0.0,25939.716113189967,ra,4.0,4.0,0.0,181.57931258253146,181.57931258253146,0.0,61.16373791841394,61.16373791841394,0.0,0.0,0.0,0.0,1
59.0,1.0,138.0,256.0,8142.41876965786,0.0,8142.41876965786,3768.951031500648,0.0,3768.951031500648,26235.491957639333,ra,3.0,0.0,3.0,106.00174776095572,0.0,106.00174776095572,0.0,0.0,0.0,0.0,0.0,0.0,1
59.0,2.0,0.0,257.0,19030.167720862108,11064.89566740363,7965.272053458477,121.79539004601152,121.79539004601152,0.0,27032.750454879864,link,0.0,0.0,0.0,0.0,0.0,0.0,0.0,0.0,0.0,3.4254953450440744,3.4254953450440744,0.0,0
60.0,2.0,29.0,258.0,15204.999638753205,7325.999839362642,7878.999799390564,589.7618799510744,0.0,589.7618799510744,0.0,link,0.0,0.0,0.0,0.0,0.0,0.0,18.190287215795127,18.190287215795127,0.0,34.7773400894191,18.190287215795127,16.587052873623968,0
60.0,2.0,136.0,259.0,13825.298552554461,6712.4814864233695,7112.817066131092,1621.7030872016057,781.773481624616,839.9296055769897,10738.631570167296,ra,2.0,2.0,0.0,63.80068654334029,40.17766638648746,23.623020156852835,18.190287215795127,18.190287215795127,0.0,0.0,0.0,0.0,1
60.0,2.0,0.0,260.0,9900.001134069504,4967.000504292169,4933.000629777334,588.1442988228391,588.1442988228391,0.0,22135.2935483001,link,0.0,0.0,0.0,0.0,0.0,0.0,0.0,0.0,0.0,16.54155840439235,16.54155840439235,0.0,0
