Time of calculation: 20220103-114558; value of objective: -242539.64398523164;  acc=50;  cfix=7000;  cvar=17750;  eta=0.01;  mu=0.1859430513361825;  i=
segment_id,dir,type_ID,POI_ID,traffic_flow,traffic_flow_0,traffic_flow_1,energy_demand,energy_demand_0,energy_demand_1,dist_along_segment,pois_type,pYi_dir,pYi_dir_0,pYi_dir_1,pE_charged,pE_charged_0,pE_charged_1,pE_input,pE_input_0,pE_input_1,pE_output,pE_output_0,pE_output_1,pXi
0.0,2.0,0.0,0.0,26540.63611205301,13243.023903864512,13297.612208188497,4423.921231438179,0.0,4423.921231438179,0.0,link,0.0,0.0,0.0,0.0,0.0,0.0,0.0,0.0,0.0,25.763410851451457,0.0,25.763410851451457,0
0.0,2.0,1.0,1.0,26594.77697992819,13269.441574912722,13325.335405015468,810.0039769207759,31.774775427221,778.2292014935549,239.71582410116363,ra,2.0,0.0,2.0,88.19110482512298,0.1850454723801604,88.00605935274282,83.47391748000939,0.0,83.47391748000939,0.0,0.0,0.0,1
0.0,2.0,0.0,2.0,45891.071384772644,24132.535484801192,21758.535899971448,10453.078391900737,5371.86342144895,5081.214970451788,24427.46216029796,ra,0.0,0.0,0.0,0.0,0.0,0.0,53.88265170927197,0.0,53.88265170927197,114.75782085992584,31.283903379916456,83.47391748000939,0
0.0,1.0,2.0,3.0,5594.606273434111,0.0,5594.606273434111,2065.9854049899545,0.0,2065.9854049899545,68504.60131061138,ra,0.0,0.0,0.0,0.0,0.0,0.0,41.85105620444989,0.0,41.85105620444989,53.88265170927197,0.0,53.88265170927197,0
0.0,0.0,3.0,4.0,4553.083889317481,4553.083889317481,0.0,7187.448325138304,7187.448325138304,0.0,79329.13749040988,ra,0.0,0.0,0.0,0.0,0.0,0.0,31.283903379916456,31.283903379916456,0.0,73.14115500957908,73.14115500957908,0.0,0
0.0,2.0,4.0,5.0,7895.539602766943,4645.32330643337,3250.2162963335736,2342.9750495919843,1038.6617908113935,1304.3132587805906,104473.7124161702,ra,2.0,2.0,0.0,68.13526112309685,68.13526112309685,0.0,107.39633492984936,73.14115500957908,34.25517992027029,52.90576268330257,11.054706478852676,41.85105620444989,1
0.0,2.0,5.0,6.0,19815.36822147169,9562.72950758806,10252.63871388363,7959.026265117185,2076.9550358924675,5882.071229224718,133409.21035475997,ra,1.0,0.0,1.0,50.0,0.0,50.0,61.05470647885268,11.054706478852676,50.0,57.405365299024915,23.150185378754628,34.25517992027029,1
0.0,2.0,6.0,7.0,38420.41317046725,19234.66349454688,19185.749675920368,10291.73164091456,4957.101208651553,5334.630432263007,173065.41379977632,ra,1.0,0.0,1.0,50.0,11.054706478852676,38.94529352114732,81.02840777070648,23.150185378754628,57.87822239195185,90.96394838420119,40.96394838420118,50.0,1
0.0,1.0,7.0,8.0,21229.45737990749,0.0,21229.45737990749,31.90719068892483,0.0,31.90719068892483,176940.22069628988,ra,0.0,0.0,0.0,0.0,0.0,0.0,57.69240577817658,0.0,57.69240577817658,57.87822239195185,0.0,57.87822239195185,0
0.0,2.0,0.0,9.0,50605.7308716768,25638.902393873523,24966.82847780328,5210.178551742356,5210.178551742356,0.0,194059.96494613093,link,0.0,0.0,0.0,0.0,0.0,0.0,98.65635416237777,40.96394838420118,57.69240577817658,128.99865991684098,71.3062541386644,57.69240577817658,0
1.0,2.0,0.0,10.0,41635.269674683135,21021.62675530025,20613.64291938288,39.776186500955454,0.0,39.776186500955454,0.0,link,0.0,0.0,0.0,0.0,0.0,0.0,88.85424385848015,68.60947446423938,20.244769394240766,89.08588682437332,68.60947446423938,20.476412360133928,0
1.0,2.0,8.0,11.0,39859.943598360216,20128.71002741653,19731.23357094369,2276.328443367862,1715.7273142405495,560.6011291273123,8218.215919324155,ra,0.0,0.0,0.0,0.0,0.0,0.0,85.58949377413037,68.60947446423938,16.980019309890995,98.84605551003314,78.60128611579238,20.244769394240766,0
1.0,0.0,9.0,12.0,15021.9786197919,15021.9786197919,0.0,1426.8426564048834,1426.8426564048834,0.0,16747.064047816148,ra,0.0,0.0,0.0,0.0,0.0,0.0,78.60128611579238,78.60128611579238,0.0,86.91073188894529,86.91073188894529,0.0,0
1.0,2.0,10.0,13.0,29629.27020666332,14994.151703987822,14635.1185026755,191.32891529796464,24.711112058686385,166.61780323927826,16911.740762175257,ra,0.0,0.0,0.0,0.0,0.0,0.0,102.9204258482142,86.91073188894529,16.009693959268894,104.03466030102372,87.05464099113273,16.980019309890995,0
1.0,2.0,14.0,14.0,23126.81664543996,11846.335117703364,11280.481527736596,2715.588968665061,1386.7595429137232,1328.829425751338,27721.26496153286,ra,0.0,0.0,0.0,0.0,0.0,0.0,95.3256848578455,87.05464099113273,8.271043866712777,111.14035031938289,95.13065636011399,16.009693959268894,0
1.0,1.0,13.0,15.0,11337.261932088282,0.0,11337.261932088282,1420.2485369302626,0.0,1420.2485369302626,29194.630965596883,ra,0.0,0.0,0.0,0.0,0.0,0.0,0.0,0.0,0.0,8.271043866712777,0.0,8.271043866712777,0
1.0,0.0,12.0,16.0,11885.52653584708,11885.52653584708,0.0,208.50481099773148,208.50481099773148,0.0,29478.47368022978,ra,0.0,0.0,0.0,0.0,0.0,0.0,95.13065636011399,95.13065636011399,0.0,96.34491738087192,96.34491738087192,0.0,0
1.0,0.0,15.0,17.0,11960.17018283512,11960.17018283512,0.0,465.471180470787,465.471180470787,0.0,33381.72336961185,ra,0.0,0.0,0.0,0.0,0.0,0.0,96.34491738087192,96.34491738087192,0.0,99.055663037182,99.055663037182,0.0,0
1.0,2.0,16.0,18.0,23460.93532657191,11970.385389125157,11490.549937446756,1768.6682817168698,86.33017164884411,1682.3381100680258,34103.26049306036,ra,3.0,3.0,0.0,109.35578485625629,99.55842056036295,9.797364295893338,99.055663037182,99.055663037182,0.0,0.0,0.0,0.0,1
1.0,2.0,0.0,19.0,23472.95328481904,11974.880939958675,11498.072344860364,41.43137038083431,41.43137038083431,0.0,34449.34645750041,link,0.0,0.0,0.0,0.0,0.0,0.0,0.0,0.0,0.0,0.24128219319878896,0.24128219319878896,0.0,0
2.0,2.0,0.0,20.0,68929.16895257494,33758.81379308793,35170.35515948701,2037.3044909279515,0.0,2037.3044909279515,0.0,link,0.0,0.0,0.0,0.0,0.0,0.0,134.0825556894531,55.71395478668498,78.36860090276814,145.94712331698761,55.71395478668498,90.23316853030263,0
2.0,1.0,11.0,21.0,34398.2821383792,0.0,34398.2821383792,0.1779942533838276,0.0,0.1779942533838276,2598.411645460739,ra,0.0,0.0,0.0,0.0,0.0,0.0,78.3675643248457,0.0,78.3675643248457,78.36860090276814,0.0,78.36860090276814,0
2.0,0.0,17.0,22.0,24285.97411997901,24285.97411997901,0.0,5629.753466227842,5629.753466227842,0.0,19826.030918871555,ra,0.0,0.0,0.0,0.0,0.0,0.0,55.71395478668498,55.71395478668498,0.0,88.49972197261181,88.49972197261181,0.0,0
2.0,1.0,18.0,23.0,24186.0911430872,0.0,24186.0911430872,4128.069297151063,0.0,4128.069297151063,19924.554475399083,ra,0.0,0.0,0.0,0.0,0.0,0.0,54.3270943974029,0.0,54.3270943974029,78.3675643248457,0.0,78.3675643248457,0
2.0,0.0,19.0,24.0,24395.8043620461,24395.8043620461,0.0,1107.9496170791724,1107.9496170791724,0.0,24376.283905318956,ra,0.0,0.0,0.0,0.0,0.0,0.0,88.49972197261181,88.49972197261181,0.0,94.95204327179539,94.95204327179539,0.0,0
2.0,0.0,20.0,25.0,18382.744960495544,18382.744960495544,0.0,3193.5958308596214,3193.5958308596214,0.0,38424.04808590371,ra,0.0,0.0,0.0,0.0,0.0,0.0,94.95204327179539,94.95204327179539,0.0,113.55045793144589,113.55045793144589,0.0,0
2.0,1.0,21.0,26.0,18491.613365488807,0.0,18491.613365488807,4453.992496188428,0.0,4453.992496188428,38987.68062551749,ra,0.0,0.0,0.0,0.0,0.0,0.0,28.38855873968731,0.0,28.38855873968731,54.3270943974029,0.0,54.3270943974029,0
2.0,2.0,22.0,27.0,37060.49951410931,18323.84940673533,18736.65010737398,9037.685965220891,4162.991831646682,4874.69413357421,60686.533174562566,ra,2.0,2.0,0.0,100.0,94.72669503390428,5.273304966095719,118.82376289754161,113.55045793144589,5.273304966095719,71.45616851401495,43.067609774327636,28.38855873968731,1
2.0,2.0,23.0,28.0,37058.90292655935,18323.112740357166,18735.790186202183,905.6708621966342,0.1740732089699103,905.4967889876642,60687.52230976862,ra,2.0,2.0,0.0,43.06862351742257,43.06862351742257,0.0,43.067609774327636,43.067609774327636,0.0,5.273304966095719,0.0,5.273304966095719,1
2.0,2.0,0.0,29.0,23931.60016336258,12393.941571693274,11537.658591669302,2066.8759536088314,2066.8759536088314,0.0,74788.45855603463,link,0.0,0.0,0.0,0.0,0.0,0.0,0.0,0.0,0.0,12.036781756735483,12.036781756735483,0.0,0
3.0,2.0,0.0,30.0,27844.0,14880.0,12964.0,276.638796,0.0,276.638796,0.0,link,0.0,0.0,0.0,0.0,0.0,0.0,0.0,0.0,0.0,1.611050148938092,0.0,1.611050148938092,0
3.0,0.0,24.0,31.0,14880.0,14880.0,0.0,43.31568,43.31568,0.0,291.13911748382634,ra,0.0,0.0,0.0,0.0,0.0,0.0,0.0,0.0,0.0,0.2522557707898452,0.2522557707898452,0.0,0
3.0,1.0,25.0,32.0,12963.999999999998,0.0,12963.999999999998,50.78647,0.0,50.78647,391.7896627176565,ra,2.0,0.0,2.0,100.0,0.0,100.0,99.70423689214748,0.0,99.70423689214748,0.0,0.0,0.0,1
3.0,2.0,1.0,33.0,27844.0,14880.000000000002,12964.0,332.50104000000005,332.50104000000005,0.0,2525.7146416492456,link,0.0,0.0,0.0,0.0,0.0,0.0,99.95649266293732,0.2522557707898452,99.70423689214748,101.89286549913948,2.1886286069920042,99.70423689214748,0
4.0,2.0,1.0,34.0,59761.3086274698,30037.341974575906,29723.966652893894,2541.480423000085,0.0,2541.480423000085,0.0,link,0.0,0.0,0.0,0.0,0.0,0.0,159.23577431182093,101.68847630234549,57.547298009475426,174.0364908895403,101.68847630234549,72.34801458719481,0
4.0,1.0,29.0,35.0,19741.19620746718,0.0,19741.19620746718,941.1307808897812,0.0,941.1307808897812,27421.918402146952,ra,0.0,0.0,-0.0,0.0,0.0,0.0,52.06647280836117,0.0,52.06647280836117,57.547298009475426,0.0,57.547298009475426,0
4.0,0.0,28.0,36.0,20188.77400206591,20188.77400206591,0.0,6913.407817081132,6913.407817081132,0.0,27456.275537656256,ra,0.0,-0.0,0.0,0.0,0.0,0.0,101.68847630234549,101.68847630234549,0.0,141.94980932729956,141.94980932729956,0.0,0
4.0,2.0,31.0,37.0,24242.046721440067,16011.081415437498,8230.965306002568,10336.618270691582,5459.807289653861,4876.810981037721,57952.436449648114,ra,0.0,0.0,-0.0,0.0,0.0,0.0,165.61539559715894,141.94980932729956,23.66558626985938,225.81234065801686,173.7458678496557,52.06647280836117,0
4.0,2.0,30.0,38.0,24222.436414627213,16010.688472387346,8211.747942239866,2097.1816748164333,3.698514594089785,2093.4831602223435,57975.56024030675,ra,5.0,5.0,0.0,250.0,153.00578740148998,96.99421259851003,282.2139336500588,173.7458678496557,108.46806580040307,44.427205607630626,20.76161933777125,23.66558626985938,1
4.0,2.0,35.0,39.0,21337.90578167672,10925.606078379402,10412.299703297318,4724.821457700606,2596.3850909026173,2128.436366797988,78476.45534742385,ra,0.0,-0.0,0.0,0.0,0.0,0.0,116.83439649711491,20.76161933777125,96.07277715934366,144.35014780603274,35.88208200562968,108.46806580040307,0
4.0,0.0,40.0,40.0,10876.999998084551,10876.999998084551,0.0,1976.660743966538,1976.660743966538,0.0,96645.26673532616,ra,0.0,-0.0,0.0,0.0,0.0,0.0,35.88208200562968,35.88208200562968,0.0,47.39348110081433,47.39348110081433,0.0,0
4.0,1.0,41.0,41.0,10239.998724530997,0.0,10239.998724530997,1817.260584824645,0.0,1817.260584824645,99246.70723666706,ra,0.0,0.0,-0.0,0.0,0.0,0.0,85.48967031325593,0.0,85.48967031325593,96.07277715934366,0.0,96.07277715934366,0
4.0,2.0,42.0,42.0,15349.448623427987,7293.1561007636,8056.292522664386,2244.8438549829234,2242.944719983224,1.8991349996993472,124531.18468963404,ra,0.0,0.0,-0.0,0.0,0.0,0.0,132.8720914985112,47.39348110081433,85.47861039769687,145.94529771255574,60.45562739929982,85.48967031325593,0
4.0,2.0,45.0,43.0,29499.999782114108,14928.999812810407,14570.9999693037,9965.395457829238,4949.374190304771,5016.021267524467,160563.71538932095,ra,0.0,0.0,-0.0,0.0,0.0,0.0,116.72263795283772,60.45562739929982,56.26701055353789,174.75770775759054,89.27909735989365,85.47861039769687,0
4.0,2.0,49.0,44.0,29501.249670962527,14929.610924790286,14571.63874617224,7771.3951170941245,964.2534476850196,6807.141669409105,167022.61670697512,ra,0.0,-0.0,0.0,0.0,0.0,0.0,105.90363274756858,89.27909735989365,16.624535387674925,151.16159165240435,94.89458109886648,56.26701055353789,0
4.0,2.0,2.0,45.0,37135.97924873808,18661.98985536135,18473.98939337673,2580.116572311374,2580.116572311374,0.0,182066.4548482201,link,0.0,0.0,0.0,0.0,0.0,0.0,111.5191164865414,94.89458109886648,16.624535387674925,126.54483684175825,109.92030145408333,16.624535387674925,0
5.0,2.0,1.0,46.0,68793.7826224039,33913.44536880647,34880.33725359744,3843.82209257494,0.0,3843.82209257494,0.0,link,0.0,0.0,0.0,0.0,0.0,0.0,177.23075926393625,36.37990013067281,140.85085913326344,199.61587026165182,36.37990013067281,163.235970130979,0
5.0,1.0,26.0,47.0,36003.524001333615,0.0,36003.524001333615,3895.947466930393,0.0,3895.947466930393,10624.424038435742,ra,0.0,0.0,-0.0,0.0,0.0,0.0,118.16218770464288,0.0,118.16218770464288,140.85085913326344,0.0,140.85085913326344,0
5.0,0.0,27.0,48.0,32653.80091590929,32653.80091590929,0.0,4178.141771103933,4178.141771103933,0.0,12028.538687185455,ra,0.0,-0.0,0.0,0.0,0.0,0.0,36.37990013067281,36.37990013067281,0.0,60.71197509611422,60.71197509611422,0.0,0
5.0,2.0,32.0,49.0,33127.66797826424,16315.8916479239,16811.776330340337,9152.204545843142,5870.836452837575,3281.368093005566,39273.39357565199,ra,3.0,0.0,3.0,149.9999999845136,94.90172750428749,55.09827248022612,214.8628648541465,60.71197509611422,154.15088975803226,118.16218770464288,0.0,118.16218770464288,1
5.0,1.0,36.0,50.0,15728.354223345885,0.0,15728.354223345885,1275.7622080104995,0.0,1275.7622080104995,47330.36386477938,ra,0.0,0.0,-0.0,0.0,0.0,0.0,146.72128507154824,0.0,146.72128507154824,154.15088975803226,0.0,154.15088975803226,0
5.0,0.0,39.0,51.0,16181.036957810447,16181.036957810447,0.0,2402.71193975453,2402.71193975453,0.0,54808.46507060479,ra,0.0,-0.0,0.0,0.0,0.0,0.0,0.0,0.0,0.0,13.992576183699365,13.992576183699365,0.0,0
5.0,1.0,43.0,52.0,15425.054197747386,0.0,15425.054197747386,6550.9163885109065,0.0,6550.9163885109065,67696.58292643339,ra,0.0,0.0,-0.0,0.0,0.0,0.0,108.57097869372737,0.0,108.57097869372737,146.72128507154824,0.0,146.72128507154824,0
5.0,0.0,44.0,53.0,16743.940970134765,16743.940970134765,0.0,2188.52376611744,2188.52376611744,0.0,67916.71774036821,ra,0.0,-0.0,0.0,0.0,0.0,0.0,13.992576183699365,13.992576183699365,0.0,26.737793377885158,26.737793377885158,0.0,0
5.0,1.0,50.0,54.0,23926.865751230227,0.0,23926.865751230227,3865.032082238866,0.0,3865.032082238866,86150.64463711552,ra,0.0,0.0,-0.0,0.0,0.0,0.0,86.06234795396193,0.0,86.06234795396193,108.57097869372737,0.0,108.57097869372737,0
5.0,0.0,51.0,55.0,23976.591723992253,23976.591723992253,0.0,3863.210440192499,3863.210440192499,0.0,86198.21188888987,ra,0.0,-0.0,0.0,0.0,0.0,0.0,26.737793377885158,26.737793377885158,0.0,49.235815510150786,49.235815510150786,0.0,0
5.0,2.0,4.0,56.0,48295.998738473485,24204.99925545633,24090.99948301716,3849.659028767285,3849.659028767285,0.0,102115.05106186114,link,0.0,0.0,0.0,0.0,0.0,0.0,135.29816346411272,49.235815510150786,86.06234795396193,157.7172667906628,71.65491883670086,86.06234795396193,0
6.0,2.0,0.0,57.0,17593.52882743976,9370.089853693322,8223.438973746437,3280.588971659345,0.0,3280.588971659345,0.0,link,0.0,0.0,0.0,0.0,0.0,0.0,0.0,0.0,0.0,19.1050330894169,0.0,19.1050330894169,0
6.0,0.0,34.0,58.0,9440.700126436834,9440.700126436834,0.0,115.62791616056612,115.62791616056612,0.0,1229.5619294335402,ra,0.0,0.0,0.0,0.0,0.0,0.0,0.0,0.0,0.0,0.6733776109692194,0.6733776109692194,0.0,0
6.0,0.0,33.0,59.0,9685.754071387502,9685.754071387502,0.0,302.82244713524466,302.82244713524466,0.0,4398.318016945725,ra,0.0,-0.0,0.0,0.0,0.0,0.0,0.6733776109692194,0.6733776109692194,0.0,2.4369124282586694,2.4369124282586694,0.0,0
6.0,1.0,38.0,60.0,13533.136089729269,0.0,13533.136089729269,3267.2679643300085,0.0,3267.2679643300085,19100.037855584003,ra,2.0,0.0,2.0,84.49490408089349,0.0,84.49490408089349,65.46744800219324,0.0,65.46744800219324,0.0,0.0,0.0,1
6.0,0.0,37.0,61.0,14150.210375121094,14150.210375121094,0.0,1803.67381185194,1803.67381185194,0.0,19123.313502380493,ra,0.0,-0.0,0.0,0.0,0.0,0.0,2.4369124282586694,2.4369124282586694,0.0,12.940894535019298,12.940894535019298,0.0,0
6.0,2.0,48.0,62.0,30972.88424037613,15986.27621540026,14986.608024975872,5468.198643546355,3421.909443445684,2046.2892001006717,42213.94659999393,ra,0.0,-0.0,0.0,0.0,0.0,0.0,66.49145102286182,12.940894535019298,53.55055648784253,98.33637793292701,32.86892993073376,65.46744800219324,0
6.0,2.0,3.0,63.0,43852.38298306345,22912.25382809093,20940.12915497252,3553.9006048965416,3553.9006048965416,0.0,60876.22424217983,link,0.0,0.0,0.0,0.0,0.0,0.0,86.4194864185763,32.86892993073376,53.55055648784253,107.11619339394119,53.56563690609867,53.55055648784253,0
7.0,2.0,0.0,64.0,11819.728833092571,5668.999528653672,6150.729304438899,2312.6327385691666,0.0,2312.6327385691666,0.0,link,0.0,0.0,0.0,0.0,0.0,0.0,0.0,0.0,0.0,13.467985589089116,0.0,13.467985589089116,0
7.0,2.0,46.0,65.0,16750.439961073742,8281.792263693602,8468.64769738014,443.91171562073237,439.3743632250341,4.537352395698317,6667.955447556553,ra,1.0,1.0,0.0,48.322295726681716,0.0,48.322295726681716,48.29587173135434,0.0,48.29587173135434,2.5587666789630994,2.5587666789630994,0.0,1
7.0,2.0,47.0,66.0,16803.00194301874,8309.644744099518,8493.35719891922,469.008092957891,4.438227533612364,464.56986542427865,6721.474926778252,ra,0.0,0.0,-0.0,0.0,0.0,0.0,48.14914170592918,2.5587666789630994,45.590375026966086,50.88048513620128,2.5846134048469387,48.29587173135434,0
7.0,2.0,2.0,67.0,31479.264687684805,14962.675134733858,16516.589552950947,2176.386974618303,2176.386974618303,0.0,25294.541879356693,link,0.0,0.0,0.0,0.0,0.0,0.0,48.17498843181303,2.5846134048469387,45.590375026966086,60.849525085036966,15.259150058070881,45.590375026966086,0
8.0,2.0,2.0,68.0,14782.369584642798,7482.847541600488,7299.522043042311,571.5351732524385,0.0,571.5351732524385,0.0,link,0.0,0.0,0.0,0.0,0.0,0.0,43.64354173706227,43.64354173706227,0.0,46.97196797121816,43.64354173706227,3.3284262341558892,0
8.0,2.0,52.0,69.0,9208.206367128356,4168.183876582084,5040.022490546272,1091.488655298786,530.5477835235342,560.9408717752517,9055.824498122218,ra,1.0,1.0,0.0,50.000000000000014,46.73327137015526,3.266728629844754,43.64354173706227,43.64354173706227,0.0,0.0,0.0,0.0,1
8.0,2.0,0.0,70.0,9708.89067456805,5120.673657931851,4588.2170166362,557.603815055505,557.603815055505,0.0,21173.685305885127,link,0.0,0.0,0.0,0.0,0.0,0.0,0.0,0.0,0.0,3.24729474781845,3.24729474781845,0.0,0
9.0,2.0,2.0,71.0,31818.423136170015,16104.883545196824,15713.539590973189,3261.4825971182563,0.0,3261.4825971182563,0.0,link,0.0,0.0,0.0,0.0,0.0,0.0,43.74781138077514,42.695500522715385,1.0523108580597547,62.741575450823944,42.695500522715385,20.046074928108563,0
9.0,2.0,55.0,72.0,36693.05587768159,18116.80864806472,18576.24722961687,5325.486521774037,2708.000893980142,2617.485627793895,15445.371783397328,ra,2.0,0.0,2.0,83.06574617899224,58.46597562112202,24.599770557870215,53.104236928928536,42.695500522715385,10.40873640621315,1.0523108580597538,-8.881784197001252e-16,1.0523108580597547,1
9.0,2.0,7.0,73.0,31601.85426430268,15291.911788888328,16309.942475414353,3142.329967824336,3142.329967824336,0.0,33157.12684688381,link,0.0,0.0,0.0,0.0,0.0,0.0,10.408736406213148,-8.881784197001252e-16,10.40873640621315,28.70859613621294,18.29985972999979,10.40873640621315,0
10.0,2.0,3.0,74.0,31606.669563938915,16070.547455207432,15536.122108731484,43.81406893215462,0.0,43.81406893215462,0.0,link,0.0,0.0,0.0,0.0,0.0,0.0,72.59719659367018,53.5252834446892,19.07191314898098,72.85235481189324,53.5252834446892,19.327071367204034,0
10.0,2.0,53.0,75.0,20482.292071415013,10386.965680851748,10095.326390563265,3859.9783717818373,1960.6175793947991,1899.3607923870384,14793.406531478646,ra,1.0,1.0,0.0,50.0,21.184766475388297,28.8152335246117,90.35119961949705,53.5252834446892,36.82591617480785,62.83039928589868,43.758486136917696,19.07191314898098,1
10.0,2.0,4.0,76.0,20473.61899569675,10382.534499411437,10091.084496285315,45.07964033000498,45.07964033000498,0.0,15227.535521101405,link,0.0,0.0,0.0,0.0,0.0,0.0,80.58440231172554,43.758486136917696,36.82591617480785,80.84693078682682,44.02101461201896,36.82591617480785,0
11.0,2.0,3.0,77.0,48420.054142922716,24599.82318293021,23820.230959992503,1269.8213138175106,0.0,1269.8213138175106,0.0,link,0.0,0.0,0.0,0.0,0.0,0.0,110.46520214654379,41.83853871448377,68.62666343206003,117.86020908819657,41.83853871448377,76.02167037371281,0
11.0,2.0,54.0,78.0,48814.99317229718,24295.434711773956,24519.55846052323,3388.4082292149897,1701.6312773650386,1686.7769518499513,6967.487148144968,ra,0.0,0.0,-0.0,2.6645352591003757e-15,1.7763568394002505e-15,8.881784197001252e-16,100.6419875475936,41.83853871448377,58.803448833109826,120.37492327921046,51.74825984715043,68.62666343206003,0
11.0,1.0,56.0,79.0,22284.926619444108,0.0,22284.926619444108,1685.094433220274,0.0,1685.094433220274,14053.388239050711,ra,0.0,0.0,-0.0,0.0,0.0,0.0,48.990032649740265,0.0,48.990032649740265,58.803448833109826,0.0,58.803448833109826,0
11.0,2.0,5.0,80.0,42919.8251598076,21285.35848456856,21634.466675239044,2910.8952617885475,2910.8952617885475,0.0,19878.69006465457,link,0.0,0.0,0.0,0.0,0.0,0.0,100.7382924968907,51.74825984715043,48.990032649740265,117.69035530534663,68.70032265560636,48.990032649740265,0
12.0,2.0,4.0,81.0,53131.67233206281,26537.18348117461,26594.4888508882,1562.324430007989,0.0,1562.324430007989,0.0,link,0.0,0.0,0.0,0.0,0.0,0.0,149.79959020841608,79.41614151110328,70.38344869731279,158.89803569779707,79.41614151110328,79.4818941866938,0
12.0,0.0,58.0,82.0,22288.895823895957,22288.895823895957,0.0,3364.25769729557,3364.25769729557,0.0,13722.635716121396,ra,1.0,1.0,0.0,26.96785156361475,26.96785156361475,0.0,79.41614151110328,79.41614151110328,0.0,72.0405812047645,72.0405812047645,0.0,1
12.0,1.0,57.0,83.0,22492.6689728353,0.0,22492.6689728353,3393.592303197099,0.0,3393.592303197099,13775.369179933106,ra,0.0,0.0,-0.0,0.0,0.0,0.0,50.62032268406608,0.0,50.62032268406608,70.38344869731279,0.0,70.38344869731279,0
12.0,2.0,5.0,84.0,44751.07719214048,22273.03927625819,22478.037915882287,1559.840879232986,1559.840879232986,0.0,20725.095833182608,link,0.0,0.0,0.0,0.0,0.0,0.0,122.66090388883057,72.0405812047645,50.62032268406608,131.74488602417802,81.12456334011195,50.62032268406608,0
13.0,2.0,4.0,85.0,25987.610544625633,13119.378445562592,12868.232099063043,1205.3834904693945,0.0,1205.3834904693945,0.0,link,0.0,0.0,0.0,0.0,0.0,0.0,107.52274036577442,53.69795268083607,53.82478768493836,114.54248336613159,53.69795268083607,60.844530685295524,0
13.0,2.0,59.0,86.0,13974.00634747334,7033.004117758563,6941.002229714777,6883.850493770728,3777.525971618388,3106.32452215234,36309.89528647439,ra,1.0,1.0,0.0,50.00000000000003,22.284281218041112,27.715718781958913,117.1482828730232,53.69795268083607,63.45033019218714,107.23748411165528,53.41269642671693,53.82478768493836,1
13.0,1.0,63.0,87.0,7362.494657393186,0.0,7362.494657393186,661.497609325267,0.0,661.497609325267,54986.89266391457,ra,0.0,0.0,-0.0,0.0,0.0,0.0,59.59799336367642,0.0,59.59799336367642,63.45033019218714,0.0,63.45033019218714,0
13.0,0.0,62.0,88.0,7963.314490087364,7963.314490087364,0.0,1395.6084792930023,1395.6084792930023,0.0,55258.29185590623,ra,0.0,-0.0,0.0,0.0,0.0,0.0,53.41269642671693,53.41269642671693,0.0,61.54024498799774,61.54024498799774,0.0,0
13.0,2.0,70.0,89.0,20915.585370117602,10623.723419117588,10291.861951000015,6679.2986941238505,3389.0040936651603,3290.29460045869,85720.88488710183,ra,0.0,-0.0,0.0,0.0,0.0,0.0,101.97668298501773,61.54024498799774,40.43643799702,140.8746441949495,81.27665083127309,59.59799336367642,0
13.0,1.0,71.0,90.0,10312.666692975632,0.0,10312.666692975632,1325.8702777004075,0.0,1325.8702777004075,92148.0377185692,ra,0.0,0.0,-0.0,0.0,0.0,0.0,32.71502097508562,0.0,32.71502097508562,40.43643799702,0.0,40.43643799702,0
13.0,0.0,75.0,91.0,10865.41330620228,10865.41330620228,0.0,2225.2267853650983,2225.2267853650983,0.0,106351.19825280692,ra,0.0,-0.0,0.0,0.0,0.0,0.0,81.27665083127309,81.27665083127309,0.0,94.23561391172068,94.23561391172068,0.0,0
13.0,2.0,80.0,92.0,21769.313571554885,10924.77173173255,10844.541839822334,5231.405901354321,1587.860206417783,3643.5456949365375,121274.1282993086,ra,2.0,2.0,0.0,100.00000000000001,89.72428059873273,10.275719401267281,116.00758483358878,94.23561391172068,21.7719709218681,46.473511444014335,13.758490468928713,32.71502097508562,1
13.0,2.0,8.0,93.0,20326.83796736937,10049.65492309056,10277.18304427881,1199.9706688262263,1199.9706688262263,0.0,132616.96921985535,link,0.0,0.0,0.0,0.0,0.0,0.0,35.530461390796816,13.758490468928713,21.7719709218681,42.51868196103756,20.746711039169462,21.7719709218681,0
14.0,2.0,5.0,94.0,94497.82264774677,47019.26687675304,47478.55577099372,936.3425207579636,0.0,936.3425207579636,0.0,link,0.0,0.0,0.0,0.0,0.0,0.0,201.58295523227844,128.62521294937966,72.95774228289876,207.03589523684735,128.62521294937966,78.4106822874677,0
14.0,0.0,61.0,95.0,46935.18990316021,46935.18990316021,0.0,2174.788745042169,2174.788745042169,0.0,4629.482620571615,ra,1.0,1.0,0.0,34.71883097730432,34.71883097730432,0.0,128.62521294937966,128.62521294937966,0.0,106.571611080465,106.571611080465,0.0,1
14.0,1.0,60.0,96.0,47664.75200387175,0.0,47664.75200387175,2204.32457448694,0.0,2204.32457448694,4633.73189838993,ra,0.0,0.0,-0.0,0.0,0.0,0.0,60.12050656114164,0.0,60.12050656114164,72.95774228289876,0.0,72.95774228289876,0
14.0,2.0,6.0,97.0,94641.69117202783,46900.62074452682,47741.07042750101,922.9194205020584,922.9194205020584,0.0,6596.600389256655,link,0.0,0.0,0.0,0.0,0.0,0.0,166.69211764160664,106.571611080465,60.12050656114164,172.0668860810185,111.94637951987687,60.12050656114164,0
15.0,2.0,6.0,98.0,75207.49134104664,44538.30191090561,30669.189430141025,1884.850151816533,0.0,1884.850151816533,0.0,link,0.0,0.0,0.0,0.0,0.0,0.0,128.12052074274362,90.17609322835719,37.94442751438642,139.0972462119002,90.17609322835719,48.921152983542996,0
15.0,1.0,64.0,99.0,16721.32745245393,0.0,16721.32745245393,6515.564241999581,0.0,6515.564241999581,25738.743223846097,ra,0.0,0.0,0.0,0.0,0.0,0.0,0.0,0.0,0.0,37.94442751438642,0.0,37.94442751438642,0
15.0,0.0,65.0,100.0,16271.068415411031,16271.068415411031,0.0,7891.47329091754,7891.47329091754,0.0,25740.902218562274,ra,3.0,3.0,0.0,136.13334652942228,136.13334652942228,0.0,90.17609322835719,90.17609322835719,0.0,0.0,0.0,0.0,1
15.0,2.0,0.0,101.0,10998.091984936455,5379.561945168664,5618.530039767791,1825.012570497084,1825.012570497084,0.0,48631.17855592899,link,0.0,0.0,0.0,0.0,0.0,0.0,0.0,0.0,0.0,10.628251770996059,10.628251770996059,0.0,0
16.0,2.0,6.0,102.0,79740.5667298025,40135.953102102525,39604.61362769997,2800.895581315986,0.0,2800.895581315986,0.0,link,0.0,0.0,0.0,0.0,0.0,0.0,123.93109782389615,75.40674633173316,48.52435149216299,140.24255994954524,75.40674633173316,64.83581361781208,0
16.0,1.0,66.0,103.0,29014.9759926702,0.0,29014.9759926702,4194.662066106028,0.0,4194.662066106028,12316.83855333374,ra,0.0,0.0,-0.0,0.0,0.0,0.0,24.0960679539962,0.0,24.0960679539962,48.52435149216299,0.0,48.52435149216299,0
16.0,0.0,67.0,104.0,29278.008085254503,29278.008085254503,0.0,4585.787822607259,4585.787822607259,0.0,12575.946688510528,ra,0.0,-0.0,0.0,0.0,0.0,0.0,75.40674633173316,75.40674633173316,0.0,102.11281308849614,102.11281308849614,0.0,0
16.0,0.0,72.0,105.0,28145.02656728497,28145.02656728497,0.0,3642.99524799985,3642.99524799985,0.0,25449.08031583349,ra,0.0,-0.0,0.0,0.0,0.0,0.0,102.11281308849614,102.11281308849614,0.0,123.32837692745572,123.32837692745572,0.0,0
16.0,1.0,74.0,106.0,25731.855828829863,0.0,25731.855828829863,3150.32793358614,0.0,3150.32793358614,32933.75197391795,ra,2.0,0.0,2.0,100.00000000000004,0.0,100.00000000000004,105.74963079480696,0.0,105.74963079480696,24.0960679539962,0.0,24.0960679539962,1
16.0,0.0,76.0,107.0,25418.722177742115,25418.722177742115,0.0,6370.068704760761,6370.068704760761,0.0,49497.46890143416,ra,0.0,-0.0,0.0,0.0,0.0,0.0,123.32837692745572,123.32837692745572,0.0,160.42548797601125,160.42548797601125,0.0,0
16.0,1.0,77.0,108.0,25469.36930201462,0.0,25469.36930201462,3629.483350372933,0.0,3629.483350372933,49565.51842080065,ra,0.0,0.0,-0.0,0.0,0.0,0.0,84.6127556466566,0.0,84.6127556466566,105.74963079480696,0.0,105.74963079480696,0
16.0,1.0,82.0,109.0,26935.54974771189,0.0,26935.54974771189,4731.076881969367,0.0,4731.076881969367,67595.96875209869,ra,0.0,0.0,-0.0,0.0,0.0,0.0,57.0605748768476,0.0,57.0605748768476,84.6127556466566,0.0,84.6127556466566,0
16.0,0.0,83.0,110.0,27462.47510980443,27462.47510980443,0.0,5057.102637456699,5057.102637456699,0.0,68666.07464325256,ra,1.0,1.0,0.0,31.58755038305508,31.58755038305508,0.0,160.42548797601125,160.42548797601125,0.0,158.2887813468808,158.2887813468808,0.0,1
16.0,1.0,86.0,111.0,27163.152752819547,0.0,27163.152752819547,4196.376907454115,0.0,4196.376907454115,81021.89267340553,ra,0.0,0.0,-0.0,0.0,0.0,0.0,32.62230468659445,0.0,32.62230468659445,57.0605748768476,0.0,57.0605748768476,0
16.0,0.0,89.0,112.0,29187.99844762554,29187.99844762554,0.0,6653.928103269676,6653.928103269676,0.0,92123.37906601596,ra,0.0,-0.0,0.0,0.0,0.0,0.0,158.2887813468808,158.2887813468808,0.0,197.038992874681,197.038992874681,0.0,0
16.0,1.0,90.0,113.0,28376.998666581203,0.0,28376.998666581203,5601.684775109653,0.0,5601.684775109653,92203.5095301381,ra,0.0,0.0,-0.0,0.0,0.0,0.0,-1.6666706079584041e-09,0.0,-1.6666706079584041e-09,32.62230468659445,0.0,32.62230468659445,0
16.0,2.0,94.0,114.0,71124.20344709541,35553.82790120941,35570.375545886,8755.239718801102,4299.63877333859,4455.600945462512,106046.11656904333,ra,4.0,0.0,4.0,191.72351259807027,105.06137675560899,86.66213584246128,257.75322599688485,197.038992874681,60.71423312220382,117.01724825261437,117.01724825428104,-1.6666706079584041e-09,1
16.0,2.0,12.0,115.0,71147.99996754559,35564.99998476318,35582.99998278241,2799.48715587504,2799.48715587504,0.0,113917.81076099534,link,0.0,0.0,0.0,0.0,0.0,0.0,177.73148137648485,117.01724825428104,60.71423312220382,194.03474131195236,133.32050818974852,60.71423312220382,0
18.0,2.0,7.0,118.0,26949.99999999783,13587.999999998794,13361.999999999038,1262.350888686173,0.0,1262.350888686173,0.0,link,0.0,0.0,0.0,0.0,0.0,0.0,15.468461687228663,15.468461687228663,0.0,22.8199634166896,15.468461687228663,7.351501729460938,0
18.0,0.0,68.0,119.0,13587.918618998609,13587.918618998609,0.0,1673.7828719547792,1673.7828719547792,0.0,12318.138045343778,ra,0.0,-0.0,0.0,1.1102230246251565e-16,1.1102230246251565e-16,0.0,15.468461687228663,15.468461687228663,0.0,25.21600318951591,25.21600318951591,0.0,0
18.0,1.0,69.0,120.0,13361.93226547554,0.0,13361.93226547554,3620.13302138755,0.0,3620.13302138755,12346.305678813724,ra,2.0,0.0,2.0,100.0,0.0,100.0,78.91757798395668,0.0,78.91757798395668,0.0,0.0,0.0,1
18.0,2.0,73.0,121.0,21133.145613699366,10354.073130248858,10779.072483450507,3099.0639764514967,1773.464093458567,1325.5998829929297,27186.329383912336,ra,0.0,-0.0,0.0,0.0,0.0,0.0,96.41373883824178,25.21600318951591,71.19773564872588,114.46163216709671,35.544054183140034,78.91757798395668,0
18.0,2.0,81.0,122.0,17024.72901544851,8263.2955761644,8761.433439284106,10407.127018587838,5132.593422062407,5274.533596525431,76811.9776614867,ra,0.0,0.0,-0.0,0.0,0.0,0.0,76.02470221028277,35.544054183140034,40.480648027142735,136.6322662057181,65.43453055699224,71.19773564872588,0
18.0,0.0,84.0,123.0,7912.197813125354,7912.197813125354,0.0,1219.9477727403696,1219.9477727403696,0.0,91803.7907317536,ra,0.0,-0.0,0.0,0.0,0.0,0.0,65.43453055699224,65.43453055699224,0.0,72.53909097391468,72.53909097391468,0.0,0
18.0,1.0,85.0,124.0,8875.838788593739,0.0,8875.838788593739,1785.784923800428,0.0,1785.784923800428,91872.46119703975,ra,0.0,0.0,-0.0,0.0,0.0,0.0,30.08084472235233,0.0,30.08084472235233,40.480648027142735,0.0,40.480648027142735,0
18.0,2.0,92.0,125.0,47292.93717996864,22515.08265535503,24777.854524613613,4754.452437208462,3104.7402940346988,1649.7121431737628,121334.73270596893,ra,2.0,0.0,2.0,99.99999997440864,46.47745539085878,53.522544583549866,146.53511851368802,72.53909097391468,73.99602753977334,74.2234305750107,44.14258585265836,30.08084472235233,1
18.0,2.0,11.0,126.0,53098.00276723388,24816.36422563914,28281.638541594737,1125.0783643967968,1125.0783643967968,0.0,126075.53174156268,link,0.0,0.0,0.0,0.0,0.0,0.0,118.1386133924317,44.14258585265836,73.99602753977334,124.69068668344067,50.694659143667344,73.99602753977334,0
19.0,2.0,7.0,127.0,19888.0,9830.0,10058.0,1832.5223390000008,0.0,1832.5223390000008,0.0,link,0.0,0.0,0.0,0.0,0.0,0.0,10.44614947160597,10.44614947160597,0.0,21.118135577193026,10.44614947160597,10.671986105587056,0
19.0,2.0,0.0,128.0,19888.0,9830.0,10058.0,1790.9817650000002,1790.9817650000002,0.0,18219.57712193098,link,0.0,0.0,0.0,0.0,0.0,0.0,10.44614947160597,10.44614947160597,0.0,20.876217419301412,20.876217419301412,0.0,0
20.0,2.0,0.0,129.0,19481.000344743796,9701.000199905127,9780.000144838668,1585.946802063634,0.0,1585.946802063634,0.0,link,0.0,0.0,0.0,0.0,0.0,0.0,0.0,0.0,0.0,9.236014140520293,0.0,9.236014140520293,0
20.0,0.0,78.0,130.0,10133.998910338903,10133.998910338903,0.0,2201.810828978947,2201.810828978947,0.0,22308.899934453435,ra,1.0,1.0,0.0,12.822596523880318,12.822596523880318,0.0,0.0,0.0,0.0,0.0,0.0,0.0,1
20.0,1.0,79.0,131.0,10094.12847263898,0.0,10094.12847263898,2214.6793271343668,0.0,2214.6793271343668,22364.44986396924,ra,1.0,0.0,1.0,49.03608864808219,0.0,49.03608864808219,36.13855037282909,0.0,36.13855037282909,0.0,0.0,0.0,1
20.0,2.0,8.0,132.0,21962.97969081701,10983.990050020308,10978.989640796704,1594.243979477348,1594.243979477348,0.0,37253.22848420508,link,0.0,0.0,0.0,0.0,0.0,0.0,36.13855037282909,0.0,36.13855037282909,45.42288444931429,9.284334076485202,36.13855037282909,0
21.0,2.0,8.0,133.0,21649.000000000102,11074.000000000044,10575.00000000006,371.5843359997804,0.0,371.5843359997804,0.0,link,0.0,0.0,0.0,0.0,0.0,0.0,28.870731039979454,22.137256814208722,6.733474225770729,31.034711683733804,22.137256814208722,8.89745486952508,0
21.0,2.0,87.0,134.0,23288.999999928543,11776.999999969368,11511.999999959173,6542.587792704876,3329.21173105459,3213.376061650286,29246.642192588224,ra,2.0,2.0,0.0,100.00000000000001,30.67242093104858,69.32757906895144,79.48470212057123,22.137256814208722,57.34744530636251,17.586505592408685,10.853031366637957,6.733474225770729,1
21.0,2.0,10.0,135.0,23288.99999999982,11776.999999999924,11511.999999999898,380.1380059998352,380.1380059998352,0.0,32474.473610155062,link,0.0,0.0,0.0,0.0,0.0,0.0,68.20047667300047,10.853031366637957,57.34744530636251,70.41427097820365,13.066825671841135,57.34744530636251,0
22.0,2.0,8.0,136.0,18089.34980232114,9293.63667702267,8795.71312529847,2541.603617777336,0.0,2541.603617777336,0.0,link,0.0,0.0,0.0,0.0,0.0,0.0,41.506319237737735,7.594237568082158,33.91208166965558,56.30775325989048,7.594237568082158,48.713515691808325,0
22.0,2.0,9.0,137.0,22551.759921439094,11229.492180860212,11322.267740578884,2598.6403059127283,2598.6403059127283,0.0,25496.14409205573,link,0.0,0.0,0.0,0.0,0.0,0.0,41.506319237737735,7.594237568082158,33.91208166965558,56.639915509886166,22.727833840230588,33.91208166965558,0
24.0,2.0,9.0,140.0,25786.108144857673,12922.607317501452,12863.500827356223,310.22506737586025,0.0,310.22506737586025,0.0,link,0.0,0.0,0.0,0.0,0.0,0.0,106.03775500419502,64.28555995236835,41.752195051826675,107.84440016108115,64.28555995236835,43.5588402087128,0
24.0,0.0,88.0,141.0,12911.612953719838,12911.612953719838,0.0,904.5214863572012,904.5214863572012,0.0,7001.124876882881,ra,0.0,-0.0,0.0,0.0,0.0,0.0,64.28555995236835,64.28555995236835,0.0,69.55318508804699,69.55318508804699,0.0,0
24.0,1.0,91.0,142.0,12797.695040407143,0.0,12797.695040407143,2112.957697765236,0.0,2112.957697765236,10447.761196686972,ra,0.0,0.0,-0.0,0.0,0.0,0.0,29.447048908533848,0.0,29.447048908533848,41.752195051826675,0.0,41.752195051826675,0
24.0,0.0,97.0,143.0,9570.738932827611,9570.738932827611,0.0,2755.7730122650837,2755.7730122650837,0.0,30840.569189513222,ra,0.0,-0.0,0.0,0.0,0.0,0.0,69.55318508804699,69.55318508804699,0.0,85.60186873634206,85.60186873634206,0.0,0
24.0,1.0,98.0,144.0,9946.426208887748,0.0,9946.426208887748,2231.335725475766,0.0,2231.335725475766,30857.334061915197,ra,0.0,0.0,-0.0,0.0,0.0,0.0,16.45250944105215,0.0,16.45250944105215,29.447048908533848,0.0,29.447048908533848,0
24.0,2.0,108.0,145.0,15887.706151607494,7870.705730584929,8017.000421022563,4501.986650504175,2168.389585344796,2333.5970651593784,55766.14861335632,ra,2.0,0.0,2.0,99.99999999999999,63.4595585299635,36.540441470036484,125.00474495889529,85.60186873634206,39.402876222553225,51.2227822287367,34.77027278768455,16.45250944105215,1
24.0,2.0,114.0,146.0,28294.020698251785,14163.55043686688,14130.470261384906,3453.816952067228,2111.307602382169,1342.5093496850593,76000.7341358558,ra,1.0,0.0,1.0,50.0,30.44647799438698,19.55352200561302,85.90835370448968,34.77027278768455,51.13808091680514,56.02220756551073,16.61933134295751,39.402876222553225,1
24.0,2.0,15.0,147.0,28738.67135022459,14383.312343962509,14355.35900626208,310.87767950128045,310.87767950128045,0.0,78175.47480337396,link,0.0,0.0,0.0,0.0,0.0,0.0,67.75741225976265,16.61933134295751,51.13808091680514,69.56785800744464,18.429777090639497,51.13808091680514,0
25.0,2.0,9.0,148.0,18444.994544675952,9036.997526482091,9407.99701819386,3162.573978652046,0.0,3162.573978652046,0.0,link,0.0,0.0,0.0,0.0,0.0,0.0,69.18303235434331,27.84490936849229,41.33812298585102,87.6007863100651,27.84490936849229,59.75587694157282,0
25.0,2.0,10.0,149.0,19006.727910032103,9665.34291491844,9341.384995113662,3137.608098414663,3137.608098414663,0.0,35248.172611532704,link,0.0,0.0,0.0,0.0,0.0,0.0,69.18303235434331,27.84490936849229,41.33812298585102,87.45539352475669,46.11727053890566,41.33812298585102,0
26.0,2.0,10.0,150.0,39799.09031594862,19727.656489472974,20071.433826475644,5432.50664953123,0.0,5432.50664953123,0.0,link,0.0,0.0,0.0,0.0,0.0,0.0,101.23823420414647,45.54578269340806,55.6924515107384,132.8753030946374,45.54578269340806,87.32952040122933,0
26.0,2.0,11.0,151.0,61239.02764165262,31319.794471237463,29919.23317041516,5527.098799836521,5527.098799836521,0.0,24120.7762535988,link,0.0,0.0,0.0,0.0,0.0,0.0,101.23823420414647,45.54578269340806,55.6924515107384,133.42617556820653,77.73372405746812,55.6924515107384,0
27.0,2.0,11.0,152.0,68446.95855219441,33632.332120978645,34814.626431215765,4475.01586176286,0.0,4475.01586176286,0.0,link,0.0,0.0,0.0,0.0,0.0,0.0,140.08192382983015,60.72439531111101,79.35752851871915,166.14289240993264,60.72439531111101,105.41849709882162,0
27.0,0.0,99.0,153.0,29715.95485159294,29715.95485159294,0.0,4959.050959781504,4959.050959781504,0.0,15398.281487957354,ra,0.0,-0.0,0.0,0.0,0.0,0.0,60.72439531111101,60.72439531111101,0.0,89.60421948207647,89.60421948207647,0.0,0
27.0,1.0,100.0,154.0,27462.225943179787,0.0,27462.225943179787,4427.600028969178,0.0,4427.600028969178,15788.230047158857,ra,0.0,0.0,-0.0,0.0,0.0,0.0,53.57269360312365,0.0,53.57269360312365,79.35752851871915,0.0,79.35752851871915,0
27.0,2.0,107.0,155.0,39803.00077214074,18775.259985557448,21027.74078658329,8521.51974910427,4077.7617235109983,4443.758025593273,32030.585088502547,ra,2.0,2.0,0.0,99.09146291827554,20.66949493357178,78.42196798470376,195.71994748396938,89.60421948207647,106.1157280018929,146.25491390054867,92.68222029742503,53.57269360312365,1
27.0,0.0,111.0,156.0,14923.34787730996,14923.34787730996,0.0,3332.683703707982,3332.683703707982,0.0,51994.455333056,ra,0.0,-0.0,0.0,0.0,0.0,0.0,92.68222029742503,92.68222029742503,0.0,112.09063536738614,112.09063536738614,0.0,0
27.0,1.0,110.0,157.0,16064.78653282132,0.0,16064.78653282132,3656.830509986008,0.0,3656.830509986008,52217.78598274018,ra,0.0,0.0,-0.0,0.0,0.0,0.0,84.81959230820547,0.0,84.81959230820547,106.1157280018929,0.0,106.1157280018929,0
27.0,2.0,113.0,158.0,28115.732693263828,13396.479626617023,14719.253066646805,8182.361978154302,4151.774424898176,4030.5875532561263,80453.83595296173,ra,1.0,0.0,1.0,49.99999998781748,43.156004659326946,6.8439953284905375,180.28145355933188,112.09063536738614,68.19081819194574,177.93274353581452,93.11315122760905,84.81959230820547,1
27.0,0.0,115.0,159.0,16210.1141141057,16210.1141141057,0.0,2741.8648075464444,2741.8648075464444,0.0,99290.1862589441,ra,0.0,-0.0,0.0,0.0,0.0,0.0,93.11315122760905,93.11315122760905,0.0,109.08083822347932,109.08083822347932,0.0,0
27.0,2.0,116.0,160.0,34177.78966749807,16266.79151473384,17910.998152764234,6377.116285600918,1294.989846913013,5082.126438687905,107271.26953267986,ra,1.0,0.0,1.0,49.99999999999999,39.999007331620064,10.000992668379931,157.6760752405483,109.08083822347932,48.595237017068996,144.814228992006,76.62341080006028,68.19081819194574,1
27.0,2.0,15.0,161.0,39893.99999984566,18725.9999999336,21167.99999991206,3972.0067852374737,3972.0067852374737,0.0,128894.5131374644,link,0.0,0.0,0.0,0.0,0.0,0.0,125.21864781712928,76.62341080006028,48.595237017068996,148.35026281642223,99.75502579935325,48.595237017068996,0
28.0,2.0,11.0,162.0,61992.2787513973,31725.31224782596,30266.96650357134,2390.702240646126,0.0,2390.702240646126,0.0,link,0.0,0.0,0.0,0.0,0.0,0.0,113.42628369655043,85.39146271021467,28.034820986335763,127.34891948209503,85.39146271021467,41.95745677188036,0
28.0,0.0,93.0,163.0,30439.224167938333,30439.224167938333,0.0,1072.7833528404256,1072.7833528404256,0.0,3445.559107155475,ra,0.0,-0.0,0.0,0.0,0.0,0.0,85.39146271021467,85.39146271021467,0.0,91.63898766102409,91.63898766102409,0.0,0
28.0,0.0,95.0,164.0,18498.90877462081,18498.90877462081,0.0,3967.265746570001,3967.265746570001,0.0,21968.34571810977,ra,3.0,3.0,0.0,114.74299246550058,114.74299246550058,0.0,91.63898766102409,91.63898766102409,0.0,0.0,0.0,0.0,1
28.0,1.0,96.0,165.0,17419.186332491074,0.0,17419.186332491074,4813.95264377551,0.0,4813.95264377551,22264.116411144965,ra,0.0,0.0,-0.0,0.0,0.0,0.0,0.0,0.0,0.0,28.034820986335763,0.0,28.034820986335763,0
28.0,2.0,0.0,166.0,16044.983216716417,8425.399218263456,7619.583998452962,2682.96218463007,2682.96218463007,0.0,40879.27967798362,link,0.0,0.0,0.0,0.0,0.0,0.0,0.0,0.0,0.0,15.624658181145149,15.624658181145149,0.0,0
30.0,2.0,12.0,169.0,31173.00771278776,15334.689159172884,15838.318553614876,1373.022338283504,0.0,1373.022338283504,0.0,link,0.0,0.0,0.0,0.0,0.0,0.0,116.55075373837788,53.30215024152601,63.24860349685187,124.54676830528254,53.30215024152601,71.24461806375653,0
30.0,0.0,101.0,170.0,15342.168535706442,15342.168535706442,0.0,288.7002299566512,288.7002299566512,0.0,1882.30501330568,ra,0.0,-0.0,0.0,0.0,0.0,0.0,53.30215024152601,53.30215024152601,0.0,54.9834420747587,54.9834420747587,0.0,0
30.0,1.0,102.0,171.0,15008.380189154295,0.0,15008.380189154295,2426.954705703304,0.0,2426.954705703304,15325.375723611753,ra,0.0,0.0,-0.0,0.0,0.0,0.0,49.114845699231495,0.0,49.114845699231495,63.24860349685187,0.0,63.24860349685187,0
30.0,0.0,103.0,172.0,14615.10439288337,14615.10439288337,0.0,2123.5391790607955,2123.5391790607955,0.0,15632.211521401772,ra,0.0,-0.0,0.0,0.0,0.0,0.0,54.9834420747587,54.9834420747587,0.0,67.35021116199029,67.35021116199029,0.0,0
30.0,2.0,13.0,173.0,18934.390172572806,9143.138576923604,9791.251595649202,1268.116655371192,1268.116655371192,0.0,27311.590572612236,link,0.0,0.0,0.0,0.0,0.0,0.0,116.46505686122178,67.35021116199029,49.114845699231495,123.8501364525407,74.7352907533092,49.114845699231495,0
31.0,2.0,12.0,174.0,61211.26177444921,30941.90070843765,30269.36106601156,584.8788313855799,0.0,584.8788313855799,0.0,link,0.0,0.0,0.0,0.0,0.0,0.0,147.7316596115067,120.84326882836146,26.88839078314525,151.13779476694774,120.84326882836146,30.29452593858627,0
31.0,1.0,106.0,175.0,29780.03490857172,0.0,29780.03490857172,3637.7163502508033,0.0,3637.7163502508033,10173.779430297054,ra,0.0,0.0,-0.0,0.0,0.0,0.0,5.703569446117501,0.0,5.703569446117501,26.88839078314525,0.0,26.88839078314525,0
31.0,0.0,105.0,176.0,30402.95414259374,30402.95414259374,0.0,3119.852058011688,3119.852058011688,0.0,10175.429354581129,ra,0.0,-0.0,0.0,0.0,0.0,0.0,120.84326882836146,120.84326882836146,0.0,139.01222486562148,139.01222486562148,0.0,0
31.0,2.0,109.0,177.0,62402.93424977723,31525.727911032645,30877.20633874459,6816.570463211742,3762.4191873927257,3054.1512758190165,22337.14837090233,ra,4.0,0.0,4.0,200.00000000000003,160.92327306226193,39.076726937738094,166.00618415311064,139.01222486562148,26.993959287489172,5.703569446117501,0.0,5.703569446117501,1
31.0,2.0,14.0,178.0,62766.261417807065,31611.05780980601,31155.20360800105,595.148026243029,595.148026243029,0.0,24222.213413881997,link,0.0,0.0,0.0,0.0,0.0,0.0,26.993959287489172,0.0,26.993959287489172,30.459898736990837,3.465939449501665,26.993959287489172,0
32.0,2.0,13.0,179.0,24034.000000000007,12223.000000000004,11811.000000000004,4986.624005231322,0.0,4986.624005231322,0.0,link,0.0,0.0,0.0,0.0,0.0,0.0,94.80973625384195,74.7352907533092,20.07444550053274,123.8501364525407,74.7352907533092,49.114845699231495,0
32.0,2.0,104.0,180.0,24034.000000001273,12223.000000000631,11811.000000000642,545.6198680000062,277.4865460000031,268.13332200000315,2270.21285318104,ra,2.0,2.0,0.0,100.0,69.32106938000037,30.678930619999626,123.92714970424893,74.7352907533092,49.19185895093973,27.10465403011021,7.030208529577471,20.07444550053274,1
32.0,2.0,16.0,181.0,35472.0,17897.0,17575.0,5106.43524839964,5106.43524839964,0.0,35413.56901786664,link,0.0,0.0,0.0,0.0,0.0,0.0,56.222067480517204,7.030208529577471,49.19185895093973,85.96020756220322,36.76834861126349,49.19185895093973,0
33.0,2.0,14.0,182.0,25491.39192820705,13297.332945790267,12194.058982416784,2901.9645133205213,0.0,2901.9645133205213,0.0,link,0.0,0.0,0.0,0.0,0.0,0.0,9.235884718226192,9.235884718226192,0.0,26.13593789602797,9.23588472561841,16.90005317040956,0
33.0,2.0,0.0,183.0,27433.939184964896,13761.985453193762,13671.953731771133,3014.5666133482373,3014.5666133482373,0.0,22213.61178663945,link,0.0,0.0,0.0,0.0,0.0,0.0,9.23588472561841,9.23588472561841,0.0,26.791694197571196,26.791694197571196,0.0,0
34.0,2.0,14.0,184.0,40290.981728268656,40289.53408577645,1.4476424922008384,4807.99244961434,0.0,4807.99244961434,0.0,link,0.0,0.0,0.0,0.0,0.0,0.0,12.136259320218533,12.136259389738038,-6.951950478660352e-08,40.136370165280205,12.136259389738038,28.00011077554217,0
34.0,2.0,112.0,185.0,40084.67942148965,20069.25833080312,20015.421090686526,5879.593873458729,4738.491686036754,1141.1021874219755,14615.98862167376,ra,1.0,1.0,0.0,26.713630926868216,3.639611456814446,23.07401947005377,28.564888210276585,12.136259389738038,16.42862882053855,36.09200992726814,36.09200999678764,-6.951950478660352e-08,1
34.0,0.0,120.0,186.0,19233.978995985926,19233.978995985926,0.0,2388.1873644993475,2388.1873644993475,0.0,26934.149163868184,ra,1.0,1.0,0.0,50.000000000000156,50.000000000000156,0.0,36.09200999678764,36.09200999678764,0.0,0.0,0.0,0.0,1
34.0,2.0,20.0,187.0,42848.93314386101,20473.58046065553,22375.352683205478,2247.134627658472,2247.134627658472,0.0,38220.85948462789,link,0.0,0.0,0.0,0.0,0.0,0.0,16.42862882053855,0.0,16.42862882053855,29.515175714608766,13.086546894070219,16.42862882053855,0
35.0,2.0,0.0,188.0,13637.0,6766.0,6871.0,2412.026759499997,0.0,2412.026759499997,0.0,link,0.0,0.0,0.0,0.0,0.0,0.0,22.66912268102213,0.0,22.66912268102213,36.71594520310662,0.0,36.71594520310662,0
35.0,2.0,16.0,189.0,13637.0,6766.0,6871.0,2375.1670869999966,2375.1670869999966,0.0,35104.46295422166,link,0.0,0.0,0.0,0.0,0.0,0.0,22.669122679063314,0.0,22.669122679063314,36.50128702164556,13.832164340623427,22.66912268102213,0
36.0,2.0,15.0,190.0,63592.0,31158.0,32434.0,1263.5151210000006,0.0,1263.5151210000006,0.0,link,0.0,0.0,0.0,0.0,0.0,0.0,152.49419129200749,89.15197903507355,63.34221225693394,159.8524731140285,89.15197903507355,70.70049407895496,0
36.0,0.0,121.0,191.0,31158.0,31158.0,0.0,1862.7498720000008,1862.7498720000008,0.0,5978.406282256154,ra,2.0,2.0,0.0,100.00000000000001,100.00000000000001,0.0,89.15197903507355,89.15197903507355,0.0,-1.5343894305220202e-16,-1.5343894305220202e-16,0.0,1
36.0,1.0,122.0,192.0,32434.0,0.0,32434.0,2232.9998150000006,0.0,2232.9998150000006,6884.764105769136,ra,0.0,0.0,-0.0,0.0,0.0,0.0,50.337981698706365,0.0,50.337981698706365,63.34221225693394,0.0,63.34221225693394,0
36.0,2.0,17.0,193.0,63592.0,31158.0,32434.0,1496.2071600000006,1496.2071600000006,0.0,10780.414990255447,link,0.0,0.0,0.0,0.0,0.0,0.0,50.337981698706365,-1.5343894305220202e-16,50.337981698706365,59.05138272131724,8.713401022610872,50.337981698706365,0
37.0,2.0,16.0,194.0,61280.64411621449,31014.17446373309,30266.469652481403,3075.322007033439,0.0,3075.322007033439,0.0,link,0.0,0.0,0.0,0.0,0.0,0.0,83.758664986828,40.2039122460566,43.554752740771384,101.66829317022933,40.2039122460566,61.46438092417272,0
37.0,0.0,117.0,195.0,31188.918197802075,31188.918197802075,0.0,476.2646699717726,476.2646699717726,0.0,1531.6015518302704,ra,0.0,-0.0,0.0,0.0,0.0,0.0,40.2039122460566,40.2039122460566,0.0,42.97751550990242,42.97751550990242,0.0,0
37.0,2.0,18.0,196.0,64809.52507699492,32882.29003408458,31927.235042910343,2677.0230036732487,2677.0230036732487,0.0,9891.283544490125,link,0.0,0.0,0.0,0.0,0.0,0.0,86.53226825067381,42.97751550990242,43.554752740771384,102.12233866429173,58.56758592352035,43.554752740771384,0
38.0,2.0,17.0,197.0,73980.90840881804,36437.73642199968,37543.17198681836,8581.895963178365,0.0,8581.895963178365,0.0,link,0.0,0.0,0.0,0.0,0.0,0.0,22.148830578787702,20.284649369216552,1.8641812095711519,72.12687042555496,20.284649369216552,51.8422210563384,0
38.0,1.0,118.0,198.0,38288.38488121995,0.0,38288.38488121995,3563.200636081027,0.0,3563.200636081027,5385.572941871728,ra,1.0,0.0,1.0,50.00000000000001,0.0,50.00000000000001,31.11331401936461,0.0,31.11331401936461,1.8641812095711519,0.0,1.8641812095711519,1
38.0,0.0,119.0,199.0,38355.566312925184,38355.566312925184,0.0,2619.00122524035,2619.00122524035,0.0,7097.786060466791,ra,0.0,-0.0,0.0,0.0,0.0,0.0,20.284649369216552,20.284649369216552,0.0,35.53682070238166,35.53682070238166,0.0,0
38.0,1.0,123.0,200.0,41712.9401712972,0.0,41712.9401712972,2031.1114551113544,0.0,2031.1114551113544,14257.714169889843,ra,0.0,0.0,-0.0,1.7763568394002505e-15,0.0,1.7763568394002505e-15,19.28481252361991,0.0,19.28481252361991,31.11331401936461,0.0,31.11331401936461,0
38.0,0.0,124.0,201.0,40728.86630783911,40728.86630783911,0.0,2848.889850605756,2848.889850605756,0.0,14300.505499646226,ra,1.0,1.0,0.0,29.02621145032195,29.02621145032195,0.0,35.53682070238166,35.53682070238166,0.0,23.10157365940416,23.10157365940416,0.0,1
38.0,2.0,22.0,202.0,105896.44285789959,51540.438437961006,54356.004419938574,8230.021979980831,8230.021979980831,0.0,31585.43416751235,link,0.0,0.0,0.0,0.0,0.0,0.0,42.38638618302407,23.10157365940416,19.28481252361991,90.31523176913589,71.03041924551599,19.28481252361991,0
39.0,2.0,17.0,203.0,25562.278853813234,12328.30028963884,13233.978564174393,1988.332963522788,0.0,1988.332963522788,0.0,link,0.0,0.0,0.0,0.0,0.0,0.0,30.422826091866227,15.967595615118135,14.455230476748092,42.00220021920991,15.967595615118137,26.034604604091772,0
39.0,2.0,24.0,204.0,21529.452943652228,10591.584479212725,10937.868464439502,1897.3687907956744,1897.3687907956744,0.0,17071.72988124704,link,0.0,0.0,0.0,0.0,0.0,0.0,30.422826091866227,15.967595615118137,14.455230476748092,41.472455851684366,27.017225374936274,14.455230476748092,0
40.0,2.0,18.0,205.0,25932.838407847834,12821.14586322636,13111.692544621475,1674.795944952231,0.0,1674.795944952231,0.0,link,0.0,0.0,0.0,0.0,0.0,0.0,38.77375264732872,28.010704623289993,10.763048024038728,48.527193942721986,28.01070462422287,20.516489318499115,0
40.0,2.0,26.0,206.0,22387.89451536771,11334.707010656924,11053.187504710784,1671.626697283136,1671.626697283136,0.0,13785.599210644326,link,0.0,0.0,0.0,0.0,0.0,0.0,38.7737526482616,28.01070462422287,10.763048024038728,48.50873732533137,37.74568930129264,10.763048024038728,0
41.0,2.0,18.0,207.0,65100.064380541284,32409.67765592153,32690.38672461976,8031.948343872269,0.0,8031.948343872269,0.0,link,0.0,0.0,0.0,0.0,0.0,0.0,54.29395003438546,54.29395004415329,-9.767834335788896e-09,101.06928221034852,54.29395004415329,46.775332166195234,0
41.0,1.0,126.0,208.0,33015.8306660751,0.0,33015.8306660751,515.7447983857179,0.0,515.7447983857179,1570.6218936678245,ra,1.0,0.0,1.0,47.901539925519366,0.0,47.901539925519366,44.89801782749983,0.0,44.89801782749983,-9.767834335788896e-09,0.0,-9.767834335788896e-09,1
41.0,0.0,125.0,209.0,32828.808927873586,32828.808927873586,0.0,517.979810454405,517.979810454405,0.0,1588.999800427482,ra,2.0,2.0,0.0,57.3104880816435,57.3104880816435,0.0,54.29395004415329,54.29395004415329,0.0,0.0,0.0,0.0,1
41.0,2.0,25.0,210.0,107717.84336110209,52411.86349298975,55305.979868112336,8019.395375229603,8019.395375229603,0.0,19664.682517120145,link,0.0,0.0,0.0,0.0,0.0,0.0,44.89801782749983,0.0,44.89801782749983,91.60024578853063,46.70222796103081,44.89801782749983,0
42.0,2.0,0.0,211.0,64323.0,34358.0,29965.000000000004,292.1437675,0.0,292.1437675,0.0,link,0.0,0.0,0.0,0.0,0.0,0.0,34.64192279285128,0.0,34.64192279285128,36.343268616168885,0.0,36.343268616168885,0
42.0,2.0,21.0,212.0,64323.0,34358.0,29965.0,334.9733210000001,334.9733210000001,0.0,974.9930872178356,link,0.0,0.0,0.0,0.0,0.0,0.0,34.64192279285128,0.0,34.64192279285128,36.592693351754875,1.9507705589035944,34.64192279285128,0
43.0,2.0,20.0,213.0,150198.49863614666,75767.44894346851,74431.04969267815,256.5387159589935,0.0,256.5387159589935,0.0,link,0.0,0.0,0.0,0.0,0.0,0.0,60.189732785433726,60.189732785433726,0.0,61.683726912541346,60.189732785433726,1.4939941271076218,0
43.0,2.0,127.0,214.0,143910.62075712613,71622.8655725805,72287.75518454562,14695.550707760216,7361.674053195678,7333.876654564538,10005.69209126666,ra,5.0,0.0,5.0,224.58675343140774,95.44847737457565,129.1382760568321,146.6180084827002,60.189732785433726,86.42827569726647,7.613138354689937,7.613138354689937,0.0,1
43.0,2.0,22.0,215.0,143835.3128743358,71573.22723597237,72262.08563836341,254.1351114407348,254.1351114407348,0.0,10360.675542503666,link,0.0,0.0,0.0,0.0,0.0,0.0,94.04141405195641,7.613138354689937,86.42827569726647,95.52141040480706,9.093134707540585,86.42827569726647,0
44.0,2.0,20.0,216.0,153959.0,74263.0,79696.0,3498.654400000002,0.0,3498.654400000002,0.0,link,0.0,0.0,0.0,0.0,0.0,0.0,68.4154161221419,10.650088201160617,57.76532792098129,88.79038801221228,10.650088201160617,78.14029981105166,0
44.0,2.0,21.0,217.0,153959.0,74263.0,79696.0,3260.145700000001,3260.145700000001,0.0,4390.047146032249,link,0.0,0.0,0.0,0.0,0.0,0.0,68.4154161221419,10.650088201160617,57.76532792098129,87.40139455860417,29.636066637622875,57.76532792098129,0
45.0,2.0,20.0,218.0,62196.76002530598,32348.66402655705,29848.09599874893,1778.4316575225057,0.0,1778.4316575225057,0.0,link,0.0,0.0,0.0,0.0,0.0,0.0,15.8093714203115,15.8093714203115,0.0,26.16635181552639,15.8093714203115,10.356980395214888,0
45.0,2.0,129.0,219.0,59803.760630072626,31496.773292559403,28306.987337513223,6019.401556958648,3144.575633708264,2874.8259232503847,9849.378972750012,ra,2.0,0.0,2.0,61.75426395889905,34.122309143741994,27.63195481515706,26.699318972598533,15.8093714203115,10.889947552287033,-2.220446049250313e-16,-2.220446049250313e-16,0.0,1
45.0,2.0,27.0,220.0,59265.836631097605,31619.71560399585,27646.121027101755,2008.7677610146968,2008.7677610146968,0.0,16227.553730454052,link,0.0,0.0,0.0,0.0,0.0,0.0,10.889947552287033,-2.220446049250313e-16,10.889947552287033,22.588326981919764,11.698379429632729,10.889947552287033,0
46.0,2.0,21.0,221.0,122056.36331156333,58092.14471186193,63964.2185997014,6279.260644728073,0.0,6279.260644728073,0.0,link,0.0,0.0,0.0,0.0,0.0,0.0,64.99944219991048,20.373652255404195,44.62578994450628,101.56771802811448,20.373652255404195,81.19406577271029,0
46.0,2.0,23.0,222.0,131872.70614633957,62497.919354533005,69374.78679180656,5678.044393759095,5678.044393759095,0.0,9404.55520736285,link,0.0,0.0,0.0,0.0,0.0,0.0,64.99944219991048,20.373652255404195,44.62578994450628,98.06643930411522,53.44064935960894,44.62578994450628,0
47.0,2.0,22.0,223.0,38579.295537849815,18952.69215084102,19626.6033870088,1763.219166427337,0.0,1763.219166427337,0.0,link,0.0,0.0,0.0,0.0,0.0,0.0,46.834864172952756,15.756858966121419,31.078005206831335,57.10325220007264,15.756858966121419,41.34639323395122,0
47.0,2.0,128.0,224.0,35162.62482989687,17399.45971996509,17763.16510993178,7435.637995433931,3663.3854298437486,3772.2525655901823,19815.112780906624,ra,1.0,0.0,1.0,50.0,37.09116828102824,12.908831718971758,37.775381449050194,15.756858966121419,22.018522482928773,31.078005206831335,0.0,31.078005206831335,1
47.0,2.0,28.0,225.0,35062.11998304022,16961.141448801816,18100.9785342384,1675.651535543216,1675.651535543216,0.0,29618.33132225415,link,0.0,0.0,0.0,0.0,0.0,0.0,22.018522482928773,0.0,22.018522482928773,31.776946445651777,9.758423962723004,22.018522482928773,0
48.0,2.0,24.0,226.0,16009.999934388854,7856.999966820751,8152.999967568103,2252.387938481718,0.0,2252.387938481718,0.0,link,0.0,0.0,0.0,0.0,0.0,0.0,16.19004399270097,16.19004399270097,0.0,29.307184380187813,16.19004399270097,13.117140387486842,0
48.0,2.0,0.0,227.0,10228.9496360124,5180.369177535584,5048.580458476815,2203.4039084147803,2203.4039084147803,0.0,34790.83034290512,link,0.0,0.0,0.0,0.0,0.0,0.0,16.19004399270097,16.19004399270097,0.0,29.021918068752132,29.021918068752132,0.0,0
50.0,2.0,23.0,230.0,167288.29083468003,89420.76920845687,77867.52162622314,2077.529087866036,0.0,2077.529087866036,0.0,link,0.0,0.0,0.0,0.0,0.0,0.0,90.57872613002687,54.77748408318117,35.801242046845694,102.677548113151,54.77748408318117,47.90006402996984,0
50.0,2.0,25.0,231.0,167733.1420677742,89424.56834914754,78308.57371862668,2379.090073396836,2379.090073396836,0.0,2660.513408818963,link,0.0,0.0,0.0,0.0,0.0,0.0,90.57872613002687,54.77748408318117,35.801242046845694,104.4337366075996,68.63249456075391,35.801242046845694,0
51.0,2.0,23.0,232.0,68004.42841151668,33685.47219088722,34318.956220629465,2606.4986391770226,0.0,2606.4986391770226,0.0,link,0.0,0.0,0.0,0.0,0.0,0.0,43.44153535695257,30.27916762403147,13.162367732921105,58.62089588617161,30.27916762403147,28.341728262140137,0
51.0,0.0,130.0,233.0,33100.995903315394,33100.995903315394,0.0,783.1629546866914,783.1629546866914,0.0,2344.9972799662905,ra,1.0,1.0,0.0,34.84004199535714,34.84004199535714,0.0,30.27916762403147,30.27916762403147,0.0,0.0,0.0,0.0,1
51.0,2.0,27.0,234.0,64426.23565632764,31754.48892503164,32671.746731296,1762.794004348873,1762.794004348873,0.0,7784.588682143257,link,0.0,0.0,0.0,0.0,0.0,0.0,13.162367732921105,0.0,13.162367732921105,23.428279760869014,10.265912027947909,13.162367732921105,0
53.0,2.0,24.0,237.0,26623.0,13216.0,13407.000000000002,1301.209681500001,0.0,1301.209681500001,0.0,link,0.0,0.0,0.0,0.0,0.0,0.0,31.175302690308676,24.121098045093504,7.054204645215173,38.753104797212956,24.121098045093504,14.632006752119455,0
53.0,2.0,28.0,238.0,26623.0,13216.0,13407.0,1282.6722719999998,1282.6722719999998,0.0,9705.486491353968,link,0.0,0.0,0.0,0.0,0.0,0.0,31.175302690308676,24.121098045093504,7.054204645215173,38.64514923650446,31.590944591289286,7.054204645215173,0
54.0,2.0,25.0,239.0,63790.74308365228,33602.55553767664,30188.187545975637,914.669079332492,0.0,914.669079332492,0.0,link,0.0,0.0,0.0,0.0,0.0,0.0,39.96218390922374,39.96218390922374,0.0,45.28890517100829,39.96218390922374,5.32672126178455,0
54.0,2.0,131.0,240.0,33762.441558617626,17029.212737248363,16733.228821369263,7185.418002340216,3714.280971775646,3471.13703056457,14118.05957838652,ra,3.0,3.0,0.0,112.62130534578215,61.59289152977409,51.028413816008054,70.7758776247453,39.96218390922374,30.813693715521573,0.0,0.0,0.0,1
54.0,2.0,26.0,241.0,32484.774457444895,16371.354345937669,16113.420111507226,929.5714925260236,929.5714925260236,0.0,19751.672738570145,link,0.0,0.0,0.0,0.0,0.0,0.0,30.813693715521573,0.0,30.813693715521573,36.227201557287394,5.41350784176582,30.813693715521573,0
55.0,2.0,26.0,242.0,35611.19993600926,17306.49996896785,18304.699967041404,3651.9540270608895,0.0,3651.9540270608895,0.0,link,0.0,0.0,0.0,0.0,0.0,0.0,22.850192121133055,22.850192121133055,0.0,44.11792883876795,22.850192121133055,21.267736717634897,0
55.0,2.0,132.0,243.0,34335.6700861098,16687.900230609903,17647.769855499897,3806.716178738113,1850.014875297545,1956.701303440568,10714.232916978135,ra,1.0,0.0,1.0,45.01921091169011,33.62404880168987,11.39516211000024,22.850192121133055,22.850192121133055,0.0,0.0,0.0,0.0,1
55.0,2.0,0.0,244.0,9015.000278806967,4116.000142012323,4899.000136794644,3382.273931804988,3382.273931804988,0.0,47911.36687265736,link,0.0,0.0,0.0,0.0,0.0,0.0,0.0,0.0,0.0,19.697211672305905,19.697211672305905,0.0,0
56.0,2.0,27.0,245.0,67553.51728478492,34432.267085202984,33121.25019958193,2367.0237097169543,0.0,2367.0237097169543,0.0,link,0.0,0.0,0.0,0.0,0.0,0.0,11.696716256621185,11.696716256621185,0.0,25.48145634086987,11.696716256621185,13.784740084248684,0
56.0,1.0,134.0,246.0,28345.05378073905,0.0,28345.05378073905,1429.461201904893,0.0,1429.461201904893,14670.942506693847,ra,1.0,0.0,1.0,50.0,0.0,50.0,41.67530470950248,0.0,41.67530470950248,0.0,0.0,0.0,1
56.0,0.0,133.0,247.0,28758.648000424007,28758.648000424007,0.0,4635.222356187495,4635.222356187495,0.0,14715.488271793003,ra,0.0,-0.0,0.0,0.0,0.0,0.0,11.696716256621185,11.696716256621185,0.0,38.690672907940034,38.690672907940034,0.0,0
56.0,2.0,135.0,248.0,47006.10408228616,24072.8864014428,22933.21768084336,5972.3380643838445,1468.7067383505575,4503.631326033287,20490.182643268578,ra,1.0,1.0,0.0,33.66147941273973,30.681682569339706,2.979796843400024,57.11815916075213,38.690672907940034,18.4274862528121,58.23754297926443,16.56223826976196,41.67530470950248,1
56.0,2.0,29.0,249.0,45237.32656378552,23422.054813020965,21815.27175076456,2510.3156903599324,2510.3156903599324,0.0,31051.51115001564,link,0.0,0.0,0.0,0.0,0.0,0.0,34.98972452257406,16.56223826976196,18.4274862528121,49.60894830937798,31.181462056565884,18.4274862528121,0
57.0,2.0,28.0,250.0,21608.0,10785.0,10823.000000000002,664.3049169999997,0.0,664.3049169999997,0.0,link,0.0,0.0,0.0,0.0,0.0,0.0,16.145327058353377,16.145327058353377,0.0,20.014012690838406,16.145327058353377,3.868685632485027,0
57.0,2.0,0.0,251.0,21608.0,10785.000000000002,10823.0,661.972515,661.972515,0.0,6137.906286244384,link,0.0,0.0,0.0,0.0,0.0,0.0,16.145327058353377,16.145327058353377,0.0,20.000429575802425,20.000429575802425,0.0,0
59.0,2.0,29.0,254.0,41763.642422810655,21836.31144790283,19927.330974907825,64.19229876066692,0.0,64.19229876066692,0.0,link,0.0,0.0,0.0,0.0,0.0,0.0,47.015423296146096,25.066335863595626,21.949087432550474,47.38925738584858,25.066335863595626,22.32292152225296,0
59.0,0.0,137.0,255.0,11226.947197214342,11226.947197214342,0.0,4281.442654724177,4281.442654724177,0.0,25939.716113189967,ra,1.0,1.0,0.0,50.0,50.0,0.0,25.066335863595626,25.066335863595626,0.0,0.0,0.0,0.0,1
59.0,1.0,138.0,256.0,8142.41876965786,0.0,8142.41876965786,3768.951031500648,0.0,3768.951031500648,26235.491957639333,ra,0.0,0.0,0.0,0.0,0.0,0.0,0.0,0.0,0.0,21.949087432550474,0.0,21.949087432550474,0
59.0,2.0,0.0,257.0,19030.167720862108,11064.89566740363,7965.272053458477,121.79539004601152,121.79539004601152,0.0,27032.750454879864,link,0.0,0.0,0.0,0.0,0.0,0.0,0.0,0.0,0.0,0.7092948787761493,0.7092948787761493,0.0,0
60.0,2.0,29.0,258.0,15204.999638753205,7325.999839362642,7878.999799390564,589.7618799510744,0.0,589.7618799510744,0.0,link,0.0,0.0,0.0,0.0,0.0,0.0,13.445133829958538,13.445133829958538,0.0,16.879706197505953,13.445133829958536,3.4345723675474193,0
60.0,2.0,136.0,259.0,13825.298552554461,6712.4814864233695,7112.817066131092,1621.7030872016057,781.773481624616,839.9296055769897,10738.631570167296,ra,1.0,1.0,0.0,22.88938039966061,17.997916383303618,4.8914640163569905,13.445133829958536,13.445133829958536,0.0,0.0,0.0,0.0,1
60.0,2.0,0.0,260.0,9900.001134069504,4967.000504292169,4933.000629777334,588.1442988228391,588.1442988228391,0.0,22135.2935483001,link,0.0,0.0,0.0,0.0,0.0,0.0,0.0,0.0,0.0,3.4251521258631588,3.4251521258631588,0.0,0
