Time of calculation: 20220108-171624; value of objective: -98560337.90559895;  acc=27.333333333333332;  cfix=35000;  cvar=17750;  eta=0.014;  mu=0.1859430513361825;  i=
segment_id,dir,type_ID,POI_ID,traffic_flow,traffic_flow_0,traffic_flow_1,energy_demand,energy_demand_0,energy_demand_1,dist_along_segment,pois_type,pYi_dir,pYi_dir_0,pYi_dir_1,pE_charged,pE_charged_0,pE_charged_1,pE_input,pE_input_0,pE_input_1,pE_output,pE_output_0,pE_output_1,pXi
0.0,2.0,0.0,0.0,26540.636112053,13243.0239038645,13297.6122081885,4423.92123143818,0.0,4423.92123143818,0.0,link,0.0,0.0,0.0,0.0,0.0,0.0,0.0,0.0,0.0,28.855020153625638,0.0,28.855020153625638,0
0.0,2.0,1.0,1.0,26594.7769799282,13269.4415749127,13325.3354050155,810.003976920776,31.774775427221,778.229201493555,239.715824101164,ra,2.0,0.0,2.0,133.777271676265,0.20725092906577958,133.5700207471992,128.49402184973775,0.0,128.49402184973775,0.0,0.0,0.0,1
0.0,2.0,0.0,2.0,45891.0713847726,24132.5354848012,21758.5358999714,10453.07839190074,5371.86342144895,5081.21497045179,24427.462160298,ra,0.0,0.0,0.0,0.0,0.0,0.0,95.35180418651181,0.0,95.35180418651181,163.5319936352442,35.037971785506436,128.49402184973775,0
0.0,1.0,2.0,3.0,5594.60627343411,0.0,5594.60627343411,2065.98540498995,0.0,2065.98540498995,68504.6013106114,ra,0.0,0.0,0.0,0.0,0.0,0.0,81.87641722111113,0.0,81.87641722111113,95.35180418651181,0.0,95.35180418651181,0
0.0,0.0,3.0,4.0,4553.08388931748,4553.08388931748,0.0,7187.4483251383,7187.4483251383,0.0,79329.1374904099,ra,0.0,-0.0,0.0,0.0,0.0,0.0,35.037971785506436,35.037971785506436,0.0,81.91809361072855,81.91809361072855,0.0,0
0.0,2.0,4.0,5.0,7895.539602766939,4645.32330643337,3250.21629633357,2342.9750495919798,1038.66179081139,1304.31325878059,104473.71241617,ra,0.0,0.0,0.0,0.0,0.0,0.0,155.28712939355853,81.91809361072855,73.36903578282998,170.56918093529455,88.69276371418343,81.87641722111113,0
0.0,2.0,5.0,6.0,19815.36822147166,9562.72950758806,10252.6387138836,7959.02626511719,2076.95503589247,5882.07122922472,133409.21035476,ra,0.0,0.0,0.0,0.0,0.0,0.0,123.69599798631069,88.69276371418343,35.00323427212725,175.60873586490362,102.23970008207363,73.36903578282998,0
0.0,2.0,6.0,7.0,38420.413170467305,19234.6634945469,19185.7496759204,10291.73164091456,4957.10120865155,5334.63043226301,173065.413799776,ra,2.0,0.0,2.0,160.89999999999998,96.28450552844227,64.61549447155772,167.06330916105966,102.23970008207363,64.82360907898604,73.29111464817373,38.28788037604647,35.00323427212725,1
0.0,1.0,7.0,8.0,21229.4573799075,0.0,21229.4573799075,31.9071906889248,0.0,31.9071906889248,176940.22069629,ra,0.0,0.0,-0.0,0.0,0.0,0.0,64.61549447155772,0.0,64.61549447155772,64.82360907898604,0.0,64.82360907898604,0
0.0,2.0,0.0,9.0,50605.7308716768,25638.9023938735,24966.8284778033,5210.17855174236,5210.17855174236,0.0,194059.964946131,link,0.0,0.0,0.0,0.0,0.0,0.0,102.9033748476042,38.28788037604647,64.61549447155772,136.88675729260302,72.2712628210453,64.61549447155772,0
1.0,2.0,0.0,10.0,41635.2696746832,21021.6267553003,20613.6429193829,39.7761865009555,0.0,39.7761865009555,0.0,link,0.0,0.0,0.0,0.0,0.0,0.0,96.60347310322223,73.92933138167257,22.674141721549656,96.86291322502257,73.92933138167257,22.933581843349998,0
1.0,2.0,8.0,11.0,39859.9435983602,20128.7100274165,19731.2335709437,2276.328443367862,1715.72731424055,560.601129127312,8218.21591932416,ra,0.0,-0.0,0.0,0.0,0.0,0.0,92.94695300875048,73.92933138167257,19.017621627077915,107.79430215296156,85.1201604314119,22.674141721549656,0
1.0,0.0,9.0,12.0,15021.9786197919,15021.9786197919,0.0,1426.84265640488,1426.84265640488,0.0,16747.0640478161,ra,0.0,0.0,0.0,0.0,0.0,0.0,85.1201604314119,85.1201604314119,0.0,94.42673969734314,94.42673969734314,0.0,0
1.0,2.0,10.0,13.0,29629.2702066633,14994.1517039878,14635.1185026755,191.32891529796441,24.7111120586864,166.617803239278,16911.7407621753,ra,0.0,0.0,0.0,0.0,0.0,0.0,112.35759693172429,94.42673969734314,17.930857234381158,113.60553951887098,94.58791789179307,19.017621627077915,0
1.0,2.0,14.0,14.0,23126.816645439998,11846.3351177034,11280.4815277366,2715.58896866506,1386.75954291372,1328.82942575134,27721.2649615329,ra,0.0,0.0,0.0,0.0,0.0,0.0,103.85148702251136,94.58791789179307,9.263569130718292,121.56391233943324,103.63305510505208,17.930857234381158,0
1.0,1.0,13.0,15.0,11337.2619320883,0.0,11337.2619320883,1420.24853693026,0.0,1420.24853693026,29194.6309655969,ra,0.0,0.0,-0.0,0.0,0.0,0.0,0.0,0.0,0.0,9.263569130718292,0.0,9.263569130718292,0
1.0,0.0,12.0,16.0,11885.5265358471,11885.5265358471,0.0,208.504810997731,208.504810997731,0.0,29478.4736802298,ra,0.0,0.0,0.0,0.0,0.0,0.0,103.63305510505208,103.63305510505208,0.0,104.99302744830095,104.99302744830095,0.0,0
1.0,0.0,15.0,17.0,11960.1701828351,11960.1701828351,0.0,465.471180470787,465.471180470787,0.0,33381.7233696118,ra,0.0,0.0,0.0,0.0,0.0,0.0,104.99302744830095,104.99302744830095,0.0,108.02906258336824,108.02906258336824,0.0,0
1.0,2.0,16.0,18.0,23460.935326572,11970.3853891252,11490.5499374468,1768.668281716874,86.3301716488441,1682.33811006803,34103.2604930604,ra,2.0,2.0,0.0,119.56519902073148,108.59215100933092,10.973048011400566,108.02906258336824,108.02906258336824,0.0,0.0,0.0,0.0,1
1.0,2.0,0.0,19.0,23472.9532848191,11974.8809399587,11498.0723448604,41.4313703808343,41.4313703808343,0.0,34449.3464575004,link,0.0,0.0,0.0,0.0,0.0,0.0,0.0,0.0,0.0,0.2702360563826436,0.2702360563826436,0.0,0
2.0,2.0,0.0,20.0,68929.1689525749,33758.8137930879,35170.355159487,2037.30449092795,0.0,2037.30449092795,0.0,link,0.0,0.0,0.0,0.0,0.0,0.0,145.49400057620426,57.72116756510393,87.77283301110032,158.78231631904288,57.72116756510393,101.06114875393894,0
2.0,1.0,11.0,21.0,34398.2821383792,0.0,34398.2821383792,0.177994253383828,0.0,0.177994253383828,2598.41164546074,ra,0.0,0.0,-0.0,0.0,0.0,0.0,87.77167204382718,0.0,87.77167204382718,87.77283301110032,0.0,87.77283301110032,0
2.0,0.0,17.0,22.0,24285.974119979,24285.974119979,0.0,5629.75346622784,5629.75346622784,0.0,19826.0309188716,ra,0.0,0.0,0.0,0.0,0.0,0.0,57.72116756510393,57.72116756510393,0.0,94.44122681334196,94.44122681334196,0.0,0
2.0,1.0,18.0,23.0,24186.0911430872,0.0,24186.0911430872,4128.06929715106,0.0,4128.06929715106,19924.5544753991,ra,0.0,0.0,-0.0,0.0,0.0,0.0,60.84634572509126,0.0,60.84634572509126,87.77167204382718,0.0,87.77167204382718,0
2.0,0.0,19.0,24.0,24395.8043620461,24395.8043620461,0.0,1107.94961707917,1107.94961707917,0.0,24376.283905319,ra,0.0,0.0,0.0,0.0,0.0,0.0,94.44122681334196,94.44122681334196,0.0,101.66782666842755,101.66782666842755,0.0,0
2.0,0.0,20.0,25.0,18382.7449604955,18382.7449604955,0.0,3193.59583085962,3193.59583085962,0.0,38424.0480859037,ra,0.0,-0.0,0.0,0.0,0.0,0.0,101.66782666842755,101.66782666842755,0.0,122.49805108723609,122.49805108723609,0.0,0
2.0,1.0,21.0,26.0,18491.6133654888,0.0,18491.6133654888,4453.99249618843,0.0,4453.99249618843,38987.6806255175,ra,0.0,0.0,-0.0,0.0,0.0,0.0,31.795185788449785,0.0,31.795185788449785,60.84634572509126,0.0,60.84634572509126,0
2.0,2.0,22.0,27.0,37060.499514109295,18323.8494067353,18736.650107374,9037.685965220891,4162.99183164668,4874.69413357421,60686.5331745626,ra,1.0,1.0,0.0,80.45,74.5438984379728,5.906101562027203,128.4041526492633,122.49805108723609,5.906101562027203,106.90244693971344,75.10726115126366,31.795185788449785,1
2.0,2.0,23.0,28.0,37058.9029265594,18323.1127403572,18735.7901862022,905.670862196634,0.17407320896991,905.496788987664,60687.5223097686,ra,1.0,1.0,0.0,75.10839654352999,75.10839654352999,0.0,75.10726115126366,75.10726115126366,0.0,5.906101562027203,0.0,5.906101562027203,1
2.0,2.0,0.0,29.0,23931.6001633626,12393.9415716933,11537.6585916693,2066.87595360883,2066.87595360883,0.0,74788.4585560346,link,0.0,0.0,0.0,0.0,0.0,0.0,0.0,0.0,0.0,13.48119556754373,13.48119556754373,0.0,0
3.0,2.0,0.0,30.0,27844.0,14880.0,12964.0,276.638796,0.0,276.638796,0.0,link,0.0,0.0,0.0,0.0,0.0,0.0,0.0,0.0,0.0,1.804376166810663,0.0,1.804376166810663,0
3.0,0.0,24.0,31.0,14880.0,14880.0,0.0,43.31568,43.31568,0.0,291.139117483826,ra,0.0,-0.0,0.0,0.0,0.0,0.0,0.0,0.0,0.0,0.2825264632846266,0.2825264632846266,0.0,0
3.0,1.0,25.0,32.0,12964.0,0.0,12964.0,50.78647,0.0,50.78647,391.789662717657,ra,1.0,0.0,1.0,80.45000000020835,0.0,80.45000000020835,80.11874537240745,0.0,80.11874537240745,0.0,0.0,0.0,1
3.0,2.0,1.0,33.0,27844.0,14880.0,12964.0,332.50104,332.50104,0.0,2525.71464164925,link,0.0,0.0,0.0,0.0,0.0,0.0,80.40127188767096,0.2825264632846266,80.11874542438633,82.57000941223849,2.4512640398310444,80.11874537240745,0
4.0,2.0,1.0,34.0,59761.3086274698,30037.3419745759,29723.9666528939,2541.48042300009,0.0,2541.48042300009,0.0,link,0.0,0.0,0.0,0.0,0.0,0.0,195.51986668846274,118.18180555836568,77.33806113009707,212.09666925550852,118.18180555836568,93.91486369714282,0
4.0,1.0,29.0,35.0,19741.1962074672,0.0,19741.1962074672,941.130780889781,0.0,941.130780889781,27421.918402147,ra,0.0,0.0,-0.0,0.0,0.0,0.0,71.19953690484911,0.0,71.19953690484911,77.33806113009707,0.0,77.33806113009707,0
4.0,0.0,28.0,36.0,20188.7740020659,20188.7740020659,0.0,6913.40781708113,6913.40781708113,0.0,27456.2755376563,ra,0.0,-0.0,0.0,0.0,0.0,0.0,118.18180555836568,118.18180555836568,0.0,163.27449854631422,163.27449854631422,0.0,0
4.0,2.0,31.0,37.0,24242.04672144007,16011.0814154375,8230.96530600257,10336.618270691579,5459.80728965386,4876.81098103772,57952.4364496481,ra,2.0,0.0,2.0,160.9000000002632,73.1704336530853,87.7295663471779,290.3946088752192,163.27449854631422,127.120110328905,196.91518734311683,125.71565043826773,71.19953690484911,1
4.0,2.0,30.0,38.0,24222.43641462717,16010.6884723873,8211.74794223987,2097.1816748164297,3.69851459408978,2093.48316022234,57975.5602403068,ra,0.0,-0.0,0.0,0.0,0.0,0.0,239.18101973105047,125.71565043826773,113.46536929278273,252.85988432579416,125.73977399688916,127.120110328905,0
4.0,2.0,35.0,39.0,21337.9057816767,10925.6060783794,10412.2997032973,4724.82145770061,2596.38509090262,2128.43636679799,78476.4553474238,ra,1.0,1.0,0.0,80.4500000003125,74.21518213296089,6.2348178673516035,231.55723787903696,125.73977399688916,105.8174638821478,181.92487934302494,68.45951005024223,113.46536929278273,1
4.0,0.0,40.0,40.0,10876.9999980846,10876.9999980846,0.0,1976.66074396654,1976.66074396654,0.0,96645.2667353262,ra,0.0,-0.0,0.0,0.0,0.0,0.0,68.45951005024223,68.45951005024223,0.0,81.35227703684905,81.35227703684905,0.0,0
4.0,1.0,41.0,41.0,10239.998724531,0.0,10239.998724531,1817.26058482465,0.0,1817.26058482465,99246.7072366671,ra,0.0,0.0,-0.0,0.0,0.0,0.0,93.9643842145295,0.0,93.9643842145295,105.8174638821478,0.0,105.8174638821478,0
4.0,2.0,42.0,42.0,15349.44862342799,7293.1561007636,8056.29252266439,2244.8438549829193,2242.94471998322,1.89913499969935,124531.184689634,ra,0.0,0.0,-0.0,0.0,0.0,0.0,175.3042741459524,81.35227703684905,93.95199710910336,189.94626510568224,95.98188089115276,93.9643842145295,0
4.0,2.0,45.0,43.0,29499.9997821141,14928.9998128104,14570.9999693037,9965.39545782924,4949.37419030477,5016.02126752447,160563.715389321,ra,0.0,0.0,-0.0,0.0,0.0,0.0,157.21688617479805,95.98188089115276,61.23500528364528,222.21616435612123,128.26416724701787,93.95199710910336,0
4.0,2.0,49.0,44.0,29501.2496709625,14929.6109247903,14571.6387461722,7771.39511709413,964.25344768502,6807.14166940911,167022.616706975,ra,0.0,-0.0,0.0,0.0,0.0,0.0,145.0996003448966,128.26416724701787,16.835433097878727,195.78851409742245,134.55350881377717,61.23500528364528,0
4.0,2.0,2.0,45.0,37135.979248738106,18661.9898553614,18473.9893933767,2580.11657231137,2580.11657231137,0.0,182066.45484822,link,0.0,0.0,0.0,0.0,0.0,0.0,151.3889419116559,134.55350881377717,16.835433097878727,168.21774870949875,151.38231561162002,16.835433097878727,0
5.0,2.0,1.0,46.0,68793.7826224039,33913.4453688065,34880.3372535974,3843.82209257494,0.0,3843.82209257494,0.0,link,0.0,0.0,0.0,0.0,0.0,0.0,215.34818191188313,69.24254149177318,146.10564042010995,240.41950622932453,69.24254149177318,171.17696473755134,0
5.0,1.0,26.0,47.0,36003.5240013336,0.0,36003.5240013336,3895.94746693039,0.0,3895.94746693039,10624.4240384357,ra,0.0,0.0,-0.0,0.0,0.0,0.0,120.69432868372475,0.0,120.69432868372475,146.10564042010995,0.0,146.10564042010995,0
5.0,0.0,27.0,48.0,32653.8009159093,32653.8009159093,0.0,4178.14177110393,4178.14177110393,0.0,12028.5386871855,ra,0.0,-0.0,0.0,0.0,0.0,0.0,69.24254149177318,69.24254149177318,0.0,96.49446545306753,96.49446545306753,0.0,0
5.0,2.0,32.0,49.0,33127.6679782642,16315.8916479239,16811.7763303403,9152.20454584315,5870.83645283758,3281.36809300557,39273.393575652,ra,0.0,0.0,-0.0,0.0,0.0,0.0,195.7860753282092,96.49446545306753,99.29160987514166,255.48131683394638,134.78698815022165,120.69432868372475,0
5.0,1.0,36.0,50.0,15728.3542233459,0.0,15728.3542233459,1275.7622080105,0.0,1275.7622080105,47330.3638647794,ra,0.0,0.0,-0.0,0.0,0.0,0.0,90.97045274564893,0.0,90.97045274564893,99.29160987514166,0.0,99.29160987514166,0
5.0,0.0,39.0,51.0,16181.0369578104,16181.0369578104,0.0,2402.71193975453,2402.71193975453,0.0,54808.4650706048,ra,0.0,-0.0,0.0,0.0,0.0,0.0,134.78698815022165,134.78698815022165,0.0,150.45867285922932,150.45867285922932,0.0,0
5.0,1.0,43.0,52.0,15425.0541977474,0.0,15425.0541977474,6550.91638851091,0.0,6550.91638851091,67696.5829264334,ra,0.0,0.0,-0.0,0.0,0.0,0.0,48.242109602489535,0.0,48.242109602489535,90.97045274564893,0.0,90.97045274564893,0
5.0,0.0,44.0,53.0,16743.9409701348,16743.9409701348,0.0,2188.52376611744,2188.52376611744,0.0,67916.7177403682,ra,1.0,1.0,0.0,80.45,80.45,0.0,150.45867285922932,150.45867285922932,0.0,84.28331577733891,84.28331577733891,0.0,1
5.0,1.0,50.0,54.0,23926.8657512302,0.0,23926.8657512302,3865.03208223887,0.0,3865.03208223887,86150.6446371155,ra,1.0,0.0,1.0,80.45000000018184,0.0,80.45000000018184,103.48244433080178,0.0,103.48244433080178,48.242109602489535,0.0,48.242109602489535,1
5.0,0.0,51.0,55.0,23976.5917239922,23976.5917239922,0.0,3863.2104401925,3863.2104401925,0.0,86198.2118888899,ra,0.0,-0.0,0.0,0.0,0.0,0.0,84.28331577733891,84.28331577733891,0.0,109.48110056547644,109.48110056547644,0.0,0
5.0,2.0,4.0,56.0,48295.9987384735,24204.9992554563,24090.9994830172,3849.65902876729,3849.65902876729,0.0,102115.051061861,link,0.0,0.0,0.0,0.0,0.0,0.0,212.96354489627822,109.48110056547644,103.48244433080178,238.07294062201436,134.59049629121256,103.48244433080178,0
6.0,2.0,0.0,57.0,17593.52882743976,9370.08985369332,8223.43897374644,3280.58897165935,0.0,3280.58897165935,0.0,link,0.0,0.0,0.0,0.0,0.0,0.0,0.0,0.0,0.0,21.397637060146955,0.0,21.397637060146955,0
6.0,0.0,34.0,58.0,9440.70012643683,9440.70012643683,0.0,115.627916160566,115.627916160566,0.0,1229.56192943354,ra,0.0,-0.0,0.0,0.0,0.0,0.0,0.0,0.0,0.0,0.7541829242855249,0.7541829242855249,0.0,0
6.0,0.0,33.0,59.0,9685.7540713875,9685.7540713875,0.0,302.822447135245,302.822447135245,0.0,4398.31801694572,ra,0.0,-0.0,0.0,0.0,0.0,0.0,0.7541829242855249,0.7541829242855249,0.0,2.7293418992905987,2.7293418992905987,0.0,0
6.0,1.0,38.0,60.0,13533.1360897293,0.0,13533.1360897293,3267.26796433001,0.0,3267.26796433001,19100.037855584,ra,2.0,0.0,2.0,61.93356330806079,0.0,61.93356330806079,40.622812499916506,0.0,40.622812499916506,0.0,0.0,0.0,1
6.0,0.0,37.0,61.0,14150.2103751211,14150.2103751211,0.0,1803.67381185194,1803.67381185194,0.0,19123.3135023805,ra,0.0,-0.0,0.0,0.0,0.0,0.0,2.7293418992905987,2.7293418992905987,0.0,14.49380178697978,14.49380178697978,0.0,0
6.0,2.0,48.0,62.0,30972.8842403762,15986.2762154003,14986.6080249759,5468.1986435463505,3421.90944344568,2046.28920010067,42213.9465999939,ra,0.0,-0.0,0.0,0.0,0.0,0.0,41.769695790823505,14.49380178697978,27.275894003843725,77.43601393009646,36.81320143017995,40.622812499916506,0
6.0,2.0,3.0,63.0,43852.3829830634,22912.2538280909,20940.1291549725,3553.90060489654,3553.90060489654,0.0,60876.2242421798,link,0.0,0.0,0.0,0.0,0.0,0.0,64.08909543402368,36.81320143017995,27.275894003843725,87.26940724643237,59.993513242588634,27.275894003843725,0
7.0,2.0,0.0,64.0,11819.72883309257,5668.99952865367,6150.7293044389,2312.63273856917,0.0,2312.63273856917,0.0,link,0.0,0.0,0.0,0.0,0.0,0.0,0.0,0.0,0.0,15.084143859779832,0.0,15.084143859779832,0
7.0,2.0,46.0,65.0,16750.43996107374,8281.7922636936,8468.64769738014,443.9117156207323,439.374363225034,4.53735239569832,6667.95544755655,ra,1.0,1.0,0.0,21.70967367209019,0.0,21.70967367209019,21.68007879732353,0.0,21.68007879732353,2.8658186804386716,2.8658186804386716,0.0,1
7.0,2.0,47.0,66.0,16803.00194301874,8309.64474409952,8493.35719891922,469.00809295789134,4.43822753361236,464.569865424279,6721.47492677825,ra,1.0,0.0,1.0,56.067669824760436,2.8947670134285715,53.172902811331866,74.68864397617924,2.8658186804386716,71.82282529574056,21.68007879732353,0.0,21.68007879732353,1
7.0,2.0,2.0,67.0,31479.2646876848,14962.6751347339,16516.5895529509,2176.3869746183,2176.3869746183,0.0,25294.5418793567,link,0.0,0.0,0.0,0.0,0.0,0.0,71.82282529574056,0.0,71.82282529574056,86.01830634735134,14.195481051610791,71.82282529574056,0
8.0,2.0,2.0,68.0,14782.3695846428,7482.84754160049,7299.52204304231,571.535173252439,0.0,571.535173252439,0.0,link,0.0,0.0,0.0,0.0,0.0,0.0,34.51882301019097,34.51882301019097,0.0,38.24666039244557,34.51882301019097,3.727837382254599,0
8.0,2.0,52.0,69.0,9208.20636712835,4168.18387658208,5040.02249054627,1091.488655298786,530.547783523534,560.940871775252,9055.82449812222,ra,1.0,1.0,0.0,41.638056264681225,37.9793201992551,3.6587360654261265,34.51882301019097,34.51882301019097,0.0,0.0,0.0,0.0,1
8.0,2.0,0.0,70.0,9708.89067456805,5120.67365793185,4588.2170166362,557.603815055505,557.603815055505,0.0,21173.6853058851,link,0.0,0.0,0.0,0.0,0.0,0.0,0.0,0.0,0.0,3.6369701175566638,3.6369701175566638,0.0,0
9.0,2.0,2.0,71.0,31818.42313617,16104.8835451968,15713.5395909732,3261.48259711826,0.0,3261.48259711826,0.0,link,0.0,0.0,0.0,0.0,0.0,0.0,67.40156840012983,67.40156840012983,0.0,88.67458415858452,67.40156840012983,21.273015758454687,0
9.0,2.0,55.0,72.0,36693.0558776816,18116.8086480647,18576.2472296169,5325.486521774041,2708.00089398014,2617.4856277939,15445.3717833973,ra,2.0,0.0,2.0,113.7948317848908,85.0645005990492,28.730331185841603,79.05935317508856,67.40156840012983,11.657784774958726,-8.870394907489754e-08,-8.870394907489754e-08,0.0,1
9.0,2.0,7.0,73.0,31601.8542643027,15291.9117888883,16309.9424754144,3142.32996782434,3142.32996782434,0.0,33157.1268468838,link,0.0,0.0,0.0,0.0,0.0,0.0,11.657784686254777,-8.870394907489754e-08,11.657784774958726,32.153627583854565,20.49584280889584,11.657784774958726,0
10.0,2.0,3.0,74.0,31606.6695639389,16070.5474552074,15536.1221087315,43.8140689321546,0.0,43.8140689321546,0.0,link,0.0,0.0,0.0,0.0,0.0,0.0,78.52182970475842,27.302257160856403,51.21957254390201,78.80760690916824,27.302257160856403,51.505349748311836,0
10.0,2.0,53.0,75.0,20482.292071415,10386.9656808517,10095.3263905633,3859.97837178184,1960.6175793948,1899.36079238704,14793.4065314786,ra,0.0,-0.0,0.0,0.0,0.0,0.0,66.13325210786154,27.302257160856403,38.83099494700514,91.30995471476331,40.09038217086129,51.21957254390201,0
10.0,2.0,4.0,76.0,20473.6189956967,10382.5344994114,10091.0844962853,45.079640330005,45.079640330005,0.0,15227.5355211014,link,0.0,0.0,0.0,0.0,0.0,0.0,78.92137711786643,40.09038217086129,38.83099494700514,79.21540900997985,40.384414062974706,38.83099494700514,0
11.0,2.0,3.0,77.0,48420.0541429227,24599.8231829302,23820.2309599925,1269.82131381751,0.0,1269.82131381751,0.0,link,0.0,0.0,0.0,0.0,0.0,0.0,68.63539943282782,66.91925951683963,1.7161399159881885,76.91780720747892,66.91925951683963,9.998547690639285,0
11.0,2.0,54.0,78.0,48814.9931722971,24295.4347117739,24519.5584605232,3388.4082292149897,1701.63127736504,1686.77695184995,6967.48714814497,ra,2.0,0.0,2.0,160.9000000001639,41.7305547326472,119.1694452675167,176.8028456677789,66.91925951683963,109.88358615093928,38.00373231086916,36.287592394880974,1.7161399159881885,1
11.0,1.0,56.0,79.0,22284.9266194441,0.0,22284.9266194441,1685.09443322027,0.0,1685.09443322027,14053.3882390507,ra,0.0,0.0,-0.0,0.0,0.0,0.0,98.89256002889874,0.0,98.89256002889874,109.88358615093928,0.0,109.88358615093928,0
11.0,2.0,5.0,80.0,42919.8251598076,21285.3584845686,21634.466675239,2910.89526178855,2910.89526178855,0.0,19878.6900646546,link,0.0,0.0,0.0,0.0,0.0,0.0,135.18015245412374,36.287592394880974,98.89256005924275,154.16646276925036,55.27390274035163,98.89256002889874,0
12.0,2.0,4.0,81.0,53131.6723320628,26537.1834811746,26594.4888508882,1562.32443000799,0.0,1562.32443000799,0.0,link,0.0,0.0,0.0,0.0,0.0,0.0,220.71532329663808,97.34764245701436,123.36768083962372,230.90558222438568,97.34764243665525,133.55793978773045,0
12.0,0.0,58.0,82.0,22288.895823896,22288.895823896,0.0,3364.25769729557,3364.25769729557,0.0,13722.6357161214,ra,1.0,1.0,0.0,80.45000000025641,80.45000000025641,0.0,97.34764243665525,97.34764243665525,0.0,38.84100781691742,38.84100781691742,0.0,1
12.0,1.0,57.0,83.0,22492.6689728353,0.0,22492.6689728353,3393.5923031971,0.0,3393.5923031971,13775.3691799331,ra,0.0,0.0,-0.0,0.0,0.0,0.0,101.23298075416727,0.0,101.23298075416727,123.36768083962372,0.0,123.36768083962372,0
12.0,2.0,5.0,84.0,44751.0771921405,22273.0392762582,22478.0379158823,1559.84087923299,1559.84087923299,0.0,20725.0958331826,link,0.0,0.0,0.0,0.0,0.0,0.0,140.0739885710847,38.84100781691742,101.23298075416727,150.24804856267386,49.01506780850658,101.23298075416727,0
13.0,2.0,4.0,85.0,25987.610544625597,13119.3784455626,12868.232099063,1205.38349046939,0.0,1205.38349046939,0.0,link,0.0,0.0,0.0,0.0,0.0,0.0,76.73388426170366,76.73388241460005,1.8471036158685316e-06,84.59599642210367,76.73388241460005,7.862114007503616,0
13.0,2.0,59.0,86.0,13974.00634747334,7033.00411775856,6941.00222971478,6883.850493770729,3777.52597161839,3106.32452215234,36309.8952864744,ra,1.0,1.0,0.0,80.45000000014494,25.765456249315868,54.684543750829064,111.1574305848574,76.73388241460005,34.42354817025734,75.60733587618779,75.60733402908417,1.8471036158685316e-06,1
13.0,1.0,63.0,87.0,7362.49465739319,0.0,7362.49465739319,661.497609325267,0.0,661.497609325267,54986.8926639146,ra,0.0,0.0,-0.0,0.0,0.0,0.0,30.10893092232533,0.0,30.10893092232533,34.42354817025734,0.0,34.42354817025734,0
13.0,0.0,62.0,88.0,7963.31449008736,7963.31449008736,0.0,1395.608479293,1395.608479293,0.0,55258.2918559062,ra,0.0,-0.0,0.0,0.0,0.0,0.0,75.60733402908417,75.60733402908417,0.0,84.71018836264426,84.71018836264426,0.0,0
13.0,2.0,70.0,89.0,20915.585370117602,10623.7234191176,10291.861951,6679.2986941238505,3389.00409366516,3290.29460045869,85720.8848871018,ra,0.0,-0.0,0.0,0.0,0.0,0.0,93.35817737917904,84.71018836264426,8.647989016534774,136.9238930149675,106.81496209264216,30.10893092232533,0
13.0,1.0,71.0,90.0,10312.6666929756,0.0,10312.6666929756,1325.87027770041,0.0,1325.87027770041,92148.0377185692,ra,0.0,0.0,-0.0,0.0,0.0,0.0,1.9519682617429234e-06,0.0,1.9519682617429234e-06,8.647989016534774,0.0,8.647989016534774,0
13.0,0.0,75.0,91.0,10865.4133062023,10865.4133062023,0.0,2225.2267853651,2225.2267853651,0.0,106351.198252807,ra,0.0,-0.0,0.0,0.0,0.0,0.0,106.81496209264216,106.81496209264216,0.0,121.32900051240924,121.32900051240924,0.0,0
13.0,2.0,80.0,92.0,21769.3135715549,10924.7717317326,10844.5418398223,5231.40590135432,1587.86020641778,3643.54569493654,121274.128299309,ra,2.0,2.0,0.0,146.87857480548507,109.94140675617724,36.937168049307814,134.50114880059965,121.32900051240924,13.17214828819042,21.7444114925197,21.744409540551437,1.9519682617429234e-06,1
13.0,2.0,8.0,93.0,20326.8379673694,10049.6549230906,10277.1830442788,1199.97066882623,1199.97066882623,0.0,132616.969219855,link,0.0,0.0,0.0,0.0,0.0,0.0,34.91655782874186,21.744409540551437,13.17214828819042,42.743364867411515,29.571216579221094,13.17214828819042,0
14.0,2.0,5.0,94.0,94497.8226477467,47019.266876753,47478.5557709937,936.342520757964,0.0,936.342520757964,0.0,link,0.0,0.0,0.0,0.0,0.0,0.0,271.2871543543711,90.77893844746826,180.50821590690285,277.39444715615497,90.77893844413494,186.61550871202004,0
14.0,0.0,61.0,95.0,46935.1899031602,46935.1899031602,0.0,2174.78874504217,2174.78874504217,0.0,4629.48262057162,ra,0.0,-0.0,0.0,0.0,0.0,0.0,90.77893844413494,90.77893844413494,0.0,104.96399489968378,104.96399489968378,0.0,0
14.0,1.0,60.0,96.0,47664.7520038718,0.0,47664.7520038718,2204.32457448694,0.0,2204.32457448694,4633.73189838993,ra,0.0,0.0,-0.0,0.0,0.0,0.0,166.13051204228302,0.0,166.13051204228302,180.50821590690285,0.0,180.50821590690285,0
14.0,2.0,6.0,97.0,94641.6911720278,46900.6207445268,47741.070427501,922.919420502059,922.919420502059,0.0,6596.60038925666,link,0.0,0.0,0.0,0.0,0.0,0.0,271.0945069419668,104.96399489968378,166.13051204228302,277.11424759410806,110.98373555182508,166.13051204228302,0
15.0,2.0,6.0,98.0,75207.4913410466,44538.3019109056,30669.189430141,1884.85015181653,0.0,1884.85015181653,0.0,link,0.0,0.0,0.0,0.0,0.0,0.0,228.0903614771355,185.5926026610227,42.497758816112785,240.38429400259085,185.5926026610227,54.79169134156813,0
15.0,1.0,64.0,99.0,16721.3274524539,0.0,16721.3274524539,6515.56424199958,0.0,6515.56424199958,25738.7432238461,ra,0.0,0.0,-0.0,0.0,0.0,0.0,0.0,0.0,0.0,42.497758816112785,0.0,42.497758816112785,0
15.0,0.0,65.0,100.0,16271.068415411,16271.068415411,0.0,7891.47329091754,7891.47329091754,0.0,25740.9022185623,ra,4.0,4.0,0.0,237.0647263582156,237.0647263582156,0.0,185.5926026610227,185.5926026610227,0.0,0.0,0.0,0.0,1
15.0,2.0,0.0,101.0,10998.09198493645,5379.56194516866,5618.53003976779,1825.01257049708,1825.01257049708,0.0,48631.178555929,link,0.0,0.0,0.0,0.0,0.0,0.0,0.0,0.0,0.0,11.903641983515561,11.903641983515561,0.0,0
16.0,2.0,6.0,102.0,79740.5667298025,40135.9531021025,39604.6136277,2800.89558131599,0.0,2800.89558131599,0.0,link,0.0,0.0,0.0,0.0,0.0,0.0,322.94223426620897,77.63169201851173,245.3105422476972,341.21107184693597,77.63169201851173,263.57937982842424,0
16.0,1.0,66.0,103.0,29014.9759926702,0.0,29014.9759926702,4194.66206610603,0.0,4194.66206610603,12316.8385533337,ra,0.0,0.0,-0.0,-3.584939816848996e-09,0.0,-3.584939816848996e-09,217.9508648689896,0.0,217.9508648689896,245.3105422476972,0.0,245.3105422476972,0
16.0,0.0,67.0,104.0,29278.0080852545,29278.0080852545,0.0,4585.78782260726,4585.78782260726,0.0,12575.9466885105,ra,0.0,-0.0,0.0,0.0,0.0,0.0,77.63169201851173,77.63169201851173,0.0,107.54248670586118,107.54248670586118,0.0,0
16.0,0.0,72.0,105.0,28145.026567285,28145.026567285,0.0,3642.99524799985,3642.99524799985,0.0,25449.0803158335,ra,0.0,-0.0,0.0,0.0,0.0,0.0,107.54248670586118,107.54248670586118,0.0,131.30391796769223,131.30391796769223,0.0,0
16.0,1.0,74.0,106.0,25731.8558288299,0.0,25731.8558288299,3150.32793358614,0.0,3150.32793358614,32933.7519739179,ra,0.0,0.0,-0.0,0.0,0.0,0.0,197.40285525069763,0.0,197.40285525069763,217.9508648689896,0.0,217.9508648689896,0
16.0,0.0,76.0,107.0,25418.7221777421,25418.7221777421,0.0,6370.06870476076,6370.06870476076,0.0,49497.4689014342,ra,0.0,-0.0,0.0,0.0,0.0,0.0,131.30391796769223,131.30391796769223,0.0,172.85268230135617,172.85268230135617,0.0,0
16.0,1.0,77.0,108.0,25469.3693020146,0.0,25469.3693020146,3629.48335037293,0.0,3629.48335037293,49565.5184208006,ra,0.0,0.0,-0.0,0.0,0.0,0.0,173.72955527239392,0.0,173.72955527239392,197.40285525069763,0.0,197.40285525069763,0
16.0,1.0,82.0,109.0,26935.5497477119,0.0,26935.5497477119,4731.07688196937,0.0,4731.07688196937,67595.9687520987,ra,0.0,0.0,-0.0,0.0,0.0,0.0,142.87111281020785,0.0,142.87111281020785,173.72955527239392,0.0,173.72955527239392,0
16.0,0.0,83.0,110.0,27462.4751098044,27462.4751098044,0.0,5057.1026374567,5057.1026374567,0.0,68666.0746432526,ra,0.0,-0.0,0.0,0.0,0.0,0.0,172.85268230135617,172.85268230135617,0.0,205.83762730575177,205.83762730575177,0.0,0
16.0,1.0,86.0,111.0,27163.1527528195,0.0,27163.1527528195,4196.37690745412,0.0,4196.37690745412,81021.8926734055,ra,0.0,0.0,-0.0,0.0,0.0,0.0,115.50025078677504,0.0,115.50025078677504,142.87111281020785,0.0,142.87111281020785,0
16.0,0.0,89.0,112.0,29187.9984476255,29187.9984476255,0.0,6653.92810326968,6653.92810326968,0.0,92123.379066016,ra,1.0,1.0,0.0,80.45000000033335,80.45000000033335,0.0,205.83762730575177,205.83762730575177,0.0,168.78786421655468,168.78786421655468,0.0,1
16.0,1.0,90.0,113.0,28376.9986665812,0.0,28376.9986665812,5601.68477510965,0.0,5601.68477510965,92203.5095301381,ra,0.0,0.0,-0.0,0.0,0.0,0.0,78.96326953124178,0.0,78.96326953124178,115.50025078677504,0.0,115.50025078677504,0
16.0,2.0,94.0,114.0,71124.20344709541,35553.8279012094,35570.375545886,8755.2397188011,4299.63877333859,4455.60094546251,106046.116569043,ra,0.0,0.0,-0.0,0.0,0.0,0.0,218.6894827335528,168.78786421655468,49.90161851699813,275.79552173923054,196.83225220798877,78.96326953124178,0
16.0,2.0,12.0,115.0,71147.99996754559,35564.9999847632,35582.9999827824,2799.48715587504,2799.48715587504,0.0,113917.810760995,link,0.0,0.0,0.0,0.0,0.0,0.0,246.7338707249869,196.83225220798877,49.90161851699813,264.9935218527105,215.09190333571235,49.90161851699813,0
18.0,2.0,7.0,118.0,26949.9999999978,13587.9999999988,13361.999999999,1262.35088868617,0.0,1262.35088868617,0.0,link,0.0,0.0,0.0,0.0,0.0,0.0,17.32467703822676,17.32467703822676,-1.7763568394002505e-15,25.55835897522299,17.32467703822676,8.23368193699623,0
18.0,0.0,68.0,119.0,13587.9186189986,13587.9186189986,0.0,1673.78287195478,1673.78287195478,0.0,12318.1380453438,ra,0.0,-0.0,0.0,4.440892098500626e-16,4.440892098500626e-16,0.0,17.32467703822676,17.32467703822676,0.0,28.241923567513975,28.241923567513975,0.0,0
18.0,1.0,69.0,120.0,13361.9322654755,0.0,13361.9322654755,3620.13302138755,0.0,3620.13302138755,12346.3056788137,ra,2.0,0.0,2.0,153.39997944396345,0.0,153.39997944396345,129.78766678599496,0.0,129.78766678599496,-1.7763568394002505e-15,0.0,-1.7763568394002505e-15,1
18.0,2.0,73.0,121.0,21133.145613699402,10354.0731302489,10779.0724834505,3099.0639764515,1773.46409345857,1325.59988299293,27186.3293839123,ra,0.0,-0.0,0.0,0.0,0.0,0.0,149.38336706668753,28.241923567513975,121.14144349917355,169.59700746636798,39.809340680373026,129.78766678599496,0
18.0,2.0,81.0,122.0,17024.72901544851,8263.2955761644,8761.43343928411,10407.12701858784,5132.59342206241,5274.53359652543,76811.9776614867,ra,0.0,0.0,-0.0,0.0,0.0,0.0,126.54764636786886,39.809340680373026,86.73830568749584,194.42811759689883,73.28667409772528,121.14144349917355,0
18.0,0.0,84.0,123.0,7912.19781312535,7912.19781312535,0.0,1219.94777274037,1219.94777274037,0.0,91803.7907317536,ra,0.0,-0.0,0.0,0.0,0.0,0.0,73.28667409772528,73.28667409772528,0.0,81.2437815943334,81.2437815943334,0.0,0
18.0,1.0,85.0,124.0,8875.83878859374,0.0,8875.83878859374,1785.78492380043,0.0,1785.78492380043,91872.4611970398,ra,0.0,0.0,-0.0,0.0,0.0,0.0,75.09052634901002,0.0,75.09052634901002,86.73830568749584,0.0,86.73830568749584,0
18.0,2.0,92.0,125.0,47292.9371799686,22515.082655355,24777.8545246136,4754.45243720846,3104.7402940347,1649.71214317376,121334.732705969,ra,0.0,0.0,-0.0,0.0,0.0,0.0,145.57406288793297,81.2437815943334,64.33028129359957,176.58497216010608,101.49444581109607,75.09052634901002,0
18.0,2.0,11.0,126.0,53098.002767233804,24816.3642256391,28281.6385415947,1125.0783643968,1125.0783643968,0.0,126075.531741563,link,0.0,0.0,0.0,0.0,0.0,0.0,165.8247271646046,101.49444581109607,64.33028135350852,173.1630491906257,108.83276789702616,64.33028129359957,0
19.0,2.0,7.0,127.0,19888.0,9830.0,10058.0,1832.522339,0.0,1832.522339,0.0,link,0.0,0.0,0.0,0.0,0.0,0.0,11.699687370964085,11.699687370964085,0.0,23.652311834478326,11.699687396220828,11.952624438257498,0
19.0,2.0,0.0,128.0,19888.0,9830.0,10058.0,1790.981765,1790.981765,0.0,18219.577121931,link,0.0,0.0,0.0,0.0,0.0,0.0,11.699687396220828,11.699687396220828,0.0,23.381363509617575,23.381363509617575,0.0,0
20.0,2.0,0.0,129.0,19481.0003447438,9701.00019990513,9780.00014483867,1585.94680206363,0.0,1585.94680206363,0.0,link,0.0,0.0,0.0,0.0,0.0,0.0,0.0,0.0,0.0,10.344335837382701,0.0,10.344335837382701,0
20.0,0.0,78.0,130.0,10133.9989103389,10133.9989103389,0.0,2201.81082897895,2201.81082897895,0.0,22308.8999344534,ra,1.0,1.0,0.0,14.361308106745977,14.361308106745977,0.0,0.0,0.0,0.0,0.0,0.0,0.0,1
20.0,1.0,79.0,131.0,10094.128472639,0.0,10094.128472639,2214.67932713437,0.0,2214.67932713437,22364.4498639692,ra,1.0,0.0,1.0,40.65692247426831,0.0,40.65692247426831,26.211679605984806,0.0,26.211679605984806,0.0,0.0,0.0,1
20.0,2.0,8.0,132.0,21962.979690817003,10983.9900500203,10978.9896407967,1594.24397947735,1594.24397947735,0.0,37253.2284842051,link,0.0,0.0,0.0,0.0,0.0,0.0,26.211679605984806,0.0,26.211679605984806,36.61013377164824,10.39845416566344,26.211679605984806,0
21.0,2.0,8.0,133.0,21649.000000000102,11074.0,10575.0000000001,371.58433599978,0.0,371.58433599978,0.0,link,0.0,0.0,0.0,0.0,0.0,0.0,20.572922921032923,20.572922921032923,0.0,22.99658124203779,20.572922921032923,2.4236583210048694,0
21.0,2.0,87.0,134.0,23288.9999999286,11776.9999999694,11511.9999999592,6542.5877927048805,3329.21173105459,3213.37606165029,29246.6421925882,ra,2.0,2.0,0.0,141.9224659256137,42.28770186252805,99.63476406308564,99.24844603715574,20.572922921032923,78.67552311612282,0.0,0.0,0.0,1
21.0,2.0,10.0,135.0,23288.9999999998,11776.9999999999,11511.9999999999,380.138005999835,380.138005999835,0.0,32474.4736101551,link,0.0,0.0,0.0,0.0,0.0,0.0,78.67552311612282,0.0,78.67552311612282,81.15497273795037,2.4794496218275586,78.67552311612282,0
22.0,2.0,8.0,136.0,18089.34980232114,9293.63667702267,8795.71312529847,2541.60361777734,0.0,2541.60361777734,0.0,link,0.0,0.0,0.0,0.0,0.0,0.0,21.275228827376772,10.144706591434556,11.130522235942214,37.85283493218786,10.144706591434556,27.70812834075331,0
22.0,2.0,9.0,137.0,22551.7599214391,11229.4921808602,11322.2677405789,2598.64030591273,2598.64030591273,0.0,25496.1440920557,link,0.0,0.0,0.0,0.0,0.0,0.0,21.275228827376772,10.144706591434556,11.130522235942214,38.22485665218302,27.09433441624081,11.130522235942214,0
24.0,2.0,9.0,140.0,25786.108144857702,12922.6073175015,12863.5008273562,310.22506737586,0.0,310.22506737586,0.0,link,0.0,0.0,0.0,0.0,0.0,0.0,80.20357633966903,80.20357531692767,1.02274136197635e-06,82.22701891538149,80.20357531692767,2.0234435984538233,0
24.0,0.0,88.0,141.0,12911.6129537198,12911.6129537198,0.0,904.521486357201,904.521486357201,0.0,7001.12487688288,ra,1.0,1.0,0.0,68.43897129464334,68.43897129464334,0.0,80.20357531692767,80.20357531692767,0.0,17.664344006255476,17.664344006255476,0.0,1
24.0,1.0,91.0,142.0,12797.6950404071,0.0,12797.6950404071,2112.95769776524,0.0,2112.95769776524,10447.761196687,ra,1.0,0.0,1.0,57.567466462480475,0.0,57.567466462480475,43.78570380473384,0.0,43.78570380473384,1.02274136197635e-06,0.0,1.02274136197635e-06,1
24.0,0.0,97.0,143.0,9570.73893282761,9570.73893282761,0.0,2755.77301226508,2755.77301226508,0.0,30840.5691895132,ra,0.0,-0.0,0.0,0.0,0.0,0.0,17.664344006255476,17.664344006255476,0.0,35.638869538414596,35.638869538414596,0.0,0
24.0,1.0,98.0,144.0,9946.42620888775,0.0,9946.42620888775,2231.33572547577,0.0,2231.33572547577,30857.3340619152,ra,1.0,0.0,1.0,80.45000000013334,0.0,80.45000000013334,109.68181960768221,0.0,109.68181960768221,43.78570380473384,0.0,43.78570380473384,1
24.0,2.0,108.0,145.0,15887.70615160749,7870.70573058493,8017.00042102256,4501.986650504179,2168.3895853448,2333.59706515938,55766.1486133563,ra,0.0,0.0,-0.0,0.0,0.0,0.0,130.0998054966483,35.638869538414596,94.46093595823369,159.4640072168004,49.78218760911819,109.68181960768221,0
24.0,2.0,114.0,146.0,28294.0206982518,14163.5504368669,14130.4702613849,3453.81695206723,2111.30760238217,1342.50934968506,76000.7341358558,ra,0.0,0.0,-0.0,0.0,0.0,0.0,135.48660817862742,49.78218760911819,85.70442056950922,158.01412450297101,63.553188544737324,94.46093595823369,0
24.0,2.0,15.0,147.0,28738.6713502246,14383.3123439625,14355.3590062621,310.87767950128,310.87767950128,0.0,78175.474803374,link,0.0,0.0,0.0,0.0,0.0,0.0,149.25760911424655,63.553188544737324,85.70442056950922,151.28530835165037,65.58088778214115,85.70442056950922,0
25.0,2.0,9.0,148.0,18444.994544675952,9036.99752648209,9407.99701819386,3162.57397865205,0.0,3162.57397865205,0.0,link,0.0,0.0,0.0,0.0,0.0,0.0,62.44752886684489,10.429546879539036,52.01798198730585,83.0754132972533,10.429546879539036,72.64586641771427,0
25.0,2.0,10.0,149.0,19006.7279100321,9665.34291491844,9341.38499511366,3137.60809841466,3137.60809841466,0.0,35248.1726115327,link,0.0,0.0,0.0,0.0,0.0,0.0,62.447528925803056,10.429546879539036,52.01798204626402,82.91257320217333,30.89459121486748,52.01798198730585,0
26.0,2.0,10.0,150.0,39799.090315948604,19727.656489473,20071.4338264756,5432.50664953123,0.0,5432.50664953123,0.0,link,0.0,0.0,0.0,0.0,0.0,0.0,104.26051558450244,19.90921545732169,84.35130012718075,139.69403270334564,19.90921541881504,119.78481728453059,0
26.0,2.0,11.0,151.0,61239.0276416527,31319.7944712375,29919.2331704152,5527.09879983652,5527.09879983652,0.0,24120.7762535988,link,0.0,0.0,0.0,0.0,0.0,0.0,104.26051554599579,19.90921541881504,84.35130012718075,140.31100987374307,55.95970974656232,84.35130012718075,0
27.0,2.0,11.0,152.0,68446.95855219441,33632.3321209786,34814.6264312158,4475.01586176286,0.0,4475.01586176286,0.0,link,0.0,0.0,0.0,0.0,0.0,0.0,151.32997823155216,75.72664020514276,75.60333802640939,180.51826304126692,75.72664020514276,104.79162283612416,0
27.0,0.0,99.0,153.0,29715.9548515929,29715.9548515929,0.0,4959.0509597815,4959.0509597815,0.0,15398.2814879574,ra,0.0,-0.0,0.0,0.0,0.0,0.0,75.72664020514276,75.72664020514276,0.0,108.07204323603237,108.07204323603237,0.0,0
27.0,1.0,100.0,154.0,27462.2259431798,0.0,27462.2259431798,4427.60002896918,0.0,4427.60002896918,15788.2300471589,ra,0.0,0.0,-0.0,3.4636803812248085e-08,0.0,3.4636803812248085e-08,46.72432295357923,0.0,46.72432295357923,75.60333802640939,0.0,75.60333802640939,0
27.0,2.0,107.0,155.0,39803.000772140804,18775.2599855575,21027.7407865833,8521.51974910427,4077.761723511,4443.75802559327,32030.5850885025,ra,1.0,1.0,0.0,80.45000000012658,10.573643169780398,69.87635683034618,195.68831740371115,108.07204323603237,87.61627416767878,170.81991820673963,124.0955952531604,46.72432295357923,1
27.0,0.0,111.0,156.0,14923.34787731,14923.34787731,0.0,3332.68370370798,3332.68370370798,0.0,51994.455333056,ra,0.0,-0.0,0.0,0.0,0.0,0.0,124.0955952531604,124.0955952531604,0.0,145.8330201315168,145.8330201315168,0.0,0
27.0,1.0,110.0,157.0,16064.7865328213,0.0,16064.7865328213,3656.83050998601,0.0,3656.83050998601,52217.7859827402,ra,0.0,0.0,-0.0,0.0,0.0,0.0,63.76460215397471,0.0,63.76460215397471,87.61627416767878,0.0,87.61627416767878,0
27.0,2.0,113.0,158.0,28115.7326932638,13396.479626617,14719.2530666468,8182.361978154309,4151.77442489818,4030.58755325613,80453.8359529617,ra,1.0,0.0,1.0,69.37296459312017,5.987917947810428,63.38504664530975,246.69316716211017,145.8330201315168,100.86014703059338,230.68964731957698,166.92504516560226,63.76460215397471,1
27.0,0.0,115.0,159.0,16210.1141141057,16210.1141141057,0.0,2741.86480754644,2741.86480754644,0.0,99290.1862589441,ra,0.0,-0.0,0.0,0.0,0.0,0.0,166.92504516560226,166.92504516560226,0.0,184.80885460552514,184.80885460552514,0.0,0
27.0,2.0,116.0,160.0,34177.789667498,16266.7915147338,17910.9981527642,6377.1162856009105,1294.98984691301,5082.1264386879,107271.26953268,ra,0.0,0.0,-0.0,0.0,0.0,0.0,252.5208389225749,184.80885460552514,67.71198431704975,294.11557113330366,193.2554241027103,100.86014703059338,0
27.0,2.0,15.0,161.0,39893.9999998457,18725.9999999336,21167.9999999121,3972.00678523747,3972.00678523747,0.0,128894.513137464,link,0.0,0.0,0.0,0.0,0.0,0.0,260.96740841976003,193.2554241027103,67.71198431704975,286.87481721896813,219.1628329019184,67.71198431704975,0
28.0,2.0,11.0,162.0,61992.2787513973,31725.312247826,30266.9665035713,2390.70224064613,0.0,2390.70224064613,0.0,link,0.0,0.0,0.0,0.0,0.0,0.0,123.56722988308262,92.16823037838657,31.39899950469605,139.16058192929074,92.16823034478472,46.992351584506025,0
28.0,0.0,93.0,163.0,30439.2241679383,30439.2241679383,0.0,1072.78335284043,1072.78335284043,0.0,3445.55910715547,ra,0.0,-0.0,0.0,0.0,0.0,0.0,92.16823034478472,92.16823034478472,0.0,99.16545828969127,99.16545828969127,0.0,0
28.0,0.0,95.0,164.0,18498.9087746208,18498.9087746208,0.0,3967.26574657,3967.26574657,0.0,21968.3457181098,ra,2.0,2.0,0.0,125.04194367070492,125.04194367070492,0.0,99.16545828969127,99.16545828969127,0.0,0.0,0.0,0.0,1
28.0,1.0,96.0,165.0,17419.1863324911,0.0,17419.1863324911,4813.95264377551,0.0,4813.95264377551,22264.116411145,ra,0.0,0.0,-0.0,0.0,0.0,0.0,0.0,0.0,0.0,31.39899950469605,0.0,31.39899950469605,0
28.0,2.0,0.0,166.0,16044.98321671642,8425.39921826346,7619.58399845296,2682.96218463007,2682.96218463007,0.0,40879.2796779836,link,0.0,0.0,0.0,0.0,0.0,0.0,0.0,0.0,0.0,17.499617162882565,17.499617162882565,0.0,0
30.0,2.0,12.0,169.0,31173.0077127878,15334.6891591729,15838.3185536149,1373.0223382835,0.0,1373.0223382835,0.0,link,0.0,0.0,0.0,0.0,0.0,0.0,127.92481570477182,79.56975830465464,48.355057400117175,136.8803518570719,79.56975814202153,57.310593715050366,0
30.0,0.0,101.0,170.0,15342.1685357064,15342.1685357064,0.0,288.700229956651,288.700229956651,0.0,1882.30501330568,ra,0.0,-0.0,0.0,0.0,0.0,0.0,79.56975814202153,79.56975814202153,0.0,81.45280467172212,81.45280467172212,0.0,0
30.0,1.0,102.0,171.0,15008.3801891543,0.0,15008.3801891543,2426.9547057033,0.0,2426.9547057033,15325.3757236118,ra,0.0,0.0,-0.0,2.0216536335368017e-07,0.0,2.0216536335368017e-07,32.52524881687214,0.0,32.52524881687214,48.355057400117175,0.0,48.355057400117175,0
30.0,0.0,103.0,172.0,14615.1043928834,14615.1043928834,0.0,2123.5391790608,2123.5391790608,0.0,15632.2115214018,ra,0.0,-0.0,0.0,0.0,0.0,0.0,81.45280467172212,81.45280467172212,0.0,95.30358604942154,95.30358604942154,0.0,0
30.0,2.0,13.0,173.0,18934.3901725728,9143.1385769236,9791.2515956492,1268.11665537119,1268.11665537119,0.0,27311.5905726122,link,0.0,0.0,0.0,0.0,0.0,0.0,127.82883486629368,95.30358604942154,32.52524881687214,136.10012400857084,103.5748751916987,32.52524881687214,0
31.0,2.0,12.0,174.0,61211.2617744492,30941.9007084376,30269.3610660116,584.87883138558,0.0,584.87883138558,0.0,link,0.0,0.0,0.0,0.0,0.0,0.0,194.19999136469556,170.47299148394976,23.726999880745804,198.0148627387895,170.47299148394976,27.541871254839744,0
31.0,1.0,106.0,175.0,29780.0349085717,0.0,29780.0349085717,3637.7163502508,0.0,3637.7163502508,10173.7794302971,ra,0.0,0.0,-0.0,0.0,0.0,0.0,-1.7796155195598594e-08,0.0,-1.7796155195598594e-08,23.726999880745804,0.0,23.726999880745804,0
31.0,0.0,105.0,176.0,30402.9541425937,30402.9541425937,0.0,3119.85205801169,3119.85205801169,0.0,10175.4293545811,ra,0.0,-0.0,0.0,0.0,0.0,0.0,170.47299148394976,170.47299148394976,0.0,190.822222245681,190.822222245681,0.0,0
31.0,2.0,109.0,177.0,62402.9342497772,31525.7279110326,30877.2063387446,6816.57046321175,3762.41918739273,3054.15127581902,22337.1483709023,ra,4.0,0.0,4.0,265.51652755213746,215.36259622591834,50.15393132621914,221.0554556130168,190.822222245681,30.233233367335803,-1.7796155195598594e-08,0.0,-1.7796155195598594e-08,1
31.0,2.0,14.0,178.0,62766.261417807,31611.057809806,31155.203608001,595.148026243029,595.148026243029,0.0,24222.213413882,link,0.0,0.0,0.0,0.0,0.0,0.0,30.233233367335803,0.0,30.233233367335803,34.115085550777664,3.881852183441864,30.233233367335803,0
32.0,2.0,13.0,179.0,24034.0,12223.0,11811.0,4986.62400523132,0.0,4986.62400523132,0.0,link,0.0,0.0,0.0,0.0,0.0,0.0,103.57487578602826,103.5748751916987,5.943295582631947e-07,136.10012400857084,103.5748751916987,32.52524881687214,0
32.0,2.0,104.0,180.0,24034.0000000012,12223.0000000006,11811.0000000006,545.6198680000059,277.486546000003,268.133322000003,2270.21285318104,ra,2.0,2.0,0.0,152.31700987898205,95.47322968725445,56.84378019172762,158.669757065922,103.5748751916987,55.09488187422332,9.911550724676236,9.911550130346678,5.943295582631947e-07,1
32.0,2.0,16.0,181.0,35472.0,17897.0,17575.0,5106.43524839964,5106.43524839964,0.0,35413.5690178666,link,0.0,0.0,0.0,0.0,0.0,0.0,65.00643200457,9.911550130346678,55.09488187422332,98.31314889605834,43.21826702183502,55.09488187422332,0
33.0,2.0,14.0,182.0,25491.3919282071,13297.3329457903,12194.0589824168,2901.96451332052,0.0,2901.96451332052,0.0,link,0.0,0.0,0.0,0.0,0.0,0.0,10.344190442814165,10.344190442814165,0.0,29.27225028898311,10.344190738124409,18.9280595508587,0
33.0,2.0,0.0,183.0,27433.9391849649,13761.9854531938,13671.9537317711,3014.56661334824,3014.56661334824,0.0,22213.6117866395,link,0.0,0.0,0.0,0.0,0.0,0.0,10.344190738124409,10.344190738124409,0.0,30.006697501279785,30.006697501279785,0.0,0
34.0,2.0,14.0,184.0,40290.9817282687,40289.5340857765,1.44764249220084,4807.99244961434,0.0,4807.99244961434,0.0,link,0.0,0.0,0.0,0.0,0.0,0.0,13.592608962393527,13.592610516506607,-1.5541130796248016e-06,44.9527331088626,13.592610516506607,31.360122592355996,0
34.0,2.0,112.0,185.0,40084.6794214896,20069.2583308031,20015.4210906865,5879.593873458731,4738.49168603675,1141.10218742198,14615.9886216738,ra,1.0,1.0,0.0,26.23264024307222,0.0,26.23264024307222,32.38241175587052,13.592610516506607,18.78980123936391,44.499414473921235,44.49941602803431,-1.5541130796248016e-06,1
34.0,0.0,120.0,186.0,19233.9789959859,19233.9789959859,0.0,2388.18736449935,2388.18736449935,0.0,26934.1491638682,ra,1.0,1.0,0.0,60.07636483163233,60.07636483163233,0.0,44.49941602803431,44.49941602803431,0.0,0.0,0.0,0.0,1
34.0,2.0,20.0,187.0,42848.933143860995,20473.5804606555,22375.3526832055,2247.13462765847,2247.13462765847,0.0,38220.8594846279,link,0.0,0.0,0.0,0.0,0.0,0.0,18.789801202596227,0.0,18.789801202596227,33.446733760722545,14.656932521358634,18.78980123936391,0
35.0,2.0,0.0,188.0,13637.0,6766.0,6871.0,2412.0267595,0.0,2412.0267595,0.0,link,0.0,0.0,0.0,0.0,0.0,0.0,25.389417396197658,0.0,25.389417396197658,41.12185862747941,0.0,41.12185862747941,0
35.0,2.0,16.0,189.0,13637.0,6766.0,6871.0,2375.167087,2375.167087,0.0,35104.4629542217,link,0.0,0.0,0.0,0.0,0.0,0.0,25.389417341583787,0.0,25.389417341583787,40.881441457695914,15.492024061498258,25.389417396197658,0
36.0,2.0,15.0,190.0,63592.0,31158.0,32434.0,1263.515121,0.0,1263.515121,0.0,link,0.0,0.0,0.0,0.0,0.0,0.0,277.2793808918135,208.4239861649888,68.85539472682467,285.520656532477,208.4239861649888,77.0966703674882,0
36.0,0.0,121.0,191.0,31158.0,31158.0,0.0,1862.749872,1862.749872,0.0,5978.40628225615,ra,3.0,3.0,0.0,217.7649443244397,217.7649443244397,0.0,208.4239861649888,208.4239861649888,0.0,2.808825321266686,2.808825321266686,0.0,1
36.0,1.0,122.0,192.0,32434.0,0.0,32434.0,2232.999815,0.0,2232.999815,6884.76410576914,ra,0.0,0.0,-0.0,0.0,0.0,0.0,54.290655575445136,0.0,54.290655575445136,68.85539472682467,0.0,68.85539472682467,0
36.0,2.0,17.0,193.0,63592.0,31158.0,32434.0,1496.20716,1496.20716,0.0,10780.4149902554,link,0.0,0.0,0.0,0.0,0.0,0.0,57.099480896711825,2.808825321266686,54.290655575445136,66.858490042036,12.56783446659086,54.290655575445136,0
37.0,2.0,16.0,194.0,61280.6441162145,31014.1744637331,30266.4696524814,3075.32200703344,0.0,3075.32200703344,0.0,link,0.0,0.0,0.0,0.0,0.0,0.0,95.84742115267096,47.06609829280332,48.78132285986765,115.90620471808043,47.06609829280332,68.84010642527711,0
37.0,0.0,117.0,195.0,31188.9181978021,31188.9181978021,0.0,476.264669971773,476.264669971773,0.0,1531.60155183027,ra,0.0,-0.0,0.0,0.0,0.0,0.0,47.06609829280332,47.06609829280332,0.0,50.17253409874948,50.17253409874948,0.0,0
37.0,2.0,18.0,196.0,64809.525076994905,32882.2900340846,31927.2350429103,2677.02300367325,2677.02300367325,0.0,9891.28354449013,link,0.0,0.0,0.0,0.0,0.0,0.0,98.95385695861714,50.17253409874948,48.78132285986765,116.41473582186921,67.63341296200157,48.78132285986765,0
38.0,2.0,17.0,197.0,73980.9084088181,36437.7364219997,37543.1719868184,8581.89596317837,0.0,8581.89596317837,0.0,link,0.0,0.0,0.0,0.0,0.0,0.0,25.52763121681314,25.52763255880766,-1.3419945194122341e-06,81.5030358451925,25.52763255880766,55.97540328638483,0
38.0,1.0,118.0,198.0,38288.3848812199,0.0,38288.3848812199,3563.20063608103,0.0,3563.20063608103,5385.57294187173,ra,1.0,0.0,1.0,78.85702223899094,0.0,78.85702223899094,55.61604992148777,0.0,55.61604992148777,-1.3419945194122341e-06,0.0,-1.3419945194122341e-06,1
38.0,0.0,119.0,199.0,38355.5663129252,38355.5663129252,0.0,2619.00122524035,2619.00122524035,0.0,7097.78606046679,ra,1.0,1.0,0.0,42.61006452118459,42.61006452118459,0.0,25.52763255880766,25.52763255880766,0.0,6.017373932465377e-08,6.017373932465377e-08,0.0,1
38.0,1.0,123.0,200.0,41712.9401712972,0.0,41712.9401712972,2031.11145511135,0.0,2031.11145511135,14257.7141698898,ra,0.0,0.0,-0.0,0.0,0.0,0.0,42.368128397126085,0.0,42.368128397126085,55.61604992148777,0.0,55.61604992148777,0
38.0,0.0,124.0,201.0,40728.8663078391,40728.8663078391,0.0,2848.88985060576,2848.88985060576,0.0,14300.5054996462,ra,0.0,-0.0,0.0,6.017373932465377e-08,6.017373932465377e-08,0.0,6.017373932465377e-08,6.017373932465377e-08,0.0,18.58188013622581,18.58188013622581,0.0,0
38.0,2.0,22.0,202.0,105896.4428578996,51540.438437961,54356.0044199386,8230.02197998083,8230.02197998083,0.0,31585.4341675124,link,0.0,0.0,0.0,0.0,0.0,0.0,60.95000853335189,18.58188013622581,42.368128397126085,114.63031558979712,72.26218719267104,42.368128397126085,0
39.0,2.0,17.0,203.0,25562.2788538132,12328.3002896388,13233.9785641744,1988.33296352279,0.0,1988.33296352279,0.0,link,0.0,0.0,0.0,0.0,0.0,0.0,34.07356490926357,17.883706775305694,16.189858133957877,47.042464057958234,17.883706901375426,29.15875715658281,0
39.0,2.0,24.0,204.0,21529.4529436522,10591.5844792127,10937.8684644395,1897.36879079567,1897.36879079567,0.0,17071.729881247,link,0.0,0.0,0.0,0.0,0.0,0.0,34.0735650353333,17.883706901375426,16.189858133957877,46.44915055388643,30.259292419928556,16.189858133957877,0
40.0,2.0,18.0,205.0,25932.8384078479,12821.1458632264,13111.6925446215,1674.79594495223,0.0,1674.79594495223,0.0,link,0.0,0.0,0.0,0.0,0.0,0.0,43.42660297175164,31.37198918482825,12.054613786923392,54.350457209529466,31.371989172810437,22.978468036719025,0
40.0,2.0,26.0,206.0,22387.8945153677,11334.7070106569,11053.1875047108,1671.62669728314,1671.62669728314,0.0,13785.5992106443,link,0.0,0.0,0.0,0.0,0.0,0.0,43.42660295973383,31.371989172810437,12.054613786923392,54.329785820965704,42.27517203404231,12.054613786923392,0
41.0,2.0,18.0,207.0,65100.0643805413,32409.6776559215,32690.3867246198,8031.94834387227,0.0,8031.94834387227,0.0,link,0.0,0.0,0.0,0.0,0.0,0.0,62.846940477830636,62.84694073446696,-2.5663632738352875e-07,115.23531251490925,62.84694073446696,52.3883717804423,0
41.0,1.0,126.0,208.0,33015.8306660751,0.0,33015.8306660751,515.744798385718,0.0,515.744798385718,1570.62189366782,ra,1.0,0.0,1.0,53.64972406115597,0.0,53.64972406115597,50.28578013838907,0.0,50.28578013838907,-2.5663632738352875e-07,0.0,-2.5663632738352875e-07,1
41.0,0.0,125.0,209.0,32828.8089278736,32828.8089278736,0.0,517.979810454405,517.979810454405,0.0,1588.99980042748,ra,1.0,1.0,0.0,66.2254619974899,66.2254619974899,0.0,62.84694073446696,62.84694073446696,0.0,1.3389661022390618e-06,1.3389661022390618e-06,0.0,1
41.0,2.0,25.0,210.0,107717.843361102,52411.8634929897,55305.9798681123,8019.3953752296,8019.3953752296,0.0,19664.6825171201,link,0.0,0.0,0.0,0.0,0.0,0.0,50.28578147735517,1.3389661022390618e-06,50.28578013838907,102.59227679370967,52.3064966553206,50.28578013838907,0
42.0,2.0,0.0,211.0,64323.0,34358.0,29965.0,292.1437675,0.0,292.1437675,0.0,link,0.0,0.0,0.0,0.0,0.0,0.0,38.798953524379655,0.0,38.798953524379655,40.70446084649537,0.0,40.70446084649537,0
42.0,2.0,21.0,212.0,64323.0,34358.0,29965.0,334.973321,334.973321,0.0,974.993087217836,link,0.0,0.0,0.0,0.0,0.0,0.0,38.798953524379655,0.0,38.798953524379655,40.98381655035168,2.184863025972025,38.798953524379655,0
43.0,2.0,20.0,213.0,150198.49863614672,75767.4489434685,74431.0496926782,256.538715958994,0.0,256.538715958994,0.0,link,0.0,0.0,0.0,0.0,0.0,0.0,68.73222840745906,68.73222840745906,0.0,70.4055018298196,68.73222840745906,1.6732734223605392,0
43.0,2.0,127.0,214.0,143910.6207571261,71622.8655725805,72287.7551845456,14695.55070776022,7361.67405319568,7333.87665456454,10005.6920912667,ra,3.0,0.0,3.0,219.13566058490863,81.0076038365338,138.12805674837483,159.02508584780236,68.73222840745906,90.29285744034331,35.74113393164988,35.74113393164988,0.0,1
43.0,2.0,22.0,215.0,143835.3128743358,71573.2272359724,72262.0856383634,254.135111440735,254.135111440735,0.0,10360.6755425037,link,0.0,0.0,0.0,0.0,0.0,0.0,126.03399137199318,35.74113393164988,90.29285744034331,127.69158728718591,37.398729846842606,90.29285744034331,0
44.0,2.0,20.0,216.0,153959.0,74263.0,79696.0,3498.6544,0.0,3498.6544,0.0,link,0.0,0.0,0.0,0.0,0.0,0.0,76.625265925157,11.92809866326928,64.69716726188771,99.44523456406642,11.928098785299902,87.51713577876652,0
44.0,2.0,21.0,217.0,153959.0,74263.0,79696.0,3260.1457,3260.1457,0.0,4390.04714603225,link,0.0,0.0,0.0,0.0,0.0,0.0,76.62526604718761,11.928098785299902,64.69716726188771,97.88956189602534,33.19239463413763,64.69716726188771,0
45.0,2.0,20.0,218.0,62196.7600253059,32348.664026557,29848.0959987489,1778.43165752251,0.0,1778.43165752251,0.0,link,0.0,0.0,0.0,0.0,0.0,0.0,19.415960489695888,17.706495990748845,1.709464498947042,31.015778504011323,17.706495962423578,13.309282541587747,0
45.0,2.0,129.0,219.0,59803.760630072604,31496.7732925594,28306.9873375132,6019.40155695864,3144.57563370826,2874.82592325038,9849.37897275001,ra,1.0,0.0,1.0,66.56506832625303,35.61727909053707,30.947789235715952,31.612702003233156,17.706495962423578,13.906206040809579,4.3091714842022455,2.599706985255204,1.709464498947042,1
45.0,2.0,27.0,220.0,59265.8366310976,31619.7156039958,27646.1210271018,2008.7677610147,2008.7677610147,0.0,16227.5537304541,link,0.0,0.0,0.0,0.0,0.0,0.0,16.505913026064782,2.599706985255204,13.906206040809579,29.60809798725346,15.701891946443881,13.906206040809579,0
46.0,2.0,21.0,221.0,122056.3633115633,58092.1447118619,63964.2185997014,6279.26064472807,0.0,6279.26064472807,0.0,link,0.0,0.0,0.0,0.0,0.0,0.0,72.7993757981938,22.8184905260527,49.980885272141094,113.75584421773269,22.818490565522232,90.93735365221045,0
46.0,2.0,23.0,222.0,131872.7061463396,62497.919354533,69374.7867918066,5678.0443937591,5678.0443937591,0.0,9404.55520736285,link,0.0,0.0,0.0,0.0,0.0,0.0,72.79937603694151,22.818490565522232,49.98088547141928,109.83441268737214,59.85352741523104,49.980885272141094,0
47.0,2.0,22.0,223.0,38579.2955378498,18952.692150841,19626.6033870088,1763.21916642734,0.0,1763.21916642734,0.0,link,0.0,0.0,0.0,0.0,0.0,0.0,60.86647041756987,24.683498104994204,36.18297231257567,72.36706500794416,24.683498104994204,47.68356690294996,0
47.0,2.0,128.0,224.0,35162.6248298969,17399.4597199651,17763.1651099318,7435.63799543393,3663.38542984375,3772.25256559018,19815.1127809066,ra,1.0,0.0,1.0,61.66020939715427,48.57792437521233,13.082285021941935,49.34424326349259,24.683498104994204,24.660745158498386,36.18297231257567,0.0,36.18297231257567,1
47.0,2.0,28.0,225.0,35062.119983040204,16961.1414488018,18100.9785342384,1675.65153554322,1675.65153554322,0.0,29618.3313222541,link,0.0,0.0,0.0,0.0,0.0,0.0,24.660745180880202,0.0,24.660745180880202,35.59017999674818,10.929434838249792,24.660745158498386,0
48.0,2.0,24.0,226.0,16009.99993438885,7856.99996682075,8152.9999675681,2252.38793848172,0.0,2252.38793848172,0.0,link,0.0,0.0,0.0,0.0,0.0,0.0,18.13284927182507,18.13284927182507,0.0,32.824046505810344,18.13284927182507,14.691197233985278,0
48.0,2.0,0.0,227.0,10228.9496360124,5180.36917753558,5048.58045847682,2203.40390841478,2203.40390841478,0.0,34790.8303429051,link,0.0,0.0,0.0,0.0,0.0,0.0,18.13284927182507,18.13284927182507,0.0,32.50454823700236,32.50454823700236,0.0,0
50.0,2.0,23.0,230.0,167288.29083468,89420.7692084569,77867.5216262231,2077.52908786604,0.0,2077.52908786604,0.0,link,0.0,0.0,0.0,0.0,0.0,0.0,101.44817521192297,61.35078225233803,40.09739295958494,114.99885507531489,61.35078225233803,53.648072822976864,0
50.0,2.0,25.0,231.0,167733.1420677742,89424.5683491475,78308.5737186267,2379.09007339684,2379.09007339684,0.0,2660.51340881896,link,0.0,0.0,0.0,0.0,0.0,0.0,101.4481753572125,61.35078225233803,40.097393104874484,116.96578694680446,76.86839398721952,40.09739295958494,0
51.0,2.0,23.0,232.0,68004.42841151671,33685.4721908872,34318.9562206295,2606.49863917702,0.0,2606.49863917702,0.0,link,0.0,0.0,0.0,0.0,0.0,0.0,48.65451996837596,33.91266813777594,14.74185183060002,65.65540376110125,33.91266813777594,31.742735623325316,0
51.0,0.0,130.0,233.0,33100.9959033154,33100.9959033154,0.0,783.162954686691,783.162954686691,0.0,2344.99727996629,ra,1.0,1.0,0.0,35.18230464070878,35.18230464070878,0.0,33.91266813777594,33.91266813777594,0.0,3.8385427929519036,3.8385427929519036,0.0,1
51.0,2.0,27.0,234.0,64426.2356563276,31754.4889250316,32671.746731296,1762.79400434887,1762.79400434887,0.0,7784.58868214326,link,0.0,0.0,0.0,0.0,0.0,0.0,18.580394823094444,3.8385427929519036,14.741852030142542,30.07821609485356,15.336364264253541,14.74185183060002,0
53.0,2.0,24.0,237.0,26623.0,13216.0,13407.0,1301.2096815,0.0,1301.2096815,0.0,link,0.0,0.0,0.0,0.0,0.0,0.0,34.9163390131457,27.015629810504695,7.900709202641011,43.4034773728785,27.015629810504695,16.3878475623738,0
53.0,2.0,28.0,238.0,26623.0,13216.0,13407.0,1282.672272,1282.672272,0.0,9705.48649135397,link,0.0,0.0,0.0,0.0,0.0,0.0,34.9163390131457,27.015629810504695,7.900709202641011,43.28256714488498,35.38185794224397,7.900709202641011,0
54.0,2.0,25.0,239.0,63790.743083652196,33602.5555376766,30188.1875459756,914.669079332492,0.0,914.669079332492,0.0,link,0.0,0.0,0.0,0.0,0.0,0.0,44.757647430334245,44.757646321404756,1.1089294886801326e-06,50.72357498189149,44.7576460597633,5.965928922128184,0
54.0,2.0,131.0,240.0,33762.4415586177,17029.2127372484,16733.2288213693,7185.4180023402205,3714.28097177565,3471.13703056457,14118.0595783865,ra,2.0,2.0,0.0,124.77806759289521,67.62624594572847,57.151821647166734,79.26898288754043,44.7576460597633,34.51133682777712,1.357793501761904,1.3577923928324154,1.1089294886801326e-06,1
54.0,2.0,26.0,241.0,32484.7744574449,16371.3543459377,16113.4201115072,929.571492526024,929.571492526024,0.0,19751.6727385701,link,0.0,0.0,0.0,0.0,0.0,0.0,35.869129362217585,1.3577923928324154,34.51133696938517,41.93225800338726,7.420921175610137,34.51133682777712,0
55.0,2.0,26.0,242.0,35611.1999360093,17306.4999689679,18304.6999670414,3651.95402706089,0.0,3651.95402706089,0.0,link,0.0,0.0,0.0,0.0,0.0,0.0,26.950007577094972,26.950007577094972,0.0,50.769872491097416,26.950007367346323,23.81986512375109,0
55.0,2.0,132.0,243.0,34335.6700861098,16687.9002306099,17647.7698554999,3806.71617873812,1850.01487529755,1956.70130344057,10714.2329169781,ra,1.0,0.0,1.0,51.77930837884746,39.016726815647175,12.762581563200282,26.950007367346323,26.950007367346323,0.0,0.0,0.0,0.0,1
55.0,2.0,0.0,244.0,9015.00027880696,4116.00014201232,4899.00013679464,3382.27393180499,3382.27393180499,0.0,47911.3668726574,link,0.0,0.0,0.0,0.0,0.0,0.0,0.0,0.0,0.0,22.060877072982628,22.060877072982628,0.0,0
56.0,2.0,27.0,245.0,67553.5172847849,34432.267085203,33121.2501995819,2367.02370971695,0.0,2367.02370971695,0.0,link,0.0,0.0,0.0,0.0,0.0,0.0,17.8291070341038,17.8291070341038,0.0,33.2680159284623,17.8291070341038,15.438908894358498,0
56.0,1.0,134.0,246.0,28345.0537807391,0.0,28345.0537807391,1429.46120190489,0.0,1429.46120190489,14670.9425066938,ra,1.0,0.0,1.0,62.075272032765554,0.0,62.075272032765554,52.751613307408356,0.0,52.751613307408356,0.0,0.0,0.0,1
56.0,0.0,133.0,247.0,28758.648000424,28758.648000424,0.0,4635.2223561875,4635.2223561875,0.0,14715.488271793,ra,0.0,-0.0,0.0,0.0,0.0,0.0,17.8291070341038,17.8291070341038,0.0,48.06233818835262,48.06233818835262,0.0,0
56.0,2.0,135.0,248.0,47006.1040822862,24072.8864014428,22933.2176808434,5972.33806438385,1468.70673835056,4503.63132603329,20490.1826432686,ra,0.0,-0.0,0.0,0.0,0.0,0.0,71.43902235965972,48.06233818835262,23.3766841713071,110.39358911646602,57.64197580905766,52.751613307408356,0
56.0,2.0,29.0,249.0,45237.3265637856,23422.054813021,21815.2717507646,2510.31569035993,2510.31569035993,0.0,31051.5111500156,link,0.0,0.0,0.0,0.0,0.0,0.0,81.01865998036476,57.64197580905766,23.3766841713071,97.39219062158514,74.01550645027804,23.3766841713071,0
57.0,2.0,28.0,250.0,21608.0,10785.0,10823.0,664.304917,0.0,664.304917,0.0,link,0.0,0.0,0.0,0.0,0.0,0.0,18.082766305355783,18.082766305355783,0.0,22.415694213739016,18.082766305355783,4.332927908383232,0
57.0,2.0,0.0,251.0,21608.0,10785.0,10823.0,661.972515,661.972515,0.0,6137.90628624439,link,0.0,0.0,0.0,0.0,0.0,0.0,18.082766305355783,18.082766305355783,0.0,22.400481124898718,22.400481124898718,0.0,0
59.0,2.0,29.0,254.0,41763.642422810604,21836.3114479028,19927.3309749078,64.1922987606669,0.0,64.1922987606669,0.0,link,0.0,0.0,0.0,0.0,0.0,0.0,84.66953248592536,60.086554561468816,24.582977924456543,85.08822666639213,60.086554561468816,25.001672104923323,0
59.0,0.0,137.0,255.0,11226.9471972143,11226.9471972143,0.0,4281.44265472418,4281.44265472418,0.0,25939.71611319,ra,2.0,2.0,0.0,88.01225839424173,88.01225839424173,0.0,60.086554561468816,60.086554561468816,0.0,0.0,0.0,0.0,1
59.0,1.0,138.0,256.0,8142.41876965786,0.0,8142.41876965786,3768.95103150065,0.0,3768.95103150065,26235.4919576393,ra,0.0,0.0,-0.0,0.0,0.0,0.0,0.0,0.0,0.0,24.582977924456543,0.0,24.582977924456543,0
59.0,2.0,0.0,257.0,19030.16772086208,11064.8956674036,7965.27205345848,121.795390046012,121.795390046012,0.0,27032.7504548799,link,0.0,0.0,0.0,0.0,0.0,0.0,0.0,0.0,0.0,0.7944102642292903,0.7944102642292903,0.0,0
60.0,2.0,29.0,258.0,15204.99963875321,7325.99983936264,7878.99979939057,589.761879951074,0.0,589.761879951074,0.0,link,0.0,0.0,0.0,0.0,0.0,0.0,30.357540270718225,24.879100572398393,5.478439698319831,34.20426132237133,24.879100572398393,9.325160749972937,0
60.0,2.0,136.0,259.0,13825.298552554461,6712.48148642337,7112.81706613109,1621.703087201606,781.773481624616,839.92960557699,10738.6315701673,ra,1.0,1.0,0.0,29.97821703214488,29.97821703214488,0.0,24.879100572398393,24.879100572398393,0.0,5.478439698319831,0.0,5.478439698319831,1
60.0,2.0,0.0,260.0,9900.0011340695,4967.00050429217,4933.00062977733,588.144298822839,588.144298822839,0.0,22135.2935483001,link,0.0,0.0,0.0,0.0,0.0,0.0,0.0,0.0,0.0,3.836170380966737,3.836170380966737,0.0,0
