Time of calculation: 20220104-194850; value of objective: 7955359.492466083;  acc=2500;  cfix=7000;  cvar=17750;  eta=0.23070000000000002;  mu=0.18;  i=
segment_id,dir,type_ID,POI_ID,traffic_flow,traffic_flow_0,traffic_flow_1,energy_demand,energy_demand_0,energy_demand_1,dist_along_segment,pois_type,pYi_dir,pYi_dir_0,pYi_dir_1,pE_charged,pE_charged_0,pE_charged_1,pE_input,pE_input_0,pE_input_1,pE_output,pE_output_0,pE_output_1,pXi
0.0,2.0,0.0,0.0,26540.63611205301,13243.023903864512,13297.612208188497,4423.921231438179,0.0,4423.921231438179,0.0,link,0.0,0.0,0.0,0.0,0.0,0.0,0.0,0.0,0.0,381.19358759265634,0.0,381.19358759265634,0
0.0,2.0,1.0,1.0,26594.77697992819,13269.441574912722,13325.335405015468,810.0039769207759,31.774775427221,778.2292014935549,239.71582410116363,ra,8.0,0.0,8.0,760.0000000000001,0.0,760.0000000000001,692.9427524209658,0.0,692.9427524209658,2.737919598110867,2.737919598110867,0.0,1
0.0,2.0,0.0,2.0,45891.071384772644,24132.535484801192,21758.535899971448,10453.078391900737,5371.86342144895,5081.214970451788,24427.46216029796,ra,0.0,0.0,0.0,0.0,0.0,0.0,257.85041632839125,2.737919598110867,255.11249673028038,1158.5550729301865,465.61232050922075,692.9427524209658,0
0.0,1.0,2.0,3.0,5594.606273434111,0.0,5594.606273434111,2065.9854049899545,0.0,2065.9854049899545,68504.60131061138,ra,0.0,0.0,0.0,0.0,0.0,0.0,77.09386863048371,0.0,77.09386863048371,255.11249673028038,0.0,255.11249673028038,0
0.0,0.0,3.0,4.0,4553.083889317481,4553.083889317481,0.0,7187.448325138304,7187.448325138304,0.0,79329.13749040988,ra,0.0,0.0,0.0,0.0,0.0,0.0,465.61232050922075,465.61232050922075,0.0,1084.9292272448342,1084.9292272448342,0.0,0
0.0,2.0,4.0,5.0,7895.539602766943,4645.32330643337,3250.2162963335736,2342.9750495919843,1038.6617908113935,1304.3132587805906,104473.7124161702,ra,29.0,29.0,0.0,2636.2602764045087,1084.9292272448342,1551.3310491596744,2600.9661018379375,1084.9292272448342,1516.0368745931032,166.59166789534413,89.4977992648604,77.09386863048371,1
0.0,2.0,5.0,6.0,19815.36822147169,9562.72950758806,10252.63871388363,7959.026265117185,2076.9550358924675,5882.071229224718,133409.21035475997,ra,0.0,0.0,0.0,0.0,0.0,0.0,1098.6974773885336,89.4977992648604,1009.1996781236732,1784.49851611044,268.4616415173369,1516.0368745931032,0
0.0,2.0,6.0,7.0,38420.41317046725,19234.66349454688,19185.749675920368,10291.73164091456,4957.101208651553,5334.630432263007,173065.41379977632,ra,7.0,7.0,0.0,665.0,516.6336127050739,148.36638729492603,966.3615405258674,268.4616415173369,697.8998990085305,1188.1635203761496,178.9638422524765,1009.1996781236732,1
0.0,1.0,7.0,8.0,21229.45737990749,0.0,21229.45737990749,31.90719068892483,0.0,31.90719068892483,176940.22069628988,ra,0.0,0.0,0.0,0.0,0.0,0.0,695.1505696573928,0.0,695.1505696573928,697.8998990085305,0.0,697.8998990085305,0
0.0,2.0,0.0,9.0,50605.7308716768,25638.902393873523,24966.82847780328,5210.178551742356,5210.178551742356,0.0,194059.96494613093,link,0.0,0.0,0.0,0.0,0.0,0.0,874.1144119098693,178.9638422524765,695.1505696573928,1323.0570015796493,627.9064319222566,695.1505696573928,0
1.0,2.0,0.0,10.0,41635.269674683135,21021.62675530025,20613.64291938288,39.776186500955454,0.0,39.776186500955454,0.0,link,0.0,0.0,0.0,0.0,0.0,0.0,1058.4454095364672,694.8945988364388,363.5508107000284,1061.8727823217926,694.8945988364388,366.97818348535367,0
1.0,2.0,8.0,11.0,39859.943598360216,20128.71002741653,19731.23357094369,2276.328443367862,1715.7273142405495,560.6011291273123,8218.215919324155,ra,9.0,0.0,9.0,855.0,774.0495454634323,80.95045453656775,1091.090854910143,694.8945988364388,396.19625607370415,432.23399590917757,68.68318520914912,363.5508107000284,1
1.0,0.0,9.0,12.0,15021.9786197919,15021.9786197919,0.0,1426.8426564048834,1426.8426564048834,0.0,16747.064047816148,ra,0.0,0.0,0.0,0.0,0.0,0.0,68.68318520914912,68.68318520914912,0.0,191.6291516201277,191.6291516201277,0.0,0
1.0,2.0,10.0,13.0,29629.27020666332,14994.151703987822,14635.1185026755,191.32891529796464,24.711112058686385,166.61780323927826,16911.740762175257,ra,0.0,0.0,0.0,0.0,0.0,0.0,573.4685430819047,191.6291516201277,381.83939146177704,589.9546764954811,193.7584204217769,396.19625607370415,0
1.0,2.0,14.0,14.0,23126.81664543996,11846.335117703364,11280.481527736596,2715.588968665061,1386.7595429137232,1328.829425751338,27721.26496153286,ra,0.0,0.0,0.0,0.0,0.0,0.0,461.09729761102255,193.7584204217769,267.33887718924564,695.0899587000521,313.25056723827504,381.83939146177704,0
1.0,1.0,13.0,15.0,11337.261932088282,0.0,11337.261932088282,1420.2485369302626,0.0,1420.2485369302626,29194.630965596883,ra,0.0,0.0,0.0,0.0,0.0,0.0,144.96110264427102,0.0,144.96110264427102,267.33887718924564,0.0,267.33887718924564,0
1.0,0.0,12.0,16.0,11885.52653584708,11885.52653584708,0.0,208.50481099773148,208.50481099773148,0.0,29478.47368022978,ra,0.0,0.0,0.0,0.0,0.0,0.0,313.25056723827504,313.25056723827504,0.0,331.2166866098705,331.2166866098705,0.0,0
1.0,0.0,15.0,17.0,11960.17018283512,11960.17018283512,0.0,465.471180470787,465.471180470787,0.0,33381.72336961185,ra,0.0,0.0,0.0,0.0,0.0,0.0,331.2166866098705,331.2166866098705,0.0,371.32468580834757,371.32468580834757,0.0,0
1.0,2.0,16.0,18.0,23460.93532657191,11970.385389125157,11490.549937446756,1768.6682817168698,86.33017164884411,1682.3381100680258,34103.26049306036,ra,4.0,4.0,0.0,378.7634502272191,378.7634502272191,0.0,371.32468580834757,371.32468580834757,0.0,144.96110264427102,0.0,144.96110264427102,1
1.0,2.0,0.0,19.0,23472.95328481904,11974.880939958675,11498.072344860364,41.43137038083431,41.43137038083431,0.0,34449.34645750041,link,0.0,0.0,0.0,0.0,0.0,0.0,0.0,0.0,0.0,3.5699941043516406,3.5699941043516406,0.0,0
2.0,2.0,0.0,20.0,68929.16895257494,33758.81379308793,35170.35515948701,2037.3044909279515,0.0,2037.3044909279515,0.0,link,0.0,0.0,0.0,0.0,0.0,0.0,1415.435901144294,597.9113218051957,817.5245793390983,1590.9831966966128,597.9113218051957,993.0718748914171,0
2.0,1.0,11.0,21.0,34398.2821383792,0.0,34398.2821383792,0.1779942533838276,0.0,0.1779942533838276,2598.411645460739,ra,0.0,0.0,0.0,0.0,0.0,0.0,817.5092422061638,0.0,817.5092422061638,817.5245793390983,0.0,817.5245793390983,0
2.0,0.0,17.0,22.0,24285.97411997901,24285.97411997901,0.0,5629.753466227842,5629.753466227842,0.0,19826.030918871555,ra,0.0,0.0,0.0,0.0,0.0,0.0,597.9113218051957,597.9113218051957,0.0,1083.0071923652438,1083.0071923652438,0.0,0
2.0,1.0,18.0,23.0,24186.0911430872,0.0,24186.0911430872,4128.069297151063,0.0,4128.069297151063,19924.554475399083,ra,0.0,0.0,0.0,0.0,0.0,0.0,461.8081655166615,0.0,461.8081655166615,817.5092422061638,0.0,817.5092422061638,0
2.0,0.0,19.0,24.0,24395.8043620461,24395.8043620461,0.0,1107.9496170791724,1107.9496170791724,0.0,24376.283905318956,ra,0.0,0.0,0.0,0.0,0.0,0.0,1083.0071923652438,1083.0071923652438,0.0,1178.4752776478156,1178.4752776478156,0.0,0
2.0,0.0,20.0,25.0,18382.744960495544,18382.744960495544,0.0,3193.5958308596214,3193.5958308596214,0.0,38424.04808590371,ra,0.0,0.0,0.0,0.0,0.0,0.0,1178.4752776478156,1178.4752776478156,0.0,1453.6560931277895,1453.6560931277895,0.0,0
2.0,1.0,21.0,26.0,18491.613365488807,0.0,18491.613365488807,4453.992496188428,0.0,4453.992496188428,38987.68062551749,ra,0.0,0.0,0.0,0.0,0.0,0.0,78.02344379346611,0.0,78.02344379346611,461.8081655166615,0.0,461.8081655166615,0
2.0,2.0,22.0,27.0,37060.49951410931,18323.84940673533,18736.65010737398,9037.685965220891,4162.991831646682,4874.69413357421,60686.533174562566,ra,24.0,0.0,24.0,2137.416408236154,1717.3813199102385,420.0350883259155,1531.6795369212557,1453.6560931277895,78.02344379346611,173.00844452300908,94.98500072954296,78.02344379346611,1
2.0,2.0,23.0,28.0,37058.90292655935,18323.112740357166,18735.790186202183,905.6708621966342,0.1740732089699103,905.4967889876642,60687.52230976862,ra,1.0,1.0,0.0,95.0,95.0,0.0,94.98500072954296,94.98500072954296,0.0,78.02344379346611,0.0,78.02344379346611,1
2.0,2.0,0.0,29.0,23931.60016336258,12393.941571693274,11537.658591669302,2066.8759536088314,2066.8759536088314,0.0,74788.45855603463,link,0.0,0.0,0.0,0.0,0.0,0.0,0.0,0.0,0.0,178.09536351283768,178.09536351283768,0.0,0
3.0,2.0,0.0,30.0,27844.0,14880.0,12964.0,276.638796,0.0,276.638796,0.0,link,0.0,0.0,0.0,0.0,0.0,0.0,0.0,0.0,0.0,23.8369829835942,0.0,23.8369829835942,0
3.0,0.0,24.0,31.0,14880.0,14880.0,0.0,43.31568,43.31568,0.0,291.13911748382634,ra,0.0,-0.0,0.0,0.0,0.0,0.0,0.0,0.0,0.0,3.7323583749359996,3.7323583749359996,0.0,0
3.0,1.0,25.0,32.0,12963.999999999998,0.0,12963.999999999998,50.78647,0.0,50.78647,391.7896627176565,ra,3.0,0.0,3.0,265.9969416104868,0.0,265.9969416104868,261.6208517825553,0.0,261.6208517825553,0.0,0.0,0.0,1
3.0,2.0,1.0,33.0,27844.0,14880.000000000002,12964.0,332.50104000000005,332.50104000000005,0.0,2525.7146416492456,link,0.0,0.0,0.0,0.0,0.0,0.0,265.3532101574913,3.7323583749359996,261.6208517825553,294.0036443955993,32.382792613044,261.6208517825553,0
4.0,2.0,1.0,34.0,59761.3086274698,30037.341974575906,29723.966652893894,2541.480423000085,0.0,2541.480423000085,0.0,link,0.0,0.0,0.0,0.0,0.0,0.0,481.0596176561732,481.0596176561732,0.0,700.0499634505888,481.0596176561732,218.99034579441565,0
4.0,1.0,29.0,35.0,19741.19620746718,0.0,19741.19620746718,941.1307808897812,0.0,941.1307808897812,27421.918402146952,ra,14.0,0.0,14.0,1297.4755932291373,0.0,1297.4755932291373,1216.381694854137,0.0,1216.381694854137,0.0,0.0,0.0,1
4.0,0.0,28.0,36.0,20188.77400206591,20188.77400206591,0.0,6913.407817081132,6913.407817081132,0.0,27456.275537656256,ra,0.0,-0.0,0.0,0.0,0.0,0.0,481.0596176561732,481.0596176561732,0.0,1076.7634266563036,1076.7634266563036,0.0,0
4.0,2.0,31.0,37.0,24242.046721440067,16011.081415437498,8230.965306002568,10336.618270691582,5459.807289653861,4876.810981037721,57952.436449648114,ra,0.0,0.0,-0.0,0.0,0.0,0.0,1872.927631953403,1076.7634266563036,796.1642052970994,2763.5973333440356,1547.2156384898985,1216.381694854137,0
4.0,2.0,30.0,38.0,24222.436414627213,16010.688472387346,8211.747942239866,2097.1816748164333,3.698514594089785,2093.4831602223435,57975.56024030675,ra,10.0,10.0,0.0,862.6378603138685,466.1682814430462,396.4695788708223,2559.46141060668,1547.2156384898985,1012.2457721167814,1877.5302502167976,1081.3660449196982,796.1642052970994,1
4.0,2.0,35.0,39.0,21337.90578167672,10925.606078379402,10412.299703297318,4724.821457700606,2596.3850909026173,2128.436366797988,78476.45534742385,ra,0.0,0.0,-0.0,0.0,0.0,0.0,1910.212011258599,1081.3660449196982,828.8459663389008,2317.3331031524854,1305.087331035704,1012.2457721167814,0
4.0,0.0,40.0,40.0,10876.999998084551,10876.999998084551,0.0,1976.660743966538,1976.660743966538,0.0,96645.26673532616,ra,0.0,-0.0,0.0,0.0,0.0,0.0,1305.087331035704,1305.087331035704,0.0,1475.4091701976595,1475.4091701976595,0.0,0
4.0,1.0,41.0,41.0,10239.998724530997,0.0,10239.998724530997,1817.260584824645,0.0,1817.260584824645,99246.70723666706,ra,0.0,0.0,-0.0,0.0,0.0,0.0,672.2590730196373,0.0,672.2590730196373,828.8459663389008,0.0,828.8459663389008,0
4.0,2.0,42.0,42.0,15349.448623427987,7293.1561007636,8056.292522664386,2244.8438549829234,2242.944719983224,1.8991349996993472,124531.18468963404,ra,21.0,21.0,0.0,1946.5368250550705,1198.223542431263,748.3132826238074,2895.817884120109,1475.4091701976595,1420.4087139224491,1142.7112848532322,470.45221183359496,672.2590730196373,1
4.0,2.0,45.0,43.0,29499.999782114108,14928.999812810407,14570.9999693037,9965.395457829238,4949.374190304771,5016.021267524467,160563.71538932095,ra,0.0,-0.0,0.0,0.0,0.0,0.0,1458.6481800089612,470.45221183359496,988.1959681753663,2317.3309294562305,896.9222155337816,1420.4087139224491,0
4.0,2.0,49.0,44.0,29501.249670962527,14929.610924790286,14571.63874617224,7771.3951170941245,964.2534476850196,6807.141669409105,167022.61670697512,ra,0.0,0.0,-0.0,0.0,0.0,0.0,1298.5709514090915,896.9222155337816,401.6487358753099,1968.2044801964266,980.0085120210605,988.1959681753663,0
4.0,2.0,2.0,45.0,37135.97924873808,18661.98985536135,18473.98939337673,2580.116572311374,2580.116572311374,0.0,182066.4548482201,link,0.0,0.0,0.0,0.0,0.0,0.0,1381.6572478963703,980.0085120210605,401.6487358753099,1603.9767335186098,1202.3279976432998,401.6487358753099,0
5.0,2.0,1.0,46.0,68793.7826224039,33913.44536880647,34880.33725359744,3843.82209257494,0.0,3843.82209257494,0.0,link,0.0,0.0,0.0,0.0,0.0,0.0,511.30109834125386,175.6011357293695,335.69996261188436,842.5096024900078,175.6011357293695,666.9084667606382,0
5.0,1.0,26.0,47.0,36003.524001333615,0.0,36003.524001333615,3895.947466930393,0.0,3895.947466930393,10624.424038435742,ra,0.0,0.0,-0.0,0.0,0.0,0.0,0.0,0.0,0.0,335.69996261188436,0.0,335.69996261188436,0
5.0,0.0,27.0,48.0,32653.80091590929,32653.80091590929,0.0,4178.141771103933,4178.141771103933,0.0,12028.538687185455,ra,0.0,-0.0,0.0,0.0,0.0,0.0,175.6011357293695,175.6011357293695,0.0,535.6167797421081,535.6167797421081,0.0,0
5.0,2.0,32.0,49.0,33127.66797826424,16315.8916479239,16811.776330340337,9152.204545843142,5870.836452837575,3281.368093005566,39273.39357565199,ra,34.0,0.0,34.0,3154.762705565027,1041.4859154137143,2113.2767901513125,2366.1497301758614,535.6167797421081,1830.5329504337533,0.0,0.0,0.0,1
5.0,1.0,36.0,50.0,15728.354223345885,0.0,15728.354223345885,1275.7622080104995,0.0,1275.7622080104995,47330.36386477938,ra,0.0,0.0,-0.0,0.0,0.0,0.0,1720.605049925327,0.0,1720.605049925327,1830.5329504337533,0.0,1830.5329504337533,0
5.0,0.0,39.0,51.0,16181.036957810447,16181.036957810447,0.0,2402.71193975453,2402.71193975453,0.0,54808.46507060479,ra,0.0,-0.0,0.0,0.0,0.0,0.0,0.0,0.0,0.0,207.0331582212617,207.0331582212617,0.0,0
5.0,1.0,43.0,52.0,15425.054197747386,0.0,15425.054197747386,6550.9163885109065,0.0,6550.9163885109065,67696.58292643339,ra,3.0,0.0,3.0,280.77048744025205,0.0,280.77048744025205,1436.9063279207733,0.0,1436.9063279207733,1720.605049925327,0.0,1720.605049925327,1
5.0,0.0,44.0,53.0,16743.940970134765,16743.940970134765,0.0,2188.52376611744,2188.52376611744,0.0,67916.71774036821,ra,0.0,-0.0,0.0,0.0,0.0,0.0,207.0331582212617,207.0331582212617,0.0,395.6104818882318,395.6104818882318,0.0,0
5.0,1.0,50.0,54.0,23926.865751230227,0.0,23926.865751230227,3865.032082238866,0.0,3865.032082238866,86150.64463711552,ra,0.0,0.0,-0.0,0.0,0.0,0.0,1103.870234258142,0.0,1103.870234258142,1436.9063279207733,0.0,1436.9063279207733,0
5.0,0.0,51.0,55.0,23976.591723992253,23976.591723992253,0.0,3863.210440192499,3863.210440192499,0.0,86198.21188888987,ra,0.0,-0.0,0.0,0.0,0.0,0.0,395.6104818882318,395.6104818882318,0.0,728.4896111225568,728.4896111225568,0.0,0
5.0,2.0,4.0,56.0,48295.998738473485,24204.99925545633,24090.99948301716,3849.659028767285,3849.659028767285,0.0,102115.05106186114,link,0.0,0.0,0.0,0.0,0.0,0.0,1832.359845380699,728.4896111225568,1103.870234258142,2164.0712976000236,1060.2010633418815,1103.870234258142,0
6.0,2.0,0.0,57.0,17593.52882743976,9370.089853693322,8223.438973746437,3280.588971659345,0.0,3280.588971659345,0.0,link,0.0,0.0,0.0,0.0,0.0,0.0,0.0,0.0,0.0,282.67670559703635,0.0,282.67670559703635,0
6.0,0.0,34.0,58.0,9440.700126436834,9440.700126436834,0.0,115.62791616056612,115.62791616056612,0.0,1229.5619294335402,ra,0.0,-0.0,0.0,0.0,0.0,0.0,0.0,0.0,0.0,9.963247056453612,9.963247056453612,0.0,0
6.0,0.0,33.0,59.0,9685.754071387502,9685.754071387502,0.0,302.82244713524466,302.82244713524466,0.0,4398.318016945725,ra,0.0,-0.0,0.0,0.0,0.0,0.0,9.963247056453612,9.963247056453612,0.0,36.05638230641031,36.05638230641031,0.0,0
6.0,1.0,38.0,60.0,13533.136089729269,0.0,13533.136089729269,3267.2679643300085,0.0,3267.2679643300085,19100.037855584003,ra,3.0,0.0,3.0,281.5288816850434,0.0,281.5288816850434,0.0,0.0,0.0,0.0,0.0,0.0,1
6.0,0.0,37.0,61.0,14150.210375121094,14150.210375121094,0.0,1803.67381185194,1803.67381185194,0.0,19123.313502380493,ra,0.0,-0.0,0.0,0.0,0.0,0.0,36.05638230641031,36.05638230641031,0.0,191.4725516316599,191.4725516316599,0.0,0
6.0,2.0,48.0,62.0,30972.88424037613,15986.27621540026,14986.608024975872,5468.198643546355,3421.909443445684,2046.2892001006717,42213.94659999393,ra,15.0,15.0,0.0,1407.387005064865,486.3263405948503,921.0606644700147,936.21174005566,191.4725516316599,744.7391884240001,0.0,0.0,0.0,1
6.0,2.0,3.0,63.0,43852.38298306345,22912.25382809093,20940.12915497252,3553.9006048965416,3553.9006048965416,0.0,60876.22424217983,link,0.0,0.0,0.0,0.0,0.0,0.0,744.7391884240001,0.0,744.7391884240001,1050.9661872007878,306.2269987767876,744.7391884240001,0
7.0,2.0,0.0,64.0,11819.728833092571,5668.999528653672,6150.729304438899,2312.6327385691666,0.0,2312.6327385691666,0.0,link,0.0,0.0,0.0,0.0,0.0,0.0,0.0,0.0,0.0,199.27135323628312,0.0,199.27135323628312,0
7.0,2.0,46.0,65.0,16750.439961073742,8281.792263693602,8468.64769738014,443.91171562073237,439.3743632250341,4.537352395698317,6667.955447556553,ra,7.0,0.0,7.0,664.9999999999999,37.85932910011174,627.1406708998882,626.7497033515518,0.0,626.7497033515518,0.0,0.0,0.0,1
7.0,2.0,47.0,66.0,16803.00194301874,8309.644744099518,8493.35719891922,469.008092957891,4.438227533612364,464.56986542427865,6721.474926778252,ra,0.0,-0.0,0.0,0.0,0.0,0.0,586.7193672709641,0.0,586.7193672709641,627.1321296624154,0.38242631086363305,626.7497033515518,0
7.0,2.0,2.0,67.0,31479.264687684805,14962.675134733858,16516.589552950947,2176.386974618303,2176.386974618303,0.0,25294.541879356693,link,0.0,0.0,0.0,0.0,0.0,0.0,587.1017935818277,0.38242631086363305,586.7193672709641,774.633333010927,187.91396573996292,586.7193672709641,0
8.0,2.0,2.0,68.0,14782.369584642798,7482.847541600488,7299.522043042311,571.5351732524385,0.0,571.5351732524385,0.0,link,0.0,0.0,0.0,0.0,0.0,0.0,803.7394931540758,755.4052095732972,48.33428358077864,852.9866500833734,755.4052095732972,97.58144051007622,0
8.0,2.0,52.0,69.0,9208.206367128356,4168.183876582084,5040.022490546272,1091.488655298786,530.5477835235342,560.9408717752517,9055.824498122218,ra,9.0,0.0,9.0,801.1206286348886,801.1206286348886,0.0,755.4052095732972,755.4052095732972,0.0,48.33428358077864,0.0,48.33428358077864,1
8.0,2.0,0.0,70.0,9708.89067456805,5120.673657931851,4588.2170166362,557.603815055505,557.603815055505,0.0,21173.685305885127,link,0.0,0.0,0.0,0.0,0.0,0.0,0.0,0.0,0.0,48.04674124978942,48.04674124978942,0.0,0
9.0,2.0,2.0,71.0,31818.423136170015,16104.883545196824,15713.539590973189,3261.4825971182563,0.0,3261.4825971182563,0.0,link,0.0,0.0,0.0,0.0,0.0,0.0,768.1386360111537,396.60955215769076,371.5290838534629,1049.169013141614,396.60955215769076,652.5594609839231,0
9.0,2.0,55.0,72.0,36693.05587768159,18116.80864806472,18576.24722961687,5325.486521774037,2708.000893980142,2617.485627793895,15445.371783397328,ra,7.0,0.0,7.0,637.965657148311,629.9483757887859,8.017281359525107,550.6164728976574,396.60955215769076,154.00692073996672,371.5290838534629,0.0,371.5290838534629,1
9.0,2.0,7.0,73.0,31601.85426430268,15291.911788888328,16309.942475414353,3142.329967824336,3142.329967824336,0.0,33157.12684688381,link,0.0,0.0,0.0,0.0,0.0,0.0,154.00692073996672,0.0,154.00692073996672,424.770338796004,270.76341805603727,154.00692073996672,0
10.0,2.0,3.0,74.0,31606.669563938915,16070.547455207432,15536.122108731484,43.81406893215462,0.0,43.81406893215462,0.0,link,0.0,0.0,0.0,0.0,0.0,0.0,697.208738565698,669.7847391889565,27.42399937674162,700.9840413456371,669.7847391889565,31.199302156680673,0
10.0,2.0,53.0,75.0,20482.292071415013,10386.965680851748,10095.326390563265,3859.9783717818373,1960.6175793947991,1899.3607923870384,14793.406531478646,ra,17.0,17.0,0.0,1526.253293830462,838.7241958129994,687.5290980174627,1221.0766598339826,669.7847391889565,551.2919206450262,27.42399937674162,0.0,27.42399937674162,1
10.0,2.0,4.0,76.0,20473.61899569675,10382.534499411437,10091.084496285315,45.07964033000498,45.07964033000498,0.0,15227.535521101405,link,0.0,0.0,0.0,0.0,0.0,0.0,551.2919206450262,0.0,551.2919206450262,555.1762732195396,3.884352574513357,551.2919206450262,0
11.0,2.0,3.0,77.0,48420.054142922716,24599.82318293021,23820.230959992503,1269.8213138175106,0.0,1269.8213138175106,0.0,link,0.0,0.0,0.0,0.0,0.0,0.0,1342.208390189742,187.2633791281225,1154.9450110616194,1451.624384935733,187.2633791281225,1264.3610058076104,0
11.0,2.0,54.0,78.0,48814.99317229718,24295.434711773956,24519.55846052323,3388.4082292149897,1701.6312773650386,1686.7769518499513,6967.487148144968,ra,0.0,0.0,-0.0,0.0,0.0,0.0,1196.864808307011,187.2633791281225,1009.6014291788883,1488.8319165692526,333.88690550763323,1154.9450110616194,0
11.0,1.0,56.0,79.0,22284.926619444108,0.0,22284.926619444108,1685.094433220274,0.0,1685.094433220274,14053.388239050711,ra,0.0,0.0,-0.0,0.0,0.0,0.0,864.4028239535352,0.0,864.4028239535352,1009.6014291788883,0.0,1009.6014291788883,0
11.0,2.0,5.0,80.0,42919.8251598076,21285.35848456856,21634.466675239044,2910.8952617885475,2910.8952617885475,0.0,19878.69006465457,link,0.0,0.0,0.0,0.0,0.0,0.0,1198.2897294611685,333.88690550763323,864.4028239535352,1449.1112404913083,584.708416537773,864.4028239535352,0
12.0,2.0,4.0,81.0,53131.67233206281,26537.18348117461,26594.4888508882,1562.324430007989,0.0,1562.324430007989,0.0,link,0.0,0.0,0.0,0.0,0.0,0.0,2108.572619778908,928.2905791156188,1180.282040663289,2243.1925696609696,928.2905791156188,1314.9019905453508,0
12.0,0.0,58.0,82.0,22288.895823895957,22288.895823895957,0.0,3364.25769729557,3364.25769729557,0.0,13722.635716121396,ra,0.0,-0.0,0.0,0.0,0.0,0.0,928.2905791156188,928.2905791156188,0.0,1218.1767217767524,1218.1767217767524,0.0,0
12.0,1.0,57.0,83.0,22492.6689728353,0.0,22492.6689728353,3393.592303197099,0.0,3393.592303197099,13775.369179933106,ra,0.0,0.0,-0.0,0.0,0.0,0.0,887.8682391494715,0.0,887.8682391494715,1180.282040663289,0.0,1180.282040663289,0
12.0,2.0,5.0,84.0,44751.07719214048,22273.03927625819,22478.037915882287,1559.840879232986,1559.840879232986,0.0,20725.095833182608,link,0.0,0.0,0.0,0.0,0.0,0.0,2106.044960926224,1218.1767217767524,887.8682391494715,2240.450912054609,1352.5826729051375,887.8682391494715,0
13.0,2.0,4.0,85.0,25987.610544625633,13119.378445562592,12868.232099063043,1205.3834904693945,0.0,1205.3834904693945,0.0,link,0.0,0.0,0.0,0.0,0.0,0.0,1505.0103084718353,702.2042985885754,802.80600988326,1608.8739247341919,702.2042985885754,906.6696261456166,0
13.0,2.0,59.0,86.0,13974.00634747334,7033.004117758563,6941.002229714777,6883.850493770728,3777.525971618388,3106.32452215234,36309.89528647439,ra,7.0,7.0,0.0,576.5886715782087,576.5886715782087,0.0,1237.3493518500218,702.2042985885754,535.1450532614464,1253.9176396507842,451.1116297675241,802.80600988326,1
13.0,1.0,63.0,87.0,7362.494657393186,0.0,7362.494657393186,661.497609325267,0.0,661.497609325267,54986.89266391457,ra,0.0,0.0,-0.0,0.0,0.0,0.0,478.14615258240127,0.0,478.14615258240127,535.1450532614464,0.0,535.1450532614464,0
13.0,0.0,62.0,88.0,7963.314490087364,7963.314490087364,0.0,1395.6084792930023,1395.6084792930023,0.0,55258.29185590623,ra,0.0,-0.0,0.0,0.0,0.0,0.0,451.1116297675241,451.1116297675241,0.0,571.3662580181006,571.3662580181006,0.0,0
13.0,2.0,70.0,89.0,20915.585370117602,10623.723419117588,10291.861951000015,6679.2986941238505,3389.0040936651603,3290.29460045869,85720.88488710183,ra,0.0,-0.0,0.0,0.0,0.0,0.0,765.9994054248082,571.3662580181006,194.63314740670756,1341.5308623870962,863.3847098046949,478.14615258240127,0
13.0,1.0,71.0,90.0,10312.666692975632,0.0,10312.666692975632,1325.8702777004075,0.0,1325.8702777004075,92148.0377185692,ra,0.0,0.0,-0.0,0.0,0.0,0.0,80.38761241674928,0.0,80.38761241674928,194.63314740670756,0.0,194.63314740670756,0
13.0,0.0,75.0,91.0,10865.41330620228,10865.41330620228,0.0,2225.2267853650983,2225.2267853650983,0.0,106351.19825280692,ra,0.0,-0.0,0.0,0.0,0.0,0.0,863.3847098046949,863.3847098046949,0.0,1055.1246023445174,1055.1246023445174,0.0,0
13.0,2.0,80.0,92.0,21769.313571554885,10924.77173173255,10844.541839822334,5231.405901354321,1587.860206417783,3643.5456949365375,121274.1282993086,ra,18.0,18.0,0.0,1665.696430612975,1191.944879427805,473.75155118516994,1295.3123680009721,1055.1246023445174,240.18776565645481,80.38761241674928,0.0,80.38761241674928,1
13.0,2.0,8.0,93.0,20326.83796736937,10049.65492309056,10277.18304427881,1199.9706688262263,1199.9706688262263,0.0,132616.96921985535,link,0.0,0.0,0.0,0.0,0.0,0.0,240.18776565645481,0.0,240.18776565645481,343.5849782933364,103.39721263688159,240.18776565645481,0
14.0,2.0,5.0,94.0,94497.82264774677,47019.26687675304,47478.55577099372,936.3425207579636,0.0,936.3425207579636,0.0,link,0.0,0.0,0.0,0.0,0.0,0.0,3082.0356451158304,1673.86849122675,1408.1671538890807,3162.716956113596,1673.86849122675,1488.848464886846,0
14.0,0.0,61.0,95.0,46935.18990316021,46935.18990316021,0.0,2174.788745042169,2174.788745042169,0.0,4629.482620571615,ra,5.0,5.0,0.0,471.5631398671168,471.5631398671168,0.0,1673.86849122675,1673.86849122675,0.0,1389.6991770198722,1389.6991770198722,0.0,1
14.0,1.0,60.0,96.0,47664.75200387175,0.0,47664.75200387175,2204.32457448694,0.0,2204.32457448694,4633.73189838993,ra,0.0,0.0,-0.0,0.0,0.0,0.0,1218.2283306577808,0.0,1218.2283306577808,1408.1671538890807,0.0,1408.1671538890807,0
14.0,2.0,6.0,97.0,94641.69117202783,46900.62074452682,47741.07042750101,922.9194205020584,922.9194205020584,0.0,6596.600389256655,link,0.0,0.0,0.0,0.0,0.0,0.0,2607.927507677653,1389.6991770198722,1218.2283306577808,2687.4521977783725,1469.2238671205919,1218.2283306577808,0
15.0,2.0,6.0,98.0,75207.49134104664,44538.30191090561,30669.189430141025,1884.850151816533,0.0,1884.850151816533,0.0,link,0.0,0.0,0.0,0.0,0.0,0.0,2103.8732436686973,1542.4502031886527,561.4230404800447,2266.284090032689,1542.4502031886527,723.8338868440364,0
15.0,1.0,64.0,99.0,16721.32745245393,0.0,16721.32745245393,6515.564241999581,0.0,6515.564241999581,25738.743223846097,ra,0.0,0.0,-0.0,0.0,0.0,0.0,0.0,0.0,0.0,561.4230404800447,0.0,561.4230404800447,0
15.0,0.0,65.0,100.0,16271.068415411031,16271.068415411031,0.0,7891.47329091754,7891.47329091754,0.0,25740.902218562274,ra,24.0,24.0,0.0,2222.430441936834,2222.430441936834,0.0,1542.4502031886527,1542.4502031886527,0.0,0.0,0.0,0.0,1
15.0,2.0,0.0,101.0,10998.091984936455,5379.561945168664,5618.530039767791,1825.012570497084,1825.012570497084,0.0,48631.17855592899,link,0.0,0.0,0.0,0.0,0.0,0.0,0.0,0.0,0.0,157.25485440510846,157.25485440510846,0.0,0
16.0,2.0,6.0,102.0,79740.5667298025,40135.953102102525,39604.61362769997,2800.895581315986,0.0,2800.895581315986,0.0,link,0.0,0.0,0.0,0.0,0.0,0.0,2380.305466763052,1027.0139579719657,1353.2915087910862,2621.648695825737,1027.0139579719657,1594.6347378537712,0
16.0,1.0,66.0,103.0,29014.9759926702,0.0,29014.9759926702,4194.662066106028,0.0,4194.662066106028,12316.83855333374,ra,9.0,0.0,9.0,844.2641920675467,0.0,844.2641920675467,1836.1165616726112,0.0,1836.1165616726112,1353.2915087910862,0.0,1353.2915087910862,1
16.0,0.0,67.0,104.0,29278.008085254503,29278.008085254503,0.0,4585.787822607259,4585.787822607259,0.0,12575.946688510528,ra,0.0,-0.0,0.0,0.0,0.0,0.0,1027.0139579719657,1027.0139579719657,0.0,1422.1550150992632,1422.1550150992632,0.0,0
16.0,0.0,72.0,105.0,28145.02656728497,28145.02656728497,0.0,3642.99524799985,3642.99524799985,0.0,25449.08031583349,ra,0.0,-0.0,0.0,0.0,0.0,0.0,1422.1550150992632,1422.1550150992632,0.0,1736.05898298628,1736.05898298628,0.0,0
16.0,1.0,74.0,106.0,25731.855828829863,0.0,25731.855828829863,3150.32793358614,0.0,3150.32793358614,32933.75197391795,ra,0.0,0.0,-0.0,0.0,0.0,0.0,1564.6639872996577,0.0,1564.6639872996577,1836.1165616726112,0.0,1836.1165616726112,0
16.0,0.0,76.0,107.0,25418.722177742115,25418.722177742115,0.0,6370.068704760761,6370.068704760761,0.0,49497.46890143416,ra,0.0,-0.0,0.0,0.0,0.0,0.0,1736.05898298628,1736.05898298628,0.0,2284.945189531613,2284.945189531613,0.0,0
16.0,1.0,77.0,108.0,25469.36930201462,0.0,25469.36930201462,3629.483350372933,0.0,3629.483350372933,49565.51842080065,ra,0.0,0.0,-0.0,0.0,0.0,0.0,1251.924291663916,0.0,1251.924291663916,1564.6639872996577,0.0,1564.6639872996577,0
16.0,1.0,82.0,109.0,26935.54974771189,0.0,26935.54974771189,4731.076881969367,0.0,4731.076881969367,67595.96875209869,ra,0.0,0.0,-0.0,0.0,0.0,0.0,844.2641920675467,0.0,844.2641920675467,1251.924291663916,0.0,1251.924291663916,0
16.0,0.0,83.0,110.0,27462.47510980443,27462.47510980443,0.0,5057.102637456699,5057.102637456699,0.0,68666.07464325256,ra,2.0,2.0,0.0,131.8507275725426,131.8507275725426,0.0,2284.945189531613,2284.945189531613,0.0,2588.847043514351,2588.847043514351,0.0,1
16.0,1.0,86.0,111.0,27163.152752819547,0.0,27163.152752819547,4196.376907454115,0.0,4196.376907454115,81021.89267340553,ra,0.0,0.0,-0.0,0.0,0.0,0.0,482.67729109024714,0.0,482.67729109024714,844.2641920675467,0.0,844.2641920675467,0
16.0,0.0,89.0,112.0,29187.99844762554,29187.99844762554,0.0,6653.928103269676,6653.928103269676,0.0,92123.37906601596,ra,1.0,1.0,0.0,84.39846839872558,84.39846839872558,0.0,2588.847043514351,2588.847043514351,0.0,3077.7939383296066,3077.7939383296066,0.0,1
16.0,1.0,90.0,113.0,28376.998666581203,0.0,28376.998666581203,5601.684775109653,0.0,5601.684775109653,92203.5095301381,ra,0.0,0.0,-0.0,7.993605777301127e-15,0.0,7.993605777301127e-15,2.220446049250313e-14,0.0,2.220446049250313e-14,482.67729109024714,0.0,482.67729109024714,0
16.0,2.0,94.0,114.0,71124.20344709541,35553.82790120941,35570.375545886,8755.239718801102,4299.63877333859,4455.600945462512,106046.11656904333,ra,52.0,52.0,0.0,4914.346593198904,3448.2785477105476,1466.0680454883561,4159.938667730815,3077.7939383296066,1082.144729401208,2.220446049250313e-14,0.0,2.220446049250313e-14,1
16.0,2.0,12.0,115.0,71147.99996754559,35564.99998476318,35582.99998278241,2799.48715587504,2799.48715587504,0.0,113917.81076099534,link,0.0,0.0,0.0,0.0,0.0,0.0,1082.144729401208,0.0,1082.144729401208,1323.3665994435569,241.22187004234888,1082.144729401208,0
18.0,2.0,7.0,118.0,26949.99999999783,13587.999999998794,13361.999999999038,1262.350888686173,0.0,1262.350888686173,0.0,link,0.0,0.0,0.0,0.0,0.0,0.0,228.87025476139746,228.87025476139746,0.0,337.6425494938302,228.87025476139746,108.7722947324327,0
18.0,0.0,68.0,119.0,13587.918618998609,13587.918618998609,0.0,1673.7828719547792,1673.7828719547792,0.0,12318.138045343778,ra,0.0,-0.0,0.0,0.0,0.0,0.0,228.87025476139746,228.87025476139746,0.0,373.09418290854535,373.09418290854535,0.0,0
18.0,1.0,69.0,120.0,13361.93226547554,0.0,13361.93226547554,3620.13302138755,0.0,3620.13302138755,12346.305678813724,ra,4.0,0.0,4.0,311.9340109807392,0.0,311.9340109807392,0.0,0.0,0.0,0.0,0.0,0.0,1
18.0,2.0,73.0,121.0,21133.145613699366,10354.073130248858,10779.072483450507,3099.0639764514967,1773.464093458567,1325.5998829929297,27186.329383912336,ra,13.0,0.0,13.0,1219.2736760680236,381.6833598971904,837.5903161708331,1096.4622630414624,373.09418290854535,723.3680801329169,144.22392814714786,144.22392814714786,0.0,1
18.0,2.0,81.0,122.0,17024.72901544851,8263.2955761644,8761.433439284106,10407.127018587838,5132.593422062407,5274.533596525431,76811.9776614867,ra,0.0,0.0,-0.0,0.0,0.0,0.0,413.10417286173606,144.22392814714786,268.88024471458823,1309.849362752534,586.4812826196171,723.3680801329169,0
18.0,0.0,84.0,123.0,7912.197813125354,7912.197813125354,0.0,1219.9477727403696,1219.9477727403696,0.0,91803.7907317536,ra,0.0,-0.0,0.0,7.105427357601002e-15,7.105427357601002e-15,0.0,586.4812826196171,586.4812826196171,0.0,691.5998513820615,691.5998513820615,0.0,0
18.0,1.0,85.0,124.0,8875.838788593739,0.0,8875.838788593739,1785.784923800428,0.0,1785.784923800428,91872.46119703975,ra,0.0,0.0,-0.0,0.0,0.0,0.0,115.00549736718489,0.0,115.00549736718489,268.88024471458823,0.0,268.88024471458823,0
18.0,2.0,92.0,125.0,47292.93717996864,22515.08265535503,24777.854524613613,4754.452437208462,3104.7402940346988,1649.7121431737628,121334.73270596893,ra,16.0,0.0,16.0,1444.4409910899983,959.1243006909876,485.31669039901067,1149.7722002490823,691.5998513820615,458.1723488670207,115.00549736718489,0.0,115.00549736718489,1
18.0,2.0,11.0,126.0,53098.00276723388,24816.36422563914,28281.638541594737,1125.0783643967968,1125.0783643967968,0.0,126075.53174156268,link,0.0,0.0,0.0,0.0,0.0,0.0,458.1723488670207,0.0,458.1723488670207,555.116357498899,96.94400863187836,458.1723488670207,0
19.0,2.0,7.0,127.0,19888.0,9830.0,10058.0,1832.5223390000008,0.0,1832.5223390000008,0.0,link,0.0,0.0,0.0,0.0,0.0,0.0,154.5604817844324,154.5604817844324,0.0,312.462426281759,154.5604817844324,157.9019444973266,0
19.0,2.0,0.0,128.0,19888.0,9830.0,10058.0,1790.9817650000002,1790.9817650000002,0.0,18219.57712193098,link,0.0,0.0,0.0,0.0,0.0,0.0,154.5604817844324,154.5604817844324,0.0,308.88302248921667,308.88302248921667,0.0,0
20.0,2.0,0.0,129.0,19481.000344743796,9701.000199905127,9780.000144838668,1585.946802063634,0.0,1585.946802063634,0.0,link,0.0,0.0,0.0,0.0,0.0,0.0,0.0,0.0,0.0,136.65540582267602,0.0,136.65540582267602,0
20.0,0.0,78.0,130.0,10133.998910338903,10133.998910338903,0.0,2201.810828978947,2201.810828978947,0.0,22308.899934453435,ra,2.0,2.0,0.0,189.72222270467302,189.72222270467302,0.0,0.0,0.0,0.0,0.0,0.0,0.0,1
20.0,1.0,79.0,131.0,10094.12847263898,0.0,10094.12847263898,2214.6793271343668,0.0,2214.6793271343668,22364.44986396924,ra,5.0,0.0,5.0,434.419958678434,0.0,434.419958678434,243.58890317087696,0.0,243.58890317087696,0.0,0.0,0.0,1
20.0,2.0,8.0,132.0,21962.97969081701,10983.990050020308,10978.989640796704,1594.243979477348,1594.243979477348,0.0,37253.22848420508,link,0.0,0.0,0.0,0.0,0.0,0.0,243.58890317087696,0.0,243.58890317087696,380.95924731631294,137.37034414543595,243.58890317087696,0
21.0,2.0,8.0,133.0,21649.000000000102,11074.000000000044,10575.00000000006,371.5843359997804,0.0,371.5843359997804,0.0,link,0.0,0.0,0.0,0.0,0.0,0.0,281.17072742006565,281.17072742006565,0.0,313.1888305287739,281.17072742006565,32.01810310870828,0
21.0,2.0,87.0,134.0,23288.999999928543,11776.999999969368,11511.999999959173,6542.587792704876,3329.21173105459,3213.376061650286,29246.642192588224,ra,15.0,15.0,0.0,1361.597542244111,568.0370835833944,793.5604586607166,797.845978333396,281.17072742006565,516.6752509133304,0.0,0.0,0.0,1
21.0,2.0,10.0,135.0,23288.99999999982,11776.999999999924,11511.999999999898,380.1380059998352,380.1380059998352,0.0,32474.473610155062,link,0.0,0.0,0.0,0.0,0.0,0.0,516.6752509133304,0.0,516.6752509133304,549.4303934004149,32.7551424870845,516.6752509133304,0
22.0,2.0,8.0,136.0,18089.34980232114,9293.63667702267,8795.71312529847,2541.603617777336,0.0,2541.603617777336,0.0,link,0.0,0.0,0.0,0.0,0.0,0.0,437.2721825273679,82.0557036110131,355.2164789163548,656.2731435783978,82.0557036110131,574.2174399673847,0
22.0,2.0,9.0,137.0,22551.759921439094,11229.492180860212,11322.267740578884,2598.6403059127283,2598.6403059127283,0.0,25496.14409205573,link,0.0,0.0,0.0,0.0,0.0,0.0,437.2721825273679,82.0557036110131,355.2164789163548,661.1877925147817,305.9713135984269,355.2164789163548,0
24.0,2.0,9.0,140.0,25786.108144857673,12922.607317501452,12863.500827356223,310.22506737586025,0.0,310.22506737586025,0.0,link,0.0,0.0,0.0,0.0,0.0,0.0,928.5706156540133,554.2382736149887,374.33234203902464,955.3016084108019,554.2382736149887,401.0633347958133,0
24.0,0.0,88.0,141.0,12911.612953719838,12911.612953719838,0.0,904.5214863572012,904.5214863572012,0.0,7001.124876882881,ra,0.0,-0.0,0.0,0.0,0.0,0.0,554.2382736149887,554.2382736149887,0.0,632.1776790431121,632.1776790431121,0.0,0
24.0,1.0,91.0,142.0,12797.695040407143,0.0,12797.695040407143,2112.957697765236,0.0,2112.957697765236,10447.761196686972,ra,0.0,0.0,-0.0,0.0,0.0,0.0,192.26627822242133,0.0,192.26627822242133,374.33234203902464,0.0,374.33234203902464,0
24.0,0.0,97.0,143.0,9570.738932827611,9570.738932827611,0.0,2755.7730122650837,2755.7730122650837,0.0,30840.569189513222,ra,0.0,-0.0,0.0,0.0,0.0,0.0,632.1776790431121,632.1776790431121,0.0,869.6328565158008,869.6328565158008,0.0,0
24.0,1.0,98.0,144.0,9946.426208887748,0.0,9946.426208887748,2231.335725475766,0.0,2231.335725475766,30857.334061915197,ra,0.0,0.0,-0.0,0.0,0.0,0.0,0.0,0.0,0.0,192.26627822242133,0.0,192.26627822242133,0
24.0,2.0,108.0,145.0,15887.706151607494,7870.705730584929,8017.000421022563,4501.986650504175,2168.389585344796,2333.5970651593784,55766.14861335632,ra,21.0,21.0,0.0,1903.9140998171774,1056.475289301934,847.4388105152435,1515.993892195842,869.6328565158008,646.3610356800411,0.0,0.0,0.0,1
24.0,2.0,114.0,146.0,28294.020698251785,14163.55043686688,14130.470261384906,3453.816952067228,2111.307602382169,1342.5093496850593,76000.7341358558,ra,0.0,-0.0,0.0,0.0,0.0,0.0,530.6817709258709,0.0,530.6817709258709,828.2849166353242,181.92388095528307,646.3610356800411,0
24.0,2.0,15.0,147.0,28738.67135022459,14383.312343962509,14355.35900626208,310.87767950128045,310.87767950128045,0.0,78175.47480337396,link,0.0,0.0,0.0,0.0,0.0,0.0,712.6056518811539,181.92388095528307,530.6817709258709,739.392877908017,208.71110698214616,530.6817709258709,0
25.0,2.0,9.0,148.0,18444.994544675952,9036.997526482091,9407.99701819386,3162.573978652046,0.0,3162.573978652046,0.0,link,0.0,0.0,0.0,0.0,0.0,0.0,625.3220258493184,303.9383883282473,321.3836375210711,897.8297984521412,303.9383883282473,593.8914101238938,0
25.0,2.0,10.0,149.0,19006.727910032103,9665.34291491844,9341.384995113662,3137.608098414663,3137.608098414663,0.0,35248.172611532704,link,0.0,0.0,0.0,0.0,0.0,0.0,625.3220258493184,303.9383883282473,321.3836375210711,895.6785771809605,574.2949396598893,321.3836375210711,0
26.0,2.0,10.0,150.0,39799.09031594862,19727.656489472974,20071.433826475644,5432.50664953123,0.0,5432.50664953123,0.0,link,0.0,0.0,0.0,0.0,0.0,0.0,655.0191919009717,429.1709794693395,225.84821243163225,1123.119004492472,429.1709794693395,693.9480250231325,0
26.0,2.0,11.0,151.0,61239.02764165262,31319.794471237463,29919.23317041516,5527.098799836521,5527.098799836521,0.0,24120.7762535988,link,0.0,0.0,0.0,0.0,0.0,0.0,655.0191919009717,429.1709794693395,225.84821243163225,1131.2696742821454,905.4214618505131,225.84821243163225,0
27.0,2.0,11.0,152.0,68446.95855219441,33632.332120978645,34814.626431215765,4475.01586176286,0.0,4475.01586176286,0.0,link,0.0,0.0,0.0,0.0,0.0,0.0,434.8635320784358,434.8635320784358,0.0,820.4597625802322,434.8635320784358,385.5962305017964,0
27.0,0.0,99.0,153.0,29715.95485159294,29715.95485159294,0.0,4959.050959781504,4959.050959781504,0.0,15398.281487957354,ra,0.0,-0.0,0.0,0.0,0.0,0.0,434.8635320784358,434.8635320784358,0.0,862.1673486452135,862.1673486452135,0.0,0
27.0,1.0,100.0,154.0,27462.225943179787,0.0,27462.225943179787,4427.600028969178,0.0,4427.600028969178,15788.230047158857,ra,5.0,0.0,5.0,381.5105765161712,0.0,381.5105765161712,0.0,0.0,0.0,0.0,0.0,0.0,1
27.0,2.0,107.0,155.0,39803.00077214074,18775.259985557448,21027.74078658329,8521.51974910427,4077.7617235109983,4443.758025593273,32030.585088502547,ra,9.0,0.0,9.0,855.0,84.84047353855333,770.1595264614467,1249.4240213822786,862.1673486452135,387.2566727370653,1128.6931267583952,1128.6931267583952,0.0,1
27.0,0.0,111.0,156.0,14923.34787730996,14923.34787730996,0.0,3332.683703707982,3332.683703707982,0.0,51994.455333056,ra,0.0,-0.0,0.0,0.0,0.0,0.0,1128.6931267583952,1128.6931267583952,0.0,1415.858650479764,1415.858650479764,0.0,0
27.0,1.0,110.0,157.0,16064.78653282132,0.0,16064.78653282132,3656.830509986008,0.0,3656.830509986008,52217.78598274018,ra,0.0,0.0,-0.0,0.0,0.0,0.0,72.16056943988144,0.0,72.16056943988144,387.2566727370653,0.0,387.2566727370653,0
27.0,2.0,113.0,158.0,28115.732693263828,13396.479626617023,14719.253066646805,8182.361978154302,4151.774424898176,4030.5875532561263,80453.83595296173,ra,12.0,12.0,0.0,1074.3566197307543,699.7826731282495,374.57394660250486,1515.291745643884,1415.858650479764,99.43309516411999,1145.980210185663,1073.8196407457817,72.16056943988144,1
27.0,0.0,115.0,159.0,16210.1141141057,16210.1141141057,0.0,2741.8648075464444,2741.8648075464444,0.0,99290.1862589441,ra,0.0,-0.0,0.0,0.0,0.0,0.0,1073.8196407457817,1073.8196407457817,0.0,1310.076397591992,1310.076397591992,0.0,0
27.0,2.0,116.0,160.0,34177.78966749807,16266.79151473384,17910.998152764234,6377.116285600918,1294.989846913013,5082.126438687905,107271.26953267986,ra,26.0,26.0,0.0,2467.9167916736187,1421.6610754865296,1046.2557161870893,2017.8564152703216,1310.076397591992,707.7800176783297,99.43309516411999,0.0,99.43309516411999,1
27.0,2.0,15.0,161.0,39893.99999984566,18725.9999999336,21167.99999991206,3972.0067852374737,3972.0067852374737,0.0,128894.5131374644,link,0.0,0.0,0.0,0.0,0.0,0.0,707.7800176783297,0.0,707.7800176783297,1050.0337417381552,342.2537240598255,707.7800176783297,0
28.0,2.0,11.0,162.0,61992.2787513973,31725.31224782596,30266.96650357134,2390.702240646126,0.0,2390.702240646126,0.0,link,0.0,0.0,0.0,0.0,0.0,0.0,475.0759326906217,475.0759326906217,0.0,681.0742577741441,475.0759326906217,205.99832508352242,0
28.0,0.0,93.0,163.0,30439.224167938333,30439.224167938333,0.0,1072.7833528404256,1072.7833528404256,0.0,3445.559107155475,ra,6.0,6.0,0.0,567.5138658239786,567.5138658239786,0.0,475.0759326906217,475.0759326906217,0.0,0.0,0.0,0.0,1
28.0,0.0,95.0,164.0,18498.90877462081,18498.90877462081,0.0,3967.265746570001,3967.265746570001,0.0,21968.34571810977,ra,4.0,4.0,0.0,341.8452055885366,341.8452055885366,0.0,0.0,0.0,0.0,0.0,0.0,0.0,1
28.0,1.0,96.0,165.0,17419.186332491074,0.0,17419.186332491074,4813.95264377551,0.0,4813.95264377551,22264.116411144965,ra,5.0,0.0,5.0,414.80120978225034,0.0,414.80120978225034,0.0,0.0,0.0,0.0,0.0,0.0,1
28.0,2.0,0.0,166.0,16044.983216716417,8425.399218263456,7619.583998452962,2682.96218463007,2682.96218463007,0.0,40879.27967798362,link,0.0,0.0,0.0,0.0,0.0,0.0,0.0,0.0,0.0,231.18132693381767,231.18132693381767,0.0,0
30.0,2.0,12.0,169.0,31173.00771278776,15334.689159172884,15838.318553614876,1373.022338283504,0.0,1373.022338283504,0.0,link,0.0,0.0,0.0,0.0,0.0,0.0,1579.2570051449625,189.5119162598437,1389.7450888851188,1697.5654658055512,189.5119162598437,1508.0535495457075,0
30.0,0.0,101.0,170.0,15342.168535706442,15342.168535706442,0.0,288.7002299566512,288.7002299566512,0.0,1882.30501330568,ra,0.0,-0.0,0.0,0.0,0.0,0.0,189.5119162598437,189.5119162598437,0.0,214.388190189392,214.388190189392,0.0,0
30.0,1.0,102.0,171.0,15008.380189154295,0.0,15008.380189154295,2426.954705703304,0.0,2426.954705703304,15325.375723611753,ra,0.0,0.0,-0.0,0.0,0.0,0.0,1180.6230175838705,0.0,1180.6230175838705,1389.7450888851188,0.0,1389.7450888851188,0
30.0,0.0,103.0,172.0,14615.10439288337,14615.10439288337,0.0,2123.5391790607955,2123.5391790607955,0.0,15632.211521401772,ra,0.0,-0.0,0.0,0.0,0.0,0.0,214.388190189392,214.388190189392,0.0,397.3660226849751,397.3660226849751,0.0,0
30.0,2.0,13.0,173.0,18934.390172572806,9143.138576923604,9791.251595649202,1268.116655371192,1268.116655371192,0.0,27311.590572612236,link,0.0,0.0,0.0,0.0,0.0,0.0,1577.9890402688457,397.3660226849751,1180.6230175838705,1687.2581506480547,506.6351330641842,1180.6230175838705,0
31.0,2.0,12.0,174.0,61211.26177444921,30941.90070843765,30269.36106601156,584.8788313855799,0.0,584.8788313855799,0.0,link,0.0,0.0,0.0,0.0,0.0,0.0,1154.9139145237855,841.4648105157171,313.44910400806833,1205.3108471044293,841.4648105157171,363.8460365887123,0
31.0,1.0,106.0,175.0,29780.03490857172,0.0,29780.03490857172,3637.7163502508033,0.0,3637.7163502508033,10173.779430297054,ra,0.0,0.0,-0.0,0.0,0.0,0.0,-8.881784197001252e-16,0.0,-8.881784197001252e-16,313.44910400806833,0.0,313.44910400806833,0
31.0,0.0,105.0,176.0,30402.95414259374,30402.95414259374,0.0,3119.852058011688,3119.852058011688,0.0,10175.429354581129,ra,0.0,-0.0,0.0,0.0,0.0,0.0,841.4648105157171,841.4648105157171,0.0,1110.2913868797784,1110.2913868797784,0.0,0
31.0,2.0,109.0,177.0,62402.93424977723,31525.727911032645,30877.20633874459,6816.570463211742,3762.4191873927257,3054.1512758190165,22337.14837090233,ra,23.0,23.0,0.0,2097.051759988403,1434.4856916692945,662.5660683191085,1509.6920819985914,1110.2913868797784,399.400695118813,-8.881784197001252e-16,0.0,-8.881784197001252e-16,1
31.0,2.0,14.0,178.0,62766.261417807065,31611.05780980601,31155.20360800105,595.148026243029,595.148026243029,0.0,24222.213413881997,link,0.0,0.0,0.0,0.0,0.0,0.0,399.400695118813,0.0,399.400695118813,450.6824877646817,51.28179264586865,399.400695118813,0
32.0,2.0,13.0,179.0,24034.000000000007,12223.000000000004,11811.000000000004,4986.624005231322,0.0,4986.624005231322,0.0,link,0.0,0.0,0.0,0.0,0.0,0.0,1257.5784626324903,506.6351330641842,750.943329568306,1687.2581506480547,506.6351330641842,1180.6230175838705,0
32.0,2.0,104.0,180.0,24034.000000001273,12223.000000000631,11811.000000000642,545.6198680000062,277.4865460000031,268.13332200000315,2270.21285318104,ra,6.0,0.0,6.0,530.5451636557661,530.5451636557661,0.0,1234.4743661358557,506.6351330641842,727.8392330716715,750.943329568306,0.0,750.943329568306,1
32.0,2.0,16.0,181.0,35472.0,17897.0,17575.0,5106.43524839964,5106.43524839964,0.0,35413.56901786664,link,0.0,0.0,0.0,0.0,0.0,0.0,727.8392330716715,0.0,727.8392330716715,1167.8426305811367,440.0033975094651,727.8392330716715,0
33.0,2.0,14.0,182.0,25491.39192820705,13297.332945790267,12194.058982416784,2901.9645133205213,0.0,2901.9645133205213,0.0,link,0.0,0.0,0.0,0.0,0.0,0.0,136.65349120734498,136.65349120734498,0.0,386.7054713461521,136.65349120734498,250.05198013880707,0
33.0,2.0,0.0,183.0,27433.939184964896,13761.985453193762,13671.953731771133,3014.5666133482373,3014.5666133482373,0.0,22213.61178663945,link,0.0,0.0,0.0,0.0,0.0,0.0,136.65349120734498,136.65349120734498,0.0,396.4079945680852,396.4079945680852,0.0,0
34.0,2.0,14.0,184.0,40290.981728268656,40289.53408577645,1.4476424922008384,4807.99244961434,0.0,4807.99244961434,0.0,link,0.0,0.0,0.0,0.0,0.0,0.0,179.56722746858927,179.56722746858927,2.805503060853612e-15,593.8548684786608,179.56722746858927,414.2876410100715,0
34.0,2.0,112.0,185.0,40084.67942148965,20069.25833080312,20015.421090686526,5879.593873458729,4738.491686036754,1141.1021874219755,14615.98862167376,ra,10.0,0.0,10.0,929.2677781014909,587.8662344088909,341.4015436926,422.64404658380295,179.56722746858927,243.07681911521368,1.7016357776055616e-14,1.4210854715202004e-14,2.805503060853612e-15,1
34.0,0.0,120.0,186.0,19233.978995985926,19233.978995985926,0.0,2388.1873644993475,2388.1873644993475,0.0,26934.149163868184,ra,3.0,3.0,0.0,205.7816271337648,205.7816271337648,0.0,1.4210854715202004e-14,1.4210854715202004e-14,0.0,0.0,0.0,0.0,1
34.0,2.0,20.0,187.0,42848.93314386101,20473.58046065553,22375.352683205478,2247.134627658472,2247.134627658472,0.0,38220.85948462789,link,0.0,0.0,0.0,0.0,0.0,0.0,243.07681911521368,0.0,243.07681911521368,436.704432652616,193.6276135374023,243.07681911521368,0
35.0,2.0,0.0,188.0,13637.0,6766.0,6871.0,2412.026759499997,0.0,2412.026759499997,0.0,link,0.0,0.0,0.0,0.0,0.0,0.0,335.41072073809073,0.0,335.41072073809073,543.2465039092092,0.0,543.2465039092092,0
35.0,2.0,16.0,189.0,13637.0,6766.0,6871.0,2375.1670869999966,2375.1670869999966,0.0,35104.46295422166,link,0.0,0.0,0.0,0.0,0.0,0.0,335.41072073293515,0.0,335.41072073293515,540.0704367817216,204.65971604363085,335.41072073809073,0
36.0,2.0,15.0,190.0,63592.0,31158.0,32434.0,1263.5151210000006,0.0,1263.5151210000006,0.0,link,0.0,0.0,0.0,0.0,0.0,0.0,1295.7893554737525,358.5825052047069,937.2068502690455,1404.6619679716432,358.5825052047069,1046.0794627669363,0
36.0,0.0,121.0,191.0,31158.0,31158.0,0.0,1862.7498720000008,1862.7498720000008,0.0,5978.406282256154,ra,6.0,6.0,0.0,519.0890489129014,519.0890489129014,0.0,358.5825052047069,358.5825052047069,0.0,-1.4053175345828717e-14,-1.4053175345828717e-14,0.0,1
36.0,1.0,122.0,192.0,32434.0,0.0,32434.0,2232.9998150000006,0.0,2232.9998150000006,6884.764105769136,ra,0.0,0.0,-0.0,0.0,0.0,0.0,744.7971833598388,0.0,744.7971833598388,937.2068502690455,0.0,937.2068502690455,0
36.0,2.0,17.0,193.0,63592.0,31158.0,32434.0,1496.2071600000006,1496.2071600000006,0.0,10780.414990255447,link,0.0,0.0,0.0,0.0,0.0,0.0,744.7971833598388,-1.4053175345828717e-14,744.7971833598388,873.7200428016208,128.92285944178204,744.7971833598388,0
37.0,2.0,16.0,194.0,61280.64411621449,31014.17446373309,30266.469652481403,3075.322007033439,0.0,3075.322007033439,0.0,link,0.0,0.0,0.0,0.0,0.0,0.0,1135.2687638377074,490.83575176957163,644.4330120681359,1400.258343790654,490.83575176957163,909.4225920210823,0
37.0,0.0,117.0,195.0,31188.918197802075,31188.918197802075,0.0,476.2646699717726,476.2646699717726,0.0,1531.6015518302704,ra,0.0,-0.0,0.0,0.0,0.0,0.0,490.83575176957163,490.83575176957163,0.0,531.8737876414609,531.8737876414609,0.0,0
37.0,2.0,18.0,196.0,64809.52507699492,32882.29003408458,31927.235042910343,2677.0230036732487,2677.0230036732487,0.0,9891.283544490125,link,0.0,0.0,0.0,0.0,0.0,0.0,1176.3067997095968,531.8737876414609,644.4330120681359,1406.9763685044577,762.5433564363217,644.4330120681359,0
38.0,2.0,17.0,197.0,73980.90840881804,36437.73642199968,37543.17198681836,8581.895963178365,0.0,8581.895963178365,0.0,link,0.0,0.0,0.0,0.0,0.0,0.0,327.7125159394162,300.13022385485664,27.58229208455961,1067.1840253558266,300.13022385485664,767.0538015009699,0
38.0,1.0,118.0,198.0,38288.38488121995,0.0,38288.38488121995,3563.200636081027,0.0,3563.200636081027,5385.572941871728,ra,8.0,0.0,8.0,732.7701244167056,0.0,732.7701244167056,453.32406705242124,0.0,453.32406705242124,27.58229208455961,0.0,27.58229208455961,1
38.0,0.0,119.0,199.0,38355.566312925184,38355.566312925184,0.0,2619.00122524035,2619.00122524035,0.0,7097.786060466791,ra,1.0,1.0,0.0,53.99766836730265,53.99766836730265,0.0,300.13022385485664,300.13022385485664,0.0,471.80259361216525,471.80259361216525,0.0,1
38.0,1.0,123.0,200.0,41712.9401712972,0.0,41712.9401712972,2031.1114551113544,0.0,2031.1114551113544,14257.714169889843,ra,0.0,0.0,-0.0,0.0,0.0,0.0,278.31040341114146,0.0,278.31040341114146,453.32406705242124,0.0,453.32406705242124,0
38.0,0.0,124.0,201.0,40728.86630783911,40728.86630783911,0.0,2848.889850605756,2848.889850605756,0.0,14300.505499646226,ra,0.0,-0.0,0.0,0.0,0.0,0.0,471.80259361216525,471.80259361216525,0.0,717.2813184798937,717.2813184798937,0.0,0
38.0,2.0,22.0,202.0,105896.44285789959,51540.438437961006,54356.004419938574,8230.021979980831,8230.021979980831,0.0,31585.43416751235,link,0.0,0.0,0.0,0.0,0.0,0.0,995.5917218910351,717.2813184798937,278.31040341114146,1704.7434993279544,1426.433095916813,278.31040341114146,0
39.0,2.0,17.0,203.0,25562.278853813234,12328.30028963884,13233.978564174393,1988.332963522788,0.0,1988.332963522788,0.0,link,0.0,0.0,0.0,0.0,0.0,0.0,450.1339628332872,236.25540472304095,213.87855811024625,621.4615557180252,236.25540472304095,385.20615099498434,0
39.0,2.0,24.0,204.0,21529.452943652228,10591.584479212725,10937.868464439502,1897.3687907956744,1897.3687907956744,0.0,17071.72988124704,link,0.0,0.0,0.0,0.0,0.0,0.0,450.1339628332872,236.25540472304095,213.87855811024625,613.623495876943,399.7449377666968,213.87855811024625,0
40.0,2.0,18.0,205.0,25932.838407847834,12821.14586322636,13111.692544621475,1674.795944952231,0.0,1674.795944952231,0.0,link,0.0,0.0,0.0,0.0,0.0,0.0,573.6936759718618,414.4443858304429,159.2492901414189,718.0048970260514,414.44438583370334,303.56051119234803,0
40.0,2.0,26.0,206.0,22387.89451536771,11334.707010656924,11053.187504710784,1671.626697283136,1671.626697283136,0.0,13785.599210644326,link,0.0,0.0,0.0,0.0,0.0,0.0,573.6936759751222,414.44438583370334,159.2492901414189,717.7318142093403,558.4825240679214,159.2492901414189,0
41.0,2.0,18.0,207.0,65100.064380541284,32409.67765592153,32690.38672461976,8031.948343872269,0.0,8031.948343872269,0.0,link,0.0,0.0,0.0,0.0,0.0,0.0,699.3109450535256,699.3109450792344,-2.5708794611919166e-08,1391.3954204283782,699.3109450792344,692.0844753491438,0
41.0,1.0,126.0,208.0,33015.8306660751,0.0,33015.8306660751,515.7447983857179,0.0,515.7447983857179,1570.6218936678245,ra,8.0,0.0,8.0,738.2705796807376,0.0,738.2705796807376,693.8306812721659,0.0,693.8306812721659,-2.5708794611919166e-08,0.0,-2.5708794611919166e-08,1
41.0,0.0,125.0,209.0,32828.808927873586,32828.808927873586,0.0,517.979810454405,517.979810454405,0.0,1588.999800427482,ra,8.0,8.0,0.0,743.9434265177634,743.9434265177634,0.0,699.3109450792344,699.3109450792344,0.0,0.0,0.0,0.0,1
41.0,2.0,25.0,210.0,107717.84336110209,52411.86349298975,55305.979868112336,8019.395375229603,8019.395375229603,0.0,19664.682517120145,link,0.0,0.0,0.0,0.0,0.0,0.0,693.8306812721659,0.0,693.8306812721659,1384.8335119021187,691.0028306299529,693.8306812721659,0
42.0,2.0,0.0,211.0,64323.0,34358.0,29965.000000000004,292.1437675,0.0,292.1437675,0.0,link,0.0,0.0,0.0,0.0,0.0,0.0,512.5594164008309,0.0,512.5594164008309,537.7324077359312,0.0,537.7324077359312,0
42.0,2.0,21.0,212.0,64323.0,34358.0,29965.0,334.9733210000001,334.9733210000001,0.0,974.9930872178356,link,0.0,0.0,0.0,0.0,0.0,0.0,512.5594164008309,0.0,512.5594164008309,541.4228783161113,28.86346191528046,512.5594164008309,0
43.0,2.0,20.0,213.0,150198.49863614666,75767.44894346851,74431.04969267815,256.5387159589935,0.0,256.5387159589935,0.0,link,0.0,0.0,0.0,0.0,0.0,0.0,890.5629890783732,890.5629890783732,0.0,912.668019520118,890.5629890783732,22.105030441744816,0
43.0,2.0,127.0,214.0,143910.62075712613,71622.8655725805,72287.75518454562,14695.550707760216,7361.674053195678,7333.876654564538,10005.69209126666,ra,41.0,41.0,0.0,3839.882574442622,1524.8923082993558,2314.9902661432666,2573.619139159937,890.5629890783732,1683.0561500815638,1.1368683772161603e-13,1.1368683772161603e-13,0.0,1
43.0,2.0,22.0,215.0,143835.3128743358,71573.22723597237,72262.08563836341,254.1351114407348,254.1351114407348,0.0,10360.675542503666,link,0.0,0.0,0.0,0.0,0.0,0.0,1683.0561500815638,1.1368683772161603e-13,1683.0561500815638,1704.9540704547665,21.897920373202613,1683.0561500815638,0
44.0,2.0,20.0,216.0,153959.0,74263.0,79696.0,3498.654400000002,0.0,3498.654400000002,0.0,link,0.0,0.0,0.0,0.0,0.0,0.0,1012.2696124598913,157.5779446668226,854.6916677930687,1313.7362418847715,157.5779446668226,1156.158297217949,0
44.0,2.0,21.0,217.0,153959.0,74263.0,79696.0,3260.145700000001,3260.145700000001,0.0,4390.047146032249,link,0.0,0.0,0.0,0.0,0.0,0.0,1012.2696124598913,157.5779446668226,854.6916677930687,1293.1847939116565,438.4931261185877,854.6916677930687,0
45.0,2.0,20.0,218.0,62196.76002530598,32348.66402655705,29848.09599874893,1778.4316575225057,0.0,1778.4316575225057,0.0,link,0.0,0.0,0.0,0.0,0.0,0.0,233.9143308330167,233.9143308330167,0.0,387.1554733293468,233.9143308330167,153.2411424963301,0
45.0,2.0,129.0,219.0,59803.760630072626,31496.773292559403,28306.987337513223,6019.401556958648,3144.575633708264,2874.8259232503847,9849.378972750012,ra,8.0,8.0,0.0,758.6690754783566,349.8286447647375,408.8404307136191,395.04121737217764,233.9143308330167,161.12688653916095,155.0426051814207,155.0426051814207,0.0,1
45.0,2.0,27.0,220.0,59265.836631097605,31619.71560399585,27646.121027101755,2008.7677610146968,2008.7677610146968,0.0,16227.553730454052,link,0.0,0.0,0.0,0.0,0.0,0.0,316.1694917205816,155.0426051814207,161.12688653916095,489.25787856166653,328.13099202250555,161.12688653916095,0
46.0,2.0,21.0,221.0,122056.36331156333,58092.14471186193,63964.2185997014,6279.260644728073,0.0,6279.260644728073,0.0,link,0.0,0.0,0.0,0.0,0.0,0.0,961.7271061882502,301.447104204574,660.2800019836762,1502.7887045691796,301.447104204574,1201.3416003646055,0
46.0,2.0,23.0,222.0,131872.70614633957,62497.919354533005,69374.78679180656,5678.044393759095,5678.044393759095,0.0,9404.55520736285,link,0.0,0.0,0.0,0.0,0.0,0.0,961.7271061882502,301.447104204574,660.2800019836762,1450.9840345408736,790.7040325571974,660.2800019836762,0
47.0,2.0,22.0,223.0,38579.295537849815,18952.69215084102,19626.6033870088,1763.219166427337,0.0,1763.219166427337,0.0,link,0.0,0.0,0.0,0.0,0.0,0.0,914.9296405854204,276.91221976286675,638.0174208225537,1066.8599767284231,276.91221976286675,789.9477569655564,0
47.0,2.0,128.0,224.0,35162.62482989687,17399.45971996509,17763.16510993178,7435.637995433931,3663.3854298437486,3772.2525655901823,19815.112780906624,ra,7.0,7.0,0.0,605.3818151483378,592.5731372342266,12.808677914111177,602.6967064192335,276.91221976286675,325.7844866563667,638.0174208225537,-2.564249998285723e-14,638.0174208225537,1
47.0,2.0,28.0,225.0,35062.11998304022,16961.141448801816,18100.9785342384,1675.651535543216,1675.651535543216,0.0,29618.33132225415,link,0.0,0.0,0.0,0.0,0.0,0.0,325.78448665636665,-2.564249998285723e-14,325.78448665636665,470.16943091117446,144.38494425480772,325.7844866563667,0
48.0,2.0,24.0,226.0,16009.999934388854,7856.999966820751,8152.999967568103,2252.387938481718,0.0,2252.387938481718,0.0,link,0.0,0.0,0.0,0.0,0.0,0.0,239.54673503616948,239.54673503616948,0.0,433.62700771795744,239.54673503616948,194.08027268178796,0
48.0,2.0,0.0,227.0,10228.9496360124,5180.369177535584,5048.580458476815,2203.4039084147803,2203.4039084147803,0.0,34790.83034290512,link,0.0,0.0,0.0,0.0,0.0,0.0,239.54673503616948,239.54673503616948,0.0,429.4062277403962,429.4062277403962,0.0,0
50.0,2.0,23.0,230.0,167288.29083468003,89420.76920845687,77867.52162622314,2077.529087866036,0.0,2077.529087866036,0.0,link,0.0,0.0,0.0,0.0,0.0,0.0,1387.6565175182777,857.9438962043452,529.7126213139325,1566.669823791432,857.9438962043452,708.7259275870869,0
50.0,2.0,25.0,231.0,167733.1420677742,89424.56834914754,78308.57371862668,2379.090073396836,2379.090073396836,0.0,2660.513408818963,link,0.0,0.0,0.0,0.0,0.0,0.0,1387.6565175182777,857.9438962043452,529.7126213139325,1592.6542633731226,1062.9416420591901,529.7126213139325,0
51.0,2.0,23.0,232.0,68004.42841151668,33685.47219088722,34318.956220629465,2606.4986391770226,0.0,2606.4986391770226,0.0,link,0.0,0.0,0.0,0.0,0.0,0.0,690.2180081720534,448.00840239962633,242.20960577242707,914.8107428429901,448.00840239962633,466.8023404433637,0
51.0,0.0,130.0,233.0,33100.995903315394,33100.995903315394,0.0,783.1629546866914,783.1629546866914,0.0,2344.9972799662905,ra,6.0,6.0,0.0,515.4907738918208,515.4907738918208,0.0,448.00840239962633,448.00840239962633,0.0,8.466858503197727e-08,8.466858503197727e-08,0.0,1
51.0,2.0,27.0,234.0,64426.23565632764,31754.48892503164,32671.746731296,1762.794004348873,1762.794004348873,0.0,7784.588682143257,link,0.0,0.0,0.0,0.0,0.0,0.0,242.20960585709565,8.466858503197727e-08,242.20960577242707,394.1033072931226,151.89370152069554,242.20960577242707,0
53.0,2.0,24.0,237.0,26623.0,13216.0,13407.000000000002,1301.209681500001,0.0,1301.209681500001,0.0,link,0.0,0.0,0.0,0.0,0.0,0.0,461.26755286116327,356.89404456185906,104.3735082993042,573.388171821649,356.89404456185906,216.49412725979,0
53.0,2.0,28.0,238.0,26623.0,13216.0,13407.0,1282.6722719999998,1282.6722719999998,0.0,9705.486491353968,link,0.0,0.0,0.0,0.0,0.0,0.0,461.26755286116327,356.89404456185906,104.3735082993042,571.7908690528377,467.41736075353344,104.3735082993042,0
54.0,2.0,25.0,239.0,63790.74308365228,33602.55553767664,30188.187545975637,914.669079332492,0.0,914.669079332492,0.0,link,0.0,0.0,0.0,0.0,0.0,0.0,609.214957593894,609.214957593894,0.0,688.0287450847433,609.214957593894,78.8137874908492,0
54.0,2.0,131.0,240.0,33762.441558617626,17029.212737248363,16733.228821369263,7185.418002340216,3714.280971775646,3471.13703056457,14118.05957838652,ra,14.0,0.0,14.0,1282.5404233677948,527.5276556934048,755.01276767439,1065.1321698809936,609.214957593894,455.9172122870995,401.73370754094674,401.73370754094674,0.0,1
54.0,2.0,26.0,241.0,32484.774457444895,16371.354345937669,16113.420111507226,929.5714925260236,929.5714925260236,0.0,19751.672738570145,link,0.0,0.0,0.0,0.0,0.0,0.0,857.6509198280462,401.73370754094674,455.9172122870995,937.7487953602152,481.8315830731157,455.9172122870995,0
55.0,2.0,26.0,242.0,35611.19993600926,17306.49996896785,18304.699967041404,3651.9540270608895,0.0,3651.9540270608895,0.0,link,0.0,0.0,0.0,0.0,0.0,0.0,739.8235187875595,739.8235187875595,0.0,1054.4994328626003,739.8235187875595,314.6759140750408,0
55.0,2.0,132.0,243.0,34335.6700861098,16687.900230609903,17647.769855499897,3806.716178738113,1850.014875297545,1956.701303440568,10714.232916978135,ra,12.0,0.0,12.0,1067.8347380669882,899.2327330391416,168.6020050278465,739.8235187875595,739.8235187875595,0.0,0.0,0.0,0.0,1
55.0,2.0,0.0,244.0,9015.000278806967,4116.000142012323,4899.000136794644,3382.273931804988,3382.273931804988,0.0,47911.36687265736,link,0.0,0.0,0.0,0.0,0.0,0.0,0.0,0.0,0.0,291.4385376311779,291.4385376311779,0.0,0
56.0,2.0,27.0,245.0,67553.51728478492,34432.267085202984,33121.25019958193,2367.0237097169543,0.0,2367.0237097169543,0.0,link,0.0,0.0,0.0,0.0,0.0,0.0,280.64623136375354,280.64623136375354,0.0,484.604261495894,280.64623136375354,203.95803013214044,0
56.0,1.0,134.0,246.0,28345.05378073905,0.0,28345.05378073905,1429.461201904893,0.0,1429.461201904893,14670.942506693847,ra,2.0,0.0,2.0,123.17159718087787,0.0,123.17159718087787,0.0,0.0,0.0,0.0,0.0,0.0,1
56.0,0.0,133.0,247.0,28758.648000424007,28758.648000424007,0.0,4635.222356187495,4635.222356187495,0.0,14715.488271793003,ra,0.0,-0.0,0.0,0.0,0.0,0.0,280.64623136375354,280.64623136375354,0.0,680.0468867134987,680.0468867134987,0.0,0
56.0,2.0,135.0,248.0,47006.10408228616,24072.8864014428,22933.21768084336,5972.3380643838445,1468.7067383505575,4503.631326033287,20490.182643268578,ra,16.0,0.0,16.0,1503.483261307361,806.6001324482451,696.883128859116,988.8680920995338,680.0468867134987,308.8212053860351,0.0,0.0,0.0,1
56.0,2.0,29.0,249.0,45237.32656378552,23422.054813020965,21815.27175076456,2510.3156903599324,2510.3156903599324,0.0,31051.51115001564,link,0.0,0.0,0.0,0.0,0.0,0.0,308.8212053860351,0.0,308.8212053860351,525.1261968036497,216.3049914176146,308.8212053860351,0
57.0,2.0,28.0,250.0,21608.0,10785.0,10823.000000000002,664.3049169999997,0.0,664.3049169999997,0.0,link,0.0,0.0,0.0,0.0,0.0,0.0,238.88510646810494,238.88510646810494,0.0,296.12590288353954,238.88510646810494,57.240796415434616,0
57.0,2.0,0.0,251.0,21608.0,10785.000000000002,10823.0,661.972515,661.972515,0.0,6137.906286244384,link,0.0,0.0,0.0,0.0,0.0,0.0,238.88510646810494,238.88510646810494,0.0,295.9249280832267,295.9249280832267,0.0,0
59.0,2.0,29.0,254.0,41763.642422810655,21836.31144790283,19927.330974907825,64.19229876066692,0.0,64.19229876066692,0.0,link,0.0,0.0,0.0,0.0,0.0,0.0,548.3485477661147,223.59141715786583,324.75713060824893,553.8797702676608,223.59141715786583,330.28835310979497,0
59.0,0.0,137.0,255.0,11226.947197214342,11226.947197214342,0.0,4281.442654724177,4281.442654724177,0.0,25939.716113189967,ra,7.0,7.0,0.0,592.5081315940239,592.5081315940239,0.0,223.59141715786583,223.59141715786583,0.0,0.0,0.0,0.0,1
59.0,1.0,138.0,256.0,8142.41876965786,0.0,8142.41876965786,3768.951031500648,0.0,3768.951031500648,26235.491957639333,ra,0.0,0.0,-0.0,0.0,0.0,0.0,0.0,0.0,0.0,324.75713060824893,0.0,324.75713060824893,0
59.0,2.0,0.0,257.0,19030.167720862108,11064.89566740363,7965.272053458477,121.79539004601152,121.79539004601152,0.0,27032.750454879864,link,0.0,0.0,0.0,0.0,0.0,0.0,0.0,0.0,0.0,10.49467638663015,10.49467638663015,0.0,0
60.0,2.0,29.0,258.0,15204.999638753205,7325.999839362642,7878.999799390564,589.7618799510744,0.0,589.7618799510744,0.0,link,0.0,0.0,0.0,0.0,0.0,0.0,209.74591424915778,137.37216188668836,72.37375236246942,260.563601789868,137.37216188668836,123.19143990317967,0
60.0,2.0,136.0,259.0,13825.298552554461,6712.4814864233695,7112.817066131092,1621.7030872016057,781.773481624616,839.9296055769897,10738.631570167296,ra,3.0,3.0,0.0,204.73480750242175,204.73480750242175,0.0,137.37216188668836,137.37216188668836,0.0,72.37375236246942,0.0,72.37375236246942,1
60.0,2.0,0.0,260.0,9900.001134069504,4967.000504292169,4933.000629777334,588.1442988228391,588.1442988228391,0.0,22135.2935483001,link,0.0,0.0,0.0,0.0,0.0,0.0,0.0,0.0,0.0,50.67830631730323,50.67830631730323,0.0,0
